0.62076485
0.68214647
0.65363448
0.69444866
0.58658703
0.66497932
0.58013739
0.61697539
0.55505751
0.68726061
0.65849452
0.55095287
0.51708684
0.69752197
0.57894802
0.66088593
0.68635031
0.54561017
0.57435424
0.51494814
0.68233665
0.50273170
0.61465993
0.53722930
0.59095705
0.66148202
0.64071106
0.55786997
0.58074025
0.53912638
0.69825816
0.62924150
0.62086352
0.60488099
0.69033305
0.62633571
0.58429161
0.50320048
0.53047937
0.63880683
0.55294079
0.64533624
0.58539745
0.63017349
0.53045600
0.59612454
0.64666711
0.69536986
0.66926800
0.52436071
0.69530416
0.61281923
0.56148122
0.54772078
0.64852462
0.69087490
0.55646639
0.66750048
0.61432463
0.57902455
0.53516482
0.65627840
0.66702192
0.51398404
0.52209756
0.57117624
0.67556223
0.58036908
0.57751437
0.60933572
0.58980804
0.69527673
0.50128847
0.55932850
0.52968588
0.53892318
0.58457396
0.52394966
0.62556386
0.65987337
0.57257016
0.65032663
0.68296403
0.55840523
0.63210309
0.55679417
0.53633437
0.63869493
0.69162570
0.64624266
0.60981340
0.57346032
0.65740575
0.50615615
0.62616518
0.70028813
0.67548283
0.50999052
0.65500473
0.69183064
0.50792533
0.57616262
0.58140250
0.57843529
0.68091786
0.57553298
0.68063187
0.55233198
0.51618789
0.68913316
0.50583254
0.61759792
0.62254412
0.62514841
0.68075272
0.63334658
0.64345905
0.51964420
0.68989913
0.56955544
0.59984118
0.53296948
0.56453658
0.68881147
0.63276515
0.70262669
0.65084462
0.60940701
0.52209096
0.61943707
0.62255731
0.67852091
0.52332726
0.55644910
0.58138904
0.66737709
0.54095805
0.52615761
0.56705443
0.66819806
0.67573575
0.61739432
0.56939385
0.66882541
0.52027885
0.57945368
0.60976213
0.68033805
0.53153355
0.63125947
0.63992146
0.56686751
0.57382866
0.56253643
0.59368229
0.61298247
0.67753877
0.66726682
0.51519500
0.61889537
0.69249702
0.66662109
0.52048557
0.50298435
0.66006742
0.65113306
0.50131074
0.55070277
0.58861587
0.69384569
0.62099248
0.51376529
0.60831127
0.61960357
0.59809882
0.64929537
0.69908019
0.66677304
0.53116539
0.56216234
0.59332649
0.56476909
0.69877664
0.65874165
0.70139749
0.53817724
0.53052498
0.69154214
0.51552332
0.53846342
0.62050722
0.68098150
0.57744736
0.62394766
0.60154106
0.57998516
0.66956175
0.56587255
0.52967875
0.52941871
0.65227656
0.63722688
0.61115335
0.60116206
0.50532442
0.51549414
0.60484792
0.51968674
0.62748873
0.56377619
0.60638038
0.68735488
0.55906019
0.51140672
0.55024610
0.60712510
0.60144818
0.66191536
0.64412548
0.61440707
0.67367756
0.56000659
0.61292354
0.52432711
0.70218707
0.53005768
0.70497439
0.65781757
0.54957834
0.63688307
0.69719566
0.57967025
0.55211405
0.58225427
0.57413179
0.62685961
0.60226351
0.59925056
0.54149519
0.51357958
0.69049451
0.63482090
0.54874221
0.54058648
0.53472639
0.67672851
0.68923852
0.61301372
0.56927904
0.50552668
0.65901209
0.66343780
0.59836907
0.53978223
0.66048929
0.66371779
0.59148455
0.62906703
0.65968963
0.50705162
0.62352856
0.70435206
0.51477364
0.63219244
0.58536611
0.70198039
0.55381377
0.57438547
0.69866096
0.56479449
0.65300257
0.58849555
0.59915190
0.65590649
0.65801704
0.52081293
0.63667298
0.66450124
0.62865378
0.51224009
0.50239792
0.52034551
0.66636519
0.68838114
0.68699463
0.60453946
0.55527070
0.65619383
0.67588632
0.68151078
0.55142390
0.68376386
0.50893123
0.61865999
0.50916508
0.62853051
0.63503660
0.56636217
0.51909841
0.53703702
0.58604278
0.62908568
0.60716281
0.56749911
0.66565214
0.68646028
0.52741374
0.67790626
0.59731118
0.66437400
0.70028722
0.61455876
0.50813724
0.70493808
0.70431406
0.52159985
0.66497983
0.70302997
0.50010430
0.62630971
0.59897292
0.66583271
0.55783269
0.65123734
0.50409541
0.53568896
0.67668033
0.62780413
0.60503611
0.70268510
0.65755015
0.67644764
0.66077449
0.66435324
0.52636862
0.61878861
0.67310523
0.52511076
0.69647156
0.65968243
0.56683705
0.69762037
0.62431058
0.50124870
0.52991786
0.61148130
0.51652623
0.58626403
0.54059999
0.62699644
0.61208645
0.67464418
0.59850348
0.58984611
0.65856849
0.58173350
0.51107035
0.53867172
0.67959565
0.64012810
0.53796755
0.67736499
0.60919141
0.51245069
0.58613103
0.69474801
0.65933990
0.54942687
0.65165607
0.62623044
0.66019895
0.60772921
0.55822620
0.59244170
0.67150540
0.52161283
0.54806434
0.54727690
0.53794248
0.58122820
0.68399412
0.59506815
0.51695800
0.67190966
0.55564314
0.55337085
0.57459169
0.66680771
0.58140441
0.64669456
0.55885672
0.53406850
0.65128494
0.53587223
0.62996737
0.59115216
0.66967252
0.52555579
0.60209464
0.64076755
0.57205650
0.64717402
0.62875388
0.54968295
0.64423319
0.52750652
0.64314384
0.58568557
0.63105741
0.55435570
0.50808157
0.64478614
0.60275459
0.65214263
0.65008040
0.63250558
0.55554067
0.64049388
0.66205306
0.66354685
0.66009391
0.58022228
0.53387717
0.66566810
0.55932736
0.69377636
0.64044545
0.52969533
0.58735241
0.50523708
0.54560996
0.52286762
0.69079689
0.55968523
0.63165000
0.52705810
0.68925649
0.66333524
0.54507669
0.66808130
0.62410089
0.65646757
0.57763141
0.57367739
0.64835868
0.67022628
0.69978431
0.57214498
0.63968101
0.62557014
0.63017013
0.63152924
0.53530494
0.62308766
0.69131793
0.66604480
0.52072461
0.65041886
0.58484371
0.53518975
0.58266260
0.69530235
0.67911720
0.55228362
0.67406799
0.65917786
0.60700778
0.69254672
0.65432214
0.69904921
0.67703771
0.53141825
0.56193934
0.58079372
0.67865712
0.65054142
0.60195993
0.62065690
0.68803685
0.67074426
0.62414933
0.53681415
0.68826446
0.64498499
0.62577918
0.56287510
0.58812066
0.57919239
0.55466997
0.56785096
0.54727469
0.56943434
0.63895097
0.69885353
0.63456887
0.56421665
0.57587538
0.55336323
0.61422737
0.68054084
0.67486334
0.66559039
0.67409638
0.68681424
0.67850461
0.75919406
0.76266147
0.63658115
0.50110751
0.52014644
0.55286938
0.74642512
0.73549908
0.72256099
0.77827652
0.62414452
0.72154370
0.63311394
0.72506733
0.50453606
0.75781749
0.50889724
0.50802974
0.57988313
0.74572324
0.70457661
0.69502358
0.64160120
0.65849024
0.70551912
0.72208460
0.76578626
0.76671739
0.70923389
0.58801271
0.76525770
0.67563052
0.74962402
0.61382628
0.68831227
0.61073101
0.52972025
0.71395421
0.60499325
0.70283508
0.68455370
0.78680535
0.73713283
0.72681100
0.65147633
