-7.17897962
-15.78359965
5.49046023
-0.13746145
-4.51363784
9.73730475
-5.39775893
5.33543856
1.20314396
8.93883956
9.87768000
0.67690473
6.79063842
6.27044556
1.76919087
-12.50010621
-1.90862422
-8.26235883
-12.04022359
-1.54987789
-2.83245521
-15.05129423
5.05258935
8.95753045
1.37255068
10.76873031
-13.45756154
-2.46500913
-6.44751237
4.56097298
-1.39580297
-3.84878228
2.12317735
9.94183965
-1.86074213
-6.72599572
-7.72602683
0.49023401
-14.95147072
7.55589795
-6.96324742
-5.54912336
2.63950193
4.76053797
-3.20534942
10.47150573
-8.78199362
5.48992974
-8.00938136
8.20325041
-1.43431153
0.62654156
8.26940615
-11.73124606
6.46234756
-1.80251462
8.04088326
-5.65147502
-4.98625452
-3.94624149
-4.55616183
4.65307216
-6.36332304
1.45992196
0.02607702
1.29247648
-12.46030023
-10.40077504
8.44768785
-5.07006728
-6.56508741
10.35718814
-4.73094310
-1.28392967
-11.72187206
-10.59021435
-7.15997509
1.80239265
-3.67965145
9.70098588
-4.15553817
-1.52503900
8.25563871
4.97092369
-8.12637654
3.57325242
6.47804720
-0.55900056
8.69918810
-4.40108208
10.68044133
-7.80518721
-3.51443440
1.81201689
6.44595673
8.66218193
-9.92161877
-0.13522625
1.03526480
-3.70438193
-1.48699896
-4.06421052
-2.74002497
5.76858734
4.82204326
-15.75376764
-12.29448735
-9.30031188
-8.97783263
-7.63786080
4.27636388
-0.73341881
-1.19490692
-7.89908596
-6.45622375
8.36787696
2.00084246
-0.45271187
-10.28041011
-2.30261294
-2.53389668
8.53587421
-4.56922938
-2.34212827
-5.36862098
1.64217648
-14.85910061
9.40294041
-9.76177337
-12.13667458
-7.25909351
0.62057264
-12.18014144
1.48110651
-8.62120728
-1.81162096
0.68455030
-2.76409621
-3.90420926
-10.51528624
1.80163758
-15.34958474
3.33275489
-9.28165536
0.21460250
5.55212040
7.46373102
-7.67759103
-6.47029322
-4.90251242
-12.86184643
2.80507909
-2.09714098
2.50542280
6.32564311
0.13248186
1.40479604
5.88403367
1.43183529
-1.19297085
-1.58656752
-8.40785404
-12.05863084
6.06312271
1.60457013
-6.71861443
2.18043682
9.40473515
-4.56137084
-8.60157643
-13.29386745
-6.88390505
-1.21682234
-10.06587876
-6.67789680
9.66878892
-12.88977991
-0.85763653
-6.00766863
7.84456507
1.61701717
9.81899170
-0.39800125
-7.48334348
-9.13013024
-2.55313644
-5.64434349
-8.24351839
2.84635431
10.88823659
0.70480166
7.54751281
-9.86353163
-6.65333282
-1.75332762
9.04295209
1.14076163
-3.97281511
9.19480828
-13.57440305
9.41383278
-7.74747082
-2.05287259
0.54344515
10.09044903
3.83145924
0.12322935
-11.78510675
-1.18128372
-6.76818961
-10.60751271
-3.82259975
5.79350078
1.49083142
-8.21983726
-10.93248562
7.77920118
-1.59041547
-14.77375641
1.32263088
-8.14736119
-14.31878272
-10.05933579
-1.39312634
7.90016920
-4.56200297
-1.09929086
-0.94694969
7.65746067
2.04958319
-13.28969158
10.47457248
-5.73616580
2.41605156
-5.44018612
-1.39944957
-2.86862113
7.31648850
2.27204616
-11.39200765
6.69033803
7.26038100
8.11053556
6.31521540
-2.95078920
-11.70261778
10.07485199
2.17787152
-0.90607040
-11.77870221
-0.73188060
6.58931935
0.95098157
1.94714924
-4.80510452
-4.52251282
-4.17760267
-8.29920528
-3.65611747
-4.80174737
-1.02314206
5.89847487
-1.41652576
2.60484615
-3.17032288
-7.64501847
-12.71685606
6.43745542
8.25673259
10.07718303
0.14071019
-2.14026322
-11.95929316
-8.74091927
-5.99441425
-14.73292153
1.15438193
9.72232919
7.53522259
-12.76141003
10.90976963
9.65947252
-9.33994095
-5.48360264
-5.02449494
-5.67335947
9.41912988
10.69580217
-1.52243885
2.63937221
3.60360816
-10.66355971
-12.43288102
4.30796259
-15.12295630
7.39663628
-2.44201435
-14.43460428
-14.89032143
2.23834294
-1.74876526
0.11005822
0.12722929
-9.88227576
-5.99027685
-3.47204787
-8.18025465
-7.09411362
-10.59312379
-6.57537959
-9.87764418
-1.29805432
7.83926990
7.85011580
5.03475228
-7.15393162
-3.42472241
-11.55445950
-14.54120503
-4.98928158
6.09051239
-4.06966929
-8.16440545
3.64650969
-1.47241449
-5.01348931
1.34375154
-14.53389634
4.74942489
2.57562882
2.83550066
1.51606238
-5.27013081
-5.87642392
-1.80104417
-0.69557722
3.14588669
-6.87606588
-2.54561382
7.35730681
-2.71667008
1.95186746
7.37568212
1.72071731
2.13918870
-6.18873634
5.18128812
-5.08597796
-12.75463376
-8.47011343
-13.96312178
10.07374649
7.19136373
3.41347187
7.49048373
-11.48461795
-3.47304786
-3.59421626
-7.71275406
3.53635466
6.21186956
0.95966294
7.05977440
-4.56217432
8.31240448
1.03255817
-4.53440323
0.89501153
-6.92274566
-3.69404715
-3.81658920
-4.87563774
6.60292222
-14.06012842
3.81957753
-0.24356040
-9.79596497
-7.22807078
3.68558166
0.63432266
-0.68167716
2.60803293
7.54410918
0.45846493
-12.23628573
1.91126987
-11.69507627
1.62184187
-3.04717969
-1.89148510
-14.72825788
-0.36732121
10.81626680
-0.04359077
10.12546685
8.50837611
-4.85102827
8.49680612
0.62621243
-13.44989927
-15.17297920
-7.99356942
-12.25442024
-0.17531466
2.57025040
3.03609758
8.42025751
-5.19024538
-12.07648341
-9.82017174
8.21074883
-6.27814727
-8.94140051
7.91550293
-0.84956890
6.12180907
-9.60424980
-11.06959762
-9.64757920
-8.75289632
-3.73840654
4.70972564
-10.28274696
3.80909561
8.30300096
3.22379636
8.87651725
-8.03890556
8.94510471
0.70068943
0.04143979
-10.21057534
2.08989812
10.96191205
-11.17600633
9.70163834
-8.79174951
4.09441138
-13.60320655
8.74746998
2.94089294
-2.53022104
-11.54643204
-3.16045470
-1.23465555
9.79979743
3.22563176
6.29935312
-6.29127484
-2.28246032
-3.87397161
6.15811825
-2.62343055
-11.25482015
10.64701497
-7.69775914
1.61936563
-1.55434249
6.59929595
5.89867234
8.16428686
-4.04609368
-3.69371415
5.34879168
-7.38468584
-4.67757127
7.28221026
-6.60484668
4.96722772
-15.55829800
6.18876248
-2.53585599
1.00181714
10.46359492
-7.16502050
0.68039160
4.95001407
9.60067580
-3.07651125
8.55927557
-12.03561186
-9.61614409
0.64971834
-4.56004754
-2.04876810
-0.52695848
-2.78106109
-9.64676508
-13.47276870
4.70233176
-5.82642183
1.12781315
7.97546129
-12.42064260
9.69524541
10.56382756
-3.19001472
-9.09430750
-15.53490825
9.40319984
15.84319733
13.15282886
13.22051216
11.56279092
13.55249706
11.72009910
14.17596607
11.11809537
14.47698923
13.14817840
15.72953413
14.03062866
13.86413573
13.47152259
13.02602357
15.45704100
13.95595224
12.53908282
11.50674924
11.92500960
14.21903604
13.08606518
13.51356643
14.89080242
13.81150929
11.93977218
15.92025512
13.42801894
15.35487810
12.19970405
13.37213408
14.75221804
14.30057972
13.49868962
12.92903774
12.17908870
12.28020999
13.03968840
11.71874578
15.09356000
12.33839685
12.15021792
12.30762484
13.53173070
11.09584210
11.49571941
13.55695198
13.93436886
13.03109028
11.13140977
