2.47849987
1.49011862
3.94282085
0.62680085
3.70270904
5.13977303
2.43983090
5.12746748
5.33805540
4.03986424
2.20869359
4.58730925
1.29431764
4.80563337
5.25672521
4.39487893
5.31188223
4.09817573
4.27285480
4.69209370
1.74214471
2.31876307
6.03971417
2.93244284
3.38625323
1.22632167
3.99717868
2.34754244
3.96663051
1.64655086
2.53517121
4.39221019
5.64324230
4.53538610
0.64899175
5.32528996
0.20979027
0.28992689
2.52391297
5.06090335
3.91149147
5.22192789
5.81767082
0.63379617
2.15627534
0.15810138
2.03859156
6.25531487
0.47432654
5.03155997
1.16862475
3.51445485
5.43453216
1.34473424
0.74356615
1.30224080
0.12649231
6.28054279
1.52726831
3.16209429
2.91150040
2.09180489
1.58732182
0.06555518
0.28826466
3.18496656
2.88759450
2.83530433
4.22061781
3.71420154
4.30249104
3.33605655
5.25742554
4.08996130
3.96456698
4.18505237
4.28906608
5.54297441
2.05760640
1.65485087
