0.51044168
0.67567812
0.62190481
0.51425588
0.51853671
0.53200533
0.57237000
0.66404533
0.66822040
0.55904679
0.68619007
0.50014167
0.70365777
0.63684393
0.69167738
0.51331921
0.57716523
0.53875034
0.59741781
0.61927961
0.50013149
0.51002853
0.50001094
0.60933885
0.50863787
0.66333885
0.63669317
0.70497192
0.51346630
0.50020980
0.56175846
0.70286198
0.50174467
0.65975759
0.64566428
0.51262240
0.70418614
0.50030487
0.50483542
0.65967152
0.56236914
0.50847038
0.50115521
0.59737162
0.66469523
0.51666628
0.65390160
0.68269151
0.54639420
0.52495115
0.64972801
0.62229915
0.65019742
0.62561295
0.50335814
0.70288535
0.62979344
0.56364393
0.51506271
0.68776665
0.54381310
0.69858484
0.50257348
0.64874813
0.50422585
0.53865406
0.52059646
0.54796219
0.56573533
0.62341621
0.50195480
0.69578140
0.61687895
0.52764680
0.50008140
0.61896509
0.70490735
0.52808508
0.50150798
0.58167653
0.66339269
0.69487620
0.60219168
0.66520807
0.70493878
0.53794853
0.66716615
0.65844651
0.55394189
0.70009174
0.70072642
0.64862299
0.69128778
0.70324458
0.66657642
0.50000848
0.50016752
0.53373441
0.70498278
0.55377522
