0.01776869
0.00117824
-0.00400145
0.25912630
-0.00730666
0.00944259
-0.12075523
-0.02999001
0.01589574
0.09183938
0.06521350
-0.05054855
-0.00956732
-0.00489669
-0.01919113
-0.00371371
-0.13244355
0.16527123
0.06212380
-0.04142750
-0.00536098
0.00979248
0.06657121
0.06962033
-0.02002053
0.25002469
0.00817531
0.00930791
-0.30035423
0.01924369
-0.00020254
-0.07268545
-0.15846822
-0.01390565
-0.01045672
-0.02500628
0.01748682
-0.38979655
0.04063791
-0.00052931
-0.00161146
0.01477260
0.02578463
0.12884826
-0.06969339
0.13464960
-0.01996468
-0.34398315
-0.00044104
-0.00498613
-0.08120177
0.01397704
0.23599783
0.46794400
0.04908717
0.14844740
0.00888488
-0.01289586
0.06236148
-0.00514476
-0.00252143
0.01438760
-0.00126006
-0.04793134
-0.03191825
-0.00514352
-0.00729786
0.04118311
0.00644513
-0.00977798
-0.14702898
0.01118202
0.01867157
0.07321501
0.04419385
0.00213182
-0.07164652
-0.00373496
0.03123722
0.05123825
0.16950501
-0.33798556
-0.00485379
0.00018316
-0.04643517
-0.23286515
-0.02241801
-0.01454597
-0.02200726
-0.07056061
0.01897385
0.06349692
-0.02520116
0.12753557
-0.02208556
-0.01793567
0.00174810
-0.01450365
-0.00298273
-0.02161120
