-3.68797332
-4.61234054
-1.02434218
-0.43722212
-1.04515781
-3.12075110
-3.16443040
-1.09239810
-0.26021017
-2.15241312
-3.70592289
-3.99064815
-1.69254630
-0.26717930
-1.49356823
-0.22822289
-5.03376324
-2.50037671
-2.19270615
-3.41260338
-1.43766625
-2.21420985
-2.77421018
-1.46575734
-2.33789802
-0.63162833
-4.41421178
-0.96797354
-5.45688908
-2.71289855
-1.91075258
-3.35721475
-4.35516934
0.05111460
-1.38601021
-5.01878386
-1.35755697
0.08473208
-2.79477306
-4.51716203
2.29455458
3.40220830
0.87073124
2.95969818
4.06010159
0.28067704
0.84781909
0.46806285
2.49515108
2.65745310
3.15596382
2.18374924
0.93698912
3.38365115
1.98053177
5.33814623
1.02068992
2.79541850
1.30792822
5.07317545
3.89086015
0.45579069
2.41740545
1.29523284
5.03575224
0.64349588
3.12750601
1.71940396
2.48555346
1.57472316
1.70981614
1.27551510
4.14729332
0.88110935
4.89384917
2.82636536
0.44499133
4.21362630
4.39109381
4.83916134
