6.09000000
5.13500000
6.14000000
1.74500000
3.02500000
5.14500000
0.46500000
4.52000000
0.72500000
2.05000000
3.21000000
4.09000000
2.94500000
4.32500000
3.35000000
1.54000000
6.25500000
0.30000000
1.00000000
5.17500000
4.52000000
4.32500000
4.09000000
3.35000000
3.21000000
3.02500000
2.94500000
2.05000000
1.74500000
1.54000000
1.00000000
0.72500000
0.46500000
0.30000000
6.25500000
6.14000000
6.09000000
5.17500000
5.14500000
5.13500000
4.52000000
4.52000000
4.32500000
4.32500000
4.09000000
4.09000000
3.35000000
3.35000000
3.21000000
3.21000000
3.02500000
3.02500000
2.94500000
2.94500000
2.05000000
2.05000000
1.74500000
1.74500000
1.54000000
1.54000000
1.00000000
1.00000000
0.72500000
0.72500000
0.46500000
0.46500000
0.30000000
0.30000000
6.25500000
6.25500000
6.14000000
6.14000000
6.09000000
6.09000000
5.17500000
5.17500000
5.14500000
5.14500000
5.13500000
5.13500000
4.52000000
4.52000000
4.52000000
4.52000000
4.32500000
4.32500000
4.32500000
4.32500000
4.09000000
4.09000000
4.09000000
4.09000000
3.35000000
3.35000000
3.35000000
3.35000000
3.21000000
3.21000000
3.21000000
3.21000000
3.02500000
3.02500000
3.02500000
3.02500000
2.94500000
2.94500000
2.94500000
2.94500000
2.05000000
2.05000000
2.05000000
2.05000000
1.74500000
1.74500000
1.74500000
1.74500000
1.54000000
1.54000000
1.54000000
1.54000000
1.00000000
1.00000000
1.00000000
1.00000000
0.72500000
0.72500000
0.72500000
0.72500000
0.46500000
0.46500000
0.46500000
0.46500000
0.30000000
0.30000000
0.30000000
0.30000000
6.25500000
6.25500000
6.25500000
6.25500000
6.14000000
6.14000000
6.14000000
6.14000000
6.09000000
6.09000000
6.09000000
6.09000000
5.17500000
5.17500000
5.17500000
5.17500000
5.14500000
5.14500000
5.14500000
5.14500000
5.13500000
5.13500000
5.13500000
5.13500000
4.52000000
4.52000000
4.52000000
4.52000000
4.52000000
4.52000000
4.52000000
4.52000000
4.32500000
4.32500000
4.32500000
4.32500000
4.32500000
4.32500000
4.32500000
4.32500000
4.09000000
4.09000000
4.09000000
4.09000000
4.09000000
4.09000000
4.09000000
4.09000000
3.35000000
3.35000000
3.35000000
3.35000000
3.35000000
3.35000000
3.35000000
3.35000000
3.21000000
3.21000000
3.21000000
3.21000000
3.21000000
3.21000000
3.21000000
3.21000000
3.02500000
3.02500000
3.02500000
3.02500000
3.02500000
3.02500000
3.02500000
3.02500000
2.94500000
2.94500000
2.94500000
2.94500000
2.94500000
2.94500000
2.94500000
2.94500000
2.05000000
2.05000000
2.05000000
2.05000000
2.05000000
2.05000000
2.05000000
2.05000000
1.74500000
1.74500000
1.74500000
1.74500000
1.74500000
1.74500000
1.74500000
1.74500000
1.54000000
1.54000000
1.54000000
1.54000000
1.54000000
1.54000000
1.54000000
1.54000000
1.00000000
1.00000000
1.00000000
1.00000000
1.00000000
1.00000000
1.00000000
1.00000000
0.72500000
0.72500000
0.72500000
0.72500000
0.72500000
0.72500000
0.72500000
0.72500000
0.46500000
0.46500000
0.46500000
0.46500000
0.46500000
0.46500000
0.46500000
0.46500000
0.30000000
0.30000000
0.30000000
0.30000000
0.30000000
0.30000000
0.30000000
0.30000000
6.25500000
6.25500000
6.25500000
6.25500000
6.25500000
6.25500000
6.25500000
6.25500000
6.14000000
6.14000000
6.14000000
6.14000000
6.14000000
6.14000000
6.14000000
6.14000000
6.09000000
6.09000000
6.09000000
6.09000000
6.09000000
6.09000000
6.09000000
6.09000000
5.17500000
5.17500000
5.17500000
5.17500000
5.17500000
5.17500000
5.17500000
5.17500000
5.14500000
5.14500000
5.14500000
5.14500000
5.14500000
5.14500000
5.14500000
5.14500000
5.13500000
5.13500000
5.13500000
5.13500000
5.13500000
5.13500000
5.13500000
5.13500000
4.52000000
4.52000000
4.52000000
4.52000000
4.52000000
4.52000000
4.52000000
4.52000000
4.52000000
4.52000000
4.52000000
4.52000000
4.52000000
4.52000000
4.52000000
4.52000000
4.32500000
4.32500000
4.32500000
4.32500000
4.32500000
4.32500000
4.32500000
4.32500000
4.32500000
4.32500000
4.32500000
4.32500000
4.32500000
4.32500000
4.32500000
4.32500000
4.09000000
4.09000000
4.09000000
4.09000000
4.09000000
4.09000000
4.09000000
4.09000000
4.09000000
4.09000000
4.09000000
4.09000000
4.09000000
4.09000000
4.09000000
4.09000000
3.35000000
3.35000000
3.35000000
3.35000000
3.35000000
3.35000000
3.35000000
3.35000000
3.35000000
3.35000000
3.35000000
3.35000000
3.35000000
3.35000000
3.35000000
3.35000000
3.21000000
3.21000000
3.21000000
3.21000000
3.21000000
3.21000000
3.21000000
3.21000000
3.21000000
3.21000000
3.21000000
3.21000000
3.21000000
3.21000000
3.21000000
3.21000000
3.02500000
3.02500000
3.02500000
3.02500000
3.02500000
3.02500000
3.02500000
3.02500000
3.02500000
3.02500000
3.02500000
3.02500000
3.02500000
3.02500000
3.02500000
3.02500000
2.94500000
2.94500000
2.94500000
2.94500000
2.94500000
2.94500000
2.94500000
2.94500000
2.94500000
2.94500000
2.94500000
2.94500000
2.94500000
2.94500000
2.94500000
2.94500000
2.05000000
2.05000000
2.05000000
2.05000000
2.05000000
2.05000000
2.05000000
2.05000000
2.05000000
2.05000000
2.05000000
2.05000000
2.05000000
2.05000000
2.05000000
2.05000000
1.74500000
1.74500000
1.74500000
1.74500000
1.74500000
1.74500000
1.74500000
1.74500000
1.74500000
1.74500000
1.74500000
1.74500000
1.74500000
1.74500000
1.74500000
1.74500000
1.54000000
1.54000000
1.54000000
1.54000000
1.54000000
1.54000000
1.54000000
1.54000000
1.54000000
1.54000000
1.54000000
1.54000000
1.54000000
1.54000000
1.54000000
1.54000000
1.00000000
1.00000000
1.00000000
1.00000000
1.00000000
1.00000000
1.00000000
1.00000000
1.00000000
1.00000000
1.00000000
1.00000000
1.00000000
1.00000000
1.00000000
1.00000000
0.72500000
0.72500000
0.72500000
0.72500000
0.72500000
0.72500000
0.72500000
0.72500000
0.72500000
0.72500000
0.72500000
0.72500000
0.72500000
0.72500000
0.72500000
0.72500000
0.46500000
0.46500000
0.46500000
0.46500000
0.46500000
0.46500000
0.46500000
0.46500000
0.46500000
0.46500000
0.46500000
0.46500000
0.46500000
0.46500000
0.46500000
0.46500000
0.30000000
0.30000000
0.30000000
0.30000000
0.30000000
0.30000000
0.30000000
0.30000000
0.30000000
0.30000000
0.30000000
0.30000000
0.30000000
0.30000000
0.30000000
0.30000000
