-14.32204083
-0.89120734
-9.93720270
0.00000000
-7.92983975
-1.52159967
0.37581291
0.00000000
5.33841808
-10.18821415
10.12959713
-0.00347371
-12.00869772
-4.10309080
5.64618411
6.29645545
-0.20698342
4.72674742
-2.34985448
2.50742915
4.91799176
1.49724259
0.69255535
0.00000000
7.65359041
-2.23436779
-1.41334001
1.64240198
-0.98605065
0.04372530
-0.18966059
5.28315650
-16.12025333
6.44156065
0.00000000
-5.30976668
6.44286772
0.00000000
-10.13488407
-0.32334651
-8.25431645
3.33248089
-0.14143611
0.04437570
-0.71429319
-3.54030148
-5.01115302
-0.22452027
1.32249376
3.57810845
0.76227340
0.10889492
5.61608781
1.26975342
-0.02256228
0.25467201
-7.15032781
-1.65417553
-2.63151791
0.52211005
0.22203843
2.50517809
1.25517344
-1.91244666
-0.61694550
0.03304240
-1.35703835
0.06824850
-1.69967509
2.50615159
0.42761991
1.56002229
0.26219483
-0.44887745
0.92240518
2.38149251
-1.10897895
0.04271780
0.05130346
0.14075729
-0.37143724
0.01046426
2.80286864
-0.05727224
1.36937485
-0.12947050
-0.79487991
0.09874483
7.99638962
0.55443593
-0.40050616
-4.30906598
-3.59744752
-3.35088447
-0.13699564
-0.22559159
0.00000000
3.22677940
0.67938312
-3.82321227
-1.73075150
-0.07098230
2.26939284
-0.05934538
11.30512546
0.23639197
8.87341312
4.30886414
18.64379319
1.30508525
-6.96996914
0.00753177
-0.19220498
6.27799165
1.46551745
-0.26233735
5.83513885
12.44587055
-0.58503461
0.27586703
1.29272736
2.83214439
-8.55363264
-7.88399374
-8.76458047
0.00000000
0.00000000
-2.03764180
0.00000000
0.25439532
0.00000000
1.09915185
5.54735555
-4.49010879
1.09620251
0.10541208
0.18389134
-5.29222918
1.75717034
-2.15350684
-1.94736900
1.65243306
2.70971735
-8.04468377
0.19190022
0.16673746
-0.12487332
0.18087689
2.74359952
0.61541095
3.38963543
0.00000000
-0.35420475
-1.15776056
1.79408856
-0.05161458
-3.06712103
-0.61206885
2.69430287
0.24359877
-0.23527342
-1.18192156
-0.01811581
-0.62148638
-0.95495783
-4.34649889
0.25399638
0.12727175
-2.01579848
0.16140382
-0.23881502
11.01594982
0.05631837
-2.49186752
-4.29259497
2.78183138
-0.28969653
1.02469936
-1.16420032
-2.97957549
-7.22025027
0.55660710
-0.39760031
-7.86670840
-6.68084410
17.12950882
-11.34692574
-3.26136118
4.81357782
-5.52170746
-6.23411317
-0.01634778
-7.53530333
2.04959571
1.28878311
0.23317154
6.59589263
-4.30312284
2.91249872
0.21431183
-3.42531722
-0.19425990
0.22840548
-3.79811487
1.31046889
-0.48488639
-0.08409873
2.62352231
-4.29015138
-4.05820999
0.48363088
0.32948148
-0.05052633
-0.09340096
-4.49010383
-1.84153795
0.30760629
4.56900584
12.72283754
-1.05000115
-0.30977404
0.25430001
-0.27452495
0.27243860
-0.25709690
1.02022465
-0.42626355
-4.49966804
0.77459418
-11.18725372
0.50180078
8.24681412
-1.23942341
-10.58146517
14.16449893
-0.04046364
-0.02749232
0.69843782
1.48095605
0.56233297
-0.22312547
-10.12032540
-0.31419042
-0.64028029
-0.56774052
-2.08252296
-0.26850184
0.86228645
0.27132357
-3.48416600
17.80277662
-2.30208086
0.03419882
0.31595160
0.27685018
8.13451986
0.36798740
-2.10379170
0.45385915
-0.51757265
-0.90928466
-0.11208669
-0.72930082
0.97927253
0.20037400
-4.98392724
0.29871286
0.26785760
-1.83469992
0.73665962
-0.31447668
-1.42892614
1.44409343
0.09891992
0.43140977
-0.26001116
-0.60268336
0.62623746
0.20884535
-1.17098293
-4.55921134
-0.17149673
-4.47634773
0.03543625
1.17734581
2.52265513
0.55555377
-0.51383026
4.46704349
-0.32767110
-1.88095518
0.14999641
1.09596952
-3.85034730
-3.10313981
-4.72981400
-4.77894293
-2.44052709
-0.36727150
-0.15467413
-5.42890069
-0.25242884
0.21247340
0.50190419
4.35067207
-13.71718033
1.24665028
1.69944613
2.33727894
5.37867053
0.03930289
0.14290437
0.13745652
0.24256163
-3.96151701
-4.02345283
6.11029500
-1.83495592
-2.85508852
0.83252656
-0.39669351
5.68566478
0.09296782
14.32902777
-8.94730438
0.24375649
-1.42147400
-0.17899454
-0.60614903
0.72873567
9.08105958
-5.17796490
-7.27200276
9.17412476
1.78186724
0.00000000
10.66940393
6.54283161
14.47663619
0.63219431
-0.97451361
-1.57092712
0.11693593
-0.76094691
-2.41912531
2.85568351
-4.34231011
-0.49967899
-0.81208657
1.66291296
18.27804699
12.55122774
-0.17441504
1.44908887
0.12673425
-4.07490913
-3.84973450
-0.11672601
-15.08848774
-1.37291378
-0.34646318
0.60615804
1.64563524
-3.23497761
-1.17902458
1.75463050
-7.03982774
-8.63762705
14.24255707
-20.60092144
3.25786805
9.26064958
0.18211607
0.08516387
-0.21689639
6.30595150
0.22452715
0.63958069
0.10462251
0.20327729
-0.03727803
-0.08389272
-0.11421549
16.10442953
0.25654922
0.77153750
-0.26518068
-1.05363757
20.77006127
-0.15457547
-0.24102767
-2.78815643
-1.18581746
1.70777065
-2.76773325
4.84842613
-0.41470513
0.04937848
0.02561156
-1.07856236
0.76311620
0.09688544
1.38868350
0.57052575
1.43790032
0.00000000
-9.21285190
0.25993176
-0.21961703
0.23733521
0.17019738
0.62178674
5.54311885
-0.50334837
0.47048254
0.12490484
0.04752112
-0.76146937
0.82592555
-0.04160926
-0.13980411
0.14606172
2.00832546
-2.30454082
-0.26854554
-0.41500564
-0.33504632
0.09184606
-1.80052709
9.06219250
-0.78813709
6.48268578
-0.08660434
-3.52959403
-0.07879640
2.51190110
0.33645354
-1.42444184
-0.80030972
-1.72434860
-0.17518085
-0.44780132
-1.36281848
0.00917669
2.21922080
-2.37880048
-0.35712984
-0.25880470
1.05564088
-0.02994003
0.34404105
0.23366513
-2.33570562
-0.03341718
0.00351342
0.24307576
-0.25577547
-1.26813327
-0.75075869
-7.43837842
0.04296567
-0.16176052
-0.17369824
7.85904384
0.20228536
0.14860018
-0.06024138
1.71219687
3.02639956
-3.37297105
1.53665451
-14.60810929
0.81584223
0.65259765
0.17847752
0.18369622
-1.73622269
-0.29477057
-0.29868865
-0.01319000
0.00527716
0.45485906
1.72275917
-1.43147079
0.51525021
-0.85249783
-0.75377748
-2.35227214
0.44853219
0.01027910
-7.75554925
-0.90673133
5.41168181
0.09116020
4.25757157
0.11496181
0.22551489
3.04290737
0.10976293
0.34169116
0.23221170
0.27204230
-2.07514905
2.68541104
4.24004355
-0.85754160
0.08242510
-0.72749164
1.27433747
1.62300517
-1.46800101
-0.43775824
-6.32459491
0.15119608
0.02411315
-3.11597251
2.05475104
4.13120624
7.06438697
-1.66208598
-0.29150888
-0.02493375
0.33089708
-0.17098444
0.10622982
0.00732157
-0.04175398
-0.55812494
-0.38786291
-0.63464147
-8.23995384
-0.31503479
-0.54524199
-0.08983924
-1.02845293
0.32328731
-7.68768713
3.29727396
-2.18445339
6.67258548
-0.32491565
0.86819760
0.14395548
-1.13292656
-0.32285321
3.02574669
-2.92843574
-6.04638157
-6.72066910
1.93875561
-0.10657502
4.63642172
-23.91982631
-2.20068439
0.94592664
-4.45460843
3.95765213
-0.99508738
-4.65020496
0.75656529
15.44203239
2.13566740
-0.61640731
-0.68926559
0.15419200
3.89047513
1.31451546
-1.32665929
5.71422038
2.61287388
-1.08295891
-12.65570685
-0.61598309
3.10387153
3.05349974
0.76297966
-0.27651658
-0.10070216
-0.10614655
-2.99537037
2.90543243
3.80636639
-0.90571886
5.96873800
-2.63728487
-3.99289401
-14.14674714
0.30982565
0.09296292
7.88103238
1.66771741
-0.39633001
2.24446877
-0.13503728
3.82521143
0.30012212
-1.28017666
-0.27456977
0.08092410
-0.29294050
0.13168509
0.00628947
0.26624492
0.24855866
-4.96099569
7.31095183
9.80834244
0.45945583
-0.06258559
0.31211481
1.95342547
0.24244472
-1.88271528
-0.17791896
-0.33258333
12.19059381
-0.18079698
-0.81090738
4.20618951
-3.96489795
-0.11976117
2.19237880
-0.30612942
-13.15274147
-0.73023053
-1.36721016
0.15209755
0.37916902
0.20856175
2.39705115
-14.51088779
-0.99425550
-7.51305309
-0.81046132
-1.42408363
-0.14919833
-0.05947190
-3.14399781
-7.78595765
-0.18657433
-1.91465721
-0.27707041
0.57163518
2.51310810
-13.53582075
-0.24977359
1.79618084
1.32508430
-0.16975939
9.24596701
-0.45643069
12.39876378
-2.45974894
-14.68607218
4.31568404
2.04014293
1.04995314
5.58087956
1.34090031
0.07053456
-3.36805217
-10.54963992
1.19417386
1.51307244
6.68510129
-0.17285516
9.16461335
2.82692129
-0.20836287
12.31629174
8.31359202
9.53530653
-1.34683282
-0.14558798
-5.06757611
-6.77075544
-0.52906159
8.52984481
0.26112443
1.66946215
-4.39096243
-2.57613371
20.89517586
3.64004927
-5.20461136
-0.57481060
1.45384779
-10.97343032
-2.87546906
-0.42632853
0.11624119
-3.29974049
9.87613720
1.98402354
-8.33147363
-5.40596634
-4.72050063
7.13980508
-6.18999612
4.39662031
-1.02168556
4.93798965
-1.67999293
1.51488926
3.12557831
-1.09774131
-19.07460820
3.31671129
1.38831781
-0.08467833
0.82905200
0.03158762
0.25262251
0.19339745
0.49826954
9.62687280
0.21002042
-0.40297494
-3.74679575
1.54789268
-0.07534281
-9.23158610
-0.12963044
-0.30469098
