7.44429805
-11.93819197
-3.05239607
-5.97144022
10.59662014
-8.00959652
4.61975248
1.72126443
3.16609751
11.81471947
-10.22418903
10.35176877
-2.32841097
0.23770679
-4.99810616
3.51693789
-8.03590091
-4.03561620
0.35504661
14.36405092
-0.29334233
6.47546207
10.41648538
-3.87867909
-11.01019786
2.91367967
-2.42434567
10.91476939
-4.26481343
2.22893485
0.89201978
5.06782461
3.60568705
-2.34856759
-11.91984179
-7.81217077
6.26763183
9.81156540
-11.53975826
-10.53011910
1.16303344
-3.59168762
3.75904400
6.90925384
6.85380507
6.49574176
-8.90978420
-4.55584955
-8.61926271
-10.29575483
12.58010349
6.50808477
0.55444430
-2.18962076
13.24076656
10.52653937
-7.52678027
-8.30190146
6.92152658
3.06843486
-1.42399860
0.90225834
-1.31814014
3.64044516
2.60215659
5.96045299
0.22558598
-4.18976746
-5.69151238
-8.05630901
-6.39548722
-8.84455074
7.99098477
7.98008683
12.34242135
12.42607299
-11.79129004
-12.93992323
-12.84999320
-12.32474411
2.21649805
-0.41607714
-2.71339502
-4.61153529
-1.18511949
3.58696455
2.80660127
4.89687228
9.41699960
6.63170027
7.85176717
8.40627882
-7.82106310
-3.03920039
-7.26938190
-4.19848392
-11.05873951
-11.26981439
-6.58546475
-7.69258605
11.21101957
5.85730438
10.26391247
9.31703220
-5.50668874
-4.00854723
-0.33792148
-0.21220820
14.75905162
13.08454185
15.01991825
8.43709889
-5.86132611
-6.79488371
-7.07031127
-7.51851099
2.39337724
0.52169711
6.25226070
2.05375021
-1.31954161
0.83863432
-1.74839978
3.67430542
5.09948150
4.64997590
0.22834770
1.79592335
2.08214975
2.80329100
1.35414007
7.53468990
-3.30109064
-2.68821808
-0.73259641
-5.48935755
-5.54868472
-10.27519458
-5.68634091
-9.21659575
-7.13090590
-9.24004998
-6.59210552
-7.57632147
9.72489504
8.49045202
7.75659176
6.20349059
13.02593739
11.65097302
12.95525537
9.65289184
-9.33303099
-12.81339497
-10.31369562
-14.00735062
-9.40057740
-12.39431599
-14.15290648
-10.25343831
4.06272006
0.96466253
-0.83465127
-4.43643549
1.71413955
-3.34891739
-1.80272816
-2.85043446
2.20056284
4.33220155
4.01100324
5.74146232
1.65077580
1.81932310
1.41116540
5.98621570
10.91085844
9.08820521
8.65156548
8.15034965
11.18805423
9.19623813
9.12781908
7.85038787
-7.08387055
-3.55513007
-10.08200239
-3.37575421
-6.94675256
-3.36294923
-6.78462343
-5.76649487
-9.46525251
-12.22916809
-10.65003121
-9.79841305
-12.46959042
-12.00222151
-6.15581808
-9.04157914
8.50365641
5.18932287
10.92738529
5.90931639
10.45118311
5.29387042
10.06997795
7.09003695
-2.55277123
-1.62856074
0.23052880
-0.23502479
-6.42163342
-2.09142501
-1.27701646
-1.07040623
12.65596029
10.82446542
13.20962387
10.01702311
13.65531879
12.18755309
13.88873163
9.18594365
-5.29728816
-4.81506952
-9.79091847
-8.76237826
-3.66219965
-5.07687177
-8.09516441
-7.21114818
5.67574360
1.19499598
3.95565913
4.38263976
2.63811331
1.53100144
5.85688409
1.01002174
-1.52877278
1.67018827
-0.01619410
1.83962450
-0.90270140
0.90041874
-2.85275780
5.40486341
2.57129702
4.68160302
-0.65211658
3.66420533
2.23178661
3.45616225
0.69696432
2.68695083
3.36975367
5.40835601
1.58490575
7.46581719
3.63608195
2.34824582
0.38422104
6.43655695
-2.34564107
-2.30183288
0.18367430
-5.56659126
-4.45764084
-2.84839676
-0.01122299
-5.03602761
-6.80846195
-10.50879957
-4.47435776
-9.29042530
-5.59882765
-10.48694007
-6.81763431
-8.00337637
-4.44309459
-6.57634544
-4.96753828
-8.97392559
-5.83858263
-9.13834105
-5.33854738
-7.70143723
7.10528100
7.15492871
9.01242815
6.64295253
8.42468249
7.91047655
6.74174279
5.81159946
14.85944585
8.66897194
11.03465580
11.71947616
13.68252104
10.30853061
12.20840345
11.03352757
-6.84799875
-11.81183066
-10.62780534
-12.49881208
-9.89335033
-13.90569219
-11.19599869
-14.16011010
-11.01447327
-11.78257572
-11.57851332
-13.07446311
-10.65830669
-13.76515837
-13.23998556
-10.96837197
2.75233975
-0.98041362
-0.11185235
-4.02869056
1.43398376
-1.65725166
-1.39987959
-4.09080651
3.42766704
0.44039391
-2.04692091
-3.22841538
2.45940416
-2.13813244
-0.53569230
-1.60337867
-1.83308408
5.23446543
4.76190366
5.95399809
-0.82176214
4.55915620
2.60934119
5.37407356
1.25131151
3.97674352
2.88346220
5.52348168
0.40309060
3.36671881
2.41640220
4.70621572
11.62943422
9.75548418
7.39734934
7.68231054
10.17586171
7.14342884
6.57078245
9.64915083
11.43801689
8.44975912
9.91655644
8.92232178
10.68326963
8.03113620
8.33827385
7.18555539
-5.74069060
-4.23607421
-7.84974589
-5.33118071
-8.41186080
-2.09061336
-6.08086188
-3.86807716
-6.24913337
-4.64028875
-9.28688821
-3.78134714
-6.51735272
-4.61036568
-6.85984432
-4.96735427
-9.83519294
-11.73310588
-7.42117585
-9.60753303
-11.96467478
-10.79376927
-7.80685104
-8.59735422
-10.51608740
-12.72210548
-9.42152769
-9.08078844
-11.25807249
-11.50655162
-6.21036934
-8.29870236
9.56296312
4.08652759
12.39565780
5.85233954
11.39584751
5.31259703
9.10214109
9.49719886
8.47377918
4.65264250
12.10112260
6.54383173
11.56768613
4.69094219
9.73416765
8.20494850
-3.40001430
-3.23335754
0.75550185
-3.20989962
-4.45397751
-3.26051189
0.74280567
0.78170853
-2.87244833
-2.74898137
-0.56067098
-1.18205444
-6.89523491
-2.12242839
-1.43400135
0.04297578
11.87048161
12.00864637
14.14576774
11.31404586
14.50307441
12.93548275
13.98976190
7.39729772
13.69293056
10.89171247
12.33426410
10.24609715
13.40553140
11.10152415
12.83088063
9.45084445
-5.35663758
-5.30263646
-8.68373916
-9.11211839
-4.75214014
-6.92036001
-6.48313667
-8.08031772
-5.57438671
-5.89806739
-9.19141141
-7.72484321
-3.98657078
-6.12679982
-8.09997222
-8.03389833
4.55324641
3.21327323
6.13442744
4.08825133
3.35691903
-0.33513871
5.21915880
2.92026918
5.39168494
0.19383491
5.00841328
4.23042474
2.54502452
1.34879157
5.07025051
1.88521874
-0.65307794
1.77691938
-0.94715929
1.82476522
-0.50546955
-0.14189943
-0.73944961
3.56533961
-1.59986105
0.74475537
-0.01556424
2.72201658
-1.69608679
-0.07475683
-2.35729445
4.46683289
3.54316605
5.34854422
0.11899158
4.37965627
4.13760107
4.07409746
1.03696747
1.83520051
1.62132893
4.73657962
-0.76723726
2.74511103
2.90776797
2.69903748
1.18884268
1.82419019
4.96263645
3.80874943
2.95286703
6.96493381
3.10327364
1.83098108
0.61410233
6.95173519
3.96263105
4.37963832
0.92332907
7.98919182
4.40085752
1.93986892
-0.09468624
6.31626444
-3.02939140
-1.82464064
1.20923334
-3.74905840
-2.60864620
-3.17966553
-1.40235059
-5.13477047
-1.45572888
-3.17504644
-0.80148795
-4.77236296
-3.55331939
-2.30688848
-0.78223359
-4.24645192
