0.42000000
1.71000000
0.23999189
0.52999983
1.70000000
5.24357821
5.43723386
5.17785853
1.84999981
3.95748926
1.99244332
4.24986350
5.90638060
0.66967131
0.77994025
5.43216075
1.04000000
0.37000000
0.02000000
1.71999999
2.05961448
1.41000000
2.99974001
1.35865679
5.63710595
2.51384770
1.75000000
0.31997929
5.23069979
2.66623058
2.37992935
4.77999997
0.24997211
2.22223958
3.61966751
5.86468729
2.37000000
4.47980119
5.21560739
1.50958968
2.61999925
3.93000000
2.76936337
3.45998186
2.82999999
5.23849155
5.53131607
6.20436915
0.23000000
3.61419599
3.75995838
0.82999852
1.75631176
2.80000000
2.44781381
2.82986729
6.23427590
0.73999996
2.31999997
2.03999991
1.62999997
1.65990586
2.41999992
4.22998851
1.34999967
4.07999546
2.35000000
2.53000000
1.45733508
2.39000000
0.93999983
0.23510397
3.28999988
1.23999965
2.86000000
2.07000000
1.91999999
2.93986603
2.89000000
4.57588116
0.04000000
0.63999999
4.79885426
4.08991109
6.08268921
1.65962004
2.99762593
5.51335031
0.61724266
3.22000000
1.03482910
5.59135989
0.30999999
5.18648000
0.70923284
4.95297088
3.43000000
0.72999973
0.11997073
5.99446839
2.60999994
4.50999997
0.94987171
3.21963473
1.78998437
2.71000000
3.02000000
3.96000000
1.84000000
4.12000000
3.91871629
0.89999946
6.09341318
0.66000000
4.03000000
3.60415059
5.61009350
3.55999939
3.27000000
5.76090430
4.50999994
5.76464371
1.79000000
2.16999999
3.87998121
3.76086776
0.43000000
0.07896837
3.86999999
4.03000000
5.06680692
5.84129466
0.99000000
2.23995798
1.18000000
0.61000000
1.47999733
4.52999998
1.11000000
4.48000000
4.27975439
4.08000000
4.20979078
2.54000000
2.64977308
0.99999737
5.61388890
3.40000000
1.24000000
2.14999998
4.93000000
5.71104340
0.42999954
0.97913968
1.93363671
4.10998935
5.01087764
2.25881981
3.72989708
2.31999895
2.65999986
5.40093107
1.45000000
6.17299672
5.73171320
2.70000000
2.37998056
2.03376975
3.65999968
1.93000000
6.11473890
3.16000000
5.53011517
5.35387546
1.50999997
0.42395879
2.28000000
3.72999549
6.14692066
4.00435679
3.23999929
1.06568768
0.13999989
6.02206751
4.00000000
0.72999791
5.28879218
6.24457505
0.58728921
3.46594363
4.26998796
3.85941725
3.09000000
1.59000000
2.50999802
6.10793949
3.60999986
2.66999952
1.95627299
5.14315379
1.63124432
1.13999995
1.04999186
2.75999848
3.76849199
1.33634547
4.87999950
6.11088391
4.08997110
2.20997309
4.59000000
3.64999990
0.70977523
3.24999903
0.03000000
0.05000000
5.52540285
6.21176767
6.16019937
5.83159053
1.83000000
3.41000000
3.67000000
5.97339653
2.21834096
5.66883823
1.51999570
0.01999963
0.59892749
2.53999210
2.95000000
5.97425578
1.36000000
0.10999931
0.15000000
2.67999893
4.39999897
6.25547426
0.61981818
0.85000000
5.43206635
0.94989559
0.83874247
0.46992907
1.82000000
6.07105368
2.67639794
4.56929271
3.49996596
3.37000000
1.90999976
3.21919280
3.42998624
5.68665242
0.44999996
4.48000000
4.34000000
4.12000000
3.98000000
4.26999953
5.20147956
1.87986155
1.37999995
4.23997779
2.43000000
6.12300726
4.95000000
1.94992744
3.82858334
3.73159131
5.46101666
1.45999995
4.94000000
6.27980053
1.47999999
6.02760618
5.90067953
0.04977348
5.64994985
3.46000000
2.90620226
3.53163023
3.93000000
1.58000000
4.58000000
3.33999998
4.78150401
0.96867403
1.68000000
3.69996338
0.37956706
1.13000000
2.64000000
4.78841179
3.11000000
1.36936845
2.91999986
5.81126564
2.03000000
5.90357848
3.99998668
1.66999964
5.34040609
3.60999999
2.65000000
1.46999997
2.04000000
0.64000000
1.40000000
4.26000000
5.13913788
2.12998637
1.99757966
5.92391957
0.33988481
1.96000000
0.06000000
4.47000000
1.43000000
3.70999998
0.38934085
4.71000000
5.37427481
4.69998675
2.15999992
2.57000000
5.89943897
0.36000000
3.93487483
3.24999661
3.65998890
6.20018244
0.13000000
0.40999999
3.74999997
3.22983616
0.59997010
4.15999965
4.58999964
4.02853387
2.82999980
5.34692283
2.59915562
1.64981886
3.55978054
2.10999992
1.39990662
2.22999998
3.98000000
0.67000000
4.34000000
3.13229941
3.13978547
2.20992795
1.17278390
5.78813216
4.14000000
4.05999924
1.85000000
4.56997548
1.89864708
3.92999746
6.26626617
2.41978306
6.19905000
2.99999935
4.57999999
0.66767237
4.78000000
0.45999997
0.42999279
1.29999804
2.24983211
2.61000000
2.35976722
0.94999998
5.16379834
5.16178839
2.31447696
0.41999994
1.96999950
4.45989832
0.87973107
5.56191126
5.61981274
2.92999692
3.56000000
1.91990548
0.88999858
1.48998262
3.01000000
5.11121933
2.62108257
4.61997608
2.66226701
0.91875692
6.04769446
2.54616841
1.87999853
3.88000000
5.54384712
4.84000000
2.34000000
0.05999982
2.57951238
4.06998749
1.52245298
5.05615343
4.46000000
5.03681376
5.99696586
3.42999935
2.75000000
3.98258745
5.62554965
3.42935094
5.97124868
5.27847935
0.05000000
2.84000000
4.46999927
5.80103967
1.11000000
3.83997637
5.51917942
4.16868178
6.16709600
2.32999999
4.98213183
4.86998177
5.47576523
0.52000000
1.59999052
4.58430042
2.43000000
1.85717411
5.81569335
4.24997417
3.53000000
3.77061256
1.97994509
5.63451871
0.58000000
2.11000000
5.57166203
1.01491066
0.30998994
1.20987049
5.12205710
1.13999850
4.85999633
5.73627889
1.96999998
2.61000000
2.71733825
5.87922013
5.64669860
4.52994872
4.47573525
3.09314936
4.91022788
6.09957460
3.64999999
4.72961672
4.57000000
1.33000000
0.16992069
5.12716023
2.07997763
5.23955248
5.42070911
1.54999997
1.33999901
2.13507853
4.03000000
0.87997912
1.01988095
5.45502102
5.57555104
4.74755397
1.10000000
4.58000000
4.43768729
1.01000000
2.44999954
3.00999905
2.36999997
3.94000000
1.94000000
0.82994470
2.93000000
6.22189140
6.24616907
6.22097624
0.62030772
0.59904791
2.05999930
0.62000000
0.00000000
4.07747222
0.18067303
2.78399799
4.27521457
4.35515302
4.12839175
3.55418592
4.01443247
2.62868552
0.09671401
1.01834453
4.48326003
0.10921366
4.34816781
4.46248204
0.29776267
4.39950524
1.10548472
4.62426870
3.17660085
1.09896908
2.31465610
3.47261261
3.17844002
5.66590308
3.39327930
5.95158651
3.45739094
3.84594933
1.96907655
1.81207129
0.00000000
2.72125457
1.00222690
0.61884297
3.85739610
5.56651525
0.15174044
0.44942161
2.70653225
0.67629671
1.34306414
2.21455779
0.26283628
0.35515832
2.30940542
4.93139716
1.95540363
3.20551335
3.29355794
1.85996634
0.29582534
4.95000000
4.94000000
4.93000000
4.92814894
4.36693812
4.87999283
4.53200979
4.86976239
4.86998422
4.85998079
0.82551725
4.84000000
4.81917302
4.77999999
4.78000000
4.52558226
4.74386460
4.72943825
4.71000000
5.68283250
4.69998926
0.14682042
4.61999904
4.59000000
4.58999976
4.57538369
4.58000000
4.58000000
4.58000000
4.56904151
4.56999450
4.57000000
4.52999995
4.52999903
4.50999996
4.50999991
4.47997603
4.48000000
4.48000000
4.46553338
4.47000000
4.46999962
4.45997645
4.46000000
4.44999679
5.47985376
4.39999996
4.34000000
4.34000000
4.17718524
4.27995020
4.26999871
4.26999988
4.26000000
4.24984215
4.24929766
4.23966759
4.22998343
4.20956676
4.16789733
4.15999999
4.13999998
4.12000000
4.12000000
4.10999990
3.97686913
4.08948761
4.08998153
4.07999860
4.08000000
4.06998886
4.05999882
4.03000000
4.03000000
4.02970513
4.03000000
4.00518037
4.00000000
3.99999609
3.98717614
3.98000000
3.98000000
3.96000000
3.55210791
3.93917313
3.94000000
3.93000000
3.93000000
3.92999677
5.11186514
3.91992491
3.88000000
3.88000000
3.87000000
3.85983367
3.83994299
3.82665589
3.76087534
3.76635685
3.75955492
3.74999993
3.73341881
3.72998296
3.72999969
4.48822555
4.72922334
3.67114383
3.71000000
3.69999928
3.62087409
3.67000000
3.65999992
3.65995250
3.65000000
3.64999796
4.45454451
3.61897678
3.60725397
4.37288941
3.60997955
3.61000000
4.37094378
3.55999934
3.55946219
3.56000000
3.53000000
4.34802480
3.49989171
3.45996907
3.46000000
3.43000000
3.42987130
3.42999981
3.42793491
4.13404213
3.41000000
3.40000000
3.37000000
3.33999954
3.28999929
3.99649014
4.17413113
3.27000000
3.24999901
3.24999847
3.23999683
3.22988276
3.22000000
3.21823856
3.21829221
3.16000000
2.90400030
3.12616363
3.13982255
3.82739610
3.11000000
3.09321401
3.09000000
3.75812264
2.78506181
3.02000000
3.00387535
3.01000000
3.00999997
2.99979152
2.99999979
2.84594791
2.95000000
2.93997674
2.92998593
2.93000000
2.91999970
2.88999999
3.45329760
2.86000000
3.47740470
2.84000000
2.82999999
2.82980694
2.82999993
2.80000000
3.39709622
2.68407264
2.76979140
2.75999747
3.40635321
2.65230131
2.75000000
2.71000000
2.70000000
2.67999513
2.66711497
2.66999101
2.65999985
2.64998826
2.65000000
2.64000000
2.53909560
2.61999989
3.19154042
2.60999996
2.61000000
2.61000000
2.59747738
2.57927326
2.57000000
2.54000000
2.53999482
3.11934971
2.53000000
2.50999975
3.18255787
3.06299279
2.44492802
2.44999958
2.43000000
2.43000000
2.41999998
2.41999151
2.39000000
2.37966371
2.37998449
2.37000000
2.36999998
2.35993887
2.35000000
2.30988504
2.34000000
2.32167590
2.33000000
2.31999999
2.31999891
2.28000000
2.25931679
2.20618247
2.71842626
2.23272757
2.76416988
2.23994729
2.01359371
2.22999181
2.21901096
2.20980298
2.20996864
2.16999997
2.15999988
2.14999970
2.74519780
2.12999921
2.10999996
2.11000000
2.07995233
2.58821266
2.07000000
2.05987172
2.02082526
2.05999999
2.03999976
2.04000000
2.03000000
1.99508592
1.94680835
1.97997255
1.96999985
1.96999997
1.96000000
1.94642217
1.94981325
1.94000000
1.93000000
1.92000000
1.91994191
1.90999988
1.89846176
1.87992854
1.87999965
2.27155044
1.85887027
1.84999955
1.85000000
1.84000000
1.83000000
1.82000000
1.78997352
1.79000000
1.75047238
1.75000000
2.19185023
1.72000000
2.20673482
1.71000000
1.69999999
1.67999999
1.66999950
1.65998485
1.65867598
1.64944524
1.61616637
1.63000000
1.96979104
1.59999934
1.95013812
1.59000000
1.58000000
1.54999996
1.52066846
1.51999796
1.50956697
1.50999998
1.48347863
1.48996729
1.47999763
1.47999998
1.46999996
1.45999994
1.45000000
1.43000000
1.41000000
1.40000000
1.39994269
1.81022859
1.78954846
1.37999996
1.36949960
1.35713166
1.36000000
1.34999931
1.33813015
1.33999839
1.33000000
1.29999707
1.23999831
1.24000000
1.20991274
1.18000000
1.17274870
1.13999998
1.13999301
1.06278956
1.13000000
1.09201818
1.11000000
1.11000000
1.10000000
1.01937756
1.04999396
1.03999999
1.01976156
1.01000000
1.31988799
0.99999848
0.99000000
0.97955397
0.94996704
0.94991600
0.94999986
0.93999980
0.92878691
1.11224071
0.89999988
0.88999665
0.87947426
0.87998376
0.85000000
0.83913893
1.09456674
0.82999780
0.82986011
1.00273170
1.03234559
0.77995483
0.73999996
0.72999978
0.72999839
0.70947302
0.70982636
0.66969615
0.67000000
0.66721711
0.65999999
0.63999999
0.64000000
0.61892721
0.62082373
0.61889532
0.59322452
0.62000000
0.61000000
0.60254067
0.59996907
0.58718510
0.58000000
0.68700214
0.52999976
0.52000000
0.61929568
0.46991006
0.45999995
0.42723318
0.44999994
0.43000000
0.42999943
0.42999539
0.42000000
0.41999993
0.40999999
0.38950980
0.37962363
0.37000000
0.44854972
0.36000000
0.33984329
0.31998022
0.31000000
0.30999052
0.35668474
0.24997691
0.23998990
0.23449772
0.23000000
0.30168966
0.29811937
0.26144284
0.16991485
0.15000000
0.18069333
0.13999989
0.13000000
0.11996516
0.15110973
0.10999938
0.14656880
0.10919947
0.07888609
0.09675108
0.06000000
0.05999983
0.05000000
0.04976737
0.05000000
0.04000000
0.03000000
0.02000000
0.01999963
0.00000000
0.00000000
