-6.95427391
-4.13034979
68.95029069
88.10265015
3.49483925
15.46496379
23.59734908
-0.61957471
2.64291465
21.23406111
25.87588427
33.37826529
0.11845169
-1.37663102
-1.73714602
-0.07030415
2.85222131
-22.23337066
-4.41309496
30.17943582
2.67656808
0.26667910
67.39847632
4.50865967
22.86739121
-2.90439887
-48.34585725
-63.82061076
20.66456007
111.10032181
-23.74683030
0.16280394
1.15752051
15.46645697
17.83311479
-0.39099584
6.56252710
-0.41444730
-47.44098634
11.72129346
-40.02044433
15.84534973
-0.53006445
10.18405497
111.68408344
-9.78922194
44.60374667
0.75090653
-0.20202943
0.07841620
3.38189468
-5.70096844
-33.93566074
-0.63738568
12.08517284
-20.94060005
-18.42614468
14.99556377
-62.57893076
-3.45663208
-1.68323099
-0.51685965
0.39099584
-47.69820171
-59.82775519
13.55831435
-28.09538461
-28.40253167
-0.73411765
-88.23840348
4.99732002
0.32362996
45.42564373
6.83746855
0.42416904
-38.38998890
-9.12235723
-25.97911429
-1.29604025
31.14901887
5.23699083
-10.11374960
0.03157800
-0.96941011
-0.83529164
0.41619438
72.80305428
-73.37426927
-1.09230025
-1.10733421
41.86869733
-25.21507146
-34.54139912
6.59851228
-0.56359416
-24.45746201
-45.93615029
-44.87899461
5.69926065
0.22576768
7.69314954
0.92056578
8.87603692
16.10389716
17.90494302
-3.33073289
0.10449297
-7.60972253
0.25492944
0.58652379
-1.18928947
90.44457237
-28.95170385
62.53270699
-102.82961924
-0.68172013
1.16113134
17.93830341
-1.35681003
-10.94446867
38.46234775
-1.03096267
-29.23630764
-42.23525521
13.67924009
34.49674125
40.28694298
85.13246342
0.40966914
-18.02976121
-66.99758048
-0.14925347
-110.83400473
23.99139557
-1.50933136
-1.69004794
-8.00103032
-0.74822934
-9.33094166
-15.94332669
-1.20772866
-10.85486671
-20.15177857
-17.01939936
13.97056694
-0.72340533
-0.17274880
-0.05682642
40.39072204
14.52449640
-36.76297620
11.20772835
-5.32094998
6.44426551
31.09892546
0.00000000
-14.01077160
0.09262229
0.22062653
-38.73543041
1.21208338
67.77484295
-11.86827784
-52.15422782
-17.78732339
71.40381849
-15.56017207
35.91920065
-15.20192640
-0.37230089
-37.78122511
82.69733054
49.06964744
0.63298083
-33.20489579
33.13845298
15.67156709
0.38561308
19.02497268
-15.44652884
7.16670190
35.06680895
-0.65058976
-3.32584638
4.91250981
-3.09865729
61.27691308
38.01579132
-0.15598073
-19.05499270
-36.21176738
2.07636536
18.81224647
33.44570573
-109.79752175
-30.94332371
0.00829411
-23.87778149
2.16882577
7.04556332
0.08150149
55.89059386
-0.01147247
-44.49434552
-1.83649456
-14.45422364
-0.23455123
-53.37094683
-0.13252245
7.84200830
-66.02589800
5.12072430
-18.63374387
-15.51210245
0.60651889
-50.29019827
0.00000000
-11.74764396
-5.03706870
1.12778811
109.96374854
0.23638933
-37.06670515
-4.18748700
8.68518836
-0.79313108
0.00000000
-0.46243627
-11.79980456
-68.31033042
-17.40935739
0.00000000
8.79015027
27.84382218
-0.11484030
-0.01196082
-26.57058286
-0.29172216
-7.80553385
-16.59931377
-71.98782766
0.72577300
11.09737124
10.71911267
-45.25081929
15.22578458
-0.00033617
-42.87595003
-47.64890926
18.72089145
-15.11965618
-91.84969031
-0.34210735
32.05927779
35.07538724
45.74871715
-4.83827422
49.42907220
-141.89933614
52.75475320
17.28589359
-0.52088025
32.45903165
-0.36410876
22.89719733
72.67254441
0.64215515
-23.95682403
1.09778203
-1.44354976
-70.12509376
-34.21747557
-8.80332690
14.90775150
11.90713531
-11.34484916
-22.49864636
-0.12566829
-0.38020563
17.14391073
-3.08658704
55.87324406
-13.54254699
-18.03124854
-27.75102294
-12.42242993
-0.86167826
-32.85593442
-30.90571065
-0.63085108
-0.14821888
-21.60094198
29.05598720
32.11943703
0.34497272
0.64123337
0.77819245
33.09584300
1.33031481
-52.95759922
-46.86003737
-9.49335269
-32.68502009
0.63312982
-55.50722677
0.00000000
0.39218723
57.44663029
45.89403410
-14.61114732
-7.36477294
0.01656748
1.47332499
15.54246733
4.65715507
-1.60602336
-35.98787432
-12.31052566
0.78257613
46.83933780
-53.24980829
-0.58162396
-0.11051843
-62.35921672
-20.45185783
0.39396374
0.28758333
39.37681229
0.07315225
-5.03610213
4.38406986
8.46321867
9.71948553
-18.48588640
-21.21082411
0.00000000
22.37980597
-0.17579618
37.81256310
6.37614752
-8.49254620
31.64929617
37.80087117
-15.86651600
42.38625715
-1.18403157
1.75721100
-35.23044643
0.82771191
-14.58374289
-29.52667437
31.06833015
-0.37943139
-35.24627445
40.19678716
-82.68805725
-0.38527692
0.03172712
-0.01656748
0.00030517
87.28347829
32.41815891
64.12232334
1.74373394
-0.07592245
0.00000000
0.22967014
18.14903672
-66.99162618
-0.18313056
-113.38052137
0.00325676
-4.34328309
3.19327713
-45.13717072
74.22622632
-12.06172090
0.01290407
1.16115945
-37.71232687
-18.17501632
-2.18741459
-0.03209516
24.99353962
-33.84991327
0.02175820
-28.85429976
2.46648814
43.45345693
0.20315276
-4.96497471
-11.19988314
22.58350113
-69.35270872
-7.48232344
0.00000000
29.41469236
-10.85941383
0.23178739
-0.30128108
0.30619905
-67.78757825
-46.26979163
16.34703419
-18.30592936
1.85830525
-0.47283164
0.76681616
49.81891048
-22.01329783
-31.85068670
-15.06584578
-13.33284815
-1.45026521
138.14879045
-0.21993710
-10.55892563
0.49912205
-3.92715675
-1.42536878
-32.66511050
0.16427199
-0.71778517
13.58971942
-0.55865959
-7.46356539
1.83954939
0.49098155
6.26337340
0.00215258
39.77392345
-6.03087139
62.80561642
-12.89981135
34.50464855
0.00687955
63.35481450
0.32530100
5.71052055
0.71722383
13.48311325
0.29185681
1.93122906
0.00000000
0.46380016
0.00000000
2.38732584
49.08078311
0.13556056
-59.16690170
67.92215483
-33.90291509
-33.21040961
-66.50738603
-12.84981579
0.10369408
59.49675350
11.73257906
113.29690108
17.77543657
-12.61706104
0.51878758
5.19150690
9.23410733
7.72634234
21.42969542
-46.87465706
44.61403775
-0.77510689
-14.55446865
0.70889513
-0.18453667
-0.40438278
0.46917674
10.71217764
0.35198264
-6.81029696
73.73129449
-43.86360412
0.82532866
-17.25125797
-12.00819426
4.47565389
4.14471382
-1.29796143
-0.00658555
29.22656975
45.17412556
0.55283705
7.25695886
-16.12455337
133.12621679
-10.44995446
0.00658555
-7.38985043
0.69538137
1.52494924
-52.71536573
-0.68840769
13.17004376
-1.80456999
0.18591675
3.79830913
-0.04109424
-9.53924547
-1.88482080
0.41774887
9.45604801
-39.04930811
50.21401715
17.41713779
-0.83257611
-0.30269832
-0.03193947
-37.43468956
-2.46651592
1.63675077
-5.80980928
-12.41644137
-7.31181992
5.84252308
-47.78768769
15.87575273
-0.13070546
-0.68400271
12.23052462
-0.38639144
25.39595805
-0.26620256
0.13070546
9.71467809
0.00000000
-0.27759041
0.06447499
0.26620256
0.85016269
0.38639144
51.60992497
0.48975733
-3.29245331
34.86631328
-16.61299550
0.88283603
-67.00946452
-10.50937287
67.13840147
-50.45022651
10.69798340
36.59474535
25.13309129
1.59345298
