0.92500000
4.71000000
3.45000000
1.07000000
1.21500000
1.59000000
2.47500000
4.39000000
4.50000000
2.20500000
5.05000000
0.19000000
6.02500000
3.76000000
5.26500000
1.04000000
2.57000000
1.75500000
2.96500000
3.40000000
0.18500000
0.91000000
0.12000000
3.20000000
0.85000000
4.37500000
3.76000000
0.04000000
1.04500000
0.21000000
2.26000000
5.93500000
0.43000000
4.28500000
3.95500000
1.01000000
6.10500000
0.23500000
0.65500000
4.28000000
2.27000000
0.84000000
0.37000000
2.96500000
4.41000000
1.15500000
4.14000000
4.93000000
1.93000000
1.40500000
4.04500000
3.46000000
4.05500000
3.52500000
0.56500000
5.93500000
3.61500000
2.30000000
1.10000000
5.11000000
1.87500000
5.61000000
0.50500000
4.02500000
0.62000000
1.75500000
1.28000000
1.96500000
2.34000000
3.48000000
0.45000000
5.45500000
3.35000000
1.48000000
0.16500000
3.39000000
0.00000000
1.49000000
0.40500000
2.66000000
4.37500000
5.41000000
3.06000000
4.42000000
0.02000000
1.73500000
4.47500000
4.25000000
2.09500000
5.70500000
5.75000000
4.02000000
5.25000000
5.97500000
4.45500000
0.12000000
0.20000000
1.63500000
0.05500000
2.09000000
0.05500000
0.04000000
0.02000000
0.00000000
6.10500000
6.02500000
5.97500000
5.93500000
5.93500000
5.75000000
5.70500000
5.61000000
5.45500000
5.41000000
5.26500000
5.25000000
5.11000000
5.05000000
4.93000000
4.71000000
4.50000000
4.47500000
4.45500000
4.42000000
4.41000000
4.39000000
4.37500000
4.37500000
4.28500000
4.28000000
4.25000000
4.14000000
4.05500000
4.04500000
4.02500000
4.02000000
3.95500000
3.76000000
3.76000000
3.61500000
3.52500000
3.48000000
3.46000000
3.45000000
3.40000000
3.39000000
3.35000000
3.20000000
3.06000000
2.96500000
2.96500000
2.66000000
2.57000000
2.47500000
2.34000000
2.30000000
2.27000000
2.26000000
2.20500000
2.09500000
2.09000000
1.96500000
1.93000000
1.87500000
1.75500000
1.75500000
1.73500000
1.63500000
1.59000000
1.49000000
1.48000000
1.40500000
1.28000000
1.21500000
1.15500000
1.10000000
1.07000000
1.04500000
1.04000000
1.01000000
0.92500000
0.91000000
0.85000000
0.84000000
0.65500000
0.62000000
0.56500000
0.50500000
0.45000000
0.43000000
0.40500000
0.37000000
0.23500000
0.21000000
0.20000000
0.19000000
0.18500000
0.16500000
0.12000000
0.12000000
0.05500000
0.05500000
0.04000000
0.04000000
0.02000000
0.02000000
0.00000000
0.00000000
6.10500000
6.10500000
6.02500000
6.02500000
5.97500000
5.97500000
5.93500000
5.93500000
5.93500000
5.93500000
5.75000000
5.75000000
5.70500000
5.70500000
5.61000000
5.61000000
5.45500000
5.45500000
5.41000000
5.41000000
5.26500000
5.26500000
5.25000000
5.25000000
5.11000000
5.11000000
5.05000000
5.05000000
4.93000000
4.93000000
4.71000000
4.71000000
4.50000000
4.50000000
4.47500000
4.47500000
4.45500000
4.45500000
4.42000000
4.42000000
4.41000000
4.41000000
4.39000000
4.39000000
4.37500000
4.37500000
4.37500000
4.37500000
4.28500000
4.28500000
4.28000000
4.28000000
4.25000000
4.25000000
4.14000000
4.14000000
4.05500000
4.05500000
4.04500000
4.04500000
4.02500000
4.02500000
4.02000000
4.02000000
3.95500000
3.95500000
3.76000000
3.76000000
3.76000000
3.76000000
3.61500000
3.61500000
3.52500000
3.52500000
3.48000000
3.48000000
3.46000000
3.46000000
3.45000000
3.45000000
3.40000000
3.40000000
3.39000000
3.39000000
3.35000000
3.35000000
3.20000000
3.20000000
3.06000000
3.06000000
2.96500000
2.96500000
2.96500000
2.96500000
2.66000000
2.66000000
2.57000000
2.57000000
2.47500000
2.47500000
2.34000000
2.34000000
2.30000000
2.30000000
2.27000000
2.27000000
2.26000000
2.26000000
2.20500000
2.20500000
2.09500000
2.09500000
2.09000000
2.09000000
1.96500000
1.96500000
1.93000000
1.93000000
1.87500000
1.87500000
1.75500000
1.75500000
1.75500000
1.75500000
1.73500000
1.73500000
1.63500000
1.63500000
1.59000000
1.59000000
1.49000000
1.49000000
1.48000000
1.48000000
1.40500000
1.40500000
1.28000000
1.28000000
1.21500000
1.21500000
1.15500000
1.15500000
1.10000000
1.10000000
1.07000000
1.07000000
1.04500000
1.04500000
1.04000000
1.04000000
1.01000000
1.01000000
0.92500000
0.92500000
0.91000000
0.91000000
0.85000000
0.85000000
0.84000000
0.84000000
0.65500000
0.65500000
0.62000000
0.62000000
0.56500000
0.56500000
0.50500000
0.50500000
0.45000000
0.45000000
0.43000000
0.43000000
0.40500000
0.40500000
0.37000000
0.37000000
0.23500000
0.23500000
0.21000000
0.21000000
0.20000000
0.20000000
0.19000000
0.19000000
0.18500000
0.18500000
0.16500000
0.16500000
0.12000000
0.12000000
0.12000000
0.12000000
0.05500000
0.05500000
0.05500000
0.05500000
0.04000000
0.04000000
0.04000000
0.04000000
0.02000000
0.02000000
0.02000000
0.02000000
0.00000000
0.00000000
0.00000000
0.00000000
6.10500000
6.10500000
6.10500000
6.10500000
6.02500000
6.02500000
6.02500000
6.02500000
5.97500000
5.97500000
5.97500000
5.97500000
5.93500000
5.93500000
5.93500000
5.93500000
5.93500000
5.93500000
5.93500000
5.93500000
5.75000000
5.75000000
5.75000000
5.75000000
5.70500000
5.70500000
5.70500000
5.70500000
5.61000000
5.61000000
5.61000000
5.61000000
5.45500000
5.45500000
5.45500000
5.45500000
5.41000000
5.41000000
5.41000000
5.41000000
5.26500000
5.26500000
5.26500000
5.26500000
5.25000000
5.25000000
5.25000000
5.25000000
5.11000000
5.11000000
5.11000000
5.11000000
5.05000000
5.05000000
5.05000000
5.05000000
4.93000000
4.93000000
4.93000000
4.93000000
4.71000000
4.71000000
4.71000000
4.71000000
4.50000000
4.50000000
4.50000000
4.50000000
4.47500000
4.47500000
4.47500000
4.47500000
4.45500000
4.45500000
4.45500000
4.45500000
4.42000000
4.42000000
4.42000000
4.42000000
4.41000000
4.41000000
4.41000000
4.41000000
4.39000000
4.39000000
4.39000000
4.39000000
4.37500000
4.37500000
4.37500000
4.37500000
4.37500000
4.37500000
4.37500000
4.37500000
4.28500000
4.28500000
4.28500000
4.28500000
4.28000000
4.28000000
4.28000000
4.28000000
4.25000000
4.25000000
4.25000000
4.25000000
4.14000000
4.14000000
4.14000000
4.14000000
4.05500000
4.05500000
4.05500000
4.05500000
4.04500000
4.04500000
4.04500000
4.04500000
4.02500000
4.02500000
4.02500000
4.02500000
4.02000000
4.02000000
4.02000000
4.02000000
3.95500000
3.95500000
3.95500000
3.95500000
3.76000000
3.76000000
3.76000000
3.76000000
3.76000000
3.76000000
3.76000000
3.76000000
3.61500000
3.61500000
3.61500000
3.61500000
3.52500000
3.52500000
3.52500000
3.52500000
3.48000000
3.48000000
3.48000000
3.48000000
3.46000000
3.46000000
3.46000000
3.46000000
3.45000000
3.45000000
3.45000000
3.45000000
3.40000000
3.40000000
3.40000000
3.40000000
3.39000000
3.39000000
3.39000000
3.39000000
3.35000000
3.35000000
3.35000000
3.35000000
3.20000000
3.20000000
3.20000000
3.20000000
3.06000000
3.06000000
3.06000000
3.06000000
2.96500000
2.96500000
2.96500000
2.96500000
2.96500000
2.96500000
2.96500000
2.96500000
2.66000000
2.66000000
2.66000000
2.66000000
2.57000000
2.57000000
2.57000000
2.57000000
2.47500000
2.47500000
2.47500000
2.47500000
2.34000000
2.34000000
2.34000000
2.34000000
2.30000000
2.30000000
2.30000000
2.30000000
2.27000000
2.27000000
2.27000000
2.27000000
2.26000000
2.26000000
2.26000000
2.26000000
2.20500000
2.20500000
2.20500000
2.20500000
2.09500000
2.09500000
2.09500000
2.09500000
2.09000000
2.09000000
2.09000000
2.09000000
1.96500000
1.96500000
1.96500000
1.96500000
1.93000000
1.93000000
1.93000000
1.93000000
1.87500000
1.87500000
1.87500000
1.87500000
1.75500000
1.75500000
1.75500000
1.75500000
1.75500000
1.75500000
1.75500000
1.75500000
1.73500000
1.73500000
1.73500000
1.73500000
1.63500000
1.63500000
1.63500000
1.63500000
1.59000000
1.59000000
1.59000000
1.59000000
1.49000000
1.49000000
1.49000000
1.49000000
1.48000000
1.48000000
1.48000000
1.48000000
1.40500000
1.40500000
1.40500000
1.40500000
1.28000000
1.28000000
1.28000000
1.28000000
1.21500000
1.21500000
1.21500000
1.21500000
1.15500000
1.15500000
1.15500000
1.15500000
1.10000000
1.10000000
1.10000000
1.10000000
1.07000000
1.07000000
1.07000000
1.07000000
1.04500000
1.04500000
1.04500000
1.04500000
1.04000000
1.04000000
1.04000000
1.04000000
1.01000000
1.01000000
1.01000000
1.01000000
0.92500000
0.92500000
0.92500000
0.92500000
0.91000000
0.91000000
0.91000000
0.91000000
0.85000000
0.85000000
0.85000000
0.85000000
0.84000000
0.84000000
0.84000000
0.84000000
0.65500000
0.65500000
0.65500000
0.65500000
0.62000000
0.62000000
0.62000000
0.62000000
0.56500000
0.56500000
0.56500000
0.56500000
0.50500000
0.50500000
0.50500000
0.50500000
0.45000000
0.45000000
0.45000000
0.45000000
0.43000000
0.43000000
0.43000000
0.43000000
0.40500000
0.40500000
0.40500000
0.40500000
0.37000000
0.37000000
0.37000000
0.37000000
0.23500000
0.23500000
0.23500000
0.23500000
0.21000000
0.21000000
0.21000000
0.21000000
0.20000000
0.20000000
0.20000000
0.20000000
0.19000000
0.19000000
0.19000000
0.19000000
0.18500000
0.18500000
0.18500000
0.18500000
0.16500000
0.16500000
0.16500000
0.16500000
0.12000000
0.12000000
0.12000000
0.12000000
0.12000000
0.12000000
0.12000000
0.12000000
0.05500000
0.05500000
0.05500000
0.05500000
0.05500000
0.05500000
0.05500000
0.05500000
0.04000000
0.04000000
0.04000000
0.04000000
0.04000000
0.04000000
0.04000000
0.04000000
0.02000000
0.02000000
0.02000000
0.02000000
0.02000000
0.02000000
0.02000000
0.02000000
0.00000000
0.00000000
0.00000000
0.00000000
0.00000000
0.00000000
0.00000000
0.00000000
