1.42500000
5.21000000
3.95000000
1.57000000
1.71500000
2.09000000
2.97500000
4.89000000
5.00000000
2.70500000
5.55000000
0.69000000
0.24000000
4.26000000
5.76500000
1.54000000
3.07000000
2.25500000
3.46500000
3.90000000
0.68500000
1.41000000
0.62000000
3.70000000
1.35000000
4.87500000
4.26000000
0.54000000
1.54500000
0.71000000
2.76000000
0.15000000
0.93000000
4.78500000
4.45500000
1.51000000
0.32000000
0.73500000
1.15500000
4.78000000
2.77000000
1.34000000
0.87000000
3.46500000
4.91000000
1.65500000
4.64000000
5.43000000
2.43000000
1.90500000
4.54500000
3.96000000
4.55500000
4.02500000
1.06500000
0.15000000
4.11500000
2.80000000
1.60000000
5.61000000
2.37500000
6.11000000
1.00500000
4.52500000
1.12000000
2.25500000
1.78000000
2.46500000
2.84000000
3.98000000
0.95000000
5.95500000
3.85000000
1.98000000
0.66500000
3.89000000
0.50000000
1.99000000
0.90500000
3.16000000
4.87500000
5.91000000
3.56000000
4.92000000
0.52000000
2.23500000
4.97500000
4.75000000
2.59500000
6.20500000
6.25000000
4.52000000
5.75000000
0.19000000
4.95500000
0.62000000
0.70000000
2.13500000
0.55500000
2.59000000
0.55500000
0.54000000
0.52000000
0.50000000
0.32000000
0.24000000
0.19000000
0.15000000
0.15000000
6.25000000
6.20500000
6.11000000
5.95500000
5.91000000
5.76500000
5.75000000
5.61000000
5.55000000
5.43000000
5.21000000
5.00000000
4.97500000
4.95500000
4.92000000
4.91000000
4.89000000
4.87500000
4.87500000
4.78500000
4.78000000
4.75000000
4.64000000
4.55500000
4.54500000
4.52500000
4.52000000
4.45500000
4.26000000
4.26000000
4.11500000
4.02500000
3.98000000
3.96000000
3.95000000
3.90000000
3.89000000
3.85000000
3.70000000
3.56000000
3.46500000
3.46500000
3.16000000
3.07000000
2.97500000
2.84000000
2.80000000
2.77000000
2.76000000
2.70500000
2.59500000
2.59000000
2.46500000
2.43000000
2.37500000
2.25500000
2.25500000
2.23500000
2.13500000
2.09000000
1.99000000
1.98000000
1.90500000
1.78000000
1.71500000
1.65500000
1.60000000
1.57000000
1.54500000
1.54000000
1.51000000
1.42500000
1.41000000
1.35000000
1.34000000
1.15500000
1.12000000
1.06500000
1.00500000
0.95000000
0.93000000
0.90500000
0.87000000
0.73500000
0.71000000
0.70000000
0.69000000
0.68500000
0.66500000
0.62000000
0.62000000
0.55500000
0.55500000
0.54000000
0.54000000
0.52000000
0.52000000
0.50000000
0.50000000
0.32000000
0.32000000
0.24000000
0.24000000
0.19000000
0.19000000
0.15000000
0.15000000
0.15000000
0.15000000
6.25000000
6.25000000
6.20500000
6.20500000
6.11000000
6.11000000
5.95500000
5.95500000
5.91000000
5.91000000
5.76500000
5.76500000
5.75000000
5.75000000
5.61000000
5.61000000
5.55000000
5.55000000
5.43000000
5.43000000
5.21000000
5.21000000
5.00000000
5.00000000
4.97500000
4.97500000
4.95500000
4.95500000
4.92000000
4.92000000
4.91000000
4.91000000
4.89000000
4.89000000
4.87500000
4.87500000
4.87500000
4.87500000
4.78500000
4.78500000
4.78000000
4.78000000
4.75000000
4.75000000
4.64000000
4.64000000
4.55500000
4.55500000
4.54500000
4.54500000
4.52500000
4.52500000
4.52000000
4.52000000
4.45500000
4.45500000
4.26000000
4.26000000
4.26000000
4.26000000
4.11500000
4.11500000
4.02500000
4.02500000
3.98000000
3.98000000
3.96000000
3.96000000
3.95000000
3.95000000
3.90000000
3.90000000
3.89000000
3.89000000
3.85000000
3.85000000
3.70000000
3.70000000
3.56000000
3.56000000
3.46500000
3.46500000
3.46500000
3.46500000
3.16000000
3.16000000
3.07000000
3.07000000
2.97500000
2.97500000
2.84000000
2.84000000
2.80000000
2.80000000
2.77000000
2.77000000
2.76000000
2.76000000
2.70500000
2.70500000
2.59500000
2.59500000
2.59000000
2.59000000
2.46500000
2.46500000
2.43000000
2.43000000
2.37500000
2.37500000
2.25500000
2.25500000
2.25500000
2.25500000
2.23500000
2.23500000
2.13500000
2.13500000
2.09000000
2.09000000
1.99000000
1.99000000
1.98000000
1.98000000
1.90500000
1.90500000
1.78000000
1.78000000
1.71500000
1.71500000
1.65500000
1.65500000
1.60000000
1.60000000
1.57000000
1.57000000
1.54500000
1.54500000
1.54000000
1.54000000
1.51000000
1.51000000
1.42500000
1.42500000
1.41000000
1.41000000
1.35000000
1.35000000
1.34000000
1.34000000
1.15500000
1.15500000
1.12000000
1.12000000
1.06500000
1.06500000
1.00500000
1.00500000
0.95000000
0.95000000
0.93000000
0.93000000
0.90500000
0.90500000
0.87000000
0.87000000
0.73500000
0.73500000
0.71000000
0.71000000
0.70000000
0.70000000
0.69000000
0.69000000
0.68500000
0.68500000
0.66500000
0.66500000
0.62000000
0.62000000
0.62000000
0.62000000
0.55500000
0.55500000
0.55500000
0.55500000
0.54000000
0.54000000
0.54000000
0.54000000
0.52000000
0.52000000
0.52000000
0.52000000
0.50000000
0.50000000
0.50000000
0.50000000
0.32000000
0.32000000
0.32000000
0.32000000
0.24000000
0.24000000
0.24000000
0.24000000
0.19000000
0.19000000
0.19000000
0.19000000
0.15000000
0.15000000
0.15000000
0.15000000
0.15000000
0.15000000
0.15000000
0.15000000
6.25000000
6.25000000
6.25000000
6.25000000
6.20500000
6.20500000
6.20500000
6.20500000
6.11000000
6.11000000
6.11000000
6.11000000
5.95500000
5.95500000
5.95500000
5.95500000
5.91000000
5.91000000
5.91000000
5.91000000
5.76500000
5.76500000
5.76500000
5.76500000
5.75000000
5.75000000
5.75000000
5.75000000
5.61000000
5.61000000
5.61000000
5.61000000
5.55000000
5.55000000
5.55000000
5.55000000
5.43000000
5.43000000
5.43000000
5.43000000
5.21000000
5.21000000
5.21000000
5.21000000
5.00000000
5.00000000
5.00000000
5.00000000
4.97500000
4.97500000
4.97500000
4.97500000
4.95500000
4.95500000
4.95500000
4.95500000
4.92000000
4.92000000
4.92000000
4.92000000
4.91000000
4.91000000
4.91000000
4.91000000
4.89000000
4.89000000
4.89000000
4.89000000
4.87500000
4.87500000
4.87500000
4.87500000
4.87500000
4.87500000
4.87500000
4.87500000
4.78500000
4.78500000
4.78500000
4.78500000
4.78000000
4.78000000
4.78000000
4.78000000
4.75000000
4.75000000
4.75000000
4.75000000
4.64000000
4.64000000
4.64000000
4.64000000
4.55500000
4.55500000
4.55500000
4.55500000
4.54500000
4.54500000
4.54500000
4.54500000
4.52500000
4.52500000
4.52500000
4.52500000
4.52000000
4.52000000
4.52000000
4.52000000
4.45500000
4.45500000
4.45500000
4.45500000
4.26000000
4.26000000
4.26000000
4.26000000
4.26000000
4.26000000
4.26000000
4.26000000
4.11500000
4.11500000
4.11500000
4.11500000
4.02500000
4.02500000
4.02500000
4.02500000
3.98000000
3.98000000
3.98000000
3.98000000
3.96000000
3.96000000
3.96000000
3.96000000
3.95000000
3.95000000
3.95000000
3.95000000
3.90000000
3.90000000
3.90000000
3.90000000
3.89000000
3.89000000
3.89000000
3.89000000
3.85000000
3.85000000
3.85000000
3.85000000
3.70000000
3.70000000
3.70000000
3.70000000
3.56000000
3.56000000
3.56000000
3.56000000
3.46500000
3.46500000
3.46500000
3.46500000
3.46500000
3.46500000
3.46500000
3.46500000
3.16000000
3.16000000
3.16000000
3.16000000
3.07000000
3.07000000
3.07000000
3.07000000
2.97500000
2.97500000
2.97500000
2.97500000
2.84000000
2.84000000
2.84000000
2.84000000
2.80000000
2.80000000
2.80000000
2.80000000
2.77000000
2.77000000
2.77000000
2.77000000
2.76000000
2.76000000
2.76000000
2.76000000
2.70500000
2.70500000
2.70500000
2.70500000
2.59500000
2.59500000
2.59500000
2.59500000
2.59000000
2.59000000
2.59000000
2.59000000
2.46500000
2.46500000
2.46500000
2.46500000
2.43000000
2.43000000
2.43000000
2.43000000
2.37500000
2.37500000
2.37500000
2.37500000
2.25500000
2.25500000
2.25500000
2.25500000
2.25500000
2.25500000
2.25500000
2.25500000
2.23500000
2.23500000
2.23500000
2.23500000
2.13500000
2.13500000
2.13500000
2.13500000
2.09000000
2.09000000
2.09000000
2.09000000
1.99000000
1.99000000
1.99000000
1.99000000
1.98000000
1.98000000
1.98000000
1.98000000
1.90500000
1.90500000
1.90500000
1.90500000
1.78000000
1.78000000
1.78000000
1.78000000
1.71500000
1.71500000
1.71500000
1.71500000
1.65500000
1.65500000
1.65500000
1.65500000
1.60000000
1.60000000
1.60000000
1.60000000
1.57000000
1.57000000
1.57000000
1.57000000
1.54500000
1.54500000
1.54500000
1.54500000
1.54000000
1.54000000
1.54000000
1.54000000
1.51000000
1.51000000
1.51000000
1.51000000
1.42500000
1.42500000
1.42500000
1.42500000
1.41000000
1.41000000
1.41000000
1.41000000
1.35000000
1.35000000
1.35000000
1.35000000
1.34000000
1.34000000
1.34000000
1.34000000
1.15500000
1.15500000
1.15500000
1.15500000
1.12000000
1.12000000
1.12000000
1.12000000
1.06500000
1.06500000
1.06500000
1.06500000
1.00500000
1.00500000
1.00500000
1.00500000
0.95000000
0.95000000
0.95000000
0.95000000
0.93000000
0.93000000
0.93000000
0.93000000
0.90500000
0.90500000
0.90500000
0.90500000
0.87000000
0.87000000
0.87000000
0.87000000
0.73500000
0.73500000
0.73500000
0.73500000
0.71000000
0.71000000
0.71000000
0.71000000
0.70000000
0.70000000
0.70000000
0.70000000
0.69000000
0.69000000
0.69000000
0.69000000
0.68500000
0.68500000
0.68500000
0.68500000
0.66500000
0.66500000
0.66500000
0.66500000
0.62000000
0.62000000
0.62000000
0.62000000
0.62000000
0.62000000
0.62000000
0.62000000
0.55500000
0.55500000
0.55500000
0.55500000
0.55500000
0.55500000
0.55500000
0.55500000
0.54000000
0.54000000
0.54000000
0.54000000
0.54000000
0.54000000
0.54000000
0.54000000
0.52000000
0.52000000
0.52000000
0.52000000
0.52000000
0.52000000
0.52000000
0.52000000
0.50000000
0.50000000
0.50000000
0.50000000
0.50000000
0.50000000
0.50000000
0.50000000
0.32000000
0.32000000
0.32000000
0.32000000
0.32000000
0.32000000
0.32000000
0.32000000
0.24000000
0.24000000
0.24000000
0.24000000
0.24000000
0.24000000
0.24000000
0.24000000
0.19000000
0.19000000
0.19000000
0.19000000
0.19000000
0.19000000
0.19000000
0.19000000
0.15000000
0.15000000
0.15000000
0.15000000
0.15000000
0.15000000
0.15000000
0.15000000
0.15000000
0.15000000
0.15000000
0.15000000
0.15000000
0.15000000
0.15000000
0.15000000
