3.21000000
0.71000000
5.73500000
3.35500000
3.50000000
3.87500000
4.76000000
0.39000000
0.50000000
4.49000000
1.05000000
2.47500000
2.02500000
6.04500000
1.26500000
3.32500000
4.85500000
4.04000000
5.25000000
5.68500000
2.47000000
3.19500000
2.40500000
5.48500000
3.13500000
0.37500000
6.04500000
2.32500000
3.33000000
2.49500000
4.54500000
1.93500000
2.71500000
0.28500000
6.24000000
3.29500000
2.10500000
2.52000000
2.94000000
0.28000000
4.55500000
3.12500000
2.65500000
5.25000000
0.41000000
3.44000000
0.14000000
0.93000000
4.21500000
3.69000000
0.04500000
5.74500000
0.05500000
5.81000000
2.85000000
1.93500000
5.90000000
4.58500000
3.38500000
1.11000000
4.16000000
1.61000000
2.79000000
0.02500000
2.90500000
4.04000000
3.56500000
4.25000000
4.62500000
5.76500000
2.73500000
1.45500000
5.63500000
3.76500000
2.45000000
5.67500000
2.28500000
3.77500000
2.69000000
4.94500000
0.37500000
1.41000000
5.34500000
0.42000000
2.30500000
4.02000000
0.47500000
0.25000000
4.38000000
1.70500000
1.75000000
0.02000000
1.25000000
1.97500000
0.45500000
2.40500000
2.48500000
3.92000000
2.34000000
4.37500000
2.34000000
2.32500000
2.30500000
2.28500000
2.10500000
2.02500000
1.97500000
1.93500000
1.93500000
1.75000000
1.70500000
1.61000000
1.45500000
1.41000000
1.26500000
1.25000000
1.11000000
1.05000000
0.93000000
0.71000000
0.50000000
0.47500000
0.45500000
0.42000000
0.41000000
0.39000000
0.37500000
0.37500000
0.28500000
0.28000000
0.25000000
0.14000000
0.05500000
0.04500000
0.02500000
0.02000000
6.24000000
6.04500000
6.04500000
5.90000000
5.81000000
5.76500000
5.74500000
5.73500000
5.68500000
5.67500000
5.63500000
5.48500000
5.34500000
5.25000000
5.25000000
4.94500000
4.85500000
4.76000000
4.62500000
4.58500000
4.55500000
4.54500000
4.49000000
4.38000000
4.37500000
4.25000000
4.21500000
4.16000000
4.04000000
4.04000000
4.02000000
3.92000000
3.87500000
3.77500000
3.76500000
3.69000000
3.56500000
3.50000000
3.44000000
3.38500000
3.35500000
3.33000000
3.32500000
3.29500000
3.21000000
3.19500000
3.13500000
3.12500000
2.94000000
2.90500000
2.85000000
2.79000000
2.73500000
2.71500000
2.69000000
2.65500000
2.52000000
2.49500000
2.48500000
2.47500000
2.47000000
2.45000000
2.40500000
2.40500000
2.34000000
2.34000000
2.32500000
2.32500000
2.30500000
2.30500000
2.28500000
2.28500000
2.10500000
2.10500000
2.02500000
2.02500000
1.97500000
1.97500000
1.93500000
1.93500000
1.93500000
1.93500000
1.75000000
1.75000000
1.70500000
1.70500000
1.61000000
1.61000000
1.45500000
1.45500000
1.41000000
1.41000000
1.26500000
1.26500000
1.25000000
1.25000000
1.11000000
1.11000000
1.05000000
1.05000000
0.93000000
0.93000000
0.71000000
0.71000000
0.50000000
0.50000000
0.47500000
0.47500000
0.45500000
0.45500000
0.42000000
0.42000000
0.41000000
0.41000000
0.39000000
0.39000000
0.37500000
0.37500000
0.37500000
0.37500000
0.28500000
0.28500000
0.28000000
0.28000000
0.25000000
0.25000000
0.14000000
0.14000000
0.05500000
0.05500000
0.04500000
0.04500000
0.02500000
0.02500000
0.02000000
0.02000000
6.24000000
6.24000000
6.04500000
6.04500000
6.04500000
6.04500000
5.90000000
5.90000000
5.81000000
5.81000000
5.76500000
5.76500000
5.74500000
5.74500000
5.73500000
5.73500000
5.68500000
5.68500000
5.67500000
5.67500000
5.63500000
5.63500000
5.48500000
5.48500000
5.34500000
5.34500000
5.25000000
5.25000000
5.25000000
5.25000000
4.94500000
4.94500000
4.85500000
4.85500000
4.76000000
4.76000000
4.62500000
4.62500000
4.58500000
4.58500000
4.55500000
4.55500000
4.54500000
4.54500000
4.49000000
4.49000000
4.38000000
4.38000000
4.37500000
4.37500000
4.25000000
4.25000000
4.21500000
4.21500000
4.16000000
4.16000000
4.04000000
4.04000000
4.04000000
4.04000000
4.02000000
4.02000000
3.92000000
3.92000000
3.87500000
3.87500000
3.77500000
3.77500000
3.76500000
3.76500000
3.69000000
3.69000000
3.56500000
3.56500000
3.50000000
3.50000000
3.44000000
3.44000000
3.38500000
3.38500000
3.35500000
3.35500000
3.33000000
3.33000000
3.32500000
3.32500000
3.29500000
3.29500000
3.21000000
3.21000000
3.19500000
3.19500000
3.13500000
3.13500000
3.12500000
3.12500000
2.94000000
2.94000000
2.90500000
2.90500000
2.85000000
2.85000000
2.79000000
2.79000000
2.73500000
2.73500000
2.71500000
2.71500000
2.69000000
2.69000000
2.65500000
2.65500000
2.52000000
2.52000000
2.49500000
2.49500000
2.48500000
2.48500000
2.47500000
2.47500000
2.47000000
2.47000000
2.45000000
2.45000000
2.40500000
2.40500000
2.40500000
2.40500000
2.34000000
2.34000000
2.34000000
2.34000000
2.32500000
2.32500000
2.32500000
2.32500000
2.30500000
2.30500000
2.30500000
2.30500000
2.28500000
2.28500000
2.28500000
2.28500000
2.10500000
2.10500000
2.10500000
2.10500000
2.02500000
2.02500000
2.02500000
2.02500000
1.97500000
1.97500000
1.97500000
1.97500000
1.93500000
1.93500000
1.93500000
1.93500000
1.93500000
1.93500000
1.93500000
1.93500000
1.75000000
1.75000000
1.75000000
1.75000000
1.70500000
1.70500000
1.70500000
1.70500000
1.61000000
1.61000000
1.61000000
1.61000000
1.45500000
1.45500000
1.45500000
1.45500000
1.41000000
1.41000000
1.41000000
1.41000000
1.26500000
1.26500000
1.26500000
1.26500000
1.25000000
1.25000000
1.25000000
1.25000000
1.11000000
1.11000000
1.11000000
1.11000000
1.05000000
1.05000000
1.05000000
1.05000000
0.93000000
0.93000000
0.93000000
0.93000000
0.71000000
0.71000000
0.71000000
0.71000000
0.50000000
0.50000000
0.50000000
0.50000000
0.47500000
0.47500000
0.47500000
0.47500000
0.45500000
0.45500000
0.45500000
0.45500000
0.42000000
0.42000000
0.42000000
0.42000000
0.41000000
0.41000000
0.41000000
0.41000000
0.39000000
0.39000000
0.39000000
0.39000000
0.37500000
0.37500000
0.37500000
0.37500000
0.37500000
0.37500000
0.37500000
0.37500000
0.28500000
0.28500000
0.28500000
0.28500000
0.28000000
0.28000000
0.28000000
0.28000000
0.25000000
0.25000000
0.25000000
0.25000000
0.14000000
0.14000000
0.14000000
0.14000000
0.05500000
0.05500000
0.05500000
0.05500000
0.04500000
0.04500000
0.04500000
0.04500000
0.02500000
0.02500000
0.02500000
0.02500000
0.02000000
0.02000000
0.02000000
0.02000000
