5.44500000
2.94500000
1.68500000
5.59000000
5.73500000
6.11000000
0.71000000
2.62500000
2.73500000
0.44000000
3.28500000
4.71000000
4.26000000
1.99500000
3.50000000
5.56000000
0.80500000
6.27500000
1.20000000
1.63500000
4.70500000
5.43000000
4.64000000
1.43500000
5.37000000
2.61000000
1.99500000
4.56000000
5.56500000
4.73000000
0.49500000
4.17000000
4.95000000
2.52000000
2.19000000
5.53000000
4.34000000
4.75500000
5.17500000
2.51500000
0.50500000
5.36000000
4.89000000
1.20000000
2.64500000
5.67500000
2.37500000
3.16500000
0.16500000
5.92500000
2.28000000
1.69500000
2.29000000
1.76000000
5.08500000
4.17000000
1.85000000
0.53500000
5.62000000
3.34500000
0.11000000
3.84500000
5.02500000
2.26000000
5.14000000
6.27500000
5.80000000
0.20000000
0.57500000
1.71500000
4.97000000
3.69000000
1.58500000
6.00000000
4.68500000
1.62500000
4.52000000
6.01000000
4.92500000
0.89500000
2.61000000
3.64500000
1.29500000
2.65500000
4.54000000
6.25500000
2.71000000
2.48500000
0.33000000
3.94000000
3.98500000
2.25500000
3.48500000
4.21000000
2.69000000
4.64000000
4.72000000
6.15500000
4.57500000
0.32500000
4.57500000
4.56000000
4.54000000
4.52000000
4.34000000
4.26000000
4.21000000
4.17000000
4.17000000
3.98500000
3.94000000
3.84500000
3.69000000
3.64500000
3.50000000
3.48500000
3.34500000
3.28500000
3.16500000
2.94500000
2.73500000
2.71000000
2.69000000
2.65500000
2.64500000
2.62500000
2.61000000
2.61000000
2.52000000
2.51500000
2.48500000
2.37500000
2.29000000
2.28000000
2.26000000
2.25500000
2.19000000
1.99500000
1.99500000
1.85000000
1.76000000
1.71500000
1.69500000
1.68500000
1.63500000
1.62500000
1.58500000
1.43500000
1.29500000
1.20000000
1.20000000
0.89500000
0.80500000
0.71000000
0.57500000
0.53500000
0.50500000
0.49500000
0.44000000
0.33000000
0.32500000
0.20000000
0.16500000
0.11000000
6.27500000
6.27500000
6.25500000
6.15500000
6.11000000
6.01000000
6.00000000
5.92500000
5.80000000
5.73500000
5.67500000
5.62000000
5.59000000
5.56500000
5.56000000
5.53000000
5.44500000
5.43000000
5.37000000
5.36000000
5.17500000
5.14000000
5.08500000
5.02500000
4.97000000
4.95000000
4.92500000
4.89000000
4.75500000
4.73000000
4.72000000
4.71000000
4.70500000
4.68500000
4.64000000
4.64000000
4.57500000
4.57500000
4.56000000
4.56000000
4.54000000
4.54000000
4.52000000
4.52000000
4.34000000
4.34000000
4.26000000
4.26000000
4.21000000
4.21000000
4.17000000
4.17000000
4.17000000
4.17000000
3.98500000
3.98500000
3.94000000
3.94000000
3.84500000
3.84500000
3.69000000
3.69000000
3.64500000
3.64500000
3.50000000
3.50000000
3.48500000
3.48500000
3.34500000
3.34500000
3.28500000
3.28500000
3.16500000
3.16500000
2.94500000
2.94500000
2.73500000
2.73500000
2.71000000
2.71000000
2.69000000
2.69000000
2.65500000
2.65500000
2.64500000
2.64500000
2.62500000
2.62500000
2.61000000
2.61000000
2.61000000
2.61000000
2.52000000
2.52000000
2.51500000
2.51500000
2.48500000
2.48500000
2.37500000
2.37500000
2.29000000
2.29000000
2.28000000
2.28000000
2.26000000
2.26000000
2.25500000
2.25500000
2.19000000
2.19000000
1.99500000
1.99500000
1.99500000
1.99500000
1.85000000
1.85000000
1.76000000
1.76000000
1.71500000
1.71500000
1.69500000
1.69500000
1.68500000
1.68500000
1.63500000
1.63500000
1.62500000
1.62500000
1.58500000
1.58500000
1.43500000
1.43500000
1.29500000
1.29500000
1.20000000
1.20000000
1.20000000
1.20000000
0.89500000
0.89500000
0.80500000
0.80500000
0.71000000
0.71000000
0.57500000
0.57500000
0.53500000
0.53500000
0.50500000
0.50500000
0.49500000
0.49500000
0.44000000
0.44000000
0.33000000
0.33000000
0.32500000
0.32500000
0.20000000
0.20000000
0.16500000
0.16500000
0.11000000
0.11000000
