4.46000000
1.96000000
0.70000000
4.60500000
4.75000000
5.12500000
6.01000000
1.64000000
1.75000000
5.74000000
2.30000000
3.72500000
3.27500000
1.01000000
2.51500000
4.57500000
6.10500000
5.29000000
0.21500000
0.65000000
3.72000000
4.44500000
3.65500000
0.45000000
4.38500000
1.62500000
1.01000000
3.57500000
4.58000000
3.74500000
5.79500000
3.18500000
3.96500000
1.53500000
1.20500000
4.54500000
3.35500000
3.77000000
4.19000000
1.53000000
5.80500000
4.37500000
3.90500000
0.21500000
1.66000000
4.69000000
1.39000000
2.18000000
5.46500000
4.94000000
1.29500000
0.71000000
1.30500000
0.77500000
4.10000000
3.18500000
0.86500000
5.83500000
4.63500000
2.36000000
5.41000000
2.86000000
4.04000000
1.27500000
4.15500000
5.29000000
4.81500000
5.50000000
5.87500000
0.73000000
3.98500000
2.70500000
0.60000000
5.01500000
3.70000000
0.64000000
3.53500000
5.02500000
3.94000000
6.19500000
1.62500000
2.66000000
0.31000000
1.67000000
3.55500000
5.27000000
1.72500000
1.50000000
5.63000000
2.95500000
3.00000000
1.27000000
2.50000000
3.22500000
1.70500000
3.65500000
3.73500000
5.17000000
3.59000000
5.62500000
3.59000000
3.57500000
3.55500000
3.53500000
3.35500000
3.27500000
3.22500000
3.18500000
3.18500000
3.00000000
2.95500000
2.86000000
2.70500000
2.66000000
2.51500000
2.50000000
2.36000000
2.30000000
2.18000000
1.96000000
1.75000000
1.72500000
1.70500000
1.67000000
1.66000000
1.64000000
1.62500000
1.62500000
1.53500000
1.53000000
1.50000000
1.39000000
1.30500000
1.29500000
1.27500000
1.27000000
1.20500000
1.01000000
1.01000000
0.86500000
0.77500000
0.73000000
0.71000000
0.70000000
0.65000000
0.64000000
0.60000000
0.45000000
0.31000000
0.21500000
0.21500000
6.19500000
6.10500000
6.01000000
5.87500000
5.83500000
5.80500000
5.79500000
5.74000000
5.63000000
5.62500000
5.50000000
5.46500000
5.41000000
5.29000000
5.29000000
5.27000000
5.17000000
5.12500000
5.02500000
5.01500000
4.94000000
4.81500000
4.75000000
4.69000000
4.63500000
4.60500000
4.58000000
4.57500000
4.54500000
4.46000000
4.44500000
4.38500000
4.37500000
4.19000000
4.15500000
4.10000000
4.04000000
3.98500000
3.96500000
3.94000000
3.90500000
3.77000000
3.74500000
3.73500000
3.72500000
3.72000000
3.70000000
3.65500000
3.65500000
3.59000000
3.59000000
3.57500000
3.57500000
3.55500000
3.55500000
3.53500000
3.53500000
3.35500000
3.35500000
3.27500000
3.27500000
3.22500000
3.22500000
3.18500000
3.18500000
3.18500000
3.18500000
3.00000000
3.00000000
2.95500000
2.95500000
2.86000000
2.86000000
2.70500000
2.70500000
2.66000000
2.66000000
2.51500000
2.51500000
2.50000000
2.50000000
2.36000000
2.36000000
2.30000000
2.30000000
2.18000000
2.18000000
1.96000000
1.96000000
1.75000000
1.75000000
1.72500000
1.72500000
1.70500000
1.70500000
1.67000000
1.67000000
1.66000000
1.66000000
1.64000000
1.64000000
1.62500000
1.62500000
1.62500000
1.62500000
1.53500000
1.53500000
1.53000000
1.53000000
1.50000000
1.50000000
1.39000000
1.39000000
1.30500000
1.30500000
1.29500000
1.29500000
1.27500000
1.27500000
1.27000000
1.27000000
1.20500000
1.20500000
1.01000000
1.01000000
1.01000000
1.01000000
0.86500000
0.86500000
0.77500000
0.77500000
0.73000000
0.73000000
0.71000000
0.71000000
0.70000000
0.70000000
0.65000000
0.65000000
0.64000000
0.64000000
0.60000000
0.60000000
0.45000000
0.45000000
0.31000000
0.31000000
0.21500000
0.21500000
0.21500000
0.21500000
6.19500000
6.19500000
6.10500000
6.10500000
6.01000000
6.01000000
5.87500000
5.87500000
5.83500000
5.83500000
5.80500000
5.80500000
5.79500000
5.79500000
5.74000000
5.74000000
5.63000000
5.63000000
5.62500000
5.62500000
5.50000000
5.50000000
5.46500000
5.46500000
5.41000000
5.41000000
5.29000000
5.29000000
5.29000000
5.29000000
5.27000000
5.27000000
5.17000000
5.17000000
5.12500000
5.12500000
5.02500000
5.02500000
5.01500000
5.01500000
4.94000000
4.94000000
4.81500000
4.81500000
4.75000000
4.75000000
4.69000000
4.69000000
4.63500000
4.63500000
4.60500000
4.60500000
4.58000000
4.58000000
4.57500000
4.57500000
4.54500000
4.54500000
4.46000000
4.46000000
4.44500000
4.44500000
4.38500000
4.38500000
4.37500000
4.37500000
4.19000000
4.19000000
4.15500000
4.15500000
4.10000000
4.10000000
4.04000000
4.04000000
3.98500000
3.98500000
3.96500000
3.96500000
3.94000000
3.94000000
3.90500000
3.90500000
3.77000000
3.77000000
3.74500000
3.74500000
3.73500000
3.73500000
3.72500000
3.72500000
3.72000000
3.72000000
3.70000000
3.70000000
3.65500000
3.65500000
3.65500000
3.65500000
3.59000000
3.59000000
3.59000000
3.59000000
3.57500000
3.57500000
3.57500000
3.57500000
3.55500000
3.55500000
3.55500000
3.55500000
3.53500000
3.53500000
3.53500000
3.53500000
3.35500000
3.35500000
3.35500000
3.35500000
3.27500000
3.27500000
3.27500000
3.27500000
3.22500000
3.22500000
3.22500000
3.22500000
3.18500000
3.18500000
3.18500000
3.18500000
3.18500000
3.18500000
3.18500000
3.18500000
3.00000000
3.00000000
3.00000000
3.00000000
2.95500000
2.95500000
2.95500000
2.95500000
2.86000000
2.86000000
2.86000000
2.86000000
2.70500000
2.70500000
2.70500000
2.70500000
2.66000000
2.66000000
2.66000000
2.66000000
2.51500000
2.51500000
2.51500000
2.51500000
2.50000000
2.50000000
2.50000000
2.50000000
2.36000000
2.36000000
2.36000000
2.36000000
2.30000000
2.30000000
2.30000000
2.30000000
2.18000000
2.18000000
2.18000000
2.18000000
1.96000000
1.96000000
1.96000000
1.96000000
1.75000000
1.75000000
1.75000000
1.75000000
1.72500000
1.72500000
1.72500000
1.72500000
1.70500000
1.70500000
1.70500000
1.70500000
1.67000000
1.67000000
1.67000000
1.67000000
1.66000000
1.66000000
1.66000000
1.66000000
1.64000000
1.64000000
1.64000000
1.64000000
1.62500000
1.62500000
1.62500000
1.62500000
1.62500000
1.62500000
1.62500000
1.62500000
1.53500000
1.53500000
1.53500000
1.53500000
1.53000000
1.53000000
1.53000000
1.53000000
1.50000000
1.50000000
1.50000000
1.50000000
1.39000000
1.39000000
1.39000000
1.39000000
1.30500000
1.30500000
1.30500000
1.30500000
1.29500000
1.29500000
1.29500000
1.29500000
1.27500000
1.27500000
1.27500000
1.27500000
1.27000000
1.27000000
1.27000000
1.27000000
1.20500000
1.20500000
1.20500000
1.20500000
1.01000000
1.01000000
1.01000000
1.01000000
1.01000000
1.01000000
1.01000000
1.01000000
0.86500000
0.86500000
0.86500000
0.86500000
0.77500000
0.77500000
0.77500000
0.77500000
0.73000000
0.73000000
0.73000000
0.73000000
0.71000000
0.71000000
0.71000000
0.71000000
0.70000000
0.70000000
0.70000000
0.70000000
0.65000000
0.65000000
0.65000000
0.65000000
0.64000000
0.64000000
0.64000000
0.64000000
0.60000000
0.60000000
0.60000000
0.60000000
0.45000000
0.45000000
0.45000000
0.45000000
0.31000000
0.31000000
0.31000000
0.31000000
0.21500000
0.21500000
0.21500000
0.21500000
0.21500000
0.21500000
0.21500000
0.21500000
