1.83266732
5.61601784
4.35660987
1.97744209
2.12043927
2.49738256
3.37999235
5.29687081
5.40639165
3.10889420
5.95713307
1.09580701
0.64500000
4.66670544
6.17109043
1.94370949
3.47526582
2.66208410
3.87190527
4.30361151
1.09230155
1.81562163
1.02662524
4.10566451
1.75569582
5.27879785
4.66348692
0.94500000
1.94907580
1.11659942
3.16504573
0.55500000
1.33685081
5.18900193
4.85916385
1.91791542
0.72500000
1.14057392
1.56284399
5.18687922
3.17761175
1.74818321
1.27391142
3.87100327
5.31360790
2.05996808
5.04791165
5.83577968
2.83715902
2.31033324
4.95102443
4.36460260
4.96178589
4.43212360
1.46822980
0.55500000
4.51830927
3.20375515
2.00571026
6.01520787
2.77917560
0.23000000
1.40951229
4.92866411
1.52579162
2.65980878
2.18406080
2.87189230
3.24640289
4.38729099
1.35664833
0.07500000
4.25544242
2.38399325
1.07261703
4.29728534
0.90500000
2.39569444
1.31308156
3.56419045
5.28017079
0.03000000
3.96522531
5.32689279
0.92500000
2.64307543
5.37827328
5.15683327
3.00140844
0.32500000
0.37000000
4.92581824
6.15466942
0.59500000
5.36268593
1.02343898
1.10418715
2.54071779
0.96000000
2.99785530
0.96000000
0.94500000
0.92500000
0.90500000
0.72500000
0.64500000
0.59500000
0.55500000
0.55500000
0.37000000
0.32500000
0.23000000
0.07500000
0.03000000
