4.34500000
1.84500000
0.58500000
4.49000000
4.63500000
5.01000000
5.89500000
1.52500000
1.63500000
5.62500000
2.18500000
3.61000000
3.16000000
0.89500000
2.40000000
4.46000000
5.99000000
5.17500000
0.10000000
0.53500000
3.60500000
4.33000000
3.54000000
0.33500000
4.27000000
1.51000000
0.89500000
3.46000000
4.46500000
3.63000000
5.68000000
3.07000000
3.85000000
1.42000000
1.09000000
4.43000000
3.24000000
3.65500000
4.07500000
1.41500000
5.69000000
4.26000000
3.79000000
0.10000000
1.54500000
4.57500000
1.27500000
2.06500000
5.35000000
4.82500000
1.18000000
0.59500000
1.19000000
0.66000000
3.98500000
3.07000000
0.75000000
5.72000000
4.52000000
2.24500000
5.29500000
2.74500000
3.92500000
1.16000000
4.04000000
5.17500000
4.70000000
5.38500000
5.76000000
0.61500000
3.87000000
2.59000000
0.48500000
4.90000000
3.58500000
0.52500000
3.42000000
4.91000000
3.82500000
6.08000000
1.51000000
2.54500000
0.19500000
1.55500000
3.44000000
5.15500000
1.61000000
1.38500000
5.51500000
2.84000000
2.88500000
1.15500000
2.38500000
3.11000000
1.59000000
3.54000000
3.62000000
5.05500000
3.47500000
5.51000000
3.47500000
3.46000000
3.44000000
3.42000000
3.24000000
3.16000000
3.11000000
3.07000000
3.07000000
2.88500000
2.84000000
2.74500000
2.59000000
2.54500000
2.40000000
2.38500000
2.24500000
2.18500000
2.06500000
1.84500000
1.63500000
1.61000000
1.59000000
1.55500000
1.54500000
1.52500000
1.51000000
1.51000000
1.42000000
1.41500000
1.38500000
1.27500000
1.19000000
1.18000000
1.16000000
1.15500000
1.09000000
0.89500000
0.89500000
0.75000000
0.66000000
0.61500000
0.59500000
0.58500000
0.53500000
0.52500000
0.48500000
0.33500000
0.19500000
0.10000000
0.10000000
6.08000000
5.99000000
5.89500000
5.76000000
5.72000000
5.69000000
5.68000000
5.62500000
5.51500000
5.51000000
5.38500000
5.35000000
5.29500000
5.17500000
5.17500000
5.15500000
5.05500000
5.01000000
4.91000000
4.90000000
4.82500000
4.70000000
4.63500000
4.57500000
4.52000000
4.49000000
4.46500000
4.46000000
4.43000000
4.34500000
4.33000000
4.27000000
4.26000000
4.07500000
4.04000000
3.98500000
3.92500000
3.87000000
3.85000000
3.82500000
3.79000000
3.65500000
3.63000000
3.62000000
3.61000000
3.60500000
3.58500000
3.54000000
3.54000000
3.47500000
3.47500000
3.46000000
3.46000000
3.44000000
3.44000000
3.42000000
3.42000000
3.24000000
3.24000000
3.16000000
3.16000000
3.11000000
3.11000000
3.07000000
3.07000000
3.07000000
3.07000000
2.88500000
2.88500000
2.84000000
2.84000000
2.74500000
2.74500000
2.59000000
2.59000000
2.54500000
2.54500000
2.40000000
2.40000000
2.38500000
2.38500000
2.24500000
2.24500000
2.18500000
2.18500000
2.06500000
2.06500000
1.84500000
1.84500000
1.63500000
1.63500000
1.61000000
1.61000000
1.59000000
1.59000000
1.55500000
1.55500000
1.54500000
1.54500000
1.52500000
1.52500000
1.51000000
1.51000000
1.51000000
1.51000000
1.42000000
1.42000000
1.41500000
1.41500000
1.38500000
1.38500000
1.27500000
1.27500000
1.19000000
1.19000000
1.18000000
1.18000000
1.16000000
1.16000000
1.15500000
1.15500000
1.09000000
1.09000000
0.89500000
0.89500000
0.89500000
0.89500000
0.75000000
0.75000000
0.66000000
0.66000000
0.61500000
0.61500000
0.59500000
0.59500000
0.58500000
0.58500000
0.53500000
0.53500000
0.52500000
0.52500000
0.48500000
0.48500000
0.33500000
0.33500000
0.19500000
0.19500000
0.10000000
0.10000000
0.10000000
0.10000000
