2.37500000
6.16000000
4.90000000
2.52000000
2.66500000
3.04000000
3.92500000
5.84000000
5.95000000
3.65500000
0.21500000
1.64000000
1.19000000
5.21000000
0.43000000
2.49000000
4.02000000
3.20500000
4.41500000
4.85000000
1.63500000
2.36000000
1.57000000
4.65000000
2.30000000
5.82500000
5.21000000
1.49000000
2.49500000
1.66000000
3.71000000
1.10000000
1.88000000
5.73500000
5.40500000
2.46000000
1.27000000
1.68500000
2.10500000
5.73000000
3.72000000
2.29000000
1.82000000
4.41500000
5.86000000
2.60500000
5.59000000
0.09500000
3.38000000
2.85500000
5.49500000
4.91000000
5.50500000
4.97500000
2.01500000
1.10000000
5.06500000
3.75000000
2.55000000
0.27500000
3.32500000
0.77500000
1.95500000
5.47500000
2.07000000
3.20500000
2.73000000
3.41500000
3.79000000
4.93000000
1.90000000
0.62000000
4.80000000
2.93000000
1.61500000
4.84000000
1.45000000
2.94000000
1.85500000
4.11000000
5.82500000
0.57500000
4.51000000
5.87000000
1.47000000
3.18500000
5.92500000
5.70000000
3.54500000
0.87000000
0.91500000
5.47000000
0.41500000
1.14000000
5.90500000
1.57000000
1.65000000
3.08500000
1.50500000
3.54000000
1.50500000
1.49000000
1.47000000
1.45000000
1.27000000
1.19000000
1.14000000
1.10000000
1.10000000
0.91500000
0.87000000
0.77500000
0.62000000
0.57500000
0.43000000
0.41500000
0.27500000
0.21500000
0.09500000
6.16000000
5.95000000
5.92500000
5.90500000
5.87000000
5.86000000
5.84000000
5.82500000
5.82500000
5.73500000
5.73000000
5.70000000
5.59000000
5.50500000
5.49500000
5.47500000
5.47000000
5.40500000
5.21000000
5.21000000
5.06500000
4.97500000
4.93000000
4.91000000
4.90000000
4.85000000
4.84000000
4.80000000
4.65000000
4.51000000
4.41500000
4.41500000
4.11000000
4.02000000
3.92500000
3.79000000
3.75000000
3.72000000
3.71000000
3.65500000
3.54500000
3.54000000
3.41500000
3.38000000
3.32500000
3.20500000
3.20500000
3.18500000
3.08500000
3.04000000
2.94000000
2.93000000
2.85500000
2.73000000
2.66500000
2.60500000
2.55000000
2.52000000
2.49500000
2.49000000
2.46000000
2.37500000
2.36000000
2.30000000
2.29000000
2.10500000
2.07000000
2.01500000
1.95500000
1.90000000
1.88000000
1.85500000
1.82000000
1.68500000
1.66000000
1.65000000
1.64000000
1.63500000
1.61500000
1.57000000
1.57000000
1.50500000
1.50500000
1.49000000
1.49000000
1.47000000
1.47000000
1.45000000
1.45000000
1.27000000
1.27000000
1.19000000
1.19000000
1.14000000
1.14000000
1.10000000
1.10000000
1.10000000
1.10000000
0.91500000
0.91500000
0.87000000
0.87000000
0.77500000
0.77500000
0.62000000
0.62000000
0.57500000
0.57500000
0.43000000
0.43000000
0.41500000
0.41500000
0.27500000
0.27500000
0.21500000
0.21500000
0.09500000
0.09500000
6.16000000
6.16000000
5.95000000
5.95000000
5.92500000
5.92500000
5.90500000
5.90500000
5.87000000
5.87000000
5.86000000
5.86000000
5.84000000
5.84000000
5.82500000
5.82500000
5.82500000
5.82500000
5.73500000
5.73500000
5.73000000
5.73000000
5.70000000
5.70000000
5.59000000
5.59000000
5.50500000
5.50500000
5.49500000
5.49500000
5.47500000
5.47500000
5.47000000
5.47000000
5.40500000
5.40500000
5.21000000
5.21000000
5.21000000
5.21000000
5.06500000
5.06500000
4.97500000
4.97500000
4.93000000
4.93000000
4.91000000
4.91000000
4.90000000
4.90000000
4.85000000
4.85000000
4.84000000
4.84000000
4.80000000
4.80000000
4.65000000
4.65000000
4.51000000
4.51000000
4.41500000
4.41500000
4.41500000
4.41500000
4.11000000
4.11000000
4.02000000
4.02000000
3.92500000
3.92500000
3.79000000
3.79000000
3.75000000
3.75000000
3.72000000
3.72000000
3.71000000
3.71000000
3.65500000
3.65500000
3.54500000
3.54500000
3.54000000
3.54000000
3.41500000
3.41500000
3.38000000
3.38000000
3.32500000
3.32500000
3.20500000
3.20500000
3.20500000
3.20500000
3.18500000
3.18500000
3.08500000
3.08500000
3.04000000
3.04000000
2.94000000
2.94000000
2.93000000
2.93000000
2.85500000
2.85500000
2.73000000
2.73000000
2.66500000
2.66500000
2.60500000
2.60500000
2.55000000
2.55000000
2.52000000
2.52000000
2.49500000
2.49500000
2.49000000
2.49000000
2.46000000
2.46000000
2.37500000
2.37500000
2.36000000
2.36000000
2.30000000
2.30000000
2.29000000
2.29000000
2.10500000
2.10500000
2.07000000
2.07000000
2.01500000
2.01500000
1.95500000
1.95500000
1.90000000
1.90000000
1.88000000
1.88000000
1.85500000
1.85500000
1.82000000
1.82000000
1.68500000
1.68500000
1.66000000
1.66000000
1.65000000
1.65000000
1.64000000
1.64000000
1.63500000
1.63500000
1.61500000
1.61500000
1.57000000
1.57000000
1.57000000
1.57000000
1.50500000
1.50500000
1.50500000
1.50500000
1.49000000
1.49000000
1.49000000
1.49000000
1.47000000
1.47000000
1.47000000
1.47000000
1.45000000
1.45000000
1.45000000
1.45000000
1.27000000
1.27000000
1.27000000
1.27000000
1.19000000
1.19000000
1.19000000
1.19000000
1.14000000
1.14000000
1.14000000
1.14000000
1.10000000
1.10000000
1.10000000
1.10000000
1.10000000
1.10000000
1.10000000
1.10000000
0.91500000
0.91500000
0.91500000
0.91500000
0.87000000
0.87000000
0.87000000
0.87000000
0.77500000
0.77500000
0.77500000
0.77500000
0.62000000
0.62000000
0.62000000
0.62000000
0.57500000
0.57500000
0.57500000
0.57500000
0.43000000
0.43000000
0.43000000
0.43000000
0.41500000
0.41500000
0.41500000
0.41500000
0.27500000
0.27500000
0.27500000
0.27500000
0.21500000
0.21500000
0.21500000
0.21500000
0.09500000
0.09500000
0.09500000
0.09500000
6.16000000
6.16000000
6.16000000
6.16000000
5.95000000
5.95000000
5.95000000
5.95000000
5.92500000
5.92500000
5.92500000
5.92500000
5.90500000
5.90500000
5.90500000
5.90500000
5.87000000
5.87000000
5.87000000
5.87000000
5.86000000
5.86000000
5.86000000
5.86000000
5.84000000
5.84000000
5.84000000
5.84000000
5.82500000
5.82500000
5.82500000
5.82500000
5.82500000
5.82500000
5.82500000
5.82500000
5.73500000
5.73500000
5.73500000
5.73500000
5.73000000
5.73000000
5.73000000
5.73000000
5.70000000
5.70000000
5.70000000
5.70000000
5.59000000
5.59000000
5.59000000
5.59000000
5.50500000
5.50500000
5.50500000
5.50500000
5.49500000
5.49500000
5.49500000
5.49500000
5.47500000
5.47500000
5.47500000
5.47500000
5.47000000
5.47000000
5.47000000
5.47000000
5.40500000
5.40500000
5.40500000
5.40500000
5.21000000
5.21000000
5.21000000
5.21000000
5.21000000
5.21000000
5.21000000
5.21000000
5.06500000
5.06500000
5.06500000
5.06500000
4.97500000
4.97500000
4.97500000
4.97500000
4.93000000
4.93000000
4.93000000
4.93000000
4.91000000
4.91000000
4.91000000
4.91000000
4.90000000
4.90000000
4.90000000
4.90000000
4.85000000
4.85000000
4.85000000
4.85000000
4.84000000
4.84000000
4.84000000
4.84000000
4.80000000
4.80000000
4.80000000
4.80000000
4.65000000
4.65000000
4.65000000
4.65000000
4.51000000
4.51000000
4.51000000
4.51000000
4.41500000
4.41500000
4.41500000
4.41500000
4.41500000
4.41500000
4.41500000
4.41500000
4.11000000
4.11000000
4.11000000
4.11000000
4.02000000
4.02000000
4.02000000
4.02000000
3.92500000
3.92500000
3.92500000
3.92500000
3.79000000
3.79000000
3.79000000
3.79000000
3.75000000
3.75000000
3.75000000
3.75000000
3.72000000
3.72000000
3.72000000
3.72000000
3.71000000
3.71000000
3.71000000
3.71000000
3.65500000
3.65500000
3.65500000
3.65500000
3.54500000
3.54500000
3.54500000
3.54500000
3.54000000
3.54000000
3.54000000
3.54000000
3.41500000
3.41500000
3.41500000
3.41500000
3.38000000
3.38000000
3.38000000
3.38000000
3.32500000
3.32500000
3.32500000
3.32500000
3.20500000
3.20500000
3.20500000
3.20500000
3.20500000
3.20500000
3.20500000
3.20500000
3.18500000
3.18500000
3.18500000
3.18500000
3.08500000
3.08500000
3.08500000
3.08500000
3.04000000
3.04000000
3.04000000
3.04000000
2.94000000
2.94000000
2.94000000
2.94000000
2.93000000
2.93000000
2.93000000
2.93000000
2.85500000
2.85500000
2.85500000
2.85500000
2.73000000
2.73000000
2.73000000
2.73000000
2.66500000
2.66500000
2.66500000
2.66500000
2.60500000
2.60500000
2.60500000
2.60500000
2.55000000
2.55000000
2.55000000
2.55000000
2.52000000
2.52000000
2.52000000
2.52000000
2.49500000
2.49500000
2.49500000
2.49500000
2.49000000
2.49000000
2.49000000
2.49000000
2.46000000
2.46000000
2.46000000
2.46000000
2.37500000
2.37500000
2.37500000
2.37500000
2.36000000
2.36000000
2.36000000
2.36000000
2.30000000
2.30000000
2.30000000
2.30000000
2.29000000
2.29000000
2.29000000
2.29000000
2.10500000
2.10500000
2.10500000
2.10500000
2.07000000
2.07000000
2.07000000
2.07000000
2.01500000
2.01500000
2.01500000
2.01500000
1.95500000
1.95500000
1.95500000
1.95500000
1.90000000
1.90000000
1.90000000
1.90000000
1.88000000
1.88000000
1.88000000
1.88000000
1.85500000
1.85500000
1.85500000
1.85500000
1.82000000
1.82000000
1.82000000
1.82000000
1.68500000
1.68500000
1.68500000
1.68500000
1.66000000
1.66000000
1.66000000
1.66000000
1.65000000
1.65000000
1.65000000
1.65000000
1.64000000
1.64000000
1.64000000
1.64000000
1.63500000
1.63500000
1.63500000
1.63500000
1.61500000
1.61500000
1.61500000
1.61500000
1.57000000
1.57000000
1.57000000
1.57000000
1.57000000
1.57000000
1.57000000
1.57000000
1.50500000
1.50500000
1.50500000
1.50500000
1.50500000
1.50500000
1.50500000
1.50500000
1.49000000
1.49000000
1.49000000
1.49000000
1.49000000
1.49000000
1.49000000
1.49000000
1.47000000
1.47000000
1.47000000
1.47000000
1.47000000
1.47000000
1.47000000
1.47000000
1.45000000
1.45000000
1.45000000
1.45000000
1.45000000
1.45000000
1.45000000
1.45000000
1.27000000
1.27000000
1.27000000
1.27000000
1.27000000
1.27000000
1.27000000
1.27000000
1.19000000
1.19000000
1.19000000
1.19000000
1.19000000
1.19000000
1.19000000
1.19000000
1.14000000
1.14000000
1.14000000
1.14000000
1.14000000
1.14000000
1.14000000
1.14000000
1.10000000
1.10000000
1.10000000
1.10000000
1.10000000
1.10000000
1.10000000
1.10000000
1.10000000
1.10000000
1.10000000
1.10000000
1.10000000
1.10000000
1.10000000
1.10000000
0.91500000
0.91500000
0.91500000
0.91500000
0.91500000
0.91500000
0.91500000
0.91500000
0.87000000
0.87000000
0.87000000
0.87000000
0.87000000
0.87000000
0.87000000
0.87000000
0.77500000
0.77500000
0.77500000
0.77500000
0.77500000
0.77500000
0.77500000
0.77500000
0.62000000
0.62000000
0.62000000
0.62000000
0.62000000
0.62000000
0.62000000
0.62000000
0.57500000
0.57500000
0.57500000
0.57500000
0.57500000
0.57500000
0.57500000
0.57500000
0.43000000
0.43000000
0.43000000
0.43000000
0.43000000
0.43000000
0.43000000
0.43000000
0.41500000
0.41500000
0.41500000
0.41500000
0.41500000
0.41500000
0.41500000
0.41500000
0.27500000
0.27500000
0.27500000
0.27500000
0.27500000
0.27500000
0.27500000
0.27500000
0.21500000
0.21500000
0.21500000
0.21500000
0.21500000
0.21500000
0.21500000
0.21500000
0.09500000
0.09500000
0.09500000
0.09500000
0.09500000
0.09500000
0.09500000
0.09500000
