6.11000000
3.61000000
2.35000000
6.25500000
0.11500000
0.49000000
1.37500000
3.29000000
3.40000000
1.10500000
3.95000000
5.37500000
4.92500000
2.66000000
4.16500000
6.22500000
1.47000000
0.65500000
1.86500000
2.30000000
5.37000000
6.09500000
5.30500000
2.10000000
6.03500000
3.27500000
2.66000000
5.22500000
6.23000000
5.39500000
1.16000000
4.83500000
5.61500000
3.18500000
2.85500000
6.19500000
5.00500000
5.42000000
5.84000000
3.18000000
1.17000000
6.02500000
5.55500000
1.86500000
3.31000000
0.05500000
3.04000000
3.83000000
0.83000000
0.30500000
2.94500000
2.36000000
2.95500000
2.42500000
5.75000000
4.83500000
2.51500000
1.20000000
0.00000000
4.01000000
0.77500000
4.51000000
5.69000000
2.92500000
5.80500000
0.65500000
0.18000000
0.86500000
1.24000000
2.38000000
5.63500000
4.35500000
2.25000000
0.38000000
5.35000000
2.29000000
5.18500000
0.39000000
5.59000000
1.56000000
3.27500000
4.31000000
1.96000000
3.32000000
5.20500000
0.63500000
3.37500000
3.15000000
0.99500000
4.60500000
4.65000000
2.92000000
4.15000000
4.87500000
3.35500000
5.30500000
5.38500000
0.53500000
5.24000000
0.99000000
5.24000000
5.22500000
5.20500000
5.18500000
5.00500000
4.92500000
4.87500000
4.83500000
4.83500000
4.65000000
4.60500000
4.51000000
4.35500000
4.31000000
4.16500000
4.15000000
4.01000000
3.95000000
3.83000000
3.61000000
3.40000000
3.37500000
3.35500000
3.32000000
3.31000000
3.29000000
3.27500000
3.27500000
3.18500000
3.18000000
3.15000000
3.04000000
2.95500000
2.94500000
2.92500000
2.92000000
2.85500000
2.66000000
2.66000000
2.51500000
2.42500000
2.38000000
2.36000000
2.35000000
2.30000000
2.29000000
2.25000000
2.10000000
1.96000000
1.86500000
1.86500000
1.56000000
1.47000000
1.37500000
1.24000000
1.20000000
1.17000000
1.16000000
1.10500000
0.99500000
0.99000000
0.86500000
0.83000000
0.77500000
0.65500000
0.65500000
0.63500000
0.53500000
0.49000000
0.39000000
0.38000000
0.30500000
0.18000000
0.11500000
0.05500000
0.00000000
6.25500000
6.23000000
6.22500000
6.19500000
6.11000000
6.09500000
6.03500000
6.02500000
5.84000000
5.80500000
5.75000000
5.69000000
5.63500000
5.61500000
5.59000000
5.55500000
5.42000000
5.39500000
5.38500000
5.37500000
5.37000000
5.35000000
5.30500000
5.30500000
5.24000000
5.24000000
5.22500000
5.22500000
5.20500000
5.20500000
5.18500000
5.18500000
5.00500000
5.00500000
4.92500000
4.92500000
4.87500000
4.87500000
4.83500000
4.83500000
4.83500000
4.83500000
4.65000000
4.65000000
4.60500000
4.60500000
4.51000000
4.51000000
4.35500000
4.35500000
4.31000000
4.31000000
4.16500000
4.16500000
4.15000000
4.15000000
4.01000000
4.01000000
3.95000000
3.95000000
3.83000000
3.83000000
3.61000000
3.61000000
3.40000000
3.40000000
3.37500000
3.37500000
3.35500000
3.35500000
3.32000000
3.32000000
3.31000000
3.31000000
3.29000000
3.29000000
3.27500000
3.27500000
3.27500000
3.27500000
3.18500000
3.18500000
3.18000000
3.18000000
3.15000000
3.15000000
3.04000000
3.04000000
2.95500000
2.95500000
2.94500000
2.94500000
2.92500000
2.92500000
2.92000000
2.92000000
2.85500000
2.85500000
2.66000000
2.66000000
2.66000000
2.66000000
2.51500000
2.51500000
2.42500000
2.42500000
2.38000000
2.38000000
2.36000000
2.36000000
2.35000000
2.35000000
2.30000000
2.30000000
2.29000000
2.29000000
2.25000000
2.25000000
2.10000000
2.10000000
1.96000000
1.96000000
1.86500000
1.86500000
1.86500000
1.86500000
1.56000000
1.56000000
1.47000000
1.47000000
1.37500000
1.37500000
1.24000000
1.24000000
1.20000000
1.20000000
1.17000000
1.17000000
1.16000000
1.16000000
1.10500000
1.10500000
0.99500000
0.99500000
0.99000000
0.99000000
0.86500000
0.86500000
0.83000000
0.83000000
0.77500000
0.77500000
0.65500000
0.65500000
0.65500000
0.65500000
0.63500000
0.63500000
0.53500000
0.53500000
0.49000000
0.49000000
0.39000000
0.39000000
0.38000000
0.38000000
0.30500000
0.30500000
0.18000000
0.18000000
0.11500000
0.11500000
0.05500000
0.05500000
0.00000000
0.00000000
6.25500000
6.25500000
6.23000000
6.23000000
6.22500000
6.22500000
6.19500000
6.19500000
6.11000000
6.11000000
6.09500000
6.09500000
6.03500000
6.03500000
6.02500000
6.02500000
5.84000000
5.84000000
5.80500000
5.80500000
5.75000000
5.75000000
5.69000000
5.69000000
5.63500000
5.63500000
5.61500000
5.61500000
5.59000000
5.59000000
5.55500000
5.55500000
5.42000000
5.42000000
5.39500000
5.39500000
5.38500000
5.38500000
5.37500000
5.37500000
5.37000000
5.37000000
5.35000000
5.35000000
5.30500000
5.30500000
5.30500000
5.30500000
5.24000000
5.24000000
5.24000000
5.24000000
5.22500000
5.22500000
5.22500000
5.22500000
5.20500000
5.20500000
5.20500000
5.20500000
5.18500000
5.18500000
5.18500000
5.18500000
5.00500000
5.00500000
5.00500000
5.00500000
4.92500000
4.92500000
4.92500000
4.92500000
4.87500000
4.87500000
4.87500000
4.87500000
4.83500000
4.83500000
4.83500000
4.83500000
4.83500000
4.83500000
4.83500000
4.83500000
4.65000000
4.65000000
4.65000000
4.65000000
4.60500000
4.60500000
4.60500000
4.60500000
4.51000000
4.51000000
4.51000000
4.51000000
4.35500000
4.35500000
4.35500000
4.35500000
4.31000000
4.31000000
4.31000000
4.31000000
4.16500000
4.16500000
4.16500000
4.16500000
4.15000000
4.15000000
4.15000000
4.15000000
4.01000000
4.01000000
4.01000000
4.01000000
3.95000000
3.95000000
3.95000000
3.95000000
3.83000000
3.83000000
3.83000000
3.83000000
3.61000000
3.61000000
3.61000000
3.61000000
3.40000000
3.40000000
3.40000000
3.40000000
3.37500000
3.37500000
3.37500000
3.37500000
3.35500000
3.35500000
3.35500000
3.35500000
3.32000000
3.32000000
3.32000000
3.32000000
3.31000000
3.31000000
3.31000000
3.31000000
3.29000000
3.29000000
3.29000000
3.29000000
3.27500000
3.27500000
3.27500000
3.27500000
3.27500000
3.27500000
3.27500000
3.27500000
3.18500000
3.18500000
3.18500000
3.18500000
3.18000000
3.18000000
3.18000000
3.18000000
3.15000000
3.15000000
3.15000000
3.15000000
3.04000000
3.04000000
3.04000000
3.04000000
2.95500000
2.95500000
2.95500000
2.95500000
2.94500000
2.94500000
2.94500000
2.94500000
2.92500000
2.92500000
2.92500000
2.92500000
2.92000000
2.92000000
2.92000000
2.92000000
2.85500000
2.85500000
2.85500000
2.85500000
2.66000000
2.66000000
2.66000000
2.66000000
2.66000000
2.66000000
2.66000000
2.66000000
2.51500000
2.51500000
2.51500000
2.51500000
2.42500000
2.42500000
2.42500000
2.42500000
2.38000000
2.38000000
2.38000000
2.38000000
2.36000000
2.36000000
2.36000000
2.36000000
2.35000000
2.35000000
2.35000000
2.35000000
2.30000000
2.30000000
2.30000000
2.30000000
2.29000000
2.29000000
2.29000000
2.29000000
2.25000000
2.25000000
2.25000000
2.25000000
2.10000000
2.10000000
2.10000000
2.10000000
1.96000000
1.96000000
1.96000000
1.96000000
1.86500000
1.86500000
1.86500000
1.86500000
1.86500000
1.86500000
1.86500000
1.86500000
1.56000000
1.56000000
1.56000000
1.56000000
1.47000000
1.47000000
1.47000000
1.47000000
1.37500000
1.37500000
1.37500000
1.37500000
1.24000000
1.24000000
1.24000000
1.24000000
1.20000000
1.20000000
1.20000000
1.20000000
1.17000000
1.17000000
1.17000000
1.17000000
1.16000000
1.16000000
1.16000000
1.16000000
1.10500000
1.10500000
1.10500000
1.10500000
0.99500000
0.99500000
0.99500000
0.99500000
0.99000000
0.99000000
0.99000000
0.99000000
0.86500000
0.86500000
0.86500000
0.86500000
0.83000000
0.83000000
0.83000000
0.83000000
0.77500000
0.77500000
0.77500000
0.77500000
0.65500000
0.65500000
0.65500000
0.65500000
0.65500000
0.65500000
0.65500000
0.65500000
0.63500000
0.63500000
0.63500000
0.63500000
0.53500000
0.53500000
0.53500000
0.53500000
0.49000000
0.49000000
0.49000000
0.49000000
0.39000000
0.39000000
0.39000000
0.39000000
0.38000000
0.38000000
0.38000000
0.38000000
0.30500000
0.30500000
0.30500000
0.30500000
0.18000000
0.18000000
0.18000000
0.18000000
0.11500000
0.11500000
0.11500000
0.11500000
0.05500000
0.05500000
0.05500000
0.05500000
0.00000000
0.00000000
0.00000000
0.00000000
