3.79500000
1.29500000
0.03500000
3.94000000
4.08500000
4.46000000
5.34500000
0.97500000
1.08500000
5.07500000
1.63500000
3.06000000
2.61000000
0.34500000
1.85000000
3.91000000
5.44000000
4.62500000
5.83500000
6.27000000
3.05500000
3.78000000
2.99000000
6.07000000
3.72000000
0.96000000
0.34500000
2.91000000
3.91500000
3.08000000
5.13000000
2.52000000
3.30000000
0.87000000
0.54000000
3.88000000
2.69000000
3.10500000
3.52500000
0.86500000
5.14000000
3.71000000
3.24000000
5.83500000
0.99500000
4.02500000
0.72500000
1.51500000
4.80000000
4.27500000
0.63000000
0.04500000
0.64000000
0.11000000
3.43500000
2.52000000
0.20000000
5.17000000
3.97000000
1.69500000
4.74500000
2.19500000
3.37500000
0.61000000
3.49000000
4.62500000
4.15000000
4.83500000
5.21000000
0.06500000
3.32000000
2.04000000
6.22000000
4.35000000
3.03500000
6.26000000
2.87000000
4.36000000
3.27500000
5.53000000
0.96000000
1.99500000
5.93000000
1.00500000
2.89000000
4.60500000
1.06000000
0.83500000
4.96500000
2.29000000
2.33500000
0.60500000
1.83500000
2.56000000
1.04000000
2.99000000
3.07000000
4.50500000
2.92500000
4.96000000
2.92500000
2.91000000
2.89000000
2.87000000
2.69000000
2.61000000
2.56000000
2.52000000
2.52000000
2.33500000
2.29000000
2.19500000
2.04000000
1.99500000
1.85000000
1.83500000
1.69500000
1.63500000
1.51500000
1.29500000
1.08500000
1.06000000
1.04000000
1.00500000
0.99500000
0.97500000
0.96000000
0.96000000
0.87000000
0.86500000
0.83500000
0.72500000
0.64000000
0.63000000
0.61000000
0.60500000
0.54000000
0.34500000
0.34500000
0.20000000
0.11000000
0.06500000
0.04500000
0.03500000
6.27000000
6.26000000
6.22000000
6.07000000
5.93000000
5.83500000
5.83500000
5.53000000
5.44000000
5.34500000
5.21000000
5.17000000
5.14000000
5.13000000
5.07500000
4.96500000
4.96000000
4.83500000
4.80000000
4.74500000
4.62500000
4.62500000
4.60500000
4.50500000
4.46000000
4.36000000
4.35000000
4.27500000
4.15000000
4.08500000
4.02500000
3.97000000
3.94000000
3.91500000
3.91000000
3.88000000
3.79500000
3.78000000
3.72000000
3.71000000
3.52500000
3.49000000
3.43500000
3.37500000
3.32000000
3.30000000
3.27500000
3.24000000
3.10500000
3.08000000
3.07000000
3.06000000
3.05500000
3.03500000
2.99000000
2.99000000
2.92500000
2.92500000
2.91000000
2.91000000
2.89000000
2.89000000
2.87000000
2.87000000
2.69000000
2.69000000
2.61000000
2.61000000
2.56000000
2.56000000
2.52000000
2.52000000
2.52000000
2.52000000
2.33500000
2.33500000
2.29000000
2.29000000
2.19500000
2.19500000
2.04000000
2.04000000
1.99500000
1.99500000
1.85000000
1.85000000
1.83500000
1.83500000
1.69500000
1.69500000
1.63500000
1.63500000
1.51500000
1.51500000
1.29500000
1.29500000
1.08500000
1.08500000
1.06000000
1.06000000
1.04000000
1.04000000
1.00500000
1.00500000
0.99500000
0.99500000
0.97500000
0.97500000
0.96000000
0.96000000
0.96000000
0.96000000
0.87000000
0.87000000
0.86500000
0.86500000
0.83500000
0.83500000
0.72500000
0.72500000
0.64000000
0.64000000
0.63000000
0.63000000
0.61000000
0.61000000
0.60500000
0.60500000
0.54000000
0.54000000
0.34500000
0.34500000
0.34500000
0.34500000
0.20000000
0.20000000
0.11000000
0.11000000
0.06500000
0.06500000
0.04500000
0.04500000
0.03500000
0.03500000
