5.66000000
3.16000000
1.90000000
5.80500000
5.95000000
0.04000000
0.92500000
2.84000000
2.95000000
0.65500000
3.50000000
4.92500000
4.47500000
2.21000000
3.71500000
5.77500000
1.02000000
0.20500000
1.41500000
1.85000000
4.92000000
5.64500000
4.85500000
1.65000000
5.58500000
2.82500000
2.21000000
4.77500000
5.78000000
4.94500000
0.71000000
4.38500000
5.16500000
2.73500000
2.40500000
5.74500000
4.55500000
4.97000000
5.39000000
2.73000000
0.72000000
5.57500000
5.10500000
1.41500000
2.86000000
5.89000000
2.59000000
3.38000000
0.38000000
6.14000000
2.49500000
1.91000000
2.50500000
1.97500000
5.30000000
4.38500000
2.06500000
0.75000000
5.83500000
3.56000000
0.32500000
4.06000000
5.24000000
2.47500000
5.35500000
0.20500000
6.01500000
0.41500000
0.79000000
1.93000000
5.18500000
3.90500000
1.80000000
6.21500000
4.90000000
1.84000000
4.73500000
6.22500000
5.14000000
1.11000000
2.82500000
3.86000000
1.51000000
2.87000000
4.75500000
0.18500000
2.92500000
2.70000000
0.54500000
4.15500000
4.20000000
2.47000000
3.70000000
4.42500000
2.90500000
4.85500000
4.93500000
0.08500000
4.79000000
0.54000000
4.79000000
4.77500000
4.75500000
4.73500000
4.55500000
4.47500000
4.42500000
4.38500000
4.38500000
4.20000000
4.15500000
4.06000000
3.90500000
3.86000000
3.71500000
3.70000000
3.56000000
3.50000000
3.38000000
3.16000000
2.95000000
2.92500000
2.90500000
2.87000000
2.86000000
2.84000000
2.82500000
2.82500000
2.73500000
2.73000000
2.70000000
2.59000000
2.50500000
2.49500000
2.47500000
2.47000000
2.40500000
2.21000000
2.21000000
2.06500000
1.97500000
1.93000000
1.91000000
1.90000000
1.85000000
1.84000000
1.80000000
1.65000000
1.51000000
1.41500000
1.41500000
1.11000000
1.02000000
0.92500000
0.79000000
0.75000000
0.72000000
0.71000000
0.65500000
0.54500000
0.54000000
0.41500000
0.38000000
0.32500000
0.20500000
0.20500000
0.18500000
0.08500000
0.04000000
6.22500000
6.21500000
6.14000000
6.01500000
5.95000000
5.89000000
5.83500000
5.80500000
5.78000000
5.77500000
5.74500000
5.66000000
5.64500000
5.58500000
5.57500000
5.39000000
5.35500000
5.30000000
5.24000000
5.18500000
5.16500000
5.14000000
5.10500000
4.97000000
4.94500000
4.93500000
4.92500000
4.92000000
4.90000000
4.85500000
4.85500000
4.79000000
4.79000000
4.77500000
4.77500000
4.75500000
4.75500000
4.73500000
4.73500000
4.55500000
4.55500000
4.47500000
4.47500000
4.42500000
4.42500000
4.38500000
4.38500000
4.38500000
4.38500000
4.20000000
4.20000000
4.15500000
4.15500000
4.06000000
4.06000000
3.90500000
3.90500000
3.86000000
3.86000000
3.71500000
3.71500000
3.70000000
3.70000000
3.56000000
3.56000000
3.50000000
3.50000000
3.38000000
3.38000000
3.16000000
3.16000000
2.95000000
2.95000000
2.92500000
2.92500000
2.90500000
2.90500000
2.87000000
2.87000000
2.86000000
2.86000000
2.84000000
2.84000000
2.82500000
2.82500000
2.82500000
2.82500000
2.73500000
2.73500000
2.73000000
2.73000000
2.70000000
2.70000000
2.59000000
2.59000000
2.50500000
2.50500000
2.49500000
2.49500000
2.47500000
2.47500000
2.47000000
2.47000000
2.40500000
2.40500000
2.21000000
2.21000000
2.21000000
2.21000000
2.06500000
2.06500000
1.97500000
1.97500000
1.93000000
1.93000000
1.91000000
1.91000000
1.90000000
1.90000000
1.85000000
1.85000000
1.84000000
1.84000000
1.80000000
1.80000000
1.65000000
1.65000000
1.51000000
1.51000000
1.41500000
1.41500000
1.41500000
1.41500000
1.11000000
1.11000000
1.02000000
1.02000000
0.92500000
0.92500000
0.79000000
0.79000000
0.75000000
0.75000000
0.72000000
0.72000000
0.71000000
0.71000000
0.65500000
0.65500000
0.54500000
0.54500000
0.54000000
0.54000000
0.41500000
0.41500000
0.38000000
0.38000000
0.32500000
0.32500000
0.20500000
0.20500000
0.20500000
0.20500000
0.18500000
0.18500000
0.08500000
0.08500000
0.04000000
0.04000000
6.22500000
6.22500000
6.21500000
6.21500000
6.14000000
6.14000000
6.01500000
6.01500000
5.95000000
5.95000000
5.89000000
5.89000000
5.83500000
5.83500000
5.80500000
5.80500000
5.78000000
5.78000000
5.77500000
5.77500000
5.74500000
5.74500000
5.66000000
5.66000000
5.64500000
5.64500000
5.58500000
5.58500000
5.57500000
5.57500000
5.39000000
5.39000000
5.35500000
5.35500000
5.30000000
5.30000000
5.24000000
5.24000000
5.18500000
5.18500000
5.16500000
5.16500000
5.14000000
5.14000000
5.10500000
5.10500000
4.97000000
4.97000000
4.94500000
4.94500000
4.93500000
4.93500000
4.92500000
4.92500000
4.92000000
4.92000000
4.90000000
4.90000000
4.85500000
4.85500000
4.85500000
4.85500000
4.79000000
4.79000000
4.79000000
4.79000000
4.77500000
4.77500000
4.77500000
4.77500000
4.75500000
4.75500000
4.75500000
4.75500000
4.73500000
4.73500000
4.73500000
4.73500000
4.55500000
4.55500000
4.55500000
4.55500000
4.47500000
4.47500000
4.47500000
4.47500000
4.42500000
4.42500000
4.42500000
4.42500000
4.38500000
4.38500000
4.38500000
4.38500000
4.38500000
4.38500000
4.38500000
4.38500000
4.20000000
4.20000000
4.20000000
4.20000000
4.15500000
4.15500000
4.15500000
4.15500000
4.06000000
4.06000000
4.06000000
4.06000000
3.90500000
3.90500000
3.90500000
3.90500000
3.86000000
3.86000000
3.86000000
3.86000000
3.71500000
3.71500000
3.71500000
3.71500000
3.70000000
3.70000000
3.70000000
3.70000000
3.56000000
3.56000000
3.56000000
3.56000000
3.50000000
3.50000000
3.50000000
3.50000000
3.38000000
3.38000000
3.38000000
3.38000000
3.16000000
3.16000000
3.16000000
3.16000000
2.95000000
2.95000000
2.95000000
2.95000000
2.92500000
2.92500000
2.92500000
2.92500000
2.90500000
2.90500000
2.90500000
2.90500000
2.87000000
2.87000000
2.87000000
2.87000000
2.86000000
2.86000000
2.86000000
2.86000000
2.84000000
2.84000000
2.84000000
2.84000000
2.82500000
2.82500000
2.82500000
2.82500000
2.82500000
2.82500000
2.82500000
2.82500000
2.73500000
2.73500000
2.73500000
2.73500000
2.73000000
2.73000000
2.73000000
2.73000000
2.70000000
2.70000000
2.70000000
2.70000000
2.59000000
2.59000000
2.59000000
2.59000000
2.50500000
2.50500000
2.50500000
2.50500000
2.49500000
2.49500000
2.49500000
2.49500000
2.47500000
2.47500000
2.47500000
2.47500000
2.47000000
2.47000000
2.47000000
2.47000000
2.40500000
2.40500000
2.40500000
2.40500000
2.21000000
2.21000000
2.21000000
2.21000000
2.21000000
2.21000000
2.21000000
2.21000000
2.06500000
2.06500000
2.06500000
2.06500000
1.97500000
1.97500000
1.97500000
1.97500000
1.93000000
1.93000000
1.93000000
1.93000000
1.91000000
1.91000000
1.91000000
1.91000000
1.90000000
1.90000000
1.90000000
1.90000000
1.85000000
1.85000000
1.85000000
1.85000000
1.84000000
1.84000000
1.84000000
1.84000000
1.80000000
1.80000000
1.80000000
1.80000000
1.65000000
1.65000000
1.65000000
1.65000000
1.51000000
1.51000000
1.51000000
1.51000000
1.41500000
1.41500000
1.41500000
1.41500000
1.41500000
1.41500000
1.41500000
1.41500000
1.11000000
1.11000000
1.11000000
1.11000000
1.02000000
1.02000000
1.02000000
1.02000000
0.92500000
0.92500000
0.92500000
0.92500000
0.79000000
0.79000000
0.79000000
0.79000000
0.75000000
0.75000000
0.75000000
0.75000000
0.72000000
0.72000000
0.72000000
0.72000000
0.71000000
0.71000000
0.71000000
0.71000000
0.65500000
0.65500000
0.65500000
0.65500000
0.54500000
0.54500000
0.54500000
0.54500000
0.54000000
0.54000000
0.54000000
0.54000000
0.41500000
0.41500000
0.41500000
0.41500000
0.38000000
0.38000000
0.38000000
0.38000000
0.32500000
0.32500000
0.32500000
0.32500000
0.20500000
0.20500000
0.20500000
0.20500000
0.20500000
0.20500000
0.20500000
0.20500000
0.18500000
0.18500000
0.18500000
0.18500000
0.08500000
0.08500000
0.08500000
0.08500000
0.04000000
0.04000000
0.04000000
0.04000000
