2.01000000
5.79500000
4.53500000
2.15500000
2.30000000
2.67500000
3.56000000
5.47500000
5.58500000
3.29000000
6.13500000
1.27500000
0.82500000
4.84500000
0.06500000
2.12500000
3.65500000
2.84000000
4.05000000
4.48500000
1.27000000
1.99500000
1.20500000
4.28500000
1.93500000
5.46000000
4.84500000
1.12500000
2.13000000
1.29500000
3.34500000
0.73500000
1.51500000
5.37000000
5.04000000
2.09500000
0.90500000
1.32000000
1.74000000
5.36500000
3.35500000
1.92500000
1.45500000
4.05000000
5.49500000
2.24000000
5.22500000
6.01500000
3.01500000
2.49000000
5.13000000
4.54500000
5.14000000
4.61000000
1.65000000
0.73500000
4.70000000
3.38500000
2.18500000
6.19500000
2.96000000
0.41000000
1.59000000
5.11000000
1.70500000
2.84000000
2.36500000
3.05000000
3.42500000
4.56500000
1.53500000
0.25500000
4.43500000
2.56500000
1.25000000
4.47500000
1.08500000
2.57500000
1.49000000
3.74500000
5.46000000
0.21000000
4.14500000
5.50500000
1.10500000
2.82000000
5.56000000
5.33500000
3.18000000
0.50500000
0.55000000
5.10500000
0.05000000
0.77500000
5.54000000
1.20500000
1.28500000
2.72000000
1.14000000
3.17500000
1.14000000
1.12500000
1.10500000
1.08500000
0.90500000
0.82500000
0.77500000
0.73500000
0.73500000
0.55000000
0.50500000
0.41000000
0.25500000
0.21000000
0.06500000
0.05000000
6.19500000
6.13500000
6.01500000
5.79500000
5.58500000
5.56000000
5.54000000
5.50500000
5.49500000
5.47500000
5.46000000
5.46000000
5.37000000
5.36500000
5.33500000
5.22500000
5.14000000
5.13000000
5.11000000
5.10500000
5.04000000
4.84500000
4.84500000
4.70000000
4.61000000
4.56500000
4.54500000
4.53500000
4.48500000
4.47500000
4.43500000
4.28500000
4.14500000
4.05000000
4.05000000
3.74500000
3.65500000
3.56000000
3.42500000
3.38500000
3.35500000
3.34500000
3.29000000
3.18000000
3.17500000
3.05000000
3.01500000
2.96000000
2.84000000
2.84000000
2.82000000
2.72000000
2.67500000
2.57500000
2.56500000
2.49000000
2.36500000
2.30000000
2.24000000
2.18500000
2.15500000
2.13000000
2.12500000
2.09500000
2.01000000
1.99500000
1.93500000
1.92500000
1.74000000
1.70500000
1.65000000
1.59000000
1.53500000
1.51500000
1.49000000
1.45500000
1.32000000
1.29500000
1.28500000
1.27500000
1.27000000
1.25000000
1.20500000
1.20500000
1.14000000
1.14000000
1.12500000
1.12500000
1.10500000
1.10500000
1.08500000
1.08500000
0.90500000
0.90500000
0.82500000
0.82500000
0.77500000
0.77500000
0.73500000
0.73500000
0.73500000
0.73500000
0.55000000
0.55000000
0.50500000
0.50500000
0.41000000
0.41000000
0.25500000
0.25500000
0.21000000
0.21000000
0.06500000
0.06500000
0.05000000
0.05000000
6.19500000
6.19500000
6.13500000
6.13500000
6.01500000
6.01500000
5.79500000
5.79500000
5.58500000
5.58500000
5.56000000
5.56000000
5.54000000
5.54000000
5.50500000
5.50500000
5.49500000
5.49500000
5.47500000
5.47500000
5.46000000
5.46000000
5.46000000
5.46000000
5.37000000
5.37000000
5.36500000
5.36500000
5.33500000
5.33500000
5.22500000
5.22500000
5.14000000
5.14000000
5.13000000
5.13000000
5.11000000
5.11000000
5.10500000
5.10500000
5.04000000
5.04000000
4.84500000
4.84500000
4.84500000
4.84500000
4.70000000
4.70000000
4.61000000
4.61000000
4.56500000
4.56500000
4.54500000
4.54500000
4.53500000
4.53500000
4.48500000
4.48500000
4.47500000
4.47500000
4.43500000
4.43500000
4.28500000
4.28500000
4.14500000
4.14500000
4.05000000
4.05000000
4.05000000
4.05000000
3.74500000
3.74500000
3.65500000
3.65500000
3.56000000
3.56000000
3.42500000
3.42500000
3.38500000
3.38500000
3.35500000
3.35500000
3.34500000
3.34500000
3.29000000
3.29000000
3.18000000
3.18000000
3.17500000
3.17500000
3.05000000
3.05000000
3.01500000
3.01500000
2.96000000
2.96000000
2.84000000
2.84000000
2.84000000
2.84000000
2.82000000
2.82000000
2.72000000
2.72000000
2.67500000
2.67500000
2.57500000
2.57500000
2.56500000
2.56500000
2.49000000
2.49000000
2.36500000
2.36500000
2.30000000
2.30000000
2.24000000
2.24000000
2.18500000
2.18500000
2.15500000
2.15500000
2.13000000
2.13000000
2.12500000
2.12500000
2.09500000
2.09500000
2.01000000
2.01000000
1.99500000
1.99500000
1.93500000
1.93500000
1.92500000
1.92500000
1.74000000
1.74000000
1.70500000
1.70500000
1.65000000
1.65000000
1.59000000
1.59000000
1.53500000
1.53500000
1.51500000
1.51500000
1.49000000
1.49000000
1.45500000
1.45500000
1.32000000
1.32000000
1.29500000
1.29500000
1.28500000
1.28500000
1.27500000
1.27500000
1.27000000
1.27000000
1.25000000
1.25000000
1.20500000
1.20500000
1.20500000
1.20500000
1.14000000
1.14000000
1.14000000
1.14000000
1.12500000
1.12500000
1.12500000
1.12500000
1.10500000
1.10500000
1.10500000
1.10500000
1.08500000
1.08500000
1.08500000
1.08500000
0.90500000
0.90500000
0.90500000
0.90500000
0.82500000
0.82500000
0.82500000
0.82500000
0.77500000
0.77500000
0.77500000
0.77500000
0.73500000
0.73500000
0.73500000
0.73500000
0.73500000
0.73500000
0.73500000
0.73500000
0.55000000
0.55000000
0.55000000
0.55000000
0.50500000
0.50500000
0.50500000
0.50500000
0.41000000
0.41000000
0.41000000
0.41000000
0.25500000
0.25500000
0.25500000
0.25500000
0.21000000
0.21000000
0.21000000
0.21000000
0.06500000
0.06500000
0.06500000
0.06500000
0.05000000
0.05000000
0.05000000
0.05000000
