1.43266732
5.21601784
3.95660987
1.57744209
1.72043927
2.09738256
2.97999235
4.89687081
5.00639165
2.70889420
5.55713307
0.69580701
0.24500000
4.26670544
5.77109043
1.54370949
3.07526582
2.26208410
3.47190527
3.90361151
0.69230155
1.41562163
0.62662524
3.70566451
1.35569582
4.87879785
4.26348692
0.54500000
1.54907580
0.71659942
2.76504573
0.15500000
0.93685081
4.78900193
4.45916385
1.51791542
0.32500000
0.74057392
1.16284399
4.78687922
2.77761175
1.34818321
0.87391142
3.47100327
4.91360790
1.65996808
4.64791165
5.43577968
2.43715902
1.91033324
4.55102443
3.96460260
4.56178589
4.03212360
1.06822980
0.15500000
4.11830927
2.80375515
1.60571026
5.61520787
2.37917560
6.11478602
1.00951229
4.52866411
1.12579162
2.25980878
1.78406080
2.47189230
2.84640289
3.98729099
0.95664833
5.96047414
3.85544242
1.98399325
0.67261703
3.89728534
0.50500000
1.99569444
0.91308156
3.16419045
4.88017079
5.91568947
3.56522531
4.92689279
0.52500000
2.24307543
4.97827328
4.75683327
2.60140844
6.21168334
6.25684253
4.52581824
5.75466942
0.19500000
4.96268593
0.62343898
0.70418715
2.14071779
0.56000000
2.59785530
0.56000000
0.54500000
0.52500000
0.50500000
0.32500000
0.24500000
0.19500000
0.15500000
0.15500000
