4.61000000
2.11000000
0.85000000
4.75500000
4.90000000
5.27500000
6.16000000
1.79000000
1.90000000
5.89000000
2.45000000
3.87500000
3.42500000
1.16000000
2.66500000
4.72500000
6.25500000
5.44000000
0.36500000
0.80000000
3.87000000
4.59500000
3.80500000
0.60000000
4.53500000
1.77500000
1.16000000
3.72500000
4.73000000
3.89500000
5.94500000
3.33500000
4.11500000
1.68500000
1.35500000
4.69500000
3.50500000
3.92000000
4.34000000
1.68000000
5.95500000
4.52500000
4.05500000
0.36500000
1.81000000
4.84000000
1.54000000
2.33000000
5.61500000
5.09000000
1.44500000
0.86000000
1.45500000
0.92500000
4.25000000
3.33500000
1.01500000
5.98500000
4.78500000
2.51000000
5.56000000
3.01000000
4.19000000
1.42500000
4.30500000
5.44000000
4.96500000
5.65000000
6.02500000
0.88000000
4.13500000
2.85500000
0.75000000
5.16500000
3.85000000
0.79000000
3.68500000
5.17500000
4.09000000
0.06000000
1.77500000
2.81000000
0.46000000
1.82000000
3.70500000
5.42000000
1.87500000
1.65000000
5.78000000
3.10500000
3.15000000
1.42000000
2.65000000
3.37500000
1.85500000
3.80500000
3.88500000
5.32000000
3.74000000
5.77500000
3.74000000
3.72500000
3.70500000
3.68500000
3.50500000
3.42500000
3.37500000
3.33500000
3.33500000
3.15000000
3.10500000
3.01000000
2.85500000
2.81000000
2.66500000
2.65000000
2.51000000
2.45000000
2.33000000
2.11000000
1.90000000
1.87500000
1.85500000
1.82000000
1.81000000
1.79000000
1.77500000
1.77500000
1.68500000
1.68000000
1.65000000
1.54000000
1.45500000
1.44500000
1.42500000
1.42000000
1.35500000
1.16000000
1.16000000
1.01500000
0.92500000
0.88000000
0.86000000
0.85000000
0.80000000
0.79000000
0.75000000
0.60000000
0.46000000
0.36500000
0.36500000
0.06000000
6.25500000
6.16000000
6.02500000
5.98500000
5.95500000
5.94500000
5.89000000
5.78000000
5.77500000
5.65000000
5.61500000
5.56000000
5.44000000
5.44000000
5.42000000
5.32000000
5.27500000
5.17500000
5.16500000
5.09000000
4.96500000
4.90000000
4.84000000
4.78500000
4.75500000
4.73000000
4.72500000
4.69500000
4.61000000
4.59500000
4.53500000
4.52500000
4.34000000
4.30500000
4.25000000
4.19000000
4.13500000
4.11500000
4.09000000
4.05500000
3.92000000
3.89500000
3.88500000
3.87500000
3.87000000
3.85000000
3.80500000
3.80500000
3.74000000
3.74000000
3.72500000
3.72500000
3.70500000
3.70500000
3.68500000
3.68500000
3.50500000
3.50500000
3.42500000
3.42500000
3.37500000
3.37500000
3.33500000
3.33500000
3.33500000
3.33500000
3.15000000
3.15000000
3.10500000
3.10500000
3.01000000
3.01000000
2.85500000
2.85500000
2.81000000
2.81000000
2.66500000
2.66500000
2.65000000
2.65000000
2.51000000
2.51000000
2.45000000
2.45000000
2.33000000
2.33000000
2.11000000
2.11000000
1.90000000
1.90000000
1.87500000
1.87500000
1.85500000
1.85500000
1.82000000
1.82000000
1.81000000
1.81000000
1.79000000
1.79000000
1.77500000
1.77500000
1.77500000
1.77500000
1.68500000
1.68500000
1.68000000
1.68000000
1.65000000
1.65000000
1.54000000
1.54000000
1.45500000
1.45500000
1.44500000
1.44500000
1.42500000
1.42500000
1.42000000
1.42000000
1.35500000
1.35500000
1.16000000
1.16000000
1.16000000
1.16000000
1.01500000
1.01500000
0.92500000
0.92500000
0.88000000
0.88000000
0.86000000
0.86000000
0.85000000
0.85000000
0.80000000
0.80000000
0.79000000
0.79000000
0.75000000
0.75000000
0.60000000
0.60000000
0.46000000
0.46000000
0.36500000
0.36500000
0.36500000
0.36500000
0.06000000
0.06000000
6.25500000
6.25500000
6.16000000
6.16000000
6.02500000
6.02500000
5.98500000
5.98500000
5.95500000
5.95500000
5.94500000
5.94500000
5.89000000
5.89000000
5.78000000
5.78000000
5.77500000
5.77500000
5.65000000
5.65000000
5.61500000
5.61500000
5.56000000
5.56000000
5.44000000
5.44000000
5.44000000
5.44000000
5.42000000
5.42000000
5.32000000
5.32000000
5.27500000
5.27500000
5.17500000
5.17500000
5.16500000
5.16500000
5.09000000
5.09000000
4.96500000
4.96500000
4.90000000
4.90000000
4.84000000
4.84000000
4.78500000
4.78500000
4.75500000
4.75500000
4.73000000
4.73000000
4.72500000
4.72500000
4.69500000
4.69500000
4.61000000
4.61000000
4.59500000
4.59500000
4.53500000
4.53500000
4.52500000
4.52500000
4.34000000
4.34000000
4.30500000
4.30500000
4.25000000
4.25000000
4.19000000
4.19000000
4.13500000
4.13500000
4.11500000
4.11500000
4.09000000
4.09000000
4.05500000
4.05500000
3.92000000
3.92000000
3.89500000
3.89500000
3.88500000
3.88500000
3.87500000
3.87500000
3.87000000
3.87000000
3.85000000
3.85000000
3.80500000
3.80500000
3.80500000
3.80500000
3.74000000
3.74000000
3.74000000
3.74000000
3.72500000
3.72500000
3.72500000
3.72500000
3.70500000
3.70500000
3.70500000
3.70500000
3.68500000
3.68500000
3.68500000
3.68500000
3.50500000
3.50500000
3.50500000
3.50500000
3.42500000
3.42500000
3.42500000
3.42500000
3.37500000
3.37500000
3.37500000
3.37500000
3.33500000
3.33500000
3.33500000
3.33500000
3.33500000
3.33500000
3.33500000
3.33500000
3.15000000
3.15000000
3.15000000
3.15000000
3.10500000
3.10500000
3.10500000
3.10500000
3.01000000
3.01000000
3.01000000
3.01000000
2.85500000
2.85500000
2.85500000
2.85500000
2.81000000
2.81000000
2.81000000
2.81000000
2.66500000
2.66500000
2.66500000
2.66500000
2.65000000
2.65000000
2.65000000
2.65000000
2.51000000
2.51000000
2.51000000
2.51000000
2.45000000
2.45000000
2.45000000
2.45000000
2.33000000
2.33000000
2.33000000
2.33000000
2.11000000
2.11000000
2.11000000
2.11000000
1.90000000
1.90000000
1.90000000
1.90000000
1.87500000
1.87500000
1.87500000
1.87500000
1.85500000
1.85500000
1.85500000
1.85500000
1.82000000
1.82000000
1.82000000
1.82000000
1.81000000
1.81000000
1.81000000
1.81000000
1.79000000
1.79000000
1.79000000
1.79000000
1.77500000
1.77500000
1.77500000
1.77500000
1.77500000
1.77500000
1.77500000
1.77500000
1.68500000
1.68500000
1.68500000
1.68500000
1.68000000
1.68000000
1.68000000
1.68000000
1.65000000
1.65000000
1.65000000
1.65000000
1.54000000
1.54000000
1.54000000
1.54000000
1.45500000
1.45500000
1.45500000
1.45500000
1.44500000
1.44500000
1.44500000
1.44500000
1.42500000
1.42500000
1.42500000
1.42500000
1.42000000
1.42000000
1.42000000
1.42000000
1.35500000
1.35500000
1.35500000
1.35500000
1.16000000
1.16000000
1.16000000
1.16000000
1.16000000
1.16000000
1.16000000
1.16000000
1.01500000
1.01500000
1.01500000
1.01500000
0.92500000
0.92500000
0.92500000
0.92500000
0.88000000
0.88000000
0.88000000
0.88000000
0.86000000
0.86000000
0.86000000
0.86000000
0.85000000
0.85000000
0.85000000
0.85000000
0.80000000
0.80000000
0.80000000
0.80000000
0.79000000
0.79000000
0.79000000
0.79000000
0.75000000
0.75000000
0.75000000
0.75000000
0.60000000
0.60000000
0.60000000
0.60000000
0.46000000
0.46000000
0.46000000
0.46000000
0.36500000
0.36500000
0.36500000
0.36500000
0.36500000
0.36500000
0.36500000
0.36500000
0.06000000
0.06000000
0.06000000
0.06000000
