2.21000000
5.99500000
4.73500000
2.35500000
2.50000000
2.87500000
3.76000000
5.67500000
5.78500000
3.49000000
0.05000000
1.47500000
1.02500000
5.04500000
0.26500000
2.32500000
3.85500000
3.04000000
4.25000000
4.68500000
1.47000000
2.19500000
1.40500000
4.48500000
2.13500000
5.66000000
5.04500000
1.32500000
2.33000000
1.49500000
3.54500000
0.93500000
1.71500000
5.57000000
5.24000000
2.29500000
1.10500000
1.52000000
1.94000000
5.56500000
3.55500000
2.12500000
1.65500000
4.25000000
5.69500000
2.44000000
5.42500000
6.21500000
3.21500000
2.69000000
5.33000000
4.74500000
5.34000000
4.81000000
1.85000000
0.93500000
4.90000000
3.58500000
2.38500000
0.11000000
3.16000000
0.61000000
1.79000000
5.31000000
1.90500000
3.04000000
2.56500000
3.25000000
3.62500000
4.76500000
1.73500000
0.45500000
4.63500000
2.76500000
1.45000000
4.67500000
1.28500000
2.77500000
1.69000000
3.94500000
5.66000000
0.41000000
4.34500000
5.70500000
1.30500000
3.02000000
5.76000000
5.53500000
3.38000000
0.70500000
0.75000000
5.30500000
0.25000000
0.97500000
5.74000000
1.40500000
1.48500000
2.92000000
1.34000000
3.37500000
1.34000000
1.32500000
1.30500000
1.28500000
1.10500000
1.02500000
0.97500000
0.93500000
0.93500000
0.75000000
0.70500000
0.61000000
0.45500000
0.41000000
0.26500000
0.25000000
0.11000000
0.05000000
6.21500000
5.99500000
5.78500000
5.76000000
5.74000000
5.70500000
5.69500000
5.67500000
5.66000000
5.66000000
5.57000000
5.56500000
5.53500000
5.42500000
5.34000000
5.33000000
5.31000000
5.30500000
5.24000000
5.04500000
5.04500000
4.90000000
4.81000000
4.76500000
4.74500000
4.73500000
4.68500000
4.67500000
4.63500000
4.48500000
4.34500000
4.25000000
4.25000000
3.94500000
3.85500000
3.76000000
3.62500000
3.58500000
3.55500000
3.54500000
3.49000000
3.38000000
3.37500000
3.25000000
3.21500000
3.16000000
3.04000000
3.04000000
3.02000000
2.92000000
2.87500000
2.77500000
2.76500000
2.69000000
2.56500000
2.50000000
2.44000000
2.38500000
2.35500000
2.33000000
2.32500000
2.29500000
2.21000000
2.19500000
2.13500000
2.12500000
1.94000000
1.90500000
1.85000000
1.79000000
1.73500000
1.71500000
1.69000000
1.65500000
1.52000000
1.49500000
1.48500000
1.47500000
1.47000000
1.45000000
1.40500000
1.40500000
1.34000000
1.34000000
1.32500000
1.32500000
1.30500000
1.30500000
1.28500000
1.28500000
1.10500000
1.10500000
1.02500000
1.02500000
0.97500000
0.97500000
0.93500000
0.93500000
0.93500000
0.93500000
0.75000000
0.75000000
0.70500000
0.70500000
0.61000000
0.61000000
0.45500000
0.45500000
0.41000000
0.41000000
0.26500000
0.26500000
0.25000000
0.25000000
0.11000000
0.11000000
0.05000000
0.05000000
6.21500000
6.21500000
5.99500000
5.99500000
5.78500000
5.78500000
5.76000000
5.76000000
5.74000000
5.74000000
5.70500000
5.70500000
5.69500000
5.69500000
5.67500000
5.67500000
5.66000000
5.66000000
5.66000000
5.66000000
5.57000000
5.57000000
5.56500000
5.56500000
5.53500000
5.53500000
5.42500000
5.42500000
5.34000000
5.34000000
5.33000000
5.33000000
5.31000000
5.31000000
5.30500000
5.30500000
5.24000000
5.24000000
5.04500000
5.04500000
5.04500000
5.04500000
4.90000000
4.90000000
4.81000000
4.81000000
4.76500000
4.76500000
4.74500000
4.74500000
4.73500000
4.73500000
4.68500000
4.68500000
4.67500000
4.67500000
4.63500000
4.63500000
4.48500000
4.48500000
4.34500000
4.34500000
4.25000000
4.25000000
4.25000000
4.25000000
3.94500000
3.94500000
3.85500000
3.85500000
3.76000000
3.76000000
3.62500000
3.62500000
3.58500000
3.58500000
3.55500000
3.55500000
3.54500000
3.54500000
3.49000000
3.49000000
3.38000000
3.38000000
3.37500000
3.37500000
3.25000000
3.25000000
3.21500000
3.21500000
3.16000000
3.16000000
3.04000000
3.04000000
3.04000000
3.04000000
3.02000000
3.02000000
2.92000000
2.92000000
2.87500000
2.87500000
2.77500000
2.77500000
2.76500000
2.76500000
2.69000000
2.69000000
2.56500000
2.56500000
2.50000000
2.50000000
2.44000000
2.44000000
2.38500000
2.38500000
2.35500000
2.35500000
2.33000000
2.33000000
2.32500000
2.32500000
2.29500000
2.29500000
2.21000000
2.21000000
2.19500000
2.19500000
2.13500000
2.13500000
2.12500000
2.12500000
1.94000000
1.94000000
1.90500000
1.90500000
1.85000000
1.85000000
1.79000000
1.79000000
1.73500000
1.73500000
1.71500000
1.71500000
1.69000000
1.69000000
1.65500000
1.65500000
1.52000000
1.52000000
1.49500000
1.49500000
1.48500000
1.48500000
1.47500000
1.47500000
1.47000000
1.47000000
1.45000000
1.45000000
1.40500000
1.40500000
1.40500000
1.40500000
1.34000000
1.34000000
1.34000000
1.34000000
1.32500000
1.32500000
1.32500000
1.32500000
1.30500000
1.30500000
1.30500000
1.30500000
1.28500000
1.28500000
1.28500000
1.28500000
1.10500000
1.10500000
1.10500000
1.10500000
1.02500000
1.02500000
1.02500000
1.02500000
0.97500000
0.97500000
0.97500000
0.97500000
0.93500000
0.93500000
0.93500000
0.93500000
0.93500000
0.93500000
0.93500000
0.93500000
0.75000000
0.75000000
0.75000000
0.75000000
0.70500000
0.70500000
0.70500000
0.70500000
0.61000000
0.61000000
0.61000000
0.61000000
0.45500000
0.45500000
0.45500000
0.45500000
0.41000000
0.41000000
0.41000000
0.41000000
0.26500000
0.26500000
0.26500000
0.26500000
0.25000000
0.25000000
0.25000000
0.25000000
0.11000000
0.11000000
0.11000000
0.11000000
0.05000000
0.05000000
0.05000000
0.05000000
