2.46000000
6.24500000
4.98500000
2.60500000
2.75000000
3.12500000
4.01000000
5.92500000
6.03500000
3.74000000
0.30000000
1.72500000
1.27500000
5.29500000
0.51500000
2.57500000
4.10500000
3.29000000
4.50000000
4.93500000
1.72000000
2.44500000
1.65500000
4.73500000
2.38500000
5.91000000
5.29500000
1.57500000
2.58000000
1.74500000
3.79500000
1.18500000
1.96500000
5.82000000
5.49000000
2.54500000
1.35500000
1.77000000
2.19000000
5.81500000
3.80500000
2.37500000
1.90500000
4.50000000
5.94500000
2.69000000
5.67500000
0.18000000
3.46500000
2.94000000
5.58000000
4.99500000
5.59000000
5.06000000
2.10000000
1.18500000
5.15000000
3.83500000
2.63500000
0.36000000
3.41000000
0.86000000
2.04000000
5.56000000
2.15500000
3.29000000
2.81500000
3.50000000
3.87500000
5.01500000
1.98500000
0.70500000
4.88500000
3.01500000
1.70000000
4.92500000
1.53500000
3.02500000
1.94000000
4.19500000
5.91000000
0.66000000
4.59500000
5.95500000
1.55500000
3.27000000
6.01000000
5.78500000
3.63000000
0.95500000
1.00000000
5.55500000
0.50000000
1.22500000
5.99000000
1.65500000
1.73500000
3.17000000
1.59000000
3.62500000
1.59000000
1.57500000
1.55500000
1.53500000
1.35500000
1.27500000
1.22500000
1.18500000
1.18500000
1.00000000
0.95500000
0.86000000
0.70500000
0.66000000
0.51500000
0.50000000
0.36000000
0.30000000
0.18000000
6.24500000
6.03500000
6.01000000
5.99000000
5.95500000
5.94500000
5.92500000
5.91000000
5.91000000
5.82000000
5.81500000
5.78500000
5.67500000
5.59000000
5.58000000
5.56000000
5.55500000
5.49000000
5.29500000
5.29500000
5.15000000
5.06000000
5.01500000
4.99500000
4.98500000
4.93500000
4.92500000
4.88500000
4.73500000
4.59500000
4.50000000
4.50000000
4.19500000
4.10500000
4.01000000
3.87500000
3.83500000
3.80500000
3.79500000
3.74000000
3.63000000
3.62500000
3.50000000
3.46500000
3.41000000
3.29000000
3.29000000
3.27000000
3.17000000
3.12500000
3.02500000
3.01500000
2.94000000
2.81500000
2.75000000
2.69000000
2.63500000
2.60500000
2.58000000
2.57500000
2.54500000
2.46000000
2.44500000
2.38500000
2.37500000
2.19000000
2.15500000
2.10000000
2.04000000
1.98500000
1.96500000
1.94000000
1.90500000
1.77000000
1.74500000
1.73500000
1.72500000
1.72000000
1.70000000
1.65500000
1.65500000
1.59000000
1.59000000
1.57500000
1.57500000
1.55500000
1.55500000
1.53500000
1.53500000
1.35500000
1.35500000
1.27500000
1.27500000
1.22500000
1.22500000
1.18500000
1.18500000
1.18500000
1.18500000
1.00000000
1.00000000
0.95500000
0.95500000
0.86000000
0.86000000
0.70500000
0.70500000
0.66000000
0.66000000
0.51500000
0.51500000
0.50000000
0.50000000
0.36000000
0.36000000
0.30000000
0.30000000
0.18000000
0.18000000
6.24500000
6.24500000
6.03500000
6.03500000
6.01000000
6.01000000
5.99000000
5.99000000
5.95500000
5.95500000
5.94500000
5.94500000
5.92500000
5.92500000
5.91000000
5.91000000
5.91000000
5.91000000
5.82000000
5.82000000
5.81500000
5.81500000
5.78500000
5.78500000
5.67500000
5.67500000
5.59000000
5.59000000
5.58000000
5.58000000
5.56000000
5.56000000
5.55500000
5.55500000
5.49000000
5.49000000
5.29500000
5.29500000
5.29500000
5.29500000
5.15000000
5.15000000
5.06000000
5.06000000
5.01500000
5.01500000
4.99500000
4.99500000
4.98500000
4.98500000
4.93500000
4.93500000
4.92500000
4.92500000
4.88500000
4.88500000
4.73500000
4.73500000
4.59500000
4.59500000
4.50000000
4.50000000
4.50000000
4.50000000
4.19500000
4.19500000
4.10500000
4.10500000
4.01000000
4.01000000
3.87500000
3.87500000
3.83500000
3.83500000
3.80500000
3.80500000
3.79500000
3.79500000
3.74000000
3.74000000
3.63000000
3.63000000
3.62500000
3.62500000
3.50000000
3.50000000
3.46500000
3.46500000
3.41000000
3.41000000
3.29000000
3.29000000
3.29000000
3.29000000
3.27000000
3.27000000
3.17000000
3.17000000
3.12500000
3.12500000
3.02500000
3.02500000
3.01500000
3.01500000
2.94000000
2.94000000
2.81500000
2.81500000
2.75000000
2.75000000
2.69000000
2.69000000
2.63500000
2.63500000
2.60500000
2.60500000
2.58000000
2.58000000
2.57500000
2.57500000
2.54500000
2.54500000
2.46000000
2.46000000
2.44500000
2.44500000
2.38500000
2.38500000
2.37500000
2.37500000
2.19000000
2.19000000
2.15500000
2.15500000
2.10000000
2.10000000
2.04000000
2.04000000
1.98500000
1.98500000
1.96500000
1.96500000
1.94000000
1.94000000
1.90500000
1.90500000
1.77000000
1.77000000
1.74500000
1.74500000
1.73500000
1.73500000
1.72500000
1.72500000
1.72000000
1.72000000
1.70000000
1.70000000
1.65500000
1.65500000
1.65500000
1.65500000
1.59000000
1.59000000
1.59000000
1.59000000
1.57500000
1.57500000
1.57500000
1.57500000
1.55500000
1.55500000
1.55500000
1.55500000
1.53500000
1.53500000
1.53500000
1.53500000
1.35500000
1.35500000
1.35500000
1.35500000
1.27500000
1.27500000
1.27500000
1.27500000
1.22500000
1.22500000
1.22500000
1.22500000
1.18500000
1.18500000
1.18500000
1.18500000
1.18500000
1.18500000
1.18500000
1.18500000
1.00000000
1.00000000
1.00000000
1.00000000
0.95500000
0.95500000
0.95500000
0.95500000
0.86000000
0.86000000
0.86000000
0.86000000
0.70500000
0.70500000
0.70500000
0.70500000
0.66000000
0.66000000
0.66000000
0.66000000
0.51500000
0.51500000
0.51500000
0.51500000
0.50000000
0.50000000
0.50000000
0.50000000
0.36000000
0.36000000
0.36000000
0.36000000
0.30000000
0.30000000
0.30000000
0.30000000
0.18000000
0.18000000
0.18000000
0.18000000
