1.82500000
5.61000000
4.35000000
1.97000000
2.11500000
2.49000000
3.37500000
5.29000000
5.40000000
3.10500000
5.95000000
1.09000000
0.64000000
4.66000000
6.16500000
1.94000000
3.47000000
2.65500000
3.86500000
4.30000000
1.08500000
1.81000000
1.02000000
4.10000000
1.75000000
5.27500000
4.66000000
0.94000000
1.94500000
1.11000000
3.16000000
0.55000000
1.33000000
5.18500000
4.85500000
1.91000000
0.72000000
1.13500000
1.55500000
5.18000000
3.17000000
1.74000000
1.27000000
3.86500000
5.31000000
2.05500000
5.04000000
5.83000000
2.83000000
2.30500000
4.94500000
4.36000000
4.95500000
4.42500000
1.46500000
0.55000000
4.51500000
3.20000000
2.00000000
6.01000000
2.77500000
0.22500000
1.40500000
4.92500000
1.52000000
2.65500000
2.18000000
2.86500000
3.24000000
4.38000000
1.35000000
0.07000000
4.25000000
2.38000000
1.06500000
4.29000000
0.90000000
2.39000000
1.30500000
3.56000000
5.27500000
0.02500000
3.96000000
5.32000000
0.92000000
2.63500000
5.37500000
5.15000000
2.99500000
0.32000000
0.36500000
4.92000000
6.15000000
0.59000000
5.35500000
1.02000000
1.10000000
2.53500000
0.95500000
2.99000000
0.95500000
0.94000000
0.92000000
0.90000000
0.72000000
0.64000000
0.59000000
0.55000000
0.55000000
0.36500000
0.32000000
0.22500000
0.07000000
0.02500000
6.16500000
6.15000000
6.01000000
5.95000000
5.83000000
5.61000000
5.40000000
5.37500000
5.35500000
5.32000000
5.31000000
5.29000000
5.27500000
5.27500000
5.18500000
5.18000000
5.15000000
5.04000000
4.95500000
4.94500000
4.92500000
4.92000000
4.85500000
4.66000000
4.66000000
4.51500000
4.42500000
4.38000000
4.36000000
4.35000000
4.30000000
4.29000000
4.25000000
4.10000000
3.96000000
3.86500000
3.86500000
3.56000000
3.47000000
3.37500000
3.24000000
3.20000000
3.17000000
3.16000000
3.10500000
2.99500000
2.99000000
2.86500000
2.83000000
2.77500000
2.65500000
2.65500000
2.63500000
2.53500000
2.49000000
2.39000000
2.38000000
2.30500000
2.18000000
2.11500000
2.05500000
2.00000000
1.97000000
1.94500000
1.94000000
1.91000000
1.82500000
1.81000000
1.75000000
1.74000000
1.55500000
1.52000000
1.46500000
1.40500000
1.35000000
1.33000000
1.30500000
1.27000000
1.13500000
1.11000000
1.10000000
1.09000000
1.08500000
1.06500000
1.02000000
1.02000000
0.95500000
0.95500000
0.94000000
0.94000000
0.92000000
0.92000000
0.90000000
0.90000000
0.72000000
0.72000000
0.64000000
0.64000000
0.59000000
0.59000000
0.55000000
0.55000000
0.55000000
0.55000000
0.36500000
0.36500000
0.32000000
0.32000000
0.22500000
0.22500000
0.07000000
0.07000000
0.02500000
0.02500000
6.16500000
6.16500000
6.15000000
6.15000000
6.01000000
6.01000000
5.95000000
5.95000000
5.83000000
5.83000000
5.61000000
5.61000000
5.40000000
5.40000000
5.37500000
5.37500000
5.35500000
5.35500000
5.32000000
5.32000000
5.31000000
5.31000000
5.29000000
5.29000000
5.27500000
5.27500000
5.27500000
5.27500000
5.18500000
5.18500000
5.18000000
5.18000000
5.15000000
5.15000000
5.04000000
5.04000000
4.95500000
4.95500000
4.94500000
4.94500000
4.92500000
4.92500000
4.92000000
4.92000000
4.85500000
4.85500000
4.66000000
4.66000000
4.66000000
4.66000000
4.51500000
4.51500000
4.42500000
4.42500000
4.38000000
4.38000000
4.36000000
4.36000000
4.35000000
4.35000000
4.30000000
4.30000000
4.29000000
4.29000000
4.25000000
4.25000000
4.10000000
4.10000000
3.96000000
3.96000000
3.86500000
3.86500000
3.86500000
3.86500000
3.56000000
3.56000000
3.47000000
3.47000000
3.37500000
3.37500000
3.24000000
3.24000000
3.20000000
3.20000000
3.17000000
3.17000000
3.16000000
3.16000000
3.10500000
3.10500000
2.99500000
2.99500000
2.99000000
2.99000000
2.86500000
2.86500000
2.83000000
2.83000000
2.77500000
2.77500000
2.65500000
2.65500000
2.65500000
2.65500000
2.63500000
2.63500000
2.53500000
2.53500000
2.49000000
2.49000000
2.39000000
2.39000000
2.38000000
2.38000000
2.30500000
2.30500000
2.18000000
2.18000000
2.11500000
2.11500000
2.05500000
2.05500000
2.00000000
2.00000000
1.97000000
1.97000000
1.94500000
1.94500000
1.94000000
1.94000000
1.91000000
1.91000000
1.82500000
1.82500000
1.81000000
1.81000000
1.75000000
1.75000000
1.74000000
1.74000000
1.55500000
1.55500000
1.52000000
1.52000000
1.46500000
1.46500000
1.40500000
1.40500000
1.35000000
1.35000000
1.33000000
1.33000000
1.30500000
1.30500000
1.27000000
1.27000000
1.13500000
1.13500000
1.11000000
1.11000000
1.10000000
1.10000000
1.09000000
1.09000000
1.08500000
1.08500000
1.06500000
1.06500000
1.02000000
1.02000000
1.02000000
1.02000000
0.95500000
0.95500000
0.95500000
0.95500000
0.94000000
0.94000000
0.94000000
0.94000000
0.92000000
0.92000000
0.92000000
0.92000000
0.90000000
0.90000000
0.90000000
0.90000000
0.72000000
0.72000000
0.72000000
0.72000000
0.64000000
0.64000000
0.64000000
0.64000000
0.59000000
0.59000000
0.59000000
0.59000000
0.55000000
0.55000000
0.55000000
0.55000000
0.55000000
0.55000000
0.55000000
0.55000000
0.36500000
0.36500000
0.36500000
0.36500000
0.32000000
0.32000000
0.32000000
0.32000000
0.22500000
0.22500000
0.22500000
0.22500000
0.07000000
0.07000000
0.07000000
0.07000000
0.02500000
0.02500000
0.02500000
0.02500000
6.16500000
6.16500000
6.16500000
6.16500000
6.15000000
6.15000000
6.15000000
6.15000000
6.01000000
6.01000000
6.01000000
6.01000000
5.95000000
5.95000000
5.95000000
5.95000000
5.83000000
5.83000000
5.83000000
5.83000000
5.61000000
5.61000000
5.61000000
5.61000000
5.40000000
5.40000000
5.40000000
5.40000000
5.37500000
5.37500000
5.37500000
5.37500000
5.35500000
5.35500000
5.35500000
5.35500000
5.32000000
5.32000000
5.32000000
5.32000000
5.31000000
5.31000000
5.31000000
5.31000000
5.29000000
5.29000000
5.29000000
5.29000000
5.27500000
5.27500000
5.27500000
5.27500000
5.27500000
5.27500000
5.27500000
5.27500000
5.18500000
5.18500000
5.18500000
5.18500000
5.18000000
5.18000000
5.18000000
5.18000000
5.15000000
5.15000000
5.15000000
5.15000000
5.04000000
5.04000000
5.04000000
5.04000000
4.95500000
4.95500000
4.95500000
4.95500000
4.94500000
4.94500000
4.94500000
4.94500000
4.92500000
4.92500000
4.92500000
4.92500000
4.92000000
4.92000000
4.92000000
4.92000000
4.85500000
4.85500000
4.85500000
4.85500000
4.66000000
4.66000000
4.66000000
4.66000000
4.66000000
4.66000000
4.66000000
4.66000000
4.51500000
4.51500000
4.51500000
4.51500000
4.42500000
4.42500000
4.42500000
4.42500000
4.38000000
4.38000000
4.38000000
4.38000000
4.36000000
4.36000000
4.36000000
4.36000000
4.35000000
4.35000000
4.35000000
4.35000000
4.30000000
4.30000000
4.30000000
4.30000000
4.29000000
4.29000000
4.29000000
4.29000000
4.25000000
4.25000000
4.25000000
4.25000000
4.10000000
4.10000000
4.10000000
4.10000000
3.96000000
3.96000000
3.96000000
3.96000000
3.86500000
3.86500000
3.86500000
3.86500000
3.86500000
3.86500000
3.86500000
3.86500000
3.56000000
3.56000000
3.56000000
3.56000000
3.47000000
3.47000000
3.47000000
3.47000000
3.37500000
3.37500000
3.37500000
3.37500000
3.24000000
3.24000000
3.24000000
3.24000000
3.20000000
3.20000000
3.20000000
3.20000000
3.17000000
3.17000000
3.17000000
3.17000000
3.16000000
3.16000000
3.16000000
3.16000000
3.10500000
3.10500000
3.10500000
3.10500000
2.99500000
2.99500000
2.99500000
2.99500000
2.99000000
2.99000000
2.99000000
2.99000000
2.86500000
2.86500000
2.86500000
2.86500000
2.83000000
2.83000000
2.83000000
2.83000000
2.77500000
2.77500000
2.77500000
2.77500000
2.65500000
2.65500000
2.65500000
2.65500000
2.65500000
2.65500000
2.65500000
2.65500000
2.63500000
2.63500000
2.63500000
2.63500000
2.53500000
2.53500000
2.53500000
2.53500000
2.49000000
2.49000000
2.49000000
2.49000000
2.39000000
2.39000000
2.39000000
2.39000000
2.38000000
2.38000000
2.38000000
2.38000000
2.30500000
2.30500000
2.30500000
2.30500000
2.18000000
2.18000000
2.18000000
2.18000000
2.11500000
2.11500000
2.11500000
2.11500000
2.05500000
2.05500000
2.05500000
2.05500000
2.00000000
2.00000000
2.00000000
2.00000000
1.97000000
1.97000000
1.97000000
1.97000000
1.94500000
1.94500000
1.94500000
1.94500000
1.94000000
1.94000000
1.94000000
1.94000000
1.91000000
1.91000000
1.91000000
1.91000000
1.82500000
1.82500000
1.82500000
1.82500000
1.81000000
1.81000000
1.81000000
1.81000000
1.75000000
1.75000000
1.75000000
1.75000000
1.74000000
1.74000000
1.74000000
1.74000000
1.55500000
1.55500000
1.55500000
1.55500000
1.52000000
1.52000000
1.52000000
1.52000000
1.46500000
1.46500000
1.46500000
1.46500000
1.40500000
1.40500000
1.40500000
1.40500000
1.35000000
1.35000000
1.35000000
1.35000000
1.33000000
1.33000000
1.33000000
1.33000000
1.30500000
1.30500000
1.30500000
1.30500000
1.27000000
1.27000000
1.27000000
1.27000000
1.13500000
1.13500000
1.13500000
1.13500000
1.11000000
1.11000000
1.11000000
1.11000000
1.10000000
1.10000000
1.10000000
1.10000000
1.09000000
1.09000000
1.09000000
1.09000000
1.08500000
1.08500000
1.08500000
1.08500000
1.06500000
1.06500000
1.06500000
1.06500000
1.02000000
1.02000000
1.02000000
1.02000000
1.02000000
1.02000000
1.02000000
1.02000000
0.95500000
0.95500000
0.95500000
0.95500000
0.95500000
0.95500000
0.95500000
0.95500000
0.94000000
0.94000000
0.94000000
0.94000000
0.94000000
0.94000000
0.94000000
0.94000000
0.92000000
0.92000000
0.92000000
0.92000000
0.92000000
0.92000000
0.92000000
0.92000000
0.90000000
0.90000000
0.90000000
0.90000000
0.90000000
0.90000000
0.90000000
0.90000000
0.72000000
0.72000000
0.72000000
0.72000000
0.72000000
0.72000000
0.72000000
0.72000000
0.64000000
0.64000000
0.64000000
0.64000000
0.64000000
0.64000000
0.64000000
0.64000000
0.59000000
0.59000000
0.59000000
0.59000000
0.59000000
0.59000000
0.59000000
0.59000000
0.55000000
0.55000000
0.55000000
0.55000000
0.55000000
0.55000000
0.55000000
0.55000000
0.55000000
0.55000000
0.55000000
0.55000000
0.55000000
0.55000000
0.55000000
0.55000000
0.36500000
0.36500000
0.36500000
0.36500000
0.36500000
0.36500000
0.36500000
0.36500000
0.32000000
0.32000000
0.32000000
0.32000000
0.32000000
0.32000000
0.32000000
0.32000000
0.22500000
0.22500000
0.22500000
0.22500000
0.22500000
0.22500000
0.22500000
0.22500000
0.07000000
0.07000000
0.07000000
0.07000000
0.07000000
0.07000000
0.07000000
0.07000000
0.02500000
0.02500000
0.02500000
0.02500000
0.02500000
0.02500000
0.02500000
0.02500000
