4.31000000
1.81000000
0.55000000
4.45500000
4.60000000
4.97500000
5.86000000
1.49000000
1.60000000
5.59000000
2.15000000
3.57500000
3.12500000
0.86000000
2.36500000
4.42500000
5.95500000
5.14000000
0.06500000
0.50000000
3.57000000
4.29500000
3.50500000
0.30000000
4.23500000
1.47500000
0.86000000
3.42500000
4.43000000
3.59500000
5.64500000
3.03500000
3.81500000
1.38500000
1.05500000
4.39500000
3.20500000
3.62000000
4.04000000
1.38000000
5.65500000
4.22500000
3.75500000
0.06500000
1.51000000
4.54000000
1.24000000
2.03000000
5.31500000
4.79000000
1.14500000
0.56000000
1.15500000
0.62500000
3.95000000
3.03500000
0.71500000
5.68500000
4.48500000
2.21000000
5.26000000
2.71000000
3.89000000
1.12500000
4.00500000
5.14000000
4.66500000
5.35000000
5.72500000
0.58000000
3.83500000
2.55500000
0.45000000
4.86500000
3.55000000
0.49000000
3.38500000
4.87500000
3.79000000
6.04500000
1.47500000
2.51000000
0.16000000
1.52000000
3.40500000
5.12000000
1.57500000
1.35000000
5.48000000
2.80500000
2.85000000
1.12000000
2.35000000
3.07500000
1.55500000
3.50500000
3.58500000
5.02000000
3.44000000
5.47500000
3.44000000
3.42500000
3.40500000
3.38500000
3.20500000
3.12500000
3.07500000
3.03500000
3.03500000
2.85000000
2.80500000
2.71000000
2.55500000
2.51000000
2.36500000
2.35000000
2.21000000
2.15000000
2.03000000
1.81000000
1.60000000
1.57500000
1.55500000
1.52000000
1.51000000
1.49000000
1.47500000
1.47500000
1.38500000
1.38000000
1.35000000
1.24000000
1.15500000
1.14500000
1.12500000
1.12000000
1.05500000
0.86000000
0.86000000
0.71500000
0.62500000
0.58000000
0.56000000
0.55000000
0.50000000
0.49000000
0.45000000
0.30000000
0.16000000
0.06500000
0.06500000
6.04500000
5.95500000
5.86000000
5.72500000
5.68500000
5.65500000
5.64500000
5.59000000
5.48000000
5.47500000
5.35000000
5.31500000
5.26000000
5.14000000
5.14000000
5.12000000
5.02000000
4.97500000
4.87500000
4.86500000
4.79000000
4.66500000
4.60000000
4.54000000
4.48500000
4.45500000
4.43000000
4.42500000
4.39500000
4.31000000
4.29500000
4.23500000
4.22500000
4.04000000
4.00500000
3.95000000
3.89000000
3.83500000
3.81500000
3.79000000
3.75500000
3.62000000
3.59500000
3.58500000
3.57500000
3.57000000
3.55000000
3.50500000
3.50500000
3.44000000
3.44000000
3.42500000
3.42500000
3.40500000
3.40500000
3.38500000
3.38500000
3.20500000
3.20500000
3.12500000
3.12500000
3.07500000
3.07500000
3.03500000
3.03500000
3.03500000
3.03500000
2.85000000
2.85000000
2.80500000
2.80500000
2.71000000
2.71000000
2.55500000
2.55500000
2.51000000
2.51000000
2.36500000
2.36500000
2.35000000
2.35000000
2.21000000
2.21000000
2.15000000
2.15000000
2.03000000
2.03000000
1.81000000
1.81000000
1.60000000
1.60000000
1.57500000
1.57500000
1.55500000
1.55500000
1.52000000
1.52000000
1.51000000
1.51000000
1.49000000
1.49000000
1.47500000
1.47500000
1.47500000
1.47500000
1.38500000
1.38500000
1.38000000
1.38000000
1.35000000
1.35000000
1.24000000
1.24000000
1.15500000
1.15500000
1.14500000
1.14500000
1.12500000
1.12500000
1.12000000
1.12000000
1.05500000
1.05500000
0.86000000
0.86000000
0.86000000
0.86000000
0.71500000
0.71500000
0.62500000
0.62500000
0.58000000
0.58000000
0.56000000
0.56000000
0.55000000
0.55000000
0.50000000
0.50000000
0.49000000
0.49000000
0.45000000
0.45000000
0.30000000
0.30000000
0.16000000
0.16000000
0.06500000
0.06500000
0.06500000
0.06500000
6.04500000
6.04500000
5.95500000
5.95500000
5.86000000
5.86000000
5.72500000
5.72500000
5.68500000
5.68500000
5.65500000
5.65500000
5.64500000
5.64500000
5.59000000
5.59000000
5.48000000
5.48000000
5.47500000
5.47500000
5.35000000
5.35000000
5.31500000
5.31500000
5.26000000
5.26000000
5.14000000
5.14000000
5.14000000
5.14000000
5.12000000
5.12000000
5.02000000
5.02000000
4.97500000
4.97500000
4.87500000
4.87500000
4.86500000
4.86500000
4.79000000
4.79000000
4.66500000
4.66500000
4.60000000
4.60000000
4.54000000
4.54000000
4.48500000
4.48500000
4.45500000
4.45500000
4.43000000
4.43000000
4.42500000
4.42500000
4.39500000
4.39500000
4.31000000
4.31000000
4.29500000
4.29500000
4.23500000
4.23500000
4.22500000
4.22500000
4.04000000
4.04000000
4.00500000
4.00500000
3.95000000
3.95000000
3.89000000
3.89000000
3.83500000
3.83500000
3.81500000
3.81500000
3.79000000
3.79000000
3.75500000
3.75500000
3.62000000
3.62000000
3.59500000
3.59500000
3.58500000
3.58500000
3.57500000
3.57500000
3.57000000
3.57000000
3.55000000
3.55000000
3.50500000
3.50500000
3.50500000
3.50500000
3.44000000
3.44000000
3.44000000
3.44000000
3.42500000
3.42500000
3.42500000
3.42500000
3.40500000
3.40500000
3.40500000
3.40500000
3.38500000
3.38500000
3.38500000
3.38500000
3.20500000
3.20500000
3.20500000
3.20500000
3.12500000
3.12500000
3.12500000
3.12500000
3.07500000
3.07500000
3.07500000
3.07500000
3.03500000
3.03500000
3.03500000
3.03500000
3.03500000
3.03500000
3.03500000
3.03500000
2.85000000
2.85000000
2.85000000
2.85000000
2.80500000
2.80500000
2.80500000
2.80500000
2.71000000
2.71000000
2.71000000
2.71000000
2.55500000
2.55500000
2.55500000
2.55500000
2.51000000
2.51000000
2.51000000
2.51000000
2.36500000
2.36500000
2.36500000
2.36500000
2.35000000
2.35000000
2.35000000
2.35000000
2.21000000
2.21000000
2.21000000
2.21000000
2.15000000
2.15000000
2.15000000
2.15000000
2.03000000
2.03000000
2.03000000
2.03000000
1.81000000
1.81000000
1.81000000
1.81000000
1.60000000
1.60000000
1.60000000
1.60000000
1.57500000
1.57500000
1.57500000
1.57500000
1.55500000
1.55500000
1.55500000
1.55500000
1.52000000
1.52000000
1.52000000
1.52000000
1.51000000
1.51000000
1.51000000
1.51000000
1.49000000
1.49000000
1.49000000
1.49000000
1.47500000
1.47500000
1.47500000
1.47500000
1.47500000
1.47500000
1.47500000
1.47500000
1.38500000
1.38500000
1.38500000
1.38500000
1.38000000
1.38000000
1.38000000
1.38000000
1.35000000
1.35000000
1.35000000
1.35000000
1.24000000
1.24000000
1.24000000
1.24000000
1.15500000
1.15500000
1.15500000
1.15500000
1.14500000
1.14500000
1.14500000
1.14500000
1.12500000
1.12500000
1.12500000
1.12500000
1.12000000
1.12000000
1.12000000
1.12000000
1.05500000
1.05500000
1.05500000
1.05500000
0.86000000
0.86000000
0.86000000
0.86000000
0.86000000
0.86000000
0.86000000
0.86000000
0.71500000
0.71500000
0.71500000
0.71500000
0.62500000
0.62500000
0.62500000
0.62500000
0.58000000
0.58000000
0.58000000
0.58000000
0.56000000
0.56000000
0.56000000
0.56000000
0.55000000
0.55000000
0.55000000
0.55000000
0.50000000
0.50000000
0.50000000
0.50000000
0.49000000
0.49000000
0.49000000
0.49000000
0.45000000
0.45000000
0.45000000
0.45000000
0.30000000
0.30000000
0.30000000
0.30000000
0.16000000
0.16000000
0.16000000
0.16000000
0.06500000
0.06500000
0.06500000
0.06500000
0.06500000
0.06500000
0.06500000
0.06500000
