2.96000000
0.46000000
5.48500000
3.10500000
3.25000000
3.62500000
4.51000000
0.14000000
0.25000000
4.24000000
0.80000000
2.22500000
1.77500000
5.79500000
1.01500000
3.07500000
4.60500000
3.79000000
5.00000000
5.43500000
2.22000000
2.94500000
2.15500000
5.23500000
2.88500000
0.12500000
5.79500000
2.07500000
3.08000000
2.24500000
4.29500000
1.68500000
2.46500000
0.03500000
5.99000000
3.04500000
1.85500000
2.27000000
2.69000000
0.03000000
4.30500000
2.87500000
2.40500000
5.00000000
0.16000000
3.19000000
6.17500000
0.68000000
3.96500000
3.44000000
6.08000000
5.49500000
6.09000000
5.56000000
2.60000000
1.68500000
5.65000000
4.33500000
3.13500000
0.86000000
3.91000000
1.36000000
2.54000000
6.06000000
2.65500000
3.79000000
3.31500000
4.00000000
4.37500000
5.51500000
2.48500000
1.20500000
5.38500000
3.51500000
2.20000000
5.42500000
2.03500000
3.52500000
2.44000000
4.69500000
0.12500000
1.16000000
5.09500000
0.17000000
2.05500000
3.77000000
0.22500000
0.00000000
4.13000000
1.45500000
1.50000000
6.05500000
1.00000000
1.72500000
0.20500000
2.15500000
2.23500000
3.67000000
2.09000000
4.12500000
2.09000000
2.07500000
2.05500000
2.03500000
1.85500000
1.77500000
1.72500000
1.68500000
1.68500000
1.50000000
1.45500000
1.36000000
1.20500000
1.16000000
1.01500000
1.00000000
0.86000000
0.80000000
0.68000000
0.46000000
0.25000000
0.22500000
0.20500000
0.17000000
0.16000000
0.14000000
0.12500000
0.12500000
0.03500000
0.03000000
0.00000000
6.17500000
6.09000000
6.08000000
6.06000000
6.05500000
5.99000000
5.79500000
5.79500000
5.65000000
5.56000000
5.51500000
5.49500000
5.48500000
5.43500000
5.42500000
5.38500000
5.23500000
5.09500000
5.00000000
5.00000000
4.69500000
4.60500000
4.51000000
4.37500000
4.33500000
4.30500000
4.29500000
4.24000000
4.13000000
4.12500000
4.00000000
3.96500000
3.91000000
3.79000000
3.79000000
3.77000000
3.67000000
3.62500000
3.52500000
3.51500000
3.44000000
3.31500000
3.25000000
3.19000000
3.13500000
3.10500000
3.08000000
3.07500000
3.04500000
2.96000000
2.94500000
2.88500000
2.87500000
2.69000000
2.65500000
2.60000000
2.54000000
2.48500000
2.46500000
2.44000000
2.40500000
2.27000000
2.24500000
2.23500000
2.22500000
2.22000000
2.20000000
2.15500000
2.15500000
2.09000000
2.09000000
2.07500000
2.07500000
2.05500000
2.05500000
2.03500000
2.03500000
1.85500000
1.85500000
1.77500000
1.77500000
1.72500000
1.72500000
1.68500000
1.68500000
1.68500000
1.68500000
1.50000000
1.50000000
1.45500000
1.45500000
1.36000000
1.36000000
1.20500000
1.20500000
1.16000000
1.16000000
1.01500000
1.01500000
1.00000000
1.00000000
0.86000000
0.86000000
0.80000000
0.80000000
0.68000000
0.68000000
0.46000000
0.46000000
0.25000000
0.25000000
0.22500000
0.22500000
0.20500000
0.20500000
0.17000000
0.17000000
0.16000000
0.16000000
0.14000000
0.14000000
0.12500000
0.12500000
0.12500000
0.12500000
0.03500000
0.03500000
0.03000000
0.03000000
0.00000000
0.00000000
6.17500000
6.17500000
6.09000000
6.09000000
6.08000000
6.08000000
6.06000000
6.06000000
6.05500000
6.05500000
5.99000000
5.99000000
5.79500000
5.79500000
5.79500000
5.79500000
5.65000000
5.65000000
5.56000000
5.56000000
5.51500000
5.51500000
5.49500000
5.49500000
5.48500000
5.48500000
5.43500000
5.43500000
5.42500000
5.42500000
5.38500000
5.38500000
5.23500000
5.23500000
5.09500000
5.09500000
5.00000000
5.00000000
5.00000000
5.00000000
4.69500000
4.69500000
4.60500000
4.60500000
4.51000000
4.51000000
4.37500000
4.37500000
4.33500000
4.33500000
4.30500000
4.30500000
4.29500000
4.29500000
4.24000000
4.24000000
4.13000000
4.13000000
4.12500000
4.12500000
4.00000000
4.00000000
3.96500000
3.96500000
3.91000000
3.91000000
3.79000000
3.79000000
3.79000000
3.79000000
3.77000000
3.77000000
3.67000000
3.67000000
3.62500000
3.62500000
3.52500000
3.52500000
3.51500000
3.51500000
3.44000000
3.44000000
3.31500000
3.31500000
3.25000000
3.25000000
3.19000000
3.19000000
3.13500000
3.13500000
3.10500000
3.10500000
3.08000000
3.08000000
3.07500000
3.07500000
3.04500000
3.04500000
2.96000000
2.96000000
2.94500000
2.94500000
2.88500000
2.88500000
2.87500000
2.87500000
2.69000000
2.69000000
2.65500000
2.65500000
2.60000000
2.60000000
2.54000000
2.54000000
2.48500000
2.48500000
2.46500000
2.46500000
2.44000000
2.44000000
2.40500000
2.40500000
2.27000000
2.27000000
2.24500000
2.24500000
2.23500000
2.23500000
2.22500000
2.22500000
2.22000000
2.22000000
2.20000000
2.20000000
2.15500000
2.15500000
2.15500000
2.15500000
2.09000000
2.09000000
2.09000000
2.09000000
2.07500000
2.07500000
2.07500000
2.07500000
2.05500000
2.05500000
2.05500000
2.05500000
2.03500000
2.03500000
2.03500000
2.03500000
1.85500000
1.85500000
1.85500000
1.85500000
1.77500000
1.77500000
1.77500000
1.77500000
1.72500000
1.72500000
1.72500000
1.72500000
1.68500000
1.68500000
1.68500000
1.68500000
1.68500000
1.68500000
1.68500000
1.68500000
1.50000000
1.50000000
1.50000000
1.50000000
1.45500000
1.45500000
1.45500000
1.45500000
1.36000000
1.36000000
1.36000000
1.36000000
1.20500000
1.20500000
1.20500000
1.20500000
1.16000000
1.16000000
1.16000000
1.16000000
1.01500000
1.01500000
1.01500000
1.01500000
1.00000000
1.00000000
1.00000000
1.00000000
0.86000000
0.86000000
0.86000000
0.86000000
0.80000000
0.80000000
0.80000000
0.80000000
0.68000000
0.68000000
0.68000000
0.68000000
0.46000000
0.46000000
0.46000000
0.46000000
0.25000000
0.25000000
0.25000000
0.25000000
0.22500000
0.22500000
0.22500000
0.22500000
0.20500000
0.20500000
0.20500000
0.20500000
0.17000000
0.17000000
0.17000000
0.17000000
0.16000000
0.16000000
0.16000000
0.16000000
0.14000000
0.14000000
0.14000000
0.14000000
0.12500000
0.12500000
0.12500000
0.12500000
0.12500000
0.12500000
0.12500000
0.12500000
0.03500000
0.03500000
0.03500000
0.03500000
0.03000000
0.03000000
0.03000000
0.03000000
0.00000000
0.00000000
0.00000000
0.00000000
