5.11000000
2.61000000
1.35000000
5.25500000
5.40000000
5.77500000
0.37500000
2.29000000
2.40000000
0.10500000
2.95000000
4.37500000
3.92500000
1.66000000
3.16500000
5.22500000
0.47000000
5.94000000
0.86500000
1.30000000
4.37000000
5.09500000
4.30500000
1.10000000
5.03500000
2.27500000
1.66000000
4.22500000
5.23000000
4.39500000
0.16000000
3.83500000
4.61500000
2.18500000
1.85500000
5.19500000
4.00500000
4.42000000
4.84000000
2.18000000
0.17000000
5.02500000
4.55500000
0.86500000
2.31000000
5.34000000
2.04000000
2.83000000
6.11500000
5.59000000
1.94500000
1.36000000
1.95500000
1.42500000
4.75000000
3.83500000
1.51500000
0.20000000
5.28500000
3.01000000
6.06000000
3.51000000
4.69000000
1.92500000
4.80500000
5.94000000
5.46500000
6.15000000
0.24000000
1.38000000
4.63500000
3.35500000
1.25000000
5.66500000
4.35000000
1.29000000
4.18500000
5.67500000
4.59000000
0.56000000
2.27500000
3.31000000
0.96000000
2.32000000
4.20500000
5.92000000
2.37500000
2.15000000
6.28000000
3.60500000
3.65000000
1.92000000
3.15000000
3.87500000
2.35500000
4.30500000
4.38500000
5.82000000
4.24000000
6.27500000
4.24000000
4.22500000
4.20500000
4.18500000
4.00500000
3.92500000
3.87500000
3.83500000
3.83500000
3.65000000
3.60500000
3.51000000
3.35500000
3.31000000
3.16500000
3.15000000
3.01000000
2.95000000
2.83000000
2.61000000
2.40000000
2.37500000
2.35500000
2.32000000
2.31000000
2.29000000
2.27500000
2.27500000
2.18500000
2.18000000
2.15000000
2.04000000
1.95500000
1.94500000
1.92500000
1.92000000
1.85500000
1.66000000
1.66000000
1.51500000
1.42500000
1.38000000
1.36000000
1.35000000
1.30000000
1.29000000
1.25000000
1.10000000
0.96000000
0.86500000
0.86500000
0.56000000
0.47000000
0.37500000
0.24000000
0.20000000
0.17000000
0.16000000
0.10500000
6.28000000
6.27500000
6.15000000
6.11500000
6.06000000
5.94000000
5.94000000
5.92000000
5.82000000
5.77500000
5.67500000
5.66500000
5.59000000
5.46500000
5.40000000
5.34000000
5.28500000
5.25500000
5.23000000
5.22500000
5.19500000
5.11000000
5.09500000
5.03500000
5.02500000
4.84000000
4.80500000
4.75000000
4.69000000
4.63500000
4.61500000
4.59000000
4.55500000
4.42000000
4.39500000
4.38500000
4.37500000
4.37000000
4.35000000
4.30500000
4.30500000
4.24000000
4.24000000
4.22500000
4.22500000
4.20500000
4.20500000
4.18500000
4.18500000
4.00500000
4.00500000
3.92500000
3.92500000
3.87500000
3.87500000
3.83500000
3.83500000
3.83500000
3.83500000
3.65000000
3.65000000
3.60500000
3.60500000
3.51000000
3.51000000
3.35500000
3.35500000
3.31000000
3.31000000
3.16500000
3.16500000
3.15000000
3.15000000
3.01000000
3.01000000
2.95000000
2.95000000
2.83000000
2.83000000
2.61000000
2.61000000
2.40000000
2.40000000
2.37500000
2.37500000
2.35500000
2.35500000
2.32000000
2.32000000
2.31000000
2.31000000
2.29000000
2.29000000
2.27500000
2.27500000
2.27500000
2.27500000
2.18500000
2.18500000
2.18000000
2.18000000
2.15000000
2.15000000
2.04000000
2.04000000
1.95500000
1.95500000
1.94500000
1.94500000
1.92500000
1.92500000
1.92000000
1.92000000
1.85500000
1.85500000
1.66000000
1.66000000
1.66000000
1.66000000
1.51500000
1.51500000
1.42500000
1.42500000
1.38000000
1.38000000
1.36000000
1.36000000
1.35000000
1.35000000
1.30000000
1.30000000
1.29000000
1.29000000
1.25000000
1.25000000
1.10000000
1.10000000
0.96000000
0.96000000
0.86500000
0.86500000
0.86500000
0.86500000
0.56000000
0.56000000
0.47000000
0.47000000
0.37500000
0.37500000
0.24000000
0.24000000
0.20000000
0.20000000
0.17000000
0.17000000
0.16000000
0.16000000
0.10500000
0.10500000
6.28000000
6.28000000
6.27500000
6.27500000
6.15000000
6.15000000
6.11500000
6.11500000
6.06000000
6.06000000
5.94000000
5.94000000
5.94000000
5.94000000
5.92000000
5.92000000
5.82000000
5.82000000
5.77500000
5.77500000
5.67500000
5.67500000
5.66500000
5.66500000
5.59000000
5.59000000
5.46500000
5.46500000
5.40000000
5.40000000
5.34000000
5.34000000
5.28500000
5.28500000
5.25500000
5.25500000
5.23000000
5.23000000
5.22500000
5.22500000
5.19500000
5.19500000
5.11000000
5.11000000
5.09500000
5.09500000
5.03500000
5.03500000
5.02500000
5.02500000
4.84000000
4.84000000
4.80500000
4.80500000
4.75000000
4.75000000
4.69000000
4.69000000
4.63500000
4.63500000
4.61500000
4.61500000
4.59000000
4.59000000
4.55500000
4.55500000
4.42000000
4.42000000
4.39500000
4.39500000
4.38500000
4.38500000
4.37500000
4.37500000
4.37000000
4.37000000
4.35000000
4.35000000
4.30500000
4.30500000
4.30500000
4.30500000
4.24000000
4.24000000
4.24000000
4.24000000
4.22500000
4.22500000
4.22500000
4.22500000
4.20500000
4.20500000
4.20500000
4.20500000
4.18500000
4.18500000
4.18500000
4.18500000
4.00500000
4.00500000
4.00500000
4.00500000
3.92500000
3.92500000
3.92500000
3.92500000
3.87500000
3.87500000
3.87500000
3.87500000
3.83500000
3.83500000
3.83500000
3.83500000
3.83500000
3.83500000
3.83500000
3.83500000
3.65000000
3.65000000
3.65000000
3.65000000
3.60500000
3.60500000
3.60500000
3.60500000
3.51000000
3.51000000
3.51000000
3.51000000
3.35500000
3.35500000
3.35500000
3.35500000
3.31000000
3.31000000
3.31000000
3.31000000
3.16500000
3.16500000
3.16500000
3.16500000
3.15000000
3.15000000
3.15000000
3.15000000
3.01000000
3.01000000
3.01000000
3.01000000
2.95000000
2.95000000
2.95000000
2.95000000
2.83000000
2.83000000
2.83000000
2.83000000
2.61000000
2.61000000
2.61000000
2.61000000
2.40000000
2.40000000
2.40000000
2.40000000
2.37500000
2.37500000
2.37500000
2.37500000
2.35500000
2.35500000
2.35500000
2.35500000
2.32000000
2.32000000
2.32000000
2.32000000
2.31000000
2.31000000
2.31000000
2.31000000
2.29000000
2.29000000
2.29000000
2.29000000
2.27500000
2.27500000
2.27500000
2.27500000
2.27500000
2.27500000
2.27500000
2.27500000
2.18500000
2.18500000
2.18500000
2.18500000
2.18000000
2.18000000
2.18000000
2.18000000
2.15000000
2.15000000
2.15000000
2.15000000
2.04000000
2.04000000
2.04000000
2.04000000
1.95500000
1.95500000
1.95500000
1.95500000
1.94500000
1.94500000
1.94500000
1.94500000
1.92500000
1.92500000
1.92500000
1.92500000
1.92000000
1.92000000
1.92000000
1.92000000
1.85500000
1.85500000
1.85500000
1.85500000
1.66000000
1.66000000
1.66000000
1.66000000
1.66000000
1.66000000
1.66000000
1.66000000
1.51500000
1.51500000
1.51500000
1.51500000
1.42500000
1.42500000
1.42500000
1.42500000
1.38000000
1.38000000
1.38000000
1.38000000
1.36000000
1.36000000
1.36000000
1.36000000
1.35000000
1.35000000
1.35000000
1.35000000
1.30000000
1.30000000
1.30000000
1.30000000
1.29000000
1.29000000
1.29000000
1.29000000
1.25000000
1.25000000
1.25000000
1.25000000
1.10000000
1.10000000
1.10000000
1.10000000
0.96000000
0.96000000
0.96000000
0.96000000
0.86500000
0.86500000
0.86500000
0.86500000
0.86500000
0.86500000
0.86500000
0.86500000
0.56000000
0.56000000
0.56000000
0.56000000
0.47000000
0.47000000
0.47000000
0.47000000
0.37500000
0.37500000
0.37500000
0.37500000
0.24000000
0.24000000
0.24000000
0.24000000
0.20000000
0.20000000
0.20000000
0.20000000
0.17000000
0.17000000
0.17000000
0.17000000
0.16000000
0.16000000
0.16000000
0.16000000
0.10500000
0.10500000
0.10500000
0.10500000
