4.01000000
1.51000000
0.25000000
4.15500000
4.30000000
4.67500000
5.56000000
1.19000000
1.30000000
5.29000000
1.85000000
3.27500000
2.82500000
0.56000000
2.06500000
4.12500000
5.65500000
4.84000000
6.05000000
0.20000000
3.27000000
3.99500000
3.20500000
0.00000000
3.93500000
1.17500000
0.56000000
3.12500000
4.13000000
3.29500000
5.34500000
2.73500000
3.51500000
1.08500000
0.75500000
4.09500000
2.90500000
3.32000000
3.74000000
1.08000000
5.35500000
3.92500000
3.45500000
6.05000000
1.21000000
4.24000000
0.94000000
1.73000000
5.01500000
4.49000000
0.84500000
0.26000000
0.85500000
0.32500000
3.65000000
2.73500000
0.41500000
5.38500000
4.18500000
1.91000000
4.96000000
2.41000000
3.59000000
0.82500000
3.70500000
4.84000000
4.36500000
5.05000000
5.42500000
0.28000000
3.53500000
2.25500000
0.15000000
4.56500000
3.25000000
0.19000000
3.08500000
4.57500000
3.49000000
5.74500000
1.17500000
2.21000000
6.14500000
1.22000000
3.10500000
4.82000000
1.27500000
1.05000000
5.18000000
2.50500000
2.55000000
0.82000000
2.05000000
2.77500000
1.25500000
3.20500000
3.28500000
4.72000000
3.14000000
5.17500000
3.14000000
3.12500000
3.10500000
3.08500000
2.90500000
2.82500000
2.77500000
2.73500000
2.73500000
2.55000000
2.50500000
2.41000000
2.25500000
2.21000000
2.06500000
2.05000000
1.91000000
1.85000000
1.73000000
1.51000000
1.30000000
1.27500000
1.25500000
1.22000000
1.21000000
1.19000000
1.17500000
1.17500000
1.08500000
1.08000000
1.05000000
0.94000000
0.85500000
0.84500000
0.82500000
0.82000000
0.75500000
0.56000000
0.56000000
0.41500000
0.32500000
0.28000000
0.26000000
0.25000000
0.20000000
0.19000000
0.15000000
0.00000000
6.14500000
6.05000000
6.05000000
5.74500000
5.65500000
5.56000000
5.42500000
5.38500000
5.35500000
5.34500000
5.29000000
5.18000000
5.17500000
5.05000000
5.01500000
4.96000000
4.84000000
4.84000000
4.82000000
4.72000000
4.67500000
4.57500000
4.56500000
4.49000000
4.36500000
4.30000000
4.24000000
4.18500000
4.15500000
4.13000000
4.12500000
4.09500000
4.01000000
3.99500000
3.93500000
3.92500000
3.74000000
3.70500000
3.65000000
3.59000000
3.53500000
3.51500000
3.49000000
3.45500000
3.32000000
3.29500000
3.28500000
3.27500000
3.27000000
3.25000000
3.20500000
3.20500000
3.14000000
3.14000000
3.12500000
3.12500000
3.10500000
3.10500000
3.08500000
3.08500000
2.90500000
2.90500000
2.82500000
2.82500000
2.77500000
2.77500000
2.73500000
2.73500000
2.73500000
2.73500000
2.55000000
2.55000000
2.50500000
2.50500000
2.41000000
2.41000000
2.25500000
2.25500000
2.21000000
2.21000000
2.06500000
2.06500000
2.05000000
2.05000000
1.91000000
1.91000000
1.85000000
1.85000000
1.73000000
1.73000000
1.51000000
1.51000000
1.30000000
1.30000000
1.27500000
1.27500000
1.25500000
1.25500000
1.22000000
1.22000000
1.21000000
1.21000000
1.19000000
1.19000000
1.17500000
1.17500000
1.17500000
1.17500000
1.08500000
1.08500000
1.08000000
1.08000000
1.05000000
1.05000000
0.94000000
0.94000000
0.85500000
0.85500000
0.84500000
0.84500000
0.82500000
0.82500000
0.82000000
0.82000000
0.75500000
0.75500000
0.56000000
0.56000000
0.56000000
0.56000000
0.41500000
0.41500000
0.32500000
0.32500000
0.28000000
0.28000000
0.26000000
0.26000000
0.25000000
0.25000000
0.20000000
0.20000000
0.19000000
0.19000000
0.15000000
0.15000000
0.00000000
0.00000000
6.14500000
6.14500000
6.05000000
6.05000000
6.05000000
6.05000000
5.74500000
5.74500000
5.65500000
5.65500000
5.56000000
5.56000000
5.42500000
5.42500000
5.38500000
5.38500000
5.35500000
5.35500000
5.34500000
5.34500000
5.29000000
5.29000000
5.18000000
5.18000000
5.17500000
5.17500000
5.05000000
5.05000000
5.01500000
5.01500000
4.96000000
4.96000000
4.84000000
4.84000000
4.84000000
4.84000000
4.82000000
4.82000000
4.72000000
4.72000000
4.67500000
4.67500000
4.57500000
4.57500000
4.56500000
4.56500000
4.49000000
4.49000000
4.36500000
4.36500000
4.30000000
4.30000000
4.24000000
4.24000000
4.18500000
4.18500000
4.15500000
4.15500000
4.13000000
4.13000000
4.12500000
4.12500000
4.09500000
4.09500000
4.01000000
4.01000000
3.99500000
3.99500000
3.93500000
3.93500000
3.92500000
3.92500000
3.74000000
3.74000000
3.70500000
3.70500000
3.65000000
3.65000000
3.59000000
3.59000000
3.53500000
3.53500000
3.51500000
3.51500000
3.49000000
3.49000000
3.45500000
3.45500000
3.32000000
3.32000000
3.29500000
3.29500000
3.28500000
3.28500000
3.27500000
3.27500000
3.27000000
3.27000000
3.25000000
3.25000000
3.20500000
3.20500000
3.20500000
3.20500000
3.14000000
3.14000000
3.14000000
3.14000000
3.12500000
3.12500000
3.12500000
3.12500000
3.10500000
3.10500000
3.10500000
3.10500000
3.08500000
3.08500000
3.08500000
3.08500000
2.90500000
2.90500000
2.90500000
2.90500000
2.82500000
2.82500000
2.82500000
2.82500000
2.77500000
2.77500000
2.77500000
2.77500000
2.73500000
2.73500000
2.73500000
2.73500000
2.73500000
2.73500000
2.73500000
2.73500000
2.55000000
2.55000000
2.55000000
2.55000000
2.50500000
2.50500000
2.50500000
2.50500000
2.41000000
2.41000000
2.41000000
2.41000000
2.25500000
2.25500000
2.25500000
2.25500000
2.21000000
2.21000000
2.21000000
2.21000000
2.06500000
2.06500000
2.06500000
2.06500000
2.05000000
2.05000000
2.05000000
2.05000000
1.91000000
1.91000000
1.91000000
1.91000000
1.85000000
1.85000000
1.85000000
1.85000000
1.73000000
1.73000000
1.73000000
1.73000000
1.51000000
1.51000000
1.51000000
1.51000000
1.30000000
1.30000000
1.30000000
1.30000000
1.27500000
1.27500000
1.27500000
1.27500000
1.25500000
1.25500000
1.25500000
1.25500000
1.22000000
1.22000000
1.22000000
1.22000000
1.21000000
1.21000000
1.21000000
1.21000000
1.19000000
1.19000000
1.19000000
1.19000000
1.17500000
1.17500000
1.17500000
1.17500000
1.17500000
1.17500000
1.17500000
1.17500000
1.08500000
1.08500000
1.08500000
1.08500000
1.08000000
1.08000000
1.08000000
1.08000000
1.05000000
1.05000000
1.05000000
1.05000000
0.94000000
0.94000000
0.94000000
0.94000000
0.85500000
0.85500000
0.85500000
0.85500000
0.84500000
0.84500000
0.84500000
0.84500000
0.82500000
0.82500000
0.82500000
0.82500000
0.82000000
0.82000000
0.82000000
0.82000000
0.75500000
0.75500000
0.75500000
0.75500000
0.56000000
0.56000000
0.56000000
0.56000000
0.56000000
0.56000000
0.56000000
0.56000000
0.41500000
0.41500000
0.41500000
0.41500000
0.32500000
0.32500000
0.32500000
0.32500000
0.28000000
0.28000000
0.28000000
0.28000000
0.26000000
0.26000000
0.26000000
0.26000000
0.25000000
0.25000000
0.25000000
0.25000000
0.20000000
0.20000000
0.20000000
0.20000000
0.19000000
0.19000000
0.19000000
0.19000000
0.15000000
0.15000000
0.15000000
0.15000000
0.00000000
0.00000000
0.00000000
0.00000000
