1.13266732
4.91601784
3.65660987
1.27744209
1.42043927
1.79738256
2.67999235
4.59687081
4.70639165
2.40889420
5.25713307
0.39580701
6.23278792
3.96670544
5.47109043
1.24370949
2.77526582
1.96208410
3.17190527
3.60361151
0.39230155
1.11562163
0.32662524
3.40566451
1.05569582
4.57879785
3.96348692
0.24500000
1.24907580
0.41659942
2.46504573
6.14073858
0.63685081
4.48900193
4.15916385
1.21791542
0.02500000
0.44057392
0.86284399
4.48687922
2.47761175
1.04818321
0.57391142
3.17100327
4.61360790
1.35996808
4.34791165
5.13577968
2.13715902
1.61033324
4.25102443
3.66460260
4.26178589
3.73212360
0.76822980
6.14316951
3.81830927
2.50375515
1.30571026
5.31520787
2.07917560
5.81478602
0.70951229
4.22866411
0.82579162
1.95980878
1.48406080
2.17189230
2.54640289
3.68729099
0.65664833
5.66047414
3.55544242
1.68399325
0.37261703
3.59728534
0.20500000
1.69569444
0.61308156
2.86419045
4.58017079
5.61568947
3.26522531
4.62689279
0.22500000
1.94307543
4.67827328
4.45683327
2.30140844
5.91168334
5.95684253
4.22581824
5.45466942
6.18236841
4.66268593
0.32343898
0.40418715
1.84071779
0.26000000
2.29785530
0.26000000
0.24500000
0.22500000
0.20500000
0.02500000
