3.26000000
0.76000000
5.78500000
3.40500000
3.55000000
3.92500000
4.81000000
0.44000000
0.55000000
4.54000000
1.10000000
2.52500000
2.07500000
6.09500000
1.31500000
3.37500000
4.90500000
4.09000000
5.30000000
5.73500000
2.52000000
3.24500000
2.45500000
5.53500000
3.18500000
0.42500000
6.09500000
2.37500000
3.38000000
2.54500000
4.59500000
1.98500000
2.76500000
0.33500000
0.00500000
3.34500000
2.15500000
2.57000000
2.99000000
0.33000000
4.60500000
3.17500000
2.70500000
5.30000000
0.46000000
3.49000000
0.19000000
0.98000000
4.26500000
3.74000000
0.09500000
5.79500000
0.10500000
5.86000000
2.90000000
1.98500000
5.95000000
4.63500000
3.43500000
1.16000000
4.21000000
1.66000000
2.84000000
0.07500000
2.95500000
4.09000000
3.61500000
4.30000000
4.67500000
5.81500000
2.78500000
1.50500000
5.68500000
3.81500000
2.50000000
5.72500000
2.33500000
3.82500000
2.74000000
4.99500000
0.42500000
1.46000000
5.39500000
0.47000000
2.35500000
4.07000000
0.52500000
0.30000000
4.43000000
1.75500000
1.80000000
0.07000000
1.30000000
2.02500000
0.50500000
2.45500000
2.53500000
3.97000000
2.39000000
4.42500000
2.39000000
2.37500000
2.35500000
2.33500000
2.15500000
2.07500000
2.02500000
1.98500000
1.98500000
1.80000000
1.75500000
1.66000000
1.50500000
1.46000000
1.31500000
1.30000000
1.16000000
1.10000000
0.98000000
0.76000000
0.55000000
0.52500000
0.50500000
0.47000000
0.46000000
0.44000000
0.42500000
0.42500000
0.33500000
0.33000000
0.30000000
0.19000000
0.10500000
0.09500000
0.07500000
0.07000000
0.00500000
6.09500000
6.09500000
5.95000000
5.86000000
5.81500000
5.79500000
5.78500000
5.73500000
5.72500000
5.68500000
5.53500000
5.39500000
5.30000000
5.30000000
4.99500000
4.90500000
4.81000000
4.67500000
4.63500000
4.60500000
4.59500000
4.54000000
4.43000000
4.42500000
4.30000000
4.26500000
4.21000000
4.09000000
4.09000000
4.07000000
3.97000000
3.92500000
3.82500000
3.81500000
3.74000000
3.61500000
3.55000000
3.49000000
3.43500000
3.40500000
3.38000000
3.37500000
3.34500000
3.26000000
3.24500000
3.18500000
3.17500000
2.99000000
2.95500000
2.90000000
2.84000000
2.78500000
2.76500000
2.74000000
2.70500000
2.57000000
2.54500000
2.53500000
2.52500000
2.52000000
2.50000000
2.45500000
2.45500000
2.39000000
2.39000000
2.37500000
2.37500000
2.35500000
2.35500000
2.33500000
2.33500000
2.15500000
2.15500000
2.07500000
2.07500000
2.02500000
2.02500000
1.98500000
1.98500000
1.98500000
1.98500000
1.80000000
1.80000000
1.75500000
1.75500000
1.66000000
1.66000000
1.50500000
1.50500000
1.46000000
1.46000000
1.31500000
1.31500000
1.30000000
1.30000000
1.16000000
1.16000000
1.10000000
1.10000000
0.98000000
0.98000000
0.76000000
0.76000000
0.55000000
0.55000000
0.52500000
0.52500000
0.50500000
0.50500000
0.47000000
0.47000000
0.46000000
0.46000000
0.44000000
0.44000000
0.42500000
0.42500000
0.42500000
0.42500000
0.33500000
0.33500000
0.33000000
0.33000000
0.30000000
0.30000000
0.19000000
0.19000000
0.10500000
0.10500000
0.09500000
0.09500000
0.07500000
0.07500000
0.07000000
0.07000000
0.00500000
0.00500000
6.09500000
6.09500000
6.09500000
6.09500000
5.95000000
5.95000000
5.86000000
5.86000000
5.81500000
5.81500000
5.79500000
5.79500000
5.78500000
5.78500000
5.73500000
5.73500000
5.72500000
5.72500000
5.68500000
5.68500000
5.53500000
5.53500000
5.39500000
5.39500000
5.30000000
5.30000000
5.30000000
5.30000000
4.99500000
4.99500000
4.90500000
4.90500000
4.81000000
4.81000000
4.67500000
4.67500000
4.63500000
4.63500000
4.60500000
4.60500000
4.59500000
4.59500000
4.54000000
4.54000000
4.43000000
4.43000000
4.42500000
4.42500000
4.30000000
4.30000000
4.26500000
4.26500000
4.21000000
4.21000000
4.09000000
4.09000000
4.09000000
4.09000000
4.07000000
4.07000000
3.97000000
3.97000000
3.92500000
3.92500000
3.82500000
3.82500000
3.81500000
3.81500000
3.74000000
3.74000000
3.61500000
3.61500000
3.55000000
3.55000000
3.49000000
3.49000000
3.43500000
3.43500000
3.40500000
3.40500000
3.38000000
3.38000000
3.37500000
3.37500000
3.34500000
3.34500000
3.26000000
3.26000000
3.24500000
3.24500000
3.18500000
3.18500000
3.17500000
3.17500000
2.99000000
2.99000000
2.95500000
2.95500000
2.90000000
2.90000000
2.84000000
2.84000000
2.78500000
2.78500000
2.76500000
2.76500000
2.74000000
2.74000000
2.70500000
2.70500000
2.57000000
2.57000000
2.54500000
2.54500000
2.53500000
2.53500000
2.52500000
2.52500000
2.52000000
2.52000000
2.50000000
2.50000000
2.45500000
2.45500000
2.45500000
2.45500000
2.39000000
2.39000000
2.39000000
2.39000000
2.37500000
2.37500000
2.37500000
2.37500000
2.35500000
2.35500000
2.35500000
2.35500000
2.33500000
2.33500000
2.33500000
2.33500000
2.15500000
2.15500000
2.15500000
2.15500000
2.07500000
2.07500000
2.07500000
2.07500000
2.02500000
2.02500000
2.02500000
2.02500000
1.98500000
1.98500000
1.98500000
1.98500000
1.98500000
1.98500000
1.98500000
1.98500000
1.80000000
1.80000000
1.80000000
1.80000000
1.75500000
1.75500000
1.75500000
1.75500000
1.66000000
1.66000000
1.66000000
1.66000000
1.50500000
1.50500000
1.50500000
1.50500000
1.46000000
1.46000000
1.46000000
1.46000000
1.31500000
1.31500000
1.31500000
1.31500000
1.30000000
1.30000000
1.30000000
1.30000000
1.16000000
1.16000000
1.16000000
1.16000000
1.10000000
1.10000000
1.10000000
1.10000000
0.98000000
0.98000000
0.98000000
0.98000000
0.76000000
0.76000000
0.76000000
0.76000000
0.55000000
0.55000000
0.55000000
0.55000000
0.52500000
0.52500000
0.52500000
0.52500000
0.50500000
0.50500000
0.50500000
0.50500000
0.47000000
0.47000000
0.47000000
0.47000000
0.46000000
0.46000000
0.46000000
0.46000000
0.44000000
0.44000000
0.44000000
0.44000000
0.42500000
0.42500000
0.42500000
0.42500000
0.42500000
0.42500000
0.42500000
0.42500000
0.33500000
0.33500000
0.33500000
0.33500000
0.33000000
0.33000000
0.33000000
0.33000000
0.30000000
0.30000000
0.30000000
0.30000000
0.19000000
0.19000000
0.19000000
0.19000000
0.10500000
0.10500000
0.10500000
0.10500000
0.09500000
0.09500000
0.09500000
0.09500000
0.07500000
0.07500000
0.07500000
0.07500000
0.07000000
0.07000000
0.07000000
0.07000000
0.00500000
0.00500000
0.00500000
0.00500000
