4.44500000
1.94500000
0.68500000
4.59000000
4.73500000
5.11000000
5.99500000
1.62500000
1.73500000
5.72500000
2.28500000
3.71000000
3.26000000
0.99500000
2.50000000
4.56000000
6.09000000
5.27500000
0.20000000
0.63500000
3.70500000
4.43000000
3.64000000
0.43500000
4.37000000
1.61000000
0.99500000
3.56000000
4.56500000
3.73000000
5.78000000
3.17000000
3.95000000
1.52000000
1.19000000
4.53000000
3.34000000
3.75500000
4.17500000
1.51500000
5.79000000
4.36000000
3.89000000
0.20000000
1.64500000
4.67500000
1.37500000
2.16500000
5.45000000
4.92500000
1.28000000
0.69500000
1.29000000
0.76000000
4.08500000
3.17000000
0.85000000
5.82000000
4.62000000
2.34500000
5.39500000
2.84500000
4.02500000
1.26000000
4.14000000
5.27500000
4.80000000
5.48500000
5.86000000
0.71500000
3.97000000
2.69000000
0.58500000
5.00000000
3.68500000
0.62500000
3.52000000
5.01000000
3.92500000
6.18000000
1.61000000
2.64500000
0.29500000
1.65500000
3.54000000
5.25500000
1.71000000
1.48500000
5.61500000
2.94000000
2.98500000
1.25500000
2.48500000
3.21000000
1.69000000
3.64000000
3.72000000
5.15500000
3.57500000
5.61000000
3.57500000
3.56000000
3.54000000
3.52000000
3.34000000
3.26000000
3.21000000
3.17000000
3.17000000
2.98500000
2.94000000
2.84500000
2.69000000
2.64500000
2.50000000
2.48500000
2.34500000
2.28500000
2.16500000
1.94500000
1.73500000
1.71000000
1.69000000
1.65500000
1.64500000
1.62500000
1.61000000
1.61000000
1.52000000
1.51500000
1.48500000
1.37500000
1.29000000
1.28000000
1.26000000
1.25500000
1.19000000
0.99500000
0.99500000
0.85000000
0.76000000
0.71500000
0.69500000
0.68500000
0.63500000
0.62500000
0.58500000
0.43500000
0.29500000
0.20000000
0.20000000
6.18000000
6.09000000
5.99500000
5.86000000
5.82000000
5.79000000
5.78000000
5.72500000
5.61500000
5.61000000
5.48500000
5.45000000
5.39500000
5.27500000
5.27500000
5.25500000
5.15500000
5.11000000
5.01000000
5.00000000
4.92500000
4.80000000
4.73500000
4.67500000
4.62000000
4.59000000
4.56500000
4.56000000
4.53000000
4.44500000
4.43000000
4.37000000
4.36000000
4.17500000
4.14000000
4.08500000
4.02500000
3.97000000
3.95000000
3.92500000
3.89000000
3.75500000
3.73000000
3.72000000
3.71000000
3.70500000
3.68500000
3.64000000
3.64000000
3.57500000
3.57500000
3.56000000
3.56000000
3.54000000
3.54000000
3.52000000
3.52000000
3.34000000
3.34000000
3.26000000
3.26000000
3.21000000
3.21000000
3.17000000
3.17000000
3.17000000
3.17000000
2.98500000
2.98500000
2.94000000
2.94000000
2.84500000
2.84500000
2.69000000
2.69000000
2.64500000
2.64500000
2.50000000
2.50000000
2.48500000
2.48500000
2.34500000
2.34500000
2.28500000
2.28500000
2.16500000
2.16500000
1.94500000
1.94500000
1.73500000
1.73500000
1.71000000
1.71000000
1.69000000
1.69000000
1.65500000
1.65500000
1.64500000
1.64500000
1.62500000
1.62500000
1.61000000
1.61000000
1.61000000
1.61000000
1.52000000
1.52000000
1.51500000
1.51500000
1.48500000
1.48500000
1.37500000
1.37500000
1.29000000
1.29000000
1.28000000
1.28000000
1.26000000
1.26000000
1.25500000
1.25500000
1.19000000
1.19000000
0.99500000
0.99500000
0.99500000
0.99500000
0.85000000
0.85000000
0.76000000
0.76000000
0.71500000
0.71500000
0.69500000
0.69500000
0.68500000
0.68500000
0.63500000
0.63500000
0.62500000
0.62500000
0.58500000
0.58500000
0.43500000
0.43500000
0.29500000
0.29500000
0.20000000
0.20000000
0.20000000
0.20000000
