1.77500000
5.56000000
4.30000000
1.92000000
2.06500000
2.44000000
3.32500000
5.24000000
5.35000000
3.05500000
5.90000000
1.04000000
0.59000000
4.61000000
6.11500000
1.89000000
3.42000000
2.60500000
3.81500000
4.25000000
1.03500000
1.76000000
0.97000000
4.05000000
1.70000000
5.22500000
4.61000000
0.89000000
1.89500000
1.06000000
3.11000000
0.50000000
1.28000000
5.13500000
4.80500000
1.86000000
0.67000000
1.08500000
1.50500000
5.13000000
3.12000000
1.69000000
1.22000000
3.81500000
5.26000000
2.00500000
4.99000000
5.78000000
2.78000000
2.25500000
4.89500000
4.31000000
4.90500000
4.37500000
1.41500000
0.50000000
4.46500000
3.15000000
1.95000000
5.96000000
2.72500000
0.17500000
1.35500000
4.87500000
1.47000000
2.60500000
2.13000000
2.81500000
3.19000000
4.33000000
1.30000000
0.02000000
4.20000000
2.33000000
1.01500000
4.24000000
0.85000000
2.34000000
1.25500000
3.51000000
5.22500000
6.26000000
3.91000000
5.27000000
0.87000000
2.58500000
5.32500000
5.10000000
2.94500000
0.27000000
0.31500000
4.87000000
6.10000000
0.54000000
5.30500000
0.97000000
1.05000000
2.48500000
0.90500000
2.94000000
0.90500000
0.89000000
0.87000000
0.85000000
0.67000000
0.59000000
0.54000000
0.50000000
0.50000000
0.31500000
0.27000000
0.17500000
0.02000000
6.26000000
6.11500000
6.10000000
5.96000000
5.90000000
5.78000000
5.56000000
5.35000000
5.32500000
5.30500000
5.27000000
5.26000000
5.24000000
5.22500000
5.22500000
5.13500000
5.13000000
5.10000000
4.99000000
4.90500000
4.89500000
4.87500000
4.87000000
4.80500000
4.61000000
4.61000000
4.46500000
4.37500000
4.33000000
4.31000000
4.30000000
4.25000000
4.24000000
4.20000000
4.05000000
3.91000000
3.81500000
3.81500000
3.51000000
3.42000000
3.32500000
3.19000000
3.15000000
3.12000000
3.11000000
3.05500000
2.94500000
2.94000000
2.81500000
2.78000000
2.72500000
2.60500000
2.60500000
2.58500000
2.48500000
2.44000000
2.34000000
2.33000000
2.25500000
2.13000000
2.06500000
2.00500000
1.95000000
1.92000000
1.89500000
1.89000000
1.86000000
1.77500000
1.76000000
1.70000000
1.69000000
1.50500000
1.47000000
1.41500000
1.35500000
1.30000000
1.28000000
1.25500000
1.22000000
1.08500000
1.06000000
1.05000000
1.04000000
1.03500000
1.01500000
0.97000000
0.97000000
0.90500000
0.90500000
0.89000000
0.89000000
0.87000000
0.87000000
0.85000000
0.85000000
0.67000000
0.67000000
0.59000000
0.59000000
0.54000000
0.54000000
0.50000000
0.50000000
0.50000000
0.50000000
0.31500000
0.31500000
0.27000000
0.27000000
0.17500000
0.17500000
0.02000000
0.02000000
6.26000000
6.26000000
6.11500000
6.11500000
6.10000000
6.10000000
5.96000000
5.96000000
5.90000000
5.90000000
5.78000000
5.78000000
5.56000000
5.56000000
5.35000000
5.35000000
5.32500000
5.32500000
5.30500000
5.30500000
5.27000000
5.27000000
5.26000000
5.26000000
5.24000000
5.24000000
5.22500000
5.22500000
5.22500000
5.22500000
5.13500000
5.13500000
5.13000000
5.13000000
5.10000000
5.10000000
4.99000000
4.99000000
4.90500000
4.90500000
4.89500000
4.89500000
4.87500000
4.87500000
4.87000000
4.87000000
4.80500000
4.80500000
4.61000000
4.61000000
4.61000000
4.61000000
4.46500000
4.46500000
4.37500000
4.37500000
4.33000000
4.33000000
4.31000000
4.31000000
4.30000000
4.30000000
4.25000000
4.25000000
4.24000000
4.24000000
4.20000000
4.20000000
4.05000000
4.05000000
3.91000000
3.91000000
3.81500000
3.81500000
3.81500000
3.81500000
3.51000000
3.51000000
3.42000000
3.42000000
3.32500000
3.32500000
3.19000000
3.19000000
3.15000000
3.15000000
3.12000000
3.12000000
3.11000000
3.11000000
3.05500000
3.05500000
2.94500000
2.94500000
2.94000000
2.94000000
2.81500000
2.81500000
2.78000000
2.78000000
2.72500000
2.72500000
2.60500000
2.60500000
2.60500000
2.60500000
2.58500000
2.58500000
2.48500000
2.48500000
2.44000000
2.44000000
2.34000000
2.34000000
2.33000000
2.33000000
2.25500000
2.25500000
2.13000000
2.13000000
2.06500000
2.06500000
2.00500000
2.00500000
1.95000000
1.95000000
1.92000000
1.92000000
1.89500000
1.89500000
1.89000000
1.89000000
1.86000000
1.86000000
1.77500000
1.77500000
1.76000000
1.76000000
1.70000000
1.70000000
1.69000000
1.69000000
1.50500000
1.50500000
1.47000000
1.47000000
1.41500000
1.41500000
1.35500000
1.35500000
1.30000000
1.30000000
1.28000000
1.28000000
1.25500000
1.25500000
1.22000000
1.22000000
1.08500000
1.08500000
1.06000000
1.06000000
1.05000000
1.05000000
1.04000000
1.04000000
1.03500000
1.03500000
1.01500000
1.01500000
0.97000000
0.97000000
0.97000000
0.97000000
0.90500000
0.90500000
0.90500000
0.90500000
0.89000000
0.89000000
0.89000000
0.89000000
0.87000000
0.87000000
0.87000000
0.87000000
0.85000000
0.85000000
0.85000000
0.85000000
0.67000000
0.67000000
0.67000000
0.67000000
0.59000000
0.59000000
0.59000000
0.59000000
0.54000000
0.54000000
0.54000000
0.54000000
0.50000000
0.50000000
0.50000000
0.50000000
0.50000000
0.50000000
0.50000000
0.50000000
0.31500000
0.31500000
0.31500000
0.31500000
0.27000000
0.27000000
0.27000000
0.27000000
0.17500000
0.17500000
0.17500000
0.17500000
0.02000000
0.02000000
0.02000000
0.02000000
6.26000000
6.26000000
6.26000000
6.26000000
6.11500000
6.11500000
6.11500000
6.11500000
6.10000000
6.10000000
6.10000000
6.10000000
5.96000000
5.96000000
5.96000000
5.96000000
5.90000000
5.90000000
5.90000000
5.90000000
5.78000000
5.78000000
5.78000000
5.78000000
5.56000000
5.56000000
5.56000000
5.56000000
5.35000000
5.35000000
5.35000000
5.35000000
5.32500000
5.32500000
5.32500000
5.32500000
5.30500000
5.30500000
5.30500000
5.30500000
5.27000000
5.27000000
5.27000000
5.27000000
5.26000000
5.26000000
5.26000000
5.26000000
5.24000000
5.24000000
5.24000000
5.24000000
5.22500000
5.22500000
5.22500000
5.22500000
5.22500000
5.22500000
5.22500000
5.22500000
5.13500000
5.13500000
5.13500000
5.13500000
5.13000000
5.13000000
5.13000000
5.13000000
5.10000000
5.10000000
5.10000000
5.10000000
4.99000000
4.99000000
4.99000000
4.99000000
4.90500000
4.90500000
4.90500000
4.90500000
4.89500000
4.89500000
4.89500000
4.89500000
4.87500000
4.87500000
4.87500000
4.87500000
4.87000000
4.87000000
4.87000000
4.87000000
4.80500000
4.80500000
4.80500000
4.80500000
4.61000000
4.61000000
4.61000000
4.61000000
4.61000000
4.61000000
4.61000000
4.61000000
4.46500000
4.46500000
4.46500000
4.46500000
4.37500000
4.37500000
4.37500000
4.37500000
4.33000000
4.33000000
4.33000000
4.33000000
4.31000000
4.31000000
4.31000000
4.31000000
4.30000000
4.30000000
4.30000000
4.30000000
4.25000000
4.25000000
4.25000000
4.25000000
4.24000000
4.24000000
4.24000000
4.24000000
4.20000000
4.20000000
4.20000000
4.20000000
4.05000000
4.05000000
4.05000000
4.05000000
3.91000000
3.91000000
3.91000000
3.91000000
3.81500000
3.81500000
3.81500000
3.81500000
3.81500000
3.81500000
3.81500000
3.81500000
3.51000000
3.51000000
3.51000000
3.51000000
3.42000000
3.42000000
3.42000000
3.42000000
3.32500000
3.32500000
3.32500000
3.32500000
3.19000000
3.19000000
3.19000000
3.19000000
3.15000000
3.15000000
3.15000000
3.15000000
3.12000000
3.12000000
3.12000000
3.12000000
3.11000000
3.11000000
3.11000000
3.11000000
3.05500000
3.05500000
3.05500000
3.05500000
2.94500000
2.94500000
2.94500000
2.94500000
2.94000000
2.94000000
2.94000000
2.94000000
2.81500000
2.81500000
2.81500000
2.81500000
2.78000000
2.78000000
2.78000000
2.78000000
2.72500000
2.72500000
2.72500000
2.72500000
2.60500000
2.60500000
2.60500000
2.60500000
2.60500000
2.60500000
2.60500000
2.60500000
2.58500000
2.58500000
2.58500000
2.58500000
2.48500000
2.48500000
2.48500000
2.48500000
2.44000000
2.44000000
2.44000000
2.44000000
2.34000000
2.34000000
2.34000000
2.34000000
2.33000000
2.33000000
2.33000000
2.33000000
2.25500000
2.25500000
2.25500000
2.25500000
2.13000000
2.13000000
2.13000000
2.13000000
2.06500000
2.06500000
2.06500000
2.06500000
2.00500000
2.00500000
2.00500000
2.00500000
1.95000000
1.95000000
1.95000000
1.95000000
1.92000000
1.92000000
1.92000000
1.92000000
1.89500000
1.89500000
1.89500000
1.89500000
1.89000000
1.89000000
1.89000000
1.89000000
1.86000000
1.86000000
1.86000000
1.86000000
1.77500000
1.77500000
1.77500000
1.77500000
1.76000000
1.76000000
1.76000000
1.76000000
1.70000000
1.70000000
1.70000000
1.70000000
1.69000000
1.69000000
1.69000000
1.69000000
1.50500000
1.50500000
1.50500000
1.50500000
1.47000000
1.47000000
1.47000000
1.47000000
1.41500000
1.41500000
1.41500000
1.41500000
1.35500000
1.35500000
1.35500000
1.35500000
1.30000000
1.30000000
1.30000000
1.30000000
1.28000000
1.28000000
1.28000000
1.28000000
1.25500000
1.25500000
1.25500000
1.25500000
1.22000000
1.22000000
1.22000000
1.22000000
1.08500000
1.08500000
1.08500000
1.08500000
1.06000000
1.06000000
1.06000000
1.06000000
1.05000000
1.05000000
1.05000000
1.05000000
1.04000000
1.04000000
1.04000000
1.04000000
1.03500000
1.03500000
1.03500000
1.03500000
1.01500000
1.01500000
1.01500000
1.01500000
0.97000000
0.97000000
0.97000000
0.97000000
0.97000000
0.97000000
0.97000000
0.97000000
0.90500000
0.90500000
0.90500000
0.90500000
0.90500000
0.90500000
0.90500000
0.90500000
0.89000000
0.89000000
0.89000000
0.89000000
0.89000000
0.89000000
0.89000000
0.89000000
0.87000000
0.87000000
0.87000000
0.87000000
0.87000000
0.87000000
0.87000000
0.87000000
0.85000000
0.85000000
0.85000000
0.85000000
0.85000000
0.85000000
0.85000000
0.85000000
0.67000000
0.67000000
0.67000000
0.67000000
0.67000000
0.67000000
0.67000000
0.67000000
0.59000000
0.59000000
0.59000000
0.59000000
0.59000000
0.59000000
0.59000000
0.59000000
0.54000000
0.54000000
0.54000000
0.54000000
0.54000000
0.54000000
0.54000000
0.54000000
0.50000000
0.50000000
0.50000000
0.50000000
0.50000000
0.50000000
0.50000000
0.50000000
0.50000000
0.50000000
0.50000000
0.50000000
0.50000000
0.50000000
0.50000000
0.50000000
0.31500000
0.31500000
0.31500000
0.31500000
0.31500000
0.31500000
0.31500000
0.31500000
0.27000000
0.27000000
0.27000000
0.27000000
0.27000000
0.27000000
0.27000000
0.27000000
0.17500000
0.17500000
0.17500000
0.17500000
0.17500000
0.17500000
0.17500000
0.17500000
0.02000000
0.02000000
0.02000000
0.02000000
0.02000000
0.02000000
0.02000000
0.02000000
