1.71000000
5.49500000
4.23500000
1.85500000
2.00000000
2.37500000
3.26000000
5.17500000
5.28500000
2.99000000
5.83500000
0.97500000
0.52500000
4.54500000
6.05000000
1.82500000
3.35500000
2.54000000
3.75000000
4.18500000
0.97000000
1.69500000
0.90500000
3.98500000
1.63500000
5.16000000
4.54500000
0.82500000
1.83000000
0.99500000
3.04500000
0.43500000
1.21500000
5.07000000
4.74000000
1.79500000
0.60500000
1.02000000
1.44000000
5.06500000
3.05500000
1.62500000
1.15500000
3.75000000
5.19500000
1.94000000
4.92500000
5.71500000
2.71500000
2.19000000
4.83000000
4.24500000
4.84000000
4.31000000
1.35000000
0.43500000
4.40000000
3.08500000
1.88500000
5.89500000
2.66000000
0.11000000
1.29000000
4.81000000
1.40500000
2.54000000
2.06500000
2.75000000
3.12500000
4.26500000
1.23500000
6.24000000
4.13500000
2.26500000
0.95000000
4.17500000
0.78500000
2.27500000
1.19000000
3.44500000
5.16000000
6.19500000
3.84500000
5.20500000
0.80500000
2.52000000
5.26000000
5.03500000
2.88000000
0.20500000
0.25000000
4.80500000
6.03500000
0.47500000
5.24000000
0.90500000
0.98500000
2.42000000
0.84000000
2.87500000
0.84000000
0.82500000
0.80500000
0.78500000
0.60500000
0.52500000
0.47500000
0.43500000
0.43500000
0.25000000
0.20500000
0.11000000
6.24000000
6.19500000
6.05000000
6.03500000
5.89500000
5.83500000
5.71500000
5.49500000
5.28500000
5.26000000
5.24000000
5.20500000
5.19500000
5.17500000
5.16000000
5.16000000
5.07000000
5.06500000
5.03500000
4.92500000
4.84000000
4.83000000
4.81000000
4.80500000
4.74000000
4.54500000
4.54500000
4.40000000
4.31000000
4.26500000
4.24500000
4.23500000
4.18500000
4.17500000
4.13500000
3.98500000
3.84500000
3.75000000
3.75000000
3.44500000
3.35500000
3.26000000
3.12500000
3.08500000
3.05500000
3.04500000
2.99000000
2.88000000
2.87500000
2.75000000
2.71500000
2.66000000
2.54000000
2.54000000
2.52000000
2.42000000
2.37500000
2.27500000
2.26500000
2.19000000
2.06500000
2.00000000
1.94000000
1.88500000
1.85500000
1.83000000
1.82500000
1.79500000
1.71000000
1.69500000
1.63500000
1.62500000
1.44000000
1.40500000
1.35000000
1.29000000
1.23500000
1.21500000
1.19000000
1.15500000
1.02000000
0.99500000
0.98500000
0.97500000
0.97000000
0.95000000
0.90500000
0.90500000
0.84000000
0.84000000
0.82500000
0.82500000
0.80500000
0.80500000
0.78500000
0.78500000
0.60500000
0.60500000
0.52500000
0.52500000
0.47500000
0.47500000
0.43500000
0.43500000
0.43500000
0.43500000
0.25000000
0.25000000
0.20500000
0.20500000
0.11000000
0.11000000
6.24000000
6.24000000
6.19500000
6.19500000
6.05000000
6.05000000
6.03500000
6.03500000
5.89500000
5.89500000
5.83500000
5.83500000
5.71500000
5.71500000
5.49500000
5.49500000
5.28500000
5.28500000
5.26000000
5.26000000
5.24000000
5.24000000
5.20500000
5.20500000
5.19500000
5.19500000
5.17500000
5.17500000
5.16000000
5.16000000
5.16000000
5.16000000
5.07000000
5.07000000
5.06500000
5.06500000
5.03500000
5.03500000
4.92500000
4.92500000
4.84000000
4.84000000
4.83000000
4.83000000
4.81000000
4.81000000
4.80500000
4.80500000
4.74000000
4.74000000
4.54500000
4.54500000
4.54500000
4.54500000
4.40000000
4.40000000
4.31000000
4.31000000
4.26500000
4.26500000
4.24500000
4.24500000
4.23500000
4.23500000
4.18500000
4.18500000
4.17500000
4.17500000
4.13500000
4.13500000
3.98500000
3.98500000
3.84500000
3.84500000
3.75000000
3.75000000
3.75000000
3.75000000
3.44500000
3.44500000
3.35500000
3.35500000
3.26000000
3.26000000
3.12500000
3.12500000
3.08500000
3.08500000
3.05500000
3.05500000
3.04500000
3.04500000
2.99000000
2.99000000
2.88000000
2.88000000
2.87500000
2.87500000
2.75000000
2.75000000
2.71500000
2.71500000
2.66000000
2.66000000
2.54000000
2.54000000
2.54000000
2.54000000
2.52000000
2.52000000
2.42000000
2.42000000
2.37500000
2.37500000
2.27500000
2.27500000
2.26500000
2.26500000
2.19000000
2.19000000
2.06500000
2.06500000
2.00000000
2.00000000
1.94000000
1.94000000
1.88500000
1.88500000
1.85500000
1.85500000
1.83000000
1.83000000
1.82500000
1.82500000
1.79500000
1.79500000
1.71000000
1.71000000
1.69500000
1.69500000
1.63500000
1.63500000
1.62500000
1.62500000
1.44000000
1.44000000
1.40500000
1.40500000
1.35000000
1.35000000
1.29000000
1.29000000
1.23500000
1.23500000
1.21500000
1.21500000
1.19000000
1.19000000
1.15500000
1.15500000
1.02000000
1.02000000
0.99500000
0.99500000
0.98500000
0.98500000
0.97500000
0.97500000
0.97000000
0.97000000
0.95000000
0.95000000
0.90500000
0.90500000
0.90500000
0.90500000
0.84000000
0.84000000
0.84000000
0.84000000
0.82500000
0.82500000
0.82500000
0.82500000
0.80500000
0.80500000
0.80500000
0.80500000
0.78500000
0.78500000
0.78500000
0.78500000
0.60500000
0.60500000
0.60500000
0.60500000
0.52500000
0.52500000
0.52500000
0.52500000
0.47500000
0.47500000
0.47500000
0.47500000
0.43500000
0.43500000
0.43500000
0.43500000
0.43500000
0.43500000
0.43500000
0.43500000
0.25000000
0.25000000
0.25000000
0.25000000
0.20500000
0.20500000
0.20500000
0.20500000
0.11000000
0.11000000
0.11000000
0.11000000
