2.36000000
6.14500000
4.88500000
2.50500000
2.65000000
3.02500000
3.91000000
5.82500000
5.93500000
3.64000000
0.20000000
1.62500000
1.17500000
5.19500000
0.41500000
2.47500000
4.00500000
3.19000000
4.40000000
4.83500000
1.62000000
2.34500000
1.55500000
4.63500000
2.28500000
5.81000000
5.19500000
1.47500000
2.48000000
1.64500000
3.69500000
1.08500000
1.86500000
5.72000000
5.39000000
2.44500000
1.25500000
1.67000000
2.09000000
5.71500000
3.70500000
2.27500000
1.80500000
4.40000000
5.84500000
2.59000000
5.57500000
0.08000000
3.36500000
2.84000000
5.48000000
4.89500000
5.49000000
4.96000000
2.00000000
1.08500000
5.05000000
3.73500000
2.53500000
0.26000000
3.31000000
0.76000000
1.94000000
5.46000000
2.05500000
3.19000000
2.71500000
3.40000000
3.77500000
4.91500000
1.88500000
0.60500000
4.78500000
2.91500000
1.60000000
4.82500000
1.43500000
2.92500000
1.84000000
4.09500000
5.81000000
0.56000000
4.49500000
5.85500000
1.45500000
3.17000000
5.91000000
5.68500000
3.53000000
0.85500000
0.90000000
5.45500000
0.40000000
1.12500000
5.89000000
1.55500000
1.63500000
3.07000000
1.49000000
3.52500000
1.49000000
1.47500000
1.45500000
1.43500000
1.25500000
1.17500000
1.12500000
1.08500000
1.08500000
0.90000000
0.85500000
0.76000000
0.60500000
0.56000000
0.41500000
0.40000000
0.26000000
0.20000000
0.08000000
6.14500000
5.93500000
5.91000000
5.89000000
5.85500000
5.84500000
5.82500000
5.81000000
5.81000000
5.72000000
5.71500000
5.68500000
5.57500000
5.49000000
5.48000000
5.46000000
5.45500000
5.39000000
5.19500000
5.19500000
5.05000000
4.96000000
4.91500000
4.89500000
4.88500000
4.83500000
4.82500000
4.78500000
4.63500000
4.49500000
4.40000000
4.40000000
4.09500000
4.00500000
3.91000000
3.77500000
3.73500000
3.70500000
3.69500000
3.64000000
3.53000000
3.52500000
3.40000000
3.36500000
3.31000000
3.19000000
3.19000000
3.17000000
3.07000000
3.02500000
2.92500000
2.91500000
2.84000000
2.71500000
2.65000000
2.59000000
2.53500000
2.50500000
2.48000000
2.47500000
2.44500000
2.36000000
2.34500000
2.28500000
2.27500000
2.09000000
2.05500000
2.00000000
1.94000000
1.88500000
1.86500000
1.84000000
1.80500000
1.67000000
1.64500000
1.63500000
1.62500000
1.62000000
1.60000000
1.55500000
1.55500000
1.49000000
1.49000000
1.47500000
1.47500000
1.45500000
1.45500000
1.43500000
1.43500000
1.25500000
1.25500000
1.17500000
1.17500000
1.12500000
1.12500000
1.08500000
1.08500000
1.08500000
1.08500000
0.90000000
0.90000000
0.85500000
0.85500000
0.76000000
0.76000000
0.60500000
0.60500000
0.56000000
0.56000000
0.41500000
0.41500000
0.40000000
0.40000000
0.26000000
0.26000000
0.20000000
0.20000000
0.08000000
0.08000000
6.14500000
6.14500000
5.93500000
5.93500000
5.91000000
5.91000000
5.89000000
5.89000000
5.85500000
5.85500000
5.84500000
5.84500000
5.82500000
5.82500000
5.81000000
5.81000000
5.81000000
5.81000000
5.72000000
5.72000000
5.71500000
5.71500000
5.68500000
5.68500000
5.57500000
5.57500000
5.49000000
5.49000000
5.48000000
5.48000000
5.46000000
5.46000000
5.45500000
5.45500000
5.39000000
5.39000000
5.19500000
5.19500000
5.19500000
5.19500000
5.05000000
5.05000000
4.96000000
4.96000000
4.91500000
4.91500000
4.89500000
4.89500000
4.88500000
4.88500000
4.83500000
4.83500000
4.82500000
4.82500000
4.78500000
4.78500000
4.63500000
4.63500000
4.49500000
4.49500000
4.40000000
4.40000000
4.40000000
4.40000000
4.09500000
4.09500000
4.00500000
4.00500000
3.91000000
3.91000000
3.77500000
3.77500000
3.73500000
3.73500000
3.70500000
3.70500000
3.69500000
3.69500000
3.64000000
3.64000000
3.53000000
3.53000000
3.52500000
3.52500000
3.40000000
3.40000000
3.36500000
3.36500000
3.31000000
3.31000000
3.19000000
3.19000000
3.19000000
3.19000000
3.17000000
3.17000000
3.07000000
3.07000000
3.02500000
3.02500000
2.92500000
2.92500000
2.91500000
2.91500000
2.84000000
2.84000000
2.71500000
2.71500000
2.65000000
2.65000000
2.59000000
2.59000000
2.53500000
2.53500000
2.50500000
2.50500000
2.48000000
2.48000000
2.47500000
2.47500000
2.44500000
2.44500000
2.36000000
2.36000000
2.34500000
2.34500000
2.28500000
2.28500000
2.27500000
2.27500000
2.09000000
2.09000000
2.05500000
2.05500000
2.00000000
2.00000000
1.94000000
1.94000000
1.88500000
1.88500000
1.86500000
1.86500000
1.84000000
1.84000000
1.80500000
1.80500000
1.67000000
1.67000000
1.64500000
1.64500000
1.63500000
1.63500000
1.62500000
1.62500000
1.62000000
1.62000000
1.60000000
1.60000000
1.55500000
1.55500000
1.55500000
1.55500000
1.49000000
1.49000000
1.49000000
1.49000000
1.47500000
1.47500000
1.47500000
1.47500000
1.45500000
1.45500000
1.45500000
1.45500000
1.43500000
1.43500000
1.43500000
1.43500000
1.25500000
1.25500000
1.25500000
1.25500000
1.17500000
1.17500000
1.17500000
1.17500000
1.12500000
1.12500000
1.12500000
1.12500000
1.08500000
1.08500000
1.08500000
1.08500000
1.08500000
1.08500000
1.08500000
1.08500000
0.90000000
0.90000000
0.90000000
0.90000000
0.85500000
0.85500000
0.85500000
0.85500000
0.76000000
0.76000000
0.76000000
0.76000000
0.60500000
0.60500000
0.60500000
0.60500000
0.56000000
0.56000000
0.56000000
0.56000000
0.41500000
0.41500000
0.41500000
0.41500000
0.40000000
0.40000000
0.40000000
0.40000000
0.26000000
0.26000000
0.26000000
0.26000000
0.20000000
0.20000000
0.20000000
0.20000000
0.08000000
0.08000000
0.08000000
0.08000000
