4.76000000
2.26000000
1.00000000
4.90500000
5.05000000
5.42500000
0.02500000
1.94000000
2.05000000
6.04000000
2.60000000
4.02500000
3.57500000
1.31000000
2.81500000
4.87500000
0.12000000
5.59000000
0.51500000
0.95000000
4.02000000
4.74500000
3.95500000
0.75000000
4.68500000
1.92500000
1.31000000
3.87500000
4.88000000
4.04500000
6.09500000
3.48500000
4.26500000
1.83500000
1.50500000
4.84500000
3.65500000
4.07000000
4.49000000
1.83000000
6.10500000
4.67500000
4.20500000
0.51500000
1.96000000
4.99000000
1.69000000
2.48000000
5.76500000
5.24000000
1.59500000
1.01000000
1.60500000
1.07500000
4.40000000
3.48500000
1.16500000
6.13500000
4.93500000
2.66000000
5.71000000
3.16000000
4.34000000
1.57500000
4.45500000
5.59000000
5.11500000
5.80000000
6.17500000
1.03000000
4.28500000
3.00500000
0.90000000
5.31500000
4.00000000
0.94000000
3.83500000
5.32500000
4.24000000
0.21000000
1.92500000
2.96000000
0.61000000
1.97000000
3.85500000
5.57000000
2.02500000
1.80000000
5.93000000
3.25500000
3.30000000
1.57000000
2.80000000
3.52500000
2.00500000
3.95500000
4.03500000
5.47000000
3.89000000
5.92500000
3.89000000
3.87500000
3.85500000
3.83500000
3.65500000
3.57500000
3.52500000
3.48500000
3.48500000
3.30000000
3.25500000
3.16000000
3.00500000
2.96000000
2.81500000
2.80000000
2.66000000
2.60000000
2.48000000
2.26000000
2.05000000
2.02500000
2.00500000
1.97000000
1.96000000
1.94000000
1.92500000
1.92500000
1.83500000
1.83000000
1.80000000
1.69000000
1.60500000
1.59500000
1.57500000
1.57000000
1.50500000
1.31000000
1.31000000
1.16500000
1.07500000
1.03000000
1.01000000
1.00000000
0.95000000
0.94000000
0.90000000
0.75000000
0.61000000
0.51500000
0.51500000
0.21000000
0.12000000
0.02500000
6.17500000
6.13500000
6.10500000
6.09500000
6.04000000
5.93000000
5.92500000
5.80000000
5.76500000
5.71000000
5.59000000
5.59000000
5.57000000
5.47000000
5.42500000
5.32500000
5.31500000
5.24000000
5.11500000
5.05000000
4.99000000
4.93500000
4.90500000
4.88000000
4.87500000
4.84500000
4.76000000
4.74500000
4.68500000
4.67500000
4.49000000
4.45500000
4.40000000
4.34000000
4.28500000
4.26500000
4.24000000
4.20500000
4.07000000
4.04500000
4.03500000
4.02500000
4.02000000
4.00000000
3.95500000
3.95500000
3.89000000
3.89000000
3.87500000
3.87500000
3.85500000
3.85500000
3.83500000
3.83500000
3.65500000
3.65500000
3.57500000
3.57500000
3.52500000
3.52500000
3.48500000
3.48500000
3.48500000
3.48500000
3.30000000
3.30000000
3.25500000
3.25500000
3.16000000
3.16000000
3.00500000
3.00500000
2.96000000
2.96000000
2.81500000
2.81500000
2.80000000
2.80000000
2.66000000
2.66000000
2.60000000
2.60000000
2.48000000
2.48000000
2.26000000
2.26000000
2.05000000
2.05000000
2.02500000
2.02500000
2.00500000
2.00500000
1.97000000
1.97000000
1.96000000
1.96000000
1.94000000
1.94000000
1.92500000
1.92500000
1.92500000
1.92500000
1.83500000
1.83500000
1.83000000
1.83000000
1.80000000
1.80000000
1.69000000
1.69000000
1.60500000
1.60500000
1.59500000
1.59500000
1.57500000
1.57500000
1.57000000
1.57000000
1.50500000
1.50500000
1.31000000
1.31000000
1.31000000
1.31000000
1.16500000
1.16500000
1.07500000
1.07500000
1.03000000
1.03000000
1.01000000
1.01000000
1.00000000
1.00000000
0.95000000
0.95000000
0.94000000
0.94000000
0.90000000
0.90000000
0.75000000
0.75000000
0.61000000
0.61000000
0.51500000
0.51500000
0.51500000
0.51500000
0.21000000
0.21000000
0.12000000
0.12000000
0.02500000
0.02500000
6.17500000
6.17500000
6.13500000
6.13500000
6.10500000
6.10500000
6.09500000
6.09500000
6.04000000
6.04000000
5.93000000
5.93000000
5.92500000
5.92500000
5.80000000
5.80000000
5.76500000
5.76500000
5.71000000
5.71000000
5.59000000
5.59000000
5.59000000
5.59000000
5.57000000
5.57000000
5.47000000
5.47000000
5.42500000
5.42500000
5.32500000
5.32500000
5.31500000
5.31500000
5.24000000
5.24000000
5.11500000
5.11500000
5.05000000
5.05000000
4.99000000
4.99000000
4.93500000
4.93500000
4.90500000
4.90500000
4.88000000
4.88000000
4.87500000
4.87500000
4.84500000
4.84500000
4.76000000
4.76000000
4.74500000
4.74500000
4.68500000
4.68500000
4.67500000
4.67500000
4.49000000
4.49000000
4.45500000
4.45500000
4.40000000
4.40000000
4.34000000
4.34000000
4.28500000
4.28500000
4.26500000
4.26500000
4.24000000
4.24000000
4.20500000
4.20500000
4.07000000
4.07000000
4.04500000
4.04500000
4.03500000
4.03500000
4.02500000
4.02500000
4.02000000
4.02000000
4.00000000
4.00000000
3.95500000
3.95500000
3.95500000
3.95500000
3.89000000
3.89000000
3.89000000
3.89000000
3.87500000
3.87500000
3.87500000
3.87500000
3.85500000
3.85500000
3.85500000
3.85500000
3.83500000
3.83500000
3.83500000
3.83500000
3.65500000
3.65500000
3.65500000
3.65500000
3.57500000
3.57500000
3.57500000
3.57500000
3.52500000
3.52500000
3.52500000
3.52500000
3.48500000
3.48500000
3.48500000
3.48500000
3.48500000
3.48500000
3.48500000
3.48500000
3.30000000
3.30000000
3.30000000
3.30000000
3.25500000
3.25500000
3.25500000
3.25500000
3.16000000
3.16000000
3.16000000
3.16000000
3.00500000
3.00500000
3.00500000
3.00500000
2.96000000
2.96000000
2.96000000
2.96000000
2.81500000
2.81500000
2.81500000
2.81500000
2.80000000
2.80000000
2.80000000
2.80000000
2.66000000
2.66000000
2.66000000
2.66000000
2.60000000
2.60000000
2.60000000
2.60000000
2.48000000
2.48000000
2.48000000
2.48000000
2.26000000
2.26000000
2.26000000
2.26000000
2.05000000
2.05000000
2.05000000
2.05000000
2.02500000
2.02500000
2.02500000
2.02500000
2.00500000
2.00500000
2.00500000
2.00500000
1.97000000
1.97000000
1.97000000
1.97000000
1.96000000
1.96000000
1.96000000
1.96000000
1.94000000
1.94000000
1.94000000
1.94000000
1.92500000
1.92500000
1.92500000
1.92500000
1.92500000
1.92500000
1.92500000
1.92500000
1.83500000
1.83500000
1.83500000
1.83500000
1.83000000
1.83000000
1.83000000
1.83000000
1.80000000
1.80000000
1.80000000
1.80000000
1.69000000
1.69000000
1.69000000
1.69000000
1.60500000
1.60500000
1.60500000
1.60500000
1.59500000
1.59500000
1.59500000
1.59500000
1.57500000
1.57500000
1.57500000
1.57500000
1.57000000
1.57000000
1.57000000
1.57000000
1.50500000
1.50500000
1.50500000
1.50500000
1.31000000
1.31000000
1.31000000
1.31000000
1.31000000
1.31000000
1.31000000
1.31000000
1.16500000
1.16500000
1.16500000
1.16500000
1.07500000
1.07500000
1.07500000
1.07500000
1.03000000
1.03000000
1.03000000
1.03000000
1.01000000
1.01000000
1.01000000
1.01000000
1.00000000
1.00000000
1.00000000
1.00000000
0.95000000
0.95000000
0.95000000
0.95000000
0.94000000
0.94000000
0.94000000
0.94000000
0.90000000
0.90000000
0.90000000
0.90000000
0.75000000
0.75000000
0.75000000
0.75000000
0.61000000
0.61000000
0.61000000
0.61000000
0.51500000
0.51500000
0.51500000
0.51500000
0.51500000
0.51500000
0.51500000
0.51500000
0.21000000
0.21000000
0.21000000
0.21000000
0.12000000
0.12000000
0.12000000
0.12000000
0.02500000
0.02500000
0.02500000
0.02500000
