4.89500000
2.39500000
1.13500000
5.04000000
5.18500000
5.56000000
0.16000000
2.07500000
2.18500000
6.17500000
2.73500000
4.16000000
3.71000000
1.44500000
2.95000000
5.01000000
0.25500000
5.72500000
0.65000000
1.08500000
4.15500000
4.88000000
4.09000000
0.88500000
4.82000000
2.06000000
1.44500000
4.01000000
5.01500000
4.18000000
6.23000000
3.62000000
4.40000000
1.97000000
1.64000000
4.98000000
3.79000000
4.20500000
4.62500000
1.96500000
6.24000000
4.81000000
4.34000000
0.65000000
2.09500000
5.12500000
1.82500000
2.61500000
5.90000000
5.37500000
1.73000000
1.14500000
1.74000000
1.21000000
4.53500000
3.62000000
1.30000000
6.27000000
5.07000000
2.79500000
5.84500000
3.29500000
4.47500000
1.71000000
4.59000000
5.72500000
5.25000000
5.93500000
0.02500000
1.16500000
4.42000000
3.14000000
1.03500000
5.45000000
4.13500000
1.07500000
3.97000000
5.46000000
4.37500000
0.34500000
2.06000000
3.09500000
0.74500000
2.10500000
3.99000000
5.70500000
2.16000000
1.93500000
6.06500000
3.39000000
3.43500000
1.70500000
2.93500000
3.66000000
2.14000000
4.09000000
4.17000000
5.60500000
4.02500000
6.06000000
4.02500000
4.01000000
3.99000000
3.97000000
3.79000000
3.71000000
3.66000000
3.62000000
3.62000000
3.43500000
3.39000000
3.29500000
3.14000000
3.09500000
2.95000000
2.93500000
2.79500000
2.73500000
2.61500000
2.39500000
2.18500000
2.16000000
2.14000000
2.10500000
2.09500000
2.07500000
2.06000000
2.06000000
1.97000000
1.96500000
1.93500000
1.82500000
1.74000000
1.73000000
1.71000000
1.70500000
1.64000000
1.44500000
1.44500000
1.30000000
1.21000000
1.16500000
1.14500000
1.13500000
1.08500000
1.07500000
1.03500000
0.88500000
0.74500000
0.65000000
0.65000000
0.34500000
0.25500000
0.16000000
0.02500000
6.27000000
6.24000000
6.23000000
6.17500000
6.06500000
6.06000000
5.93500000
5.90000000
5.84500000
5.72500000
5.72500000
5.70500000
5.60500000
5.56000000
5.46000000
5.45000000
5.37500000
5.25000000
5.18500000
5.12500000
5.07000000
5.04000000
5.01500000
5.01000000
4.98000000
4.89500000
4.88000000
4.82000000
4.81000000
4.62500000
4.59000000
4.53500000
4.47500000
4.42000000
4.40000000
4.37500000
4.34000000
4.20500000
4.18000000
4.17000000
4.16000000
4.15500000
4.13500000
4.09000000
4.09000000
4.02500000
4.02500000
4.01000000
4.01000000
3.99000000
3.99000000
3.97000000
3.97000000
3.79000000
3.79000000
3.71000000
3.71000000
3.66000000
3.66000000
3.62000000
3.62000000
3.62000000
3.62000000
3.43500000
3.43500000
3.39000000
3.39000000
3.29500000
3.29500000
3.14000000
3.14000000
3.09500000
3.09500000
2.95000000
2.95000000
2.93500000
2.93500000
2.79500000
2.79500000
2.73500000
2.73500000
2.61500000
2.61500000
2.39500000
2.39500000
2.18500000
2.18500000
2.16000000
2.16000000
2.14000000
2.14000000
2.10500000
2.10500000
2.09500000
2.09500000
2.07500000
2.07500000
2.06000000
2.06000000
2.06000000
2.06000000
1.97000000
1.97000000
1.96500000
1.96500000
1.93500000
1.93500000
1.82500000
1.82500000
1.74000000
1.74000000
1.73000000
1.73000000
1.71000000
1.71000000
1.70500000
1.70500000
1.64000000
1.64000000
1.44500000
1.44500000
1.44500000
1.44500000
1.30000000
1.30000000
1.21000000
1.21000000
1.16500000
1.16500000
1.14500000
1.14500000
1.13500000
1.13500000
1.08500000
1.08500000
1.07500000
1.07500000
1.03500000
1.03500000
0.88500000
0.88500000
0.74500000
0.74500000
0.65000000
0.65000000
0.65000000
0.65000000
0.34500000
0.34500000
0.25500000
0.25500000
0.16000000
0.16000000
0.02500000
0.02500000
