4.21000000
1.71000000
0.45000000
4.35500000
4.50000000
4.87500000
5.76000000
1.39000000
1.50000000
5.49000000
2.05000000
3.47500000
3.02500000
0.76000000
2.26500000
4.32500000
5.85500000
5.04000000
6.25000000
0.40000000
3.47000000
4.19500000
3.40500000
0.20000000
4.13500000
1.37500000
0.76000000
3.32500000
4.33000000
3.49500000
5.54500000
2.93500000
3.71500000
1.28500000
0.95500000
4.29500000
3.10500000
3.52000000
3.94000000
1.28000000
5.55500000
4.12500000
3.65500000
6.25000000
1.41000000
4.44000000
1.14000000
1.93000000
5.21500000
4.69000000
1.04500000
0.46000000
1.05500000
0.52500000
3.85000000
2.93500000
0.61500000
5.58500000
4.38500000
2.11000000
5.16000000
2.61000000
3.79000000
1.02500000
3.90500000
5.04000000
4.56500000
5.25000000
5.62500000
0.48000000
3.73500000
2.45500000
0.35000000
4.76500000
3.45000000
0.39000000
3.28500000
4.77500000
3.69000000
5.94500000
1.37500000
2.41000000
0.06000000
1.42000000
3.30500000
5.02000000
1.47500000
1.25000000
5.38000000
2.70500000
2.75000000
1.02000000
2.25000000
2.97500000
1.45500000
3.40500000
3.48500000
4.92000000
3.34000000
5.37500000
3.34000000
3.32500000
3.30500000
3.28500000
3.10500000
3.02500000
2.97500000
2.93500000
2.93500000
2.75000000
2.70500000
2.61000000
2.45500000
2.41000000
2.26500000
2.25000000
2.11000000
2.05000000
1.93000000
1.71000000
1.50000000
1.47500000
1.45500000
1.42000000
1.41000000
1.39000000
1.37500000
1.37500000
1.28500000
1.28000000
1.25000000
1.14000000
1.05500000
1.04500000
1.02500000
1.02000000
0.95500000
0.76000000
0.76000000
0.61500000
0.52500000
0.48000000
0.46000000
0.45000000
0.40000000
0.39000000
0.35000000
0.20000000
0.06000000
6.25000000
6.25000000
5.94500000
5.85500000
5.76000000
5.62500000
5.58500000
5.55500000
5.54500000
5.49000000
5.38000000
5.37500000
5.25000000
5.21500000
5.16000000
5.04000000
5.04000000
5.02000000
4.92000000
4.87500000
4.77500000
4.76500000
4.69000000
4.56500000
4.50000000
4.44000000
4.38500000
4.35500000
4.33000000
4.32500000
4.29500000
4.21000000
4.19500000
4.13500000
4.12500000
3.94000000
3.90500000
3.85000000
3.79000000
3.73500000
3.71500000
3.69000000
3.65500000
3.52000000
3.49500000
3.48500000
3.47500000
3.47000000
3.45000000
3.40500000
3.40500000
3.34000000
3.34000000
3.32500000
3.32500000
3.30500000
3.30500000
3.28500000
3.28500000
3.10500000
3.10500000
3.02500000
3.02500000
2.97500000
2.97500000
2.93500000
2.93500000
2.93500000
2.93500000
2.75000000
2.75000000
2.70500000
2.70500000
2.61000000
2.61000000
2.45500000
2.45500000
2.41000000
2.41000000
2.26500000
2.26500000
2.25000000
2.25000000
2.11000000
2.11000000
2.05000000
2.05000000
1.93000000
1.93000000
1.71000000
1.71000000
1.50000000
1.50000000
1.47500000
1.47500000
1.45500000
1.45500000
1.42000000
1.42000000
1.41000000
1.41000000
1.39000000
1.39000000
1.37500000
1.37500000
1.37500000
1.37500000
1.28500000
1.28500000
1.28000000
1.28000000
1.25000000
1.25000000
1.14000000
1.14000000
1.05500000
1.05500000
1.04500000
1.04500000
1.02500000
1.02500000
1.02000000
1.02000000
0.95500000
0.95500000
0.76000000
0.76000000
0.76000000
0.76000000
0.61500000
0.61500000
0.52500000
0.52500000
0.48000000
0.48000000
0.46000000
0.46000000
0.45000000
0.45000000
0.40000000
0.40000000
0.39000000
0.39000000
0.35000000
0.35000000
0.20000000
0.20000000
0.06000000
0.06000000
6.25000000
6.25000000
6.25000000
6.25000000
5.94500000
5.94500000
5.85500000
5.85500000
5.76000000
5.76000000
5.62500000
5.62500000
5.58500000
5.58500000
5.55500000
5.55500000
5.54500000
5.54500000
5.49000000
5.49000000
5.38000000
5.38000000
5.37500000
5.37500000
5.25000000
5.25000000
5.21500000
5.21500000
5.16000000
5.16000000
5.04000000
5.04000000
5.04000000
5.04000000
5.02000000
5.02000000
4.92000000
4.92000000
4.87500000
4.87500000
4.77500000
4.77500000
4.76500000
4.76500000
4.69000000
4.69000000
4.56500000
4.56500000
4.50000000
4.50000000
4.44000000
4.44000000
4.38500000
4.38500000
4.35500000
4.35500000
4.33000000
4.33000000
4.32500000
4.32500000
4.29500000
4.29500000
4.21000000
4.21000000
4.19500000
4.19500000
4.13500000
4.13500000
4.12500000
4.12500000
3.94000000
3.94000000
3.90500000
3.90500000
3.85000000
3.85000000
3.79000000
3.79000000
3.73500000
3.73500000
3.71500000
3.71500000
3.69000000
3.69000000
3.65500000
3.65500000
3.52000000
3.52000000
3.49500000
3.49500000
3.48500000
3.48500000
3.47500000
3.47500000
3.47000000
3.47000000
3.45000000
3.45000000
3.40500000
3.40500000
3.40500000
3.40500000
3.34000000
3.34000000
3.34000000
3.34000000
3.32500000
3.32500000
3.32500000
3.32500000
3.30500000
3.30500000
3.30500000
3.30500000
3.28500000
3.28500000
3.28500000
3.28500000
3.10500000
3.10500000
3.10500000
3.10500000
3.02500000
3.02500000
3.02500000
3.02500000
2.97500000
2.97500000
2.97500000
2.97500000
2.93500000
2.93500000
2.93500000
2.93500000
2.93500000
2.93500000
2.93500000
2.93500000
2.75000000
2.75000000
2.75000000
2.75000000
2.70500000
2.70500000
2.70500000
2.70500000
2.61000000
2.61000000
2.61000000
2.61000000
2.45500000
2.45500000
2.45500000
2.45500000
2.41000000
2.41000000
2.41000000
2.41000000
2.26500000
2.26500000
2.26500000
2.26500000
2.25000000
2.25000000
2.25000000
2.25000000
2.11000000
2.11000000
2.11000000
2.11000000
2.05000000
2.05000000
2.05000000
2.05000000
1.93000000
1.93000000
1.93000000
1.93000000
1.71000000
1.71000000
1.71000000
1.71000000
1.50000000
1.50000000
1.50000000
1.50000000
1.47500000
1.47500000
1.47500000
1.47500000
1.45500000
1.45500000
1.45500000
1.45500000
1.42000000
1.42000000
1.42000000
1.42000000
1.41000000
1.41000000
1.41000000
1.41000000
1.39000000
1.39000000
1.39000000
1.39000000
1.37500000
1.37500000
1.37500000
1.37500000
1.37500000
1.37500000
1.37500000
1.37500000
1.28500000
1.28500000
1.28500000
1.28500000
1.28000000
1.28000000
1.28000000
1.28000000
1.25000000
1.25000000
1.25000000
1.25000000
1.14000000
1.14000000
1.14000000
1.14000000
1.05500000
1.05500000
1.05500000
1.05500000
1.04500000
1.04500000
1.04500000
1.04500000
1.02500000
1.02500000
1.02500000
1.02500000
1.02000000
1.02000000
1.02000000
1.02000000
0.95500000
0.95500000
0.95500000
0.95500000
0.76000000
0.76000000
0.76000000
0.76000000
0.76000000
0.76000000
0.76000000
0.76000000
0.61500000
0.61500000
0.61500000
0.61500000
0.52500000
0.52500000
0.52500000
0.52500000
0.48000000
0.48000000
0.48000000
0.48000000
0.46000000
0.46000000
0.46000000
0.46000000
0.45000000
0.45000000
0.45000000
0.45000000
0.40000000
0.40000000
0.40000000
0.40000000
0.39000000
0.39000000
0.39000000
0.39000000
0.35000000
0.35000000
0.35000000
0.35000000
0.20000000
0.20000000
0.20000000
0.20000000
0.06000000
0.06000000
0.06000000
0.06000000
