1.63266732
5.41601784
4.15660987
1.77744209
1.92043927
2.29738256
3.17999235
5.09687081
5.20639165
2.90889420
5.75713307
0.89580701
0.44500000
4.46670544
5.97109043
1.74370949
3.27526582
2.46208410
3.67190527
4.10361151
0.89230155
1.61562163
0.82662524
3.90566451
1.55569582
5.07879785
4.46348692
0.74500000
1.74907580
0.91659942
2.96504573
0.35500000
1.13685081
4.98900193
4.65916385
1.71791542
0.52500000
0.94057392
1.36284399
4.98687922
2.97761175
1.54818321
1.07391142
3.67100327
5.11360790
1.85996808
4.84791165
5.63577968
2.63715902
2.11033324
4.75102443
4.16460260
4.76178589
4.23212360
1.26822980
0.35500000
4.31830927
3.00375515
1.80571026
5.81520787
2.57917560
0.03000000
1.20951229
4.72866411
1.32579162
2.45980878
1.98406080
2.67189230
3.04640289
4.18729099
1.15664833
6.16047414
4.05544242
2.18399325
0.87261703
4.09728534
0.70500000
2.19569444
1.11308156
3.36419045
5.08017079
6.11568947
3.76522531
5.12689279
0.72500000
2.44307543
5.17827328
4.95683327
2.80140844
0.12500000
0.17000000
4.72581824
5.95466942
0.39500000
5.16268593
0.82343898
0.90418715
2.34071779
0.76000000
2.79785530
0.76000000
0.74500000
0.72500000
0.70500000
0.52500000
0.44500000
0.39500000
0.35500000
0.35500000
0.17000000
0.12500000
0.03000000
