1.06000000
4.84500000
3.58500000
1.20500000
1.35000000
1.72500000
2.61000000
4.52500000
4.63500000
2.34000000
5.18500000
0.32500000
6.16000000
3.89500000
5.40000000
1.17500000
2.70500000
1.89000000
3.10000000
3.53500000
0.32000000
1.04500000
0.25500000
3.33500000
0.98500000
4.51000000
3.89500000
0.17500000
1.18000000
0.34500000
2.39500000
6.07000000
0.56500000
4.42000000
4.09000000
1.14500000
6.24000000
0.37000000
0.79000000
4.41500000
2.40500000
0.97500000
0.50500000
3.10000000
4.54500000
1.29000000
4.27500000
5.06500000
2.06500000
1.54000000
4.18000000
3.59500000
4.19000000
3.66000000
0.70000000
6.07000000
3.75000000
2.43500000
1.23500000
5.24500000
2.01000000
5.74500000
0.64000000
4.16000000
0.75500000
1.89000000
1.41500000
2.10000000
2.47500000
3.61500000
0.58500000
5.59000000
3.48500000
1.61500000
0.30000000
3.52500000
0.13500000
1.62500000
0.54000000
2.79500000
4.51000000
5.54500000
3.19500000
4.55500000
0.15500000
1.87000000
4.61000000
4.38500000
2.23000000
5.84000000
5.88500000
4.15500000
5.38500000
6.11000000
4.59000000
0.25500000
0.33500000
1.77000000
0.19000000
2.22500000
0.19000000
0.17500000
0.15500000
0.13500000
6.24000000
6.16000000
6.11000000
6.07000000
6.07000000
5.88500000
5.84000000
5.74500000
5.59000000
5.54500000
5.40000000
5.38500000
5.24500000
5.18500000
5.06500000
4.84500000
4.63500000
4.61000000
4.59000000
4.55500000
4.54500000
4.52500000
4.51000000
4.51000000
4.42000000
4.41500000
4.38500000
4.27500000
4.19000000
4.18000000
4.16000000
4.15500000
4.09000000
3.89500000
3.89500000
3.75000000
3.66000000
3.61500000
3.59500000
3.58500000
3.53500000
3.52500000
3.48500000
3.33500000
3.19500000
3.10000000
3.10000000
2.79500000
2.70500000
2.61000000
2.47500000
2.43500000
2.40500000
2.39500000
2.34000000
2.23000000
2.22500000
2.10000000
2.06500000
2.01000000
1.89000000
1.89000000
1.87000000
1.77000000
1.72500000
1.62500000
1.61500000
1.54000000
1.41500000
1.35000000
1.29000000
1.23500000
1.20500000
1.18000000
1.17500000
1.14500000
1.06000000
1.04500000
0.98500000
0.97500000
0.79000000
0.75500000
0.70000000
0.64000000
0.58500000
0.56500000
0.54000000
0.50500000
0.37000000
0.34500000
0.33500000
0.32500000
0.32000000
0.30000000
0.25500000
0.25500000
0.19000000
0.19000000
0.17500000
0.17500000
0.15500000
0.15500000
0.13500000
0.13500000
6.24000000
6.24000000
6.16000000
6.16000000
6.11000000
6.11000000
6.07000000
6.07000000
6.07000000
6.07000000
5.88500000
5.88500000
5.84000000
5.84000000
5.74500000
5.74500000
5.59000000
5.59000000
5.54500000
5.54500000
5.40000000
5.40000000
5.38500000
5.38500000
5.24500000
5.24500000
5.18500000
5.18500000
5.06500000
5.06500000
4.84500000
4.84500000
4.63500000
4.63500000
4.61000000
4.61000000
4.59000000
4.59000000
4.55500000
4.55500000
4.54500000
4.54500000
4.52500000
4.52500000
4.51000000
4.51000000
4.51000000
4.51000000
4.42000000
4.42000000
4.41500000
4.41500000
4.38500000
4.38500000
4.27500000
4.27500000
4.19000000
4.19000000
4.18000000
4.18000000
4.16000000
4.16000000
4.15500000
4.15500000
4.09000000
4.09000000
3.89500000
3.89500000
3.89500000
3.89500000
3.75000000
3.75000000
3.66000000
3.66000000
3.61500000
3.61500000
3.59500000
3.59500000
3.58500000
3.58500000
3.53500000
3.53500000
3.52500000
3.52500000
3.48500000
3.48500000
3.33500000
3.33500000
3.19500000
3.19500000
3.10000000
3.10000000
3.10000000
3.10000000
2.79500000
2.79500000
2.70500000
2.70500000
2.61000000
2.61000000
2.47500000
2.47500000
2.43500000
2.43500000
2.40500000
2.40500000
2.39500000
2.39500000
2.34000000
2.34000000
2.23000000
2.23000000
2.22500000
2.22500000
2.10000000
2.10000000
2.06500000
2.06500000
2.01000000
2.01000000
1.89000000
1.89000000
1.89000000
1.89000000
1.87000000
1.87000000
1.77000000
1.77000000
1.72500000
1.72500000
1.62500000
1.62500000
1.61500000
1.61500000
1.54000000
1.54000000
1.41500000
1.41500000
1.35000000
1.35000000
1.29000000
1.29000000
1.23500000
1.23500000
1.20500000
1.20500000
1.18000000
1.18000000
1.17500000
1.17500000
1.14500000
1.14500000
1.06000000
1.06000000
1.04500000
1.04500000
0.98500000
0.98500000
0.97500000
0.97500000
0.79000000
0.79000000
0.75500000
0.75500000
0.70000000
0.70000000
0.64000000
0.64000000
0.58500000
0.58500000
0.56500000
0.56500000
0.54000000
0.54000000
0.50500000
0.50500000
0.37000000
0.37000000
0.34500000
0.34500000
0.33500000
0.33500000
0.32500000
0.32500000
0.32000000
0.32000000
0.30000000
0.30000000
0.25500000
0.25500000
0.25500000
0.25500000
0.19000000
0.19000000
0.19000000
0.19000000
0.17500000
0.17500000
0.17500000
0.17500000
0.15500000
0.15500000
0.15500000
0.15500000
0.13500000
0.13500000
0.13500000
0.13500000
