5.61000000
3.11000000
1.85000000
5.75500000
5.90000000
6.27500000
0.87500000
2.79000000
2.90000000
0.60500000
3.45000000
4.87500000
4.42500000
2.16000000
3.66500000
5.72500000
0.97000000
0.15500000
1.36500000
1.80000000
4.87000000
5.59500000
4.80500000
1.60000000
5.53500000
2.77500000
2.16000000
4.72500000
5.73000000
4.89500000
0.66000000
4.33500000
5.11500000
2.68500000
2.35500000
5.69500000
4.50500000
4.92000000
5.34000000
2.68000000
0.67000000
5.52500000
5.05500000
1.36500000
2.81000000
5.84000000
2.54000000
3.33000000
0.33000000
6.09000000
2.44500000
1.86000000
2.45500000
1.92500000
5.25000000
4.33500000
2.01500000
0.70000000
5.78500000
3.51000000
0.27500000
4.01000000
5.19000000
2.42500000
5.30500000
0.15500000
5.96500000
0.36500000
0.74000000
1.88000000
5.13500000
3.85500000
1.75000000
6.16500000
4.85000000
1.79000000
4.68500000
6.17500000
5.09000000
1.06000000
2.77500000
3.81000000
1.46000000
2.82000000
4.70500000
0.13500000
2.87500000
2.65000000
0.49500000
4.10500000
4.15000000
2.42000000
3.65000000
4.37500000
2.85500000
4.80500000
4.88500000
0.03500000
4.74000000
0.49000000
4.74000000
4.72500000
4.70500000
4.68500000
4.50500000
4.42500000
4.37500000
4.33500000
4.33500000
4.15000000
4.10500000
4.01000000
3.85500000
3.81000000
3.66500000
3.65000000
3.51000000
3.45000000
3.33000000
3.11000000
2.90000000
2.87500000
2.85500000
2.82000000
2.81000000
2.79000000
2.77500000
2.77500000
2.68500000
2.68000000
2.65000000
2.54000000
2.45500000
2.44500000
2.42500000
2.42000000
2.35500000
2.16000000
2.16000000
2.01500000
1.92500000
1.88000000
1.86000000
1.85000000
1.80000000
1.79000000
1.75000000
1.60000000
1.46000000
1.36500000
1.36500000
1.06000000
0.97000000
0.87500000
0.74000000
0.70000000
0.67000000
0.66000000
0.60500000
0.49500000
0.49000000
0.36500000
0.33000000
0.27500000
0.15500000
0.15500000
0.13500000
0.03500000
6.27500000
6.17500000
6.16500000
6.09000000
5.96500000
5.90000000
5.84000000
5.78500000
5.75500000
5.73000000
5.72500000
5.69500000
5.61000000
5.59500000
5.53500000
5.52500000
5.34000000
5.30500000
5.25000000
5.19000000
5.13500000
5.11500000
5.09000000
5.05500000
4.92000000
4.89500000
4.88500000
4.87500000
4.87000000
4.85000000
4.80500000
4.80500000
4.74000000
4.74000000
4.72500000
4.72500000
4.70500000
4.70500000
4.68500000
4.68500000
4.50500000
4.50500000
4.42500000
4.42500000
4.37500000
4.37500000
4.33500000
4.33500000
4.33500000
4.33500000
4.15000000
4.15000000
4.10500000
4.10500000
4.01000000
4.01000000
3.85500000
3.85500000
3.81000000
3.81000000
3.66500000
3.66500000
3.65000000
3.65000000
3.51000000
3.51000000
3.45000000
3.45000000
3.33000000
3.33000000
3.11000000
3.11000000
2.90000000
2.90000000
2.87500000
2.87500000
2.85500000
2.85500000
2.82000000
2.82000000
2.81000000
2.81000000
2.79000000
2.79000000
2.77500000
2.77500000
2.77500000
2.77500000
2.68500000
2.68500000
2.68000000
2.68000000
2.65000000
2.65000000
2.54000000
2.54000000
2.45500000
2.45500000
2.44500000
2.44500000
2.42500000
2.42500000
2.42000000
2.42000000
2.35500000
2.35500000
2.16000000
2.16000000
2.16000000
2.16000000
2.01500000
2.01500000
1.92500000
1.92500000
1.88000000
1.88000000
1.86000000
1.86000000
1.85000000
1.85000000
1.80000000
1.80000000
1.79000000
1.79000000
1.75000000
1.75000000
1.60000000
1.60000000
1.46000000
1.46000000
1.36500000
1.36500000
1.36500000
1.36500000
1.06000000
1.06000000
0.97000000
0.97000000
0.87500000
0.87500000
0.74000000
0.74000000
0.70000000
0.70000000
0.67000000
0.67000000
0.66000000
0.66000000
0.60500000
0.60500000
0.49500000
0.49500000
0.49000000
0.49000000
0.36500000
0.36500000
0.33000000
0.33000000
0.27500000
0.27500000
0.15500000
0.15500000
0.15500000
0.15500000
0.13500000
0.13500000
0.03500000
0.03500000
6.27500000
6.27500000
6.17500000
6.17500000
6.16500000
6.16500000
6.09000000
6.09000000
5.96500000
5.96500000
5.90000000
5.90000000
5.84000000
5.84000000
5.78500000
5.78500000
5.75500000
5.75500000
5.73000000
5.73000000
5.72500000
5.72500000
5.69500000
5.69500000
5.61000000
5.61000000
5.59500000
5.59500000
5.53500000
5.53500000
5.52500000
5.52500000
5.34000000
5.34000000
5.30500000
5.30500000
5.25000000
5.25000000
5.19000000
5.19000000
5.13500000
5.13500000
5.11500000
5.11500000
5.09000000
5.09000000
5.05500000
5.05500000
4.92000000
4.92000000
4.89500000
4.89500000
4.88500000
4.88500000
4.87500000
4.87500000
4.87000000
4.87000000
4.85000000
4.85000000
4.80500000
4.80500000
4.80500000
4.80500000
4.74000000
4.74000000
4.74000000
4.74000000
4.72500000
4.72500000
4.72500000
4.72500000
4.70500000
4.70500000
4.70500000
4.70500000
4.68500000
4.68500000
4.68500000
4.68500000
4.50500000
4.50500000
4.50500000
4.50500000
4.42500000
4.42500000
4.42500000
4.42500000
4.37500000
4.37500000
4.37500000
4.37500000
4.33500000
4.33500000
4.33500000
4.33500000
4.33500000
4.33500000
4.33500000
4.33500000
4.15000000
4.15000000
4.15000000
4.15000000
4.10500000
4.10500000
4.10500000
4.10500000
4.01000000
4.01000000
4.01000000
4.01000000
3.85500000
3.85500000
3.85500000
3.85500000
3.81000000
3.81000000
3.81000000
3.81000000
3.66500000
3.66500000
3.66500000
3.66500000
3.65000000
3.65000000
3.65000000
3.65000000
3.51000000
3.51000000
3.51000000
3.51000000
3.45000000
3.45000000
3.45000000
3.45000000
3.33000000
3.33000000
3.33000000
3.33000000
3.11000000
3.11000000
3.11000000
3.11000000
2.90000000
2.90000000
2.90000000
2.90000000
2.87500000
2.87500000
2.87500000
2.87500000
2.85500000
2.85500000
2.85500000
2.85500000
2.82000000
2.82000000
2.82000000
2.82000000
2.81000000
2.81000000
2.81000000
2.81000000
2.79000000
2.79000000
2.79000000
2.79000000
2.77500000
2.77500000
2.77500000
2.77500000
2.77500000
2.77500000
2.77500000
2.77500000
2.68500000
2.68500000
2.68500000
2.68500000
2.68000000
2.68000000
2.68000000
2.68000000
2.65000000
2.65000000
2.65000000
2.65000000
2.54000000
2.54000000
2.54000000
2.54000000
2.45500000
2.45500000
2.45500000
2.45500000
2.44500000
2.44500000
2.44500000
2.44500000
2.42500000
2.42500000
2.42500000
2.42500000
2.42000000
2.42000000
2.42000000
2.42000000
2.35500000
2.35500000
2.35500000
2.35500000
2.16000000
2.16000000
2.16000000
2.16000000
2.16000000
2.16000000
2.16000000
2.16000000
2.01500000
2.01500000
2.01500000
2.01500000
1.92500000
1.92500000
1.92500000
1.92500000
1.88000000
1.88000000
1.88000000
1.88000000
1.86000000
1.86000000
1.86000000
1.86000000
1.85000000
1.85000000
1.85000000
1.85000000
1.80000000
1.80000000
1.80000000
1.80000000
1.79000000
1.79000000
1.79000000
1.79000000
1.75000000
1.75000000
1.75000000
1.75000000
1.60000000
1.60000000
1.60000000
1.60000000
1.46000000
1.46000000
1.46000000
1.46000000
1.36500000
1.36500000
1.36500000
1.36500000
1.36500000
1.36500000
1.36500000
1.36500000
1.06000000
1.06000000
1.06000000
1.06000000
0.97000000
0.97000000
0.97000000
0.97000000
0.87500000
0.87500000
0.87500000
0.87500000
0.74000000
0.74000000
0.74000000
0.74000000
0.70000000
0.70000000
0.70000000
0.70000000
0.67000000
0.67000000
0.67000000
0.67000000
0.66000000
0.66000000
0.66000000
0.66000000
0.60500000
0.60500000
0.60500000
0.60500000
0.49500000
0.49500000
0.49500000
0.49500000
0.49000000
0.49000000
0.49000000
0.49000000
0.36500000
0.36500000
0.36500000
0.36500000
0.33000000
0.33000000
0.33000000
0.33000000
0.27500000
0.27500000
0.27500000
0.27500000
0.15500000
0.15500000
0.15500000
0.15500000
0.15500000
0.15500000
0.15500000
0.15500000
0.13500000
0.13500000
0.13500000
0.13500000
0.03500000
0.03500000
0.03500000
0.03500000
