2.71000000
0.21000000
5.23500000
2.85500000
3.00000000
3.37500000
4.26000000
6.17500000
0.00000000
3.99000000
0.55000000
1.97500000
1.52500000
5.54500000
0.76500000
2.82500000
4.35500000
3.54000000
4.75000000
5.18500000
1.97000000
2.69500000
1.90500000
4.98500000
2.63500000
6.16000000
5.54500000
1.82500000
2.83000000
1.99500000
4.04500000
1.43500000
2.21500000
6.07000000
5.74000000
2.79500000
1.60500000
2.02000000
2.44000000
6.06500000
4.05500000
2.62500000
2.15500000
4.75000000
6.19500000
2.94000000
5.92500000
0.43000000
3.71500000
3.19000000
5.83000000
5.24500000
5.84000000
5.31000000
2.35000000
1.43500000
5.40000000
4.08500000
2.88500000
0.61000000
3.66000000
1.11000000
2.29000000
5.81000000
2.40500000
3.54000000
3.06500000
3.75000000
4.12500000
5.26500000
2.23500000
0.95500000
5.13500000
3.26500000
1.95000000
5.17500000
1.78500000
3.27500000
2.19000000
4.44500000
6.16000000
0.91000000
4.84500000
6.20500000
1.80500000
3.52000000
6.26000000
6.03500000
3.88000000
1.20500000
1.25000000
5.80500000
0.75000000
1.47500000
6.24000000
1.90500000
1.98500000
3.42000000
1.84000000
3.87500000
1.84000000
1.82500000
1.80500000
1.78500000
1.60500000
1.52500000
1.47500000
1.43500000
1.43500000
1.25000000
1.20500000
1.11000000
0.95500000
0.91000000
0.76500000
0.75000000
0.61000000
0.55000000
0.43000000
0.21000000
0.00000000
6.26000000
6.24000000
6.20500000
6.19500000
6.17500000
6.16000000
6.16000000
6.07000000
6.06500000
6.03500000
5.92500000
5.84000000
5.83000000
5.81000000
5.80500000
5.74000000
5.54500000
5.54500000
5.40000000
5.31000000
5.26500000
5.24500000
5.23500000
5.18500000
5.17500000
5.13500000
4.98500000
4.84500000
4.75000000
4.75000000
4.44500000
4.35500000
4.26000000
4.12500000
4.08500000
4.05500000
4.04500000
3.99000000
3.88000000
3.87500000
3.75000000
3.71500000
3.66000000
3.54000000
3.54000000
3.52000000
3.42000000
3.37500000
3.27500000
3.26500000
3.19000000
3.06500000
3.00000000
2.94000000
2.88500000
2.85500000
2.83000000
2.82500000
2.79500000
2.71000000
2.69500000
2.63500000
2.62500000
2.44000000
2.40500000
2.35000000
2.29000000
2.23500000
2.21500000
2.19000000
2.15500000
2.02000000
1.99500000
1.98500000
1.97500000
1.97000000
1.95000000
1.90500000
1.90500000
1.84000000
1.84000000
1.82500000
1.82500000
1.80500000
1.80500000
1.78500000
1.78500000
1.60500000
1.60500000
1.52500000
1.52500000
1.47500000
1.47500000
1.43500000
1.43500000
1.43500000
1.43500000
1.25000000
1.25000000
1.20500000
1.20500000
1.11000000
1.11000000
0.95500000
0.95500000
0.91000000
0.91000000
0.76500000
0.76500000
0.75000000
0.75000000
0.61000000
0.61000000
0.55000000
0.55000000
0.43000000
0.43000000
0.21000000
0.21000000
0.00000000
0.00000000
6.26000000
6.26000000
6.24000000
6.24000000
6.20500000
6.20500000
6.19500000
6.19500000
6.17500000
6.17500000
6.16000000
6.16000000
6.16000000
6.16000000
6.07000000
6.07000000
6.06500000
6.06500000
6.03500000
6.03500000
5.92500000
5.92500000
5.84000000
5.84000000
5.83000000
5.83000000
5.81000000
5.81000000
5.80500000
5.80500000
5.74000000
5.74000000
5.54500000
5.54500000
5.54500000
5.54500000
5.40000000
5.40000000
5.31000000
5.31000000
5.26500000
5.26500000
5.24500000
5.24500000
5.23500000
5.23500000
5.18500000
5.18500000
5.17500000
5.17500000
5.13500000
5.13500000
4.98500000
4.98500000
4.84500000
4.84500000
4.75000000
4.75000000
4.75000000
4.75000000
4.44500000
4.44500000
4.35500000
4.35500000
4.26000000
4.26000000
4.12500000
4.12500000
4.08500000
4.08500000
4.05500000
4.05500000
4.04500000
4.04500000
3.99000000
3.99000000
3.88000000
3.88000000
3.87500000
3.87500000
3.75000000
3.75000000
3.71500000
3.71500000
3.66000000
3.66000000
3.54000000
3.54000000
3.54000000
3.54000000
3.52000000
3.52000000
3.42000000
3.42000000
3.37500000
3.37500000
3.27500000
3.27500000
3.26500000
3.26500000
3.19000000
3.19000000
3.06500000
3.06500000
3.00000000
3.00000000
2.94000000
2.94000000
2.88500000
2.88500000
2.85500000
2.85500000
2.83000000
2.83000000
2.82500000
2.82500000
2.79500000
2.79500000
2.71000000
2.71000000
2.69500000
2.69500000
2.63500000
2.63500000
2.62500000
2.62500000
2.44000000
2.44000000
2.40500000
2.40500000
2.35000000
2.35000000
2.29000000
2.29000000
2.23500000
2.23500000
2.21500000
2.21500000
2.19000000
2.19000000
2.15500000
2.15500000
2.02000000
2.02000000
1.99500000
1.99500000
1.98500000
1.98500000
1.97500000
1.97500000
1.97000000
1.97000000
1.95000000
1.95000000
1.90500000
1.90500000
1.90500000
1.90500000
1.84000000
1.84000000
1.84000000
1.84000000
1.82500000
1.82500000
1.82500000
1.82500000
1.80500000
1.80500000
1.80500000
1.80500000
1.78500000
1.78500000
1.78500000
1.78500000
1.60500000
1.60500000
1.60500000
1.60500000
1.52500000
1.52500000
1.52500000
1.52500000
1.47500000
1.47500000
1.47500000
1.47500000
1.43500000
1.43500000
1.43500000
1.43500000
1.43500000
1.43500000
1.43500000
1.43500000
1.25000000
1.25000000
1.25000000
1.25000000
1.20500000
1.20500000
1.20500000
1.20500000
1.11000000
1.11000000
1.11000000
1.11000000
0.95500000
0.95500000
0.95500000
0.95500000
0.91000000
0.91000000
0.91000000
0.91000000
0.76500000
0.76500000
0.76500000
0.76500000
0.75000000
0.75000000
0.75000000
0.75000000
0.61000000
0.61000000
0.61000000
0.61000000
0.55000000
0.55000000
0.55000000
0.55000000
0.43000000
0.43000000
0.43000000
0.43000000
0.21000000
0.21000000
0.21000000
0.21000000
0.00000000
0.00000000
0.00000000
0.00000000
