0.46000000
4.24500000
2.98500000
0.60500000
0.75000000
1.12500000
2.01000000
3.92500000
4.03500000
1.74000000
4.58500000
6.01000000
5.56000000
3.29500000
4.80000000
0.57500000
2.10500000
1.29000000
2.50000000
2.93500000
6.00500000
0.44500000
5.94000000
2.73500000
0.38500000
3.91000000
3.29500000
5.86000000
0.58000000
6.03000000
1.79500000
5.47000000
6.25000000
3.82000000
3.49000000
0.54500000
5.64000000
6.05500000
0.19000000
3.81500000
1.80500000
0.37500000
6.19000000
2.50000000
3.94500000
0.69000000
3.67500000
4.46500000
1.46500000
0.94000000
3.58000000
2.99500000
3.59000000
3.06000000
0.10000000
5.47000000
3.15000000
1.83500000
0.63500000
4.64500000
1.41000000
5.14500000
0.04000000
3.56000000
0.15500000
1.29000000
0.81500000
1.50000000
1.87500000
3.01500000
6.27000000
4.99000000
2.88500000
1.01500000
5.98500000
2.92500000
5.82000000
1.02500000
6.22500000
2.19500000
3.91000000
4.94500000
2.59500000
3.95500000
5.84000000
1.27000000
4.01000000
3.78500000
1.63000000
5.24000000
5.28500000
3.55500000
4.78500000
5.51000000
3.99000000
5.94000000
6.02000000
1.17000000
5.87500000
1.62500000
5.87500000
5.86000000
5.84000000
5.82000000
5.64000000
5.56000000
5.51000000
5.47000000
5.47000000
5.28500000
5.24000000
5.14500000
4.99000000
4.94500000
4.80000000
4.78500000
4.64500000
4.58500000
4.46500000
4.24500000
4.03500000
4.01000000
3.99000000
3.95500000
3.94500000
3.92500000
3.91000000
3.91000000
3.82000000
3.81500000
3.78500000
3.67500000
3.59000000
3.58000000
3.56000000
3.55500000
3.49000000
3.29500000
3.29500000
3.15000000
3.06000000
3.01500000
2.99500000
2.98500000
2.93500000
2.92500000
2.88500000
2.73500000
2.59500000
2.50000000
2.50000000
2.19500000
2.10500000
2.01000000
1.87500000
1.83500000
1.80500000
1.79500000
1.74000000
1.63000000
1.62500000
1.50000000
1.46500000
1.41000000
1.29000000
1.29000000
1.27000000
1.17000000
1.12500000
1.02500000
1.01500000
0.94000000
0.81500000
0.75000000
0.69000000
0.63500000
0.60500000
0.58000000
0.57500000
0.54500000
0.46000000
0.44500000
0.38500000
0.37500000
0.19000000
0.15500000
0.10000000
0.04000000
6.27000000
6.25000000
6.22500000
6.19000000
6.05500000
6.03000000
6.02000000
6.01000000
6.00500000
5.98500000
5.94000000
5.94000000
5.87500000
5.87500000
5.86000000
5.86000000
5.84000000
5.84000000
5.82000000
5.82000000
5.64000000
5.64000000
5.56000000
5.56000000
5.51000000
5.51000000
5.47000000
5.47000000
5.47000000
5.47000000
5.28500000
5.28500000
5.24000000
5.24000000
5.14500000
5.14500000
4.99000000
4.99000000
4.94500000
4.94500000
4.80000000
4.80000000
4.78500000
4.78500000
4.64500000
4.64500000
4.58500000
4.58500000
4.46500000
4.46500000
4.24500000
4.24500000
4.03500000
4.03500000
4.01000000
4.01000000
3.99000000
3.99000000
3.95500000
3.95500000
3.94500000
3.94500000
3.92500000
3.92500000
3.91000000
3.91000000
3.91000000
3.91000000
3.82000000
3.82000000
3.81500000
3.81500000
3.78500000
3.78500000
3.67500000
3.67500000
3.59000000
3.59000000
3.58000000
3.58000000
3.56000000
3.56000000
3.55500000
3.55500000
3.49000000
3.49000000
3.29500000
3.29500000
3.29500000
3.29500000
3.15000000
3.15000000
3.06000000
3.06000000
3.01500000
3.01500000
2.99500000
2.99500000
2.98500000
2.98500000
2.93500000
2.93500000
2.92500000
2.92500000
2.88500000
2.88500000
2.73500000
2.73500000
2.59500000
2.59500000
2.50000000
2.50000000
2.50000000
2.50000000
2.19500000
2.19500000
2.10500000
2.10500000
2.01000000
2.01000000
1.87500000
1.87500000
1.83500000
1.83500000
1.80500000
1.80500000
1.79500000
1.79500000
1.74000000
1.74000000
1.63000000
1.63000000
1.62500000
1.62500000
1.50000000
1.50000000
1.46500000
1.46500000
1.41000000
1.41000000
1.29000000
1.29000000
1.29000000
1.29000000
1.27000000
1.27000000
1.17000000
1.17000000
1.12500000
1.12500000
1.02500000
1.02500000
1.01500000
1.01500000
0.94000000
0.94000000
0.81500000
0.81500000
0.75000000
0.75000000
0.69000000
0.69000000
0.63500000
0.63500000
0.60500000
0.60500000
0.58000000
0.58000000
0.57500000
0.57500000
0.54500000
0.54500000
0.46000000
0.46000000
0.44500000
0.44500000
0.38500000
0.38500000
0.37500000
0.37500000
0.19000000
0.19000000
0.15500000
0.15500000
0.10000000
0.10000000
0.04000000
0.04000000
