4.19500000
1.69500000
0.43500000
4.34000000
4.48500000
4.86000000
5.74500000
1.37500000
1.48500000
5.47500000
2.03500000
3.46000000
3.01000000
0.74500000
2.25000000
4.31000000
5.84000000
5.02500000
6.23500000
0.38500000
3.45500000
4.18000000
3.39000000
0.18500000
4.12000000
1.36000000
0.74500000
3.31000000
4.31500000
3.48000000
5.53000000
2.92000000
3.70000000
1.27000000
0.94000000
4.28000000
3.09000000
3.50500000
3.92500000
1.26500000
5.54000000
4.11000000
3.64000000
6.23500000
1.39500000
4.42500000
1.12500000
1.91500000
5.20000000
4.67500000
1.03000000
0.44500000
1.04000000
0.51000000
3.83500000
2.92000000
0.60000000
5.57000000
4.37000000
2.09500000
5.14500000
2.59500000
3.77500000
1.01000000
3.89000000
5.02500000
4.55000000
5.23500000
5.61000000
0.46500000
3.72000000
2.44000000
0.33500000
4.75000000
3.43500000
0.37500000
3.27000000
4.76000000
3.67500000
5.93000000
1.36000000
2.39500000
0.04500000
1.40500000
3.29000000
5.00500000
1.46000000
1.23500000
5.36500000
2.69000000
2.73500000
1.00500000
2.23500000
2.96000000
1.44000000
3.39000000
3.47000000
4.90500000
3.32500000
5.36000000
3.32500000
3.31000000
3.29000000
3.27000000
3.09000000
3.01000000
2.96000000
2.92000000
2.92000000
2.73500000
2.69000000
2.59500000
2.44000000
2.39500000
2.25000000
2.23500000
2.09500000
2.03500000
1.91500000
1.69500000
1.48500000
1.46000000
1.44000000
1.40500000
1.39500000
1.37500000
1.36000000
1.36000000
1.27000000
1.26500000
1.23500000
1.12500000
1.04000000
1.03000000
1.01000000
1.00500000
0.94000000
0.74500000
0.74500000
0.60000000
0.51000000
0.46500000
0.44500000
0.43500000
0.38500000
0.37500000
0.33500000
0.18500000
0.04500000
6.23500000
6.23500000
5.93000000
5.84000000
5.74500000
5.61000000
5.57000000
5.54000000
5.53000000
5.47500000
5.36500000
5.36000000
5.23500000
5.20000000
5.14500000
5.02500000
5.02500000
5.00500000
4.90500000
4.86000000
4.76000000
4.75000000
4.67500000
4.55000000
4.48500000
4.42500000
4.37000000
4.34000000
4.31500000
4.31000000
4.28000000
4.19500000
4.18000000
4.12000000
4.11000000
3.92500000
3.89000000
3.83500000
3.77500000
3.72000000
3.70000000
3.67500000
3.64000000
3.50500000
3.48000000
3.47000000
3.46000000
3.45500000
3.43500000
3.39000000
3.39000000
3.32500000
3.32500000
3.31000000
3.31000000
3.29000000
3.29000000
3.27000000
3.27000000
3.09000000
3.09000000
3.01000000
3.01000000
2.96000000
2.96000000
2.92000000
2.92000000
2.92000000
2.92000000
2.73500000
2.73500000
2.69000000
2.69000000
2.59500000
2.59500000
2.44000000
2.44000000
2.39500000
2.39500000
2.25000000
2.25000000
2.23500000
2.23500000
2.09500000
2.09500000
2.03500000
2.03500000
1.91500000
1.91500000
1.69500000
1.69500000
1.48500000
1.48500000
1.46000000
1.46000000
1.44000000
1.44000000
1.40500000
1.40500000
1.39500000
1.39500000
1.37500000
1.37500000
1.36000000
1.36000000
1.36000000
1.36000000
1.27000000
1.27000000
1.26500000
1.26500000
1.23500000
1.23500000
1.12500000
1.12500000
1.04000000
1.04000000
1.03000000
1.03000000
1.01000000
1.01000000
1.00500000
1.00500000
0.94000000
0.94000000
0.74500000
0.74500000
0.74500000
0.74500000
0.60000000
0.60000000
0.51000000
0.51000000
0.46500000
0.46500000
0.44500000
0.44500000
0.43500000
0.43500000
0.38500000
0.38500000
0.37500000
0.37500000
0.33500000
0.33500000
0.18500000
0.18500000
0.04500000
0.04500000
