0.56000000
4.34500000
3.08500000
0.70500000
0.85000000
1.22500000
2.11000000
4.02500000
4.13500000
1.84000000
4.68500000
6.11000000
5.66000000
3.39500000
4.90000000
0.67500000
2.20500000
1.39000000
2.60000000
3.03500000
6.10500000
0.54500000
6.04000000
2.83500000
0.48500000
4.01000000
3.39500000
5.96000000
0.68000000
6.13000000
1.89500000
5.57000000
0.06500000
3.92000000
3.59000000
0.64500000
5.74000000
6.15500000
0.29000000
3.91500000
1.90500000
0.47500000
0.00500000
2.60000000
4.04500000
0.79000000
3.77500000
4.56500000
1.56500000
1.04000000
3.68000000
3.09500000
3.69000000
3.16000000
0.20000000
5.57000000
3.25000000
1.93500000
0.73500000
4.74500000
1.51000000
5.24500000
0.14000000
3.66000000
0.25500000
1.39000000
0.91500000
1.60000000
1.97500000
3.11500000
0.08500000
5.09000000
2.98500000
1.11500000
6.08500000
3.02500000
5.92000000
1.12500000
0.04000000
2.29500000
4.01000000
5.04500000
2.69500000
4.05500000
5.94000000
1.37000000
4.11000000
3.88500000
1.73000000
5.34000000
5.38500000
3.65500000
4.88500000
5.61000000
4.09000000
6.04000000
6.12000000
1.27000000
5.97500000
1.72500000
5.97500000
5.96000000
5.94000000
5.92000000
5.74000000
5.66000000
5.61000000
5.57000000
5.57000000
5.38500000
5.34000000
5.24500000
5.09000000
5.04500000
4.90000000
4.88500000
4.74500000
4.68500000
4.56500000
4.34500000
4.13500000
4.11000000
4.09000000
4.05500000
4.04500000
4.02500000
4.01000000
4.01000000
3.92000000
3.91500000
3.88500000
3.77500000
3.69000000
3.68000000
3.66000000
3.65500000
3.59000000
3.39500000
3.39500000
3.25000000
3.16000000
3.11500000
3.09500000
3.08500000
3.03500000
3.02500000
2.98500000
2.83500000
2.69500000
2.60000000
2.60000000
2.29500000
2.20500000
2.11000000
1.97500000
1.93500000
1.90500000
1.89500000
1.84000000
1.73000000
1.72500000
1.60000000
1.56500000
1.51000000
1.39000000
1.39000000
1.37000000
1.27000000
1.22500000
1.12500000
1.11500000
1.04000000
0.91500000
0.85000000
0.79000000
0.73500000
0.70500000
0.68000000
0.67500000
0.64500000
0.56000000
0.54500000
0.48500000
0.47500000
0.29000000
0.25500000
0.20000000
0.14000000
0.08500000
0.06500000
0.04000000
0.00500000
6.15500000
6.13000000
6.12000000
6.11000000
6.10500000
6.08500000
6.04000000
6.04000000
5.97500000
5.97500000
5.96000000
5.96000000
5.94000000
5.94000000
5.92000000
5.92000000
5.74000000
5.74000000
5.66000000
5.66000000
5.61000000
5.61000000
5.57000000
5.57000000
5.57000000
5.57000000
5.38500000
5.38500000
5.34000000
5.34000000
5.24500000
5.24500000
5.09000000
5.09000000
5.04500000
5.04500000
4.90000000
4.90000000
4.88500000
4.88500000
4.74500000
4.74500000
4.68500000
4.68500000
4.56500000
4.56500000
4.34500000
4.34500000
4.13500000
4.13500000
4.11000000
4.11000000
4.09000000
4.09000000
4.05500000
4.05500000
4.04500000
4.04500000
4.02500000
4.02500000
4.01000000
4.01000000
4.01000000
4.01000000
3.92000000
3.92000000
3.91500000
3.91500000
3.88500000
3.88500000
3.77500000
3.77500000
3.69000000
3.69000000
3.68000000
3.68000000
3.66000000
3.66000000
3.65500000
3.65500000
3.59000000
3.59000000
3.39500000
3.39500000
3.39500000
3.39500000
3.25000000
3.25000000
3.16000000
3.16000000
3.11500000
3.11500000
3.09500000
3.09500000
3.08500000
3.08500000
3.03500000
3.03500000
3.02500000
3.02500000
2.98500000
2.98500000
2.83500000
2.83500000
2.69500000
2.69500000
2.60000000
2.60000000
2.60000000
2.60000000
2.29500000
2.29500000
2.20500000
2.20500000
2.11000000
2.11000000
1.97500000
1.97500000
1.93500000
1.93500000
1.90500000
1.90500000
1.89500000
1.89500000
1.84000000
1.84000000
1.73000000
1.73000000
1.72500000
1.72500000
1.60000000
1.60000000
1.56500000
1.56500000
1.51000000
1.51000000
1.39000000
1.39000000
1.39000000
1.39000000
1.37000000
1.37000000
1.27000000
1.27000000
1.22500000
1.22500000
1.12500000
1.12500000
1.11500000
1.11500000
1.04000000
1.04000000
0.91500000
0.91500000
0.85000000
0.85000000
0.79000000
0.79000000
0.73500000
0.73500000
0.70500000
0.70500000
0.68000000
0.68000000
0.67500000
0.67500000
0.64500000
0.64500000
0.56000000
0.56000000
0.54500000
0.54500000
0.48500000
0.48500000
0.47500000
0.47500000
0.29000000
0.29000000
0.25500000
0.25500000
0.20000000
0.20000000
0.14000000
0.14000000
0.08500000
0.08500000
0.06500000
0.06500000
0.04000000
0.04000000
0.00500000
0.00500000
