0.51000000
4.29500000
3.03500000
0.65500000
0.80000000
1.17500000
2.06000000
3.97500000
4.08500000
1.79000000
4.63500000
6.06000000
5.61000000
3.34500000
4.85000000
0.62500000
2.15500000
1.34000000
2.55000000
2.98500000
6.05500000
0.49500000
5.99000000
2.78500000
0.43500000
3.96000000
3.34500000
5.91000000
0.63000000
6.08000000
1.84500000
5.52000000
0.01500000
3.87000000
3.54000000
0.59500000
5.69000000
6.10500000
0.24000000
3.86500000
1.85500000
0.42500000
6.24000000
2.55000000
3.99500000
0.74000000
3.72500000
4.51500000
1.51500000
0.99000000
3.63000000
3.04500000
3.64000000
3.11000000
0.15000000
5.52000000
3.20000000
1.88500000
0.68500000
4.69500000
1.46000000
5.19500000
0.09000000
3.61000000
0.20500000
1.34000000
0.86500000
1.55000000
1.92500000
3.06500000
0.03500000
5.04000000
2.93500000
1.06500000
6.03500000
2.97500000
5.87000000
1.07500000
6.27500000
2.24500000
3.96000000
4.99500000
2.64500000
4.00500000
5.89000000
1.32000000
4.06000000
3.83500000
1.68000000
5.29000000
5.33500000
3.60500000
4.83500000
5.56000000
4.04000000
5.99000000
6.07000000
1.22000000
5.92500000
1.67500000
5.92500000
5.91000000
5.89000000
5.87000000
5.69000000
5.61000000
5.56000000
5.52000000
5.52000000
5.33500000
5.29000000
5.19500000
5.04000000
4.99500000
4.85000000
4.83500000
4.69500000
4.63500000
4.51500000
4.29500000
4.08500000
4.06000000
4.04000000
4.00500000
3.99500000
3.97500000
3.96000000
3.96000000
3.87000000
3.86500000
3.83500000
3.72500000
3.64000000
3.63000000
3.61000000
3.60500000
3.54000000
3.34500000
3.34500000
3.20000000
3.11000000
3.06500000
3.04500000
3.03500000
2.98500000
2.97500000
2.93500000
2.78500000
2.64500000
2.55000000
2.55000000
2.24500000
2.15500000
2.06000000
1.92500000
1.88500000
1.85500000
1.84500000
1.79000000
1.68000000
1.67500000
1.55000000
1.51500000
1.46000000
1.34000000
1.34000000
1.32000000
1.22000000
1.17500000
1.07500000
1.06500000
0.99000000
0.86500000
0.80000000
0.74000000
0.68500000
0.65500000
0.63000000
0.62500000
0.59500000
0.51000000
0.49500000
0.43500000
0.42500000
0.24000000
0.20500000
0.15000000
0.09000000
0.03500000
0.01500000
6.27500000
6.24000000
6.10500000
6.08000000
6.07000000
6.06000000
6.05500000
6.03500000
5.99000000
5.99000000
5.92500000
5.92500000
5.91000000
5.91000000
5.89000000
5.89000000
5.87000000
5.87000000
5.69000000
5.69000000
5.61000000
5.61000000
5.56000000
5.56000000
5.52000000
5.52000000
5.52000000
5.52000000
5.33500000
5.33500000
5.29000000
5.29000000
5.19500000
5.19500000
5.04000000
5.04000000
4.99500000
4.99500000
4.85000000
4.85000000
4.83500000
4.83500000
4.69500000
4.69500000
4.63500000
4.63500000
4.51500000
4.51500000
4.29500000
4.29500000
4.08500000
4.08500000
4.06000000
4.06000000
4.04000000
4.04000000
4.00500000
4.00500000
3.99500000
3.99500000
3.97500000
3.97500000
3.96000000
3.96000000
3.96000000
3.96000000
3.87000000
3.87000000
3.86500000
3.86500000
3.83500000
3.83500000
3.72500000
3.72500000
3.64000000
3.64000000
3.63000000
3.63000000
3.61000000
3.61000000
3.60500000
3.60500000
3.54000000
3.54000000
3.34500000
3.34500000
3.34500000
3.34500000
3.20000000
3.20000000
3.11000000
3.11000000
3.06500000
3.06500000
3.04500000
3.04500000
3.03500000
3.03500000
2.98500000
2.98500000
2.97500000
2.97500000
2.93500000
2.93500000
2.78500000
2.78500000
2.64500000
2.64500000
2.55000000
2.55000000
2.55000000
2.55000000
2.24500000
2.24500000
2.15500000
2.15500000
2.06000000
2.06000000
1.92500000
1.92500000
1.88500000
1.88500000
1.85500000
1.85500000
1.84500000
1.84500000
1.79000000
1.79000000
1.68000000
1.68000000
1.67500000
1.67500000
1.55000000
1.55000000
1.51500000
1.51500000
1.46000000
1.46000000
1.34000000
1.34000000
1.34000000
1.34000000
1.32000000
1.32000000
1.22000000
1.22000000
1.17500000
1.17500000
1.07500000
1.07500000
1.06500000
1.06500000
0.99000000
0.99000000
0.86500000
0.86500000
0.80000000
0.80000000
0.74000000
0.74000000
0.68500000
0.68500000
0.65500000
0.65500000
0.63000000
0.63000000
0.62500000
0.62500000
0.59500000
0.59500000
0.51000000
0.51000000
0.49500000
0.49500000
0.43500000
0.43500000
0.42500000
0.42500000
0.24000000
0.24000000
0.20500000
0.20500000
0.15000000
0.15000000
0.09000000
0.09000000
0.03500000
0.03500000
0.01500000
0.01500000
