5.56000000
3.06000000
1.80000000
5.70500000
5.85000000
6.22500000
0.82500000
2.74000000
2.85000000
0.55500000
3.40000000
4.82500000
4.37500000
2.11000000
3.61500000
5.67500000
0.92000000
0.10500000
1.31500000
1.75000000
4.82000000
5.54500000
4.75500000
1.55000000
5.48500000
2.72500000
2.11000000
4.67500000
5.68000000
4.84500000
0.61000000
4.28500000
5.06500000
2.63500000
2.30500000
5.64500000
4.45500000
4.87000000
5.29000000
2.63000000
0.62000000
5.47500000
5.00500000
1.31500000
2.76000000
5.79000000
2.49000000
3.28000000
0.28000000
6.04000000
2.39500000
1.81000000
2.40500000
1.87500000
5.20000000
4.28500000
1.96500000
0.65000000
5.73500000
3.46000000
0.22500000
3.96000000
5.14000000
2.37500000
5.25500000
0.10500000
5.91500000
0.31500000
0.69000000
1.83000000
5.08500000
3.80500000
1.70000000
6.11500000
4.80000000
1.74000000
4.63500000
6.12500000
5.04000000
1.01000000
2.72500000
3.76000000
1.41000000
2.77000000
4.65500000
0.08500000
2.82500000
2.60000000
0.44500000
4.05500000
4.10000000
2.37000000
3.60000000
4.32500000
2.80500000
4.75500000
4.83500000
6.27000000
4.69000000
0.44000000
4.69000000
4.67500000
4.65500000
4.63500000
4.45500000
4.37500000
4.32500000
4.28500000
4.28500000
4.10000000
4.05500000
3.96000000
3.80500000
3.76000000
3.61500000
3.60000000
3.46000000
3.40000000
3.28000000
3.06000000
2.85000000
2.82500000
2.80500000
2.77000000
2.76000000
2.74000000
2.72500000
2.72500000
2.63500000
2.63000000
2.60000000
2.49000000
2.40500000
2.39500000
2.37500000
2.37000000
2.30500000
2.11000000
2.11000000
1.96500000
1.87500000
1.83000000
1.81000000
1.80000000
1.75000000
1.74000000
1.70000000
1.55000000
1.41000000
1.31500000
1.31500000
1.01000000
0.92000000
0.82500000
0.69000000
0.65000000
0.62000000
0.61000000
0.55500000
0.44500000
0.44000000
0.31500000
0.28000000
0.22500000
0.10500000
0.10500000
0.08500000
6.27000000
6.22500000
6.12500000
6.11500000
6.04000000
5.91500000
5.85000000
5.79000000
5.73500000
5.70500000
5.68000000
5.67500000
5.64500000
5.56000000
5.54500000
5.48500000
5.47500000
5.29000000
5.25500000
5.20000000
5.14000000
5.08500000
5.06500000
5.04000000
5.00500000
4.87000000
4.84500000
4.83500000
4.82500000
4.82000000
4.80000000
4.75500000
4.75500000
4.69000000
4.69000000
4.67500000
4.67500000
4.65500000
4.65500000
4.63500000
4.63500000
4.45500000
4.45500000
4.37500000
4.37500000
4.32500000
4.32500000
4.28500000
4.28500000
4.28500000
4.28500000
4.10000000
4.10000000
4.05500000
4.05500000
3.96000000
3.96000000
3.80500000
3.80500000
3.76000000
3.76000000
3.61500000
3.61500000
3.60000000
3.60000000
3.46000000
3.46000000
3.40000000
3.40000000
3.28000000
3.28000000
3.06000000
3.06000000
2.85000000
2.85000000
2.82500000
2.82500000
2.80500000
2.80500000
2.77000000
2.77000000
2.76000000
2.76000000
2.74000000
2.74000000
2.72500000
2.72500000
2.72500000
2.72500000
2.63500000
2.63500000
2.63000000
2.63000000
2.60000000
2.60000000
2.49000000
2.49000000
2.40500000
2.40500000
2.39500000
2.39500000
2.37500000
2.37500000
2.37000000
2.37000000
2.30500000
2.30500000
2.11000000
2.11000000
2.11000000
2.11000000
1.96500000
1.96500000
1.87500000
1.87500000
1.83000000
1.83000000
1.81000000
1.81000000
1.80000000
1.80000000
1.75000000
1.75000000
1.74000000
1.74000000
1.70000000
1.70000000
1.55000000
1.55000000
1.41000000
1.41000000
1.31500000
1.31500000
1.31500000
1.31500000
1.01000000
1.01000000
0.92000000
0.92000000
0.82500000
0.82500000
0.69000000
0.69000000
0.65000000
0.65000000
0.62000000
0.62000000
0.61000000
0.61000000
0.55500000
0.55500000
0.44500000
0.44500000
0.44000000
0.44000000
0.31500000
0.31500000
0.28000000
0.28000000
0.22500000
0.22500000
0.10500000
0.10500000
0.10500000
0.10500000
0.08500000
0.08500000
6.27000000
6.27000000
6.22500000
6.22500000
6.12500000
6.12500000
6.11500000
6.11500000
6.04000000
6.04000000
5.91500000
5.91500000
5.85000000
5.85000000
5.79000000
5.79000000
5.73500000
5.73500000
5.70500000
5.70500000
5.68000000
5.68000000
5.67500000
5.67500000
5.64500000
5.64500000
5.56000000
5.56000000
5.54500000
5.54500000
5.48500000
5.48500000
5.47500000
5.47500000
5.29000000
5.29000000
5.25500000
5.25500000
5.20000000
5.20000000
5.14000000
5.14000000
5.08500000
5.08500000
5.06500000
5.06500000
5.04000000
5.04000000
5.00500000
5.00500000
4.87000000
4.87000000
4.84500000
4.84500000
4.83500000
4.83500000
4.82500000
4.82500000
4.82000000
4.82000000
4.80000000
4.80000000
4.75500000
4.75500000
4.75500000
4.75500000
4.69000000
4.69000000
4.69000000
4.69000000
4.67500000
4.67500000
4.67500000
4.67500000
4.65500000
4.65500000
4.65500000
4.65500000
4.63500000
4.63500000
4.63500000
4.63500000
4.45500000
4.45500000
4.45500000
4.45500000
4.37500000
4.37500000
4.37500000
4.37500000
4.32500000
4.32500000
4.32500000
4.32500000
4.28500000
4.28500000
4.28500000
4.28500000
4.28500000
4.28500000
4.28500000
4.28500000
4.10000000
4.10000000
4.10000000
4.10000000
4.05500000
4.05500000
4.05500000
4.05500000
3.96000000
3.96000000
3.96000000
3.96000000
3.80500000
3.80500000
3.80500000
3.80500000
3.76000000
3.76000000
3.76000000
3.76000000
3.61500000
3.61500000
3.61500000
3.61500000
3.60000000
3.60000000
3.60000000
3.60000000
3.46000000
3.46000000
3.46000000
3.46000000
3.40000000
3.40000000
3.40000000
3.40000000
3.28000000
3.28000000
3.28000000
3.28000000
3.06000000
3.06000000
3.06000000
3.06000000
2.85000000
2.85000000
2.85000000
2.85000000
2.82500000
2.82500000
2.82500000
2.82500000
2.80500000
2.80500000
2.80500000
2.80500000
2.77000000
2.77000000
2.77000000
2.77000000
2.76000000
2.76000000
2.76000000
2.76000000
2.74000000
2.74000000
2.74000000
2.74000000
2.72500000
2.72500000
2.72500000
2.72500000
2.72500000
2.72500000
2.72500000
2.72500000
2.63500000
2.63500000
2.63500000
2.63500000
2.63000000
2.63000000
2.63000000
2.63000000
2.60000000
2.60000000
2.60000000
2.60000000
2.49000000
2.49000000
2.49000000
2.49000000
2.40500000
2.40500000
2.40500000
2.40500000
2.39500000
2.39500000
2.39500000
2.39500000
2.37500000
2.37500000
2.37500000
2.37500000
2.37000000
2.37000000
2.37000000
2.37000000
2.30500000
2.30500000
2.30500000
2.30500000
2.11000000
2.11000000
2.11000000
2.11000000
2.11000000
2.11000000
2.11000000
2.11000000
1.96500000
1.96500000
1.96500000
1.96500000
1.87500000
1.87500000
1.87500000
1.87500000
1.83000000
1.83000000
1.83000000
1.83000000
1.81000000
1.81000000
1.81000000
1.81000000
1.80000000
1.80000000
1.80000000
1.80000000
1.75000000
1.75000000
1.75000000
1.75000000
1.74000000
1.74000000
1.74000000
1.74000000
1.70000000
1.70000000
1.70000000
1.70000000
1.55000000
1.55000000
1.55000000
1.55000000
1.41000000
1.41000000
1.41000000
1.41000000
1.31500000
1.31500000
1.31500000
1.31500000
1.31500000
1.31500000
1.31500000
1.31500000
1.01000000
1.01000000
1.01000000
1.01000000
0.92000000
0.92000000
0.92000000
0.92000000
0.82500000
0.82500000
0.82500000
0.82500000
0.69000000
0.69000000
0.69000000
0.69000000
0.65000000
0.65000000
0.65000000
0.65000000
0.62000000
0.62000000
0.62000000
0.62000000
0.61000000
0.61000000
0.61000000
0.61000000
0.55500000
0.55500000
0.55500000
0.55500000
0.44500000
0.44500000
0.44500000
0.44500000
0.44000000
0.44000000
0.44000000
0.44000000
0.31500000
0.31500000
0.31500000
0.31500000
0.28000000
0.28000000
0.28000000
0.28000000
0.22500000
0.22500000
0.22500000
0.22500000
0.10500000
0.10500000
0.10500000
0.10500000
0.10500000
0.10500000
0.10500000
0.10500000
0.08500000
0.08500000
0.08500000
0.08500000
