5.89500000
3.39500000
2.13500000
6.04000000
6.18500000
0.27500000
1.16000000
3.07500000
3.18500000
0.89000000
3.73500000
5.16000000
4.71000000
2.44500000
3.95000000
6.01000000
1.25500000
0.44000000
1.65000000
2.08500000
5.15500000
5.88000000
5.09000000
1.88500000
5.82000000
3.06000000
2.44500000
5.01000000
6.01500000
5.18000000
0.94500000
4.62000000
5.40000000
2.97000000
2.64000000
5.98000000
4.79000000
5.20500000
5.62500000
2.96500000
0.95500000
5.81000000
5.34000000
1.65000000
3.09500000
6.12500000
2.82500000
3.61500000
0.61500000
0.09000000
2.73000000
2.14500000
2.74000000
2.21000000
5.53500000
4.62000000
2.30000000
0.98500000
6.07000000
3.79500000
0.56000000
4.29500000
5.47500000
2.71000000
5.59000000
0.44000000
6.25000000
0.65000000
1.02500000
2.16500000
5.42000000
4.14000000
2.03500000
0.16500000
5.13500000
2.07500000
4.97000000
0.17500000
5.37500000
1.34500000
3.06000000
4.09500000
1.74500000
3.10500000
4.99000000
0.42000000
3.16000000
2.93500000
0.78000000
4.39000000
4.43500000
2.70500000
3.93500000
4.66000000
3.14000000
5.09000000
5.17000000
0.32000000
5.02500000
0.77500000
5.02500000
5.01000000
4.99000000
4.97000000
4.79000000
4.71000000
4.66000000
4.62000000
4.62000000
4.43500000
4.39000000
4.29500000
4.14000000
4.09500000
3.95000000
3.93500000
3.79500000
3.73500000
3.61500000
3.39500000
3.18500000
3.16000000
3.14000000
3.10500000
3.09500000
3.07500000
3.06000000
3.06000000
2.97000000
2.96500000
2.93500000
2.82500000
2.74000000
2.73000000
2.71000000
2.70500000
2.64000000
2.44500000
2.44500000
2.30000000
2.21000000
2.16500000
2.14500000
2.13500000
2.08500000
2.07500000
2.03500000
1.88500000
1.74500000
1.65000000
1.65000000
1.34500000
1.25500000
1.16000000
1.02500000
0.98500000
0.95500000
0.94500000
0.89000000
0.78000000
0.77500000
0.65000000
0.61500000
0.56000000
0.44000000
0.44000000
0.42000000
0.32000000
0.27500000
0.17500000
0.16500000
0.09000000
6.25000000
6.18500000
6.12500000
6.07000000
6.04000000
6.01500000
6.01000000
5.98000000
5.89500000
5.88000000
5.82000000
5.81000000
5.62500000
5.59000000
5.53500000
5.47500000
5.42000000
5.40000000
5.37500000
5.34000000
5.20500000
5.18000000
5.17000000
5.16000000
5.15500000
5.13500000
5.09000000
5.09000000
5.02500000
5.02500000
5.01000000
5.01000000
4.99000000
4.99000000
4.97000000
4.97000000
4.79000000
4.79000000
4.71000000
4.71000000
4.66000000
4.66000000
4.62000000
4.62000000
4.62000000
4.62000000
4.43500000
4.43500000
4.39000000
4.39000000
4.29500000
4.29500000
4.14000000
4.14000000
4.09500000
4.09500000
3.95000000
3.95000000
3.93500000
3.93500000
3.79500000
3.79500000
3.73500000
3.73500000
3.61500000
3.61500000
3.39500000
3.39500000
3.18500000
3.18500000
3.16000000
3.16000000
3.14000000
3.14000000
3.10500000
3.10500000
3.09500000
3.09500000
3.07500000
3.07500000
3.06000000
3.06000000
3.06000000
3.06000000
2.97000000
2.97000000
2.96500000
2.96500000
2.93500000
2.93500000
2.82500000
2.82500000
2.74000000
2.74000000
2.73000000
2.73000000
2.71000000
2.71000000
2.70500000
2.70500000
2.64000000
2.64000000
2.44500000
2.44500000
2.44500000
2.44500000
2.30000000
2.30000000
2.21000000
2.21000000
2.16500000
2.16500000
2.14500000
2.14500000
2.13500000
2.13500000
2.08500000
2.08500000
2.07500000
2.07500000
2.03500000
2.03500000
1.88500000
1.88500000
1.74500000
1.74500000
1.65000000
1.65000000
1.65000000
1.65000000
1.34500000
1.34500000
1.25500000
1.25500000
1.16000000
1.16000000
1.02500000
1.02500000
0.98500000
0.98500000
0.95500000
0.95500000
0.94500000
0.94500000
0.89000000
0.89000000
0.78000000
0.78000000
0.77500000
0.77500000
0.65000000
0.65000000
0.61500000
0.61500000
0.56000000
0.56000000
0.44000000
0.44000000
0.44000000
0.44000000
0.42000000
0.42000000
0.32000000
0.32000000
0.27500000
0.27500000
0.17500000
0.17500000
0.16500000
0.16500000
0.09000000
0.09000000
