3.59500000
1.09500000
6.12000000
3.74000000
3.88500000
4.26000000
5.14500000
0.77500000
0.88500000
4.87500000
1.43500000
2.86000000
2.41000000
0.14500000
1.65000000
3.71000000
5.24000000
4.42500000
5.63500000
6.07000000
2.85500000
3.58000000
2.79000000
5.87000000
3.52000000
0.76000000
0.14500000
2.71000000
3.71500000
2.88000000
4.93000000
2.32000000
3.10000000
0.67000000
0.34000000
3.68000000
2.49000000
2.90500000
3.32500000
0.66500000
4.94000000
3.51000000
3.04000000
5.63500000
0.79500000
3.82500000
0.52500000
1.31500000
4.60000000
4.07500000
0.43000000
6.13000000
0.44000000
6.19500000
3.23500000
2.32000000
0.00000000
4.97000000
3.77000000
1.49500000
4.54500000
1.99500000
3.17500000
0.41000000
3.29000000
4.42500000
3.95000000
4.63500000
5.01000000
6.15000000
3.12000000
1.84000000
6.02000000
4.15000000
2.83500000
6.06000000
2.67000000
4.16000000
3.07500000
5.33000000
0.76000000
1.79500000
5.73000000
0.80500000
2.69000000
4.40500000
0.86000000
0.63500000
4.76500000
2.09000000
2.13500000
0.40500000
1.63500000
2.36000000
0.84000000
2.79000000
2.87000000
4.30500000
2.72500000
4.76000000
2.72500000
2.71000000
2.69000000
2.67000000
2.49000000
2.41000000
2.36000000
2.32000000
2.32000000
2.13500000
2.09000000
1.99500000
1.84000000
1.79500000
1.65000000
1.63500000
1.49500000
1.43500000
1.31500000
1.09500000
0.88500000
0.86000000
0.84000000
0.80500000
0.79500000
0.77500000
0.76000000
0.76000000
0.67000000
0.66500000
0.63500000
0.52500000
0.44000000
0.43000000
0.41000000
0.40500000
0.34000000
0.14500000
0.14500000
0.00000000
6.19500000
6.15000000
6.13000000
6.12000000
6.07000000
6.06000000
6.02000000
5.87000000
5.73000000
5.63500000
5.63500000
5.33000000
5.24000000
5.14500000
5.01000000
4.97000000
4.94000000
4.93000000
4.87500000
4.76500000
4.76000000
4.63500000
4.60000000
4.54500000
4.42500000
4.42500000
4.40500000
4.30500000
4.26000000
4.16000000
4.15000000
4.07500000
3.95000000
3.88500000
3.82500000
3.77000000
3.74000000
3.71500000
3.71000000
3.68000000
3.59500000
3.58000000
3.52000000
3.51000000
3.32500000
3.29000000
3.23500000
3.17500000
3.12000000
3.10000000
3.07500000
3.04000000
2.90500000
2.88000000
2.87000000
2.86000000
2.85500000
2.83500000
2.79000000
2.79000000
2.72500000
2.72500000
2.71000000
2.71000000
2.69000000
2.69000000
2.67000000
2.67000000
2.49000000
2.49000000
2.41000000
2.41000000
2.36000000
2.36000000
2.32000000
2.32000000
2.32000000
2.32000000
2.13500000
2.13500000
2.09000000
2.09000000
1.99500000
1.99500000
1.84000000
1.84000000
1.79500000
1.79500000
1.65000000
1.65000000
1.63500000
1.63500000
1.49500000
1.49500000
1.43500000
1.43500000
1.31500000
1.31500000
1.09500000
1.09500000
0.88500000
0.88500000
0.86000000
0.86000000
0.84000000
0.84000000
0.80500000
0.80500000
0.79500000
0.79500000
0.77500000
0.77500000
0.76000000
0.76000000
0.76000000
0.76000000
0.67000000
0.67000000
0.66500000
0.66500000
0.63500000
0.63500000
0.52500000
0.52500000
0.44000000
0.44000000
0.43000000
0.43000000
0.41000000
0.41000000
0.40500000
0.40500000
0.34000000
0.34000000
0.14500000
0.14500000
0.14500000
0.14500000
0.00000000
0.00000000
