5.01000000
2.51000000
1.25000000
5.15500000
5.30000000
5.67500000
0.27500000
2.19000000
2.30000000
0.00500000
2.85000000
4.27500000
3.82500000
1.56000000
3.06500000
5.12500000
0.37000000
5.84000000
0.76500000
1.20000000
4.27000000
4.99500000
4.20500000
1.00000000
4.93500000
2.17500000
1.56000000
4.12500000
5.13000000
4.29500000
0.06000000
3.73500000
4.51500000
2.08500000
1.75500000
5.09500000
3.90500000
4.32000000
4.74000000
2.08000000
0.07000000
4.92500000
4.45500000
0.76500000
2.21000000
5.24000000
1.94000000
2.73000000
6.01500000
5.49000000
1.84500000
1.26000000
1.85500000
1.32500000
4.65000000
3.73500000
1.41500000
0.10000000
5.18500000
2.91000000
5.96000000
3.41000000
4.59000000
1.82500000
4.70500000
5.84000000
5.36500000
6.05000000
0.14000000
1.28000000
4.53500000
3.25500000
1.15000000
5.56500000
4.25000000
1.19000000
4.08500000
5.57500000
4.49000000
0.46000000
2.17500000
3.21000000
0.86000000
2.22000000
4.10500000
5.82000000
2.27500000
2.05000000
6.18000000
3.50500000
3.55000000
1.82000000
3.05000000
3.77500000
2.25500000
4.20500000
4.28500000
5.72000000
4.14000000
6.17500000
4.14000000
4.12500000
4.10500000
4.08500000
3.90500000
3.82500000
3.77500000
3.73500000
3.73500000
3.55000000
3.50500000
3.41000000
3.25500000
3.21000000
3.06500000
3.05000000
2.91000000
2.85000000
2.73000000
2.51000000
2.30000000
2.27500000
2.25500000
2.22000000
2.21000000
2.19000000
2.17500000
2.17500000
2.08500000
2.08000000
2.05000000
1.94000000
1.85500000
1.84500000
1.82500000
1.82000000
1.75500000
1.56000000
1.56000000
1.41500000
1.32500000
1.28000000
1.26000000
1.25000000
1.20000000
1.19000000
1.15000000
1.00000000
0.86000000
0.76500000
0.76500000
0.46000000
0.37000000
0.27500000
0.14000000
0.10000000
0.07000000
0.06000000
0.00500000
6.18000000
6.17500000
6.05000000
6.01500000
5.96000000
5.84000000
5.84000000
5.82000000
5.72000000
5.67500000
5.57500000
5.56500000
5.49000000
5.36500000
5.30000000
5.24000000
5.18500000
5.15500000
5.13000000
5.12500000
5.09500000
5.01000000
4.99500000
4.93500000
4.92500000
4.74000000
4.70500000
4.65000000
4.59000000
4.53500000
4.51500000
4.49000000
4.45500000
4.32000000
4.29500000
4.28500000
4.27500000
4.27000000
4.25000000
4.20500000
4.20500000
4.14000000
4.14000000
4.12500000
4.12500000
4.10500000
4.10500000
4.08500000
4.08500000
3.90500000
3.90500000
3.82500000
3.82500000
3.77500000
3.77500000
3.73500000
3.73500000
3.73500000
3.73500000
3.55000000
3.55000000
3.50500000
3.50500000
3.41000000
3.41000000
3.25500000
3.25500000
3.21000000
3.21000000
3.06500000
3.06500000
3.05000000
3.05000000
2.91000000
2.91000000
2.85000000
2.85000000
2.73000000
2.73000000
2.51000000
2.51000000
2.30000000
2.30000000
2.27500000
2.27500000
2.25500000
2.25500000
2.22000000
2.22000000
2.21000000
2.21000000
2.19000000
2.19000000
2.17500000
2.17500000
2.17500000
2.17500000
2.08500000
2.08500000
2.08000000
2.08000000
2.05000000
2.05000000
1.94000000
1.94000000
1.85500000
1.85500000
1.84500000
1.84500000
1.82500000
1.82500000
1.82000000
1.82000000
1.75500000
1.75500000
1.56000000
1.56000000
1.56000000
1.56000000
1.41500000
1.41500000
1.32500000
1.32500000
1.28000000
1.28000000
1.26000000
1.26000000
1.25000000
1.25000000
1.20000000
1.20000000
1.19000000
1.19000000
1.15000000
1.15000000
1.00000000
1.00000000
0.86000000
0.86000000
0.76500000
0.76500000
0.76500000
0.76500000
0.46000000
0.46000000
0.37000000
0.37000000
0.27500000
0.27500000
0.14000000
0.14000000
0.10000000
0.10000000
0.07000000
0.07000000
0.06000000
0.06000000
0.00500000
0.00500000
6.18000000
6.18000000
6.17500000
6.17500000
6.05000000
6.05000000
6.01500000
6.01500000
5.96000000
5.96000000
5.84000000
5.84000000
5.84000000
5.84000000
5.82000000
5.82000000
5.72000000
5.72000000
5.67500000
5.67500000
5.57500000
5.57500000
5.56500000
5.56500000
5.49000000
5.49000000
5.36500000
5.36500000
5.30000000
5.30000000
5.24000000
5.24000000
5.18500000
5.18500000
5.15500000
5.15500000
5.13000000
5.13000000
5.12500000
5.12500000
5.09500000
5.09500000
5.01000000
5.01000000
4.99500000
4.99500000
4.93500000
4.93500000
4.92500000
4.92500000
4.74000000
4.74000000
4.70500000
4.70500000
4.65000000
4.65000000
4.59000000
4.59000000
4.53500000
4.53500000
4.51500000
4.51500000
4.49000000
4.49000000
4.45500000
4.45500000
4.32000000
4.32000000
4.29500000
4.29500000
4.28500000
4.28500000
4.27500000
4.27500000
4.27000000
4.27000000
4.25000000
4.25000000
4.20500000
4.20500000
4.20500000
4.20500000
4.14000000
4.14000000
4.14000000
4.14000000
4.12500000
4.12500000
4.12500000
4.12500000
4.10500000
4.10500000
4.10500000
4.10500000
4.08500000
4.08500000
4.08500000
4.08500000
3.90500000
3.90500000
3.90500000
3.90500000
3.82500000
3.82500000
3.82500000
3.82500000
3.77500000
3.77500000
3.77500000
3.77500000
3.73500000
3.73500000
3.73500000
3.73500000
3.73500000
3.73500000
3.73500000
3.73500000
3.55000000
3.55000000
3.55000000
3.55000000
3.50500000
3.50500000
3.50500000
3.50500000
3.41000000
3.41000000
3.41000000
3.41000000
3.25500000
3.25500000
3.25500000
3.25500000
3.21000000
3.21000000
3.21000000
3.21000000
3.06500000
3.06500000
3.06500000
3.06500000
3.05000000
3.05000000
3.05000000
3.05000000
2.91000000
2.91000000
2.91000000
2.91000000
2.85000000
2.85000000
2.85000000
2.85000000
2.73000000
2.73000000
2.73000000
2.73000000
2.51000000
2.51000000
2.51000000
2.51000000
2.30000000
2.30000000
2.30000000
2.30000000
2.27500000
2.27500000
2.27500000
2.27500000
2.25500000
2.25500000
2.25500000
2.25500000
2.22000000
2.22000000
2.22000000
2.22000000
2.21000000
2.21000000
2.21000000
2.21000000
2.19000000
2.19000000
2.19000000
2.19000000
2.17500000
2.17500000
2.17500000
2.17500000
2.17500000
2.17500000
2.17500000
2.17500000
2.08500000
2.08500000
2.08500000
2.08500000
2.08000000
2.08000000
2.08000000
2.08000000
2.05000000
2.05000000
2.05000000
2.05000000
1.94000000
1.94000000
1.94000000
1.94000000
1.85500000
1.85500000
1.85500000
1.85500000
1.84500000
1.84500000
1.84500000
1.84500000
1.82500000
1.82500000
1.82500000
1.82500000
1.82000000
1.82000000
1.82000000
1.82000000
1.75500000
1.75500000
1.75500000
1.75500000
1.56000000
1.56000000
1.56000000
1.56000000
1.56000000
1.56000000
1.56000000
1.56000000
1.41500000
1.41500000
1.41500000
1.41500000
1.32500000
1.32500000
1.32500000
1.32500000
1.28000000
1.28000000
1.28000000
1.28000000
1.26000000
1.26000000
1.26000000
1.26000000
1.25000000
1.25000000
1.25000000
1.25000000
1.20000000
1.20000000
1.20000000
1.20000000
1.19000000
1.19000000
1.19000000
1.19000000
1.15000000
1.15000000
1.15000000
1.15000000
1.00000000
1.00000000
1.00000000
1.00000000
0.86000000
0.86000000
0.86000000
0.86000000
0.76500000
0.76500000
0.76500000
0.76500000
0.76500000
0.76500000
0.76500000
0.76500000
0.46000000
0.46000000
0.46000000
0.46000000
0.37000000
0.37000000
0.37000000
0.37000000
0.27500000
0.27500000
0.27500000
0.27500000
0.14000000
0.14000000
0.14000000
0.14000000
0.10000000
0.10000000
0.10000000
0.10000000
0.07000000
0.07000000
0.07000000
0.07000000
0.06000000
0.06000000
0.06000000
0.06000000
0.00500000
0.00500000
0.00500000
0.00500000
