3.46000000
0.96000000
5.98500000
3.60500000
3.75000000
4.12500000
5.01000000
0.64000000
0.75000000
4.74000000
1.30000000
2.72500000
2.27500000
0.01000000
1.51500000
3.57500000
5.10500000
4.29000000
5.50000000
5.93500000
2.72000000
3.44500000
2.65500000
5.73500000
3.38500000
0.62500000
0.01000000
2.57500000
3.58000000
2.74500000
4.79500000
2.18500000
2.96500000
0.53500000
0.20500000
3.54500000
2.35500000
2.77000000
3.19000000
0.53000000
4.80500000
3.37500000
2.90500000
5.50000000
0.66000000
3.69000000
0.39000000
1.18000000
4.46500000
3.94000000
0.29500000
5.99500000
0.30500000
6.06000000
3.10000000
2.18500000
6.15000000
4.83500000
3.63500000
1.36000000
4.41000000
1.86000000
3.04000000
0.27500000
3.15500000
4.29000000
3.81500000
4.50000000
4.87500000
6.01500000
2.98500000
1.70500000
5.88500000
4.01500000
2.70000000
5.92500000
2.53500000
4.02500000
2.94000000
5.19500000
0.62500000
1.66000000
5.59500000
0.67000000
2.55500000
4.27000000
0.72500000
0.50000000
4.63000000
1.95500000
2.00000000
0.27000000
1.50000000
2.22500000
0.70500000
2.65500000
2.73500000
4.17000000
2.59000000
4.62500000
2.59000000
2.57500000
2.55500000
2.53500000
2.35500000
2.27500000
2.22500000
2.18500000
2.18500000
2.00000000
1.95500000
1.86000000
1.70500000
1.66000000
1.51500000
1.50000000
1.36000000
1.30000000
1.18000000
0.96000000
0.75000000
0.72500000
0.70500000
0.67000000
0.66000000
0.64000000
0.62500000
0.62500000
0.53500000
0.53000000
0.50000000
0.39000000
0.30500000
0.29500000
0.27500000
0.27000000
0.20500000
0.01000000
0.01000000
6.15000000
6.06000000
6.01500000
5.99500000
5.98500000
5.93500000
5.92500000
5.88500000
5.73500000
5.59500000
5.50000000
5.50000000
5.19500000
5.10500000
5.01000000
4.87500000
4.83500000
4.80500000
4.79500000
4.74000000
4.63000000
4.62500000
4.50000000
4.46500000
4.41000000
4.29000000
4.29000000
4.27000000
4.17000000
4.12500000
4.02500000
4.01500000
3.94000000
3.81500000
3.75000000
3.69000000
3.63500000
3.60500000
3.58000000
3.57500000
3.54500000
3.46000000
3.44500000
3.38500000
3.37500000
3.19000000
3.15500000
3.10000000
3.04000000
2.98500000
2.96500000
2.94000000
2.90500000
2.77000000
2.74500000
2.73500000
2.72500000
2.72000000
2.70000000
2.65500000
2.65500000
2.59000000
2.59000000
2.57500000
2.57500000
2.55500000
2.55500000
2.53500000
2.53500000
2.35500000
2.35500000
2.27500000
2.27500000
2.22500000
2.22500000
2.18500000
2.18500000
2.18500000
2.18500000
2.00000000
2.00000000
1.95500000
1.95500000
1.86000000
1.86000000
1.70500000
1.70500000
1.66000000
1.66000000
1.51500000
1.51500000
1.50000000
1.50000000
1.36000000
1.36000000
1.30000000
1.30000000
1.18000000
1.18000000
0.96000000
0.96000000
0.75000000
0.75000000
0.72500000
0.72500000
0.70500000
0.70500000
0.67000000
0.67000000
0.66000000
0.66000000
0.64000000
0.64000000
0.62500000
0.62500000
0.62500000
0.62500000
0.53500000
0.53500000
0.53000000
0.53000000
0.50000000
0.50000000
0.39000000
0.39000000
0.30500000
0.30500000
0.29500000
0.29500000
0.27500000
0.27500000
0.27000000
0.27000000
0.20500000
0.20500000
0.01000000
0.01000000
0.01000000
0.01000000
6.15000000
6.15000000
6.06000000
6.06000000
6.01500000
6.01500000
5.99500000
5.99500000
5.98500000
5.98500000
5.93500000
5.93500000
5.92500000
5.92500000
5.88500000
5.88500000
5.73500000
5.73500000
5.59500000
5.59500000
5.50000000
5.50000000
5.50000000
5.50000000
5.19500000
5.19500000
5.10500000
5.10500000
5.01000000
5.01000000
4.87500000
4.87500000
4.83500000
4.83500000
4.80500000
4.80500000
4.79500000
4.79500000
4.74000000
4.74000000
4.63000000
4.63000000
4.62500000
4.62500000
4.50000000
4.50000000
4.46500000
4.46500000
4.41000000
4.41000000
4.29000000
4.29000000
4.29000000
4.29000000
4.27000000
4.27000000
4.17000000
4.17000000
4.12500000
4.12500000
4.02500000
4.02500000
4.01500000
4.01500000
3.94000000
3.94000000
3.81500000
3.81500000
3.75000000
3.75000000
3.69000000
3.69000000
3.63500000
3.63500000
3.60500000
3.60500000
3.58000000
3.58000000
3.57500000
3.57500000
3.54500000
3.54500000
3.46000000
3.46000000
3.44500000
3.44500000
3.38500000
3.38500000
3.37500000
3.37500000
3.19000000
3.19000000
3.15500000
3.15500000
3.10000000
3.10000000
3.04000000
3.04000000
2.98500000
2.98500000
2.96500000
2.96500000
2.94000000
2.94000000
2.90500000
2.90500000
2.77000000
2.77000000
2.74500000
2.74500000
2.73500000
2.73500000
2.72500000
2.72500000
2.72000000
2.72000000
2.70000000
2.70000000
2.65500000
2.65500000
2.65500000
2.65500000
2.59000000
2.59000000
2.59000000
2.59000000
2.57500000
2.57500000
2.57500000
2.57500000
2.55500000
2.55500000
2.55500000
2.55500000
2.53500000
2.53500000
2.53500000
2.53500000
2.35500000
2.35500000
2.35500000
2.35500000
2.27500000
2.27500000
2.27500000
2.27500000
2.22500000
2.22500000
2.22500000
2.22500000
2.18500000
2.18500000
2.18500000
2.18500000
2.18500000
2.18500000
2.18500000
2.18500000
2.00000000
2.00000000
2.00000000
2.00000000
1.95500000
1.95500000
1.95500000
1.95500000
1.86000000
1.86000000
1.86000000
1.86000000
1.70500000
1.70500000
1.70500000
1.70500000
1.66000000
1.66000000
1.66000000
1.66000000
1.51500000
1.51500000
1.51500000
1.51500000
1.50000000
1.50000000
1.50000000
1.50000000
1.36000000
1.36000000
1.36000000
1.36000000
1.30000000
1.30000000
1.30000000
1.30000000
1.18000000
1.18000000
1.18000000
1.18000000
0.96000000
0.96000000
0.96000000
0.96000000
0.75000000
0.75000000
0.75000000
0.75000000
0.72500000
0.72500000
0.72500000
0.72500000
0.70500000
0.70500000
0.70500000
0.70500000
0.67000000
0.67000000
0.67000000
0.67000000
0.66000000
0.66000000
0.66000000
0.66000000
0.64000000
0.64000000
0.64000000
0.64000000
0.62500000
0.62500000
0.62500000
0.62500000
0.62500000
0.62500000
0.62500000
0.62500000
0.53500000
0.53500000
0.53500000
0.53500000
0.53000000
0.53000000
0.53000000
0.53000000
0.50000000
0.50000000
0.50000000
0.50000000
0.39000000
0.39000000
0.39000000
0.39000000
0.30500000
0.30500000
0.30500000
0.30500000
0.29500000
0.29500000
0.29500000
0.29500000
0.27500000
0.27500000
0.27500000
0.27500000
0.27000000
0.27000000
0.27000000
0.27000000
0.20500000
0.20500000
0.20500000
0.20500000
0.01000000
0.01000000
0.01000000
0.01000000
0.01000000
0.01000000
0.01000000
0.01000000
