2.47500000
6.26000000
5.00000000
2.62000000
2.76500000
3.14000000
4.02500000
5.94000000
6.05000000
3.75500000
0.31500000
1.74000000
1.29000000
5.31000000
0.53000000
2.59000000
4.12000000
3.30500000
4.51500000
4.95000000
1.73500000
2.46000000
1.67000000
4.75000000
2.40000000
5.92500000
5.31000000
1.59000000
2.59500000
1.76000000
3.81000000
1.20000000
1.98000000
5.83500000
5.50500000
2.56000000
1.37000000
1.78500000
2.20500000
5.83000000
3.82000000
2.39000000
1.92000000
4.51500000
5.96000000
2.70500000
5.69000000
0.19500000
3.48000000
2.95500000
5.59500000
5.01000000
5.60500000
5.07500000
2.11500000
1.20000000
5.16500000
3.85000000
2.65000000
0.37500000
3.42500000
0.87500000
2.05500000
5.57500000
2.17000000
3.30500000
2.83000000
3.51500000
3.89000000
5.03000000
2.00000000
0.72000000
4.90000000
3.03000000
1.71500000
4.94000000
1.55000000
3.04000000
1.95500000
4.21000000
5.92500000
0.67500000
4.61000000
5.97000000
1.57000000
3.28500000
6.02500000
5.80000000
3.64500000
0.97000000
1.01500000
5.57000000
0.51500000
1.24000000
6.00500000
1.67000000
1.75000000
3.18500000
1.60500000
3.64000000
1.60500000
1.59000000
1.57000000
1.55000000
1.37000000
1.29000000
1.24000000
1.20000000
1.20000000
1.01500000
0.97000000
0.87500000
0.72000000
0.67500000
0.53000000
0.51500000
0.37500000
0.31500000
0.19500000
6.26000000
6.05000000
6.02500000
6.00500000
5.97000000
5.96000000
5.94000000
5.92500000
5.92500000
5.83500000
5.83000000
5.80000000
5.69000000
5.60500000
5.59500000
5.57500000
5.57000000
5.50500000
5.31000000
5.31000000
5.16500000
5.07500000
5.03000000
5.01000000
5.00000000
4.95000000
4.94000000
4.90000000
4.75000000
4.61000000
4.51500000
4.51500000
4.21000000
4.12000000
4.02500000
3.89000000
3.85000000
3.82000000
3.81000000
3.75500000
3.64500000
3.64000000
3.51500000
3.48000000
3.42500000
3.30500000
3.30500000
3.28500000
3.18500000
3.14000000
3.04000000
3.03000000
2.95500000
2.83000000
2.76500000
2.70500000
2.65000000
2.62000000
2.59500000
2.59000000
2.56000000
2.47500000
2.46000000
2.40000000
2.39000000
2.20500000
2.17000000
2.11500000
2.05500000
2.00000000
1.98000000
1.95500000
1.92000000
1.78500000
1.76000000
1.75000000
1.74000000
1.73500000
1.71500000
1.67000000
1.67000000
1.60500000
1.60500000
1.59000000
1.59000000
1.57000000
1.57000000
1.55000000
1.55000000
1.37000000
1.37000000
1.29000000
1.29000000
1.24000000
1.24000000
1.20000000
1.20000000
1.20000000
1.20000000
1.01500000
1.01500000
0.97000000
0.97000000
0.87500000
0.87500000
0.72000000
0.72000000
0.67500000
0.67500000
0.53000000
0.53000000
0.51500000
0.51500000
0.37500000
0.37500000
0.31500000
0.31500000
0.19500000
0.19500000
6.26000000
6.26000000
6.05000000
6.05000000
6.02500000
6.02500000
6.00500000
6.00500000
5.97000000
5.97000000
5.96000000
5.96000000
5.94000000
5.94000000
5.92500000
5.92500000
5.92500000
5.92500000
5.83500000
5.83500000
5.83000000
5.83000000
5.80000000
5.80000000
5.69000000
5.69000000
5.60500000
5.60500000
5.59500000
5.59500000
5.57500000
5.57500000
5.57000000
5.57000000
5.50500000
5.50500000
5.31000000
5.31000000
5.31000000
5.31000000
5.16500000
5.16500000
5.07500000
5.07500000
5.03000000
5.03000000
5.01000000
5.01000000
5.00000000
5.00000000
4.95000000
4.95000000
4.94000000
4.94000000
4.90000000
4.90000000
4.75000000
4.75000000
4.61000000
4.61000000
4.51500000
4.51500000
4.51500000
4.51500000
4.21000000
4.21000000
4.12000000
4.12000000
4.02500000
4.02500000
3.89000000
3.89000000
3.85000000
3.85000000
3.82000000
3.82000000
3.81000000
3.81000000
3.75500000
3.75500000
3.64500000
3.64500000
3.64000000
3.64000000
3.51500000
3.51500000
3.48000000
3.48000000
3.42500000
3.42500000
3.30500000
3.30500000
3.30500000
3.30500000
3.28500000
3.28500000
3.18500000
3.18500000
3.14000000
3.14000000
3.04000000
3.04000000
3.03000000
3.03000000
2.95500000
2.95500000
2.83000000
2.83000000
2.76500000
2.76500000
2.70500000
2.70500000
2.65000000
2.65000000
2.62000000
2.62000000
2.59500000
2.59500000
2.59000000
2.59000000
2.56000000
2.56000000
2.47500000
2.47500000
2.46000000
2.46000000
2.40000000
2.40000000
2.39000000
2.39000000
2.20500000
2.20500000
2.17000000
2.17000000
2.11500000
2.11500000
2.05500000
2.05500000
2.00000000
2.00000000
1.98000000
1.98000000
1.95500000
1.95500000
1.92000000
1.92000000
1.78500000
1.78500000
1.76000000
1.76000000
1.75000000
1.75000000
1.74000000
1.74000000
1.73500000
1.73500000
1.71500000
1.71500000
1.67000000
1.67000000
1.67000000
1.67000000
1.60500000
1.60500000
1.60500000
1.60500000
1.59000000
1.59000000
1.59000000
1.59000000
1.57000000
1.57000000
1.57000000
1.57000000
1.55000000
1.55000000
1.55000000
1.55000000
1.37000000
1.37000000
1.37000000
1.37000000
1.29000000
1.29000000
1.29000000
1.29000000
1.24000000
1.24000000
1.24000000
1.24000000
1.20000000
1.20000000
1.20000000
1.20000000
1.20000000
1.20000000
1.20000000
1.20000000
1.01500000
1.01500000
1.01500000
1.01500000
0.97000000
0.97000000
0.97000000
0.97000000
0.87500000
0.87500000
0.87500000
0.87500000
0.72000000
0.72000000
0.72000000
0.72000000
0.67500000
0.67500000
0.67500000
0.67500000
0.53000000
0.53000000
0.53000000
0.53000000
0.51500000
0.51500000
0.51500000
0.51500000
0.37500000
0.37500000
0.37500000
0.37500000
0.31500000
0.31500000
0.31500000
0.31500000
0.19500000
0.19500000
0.19500000
0.19500000
6.26000000
6.26000000
6.26000000
6.26000000
6.05000000
6.05000000
6.05000000
6.05000000
6.02500000
6.02500000
6.02500000
6.02500000
6.00500000
6.00500000
6.00500000
6.00500000
5.97000000
5.97000000
5.97000000
5.97000000
5.96000000
5.96000000
5.96000000
5.96000000
5.94000000
5.94000000
5.94000000
5.94000000
5.92500000
5.92500000
5.92500000
5.92500000
5.92500000
5.92500000
5.92500000
5.92500000
5.83500000
5.83500000
5.83500000
5.83500000
5.83000000
5.83000000
5.83000000
5.83000000
5.80000000
5.80000000
5.80000000
5.80000000
5.69000000
5.69000000
5.69000000
5.69000000
5.60500000
5.60500000
5.60500000
5.60500000
5.59500000
5.59500000
5.59500000
5.59500000
5.57500000
5.57500000
5.57500000
5.57500000
5.57000000
5.57000000
5.57000000
5.57000000
5.50500000
5.50500000
5.50500000
5.50500000
5.31000000
5.31000000
5.31000000
5.31000000
5.31000000
5.31000000
5.31000000
5.31000000
5.16500000
5.16500000
5.16500000
5.16500000
5.07500000
5.07500000
5.07500000
5.07500000
5.03000000
5.03000000
5.03000000
5.03000000
5.01000000
5.01000000
5.01000000
5.01000000
5.00000000
5.00000000
5.00000000
5.00000000
4.95000000
4.95000000
4.95000000
4.95000000
4.94000000
4.94000000
4.94000000
4.94000000
4.90000000
4.90000000
4.90000000
4.90000000
4.75000000
4.75000000
4.75000000
4.75000000
4.61000000
4.61000000
4.61000000
4.61000000
4.51500000
4.51500000
4.51500000
4.51500000
4.51500000
4.51500000
4.51500000
4.51500000
4.21000000
4.21000000
4.21000000
4.21000000
4.12000000
4.12000000
4.12000000
4.12000000
4.02500000
4.02500000
4.02500000
4.02500000
3.89000000
3.89000000
3.89000000
3.89000000
3.85000000
3.85000000
3.85000000
3.85000000
3.82000000
3.82000000
3.82000000
3.82000000
3.81000000
3.81000000
3.81000000
3.81000000
3.75500000
3.75500000
3.75500000
3.75500000
3.64500000
3.64500000
3.64500000
3.64500000
3.64000000
3.64000000
3.64000000
3.64000000
3.51500000
3.51500000
3.51500000
3.51500000
3.48000000
3.48000000
3.48000000
3.48000000
3.42500000
3.42500000
3.42500000
3.42500000
3.30500000
3.30500000
3.30500000
3.30500000
3.30500000
3.30500000
3.30500000
3.30500000
3.28500000
3.28500000
3.28500000
3.28500000
3.18500000
3.18500000
3.18500000
3.18500000
3.14000000
3.14000000
3.14000000
3.14000000
3.04000000
3.04000000
3.04000000
3.04000000
3.03000000
3.03000000
3.03000000
3.03000000
2.95500000
2.95500000
2.95500000
2.95500000
2.83000000
2.83000000
2.83000000
2.83000000
2.76500000
2.76500000
2.76500000
2.76500000
2.70500000
2.70500000
2.70500000
2.70500000
2.65000000
2.65000000
2.65000000
2.65000000
2.62000000
2.62000000
2.62000000
2.62000000
2.59500000
2.59500000
2.59500000
2.59500000
2.59000000
2.59000000
2.59000000
2.59000000
2.56000000
2.56000000
2.56000000
2.56000000
2.47500000
2.47500000
2.47500000
2.47500000
2.46000000
2.46000000
2.46000000
2.46000000
2.40000000
2.40000000
2.40000000
2.40000000
2.39000000
2.39000000
2.39000000
2.39000000
2.20500000
2.20500000
2.20500000
2.20500000
2.17000000
2.17000000
2.17000000
2.17000000
2.11500000
2.11500000
2.11500000
2.11500000
2.05500000
2.05500000
2.05500000
2.05500000
2.00000000
2.00000000
2.00000000
2.00000000
1.98000000
1.98000000
1.98000000
1.98000000
1.95500000
1.95500000
1.95500000
1.95500000
1.92000000
1.92000000
1.92000000
1.92000000
1.78500000
1.78500000
1.78500000
1.78500000
1.76000000
1.76000000
1.76000000
1.76000000
1.75000000
1.75000000
1.75000000
1.75000000
1.74000000
1.74000000
1.74000000
1.74000000
1.73500000
1.73500000
1.73500000
1.73500000
1.71500000
1.71500000
1.71500000
1.71500000
1.67000000
1.67000000
1.67000000
1.67000000
1.67000000
1.67000000
1.67000000
1.67000000
1.60500000
1.60500000
1.60500000
1.60500000
1.60500000
1.60500000
1.60500000
1.60500000
1.59000000
1.59000000
1.59000000
1.59000000
1.59000000
1.59000000
1.59000000
1.59000000
1.57000000
1.57000000
1.57000000
1.57000000
1.57000000
1.57000000
1.57000000
1.57000000
1.55000000
1.55000000
1.55000000
1.55000000
1.55000000
1.55000000
1.55000000
1.55000000
1.37000000
1.37000000
1.37000000
1.37000000
1.37000000
1.37000000
1.37000000
1.37000000
1.29000000
1.29000000
1.29000000
1.29000000
1.29000000
1.29000000
1.29000000
1.29000000
1.24000000
1.24000000
1.24000000
1.24000000
1.24000000
1.24000000
1.24000000
1.24000000
1.20000000
1.20000000
1.20000000
1.20000000
1.20000000
1.20000000
1.20000000
1.20000000
1.20000000
1.20000000
1.20000000
1.20000000
1.20000000
1.20000000
1.20000000
1.20000000
1.01500000
1.01500000
1.01500000
1.01500000
1.01500000
1.01500000
1.01500000
1.01500000
0.97000000
0.97000000
0.97000000
0.97000000
0.97000000
0.97000000
0.97000000
0.97000000
0.87500000
0.87500000
0.87500000
0.87500000
0.87500000
0.87500000
0.87500000
0.87500000
0.72000000
0.72000000
0.72000000
0.72000000
0.72000000
0.72000000
0.72000000
0.72000000
0.67500000
0.67500000
0.67500000
0.67500000
0.67500000
0.67500000
0.67500000
0.67500000
0.53000000
0.53000000
0.53000000
0.53000000
0.53000000
0.53000000
0.53000000
0.53000000
0.51500000
0.51500000
0.51500000
0.51500000
0.51500000
0.51500000
0.51500000
0.51500000
0.37500000
0.37500000
0.37500000
0.37500000
0.37500000
0.37500000
0.37500000
0.37500000
0.31500000
0.31500000
0.31500000
0.31500000
0.31500000
0.31500000
0.31500000
0.31500000
0.19500000
0.19500000
0.19500000
0.19500000
0.19500000
0.19500000
0.19500000
0.19500000
