0.26000000
4.04500000
2.78500000
0.40500000
0.55000000
0.92500000
1.81000000
3.72500000
3.83500000
1.54000000
4.38500000
5.81000000
5.36000000
3.09500000
4.60000000
0.37500000
1.90500000
1.09000000
2.30000000
2.73500000
5.80500000
0.24500000
5.74000000
2.53500000
0.18500000
3.71000000
3.09500000
5.66000000
0.38000000
5.83000000
1.59500000
5.27000000
6.05000000
3.62000000
3.29000000
0.34500000
5.44000000
5.85500000
6.27500000
3.61500000
1.60500000
0.17500000
5.99000000
2.30000000
3.74500000
0.49000000
3.47500000
4.26500000
1.26500000
0.74000000
3.38000000
2.79500000
3.39000000
2.86000000
6.18500000
5.27000000
2.95000000
1.63500000
0.43500000
4.44500000
1.21000000
4.94500000
6.12500000
3.36000000
6.24000000
1.09000000
0.61500000
1.30000000
1.67500000
2.81500000
6.07000000
4.79000000
2.68500000
0.81500000
5.78500000
2.72500000
5.62000000
0.82500000
6.02500000
1.99500000
3.71000000
4.74500000
2.39500000
3.75500000
5.64000000
1.07000000
3.81000000
3.58500000
1.43000000
5.04000000
5.08500000
3.35500000
4.58500000
5.31000000
3.79000000
5.74000000
5.82000000
0.97000000
5.67500000
1.42500000
5.67500000
5.66000000
5.64000000
5.62000000
5.44000000
5.36000000
5.31000000
5.27000000
5.27000000
5.08500000
5.04000000
4.94500000
4.79000000
4.74500000
4.60000000
4.58500000
4.44500000
4.38500000
4.26500000
4.04500000
3.83500000
3.81000000
3.79000000
3.75500000
3.74500000
3.72500000
3.71000000
3.71000000
3.62000000
3.61500000
3.58500000
3.47500000
3.39000000
3.38000000
3.36000000
3.35500000
3.29000000
3.09500000
3.09500000
2.95000000
2.86000000
2.81500000
2.79500000
2.78500000
2.73500000
2.72500000
2.68500000
2.53500000
2.39500000
2.30000000
2.30000000
1.99500000
1.90500000
1.81000000
1.67500000
1.63500000
1.60500000
1.59500000
1.54000000
1.43000000
1.42500000
1.30000000
1.26500000
1.21000000
1.09000000
1.09000000
1.07000000
0.97000000
0.92500000
0.82500000
0.81500000
0.74000000
0.61500000
0.55000000
0.49000000
0.43500000
0.40500000
0.38000000
0.37500000
0.34500000
0.26000000
0.24500000
0.18500000
0.17500000
6.27500000
6.24000000
6.18500000
6.12500000
6.07000000
6.05000000
6.02500000
5.99000000
5.85500000
5.83000000
5.82000000
5.81000000
5.80500000
5.78500000
5.74000000
5.74000000
5.67500000
5.67500000
5.66000000
5.66000000
5.64000000
5.64000000
5.62000000
5.62000000
5.44000000
5.44000000
5.36000000
5.36000000
5.31000000
5.31000000
5.27000000
5.27000000
5.27000000
5.27000000
5.08500000
5.08500000
5.04000000
5.04000000
4.94500000
4.94500000
4.79000000
4.79000000
4.74500000
4.74500000
4.60000000
4.60000000
4.58500000
4.58500000
4.44500000
4.44500000
4.38500000
4.38500000
4.26500000
4.26500000
4.04500000
4.04500000
3.83500000
3.83500000
3.81000000
3.81000000
3.79000000
3.79000000
3.75500000
3.75500000
3.74500000
3.74500000
3.72500000
3.72500000
3.71000000
3.71000000
3.71000000
3.71000000
3.62000000
3.62000000
3.61500000
3.61500000
3.58500000
3.58500000
3.47500000
3.47500000
3.39000000
3.39000000
3.38000000
3.38000000
3.36000000
3.36000000
3.35500000
3.35500000
3.29000000
3.29000000
3.09500000
3.09500000
3.09500000
3.09500000
2.95000000
2.95000000
2.86000000
2.86000000
2.81500000
2.81500000
2.79500000
2.79500000
2.78500000
2.78500000
2.73500000
2.73500000
2.72500000
2.72500000
2.68500000
2.68500000
2.53500000
2.53500000
2.39500000
2.39500000
2.30000000
2.30000000
2.30000000
2.30000000
1.99500000
1.99500000
1.90500000
1.90500000
1.81000000
1.81000000
1.67500000
1.67500000
1.63500000
1.63500000
1.60500000
1.60500000
1.59500000
1.59500000
1.54000000
1.54000000
1.43000000
1.43000000
1.42500000
1.42500000
1.30000000
1.30000000
1.26500000
1.26500000
1.21000000
1.21000000
1.09000000
1.09000000
1.09000000
1.09000000
1.07000000
1.07000000
0.97000000
0.97000000
0.92500000
0.92500000
0.82500000
0.82500000
0.81500000
0.81500000
0.74000000
0.74000000
0.61500000
0.61500000
0.55000000
0.55000000
0.49000000
0.49000000
0.43500000
0.43500000
0.40500000
0.40500000
0.38000000
0.38000000
0.37500000
0.37500000
0.34500000
0.34500000
0.26000000
0.26000000
0.24500000
0.24500000
0.18500000
0.18500000
0.17500000
0.17500000
