1.46000000
5.24500000
3.98500000
1.60500000
1.75000000
2.12500000
3.01000000
4.92500000
5.03500000
2.74000000
5.58500000
0.72500000
0.27500000
4.29500000
5.80000000
1.57500000
3.10500000
2.29000000
3.50000000
3.93500000
0.72000000
1.44500000
0.65500000
3.73500000
1.38500000
4.91000000
4.29500000
0.57500000
1.58000000
0.74500000
2.79500000
0.18500000
0.96500000
4.82000000
4.49000000
1.54500000
0.35500000
0.77000000
1.19000000
4.81500000
2.80500000
1.37500000
0.90500000
3.50000000
4.94500000
1.69000000
4.67500000
5.46500000
2.46500000
1.94000000
4.58000000
3.99500000
4.59000000
4.06000000
1.10000000
0.18500000
4.15000000
2.83500000
1.63500000
5.64500000
2.41000000
6.14500000
1.04000000
4.56000000
1.15500000
2.29000000
1.81500000
2.50000000
2.87500000
4.01500000
0.98500000
5.99000000
3.88500000
2.01500000
0.70000000
3.92500000
0.53500000
2.02500000
0.94000000
3.19500000
4.91000000
5.94500000
3.59500000
4.95500000
0.55500000
2.27000000
5.01000000
4.78500000
2.63000000
6.24000000
0.00000000
4.55500000
5.78500000
0.22500000
4.99000000
0.65500000
0.73500000
2.17000000
0.59000000
2.62500000
0.59000000
0.57500000
0.55500000
0.53500000
0.35500000
0.27500000
0.22500000
0.18500000
0.18500000
0.00000000
6.24000000
6.14500000
5.99000000
5.94500000
5.80000000
5.78500000
5.64500000
5.58500000
5.46500000
5.24500000
5.03500000
5.01000000
4.99000000
4.95500000
4.94500000
4.92500000
4.91000000
4.91000000
4.82000000
4.81500000
4.78500000
4.67500000
4.59000000
4.58000000
4.56000000
4.55500000
4.49000000
4.29500000
4.29500000
4.15000000
4.06000000
4.01500000
3.99500000
3.98500000
3.93500000
3.92500000
3.88500000
3.73500000
3.59500000
3.50000000
3.50000000
3.19500000
3.10500000
3.01000000
2.87500000
2.83500000
2.80500000
2.79500000
2.74000000
2.63000000
2.62500000
2.50000000
2.46500000
2.41000000
2.29000000
2.29000000
2.27000000
2.17000000
2.12500000
2.02500000
2.01500000
1.94000000
1.81500000
1.75000000
1.69000000
1.63500000
1.60500000
1.58000000
1.57500000
1.54500000
1.46000000
1.44500000
1.38500000
1.37500000
1.19000000
1.15500000
1.10000000
1.04000000
0.98500000
0.96500000
0.94000000
0.90500000
0.77000000
0.74500000
0.73500000
0.72500000
0.72000000
0.70000000
0.65500000
0.65500000
0.59000000
0.59000000
0.57500000
0.57500000
0.55500000
0.55500000
0.53500000
0.53500000
0.35500000
0.35500000
0.27500000
0.27500000
0.22500000
0.22500000
0.18500000
0.18500000
0.18500000
0.18500000
0.00000000
0.00000000
6.24000000
6.24000000
6.14500000
6.14500000
5.99000000
5.99000000
5.94500000
5.94500000
5.80000000
5.80000000
5.78500000
5.78500000
5.64500000
5.64500000
5.58500000
5.58500000
5.46500000
5.46500000
5.24500000
5.24500000
5.03500000
5.03500000
5.01000000
5.01000000
4.99000000
4.99000000
4.95500000
4.95500000
4.94500000
4.94500000
4.92500000
4.92500000
4.91000000
4.91000000
4.91000000
4.91000000
4.82000000
4.82000000
4.81500000
4.81500000
4.78500000
4.78500000
4.67500000
4.67500000
4.59000000
4.59000000
4.58000000
4.58000000
4.56000000
4.56000000
4.55500000
4.55500000
4.49000000
4.49000000
4.29500000
4.29500000
4.29500000
4.29500000
4.15000000
4.15000000
4.06000000
4.06000000
4.01500000
4.01500000
3.99500000
3.99500000
3.98500000
3.98500000
3.93500000
3.93500000
3.92500000
3.92500000
3.88500000
3.88500000
3.73500000
3.73500000
3.59500000
3.59500000
3.50000000
3.50000000
3.50000000
3.50000000
3.19500000
3.19500000
3.10500000
3.10500000
3.01000000
3.01000000
2.87500000
2.87500000
2.83500000
2.83500000
2.80500000
2.80500000
2.79500000
2.79500000
2.74000000
2.74000000
2.63000000
2.63000000
2.62500000
2.62500000
2.50000000
2.50000000
2.46500000
2.46500000
2.41000000
2.41000000
2.29000000
2.29000000
2.29000000
2.29000000
2.27000000
2.27000000
2.17000000
2.17000000
2.12500000
2.12500000
2.02500000
2.02500000
2.01500000
2.01500000
1.94000000
1.94000000
1.81500000
1.81500000
1.75000000
1.75000000
1.69000000
1.69000000
1.63500000
1.63500000
1.60500000
1.60500000
1.58000000
1.58000000
1.57500000
1.57500000
1.54500000
1.54500000
1.46000000
1.46000000
1.44500000
1.44500000
1.38500000
1.38500000
1.37500000
1.37500000
1.19000000
1.19000000
1.15500000
1.15500000
1.10000000
1.10000000
1.04000000
1.04000000
0.98500000
0.98500000
0.96500000
0.96500000
0.94000000
0.94000000
0.90500000
0.90500000
0.77000000
0.77000000
0.74500000
0.74500000
0.73500000
0.73500000
0.72500000
0.72500000
0.72000000
0.72000000
0.70000000
0.70000000
0.65500000
0.65500000
0.65500000
0.65500000
0.59000000
0.59000000
0.59000000
0.59000000
0.57500000
0.57500000
0.57500000
0.57500000
0.55500000
0.55500000
0.55500000
0.55500000
0.53500000
0.53500000
0.53500000
0.53500000
0.35500000
0.35500000
0.35500000
0.35500000
0.27500000
0.27500000
0.27500000
0.27500000
0.22500000
0.22500000
0.22500000
0.22500000
0.18500000
0.18500000
0.18500000
0.18500000
0.18500000
0.18500000
0.18500000
0.18500000
0.00000000
0.00000000
0.00000000
0.00000000
