5.09500000
2.59500000
1.33500000
5.24000000
5.38500000
5.76000000
0.36000000
2.27500000
2.38500000
0.09000000
2.93500000
4.36000000
3.91000000
1.64500000
3.15000000
5.21000000
0.45500000
5.92500000
0.85000000
1.28500000
4.35500000
5.08000000
4.29000000
1.08500000
5.02000000
2.26000000
1.64500000
4.21000000
5.21500000
4.38000000
0.14500000
3.82000000
4.60000000
2.17000000
1.84000000
5.18000000
3.99000000
4.40500000
4.82500000
2.16500000
0.15500000
5.01000000
4.54000000
0.85000000
2.29500000
5.32500000
2.02500000
2.81500000
6.10000000
5.57500000
1.93000000
1.34500000
1.94000000
1.41000000
4.73500000
3.82000000
1.50000000
0.18500000
5.27000000
2.99500000
6.04500000
3.49500000
4.67500000
1.91000000
4.79000000
5.92500000
5.45000000
6.13500000
0.22500000
1.36500000
4.62000000
3.34000000
1.23500000
5.65000000
4.33500000
1.27500000
4.17000000
5.66000000
4.57500000
0.54500000
2.26000000
3.29500000
0.94500000
2.30500000
4.19000000
5.90500000
2.36000000
2.13500000
6.26500000
3.59000000
3.63500000
1.90500000
3.13500000
3.86000000
2.34000000
4.29000000
4.37000000
5.80500000
4.22500000
6.26000000
4.22500000
4.21000000
4.19000000
4.17000000
3.99000000
3.91000000
3.86000000
3.82000000
3.82000000
3.63500000
3.59000000
3.49500000
3.34000000
3.29500000
3.15000000
3.13500000
2.99500000
2.93500000
2.81500000
2.59500000
2.38500000
2.36000000
2.34000000
2.30500000
2.29500000
2.27500000
2.26000000
2.26000000
2.17000000
2.16500000
2.13500000
2.02500000
1.94000000
1.93000000
1.91000000
1.90500000
1.84000000
1.64500000
1.64500000
1.50000000
1.41000000
1.36500000
1.34500000
1.33500000
1.28500000
1.27500000
1.23500000
1.08500000
0.94500000
0.85000000
0.85000000
0.54500000
0.45500000
0.36000000
0.22500000
0.18500000
0.15500000
0.14500000
0.09000000
6.26500000
6.26000000
6.13500000
6.10000000
6.04500000
5.92500000
5.92500000
5.90500000
5.80500000
5.76000000
5.66000000
5.65000000
5.57500000
5.45000000
5.38500000
5.32500000
5.27000000
5.24000000
5.21500000
5.21000000
5.18000000
5.09500000
5.08000000
5.02000000
5.01000000
4.82500000
4.79000000
4.73500000
4.67500000
4.62000000
4.60000000
4.57500000
4.54000000
4.40500000
4.38000000
4.37000000
4.36000000
4.35500000
4.33500000
4.29000000
4.29000000
4.22500000
4.22500000
4.21000000
4.21000000
4.19000000
4.19000000
4.17000000
4.17000000
3.99000000
3.99000000
3.91000000
3.91000000
3.86000000
3.86000000
3.82000000
3.82000000
3.82000000
3.82000000
3.63500000
3.63500000
3.59000000
3.59000000
3.49500000
3.49500000
3.34000000
3.34000000
3.29500000
3.29500000
3.15000000
3.15000000
3.13500000
3.13500000
2.99500000
2.99500000
2.93500000
2.93500000
2.81500000
2.81500000
2.59500000
2.59500000
2.38500000
2.38500000
2.36000000
2.36000000
2.34000000
2.34000000
2.30500000
2.30500000
2.29500000
2.29500000
2.27500000
2.27500000
2.26000000
2.26000000
2.26000000
2.26000000
2.17000000
2.17000000
2.16500000
2.16500000
2.13500000
2.13500000
2.02500000
2.02500000
1.94000000
1.94000000
1.93000000
1.93000000
1.91000000
1.91000000
1.90500000
1.90500000
1.84000000
1.84000000
1.64500000
1.64500000
1.64500000
1.64500000
1.50000000
1.50000000
1.41000000
1.41000000
1.36500000
1.36500000
1.34500000
1.34500000
1.33500000
1.33500000
1.28500000
1.28500000
1.27500000
1.27500000
1.23500000
1.23500000
1.08500000
1.08500000
0.94500000
0.94500000
0.85000000
0.85000000
0.85000000
0.85000000
0.54500000
0.54500000
0.45500000
0.45500000
0.36000000
0.36000000
0.22500000
0.22500000
0.18500000
0.18500000
0.15500000
0.15500000
0.14500000
0.14500000
0.09000000
0.09000000
