5.91000000
3.41000000
2.15000000
6.05500000
6.20000000
0.29000000
1.17500000
3.09000000
3.20000000
0.90500000
3.75000000
5.17500000
4.72500000
2.46000000
3.96500000
6.02500000
1.27000000
0.45500000
1.66500000
2.10000000
5.17000000
5.89500000
5.10500000
1.90000000
5.83500000
3.07500000
2.46000000
5.02500000
6.03000000
5.19500000
0.96000000
4.63500000
5.41500000
2.98500000
2.65500000
5.99500000
4.80500000
5.22000000
5.64000000
2.98000000
0.97000000
5.82500000
5.35500000
1.66500000
3.11000000
6.14000000
2.84000000
3.63000000
0.63000000
0.10500000
2.74500000
2.16000000
2.75500000
2.22500000
5.55000000
4.63500000
2.31500000
1.00000000
6.08500000
3.81000000
0.57500000
4.31000000
5.49000000
2.72500000
5.60500000
0.45500000
6.26500000
0.66500000
1.04000000
2.18000000
5.43500000
4.15500000
2.05000000
0.18000000
5.15000000
2.09000000
4.98500000
0.19000000
5.39000000
1.36000000
3.07500000
4.11000000
1.76000000
3.12000000
5.00500000
0.43500000
3.17500000
2.95000000
0.79500000
4.40500000
4.45000000
2.72000000
3.95000000
4.67500000
3.15500000
5.10500000
5.18500000
0.33500000
5.04000000
0.79000000
5.04000000
5.02500000
5.00500000
4.98500000
4.80500000
4.72500000
4.67500000
4.63500000
4.63500000
4.45000000
4.40500000
4.31000000
4.15500000
4.11000000
3.96500000
3.95000000
3.81000000
3.75000000
3.63000000
3.41000000
3.20000000
3.17500000
3.15500000
3.12000000
3.11000000
3.09000000
3.07500000
3.07500000
2.98500000
2.98000000
2.95000000
2.84000000
2.75500000
2.74500000
2.72500000
2.72000000
2.65500000
2.46000000
2.46000000
2.31500000
2.22500000
2.18000000
2.16000000
2.15000000
2.10000000
2.09000000
2.05000000
1.90000000
1.76000000
1.66500000
1.66500000
1.36000000
1.27000000
1.17500000
1.04000000
1.00000000
0.97000000
0.96000000
0.90500000
0.79500000
0.79000000
0.66500000
0.63000000
0.57500000
0.45500000
0.45500000
0.43500000
0.33500000
0.29000000
0.19000000
0.18000000
0.10500000
6.26500000
6.20000000
6.14000000
6.08500000
6.05500000
6.03000000
6.02500000
5.99500000
5.91000000
5.89500000
5.83500000
5.82500000
5.64000000
5.60500000
5.55000000
5.49000000
5.43500000
5.41500000
5.39000000
5.35500000
5.22000000
5.19500000
5.18500000
5.17500000
5.17000000
5.15000000
5.10500000
5.10500000
5.04000000
5.04000000
5.02500000
5.02500000
5.00500000
5.00500000
4.98500000
4.98500000
4.80500000
4.80500000
4.72500000
4.72500000
4.67500000
4.67500000
4.63500000
4.63500000
4.63500000
4.63500000
4.45000000
4.45000000
4.40500000
4.40500000
4.31000000
4.31000000
4.15500000
4.15500000
4.11000000
4.11000000
3.96500000
3.96500000
3.95000000
3.95000000
3.81000000
3.81000000
3.75000000
3.75000000
3.63000000
3.63000000
3.41000000
3.41000000
3.20000000
3.20000000
3.17500000
3.17500000
3.15500000
3.15500000
3.12000000
3.12000000
3.11000000
3.11000000
3.09000000
3.09000000
3.07500000
3.07500000
3.07500000
3.07500000
2.98500000
2.98500000
2.98000000
2.98000000
2.95000000
2.95000000
2.84000000
2.84000000
2.75500000
2.75500000
2.74500000
2.74500000
2.72500000
2.72500000
2.72000000
2.72000000
2.65500000
2.65500000
2.46000000
2.46000000
2.46000000
2.46000000
2.31500000
2.31500000
2.22500000
2.22500000
2.18000000
2.18000000
2.16000000
2.16000000
2.15000000
2.15000000
2.10000000
2.10000000
2.09000000
2.09000000
2.05000000
2.05000000
1.90000000
1.90000000
1.76000000
1.76000000
1.66500000
1.66500000
1.66500000
1.66500000
1.36000000
1.36000000
1.27000000
1.27000000
1.17500000
1.17500000
1.04000000
1.04000000
1.00000000
1.00000000
0.97000000
0.97000000
0.96000000
0.96000000
0.90500000
0.90500000
0.79500000
0.79500000
0.79000000
0.79000000
0.66500000
0.66500000
0.63000000
0.63000000
0.57500000
0.57500000
0.45500000
0.45500000
0.45500000
0.45500000
0.43500000
0.43500000
0.33500000
0.33500000
0.29000000
0.29000000
0.19000000
0.19000000
0.18000000
0.18000000
0.10500000
0.10500000
6.26500000
6.26500000
6.20000000
6.20000000
6.14000000
6.14000000
6.08500000
6.08500000
6.05500000
6.05500000
6.03000000
6.03000000
6.02500000
6.02500000
5.99500000
5.99500000
5.91000000
5.91000000
5.89500000
5.89500000
5.83500000
5.83500000
5.82500000
5.82500000
5.64000000
5.64000000
5.60500000
5.60500000
5.55000000
5.55000000
5.49000000
5.49000000
5.43500000
5.43500000
5.41500000
5.41500000
5.39000000
5.39000000
5.35500000
5.35500000
5.22000000
5.22000000
5.19500000
5.19500000
5.18500000
5.18500000
5.17500000
5.17500000
5.17000000
5.17000000
5.15000000
5.15000000
5.10500000
5.10500000
5.10500000
5.10500000
5.04000000
5.04000000
5.04000000
5.04000000
5.02500000
5.02500000
5.02500000
5.02500000
5.00500000
5.00500000
5.00500000
5.00500000
4.98500000
4.98500000
4.98500000
4.98500000
4.80500000
4.80500000
4.80500000
4.80500000
4.72500000
4.72500000
4.72500000
4.72500000
4.67500000
4.67500000
4.67500000
4.67500000
4.63500000
4.63500000
4.63500000
4.63500000
4.63500000
4.63500000
4.63500000
4.63500000
4.45000000
4.45000000
4.45000000
4.45000000
4.40500000
4.40500000
4.40500000
4.40500000
4.31000000
4.31000000
4.31000000
4.31000000
4.15500000
4.15500000
4.15500000
4.15500000
4.11000000
4.11000000
4.11000000
4.11000000
3.96500000
3.96500000
3.96500000
3.96500000
3.95000000
3.95000000
3.95000000
3.95000000
3.81000000
3.81000000
3.81000000
3.81000000
3.75000000
3.75000000
3.75000000
3.75000000
3.63000000
3.63000000
3.63000000
3.63000000
3.41000000
3.41000000
3.41000000
3.41000000
3.20000000
3.20000000
3.20000000
3.20000000
3.17500000
3.17500000
3.17500000
3.17500000
3.15500000
3.15500000
3.15500000
3.15500000
3.12000000
3.12000000
3.12000000
3.12000000
3.11000000
3.11000000
3.11000000
3.11000000
3.09000000
3.09000000
3.09000000
3.09000000
3.07500000
3.07500000
3.07500000
3.07500000
3.07500000
3.07500000
3.07500000
3.07500000
2.98500000
2.98500000
2.98500000
2.98500000
2.98000000
2.98000000
2.98000000
2.98000000
2.95000000
2.95000000
2.95000000
2.95000000
2.84000000
2.84000000
2.84000000
2.84000000
2.75500000
2.75500000
2.75500000
2.75500000
2.74500000
2.74500000
2.74500000
2.74500000
2.72500000
2.72500000
2.72500000
2.72500000
2.72000000
2.72000000
2.72000000
2.72000000
2.65500000
2.65500000
2.65500000
2.65500000
2.46000000
2.46000000
2.46000000
2.46000000
2.46000000
2.46000000
2.46000000
2.46000000
2.31500000
2.31500000
2.31500000
2.31500000
2.22500000
2.22500000
2.22500000
2.22500000
2.18000000
2.18000000
2.18000000
2.18000000
2.16000000
2.16000000
2.16000000
2.16000000
2.15000000
2.15000000
2.15000000
2.15000000
2.10000000
2.10000000
2.10000000
2.10000000
2.09000000
2.09000000
2.09000000
2.09000000
2.05000000
2.05000000
2.05000000
2.05000000
1.90000000
1.90000000
1.90000000
1.90000000
1.76000000
1.76000000
1.76000000
1.76000000
1.66500000
1.66500000
1.66500000
1.66500000
1.66500000
1.66500000
1.66500000
1.66500000
1.36000000
1.36000000
1.36000000
1.36000000
1.27000000
1.27000000
1.27000000
1.27000000
1.17500000
1.17500000
1.17500000
1.17500000
1.04000000
1.04000000
1.04000000
1.04000000
1.00000000
1.00000000
1.00000000
1.00000000
0.97000000
0.97000000
0.97000000
0.97000000
0.96000000
0.96000000
0.96000000
0.96000000
0.90500000
0.90500000
0.90500000
0.90500000
0.79500000
0.79500000
0.79500000
0.79500000
0.79000000
0.79000000
0.79000000
0.79000000
0.66500000
0.66500000
0.66500000
0.66500000
0.63000000
0.63000000
0.63000000
0.63000000
0.57500000
0.57500000
0.57500000
0.57500000
0.45500000
0.45500000
0.45500000
0.45500000
0.45500000
0.45500000
0.45500000
0.45500000
0.43500000
0.43500000
0.43500000
0.43500000
0.33500000
0.33500000
0.33500000
0.33500000
0.29000000
0.29000000
0.29000000
0.29000000
0.19000000
0.19000000
0.19000000
0.19000000
0.18000000
0.18000000
0.18000000
0.18000000
0.10500000
0.10500000
0.10500000
0.10500000
