1.68266732
5.46601784
4.20660987
1.82744209
1.97043927
2.34738256
3.22999235
5.14687081
5.25639165
2.95889420
5.80713307
0.94580701
0.49500000
4.51670544
6.02109043
1.79370949
3.32526582
2.51208410
3.72190527
4.15361151
0.94230155
1.66562163
0.87662524
3.95566451
1.60569582
5.12879785
4.51348692
0.79500000
1.79907580
0.96659942
3.01504573
0.40500000
1.18685081
5.03900193
4.70916385
1.76791542
0.57500000
0.99057392
1.41284399
5.03687922
3.02761175
1.59818321
1.12391142
3.72100327
5.16360790
1.90996808
4.89791165
5.68577968
2.68715902
2.16033324
4.80102443
4.21460260
4.81178589
4.28212360
1.31822980
0.40500000
4.36830927
3.05375515
1.85571026
5.86520787
2.62917560
0.08000000
1.25951229
4.77866411
1.37579162
2.50980878
2.03406080
2.72189230
3.09640289
4.23729099
1.20664833
6.21047414
4.10544242
2.23399325
0.92261703
4.14728534
0.75500000
2.24569444
1.16308156
3.41419045
5.13017079
6.16568947
3.81522531
5.17689279
0.77500000
2.49307543
5.22827328
5.00683327
2.85140844
0.17500000
0.22000000
4.77581824
6.00466942
0.44500000
5.21268593
0.87343898
0.95418715
2.39071779
0.81000000
2.84785530
0.81000000
0.79500000
0.77500000
0.75500000
0.57500000
0.49500000
0.44500000
0.40500000
0.40500000
0.22000000
0.17500000
0.08000000
