6.06000000
3.56000000
2.30000000
6.20500000
0.06500000
0.44000000
1.32500000
3.24000000
3.35000000
1.05500000
3.90000000
5.32500000
4.87500000
2.61000000
4.11500000
6.17500000
1.42000000
0.60500000
1.81500000
2.25000000
5.32000000
6.04500000
5.25500000
2.05000000
5.98500000
3.22500000
2.61000000
5.17500000
6.18000000
5.34500000
1.11000000
4.78500000
5.56500000
3.13500000
2.80500000
6.14500000
4.95500000
5.37000000
5.79000000
3.13000000
1.12000000
5.97500000
5.50500000
1.81500000
3.26000000
0.00500000
2.99000000
3.78000000
0.78000000
0.25500000
2.89500000
2.31000000
2.90500000
2.37500000
5.70000000
4.78500000
2.46500000
1.15000000
6.23500000
3.96000000
0.72500000
4.46000000
5.64000000
2.87500000
5.75500000
0.60500000
0.13000000
0.81500000
1.19000000
2.33000000
5.58500000
4.30500000
2.20000000
0.33000000
5.30000000
2.24000000
5.13500000
0.34000000
5.54000000
1.51000000
3.22500000
4.26000000
1.91000000
3.27000000
5.15500000
0.58500000
3.32500000
3.10000000
0.94500000
4.55500000
4.60000000
2.87000000
4.10000000
4.82500000
3.30500000
5.25500000
5.33500000
0.48500000
5.19000000
0.94000000
5.19000000
5.17500000
5.15500000
5.13500000
4.95500000
4.87500000
4.82500000
4.78500000
4.78500000
4.60000000
4.55500000
4.46000000
4.30500000
4.26000000
4.11500000
4.10000000
3.96000000
3.90000000
3.78000000
3.56000000
3.35000000
3.32500000
3.30500000
3.27000000
3.26000000
3.24000000
3.22500000
3.22500000
3.13500000
3.13000000
3.10000000
2.99000000
2.90500000
2.89500000
2.87500000
2.87000000
2.80500000
2.61000000
2.61000000
2.46500000
2.37500000
2.33000000
2.31000000
2.30000000
2.25000000
2.24000000
2.20000000
2.05000000
1.91000000
1.81500000
1.81500000
1.51000000
1.42000000
1.32500000
1.19000000
1.15000000
1.12000000
1.11000000
1.05500000
0.94500000
0.94000000
0.81500000
0.78000000
0.72500000
0.60500000
0.60500000
0.58500000
0.48500000
0.44000000
0.34000000
0.33000000
0.25500000
0.13000000
0.06500000
0.00500000
6.23500000
6.20500000
6.18000000
6.17500000
6.14500000
6.06000000
6.04500000
5.98500000
5.97500000
5.79000000
5.75500000
5.70000000
5.64000000
5.58500000
5.56500000
5.54000000
5.50500000
5.37000000
5.34500000
5.33500000
5.32500000
5.32000000
5.30000000
5.25500000
5.25500000
5.19000000
5.19000000
5.17500000
5.17500000
5.15500000
5.15500000
5.13500000
5.13500000
4.95500000
4.95500000
4.87500000
4.87500000
4.82500000
4.82500000
4.78500000
4.78500000
4.78500000
4.78500000
4.60000000
4.60000000
4.55500000
4.55500000
4.46000000
4.46000000
4.30500000
4.30500000
4.26000000
4.26000000
4.11500000
4.11500000
4.10000000
4.10000000
3.96000000
3.96000000
3.90000000
3.90000000
3.78000000
3.78000000
3.56000000
3.56000000
3.35000000
3.35000000
3.32500000
3.32500000
3.30500000
3.30500000
3.27000000
3.27000000
3.26000000
3.26000000
3.24000000
3.24000000
3.22500000
3.22500000
3.22500000
3.22500000
3.13500000
3.13500000
3.13000000
3.13000000
3.10000000
3.10000000
2.99000000
2.99000000
2.90500000
2.90500000
2.89500000
2.89500000
2.87500000
2.87500000
2.87000000
2.87000000
2.80500000
2.80500000
2.61000000
2.61000000
2.61000000
2.61000000
2.46500000
2.46500000
2.37500000
2.37500000
2.33000000
2.33000000
2.31000000
2.31000000
2.30000000
2.30000000
2.25000000
2.25000000
2.24000000
2.24000000
2.20000000
2.20000000
2.05000000
2.05000000
1.91000000
1.91000000
1.81500000
1.81500000
1.81500000
1.81500000
1.51000000
1.51000000
1.42000000
1.42000000
1.32500000
1.32500000
1.19000000
1.19000000
1.15000000
1.15000000
1.12000000
1.12000000
1.11000000
1.11000000
1.05500000
1.05500000
0.94500000
0.94500000
0.94000000
0.94000000
0.81500000
0.81500000
0.78000000
0.78000000
0.72500000
0.72500000
0.60500000
0.60500000
0.60500000
0.60500000
0.58500000
0.58500000
0.48500000
0.48500000
0.44000000
0.44000000
0.34000000
0.34000000
0.33000000
0.33000000
0.25500000
0.25500000
0.13000000
0.13000000
0.06500000
0.06500000
0.00500000
0.00500000
6.23500000
6.23500000
6.20500000
6.20500000
6.18000000
6.18000000
6.17500000
6.17500000
6.14500000
6.14500000
6.06000000
6.06000000
6.04500000
6.04500000
5.98500000
5.98500000
5.97500000
5.97500000
5.79000000
5.79000000
5.75500000
5.75500000
5.70000000
5.70000000
5.64000000
5.64000000
5.58500000
5.58500000
5.56500000
5.56500000
5.54000000
5.54000000
5.50500000
5.50500000
5.37000000
5.37000000
5.34500000
5.34500000
5.33500000
5.33500000
5.32500000
5.32500000
5.32000000
5.32000000
5.30000000
5.30000000
5.25500000
5.25500000
5.25500000
5.25500000
5.19000000
5.19000000
5.19000000
5.19000000
5.17500000
5.17500000
5.17500000
5.17500000
5.15500000
5.15500000
5.15500000
5.15500000
5.13500000
5.13500000
5.13500000
5.13500000
4.95500000
4.95500000
4.95500000
4.95500000
4.87500000
4.87500000
4.87500000
4.87500000
4.82500000
4.82500000
4.82500000
4.82500000
4.78500000
4.78500000
4.78500000
4.78500000
4.78500000
4.78500000
4.78500000
4.78500000
4.60000000
4.60000000
4.60000000
4.60000000
4.55500000
4.55500000
4.55500000
4.55500000
4.46000000
4.46000000
4.46000000
4.46000000
4.30500000
4.30500000
4.30500000
4.30500000
4.26000000
4.26000000
4.26000000
4.26000000
4.11500000
4.11500000
4.11500000
4.11500000
4.10000000
4.10000000
4.10000000
4.10000000
3.96000000
3.96000000
3.96000000
3.96000000
3.90000000
3.90000000
3.90000000
3.90000000
3.78000000
3.78000000
3.78000000
3.78000000
3.56000000
3.56000000
3.56000000
3.56000000
3.35000000
3.35000000
3.35000000
3.35000000
3.32500000
3.32500000
3.32500000
3.32500000
3.30500000
3.30500000
3.30500000
3.30500000
3.27000000
3.27000000
3.27000000
3.27000000
3.26000000
3.26000000
3.26000000
3.26000000
3.24000000
3.24000000
3.24000000
3.24000000
3.22500000
3.22500000
3.22500000
3.22500000
3.22500000
3.22500000
3.22500000
3.22500000
3.13500000
3.13500000
3.13500000
3.13500000
3.13000000
3.13000000
3.13000000
3.13000000
3.10000000
3.10000000
3.10000000
3.10000000
2.99000000
2.99000000
2.99000000
2.99000000
2.90500000
2.90500000
2.90500000
2.90500000
2.89500000
2.89500000
2.89500000
2.89500000
2.87500000
2.87500000
2.87500000
2.87500000
2.87000000
2.87000000
2.87000000
2.87000000
2.80500000
2.80500000
2.80500000
2.80500000
2.61000000
2.61000000
2.61000000
2.61000000
2.61000000
2.61000000
2.61000000
2.61000000
2.46500000
2.46500000
2.46500000
2.46500000
2.37500000
2.37500000
2.37500000
2.37500000
2.33000000
2.33000000
2.33000000
2.33000000
2.31000000
2.31000000
2.31000000
2.31000000
2.30000000
2.30000000
2.30000000
2.30000000
2.25000000
2.25000000
2.25000000
2.25000000
2.24000000
2.24000000
2.24000000
2.24000000
2.20000000
2.20000000
2.20000000
2.20000000
2.05000000
2.05000000
2.05000000
2.05000000
1.91000000
1.91000000
1.91000000
1.91000000
1.81500000
1.81500000
1.81500000
1.81500000
1.81500000
1.81500000
1.81500000
1.81500000
1.51000000
1.51000000
1.51000000
1.51000000
1.42000000
1.42000000
1.42000000
1.42000000
1.32500000
1.32500000
1.32500000
1.32500000
1.19000000
1.19000000
1.19000000
1.19000000
1.15000000
1.15000000
1.15000000
1.15000000
1.12000000
1.12000000
1.12000000
1.12000000
1.11000000
1.11000000
1.11000000
1.11000000
1.05500000
1.05500000
1.05500000
1.05500000
0.94500000
0.94500000
0.94500000
0.94500000
0.94000000
0.94000000
0.94000000
0.94000000
0.81500000
0.81500000
0.81500000
0.81500000
0.78000000
0.78000000
0.78000000
0.78000000
0.72500000
0.72500000
0.72500000
0.72500000
0.60500000
0.60500000
0.60500000
0.60500000
0.60500000
0.60500000
0.60500000
0.60500000
0.58500000
0.58500000
0.58500000
0.58500000
0.48500000
0.48500000
0.48500000
0.48500000
0.44000000
0.44000000
0.44000000
0.44000000
0.34000000
0.34000000
0.34000000
0.34000000
0.33000000
0.33000000
0.33000000
0.33000000
0.25500000
0.25500000
0.25500000
0.25500000
0.13000000
0.13000000
0.13000000
0.13000000
0.06500000
0.06500000
0.06500000
0.06500000
0.00500000
0.00500000
0.00500000
0.00500000
