2.12500000
5.91000000
4.65000000
2.27000000
2.41500000
2.79000000
3.67500000
5.59000000
5.70000000
3.40500000
6.25000000
1.39000000
0.94000000
4.96000000
0.18000000
2.24000000
3.77000000
2.95500000
4.16500000
4.60000000
1.38500000
2.11000000
1.32000000
4.40000000
2.05000000
5.57500000
4.96000000
1.24000000
2.24500000
1.41000000
3.46000000
0.85000000
1.63000000
5.48500000
5.15500000
2.21000000
1.02000000
1.43500000
1.85500000
5.48000000
3.47000000
2.04000000
1.57000000
4.16500000
5.61000000
2.35500000
5.34000000
6.13000000
3.13000000
2.60500000
5.24500000
4.66000000
5.25500000
4.72500000
1.76500000
0.85000000
4.81500000
3.50000000
2.30000000
0.02500000
3.07500000
0.52500000
1.70500000
5.22500000
1.82000000
2.95500000
2.48000000
3.16500000
3.54000000
4.68000000
1.65000000
0.37000000
4.55000000
2.68000000
1.36500000
4.59000000
1.20000000
2.69000000
1.60500000
3.86000000
5.57500000
0.32500000
4.26000000
5.62000000
1.22000000
2.93500000
5.67500000
5.45000000
3.29500000
0.62000000
0.66500000
5.22000000
0.16500000
0.89000000
5.65500000
1.32000000
1.40000000
2.83500000
1.25500000
3.29000000
1.25500000
1.24000000
1.22000000
1.20000000
1.02000000
0.94000000
0.89000000
0.85000000
0.85000000
0.66500000
0.62000000
0.52500000
0.37000000
0.32500000
0.18000000
0.16500000
0.02500000
6.25000000
6.13000000
5.91000000
5.70000000
5.67500000
5.65500000
5.62000000
5.61000000
5.59000000
5.57500000
5.57500000
5.48500000
5.48000000
5.45000000
5.34000000
5.25500000
5.24500000
5.22500000
5.22000000
5.15500000
4.96000000
4.96000000
4.81500000
4.72500000
4.68000000
4.66000000
4.65000000
4.60000000
4.59000000
4.55000000
4.40000000
4.26000000
4.16500000
4.16500000
3.86000000
3.77000000
3.67500000
3.54000000
3.50000000
3.47000000
3.46000000
3.40500000
3.29500000
3.29000000
3.16500000
3.13000000
3.07500000
2.95500000
2.95500000
2.93500000
2.83500000
2.79000000
2.69000000
2.68000000
2.60500000
2.48000000
2.41500000
2.35500000
2.30000000
2.27000000
2.24500000
2.24000000
2.21000000
2.12500000
2.11000000
2.05000000
2.04000000
1.85500000
1.82000000
1.76500000
1.70500000
1.65000000
1.63000000
1.60500000
1.57000000
1.43500000
1.41000000
1.40000000
1.39000000
1.38500000
1.36500000
1.32000000
1.32000000
1.25500000
1.25500000
1.24000000
1.24000000
1.22000000
1.22000000
1.20000000
1.20000000
1.02000000
1.02000000
0.94000000
0.94000000
0.89000000
0.89000000
0.85000000
0.85000000
0.85000000
0.85000000
0.66500000
0.66500000
0.62000000
0.62000000
0.52500000
0.52500000
0.37000000
0.37000000
0.32500000
0.32500000
0.18000000
0.18000000
0.16500000
0.16500000
0.02500000
0.02500000
6.25000000
6.25000000
6.13000000
6.13000000
5.91000000
5.91000000
5.70000000
5.70000000
5.67500000
5.67500000
5.65500000
5.65500000
5.62000000
5.62000000
5.61000000
5.61000000
5.59000000
5.59000000
5.57500000
5.57500000
5.57500000
5.57500000
5.48500000
5.48500000
5.48000000
5.48000000
5.45000000
5.45000000
5.34000000
5.34000000
5.25500000
5.25500000
5.24500000
5.24500000
5.22500000
5.22500000
5.22000000
5.22000000
5.15500000
5.15500000
4.96000000
4.96000000
4.96000000
4.96000000
4.81500000
4.81500000
4.72500000
4.72500000
4.68000000
4.68000000
4.66000000
4.66000000
4.65000000
4.65000000
4.60000000
4.60000000
4.59000000
4.59000000
4.55000000
4.55000000
4.40000000
4.40000000
4.26000000
4.26000000
4.16500000
4.16500000
4.16500000
4.16500000
3.86000000
3.86000000
3.77000000
3.77000000
3.67500000
3.67500000
3.54000000
3.54000000
3.50000000
3.50000000
3.47000000
3.47000000
3.46000000
3.46000000
3.40500000
3.40500000
3.29500000
3.29500000
3.29000000
3.29000000
3.16500000
3.16500000
3.13000000
3.13000000
3.07500000
3.07500000
2.95500000
2.95500000
2.95500000
2.95500000
2.93500000
2.93500000
2.83500000
2.83500000
2.79000000
2.79000000
2.69000000
2.69000000
2.68000000
2.68000000
2.60500000
2.60500000
2.48000000
2.48000000
2.41500000
2.41500000
2.35500000
2.35500000
2.30000000
2.30000000
2.27000000
2.27000000
2.24500000
2.24500000
2.24000000
2.24000000
2.21000000
2.21000000
2.12500000
2.12500000
2.11000000
2.11000000
2.05000000
2.05000000
2.04000000
2.04000000
1.85500000
1.85500000
1.82000000
1.82000000
1.76500000
1.76500000
1.70500000
1.70500000
1.65000000
1.65000000
1.63000000
1.63000000
1.60500000
1.60500000
1.57000000
1.57000000
1.43500000
1.43500000
1.41000000
1.41000000
1.40000000
1.40000000
1.39000000
1.39000000
1.38500000
1.38500000
1.36500000
1.36500000
1.32000000
1.32000000
1.32000000
1.32000000
1.25500000
1.25500000
1.25500000
1.25500000
1.24000000
1.24000000
1.24000000
1.24000000
1.22000000
1.22000000
1.22000000
1.22000000
1.20000000
1.20000000
1.20000000
1.20000000
1.02000000
1.02000000
1.02000000
1.02000000
0.94000000
0.94000000
0.94000000
0.94000000
0.89000000
0.89000000
0.89000000
0.89000000
0.85000000
0.85000000
0.85000000
0.85000000
0.85000000
0.85000000
0.85000000
0.85000000
0.66500000
0.66500000
0.66500000
0.66500000
0.62000000
0.62000000
0.62000000
0.62000000
0.52500000
0.52500000
0.52500000
0.52500000
0.37000000
0.37000000
0.37000000
0.37000000
0.32500000
0.32500000
0.32500000
0.32500000
0.18000000
0.18000000
0.18000000
0.18000000
0.16500000
0.16500000
0.16500000
0.16500000
0.02500000
0.02500000
0.02500000
0.02500000
6.25000000
6.25000000
6.25000000
6.25000000
6.13000000
6.13000000
6.13000000
6.13000000
5.91000000
5.91000000
5.91000000
5.91000000
5.70000000
5.70000000
5.70000000
5.70000000
5.67500000
5.67500000
5.67500000
5.67500000
5.65500000
5.65500000
5.65500000
5.65500000
5.62000000
5.62000000
5.62000000
5.62000000
5.61000000
5.61000000
5.61000000
5.61000000
5.59000000
5.59000000
5.59000000
5.59000000
5.57500000
5.57500000
5.57500000
5.57500000
5.57500000
5.57500000
5.57500000
5.57500000
5.48500000
5.48500000
5.48500000
5.48500000
5.48000000
5.48000000
5.48000000
5.48000000
5.45000000
5.45000000
5.45000000
5.45000000
5.34000000
5.34000000
5.34000000
5.34000000
5.25500000
5.25500000
5.25500000
5.25500000
5.24500000
5.24500000
5.24500000
5.24500000
5.22500000
5.22500000
5.22500000
5.22500000
5.22000000
5.22000000
5.22000000
5.22000000
5.15500000
5.15500000
5.15500000
5.15500000
4.96000000
4.96000000
4.96000000
4.96000000
4.96000000
4.96000000
4.96000000
4.96000000
4.81500000
4.81500000
4.81500000
4.81500000
4.72500000
4.72500000
4.72500000
4.72500000
4.68000000
4.68000000
4.68000000
4.68000000
4.66000000
4.66000000
4.66000000
4.66000000
4.65000000
4.65000000
4.65000000
4.65000000
4.60000000
4.60000000
4.60000000
4.60000000
4.59000000
4.59000000
4.59000000
4.59000000
4.55000000
4.55000000
4.55000000
4.55000000
4.40000000
4.40000000
4.40000000
4.40000000
4.26000000
4.26000000
4.26000000
4.26000000
4.16500000
4.16500000
4.16500000
4.16500000
4.16500000
4.16500000
4.16500000
4.16500000
3.86000000
3.86000000
3.86000000
3.86000000
3.77000000
3.77000000
3.77000000
3.77000000
3.67500000
3.67500000
3.67500000
3.67500000
3.54000000
3.54000000
3.54000000
3.54000000
3.50000000
3.50000000
3.50000000
3.50000000
3.47000000
3.47000000
3.47000000
3.47000000
3.46000000
3.46000000
3.46000000
3.46000000
3.40500000
3.40500000
3.40500000
3.40500000
3.29500000
3.29500000
3.29500000
3.29500000
3.29000000
3.29000000
3.29000000
3.29000000
3.16500000
3.16500000
3.16500000
3.16500000
3.13000000
3.13000000
3.13000000
3.13000000
3.07500000
3.07500000
3.07500000
3.07500000
2.95500000
2.95500000
2.95500000
2.95500000
2.95500000
2.95500000
2.95500000
2.95500000
2.93500000
2.93500000
2.93500000
2.93500000
2.83500000
2.83500000
2.83500000
2.83500000
2.79000000
2.79000000
2.79000000
2.79000000
2.69000000
2.69000000
2.69000000
2.69000000
2.68000000
2.68000000
2.68000000
2.68000000
2.60500000
2.60500000
2.60500000
2.60500000
2.48000000
2.48000000
2.48000000
2.48000000
2.41500000
2.41500000
2.41500000
2.41500000
2.35500000
2.35500000
2.35500000
2.35500000
2.30000000
2.30000000
2.30000000
2.30000000
2.27000000
2.27000000
2.27000000
2.27000000
2.24500000
2.24500000
2.24500000
2.24500000
2.24000000
2.24000000
2.24000000
2.24000000
2.21000000
2.21000000
2.21000000
2.21000000
2.12500000
2.12500000
2.12500000
2.12500000
2.11000000
2.11000000
2.11000000
2.11000000
2.05000000
2.05000000
2.05000000
2.05000000
2.04000000
2.04000000
2.04000000
2.04000000
1.85500000
1.85500000
1.85500000
1.85500000
1.82000000
1.82000000
1.82000000
1.82000000
1.76500000
1.76500000
1.76500000
1.76500000
1.70500000
1.70500000
1.70500000
1.70500000
1.65000000
1.65000000
1.65000000
1.65000000
1.63000000
1.63000000
1.63000000
1.63000000
1.60500000
1.60500000
1.60500000
1.60500000
1.57000000
1.57000000
1.57000000
1.57000000
1.43500000
1.43500000
1.43500000
1.43500000
1.41000000
1.41000000
1.41000000
1.41000000
1.40000000
1.40000000
1.40000000
1.40000000
1.39000000
1.39000000
1.39000000
1.39000000
1.38500000
1.38500000
1.38500000
1.38500000
1.36500000
1.36500000
1.36500000
1.36500000
1.32000000
1.32000000
1.32000000
1.32000000
1.32000000
1.32000000
1.32000000
1.32000000
1.25500000
1.25500000
1.25500000
1.25500000
1.25500000
1.25500000
1.25500000
1.25500000
1.24000000
1.24000000
1.24000000
1.24000000
1.24000000
1.24000000
1.24000000
1.24000000
1.22000000
1.22000000
1.22000000
1.22000000
1.22000000
1.22000000
1.22000000
1.22000000
1.20000000
1.20000000
1.20000000
1.20000000
1.20000000
1.20000000
1.20000000
1.20000000
1.02000000
1.02000000
1.02000000
1.02000000
1.02000000
1.02000000
1.02000000
1.02000000
0.94000000
0.94000000
0.94000000
0.94000000
0.94000000
0.94000000
0.94000000
0.94000000
0.89000000
0.89000000
0.89000000
0.89000000
0.89000000
0.89000000
0.89000000
0.89000000
0.85000000
0.85000000
0.85000000
0.85000000
0.85000000
0.85000000
0.85000000
0.85000000
0.85000000
0.85000000
0.85000000
0.85000000
0.85000000
0.85000000
0.85000000
0.85000000
0.66500000
0.66500000
0.66500000
0.66500000
0.66500000
0.66500000
0.66500000
0.66500000
0.62000000
0.62000000
0.62000000
0.62000000
0.62000000
0.62000000
0.62000000
0.62000000
0.52500000
0.52500000
0.52500000
0.52500000
0.52500000
0.52500000
0.52500000
0.52500000
0.37000000
0.37000000
0.37000000
0.37000000
0.37000000
0.37000000
0.37000000
0.37000000
0.32500000
0.32500000
0.32500000
0.32500000
0.32500000
0.32500000
0.32500000
0.32500000
0.18000000
0.18000000
0.18000000
0.18000000
0.18000000
0.18000000
0.18000000
0.18000000
0.16500000
0.16500000
0.16500000
0.16500000
0.16500000
0.16500000
0.16500000
0.16500000
0.02500000
0.02500000
0.02500000
0.02500000
0.02500000
0.02500000
0.02500000
0.02500000
