2.72500000
0.22500000
5.25000000
2.87000000
3.01500000
3.39000000
4.27500000
6.19000000
0.01500000
4.00500000
0.56500000
1.99000000
1.54000000
5.56000000
0.78000000
2.84000000
4.37000000
3.55500000
4.76500000
5.20000000
1.98500000
2.71000000
1.92000000
5.00000000
2.65000000
6.17500000
5.56000000
1.84000000
2.84500000
2.01000000
4.06000000
1.45000000
2.23000000
6.08500000
5.75500000
2.81000000
1.62000000
2.03500000
2.45500000
6.08000000
4.07000000
2.64000000
2.17000000
4.76500000
6.21000000
2.95500000
5.94000000
0.44500000
3.73000000
3.20500000
5.84500000
5.26000000
5.85500000
5.32500000
2.36500000
1.45000000
5.41500000
4.10000000
2.90000000
0.62500000
3.67500000
1.12500000
2.30500000
5.82500000
2.42000000
3.55500000
3.08000000
3.76500000
4.14000000
5.28000000
2.25000000
0.97000000
5.15000000
3.28000000
1.96500000
5.19000000
1.80000000
3.29000000
2.20500000
4.46000000
6.17500000
0.92500000
4.86000000
6.22000000
1.82000000
3.53500000
6.27500000
6.05000000
3.89500000
1.22000000
1.26500000
5.82000000
0.76500000
1.49000000
6.25500000
1.92000000
2.00000000
3.43500000
1.85500000
3.89000000
1.85500000
1.84000000
1.82000000
1.80000000
1.62000000
1.54000000
1.49000000
1.45000000
1.45000000
1.26500000
1.22000000
1.12500000
0.97000000
0.92500000
0.78000000
0.76500000
0.62500000
0.56500000
0.44500000
0.22500000
0.01500000
6.27500000
6.25500000
6.22000000
6.21000000
6.19000000
6.17500000
6.17500000
6.08500000
6.08000000
6.05000000
5.94000000
5.85500000
5.84500000
5.82500000
5.82000000
5.75500000
5.56000000
5.56000000
5.41500000
5.32500000
5.28000000
5.26000000
5.25000000
5.20000000
5.19000000
5.15000000
5.00000000
4.86000000
4.76500000
4.76500000
4.46000000
4.37000000
4.27500000
4.14000000
4.10000000
4.07000000
4.06000000
4.00500000
3.89500000
3.89000000
3.76500000
3.73000000
3.67500000
3.55500000
3.55500000
3.53500000
3.43500000
3.39000000
3.29000000
3.28000000
3.20500000
3.08000000
3.01500000
2.95500000
2.90000000
2.87000000
2.84500000
2.84000000
2.81000000
2.72500000
2.71000000
2.65000000
2.64000000
2.45500000
2.42000000
2.36500000
2.30500000
2.25000000
2.23000000
2.20500000
2.17000000
2.03500000
2.01000000
2.00000000
1.99000000
1.98500000
1.96500000
1.92000000
1.92000000
1.85500000
1.85500000
1.84000000
1.84000000
1.82000000
1.82000000
1.80000000
1.80000000
1.62000000
1.62000000
1.54000000
1.54000000
1.49000000
1.49000000
1.45000000
1.45000000
1.45000000
1.45000000
1.26500000
1.26500000
1.22000000
1.22000000
1.12500000
1.12500000
0.97000000
0.97000000
0.92500000
0.92500000
0.78000000
0.78000000
0.76500000
0.76500000
0.62500000
0.62500000
0.56500000
0.56500000
0.44500000
0.44500000
0.22500000
0.22500000
0.01500000
0.01500000
6.27500000
6.27500000
6.25500000
6.25500000
6.22000000
6.22000000
6.21000000
6.21000000
6.19000000
6.19000000
6.17500000
6.17500000
6.17500000
6.17500000
6.08500000
6.08500000
6.08000000
6.08000000
6.05000000
6.05000000
5.94000000
5.94000000
5.85500000
5.85500000
5.84500000
5.84500000
5.82500000
5.82500000
5.82000000
5.82000000
5.75500000
5.75500000
5.56000000
5.56000000
5.56000000
5.56000000
5.41500000
5.41500000
5.32500000
5.32500000
5.28000000
5.28000000
5.26000000
5.26000000
5.25000000
5.25000000
5.20000000
5.20000000
5.19000000
5.19000000
5.15000000
5.15000000
5.00000000
5.00000000
4.86000000
4.86000000
4.76500000
4.76500000
4.76500000
4.76500000
4.46000000
4.46000000
4.37000000
4.37000000
4.27500000
4.27500000
4.14000000
4.14000000
4.10000000
4.10000000
4.07000000
4.07000000
4.06000000
4.06000000
4.00500000
4.00500000
3.89500000
3.89500000
3.89000000
3.89000000
3.76500000
3.76500000
3.73000000
3.73000000
3.67500000
3.67500000
3.55500000
3.55500000
3.55500000
3.55500000
3.53500000
3.53500000
3.43500000
3.43500000
3.39000000
3.39000000
3.29000000
3.29000000
3.28000000
3.28000000
3.20500000
3.20500000
3.08000000
3.08000000
3.01500000
3.01500000
2.95500000
2.95500000
2.90000000
2.90000000
2.87000000
2.87000000
2.84500000
2.84500000
2.84000000
2.84000000
2.81000000
2.81000000
2.72500000
2.72500000
2.71000000
2.71000000
2.65000000
2.65000000
2.64000000
2.64000000
2.45500000
2.45500000
2.42000000
2.42000000
2.36500000
2.36500000
2.30500000
2.30500000
2.25000000
2.25000000
2.23000000
2.23000000
2.20500000
2.20500000
2.17000000
2.17000000
2.03500000
2.03500000
2.01000000
2.01000000
2.00000000
2.00000000
1.99000000
1.99000000
1.98500000
1.98500000
1.96500000
1.96500000
1.92000000
1.92000000
1.92000000
1.92000000
1.85500000
1.85500000
1.85500000
1.85500000
1.84000000
1.84000000
1.84000000
1.84000000
1.82000000
1.82000000
1.82000000
1.82000000
1.80000000
1.80000000
1.80000000
1.80000000
1.62000000
1.62000000
1.62000000
1.62000000
1.54000000
1.54000000
1.54000000
1.54000000
1.49000000
1.49000000
1.49000000
1.49000000
1.45000000
1.45000000
1.45000000
1.45000000
1.45000000
1.45000000
1.45000000
1.45000000
1.26500000
1.26500000
1.26500000
1.26500000
1.22000000
1.22000000
1.22000000
1.22000000
1.12500000
1.12500000
1.12500000
1.12500000
0.97000000
0.97000000
0.97000000
0.97000000
0.92500000
0.92500000
0.92500000
0.92500000
0.78000000
0.78000000
0.78000000
0.78000000
0.76500000
0.76500000
0.76500000
0.76500000
0.62500000
0.62500000
0.62500000
0.62500000
0.56500000
0.56500000
0.56500000
0.56500000
0.44500000
0.44500000
0.44500000
0.44500000
0.22500000
0.22500000
0.22500000
0.22500000
0.01500000
0.01500000
0.01500000
0.01500000
6.27500000
6.27500000
6.27500000
6.27500000
6.25500000
6.25500000
6.25500000
6.25500000
6.22000000
6.22000000
6.22000000
6.22000000
6.21000000
6.21000000
6.21000000
6.21000000
6.19000000
6.19000000
6.19000000
6.19000000
6.17500000
6.17500000
6.17500000
6.17500000
6.17500000
6.17500000
6.17500000
6.17500000
6.08500000
6.08500000
6.08500000
6.08500000
6.08000000
6.08000000
6.08000000
6.08000000
6.05000000
6.05000000
6.05000000
6.05000000
5.94000000
5.94000000
5.94000000
5.94000000
5.85500000
5.85500000
5.85500000
5.85500000
5.84500000
5.84500000
5.84500000
5.84500000
5.82500000
5.82500000
5.82500000
5.82500000
5.82000000
5.82000000
5.82000000
5.82000000
5.75500000
5.75500000
5.75500000
5.75500000
5.56000000
5.56000000
5.56000000
5.56000000
5.56000000
5.56000000
5.56000000
5.56000000
5.41500000
5.41500000
5.41500000
5.41500000
5.32500000
5.32500000
5.32500000
5.32500000
5.28000000
5.28000000
5.28000000
5.28000000
5.26000000
5.26000000
5.26000000
5.26000000
5.25000000
5.25000000
5.25000000
5.25000000
5.20000000
5.20000000
5.20000000
5.20000000
5.19000000
5.19000000
5.19000000
5.19000000
5.15000000
5.15000000
5.15000000
5.15000000
5.00000000
5.00000000
5.00000000
5.00000000
4.86000000
4.86000000
4.86000000
4.86000000
4.76500000
4.76500000
4.76500000
4.76500000
4.76500000
4.76500000
4.76500000
4.76500000
4.46000000
4.46000000
4.46000000
4.46000000
4.37000000
4.37000000
4.37000000
4.37000000
4.27500000
4.27500000
4.27500000
4.27500000
4.14000000
4.14000000
4.14000000
4.14000000
4.10000000
4.10000000
4.10000000
4.10000000
4.07000000
4.07000000
4.07000000
4.07000000
4.06000000
4.06000000
4.06000000
4.06000000
4.00500000
4.00500000
4.00500000
4.00500000
3.89500000
3.89500000
3.89500000
3.89500000
3.89000000
3.89000000
3.89000000
3.89000000
3.76500000
3.76500000
3.76500000
3.76500000
3.73000000
3.73000000
3.73000000
3.73000000
3.67500000
3.67500000
3.67500000
3.67500000
3.55500000
3.55500000
3.55500000
3.55500000
3.55500000
3.55500000
3.55500000
3.55500000
3.53500000
3.53500000
3.53500000
3.53500000
3.43500000
3.43500000
3.43500000
3.43500000
3.39000000
3.39000000
3.39000000
3.39000000
3.29000000
3.29000000
3.29000000
3.29000000
3.28000000
3.28000000
3.28000000
3.28000000
3.20500000
3.20500000
3.20500000
3.20500000
3.08000000
3.08000000
3.08000000
3.08000000
3.01500000
3.01500000
3.01500000
3.01500000
2.95500000
2.95500000
2.95500000
2.95500000
2.90000000
2.90000000
2.90000000
2.90000000
2.87000000
2.87000000
2.87000000
2.87000000
2.84500000
2.84500000
2.84500000
2.84500000
2.84000000
2.84000000
2.84000000
2.84000000
2.81000000
2.81000000
2.81000000
2.81000000
2.72500000
2.72500000
2.72500000
2.72500000
2.71000000
2.71000000
2.71000000
2.71000000
2.65000000
2.65000000
2.65000000
2.65000000
2.64000000
2.64000000
2.64000000
2.64000000
2.45500000
2.45500000
2.45500000
2.45500000
2.42000000
2.42000000
2.42000000
2.42000000
2.36500000
2.36500000
2.36500000
2.36500000
2.30500000
2.30500000
2.30500000
2.30500000
2.25000000
2.25000000
2.25000000
2.25000000
2.23000000
2.23000000
2.23000000
2.23000000
2.20500000
2.20500000
2.20500000
2.20500000
2.17000000
2.17000000
2.17000000
2.17000000
2.03500000
2.03500000
2.03500000
2.03500000
2.01000000
2.01000000
2.01000000
2.01000000
2.00000000
2.00000000
2.00000000
2.00000000
1.99000000
1.99000000
1.99000000
1.99000000
1.98500000
1.98500000
1.98500000
1.98500000
1.96500000
1.96500000
1.96500000
1.96500000
1.92000000
1.92000000
1.92000000
1.92000000
1.92000000
1.92000000
1.92000000
1.92000000
1.85500000
1.85500000
1.85500000
1.85500000
1.85500000
1.85500000
1.85500000
1.85500000
1.84000000
1.84000000
1.84000000
1.84000000
1.84000000
1.84000000
1.84000000
1.84000000
1.82000000
1.82000000
1.82000000
1.82000000
1.82000000
1.82000000
1.82000000
1.82000000
1.80000000
1.80000000
1.80000000
1.80000000
1.80000000
1.80000000
1.80000000
1.80000000
1.62000000
1.62000000
1.62000000
1.62000000
1.62000000
1.62000000
1.62000000
1.62000000
1.54000000
1.54000000
1.54000000
1.54000000
1.54000000
1.54000000
1.54000000
1.54000000
1.49000000
1.49000000
1.49000000
1.49000000
1.49000000
1.49000000
1.49000000
1.49000000
1.45000000
1.45000000
1.45000000
1.45000000
1.45000000
1.45000000
1.45000000
1.45000000
1.45000000
1.45000000
1.45000000
1.45000000
1.45000000
1.45000000
1.45000000
1.45000000
1.26500000
1.26500000
1.26500000
1.26500000
1.26500000
1.26500000
1.26500000
1.26500000
1.22000000
1.22000000
1.22000000
1.22000000
1.22000000
1.22000000
1.22000000
1.22000000
1.12500000
1.12500000
1.12500000
1.12500000
1.12500000
1.12500000
1.12500000
1.12500000
0.97000000
0.97000000
0.97000000
0.97000000
0.97000000
0.97000000
0.97000000
0.97000000
0.92500000
0.92500000
0.92500000
0.92500000
0.92500000
0.92500000
0.92500000
0.92500000
0.78000000
0.78000000
0.78000000
0.78000000
0.78000000
0.78000000
0.78000000
0.78000000
0.76500000
0.76500000
0.76500000
0.76500000
0.76500000
0.76500000
0.76500000
0.76500000
0.62500000
0.62500000
0.62500000
0.62500000
0.62500000
0.62500000
0.62500000
0.62500000
0.56500000
0.56500000
0.56500000
0.56500000
0.56500000
0.56500000
0.56500000
0.56500000
0.44500000
0.44500000
0.44500000
0.44500000
0.44500000
0.44500000
0.44500000
0.44500000
0.22500000
0.22500000
0.22500000
0.22500000
0.22500000
0.22500000
0.22500000
0.22500000
0.01500000
0.01500000
0.01500000
0.01500000
0.01500000
0.01500000
0.01500000
0.01500000
