0.72500000
4.51000000
3.25000000
0.87000000
1.01500000
1.39000000
2.27500000
4.19000000
4.30000000
2.00500000
4.85000000
6.27500000
5.82500000
3.56000000
5.06500000
0.84000000
2.37000000
1.55500000
2.76500000
3.20000000
6.27000000
0.71000000
6.20500000
3.00000000
0.65000000
4.17500000
3.56000000
6.12500000
0.84500000
0.01000000
2.06000000
5.73500000
0.23000000
4.08500000
3.75500000
0.81000000
5.90500000
0.03500000
0.45500000
4.08000000
2.07000000
0.64000000
0.17000000
2.76500000
4.21000000
0.95500000
3.94000000
4.73000000
1.73000000
1.20500000
3.84500000
3.26000000
3.85500000
3.32500000
0.36500000
5.73500000
3.41500000
2.10000000
0.90000000
4.91000000
1.67500000
5.41000000
0.30500000
3.82500000
0.42000000
1.55500000
1.08000000
1.76500000
2.14000000
3.28000000
0.25000000
5.25500000
3.15000000
1.28000000
6.25000000
3.19000000
6.08500000
1.29000000
0.20500000
2.46000000
4.17500000
5.21000000
2.86000000
4.22000000
6.10500000
1.53500000
4.27500000
4.05000000
1.89500000
5.50500000
5.55000000
3.82000000
5.05000000
5.77500000
4.25500000
6.20500000
0.00000000
1.43500000
6.14000000
1.89000000
6.14000000
6.12500000
6.10500000
6.08500000
5.90500000
5.82500000
5.77500000
5.73500000
5.73500000
5.55000000
5.50500000
5.41000000
5.25500000
5.21000000
5.06500000
5.05000000
4.91000000
4.85000000
4.73000000
4.51000000
4.30000000
4.27500000
4.25500000
4.22000000
4.21000000
4.19000000
4.17500000
4.17500000
4.08500000
4.08000000
4.05000000
3.94000000
3.85500000
3.84500000
3.82500000
3.82000000
3.75500000
3.56000000
3.56000000
3.41500000
3.32500000
3.28000000
3.26000000
3.25000000
3.20000000
3.19000000
3.15000000
3.00000000
2.86000000
2.76500000
2.76500000
2.46000000
2.37000000
2.27500000
2.14000000
2.10000000
2.07000000
2.06000000
2.00500000
1.89500000
1.89000000
1.76500000
1.73000000
1.67500000
1.55500000
1.55500000
1.53500000
1.43500000
1.39000000
1.29000000
1.28000000
1.20500000
1.08000000
1.01500000
0.95500000
0.90000000
0.87000000
0.84500000
0.84000000
0.81000000
0.72500000
0.71000000
0.65000000
0.64000000
0.45500000
0.42000000
0.36500000
0.30500000
0.25000000
0.23000000
0.20500000
0.17000000
0.03500000
0.01000000
0.00000000
6.27500000
6.27000000
6.25000000
6.20500000
6.20500000
6.14000000
6.14000000
6.12500000
6.12500000
6.10500000
6.10500000
6.08500000
6.08500000
5.90500000
5.90500000
5.82500000
5.82500000
5.77500000
5.77500000
5.73500000
5.73500000
5.73500000
5.73500000
5.55000000
5.55000000
5.50500000
5.50500000
5.41000000
5.41000000
5.25500000
5.25500000
5.21000000
5.21000000
5.06500000
5.06500000
5.05000000
5.05000000
4.91000000
4.91000000
4.85000000
4.85000000
4.73000000
4.73000000
4.51000000
4.51000000
4.30000000
4.30000000
4.27500000
4.27500000
4.25500000
4.25500000
4.22000000
4.22000000
4.21000000
4.21000000
4.19000000
4.19000000
4.17500000
4.17500000
4.17500000
4.17500000
4.08500000
4.08500000
4.08000000
4.08000000
4.05000000
4.05000000
3.94000000
3.94000000
3.85500000
3.85500000
3.84500000
3.84500000
3.82500000
3.82500000
3.82000000
3.82000000
3.75500000
3.75500000
3.56000000
3.56000000
3.56000000
3.56000000
3.41500000
3.41500000
3.32500000
3.32500000
3.28000000
3.28000000
3.26000000
3.26000000
3.25000000
3.25000000
3.20000000
3.20000000
3.19000000
3.19000000
3.15000000
3.15000000
3.00000000
3.00000000
2.86000000
2.86000000
2.76500000
2.76500000
2.76500000
2.76500000
2.46000000
2.46000000
2.37000000
2.37000000
2.27500000
2.27500000
2.14000000
2.14000000
2.10000000
2.10000000
2.07000000
2.07000000
2.06000000
2.06000000
2.00500000
2.00500000
1.89500000
1.89500000
1.89000000
1.89000000
1.76500000
1.76500000
1.73000000
1.73000000
1.67500000
1.67500000
1.55500000
1.55500000
1.55500000
1.55500000
1.53500000
1.53500000
1.43500000
1.43500000
1.39000000
1.39000000
1.29000000
1.29000000
1.28000000
1.28000000
1.20500000
1.20500000
1.08000000
1.08000000
1.01500000
1.01500000
0.95500000
0.95500000
0.90000000
0.90000000
0.87000000
0.87000000
0.84500000
0.84500000
0.84000000
0.84000000
0.81000000
0.81000000
0.72500000
0.72500000
0.71000000
0.71000000
0.65000000
0.65000000
0.64000000
0.64000000
0.45500000
0.45500000
0.42000000
0.42000000
0.36500000
0.36500000
0.30500000
0.30500000
0.25000000
0.25000000
0.23000000
0.23000000
0.20500000
0.20500000
0.17000000
0.17000000
0.03500000
0.03500000
0.01000000
0.01000000
0.00000000
0.00000000
6.27500000
6.27500000
6.27000000
6.27000000
6.25000000
6.25000000
6.20500000
6.20500000
6.20500000
6.20500000
6.14000000
6.14000000
6.14000000
6.14000000
6.12500000
6.12500000
6.12500000
6.12500000
6.10500000
6.10500000
6.10500000
6.10500000
6.08500000
6.08500000
6.08500000
6.08500000
5.90500000
5.90500000
5.90500000
5.90500000
5.82500000
5.82500000
5.82500000
5.82500000
5.77500000
5.77500000
5.77500000
5.77500000
5.73500000
5.73500000
5.73500000
5.73500000
5.73500000
5.73500000
5.73500000
5.73500000
5.55000000
5.55000000
5.55000000
5.55000000
5.50500000
5.50500000
5.50500000
5.50500000
5.41000000
5.41000000
5.41000000
5.41000000
5.25500000
5.25500000
5.25500000
5.25500000
5.21000000
5.21000000
5.21000000
5.21000000
5.06500000
5.06500000
5.06500000
5.06500000
5.05000000
5.05000000
5.05000000
5.05000000
4.91000000
4.91000000
4.91000000
4.91000000
4.85000000
4.85000000
4.85000000
4.85000000
4.73000000
4.73000000
4.73000000
4.73000000
4.51000000
4.51000000
4.51000000
4.51000000
4.30000000
4.30000000
4.30000000
4.30000000
4.27500000
4.27500000
4.27500000
4.27500000
4.25500000
4.25500000
4.25500000
4.25500000
4.22000000
4.22000000
4.22000000
4.22000000
4.21000000
4.21000000
4.21000000
4.21000000
4.19000000
4.19000000
4.19000000
4.19000000
4.17500000
4.17500000
4.17500000
4.17500000
4.17500000
4.17500000
4.17500000
4.17500000
4.08500000
4.08500000
4.08500000
4.08500000
4.08000000
4.08000000
4.08000000
4.08000000
4.05000000
4.05000000
4.05000000
4.05000000
3.94000000
3.94000000
3.94000000
3.94000000
3.85500000
3.85500000
3.85500000
3.85500000
3.84500000
3.84500000
3.84500000
3.84500000
3.82500000
3.82500000
3.82500000
3.82500000
3.82000000
3.82000000
3.82000000
3.82000000
3.75500000
3.75500000
3.75500000
3.75500000
3.56000000
3.56000000
3.56000000
3.56000000
3.56000000
3.56000000
3.56000000
3.56000000
3.41500000
3.41500000
3.41500000
3.41500000
3.32500000
3.32500000
3.32500000
3.32500000
3.28000000
3.28000000
3.28000000
3.28000000
3.26000000
3.26000000
3.26000000
3.26000000
3.25000000
3.25000000
3.25000000
3.25000000
3.20000000
3.20000000
3.20000000
3.20000000
3.19000000
3.19000000
3.19000000
3.19000000
3.15000000
3.15000000
3.15000000
3.15000000
3.00000000
3.00000000
3.00000000
3.00000000
2.86000000
2.86000000
2.86000000
2.86000000
2.76500000
2.76500000
2.76500000
2.76500000
2.76500000
2.76500000
2.76500000
2.76500000
2.46000000
2.46000000
2.46000000
2.46000000
2.37000000
2.37000000
2.37000000
2.37000000
2.27500000
2.27500000
2.27500000
2.27500000
2.14000000
2.14000000
2.14000000
2.14000000
2.10000000
2.10000000
2.10000000
2.10000000
2.07000000
2.07000000
2.07000000
2.07000000
2.06000000
2.06000000
2.06000000
2.06000000
2.00500000
2.00500000
2.00500000
2.00500000
1.89500000
1.89500000
1.89500000
1.89500000
1.89000000
1.89000000
1.89000000
1.89000000
1.76500000
1.76500000
1.76500000
1.76500000
1.73000000
1.73000000
1.73000000
1.73000000
1.67500000
1.67500000
1.67500000
1.67500000
1.55500000
1.55500000
1.55500000
1.55500000
1.55500000
1.55500000
1.55500000
1.55500000
1.53500000
1.53500000
1.53500000
1.53500000
1.43500000
1.43500000
1.43500000
1.43500000
1.39000000
1.39000000
1.39000000
1.39000000
1.29000000
1.29000000
1.29000000
1.29000000
1.28000000
1.28000000
1.28000000
1.28000000
1.20500000
1.20500000
1.20500000
1.20500000
1.08000000
1.08000000
1.08000000
1.08000000
1.01500000
1.01500000
1.01500000
1.01500000
0.95500000
0.95500000
0.95500000
0.95500000
0.90000000
0.90000000
0.90000000
0.90000000
0.87000000
0.87000000
0.87000000
0.87000000
0.84500000
0.84500000
0.84500000
0.84500000
0.84000000
0.84000000
0.84000000
0.84000000
0.81000000
0.81000000
0.81000000
0.81000000
0.72500000
0.72500000
0.72500000
0.72500000
0.71000000
0.71000000
0.71000000
0.71000000
0.65000000
0.65000000
0.65000000
0.65000000
0.64000000
0.64000000
0.64000000
0.64000000
0.45500000
0.45500000
0.45500000
0.45500000
0.42000000
0.42000000
0.42000000
0.42000000
0.36500000
0.36500000
0.36500000
0.36500000
0.30500000
0.30500000
0.30500000
0.30500000
0.25000000
0.25000000
0.25000000
0.25000000
0.23000000
0.23000000
0.23000000
0.23000000
0.20500000
0.20500000
0.20500000
0.20500000
0.17000000
0.17000000
0.17000000
0.17000000
0.03500000
0.03500000
0.03500000
0.03500000
0.01000000
0.01000000
0.01000000
0.01000000
0.00000000
0.00000000
0.00000000
0.00000000
