5.16000000
2.66000000
1.40000000
5.30500000
5.45000000
5.82500000
0.42500000
2.34000000
2.45000000
0.15500000
3.00000000
4.42500000
3.97500000
1.71000000
3.21500000
5.27500000
0.52000000
5.99000000
0.91500000
1.35000000
4.42000000
5.14500000
4.35500000
1.15000000
5.08500000
2.32500000
1.71000000
4.27500000
5.28000000
4.44500000
0.21000000
3.88500000
4.66500000
2.23500000
1.90500000
5.24500000
4.05500000
4.47000000
4.89000000
2.23000000
0.22000000
5.07500000
4.60500000
0.91500000
2.36000000
5.39000000
2.09000000
2.88000000
6.16500000
5.64000000
1.99500000
1.41000000
2.00500000
1.47500000
4.80000000
3.88500000
1.56500000
0.25000000
5.33500000
3.06000000
6.11000000
3.56000000
4.74000000
1.97500000
4.85500000
5.99000000
5.51500000
6.20000000
0.29000000
1.43000000
4.68500000
3.40500000
1.30000000
5.71500000
4.40000000
1.34000000
4.23500000
5.72500000
4.64000000
0.61000000
2.32500000
3.36000000
1.01000000
2.37000000
4.25500000
5.97000000
2.42500000
2.20000000
0.04500000
3.65500000
3.70000000
1.97000000
3.20000000
3.92500000
2.40500000
4.35500000
4.43500000
5.87000000
4.29000000
0.04000000
4.29000000
4.27500000
4.25500000
4.23500000
4.05500000
3.97500000
3.92500000
3.88500000
3.88500000
3.70000000
3.65500000
3.56000000
3.40500000
3.36000000
3.21500000
3.20000000
3.06000000
3.00000000
2.88000000
2.66000000
2.45000000
2.42500000
2.40500000
2.37000000
2.36000000
2.34000000
2.32500000
2.32500000
2.23500000
2.23000000
2.20000000
2.09000000
2.00500000
1.99500000
1.97500000
1.97000000
1.90500000
1.71000000
1.71000000
1.56500000
1.47500000
1.43000000
1.41000000
1.40000000
1.35000000
1.34000000
1.30000000
1.15000000
1.01000000
0.91500000
0.91500000
0.61000000
0.52000000
0.42500000
0.29000000
0.25000000
0.22000000
0.21000000
0.15500000
0.04500000
0.04000000
6.20000000
6.16500000
6.11000000
5.99000000
5.99000000
5.97000000
5.87000000
5.82500000
5.72500000
5.71500000
5.64000000
5.51500000
5.45000000
5.39000000
5.33500000
5.30500000
5.28000000
5.27500000
5.24500000
5.16000000
5.14500000
5.08500000
5.07500000
4.89000000
4.85500000
4.80000000
4.74000000
4.68500000
4.66500000
4.64000000
4.60500000
4.47000000
4.44500000
4.43500000
4.42500000
4.42000000
4.40000000
4.35500000
4.35500000
4.29000000
4.29000000
4.27500000
4.27500000
4.25500000
4.25500000
4.23500000
4.23500000
4.05500000
4.05500000
3.97500000
3.97500000
3.92500000
3.92500000
3.88500000
3.88500000
3.88500000
3.88500000
3.70000000
3.70000000
3.65500000
3.65500000
3.56000000
3.56000000
3.40500000
3.40500000
3.36000000
3.36000000
3.21500000
3.21500000
3.20000000
3.20000000
3.06000000
3.06000000
3.00000000
3.00000000
2.88000000
2.88000000
2.66000000
2.66000000
2.45000000
2.45000000
2.42500000
2.42500000
2.40500000
2.40500000
2.37000000
2.37000000
2.36000000
2.36000000
2.34000000
2.34000000
2.32500000
2.32500000
2.32500000
2.32500000
2.23500000
2.23500000
2.23000000
2.23000000
2.20000000
2.20000000
2.09000000
2.09000000
2.00500000
2.00500000
1.99500000
1.99500000
1.97500000
1.97500000
1.97000000
1.97000000
1.90500000
1.90500000
1.71000000
1.71000000
1.71000000
1.71000000
1.56500000
1.56500000
1.47500000
1.47500000
1.43000000
1.43000000
1.41000000
1.41000000
1.40000000
1.40000000
1.35000000
1.35000000
1.34000000
1.34000000
1.30000000
1.30000000
1.15000000
1.15000000
1.01000000
1.01000000
0.91500000
0.91500000
0.91500000
0.91500000
0.61000000
0.61000000
0.52000000
0.52000000
0.42500000
0.42500000
0.29000000
0.29000000
0.25000000
0.25000000
0.22000000
0.22000000
0.21000000
0.21000000
0.15500000
0.15500000
0.04500000
0.04500000
0.04000000
0.04000000
6.20000000
6.20000000
6.16500000
6.16500000
6.11000000
6.11000000
5.99000000
5.99000000
5.99000000
5.99000000
5.97000000
5.97000000
5.87000000
5.87000000
5.82500000
5.82500000
5.72500000
5.72500000
5.71500000
5.71500000
5.64000000
5.64000000
5.51500000
5.51500000
5.45000000
5.45000000
5.39000000
5.39000000
5.33500000
5.33500000
5.30500000
5.30500000
5.28000000
5.28000000
5.27500000
5.27500000
5.24500000
5.24500000
5.16000000
5.16000000
5.14500000
5.14500000
5.08500000
5.08500000
5.07500000
5.07500000
4.89000000
4.89000000
4.85500000
4.85500000
4.80000000
4.80000000
4.74000000
4.74000000
4.68500000
4.68500000
4.66500000
4.66500000
4.64000000
4.64000000
4.60500000
4.60500000
4.47000000
4.47000000
4.44500000
4.44500000
4.43500000
4.43500000
4.42500000
4.42500000
4.42000000
4.42000000
4.40000000
4.40000000
4.35500000
4.35500000
4.35500000
4.35500000
4.29000000
4.29000000
4.29000000
4.29000000
4.27500000
4.27500000
4.27500000
4.27500000
4.25500000
4.25500000
4.25500000
4.25500000
4.23500000
4.23500000
4.23500000
4.23500000
4.05500000
4.05500000
4.05500000
4.05500000
3.97500000
3.97500000
3.97500000
3.97500000
3.92500000
3.92500000
3.92500000
3.92500000
3.88500000
3.88500000
3.88500000
3.88500000
3.88500000
3.88500000
3.88500000
3.88500000
3.70000000
3.70000000
3.70000000
3.70000000
3.65500000
3.65500000
3.65500000
3.65500000
3.56000000
3.56000000
3.56000000
3.56000000
3.40500000
3.40500000
3.40500000
3.40500000
3.36000000
3.36000000
3.36000000
3.36000000
3.21500000
3.21500000
3.21500000
3.21500000
3.20000000
3.20000000
3.20000000
3.20000000
3.06000000
3.06000000
3.06000000
3.06000000
3.00000000
3.00000000
3.00000000
3.00000000
2.88000000
2.88000000
2.88000000
2.88000000
2.66000000
2.66000000
2.66000000
2.66000000
2.45000000
2.45000000
2.45000000
2.45000000
2.42500000
2.42500000
2.42500000
2.42500000
2.40500000
2.40500000
2.40500000
2.40500000
2.37000000
2.37000000
2.37000000
2.37000000
2.36000000
2.36000000
2.36000000
2.36000000
2.34000000
2.34000000
2.34000000
2.34000000
2.32500000
2.32500000
2.32500000
2.32500000
2.32500000
2.32500000
2.32500000
2.32500000
2.23500000
2.23500000
2.23500000
2.23500000
2.23000000
2.23000000
2.23000000
2.23000000
2.20000000
2.20000000
2.20000000
2.20000000
2.09000000
2.09000000
2.09000000
2.09000000
2.00500000
2.00500000
2.00500000
2.00500000
1.99500000
1.99500000
1.99500000
1.99500000
1.97500000
1.97500000
1.97500000
1.97500000
1.97000000
1.97000000
1.97000000
1.97000000
1.90500000
1.90500000
1.90500000
1.90500000
1.71000000
1.71000000
1.71000000
1.71000000
1.71000000
1.71000000
1.71000000
1.71000000
1.56500000
1.56500000
1.56500000
1.56500000
1.47500000
1.47500000
1.47500000
1.47500000
1.43000000
1.43000000
1.43000000
1.43000000
1.41000000
1.41000000
1.41000000
1.41000000
1.40000000
1.40000000
1.40000000
1.40000000
1.35000000
1.35000000
1.35000000
1.35000000
1.34000000
1.34000000
1.34000000
1.34000000
1.30000000
1.30000000
1.30000000
1.30000000
1.15000000
1.15000000
1.15000000
1.15000000
1.01000000
1.01000000
1.01000000
1.01000000
0.91500000
0.91500000
0.91500000
0.91500000
0.91500000
0.91500000
0.91500000
0.91500000
0.61000000
0.61000000
0.61000000
0.61000000
0.52000000
0.52000000
0.52000000
0.52000000
0.42500000
0.42500000
0.42500000
0.42500000
0.29000000
0.29000000
0.29000000
0.29000000
0.25000000
0.25000000
0.25000000
0.25000000
0.22000000
0.22000000
0.22000000
0.22000000
0.21000000
0.21000000
0.21000000
0.21000000
0.15500000
0.15500000
0.15500000
0.15500000
0.04500000
0.04500000
0.04500000
0.04500000
0.04000000
0.04000000
0.04000000
0.04000000
