5.21000000
2.71000000
1.45000000
5.35500000
5.50000000
5.87500000
0.47500000
2.39000000
2.50000000
0.20500000
3.05000000
4.47500000
4.02500000
1.76000000
3.26500000
5.32500000
0.57000000
6.04000000
0.96500000
1.40000000
4.47000000
5.19500000
4.40500000
1.20000000
5.13500000
2.37500000
1.76000000
4.32500000
5.33000000
4.49500000
0.26000000
3.93500000
4.71500000
2.28500000
1.95500000
5.29500000
4.10500000
4.52000000
4.94000000
2.28000000
0.27000000
5.12500000
4.65500000
0.96500000
2.41000000
5.44000000
2.14000000
2.93000000
6.21500000
5.69000000
2.04500000
1.46000000
2.05500000
1.52500000
4.85000000
3.93500000
1.61500000
0.30000000
5.38500000
3.11000000
6.16000000
3.61000000
4.79000000
2.02500000
4.90500000
6.04000000
5.56500000
6.25000000
0.34000000
1.48000000
4.73500000
3.45500000
1.35000000
5.76500000
4.45000000
1.39000000
4.28500000
5.77500000
4.69000000
0.66000000
2.37500000
3.41000000
1.06000000
2.42000000
4.30500000
6.02000000
2.47500000
2.25000000
0.09500000
3.70500000
3.75000000
2.02000000
3.25000000
3.97500000
2.45500000
4.40500000
4.48500000
5.92000000
4.34000000
0.09000000
4.34000000
4.32500000
4.30500000
4.28500000
4.10500000
4.02500000
3.97500000
3.93500000
3.93500000
3.75000000
3.70500000
3.61000000
3.45500000
3.41000000
3.26500000
3.25000000
3.11000000
3.05000000
2.93000000
2.71000000
2.50000000
2.47500000
2.45500000
2.42000000
2.41000000
2.39000000
2.37500000
2.37500000
2.28500000
2.28000000
2.25000000
2.14000000
2.05500000
2.04500000
2.02500000
2.02000000
1.95500000
1.76000000
1.76000000
1.61500000
1.52500000
1.48000000
1.46000000
1.45000000
1.40000000
1.39000000
1.35000000
1.20000000
1.06000000
0.96500000
0.96500000
0.66000000
0.57000000
0.47500000
0.34000000
0.30000000
0.27000000
0.26000000
0.20500000
0.09500000
0.09000000
6.25000000
6.21500000
6.16000000
6.04000000
6.04000000
6.02000000
5.92000000
5.87500000
5.77500000
5.76500000
5.69000000
5.56500000
5.50000000
5.44000000
5.38500000
5.35500000
5.33000000
5.32500000
5.29500000
5.21000000
5.19500000
5.13500000
5.12500000
4.94000000
4.90500000
4.85000000
4.79000000
4.73500000
4.71500000
4.69000000
4.65500000
4.52000000
4.49500000
4.48500000
4.47500000
4.47000000
4.45000000
4.40500000
4.40500000
4.34000000
4.34000000
4.32500000
4.32500000
4.30500000
4.30500000
4.28500000
4.28500000
4.10500000
4.10500000
4.02500000
4.02500000
3.97500000
3.97500000
3.93500000
3.93500000
3.93500000
3.93500000
3.75000000
3.75000000
3.70500000
3.70500000
3.61000000
3.61000000
3.45500000
3.45500000
3.41000000
3.41000000
3.26500000
3.26500000
3.25000000
3.25000000
3.11000000
3.11000000
3.05000000
3.05000000
2.93000000
2.93000000
2.71000000
2.71000000
2.50000000
2.50000000
2.47500000
2.47500000
2.45500000
2.45500000
2.42000000
2.42000000
2.41000000
2.41000000
2.39000000
2.39000000
2.37500000
2.37500000
2.37500000
2.37500000
2.28500000
2.28500000
2.28000000
2.28000000
2.25000000
2.25000000
2.14000000
2.14000000
2.05500000
2.05500000
2.04500000
2.04500000
2.02500000
2.02500000
2.02000000
2.02000000
1.95500000
1.95500000
1.76000000
1.76000000
1.76000000
1.76000000
1.61500000
1.61500000
1.52500000
1.52500000
1.48000000
1.48000000
1.46000000
1.46000000
1.45000000
1.45000000
1.40000000
1.40000000
1.39000000
1.39000000
1.35000000
1.35000000
1.20000000
1.20000000
1.06000000
1.06000000
0.96500000
0.96500000
0.96500000
0.96500000
0.66000000
0.66000000
0.57000000
0.57000000
0.47500000
0.47500000
0.34000000
0.34000000
0.30000000
0.30000000
0.27000000
0.27000000
0.26000000
0.26000000
0.20500000
0.20500000
0.09500000
0.09500000
0.09000000
0.09000000
6.25000000
6.25000000
6.21500000
6.21500000
6.16000000
6.16000000
6.04000000
6.04000000
6.04000000
6.04000000
6.02000000
6.02000000
5.92000000
5.92000000
5.87500000
5.87500000
5.77500000
5.77500000
5.76500000
5.76500000
5.69000000
5.69000000
5.56500000
5.56500000
5.50000000
5.50000000
5.44000000
5.44000000
5.38500000
5.38500000
5.35500000
5.35500000
5.33000000
5.33000000
5.32500000
5.32500000
5.29500000
5.29500000
5.21000000
5.21000000
5.19500000
5.19500000
5.13500000
5.13500000
5.12500000
5.12500000
4.94000000
4.94000000
4.90500000
4.90500000
4.85000000
4.85000000
4.79000000
4.79000000
4.73500000
4.73500000
4.71500000
4.71500000
4.69000000
4.69000000
4.65500000
4.65500000
4.52000000
4.52000000
4.49500000
4.49500000
4.48500000
4.48500000
4.47500000
4.47500000
4.47000000
4.47000000
4.45000000
4.45000000
4.40500000
4.40500000
4.40500000
4.40500000
4.34000000
4.34000000
4.34000000
4.34000000
4.32500000
4.32500000
4.32500000
4.32500000
4.30500000
4.30500000
4.30500000
4.30500000
4.28500000
4.28500000
4.28500000
4.28500000
4.10500000
4.10500000
4.10500000
4.10500000
4.02500000
4.02500000
4.02500000
4.02500000
3.97500000
3.97500000
3.97500000
3.97500000
3.93500000
3.93500000
3.93500000
3.93500000
3.93500000
3.93500000
3.93500000
3.93500000
3.75000000
3.75000000
3.75000000
3.75000000
3.70500000
3.70500000
3.70500000
3.70500000
3.61000000
3.61000000
3.61000000
3.61000000
3.45500000
3.45500000
3.45500000
3.45500000
3.41000000
3.41000000
3.41000000
3.41000000
3.26500000
3.26500000
3.26500000
3.26500000
3.25000000
3.25000000
3.25000000
3.25000000
3.11000000
3.11000000
3.11000000
3.11000000
3.05000000
3.05000000
3.05000000
3.05000000
2.93000000
2.93000000
2.93000000
2.93000000
2.71000000
2.71000000
2.71000000
2.71000000
2.50000000
2.50000000
2.50000000
2.50000000
2.47500000
2.47500000
2.47500000
2.47500000
2.45500000
2.45500000
2.45500000
2.45500000
2.42000000
2.42000000
2.42000000
2.42000000
2.41000000
2.41000000
2.41000000
2.41000000
2.39000000
2.39000000
2.39000000
2.39000000
2.37500000
2.37500000
2.37500000
2.37500000
2.37500000
2.37500000
2.37500000
2.37500000
2.28500000
2.28500000
2.28500000
2.28500000
2.28000000
2.28000000
2.28000000
2.28000000
2.25000000
2.25000000
2.25000000
2.25000000
2.14000000
2.14000000
2.14000000
2.14000000
2.05500000
2.05500000
2.05500000
2.05500000
2.04500000
2.04500000
2.04500000
2.04500000
2.02500000
2.02500000
2.02500000
2.02500000
2.02000000
2.02000000
2.02000000
2.02000000
1.95500000
1.95500000
1.95500000
1.95500000
1.76000000
1.76000000
1.76000000
1.76000000
1.76000000
1.76000000
1.76000000
1.76000000
1.61500000
1.61500000
1.61500000
1.61500000
1.52500000
1.52500000
1.52500000
1.52500000
1.48000000
1.48000000
1.48000000
1.48000000
1.46000000
1.46000000
1.46000000
1.46000000
1.45000000
1.45000000
1.45000000
1.45000000
1.40000000
1.40000000
1.40000000
1.40000000
1.39000000
1.39000000
1.39000000
1.39000000
1.35000000
1.35000000
1.35000000
1.35000000
1.20000000
1.20000000
1.20000000
1.20000000
1.06000000
1.06000000
1.06000000
1.06000000
0.96500000
0.96500000
0.96500000
0.96500000
0.96500000
0.96500000
0.96500000
0.96500000
0.66000000
0.66000000
0.66000000
0.66000000
0.57000000
0.57000000
0.57000000
0.57000000
0.47500000
0.47500000
0.47500000
0.47500000
0.34000000
0.34000000
0.34000000
0.34000000
0.30000000
0.30000000
0.30000000
0.30000000
0.27000000
0.27000000
0.27000000
0.27000000
0.26000000
0.26000000
0.26000000
0.26000000
0.20500000
0.20500000
0.20500000
0.20500000
0.09500000
0.09500000
0.09500000
0.09500000
0.09000000
0.09000000
0.09000000
0.09000000
