0.82500000
4.61000000
3.35000000
0.97000000
1.11500000
1.49000000
2.37500000
4.29000000
4.40000000
2.10500000
4.95000000
0.09000000
5.92500000
3.66000000
5.16500000
0.94000000
2.47000000
1.65500000
2.86500000
3.30000000
0.08500000
0.81000000
0.02000000
3.10000000
0.75000000
4.27500000
3.66000000
6.22500000
0.94500000
0.11000000
2.16000000
5.83500000
0.33000000
4.18500000
3.85500000
0.91000000
6.00500000
0.13500000
0.55500000
4.18000000
2.17000000
0.74000000
0.27000000
2.86500000
4.31000000
1.05500000
4.04000000
4.83000000
1.83000000
1.30500000
3.94500000
3.36000000
3.95500000
3.42500000
0.46500000
5.83500000
3.51500000
2.20000000
1.00000000
5.01000000
1.77500000
5.51000000
0.40500000
3.92500000
0.52000000
1.65500000
1.18000000
1.86500000
2.24000000
3.38000000
0.35000000
5.35500000
3.25000000
1.38000000
0.06500000
3.29000000
6.18500000
1.39000000
0.30500000
2.56000000
4.27500000
5.31000000
2.96000000
4.32000000
6.20500000
1.63500000
4.37500000
4.15000000
1.99500000
5.60500000
5.65000000
3.92000000
5.15000000
5.87500000
4.35500000
0.02000000
0.10000000
1.53500000
6.24000000
1.99000000
6.24000000
6.22500000
6.20500000
6.18500000
6.00500000
5.92500000
5.87500000
5.83500000
5.83500000
5.65000000
5.60500000
5.51000000
5.35500000
5.31000000
5.16500000
5.15000000
5.01000000
4.95000000
4.83000000
4.61000000
4.40000000
4.37500000
4.35500000
4.32000000
4.31000000
4.29000000
4.27500000
4.27500000
4.18500000
4.18000000
4.15000000
4.04000000
3.95500000
3.94500000
3.92500000
3.92000000
3.85500000
3.66000000
3.66000000
3.51500000
3.42500000
3.38000000
3.36000000
3.35000000
3.30000000
3.29000000
3.25000000
3.10000000
2.96000000
2.86500000
2.86500000
2.56000000
2.47000000
2.37500000
2.24000000
2.20000000
2.17000000
2.16000000
2.10500000
1.99500000
1.99000000
1.86500000
1.83000000
1.77500000
1.65500000
1.65500000
1.63500000
1.53500000
1.49000000
1.39000000
1.38000000
1.30500000
1.18000000
1.11500000
1.05500000
1.00000000
0.97000000
0.94500000
0.94000000
0.91000000
0.82500000
0.81000000
0.75000000
0.74000000
0.55500000
0.52000000
0.46500000
0.40500000
0.35000000
0.33000000
0.30500000
0.27000000
0.13500000
0.11000000
0.10000000
0.09000000
0.08500000
0.06500000
0.02000000
0.02000000
6.24000000
6.24000000
6.22500000
6.22500000
6.20500000
6.20500000
6.18500000
6.18500000
6.00500000
6.00500000
5.92500000
5.92500000
5.87500000
5.87500000
5.83500000
5.83500000
5.83500000
5.83500000
5.65000000
5.65000000
5.60500000
5.60500000
5.51000000
5.51000000
5.35500000
5.35500000
5.31000000
5.31000000
5.16500000
5.16500000
5.15000000
5.15000000
5.01000000
5.01000000
4.95000000
4.95000000
4.83000000
4.83000000
4.61000000
4.61000000
4.40000000
4.40000000
4.37500000
4.37500000
4.35500000
4.35500000
4.32000000
4.32000000
4.31000000
4.31000000
4.29000000
4.29000000
4.27500000
4.27500000
4.27500000
4.27500000
4.18500000
4.18500000
4.18000000
4.18000000
4.15000000
4.15000000
4.04000000
4.04000000
3.95500000
3.95500000
3.94500000
3.94500000
3.92500000
3.92500000
3.92000000
3.92000000
3.85500000
3.85500000
3.66000000
3.66000000
3.66000000
3.66000000
3.51500000
3.51500000
3.42500000
3.42500000
3.38000000
3.38000000
3.36000000
3.36000000
3.35000000
3.35000000
3.30000000
3.30000000
3.29000000
3.29000000
3.25000000
3.25000000
3.10000000
3.10000000
2.96000000
2.96000000
2.86500000
2.86500000
2.86500000
2.86500000
2.56000000
2.56000000
2.47000000
2.47000000
2.37500000
2.37500000
2.24000000
2.24000000
2.20000000
2.20000000
2.17000000
2.17000000
2.16000000
2.16000000
2.10500000
2.10500000
1.99500000
1.99500000
1.99000000
1.99000000
1.86500000
1.86500000
1.83000000
1.83000000
1.77500000
1.77500000
1.65500000
1.65500000
1.65500000
1.65500000
1.63500000
1.63500000
1.53500000
1.53500000
1.49000000
1.49000000
1.39000000
1.39000000
1.38000000
1.38000000
1.30500000
1.30500000
1.18000000
1.18000000
1.11500000
1.11500000
1.05500000
1.05500000
1.00000000
1.00000000
0.97000000
0.97000000
0.94500000
0.94500000
0.94000000
0.94000000
0.91000000
0.91000000
0.82500000
0.82500000
0.81000000
0.81000000
0.75000000
0.75000000
0.74000000
0.74000000
0.55500000
0.55500000
0.52000000
0.52000000
0.46500000
0.46500000
0.40500000
0.40500000
0.35000000
0.35000000
0.33000000
0.33000000
0.30500000
0.30500000
0.27000000
0.27000000
0.13500000
0.13500000
0.11000000
0.11000000
0.10000000
0.10000000
0.09000000
0.09000000
0.08500000
0.08500000
0.06500000
0.06500000
0.02000000
0.02000000
0.02000000
0.02000000
6.24000000
6.24000000
6.24000000
6.24000000
6.22500000
6.22500000
6.22500000
6.22500000
6.20500000
6.20500000
6.20500000
6.20500000
6.18500000
6.18500000
6.18500000
6.18500000
6.00500000
6.00500000
6.00500000
6.00500000
5.92500000
5.92500000
5.92500000
5.92500000
5.87500000
5.87500000
5.87500000
5.87500000
5.83500000
5.83500000
5.83500000
5.83500000
5.83500000
5.83500000
5.83500000
5.83500000
5.65000000
5.65000000
5.65000000
5.65000000
5.60500000
5.60500000
5.60500000
5.60500000
5.51000000
5.51000000
5.51000000
5.51000000
5.35500000
5.35500000
5.35500000
5.35500000
5.31000000
5.31000000
5.31000000
5.31000000
5.16500000
5.16500000
5.16500000
5.16500000
5.15000000
5.15000000
5.15000000
5.15000000
5.01000000
5.01000000
5.01000000
5.01000000
4.95000000
4.95000000
4.95000000
4.95000000
4.83000000
4.83000000
4.83000000
4.83000000
4.61000000
4.61000000
4.61000000
4.61000000
4.40000000
4.40000000
4.40000000
4.40000000
4.37500000
4.37500000
4.37500000
4.37500000
4.35500000
4.35500000
4.35500000
4.35500000
4.32000000
4.32000000
4.32000000
4.32000000
4.31000000
4.31000000
4.31000000
4.31000000
4.29000000
4.29000000
4.29000000
4.29000000
4.27500000
4.27500000
4.27500000
4.27500000
4.27500000
4.27500000
4.27500000
4.27500000
4.18500000
4.18500000
4.18500000
4.18500000
4.18000000
4.18000000
4.18000000
4.18000000
4.15000000
4.15000000
4.15000000
4.15000000
4.04000000
4.04000000
4.04000000
4.04000000
3.95500000
3.95500000
3.95500000
3.95500000
3.94500000
3.94500000
3.94500000
3.94500000
3.92500000
3.92500000
3.92500000
3.92500000
3.92000000
3.92000000
3.92000000
3.92000000
3.85500000
3.85500000
3.85500000
3.85500000
3.66000000
3.66000000
3.66000000
3.66000000
3.66000000
3.66000000
3.66000000
3.66000000
3.51500000
3.51500000
3.51500000
3.51500000
3.42500000
3.42500000
3.42500000
3.42500000
3.38000000
3.38000000
3.38000000
3.38000000
3.36000000
3.36000000
3.36000000
3.36000000
3.35000000
3.35000000
3.35000000
3.35000000
3.30000000
3.30000000
3.30000000
3.30000000
3.29000000
3.29000000
3.29000000
3.29000000
3.25000000
3.25000000
3.25000000
3.25000000
3.10000000
3.10000000
3.10000000
3.10000000
2.96000000
2.96000000
2.96000000
2.96000000
2.86500000
2.86500000
2.86500000
2.86500000
2.86500000
2.86500000
2.86500000
2.86500000
2.56000000
2.56000000
2.56000000
2.56000000
2.47000000
2.47000000
2.47000000
2.47000000
2.37500000
2.37500000
2.37500000
2.37500000
2.24000000
2.24000000
2.24000000
2.24000000
2.20000000
2.20000000
2.20000000
2.20000000
2.17000000
2.17000000
2.17000000
2.17000000
2.16000000
2.16000000
2.16000000
2.16000000
2.10500000
2.10500000
2.10500000
2.10500000
1.99500000
1.99500000
1.99500000
1.99500000
1.99000000
1.99000000
1.99000000
1.99000000
1.86500000
1.86500000
1.86500000
1.86500000
1.83000000
1.83000000
1.83000000
1.83000000
1.77500000
1.77500000
1.77500000
1.77500000
1.65500000
1.65500000
1.65500000
1.65500000
1.65500000
1.65500000
1.65500000
1.65500000
1.63500000
1.63500000
1.63500000
1.63500000
1.53500000
1.53500000
1.53500000
1.53500000
1.49000000
1.49000000
1.49000000
1.49000000
1.39000000
1.39000000
1.39000000
1.39000000
1.38000000
1.38000000
1.38000000
1.38000000
1.30500000
1.30500000
1.30500000
1.30500000
1.18000000
1.18000000
1.18000000
1.18000000
1.11500000
1.11500000
1.11500000
1.11500000
1.05500000
1.05500000
1.05500000
1.05500000
1.00000000
1.00000000
1.00000000
1.00000000
0.97000000
0.97000000
0.97000000
0.97000000
0.94500000
0.94500000
0.94500000
0.94500000
0.94000000
0.94000000
0.94000000
0.94000000
0.91000000
0.91000000
0.91000000
0.91000000
0.82500000
0.82500000
0.82500000
0.82500000
0.81000000
0.81000000
0.81000000
0.81000000
0.75000000
0.75000000
0.75000000
0.75000000
0.74000000
0.74000000
0.74000000
0.74000000
0.55500000
0.55500000
0.55500000
0.55500000
0.52000000
0.52000000
0.52000000
0.52000000
0.46500000
0.46500000
0.46500000
0.46500000
0.40500000
0.40500000
0.40500000
0.40500000
0.35000000
0.35000000
0.35000000
0.35000000
0.33000000
0.33000000
0.33000000
0.33000000
0.30500000
0.30500000
0.30500000
0.30500000
0.27000000
0.27000000
0.27000000
0.27000000
0.13500000
0.13500000
0.13500000
0.13500000
0.11000000
0.11000000
0.11000000
0.11000000
0.10000000
0.10000000
0.10000000
0.10000000
0.09000000
0.09000000
0.09000000
0.09000000
0.08500000
0.08500000
0.08500000
0.08500000
0.06500000
0.06500000
0.06500000
0.06500000
0.02000000
0.02000000
0.02000000
0.02000000
0.02000000
0.02000000
0.02000000
0.02000000
