0.31000000
4.09500000
2.83500000
0.45500000
0.60000000
0.97500000
1.86000000
3.77500000
3.88500000
1.59000000
4.43500000
5.86000000
5.41000000
3.14500000
4.65000000
0.42500000
1.95500000
1.14000000
2.35000000
2.78500000
5.85500000
0.29500000
5.79000000
2.58500000
0.23500000
3.76000000
3.14500000
5.71000000
0.43000000
5.88000000
1.64500000
5.32000000
6.10000000
3.67000000
3.34000000
0.39500000
5.49000000
5.90500000
0.04000000
3.66500000
1.65500000
0.22500000
6.04000000
2.35000000
3.79500000
0.54000000
3.52500000
4.31500000
1.31500000
0.79000000
3.43000000
2.84500000
3.44000000
2.91000000
6.23500000
5.32000000
3.00000000
1.68500000
0.48500000
4.49500000
1.26000000
4.99500000
6.17500000
3.41000000
0.00500000
1.14000000
0.66500000
1.35000000
1.72500000
2.86500000
6.12000000
4.84000000
2.73500000
0.86500000
5.83500000
2.77500000
5.67000000
0.87500000
6.07500000
2.04500000
3.76000000
4.79500000
2.44500000
3.80500000
5.69000000
1.12000000
3.86000000
3.63500000
1.48000000
5.09000000
5.13500000
3.40500000
4.63500000
5.36000000
3.84000000
5.79000000
5.87000000
1.02000000
5.72500000
1.47500000
5.72500000
5.71000000
5.69000000
5.67000000
5.49000000
5.41000000
5.36000000
5.32000000
5.32000000
5.13500000
5.09000000
4.99500000
4.84000000
4.79500000
4.65000000
4.63500000
4.49500000
4.43500000
4.31500000
4.09500000
3.88500000
3.86000000
3.84000000
3.80500000
3.79500000
3.77500000
3.76000000
3.76000000
3.67000000
3.66500000
3.63500000
3.52500000
3.44000000
3.43000000
3.41000000
3.40500000
3.34000000
3.14500000
3.14500000
3.00000000
2.91000000
2.86500000
2.84500000
2.83500000
2.78500000
2.77500000
2.73500000
2.58500000
2.44500000
2.35000000
2.35000000
2.04500000
1.95500000
1.86000000
1.72500000
1.68500000
1.65500000
1.64500000
1.59000000
1.48000000
1.47500000
1.35000000
1.31500000
1.26000000
1.14000000
1.14000000
1.12000000
1.02000000
0.97500000
0.87500000
0.86500000
0.79000000
0.66500000
0.60000000
0.54000000
0.48500000
0.45500000
0.43000000
0.42500000
0.39500000
0.31000000
0.29500000
0.23500000
0.22500000
0.04000000
0.00500000
6.23500000
6.17500000
6.12000000
6.10000000
6.07500000
6.04000000
5.90500000
5.88000000
5.87000000
5.86000000
5.85500000
5.83500000
5.79000000
5.79000000
5.72500000
5.72500000
5.71000000
5.71000000
5.69000000
5.69000000
5.67000000
5.67000000
5.49000000
5.49000000
5.41000000
5.41000000
5.36000000
5.36000000
5.32000000
5.32000000
5.32000000
5.32000000
5.13500000
5.13500000
5.09000000
5.09000000
4.99500000
4.99500000
4.84000000
4.84000000
4.79500000
4.79500000
4.65000000
4.65000000
4.63500000
4.63500000
4.49500000
4.49500000
4.43500000
4.43500000
4.31500000
4.31500000
4.09500000
4.09500000
3.88500000
3.88500000
3.86000000
3.86000000
3.84000000
3.84000000
3.80500000
3.80500000
3.79500000
3.79500000
3.77500000
3.77500000
3.76000000
3.76000000
3.76000000
3.76000000
3.67000000
3.67000000
3.66500000
3.66500000
3.63500000
3.63500000
3.52500000
3.52500000
3.44000000
3.44000000
3.43000000
3.43000000
3.41000000
3.41000000
3.40500000
3.40500000
3.34000000
3.34000000
3.14500000
3.14500000
3.14500000
3.14500000
3.00000000
3.00000000
2.91000000
2.91000000
2.86500000
2.86500000
2.84500000
2.84500000
2.83500000
2.83500000
2.78500000
2.78500000
2.77500000
2.77500000
2.73500000
2.73500000
2.58500000
2.58500000
2.44500000
2.44500000
2.35000000
2.35000000
2.35000000
2.35000000
2.04500000
2.04500000
1.95500000
1.95500000
1.86000000
1.86000000
1.72500000
1.72500000
1.68500000
1.68500000
1.65500000
1.65500000
1.64500000
1.64500000
1.59000000
1.59000000
1.48000000
1.48000000
1.47500000
1.47500000
1.35000000
1.35000000
1.31500000
1.31500000
1.26000000
1.26000000
1.14000000
1.14000000
1.14000000
1.14000000
1.12000000
1.12000000
1.02000000
1.02000000
0.97500000
0.97500000
0.87500000
0.87500000
0.86500000
0.86500000
0.79000000
0.79000000
0.66500000
0.66500000
0.60000000
0.60000000
0.54000000
0.54000000
0.48500000
0.48500000
0.45500000
0.45500000
0.43000000
0.43000000
0.42500000
0.42500000
0.39500000
0.39500000
0.31000000
0.31000000
0.29500000
0.29500000
0.23500000
0.23500000
0.22500000
0.22500000
0.04000000
0.04000000
0.00500000
0.00500000
