3.61000000
1.11000000
6.13500000
3.75500000
3.90000000
4.27500000
5.16000000
0.79000000
0.90000000
4.89000000
1.45000000
2.87500000
2.42500000
0.16000000
1.66500000
3.72500000
5.25500000
4.44000000
5.65000000
6.08500000
2.87000000
3.59500000
2.80500000
5.88500000
3.53500000
0.77500000
0.16000000
2.72500000
3.73000000
2.89500000
4.94500000
2.33500000
3.11500000
0.68500000
0.35500000
3.69500000
2.50500000
2.92000000
3.34000000
0.68000000
4.95500000
3.52500000
3.05500000
5.65000000
0.81000000
3.84000000
0.54000000
1.33000000
4.61500000
4.09000000
0.44500000
6.14500000
0.45500000
6.21000000
3.25000000
2.33500000
0.01500000
4.98500000
3.78500000
1.51000000
4.56000000
2.01000000
3.19000000
0.42500000
3.30500000
4.44000000
3.96500000
4.65000000
5.02500000
6.16500000
3.13500000
1.85500000
6.03500000
4.16500000
2.85000000
6.07500000
2.68500000
4.17500000
3.09000000
5.34500000
0.77500000
1.81000000
5.74500000
0.82000000
2.70500000
4.42000000
0.87500000
0.65000000
4.78000000
2.10500000
2.15000000
0.42000000
1.65000000
2.37500000
0.85500000
2.80500000
2.88500000
4.32000000
2.74000000
4.77500000
2.74000000
2.72500000
2.70500000
2.68500000
2.50500000
2.42500000
2.37500000
2.33500000
2.33500000
2.15000000
2.10500000
2.01000000
1.85500000
1.81000000
1.66500000
1.65000000
1.51000000
1.45000000
1.33000000
1.11000000
0.90000000
0.87500000
0.85500000
0.82000000
0.81000000
0.79000000
0.77500000
0.77500000
0.68500000
0.68000000
0.65000000
0.54000000
0.45500000
0.44500000
0.42500000
0.42000000
0.35500000
0.16000000
0.16000000
0.01500000
6.21000000
6.16500000
6.14500000
6.13500000
6.08500000
6.07500000
6.03500000
5.88500000
5.74500000
5.65000000
5.65000000
5.34500000
5.25500000
5.16000000
5.02500000
4.98500000
4.95500000
4.94500000
4.89000000
4.78000000
4.77500000
4.65000000
4.61500000
4.56000000
4.44000000
4.44000000
4.42000000
4.32000000
4.27500000
4.17500000
4.16500000
4.09000000
3.96500000
3.90000000
3.84000000
3.78500000
3.75500000
3.73000000
3.72500000
3.69500000
3.61000000
3.59500000
3.53500000
3.52500000
3.34000000
3.30500000
3.25000000
3.19000000
3.13500000
3.11500000
3.09000000
3.05500000
2.92000000
2.89500000
2.88500000
2.87500000
2.87000000
2.85000000
2.80500000
2.80500000
2.74000000
2.74000000
2.72500000
2.72500000
2.70500000
2.70500000
2.68500000
2.68500000
2.50500000
2.50500000
2.42500000
2.42500000
2.37500000
2.37500000
2.33500000
2.33500000
2.33500000
2.33500000
2.15000000
2.15000000
2.10500000
2.10500000
2.01000000
2.01000000
1.85500000
1.85500000
1.81000000
1.81000000
1.66500000
1.66500000
1.65000000
1.65000000
1.51000000
1.51000000
1.45000000
1.45000000
1.33000000
1.33000000
1.11000000
1.11000000
0.90000000
0.90000000
0.87500000
0.87500000
0.85500000
0.85500000
0.82000000
0.82000000
0.81000000
0.81000000
0.79000000
0.79000000
0.77500000
0.77500000
0.77500000
0.77500000
0.68500000
0.68500000
0.68000000
0.68000000
0.65000000
0.65000000
0.54000000
0.54000000
0.45500000
0.45500000
0.44500000
0.44500000
0.42500000
0.42500000
0.42000000
0.42000000
0.35500000
0.35500000
0.16000000
0.16000000
0.16000000
0.16000000
0.01500000
0.01500000
6.21000000
6.21000000
6.16500000
6.16500000
6.14500000
6.14500000
6.13500000
6.13500000
6.08500000
6.08500000
6.07500000
6.07500000
6.03500000
6.03500000
5.88500000
5.88500000
5.74500000
5.74500000
5.65000000
5.65000000
5.65000000
5.65000000
5.34500000
5.34500000
5.25500000
5.25500000
5.16000000
5.16000000
5.02500000
5.02500000
4.98500000
4.98500000
4.95500000
4.95500000
4.94500000
4.94500000
4.89000000
4.89000000
4.78000000
4.78000000
4.77500000
4.77500000
4.65000000
4.65000000
4.61500000
4.61500000
4.56000000
4.56000000
4.44000000
4.44000000
4.44000000
4.44000000
4.42000000
4.42000000
4.32000000
4.32000000
4.27500000
4.27500000
4.17500000
4.17500000
4.16500000
4.16500000
4.09000000
4.09000000
3.96500000
3.96500000
3.90000000
3.90000000
3.84000000
3.84000000
3.78500000
3.78500000
3.75500000
3.75500000
3.73000000
3.73000000
3.72500000
3.72500000
3.69500000
3.69500000
3.61000000
3.61000000
3.59500000
3.59500000
3.53500000
3.53500000
3.52500000
3.52500000
3.34000000
3.34000000
3.30500000
3.30500000
3.25000000
3.25000000
3.19000000
3.19000000
3.13500000
3.13500000
3.11500000
3.11500000
3.09000000
3.09000000
3.05500000
3.05500000
2.92000000
2.92000000
2.89500000
2.89500000
2.88500000
2.88500000
2.87500000
2.87500000
2.87000000
2.87000000
2.85000000
2.85000000
2.80500000
2.80500000
2.80500000
2.80500000
2.74000000
2.74000000
2.74000000
2.74000000
2.72500000
2.72500000
2.72500000
2.72500000
2.70500000
2.70500000
2.70500000
2.70500000
2.68500000
2.68500000
2.68500000
2.68500000
2.50500000
2.50500000
2.50500000
2.50500000
2.42500000
2.42500000
2.42500000
2.42500000
2.37500000
2.37500000
2.37500000
2.37500000
2.33500000
2.33500000
2.33500000
2.33500000
2.33500000
2.33500000
2.33500000
2.33500000
2.15000000
2.15000000
2.15000000
2.15000000
2.10500000
2.10500000
2.10500000
2.10500000
2.01000000
2.01000000
2.01000000
2.01000000
1.85500000
1.85500000
1.85500000
1.85500000
1.81000000
1.81000000
1.81000000
1.81000000
1.66500000
1.66500000
1.66500000
1.66500000
1.65000000
1.65000000
1.65000000
1.65000000
1.51000000
1.51000000
1.51000000
1.51000000
1.45000000
1.45000000
1.45000000
1.45000000
1.33000000
1.33000000
1.33000000
1.33000000
1.11000000
1.11000000
1.11000000
1.11000000
0.90000000
0.90000000
0.90000000
0.90000000
0.87500000
0.87500000
0.87500000
0.87500000
0.85500000
0.85500000
0.85500000
0.85500000
0.82000000
0.82000000
0.82000000
0.82000000
0.81000000
0.81000000
0.81000000
0.81000000
0.79000000
0.79000000
0.79000000
0.79000000
0.77500000
0.77500000
0.77500000
0.77500000
0.77500000
0.77500000
0.77500000
0.77500000
0.68500000
0.68500000
0.68500000
0.68500000
0.68000000
0.68000000
0.68000000
0.68000000
0.65000000
0.65000000
0.65000000
0.65000000
0.54000000
0.54000000
0.54000000
0.54000000
0.45500000
0.45500000
0.45500000
0.45500000
0.44500000
0.44500000
0.44500000
0.44500000
0.42500000
0.42500000
0.42500000
0.42500000
0.42000000
0.42000000
0.42000000
0.42000000
0.35500000
0.35500000
0.35500000
0.35500000
0.16000000
0.16000000
0.16000000
0.16000000
0.16000000
0.16000000
0.16000000
0.16000000
0.01500000
0.01500000
0.01500000
0.01500000
