0.61000000
4.39500000
3.13500000
0.75500000
0.90000000
1.27500000
2.16000000
4.07500000
4.18500000
1.89000000
4.73500000
6.16000000
5.71000000
3.44500000
4.95000000
0.72500000
2.25500000
1.44000000
2.65000000
3.08500000
6.15500000
0.59500000
6.09000000
2.88500000
0.53500000
4.06000000
3.44500000
6.01000000
0.73000000
6.18000000
1.94500000
5.62000000
0.11500000
3.97000000
3.64000000
0.69500000
5.79000000
6.20500000
0.34000000
3.96500000
1.95500000
0.52500000
0.05500000
2.65000000
4.09500000
0.84000000
3.82500000
4.61500000
1.61500000
1.09000000
3.73000000
3.14500000
3.74000000
3.21000000
0.25000000
5.62000000
3.30000000
1.98500000
0.78500000
4.79500000
1.56000000
5.29500000
0.19000000
3.71000000
0.30500000
1.44000000
0.96500000
1.65000000
2.02500000
3.16500000
0.13500000
5.14000000
3.03500000
1.16500000
6.13500000
3.07500000
5.97000000
1.17500000
0.09000000
2.34500000
4.06000000
5.09500000
2.74500000
4.10500000
5.99000000
1.42000000
4.16000000
3.93500000
1.78000000
5.39000000
5.43500000
3.70500000
4.93500000
5.66000000
4.14000000
6.09000000
6.17000000
1.32000000
6.02500000
1.77500000
6.02500000
6.01000000
5.99000000
5.97000000
5.79000000
5.71000000
5.66000000
5.62000000
5.62000000
5.43500000
5.39000000
5.29500000
5.14000000
5.09500000
4.95000000
4.93500000
4.79500000
4.73500000
4.61500000
4.39500000
4.18500000
4.16000000
4.14000000
4.10500000
4.09500000
4.07500000
4.06000000
4.06000000
3.97000000
3.96500000
3.93500000
3.82500000
3.74000000
3.73000000
3.71000000
3.70500000
3.64000000
3.44500000
3.44500000
3.30000000
3.21000000
3.16500000
3.14500000
3.13500000
3.08500000
3.07500000
3.03500000
2.88500000
2.74500000
2.65000000
2.65000000
2.34500000
2.25500000
2.16000000
2.02500000
1.98500000
1.95500000
1.94500000
1.89000000
1.78000000
1.77500000
1.65000000
1.61500000
1.56000000
1.44000000
1.44000000
1.42000000
1.32000000
1.27500000
1.17500000
1.16500000
1.09000000
0.96500000
0.90000000
0.84000000
0.78500000
0.75500000
0.73000000
0.72500000
0.69500000
0.61000000
0.59500000
0.53500000
0.52500000
0.34000000
0.30500000
0.25000000
0.19000000
0.13500000
0.11500000
0.09000000
0.05500000
6.20500000
6.18000000
6.17000000
6.16000000
6.15500000
6.13500000
6.09000000
6.09000000
6.02500000
6.02500000
6.01000000
6.01000000
5.99000000
5.99000000
5.97000000
5.97000000
5.79000000
5.79000000
5.71000000
5.71000000
5.66000000
5.66000000
5.62000000
5.62000000
5.62000000
5.62000000
5.43500000
5.43500000
5.39000000
5.39000000
5.29500000
5.29500000
5.14000000
5.14000000
5.09500000
5.09500000
4.95000000
4.95000000
4.93500000
4.93500000
4.79500000
4.79500000
4.73500000
4.73500000
4.61500000
4.61500000
4.39500000
4.39500000
4.18500000
4.18500000
4.16000000
4.16000000
4.14000000
4.14000000
4.10500000
4.10500000
4.09500000
4.09500000
4.07500000
4.07500000
4.06000000
4.06000000
4.06000000
4.06000000
3.97000000
3.97000000
3.96500000
3.96500000
3.93500000
3.93500000
3.82500000
3.82500000
3.74000000
3.74000000
3.73000000
3.73000000
3.71000000
3.71000000
3.70500000
3.70500000
3.64000000
3.64000000
3.44500000
3.44500000
3.44500000
3.44500000
3.30000000
3.30000000
3.21000000
3.21000000
3.16500000
3.16500000
3.14500000
3.14500000
3.13500000
3.13500000
3.08500000
3.08500000
3.07500000
3.07500000
3.03500000
3.03500000
2.88500000
2.88500000
2.74500000
2.74500000
2.65000000
2.65000000
2.65000000
2.65000000
2.34500000
2.34500000
2.25500000
2.25500000
2.16000000
2.16000000
2.02500000
2.02500000
1.98500000
1.98500000
1.95500000
1.95500000
1.94500000
1.94500000
1.89000000
1.89000000
1.78000000
1.78000000
1.77500000
1.77500000
1.65000000
1.65000000
1.61500000
1.61500000
1.56000000
1.56000000
1.44000000
1.44000000
1.44000000
1.44000000
1.42000000
1.42000000
1.32000000
1.32000000
1.27500000
1.27500000
1.17500000
1.17500000
1.16500000
1.16500000
1.09000000
1.09000000
0.96500000
0.96500000
0.90000000
0.90000000
0.84000000
0.84000000
0.78500000
0.78500000
0.75500000
0.75500000
0.73000000
0.73000000
0.72500000
0.72500000
0.69500000
0.69500000
0.61000000
0.61000000
0.59500000
0.59500000
0.53500000
0.53500000
0.52500000
0.52500000
0.34000000
0.34000000
0.30500000
0.30500000
0.25000000
0.25000000
0.19000000
0.19000000
0.13500000
0.13500000
0.11500000
0.11500000
0.09000000
0.09000000
0.05500000
0.05500000
