2.91000000
0.41000000
5.43500000
3.05500000
3.20000000
3.57500000
4.46000000
0.09000000
0.20000000
4.19000000
0.75000000
2.17500000
1.72500000
5.74500000
0.96500000
3.02500000
4.55500000
3.74000000
4.95000000
5.38500000
2.17000000
2.89500000
2.10500000
5.18500000
2.83500000
0.07500000
5.74500000
2.02500000
3.03000000
2.19500000
4.24500000
1.63500000
2.41500000
6.27000000
5.94000000
2.99500000
1.80500000
2.22000000
2.64000000
6.26500000
4.25500000
2.82500000
2.35500000
4.95000000
0.11000000
3.14000000
6.12500000
0.63000000
3.91500000
3.39000000
6.03000000
5.44500000
6.04000000
5.51000000
2.55000000
1.63500000
5.60000000
4.28500000
3.08500000
0.81000000
3.86000000
1.31000000
2.49000000
6.01000000
2.60500000
3.74000000
3.26500000
3.95000000
4.32500000
5.46500000
2.43500000
1.15500000
5.33500000
3.46500000
2.15000000
5.37500000
1.98500000
3.47500000
2.39000000
4.64500000
0.07500000
1.11000000
5.04500000
0.12000000
2.00500000
3.72000000
0.17500000
6.23500000
4.08000000
1.40500000
1.45000000
6.00500000
0.95000000
1.67500000
0.15500000
2.10500000
2.18500000
3.62000000
2.04000000
4.07500000
2.04000000
2.02500000
2.00500000
1.98500000
1.80500000
1.72500000
1.67500000
1.63500000
1.63500000
1.45000000
1.40500000
1.31000000
1.15500000
1.11000000
0.96500000
0.95000000
0.81000000
0.75000000
0.63000000
0.41000000
0.20000000
0.17500000
0.15500000
0.12000000
0.11000000
0.09000000
0.07500000
0.07500000
6.27000000
6.26500000
6.23500000
6.12500000
6.04000000
6.03000000
6.01000000
6.00500000
5.94000000
5.74500000
5.74500000
5.60000000
5.51000000
5.46500000
5.44500000
5.43500000
5.38500000
5.37500000
5.33500000
5.18500000
5.04500000
4.95000000
4.95000000
4.64500000
4.55500000
4.46000000
4.32500000
4.28500000
4.25500000
4.24500000
4.19000000
4.08000000
4.07500000
3.95000000
3.91500000
3.86000000
3.74000000
3.74000000
3.72000000
3.62000000
3.57500000
3.47500000
3.46500000
3.39000000
3.26500000
3.20000000
3.14000000
3.08500000
3.05500000
3.03000000
3.02500000
2.99500000
2.91000000
2.89500000
2.83500000
2.82500000
2.64000000
2.60500000
2.55000000
2.49000000
2.43500000
2.41500000
2.39000000
2.35500000
2.22000000
2.19500000
2.18500000
2.17500000
2.17000000
2.15000000
2.10500000
2.10500000
2.04000000
2.04000000
2.02500000
2.02500000
2.00500000
2.00500000
1.98500000
1.98500000
1.80500000
1.80500000
1.72500000
1.72500000
1.67500000
1.67500000
1.63500000
1.63500000
1.63500000
1.63500000
1.45000000
1.45000000
1.40500000
1.40500000
1.31000000
1.31000000
1.15500000
1.15500000
1.11000000
1.11000000
0.96500000
0.96500000
0.95000000
0.95000000
0.81000000
0.81000000
0.75000000
0.75000000
0.63000000
0.63000000
0.41000000
0.41000000
0.20000000
0.20000000
0.17500000
0.17500000
0.15500000
0.15500000
0.12000000
0.12000000
0.11000000
0.11000000
0.09000000
0.09000000
0.07500000
0.07500000
0.07500000
0.07500000
6.27000000
6.27000000
6.26500000
6.26500000
6.23500000
6.23500000
6.12500000
6.12500000
6.04000000
6.04000000
6.03000000
6.03000000
6.01000000
6.01000000
6.00500000
6.00500000
5.94000000
5.94000000
5.74500000
5.74500000
5.74500000
5.74500000
5.60000000
5.60000000
5.51000000
5.51000000
5.46500000
5.46500000
5.44500000
5.44500000
5.43500000
5.43500000
5.38500000
5.38500000
5.37500000
5.37500000
5.33500000
5.33500000
5.18500000
5.18500000
5.04500000
5.04500000
4.95000000
4.95000000
4.95000000
4.95000000
4.64500000
4.64500000
4.55500000
4.55500000
4.46000000
4.46000000
4.32500000
4.32500000
4.28500000
4.28500000
4.25500000
4.25500000
4.24500000
4.24500000
4.19000000
4.19000000
4.08000000
4.08000000
4.07500000
4.07500000
3.95000000
3.95000000
3.91500000
3.91500000
3.86000000
3.86000000
3.74000000
3.74000000
3.74000000
3.74000000
3.72000000
3.72000000
3.62000000
3.62000000
3.57500000
3.57500000
3.47500000
3.47500000
3.46500000
3.46500000
3.39000000
3.39000000
3.26500000
3.26500000
3.20000000
3.20000000
3.14000000
3.14000000
3.08500000
3.08500000
3.05500000
3.05500000
3.03000000
3.03000000
3.02500000
3.02500000
2.99500000
2.99500000
2.91000000
2.91000000
2.89500000
2.89500000
2.83500000
2.83500000
2.82500000
2.82500000
2.64000000
2.64000000
2.60500000
2.60500000
2.55000000
2.55000000
2.49000000
2.49000000
2.43500000
2.43500000
2.41500000
2.41500000
2.39000000
2.39000000
2.35500000
2.35500000
2.22000000
2.22000000
2.19500000
2.19500000
2.18500000
2.18500000
2.17500000
2.17500000
2.17000000
2.17000000
2.15000000
2.15000000
2.10500000
2.10500000
2.10500000
2.10500000
2.04000000
2.04000000
2.04000000
2.04000000
2.02500000
2.02500000
2.02500000
2.02500000
2.00500000
2.00500000
2.00500000
2.00500000
1.98500000
1.98500000
1.98500000
1.98500000
1.80500000
1.80500000
1.80500000
1.80500000
1.72500000
1.72500000
1.72500000
1.72500000
1.67500000
1.67500000
1.67500000
1.67500000
1.63500000
1.63500000
1.63500000
1.63500000
1.63500000
1.63500000
1.63500000
1.63500000
1.45000000
1.45000000
1.45000000
1.45000000
1.40500000
1.40500000
1.40500000
1.40500000
1.31000000
1.31000000
1.31000000
1.31000000
1.15500000
1.15500000
1.15500000
1.15500000
1.11000000
1.11000000
1.11000000
1.11000000
0.96500000
0.96500000
0.96500000
0.96500000
0.95000000
0.95000000
0.95000000
0.95000000
0.81000000
0.81000000
0.81000000
0.81000000
0.75000000
0.75000000
0.75000000
0.75000000
0.63000000
0.63000000
0.63000000
0.63000000
0.41000000
0.41000000
0.41000000
0.41000000
0.20000000
0.20000000
0.20000000
0.20000000
0.17500000
0.17500000
0.17500000
0.17500000
0.15500000
0.15500000
0.15500000
0.15500000
0.12000000
0.12000000
0.12000000
0.12000000
0.11000000
0.11000000
0.11000000
0.11000000
0.09000000
0.09000000
0.09000000
0.09000000
0.07500000
0.07500000
0.07500000
0.07500000
0.07500000
0.07500000
0.07500000
0.07500000
