4.06000000
1.56000000
0.30000000
4.20500000
4.35000000
4.72500000
5.61000000
1.24000000
1.35000000
5.34000000
1.90000000
3.32500000
2.87500000
0.61000000
2.11500000
4.17500000
5.70500000
4.89000000
6.10000000
0.25000000
3.32000000
4.04500000
3.25500000
0.05000000
3.98500000
1.22500000
0.61000000
3.17500000
4.18000000
3.34500000
5.39500000
2.78500000
3.56500000
1.13500000
0.80500000
4.14500000
2.95500000
3.37000000
3.79000000
1.13000000
5.40500000
3.97500000
3.50500000
6.10000000
1.26000000
4.29000000
0.99000000
1.78000000
5.06500000
4.54000000
0.89500000
0.31000000
0.90500000
0.37500000
3.70000000
2.78500000
0.46500000
5.43500000
4.23500000
1.96000000
5.01000000
2.46000000
3.64000000
0.87500000
3.75500000
4.89000000
4.41500000
5.10000000
5.47500000
0.33000000
3.58500000
2.30500000
0.20000000
4.61500000
3.30000000
0.24000000
3.13500000
4.62500000
3.54000000
5.79500000
1.22500000
2.26000000
6.19500000
1.27000000
3.15500000
4.87000000
1.32500000
1.10000000
5.23000000
2.55500000
2.60000000
0.87000000
2.10000000
2.82500000
1.30500000
3.25500000
3.33500000
4.77000000
3.19000000
5.22500000
3.19000000
3.17500000
3.15500000
3.13500000
2.95500000
2.87500000
2.82500000
2.78500000
2.78500000
2.60000000
2.55500000
2.46000000
2.30500000
2.26000000
2.11500000
2.10000000
1.96000000
1.90000000
1.78000000
1.56000000
1.35000000
1.32500000
1.30500000
1.27000000
1.26000000
1.24000000
1.22500000
1.22500000
1.13500000
1.13000000
1.10000000
0.99000000
0.90500000
0.89500000
0.87500000
0.87000000
0.80500000
0.61000000
0.61000000
0.46500000
0.37500000
0.33000000
0.31000000
0.30000000
0.25000000
0.24000000
0.20000000
0.05000000
6.19500000
6.10000000
6.10000000
5.79500000
5.70500000
5.61000000
5.47500000
5.43500000
5.40500000
5.39500000
5.34000000
5.23000000
5.22500000
5.10000000
5.06500000
5.01000000
4.89000000
4.89000000
4.87000000
4.77000000
4.72500000
4.62500000
4.61500000
4.54000000
4.41500000
4.35000000
4.29000000
4.23500000
4.20500000
4.18000000
4.17500000
4.14500000
4.06000000
4.04500000
3.98500000
3.97500000
3.79000000
3.75500000
3.70000000
3.64000000
3.58500000
3.56500000
3.54000000
3.50500000
3.37000000
3.34500000
3.33500000
3.32500000
3.32000000
3.30000000
3.25500000
3.25500000
3.19000000
3.19000000
3.17500000
3.17500000
3.15500000
3.15500000
3.13500000
3.13500000
2.95500000
2.95500000
2.87500000
2.87500000
2.82500000
2.82500000
2.78500000
2.78500000
2.78500000
2.78500000
2.60000000
2.60000000
2.55500000
2.55500000
2.46000000
2.46000000
2.30500000
2.30500000
2.26000000
2.26000000
2.11500000
2.11500000
2.10000000
2.10000000
1.96000000
1.96000000
1.90000000
1.90000000
1.78000000
1.78000000
1.56000000
1.56000000
1.35000000
1.35000000
1.32500000
1.32500000
1.30500000
1.30500000
1.27000000
1.27000000
1.26000000
1.26000000
1.24000000
1.24000000
1.22500000
1.22500000
1.22500000
1.22500000
1.13500000
1.13500000
1.13000000
1.13000000
1.10000000
1.10000000
0.99000000
0.99000000
0.90500000
0.90500000
0.89500000
0.89500000
0.87500000
0.87500000
0.87000000
0.87000000
0.80500000
0.80500000
0.61000000
0.61000000
0.61000000
0.61000000
0.46500000
0.46500000
0.37500000
0.37500000
0.33000000
0.33000000
0.31000000
0.31000000
0.30000000
0.30000000
0.25000000
0.25000000
0.24000000
0.24000000
0.20000000
0.20000000
0.05000000
0.05000000
6.19500000
6.19500000
6.10000000
6.10000000
6.10000000
6.10000000
5.79500000
5.79500000
5.70500000
5.70500000
5.61000000
5.61000000
5.47500000
5.47500000
5.43500000
5.43500000
5.40500000
5.40500000
5.39500000
5.39500000
5.34000000
5.34000000
5.23000000
5.23000000
5.22500000
5.22500000
5.10000000
5.10000000
5.06500000
5.06500000
5.01000000
5.01000000
4.89000000
4.89000000
4.89000000
4.89000000
4.87000000
4.87000000
4.77000000
4.77000000
4.72500000
4.72500000
4.62500000
4.62500000
4.61500000
4.61500000
4.54000000
4.54000000
4.41500000
4.41500000
4.35000000
4.35000000
4.29000000
4.29000000
4.23500000
4.23500000
4.20500000
4.20500000
4.18000000
4.18000000
4.17500000
4.17500000
4.14500000
4.14500000
4.06000000
4.06000000
4.04500000
4.04500000
3.98500000
3.98500000
3.97500000
3.97500000
3.79000000
3.79000000
3.75500000
3.75500000
3.70000000
3.70000000
3.64000000
3.64000000
3.58500000
3.58500000
3.56500000
3.56500000
3.54000000
3.54000000
3.50500000
3.50500000
3.37000000
3.37000000
3.34500000
3.34500000
3.33500000
3.33500000
3.32500000
3.32500000
3.32000000
3.32000000
3.30000000
3.30000000
3.25500000
3.25500000
3.25500000
3.25500000
3.19000000
3.19000000
3.19000000
3.19000000
3.17500000
3.17500000
3.17500000
3.17500000
3.15500000
3.15500000
3.15500000
3.15500000
3.13500000
3.13500000
3.13500000
3.13500000
2.95500000
2.95500000
2.95500000
2.95500000
2.87500000
2.87500000
2.87500000
2.87500000
2.82500000
2.82500000
2.82500000
2.82500000
2.78500000
2.78500000
2.78500000
2.78500000
2.78500000
2.78500000
2.78500000
2.78500000
2.60000000
2.60000000
2.60000000
2.60000000
2.55500000
2.55500000
2.55500000
2.55500000
2.46000000
2.46000000
2.46000000
2.46000000
2.30500000
2.30500000
2.30500000
2.30500000
2.26000000
2.26000000
2.26000000
2.26000000
2.11500000
2.11500000
2.11500000
2.11500000
2.10000000
2.10000000
2.10000000
2.10000000
1.96000000
1.96000000
1.96000000
1.96000000
1.90000000
1.90000000
1.90000000
1.90000000
1.78000000
1.78000000
1.78000000
1.78000000
1.56000000
1.56000000
1.56000000
1.56000000
1.35000000
1.35000000
1.35000000
1.35000000
1.32500000
1.32500000
1.32500000
1.32500000
1.30500000
1.30500000
1.30500000
1.30500000
1.27000000
1.27000000
1.27000000
1.27000000
1.26000000
1.26000000
1.26000000
1.26000000
1.24000000
1.24000000
1.24000000
1.24000000
1.22500000
1.22500000
1.22500000
1.22500000
1.22500000
1.22500000
1.22500000
1.22500000
1.13500000
1.13500000
1.13500000
1.13500000
1.13000000
1.13000000
1.13000000
1.13000000
1.10000000
1.10000000
1.10000000
1.10000000
0.99000000
0.99000000
0.99000000
0.99000000
0.90500000
0.90500000
0.90500000
0.90500000
0.89500000
0.89500000
0.89500000
0.89500000
0.87500000
0.87500000
0.87500000
0.87500000
0.87000000
0.87000000
0.87000000
0.87000000
0.80500000
0.80500000
0.80500000
0.80500000
0.61000000
0.61000000
0.61000000
0.61000000
0.61000000
0.61000000
0.61000000
0.61000000
0.46500000
0.46500000
0.46500000
0.46500000
0.37500000
0.37500000
0.37500000
0.37500000
0.33000000
0.33000000
0.33000000
0.33000000
0.31000000
0.31000000
0.31000000
0.31000000
0.30000000
0.30000000
0.30000000
0.30000000
0.25000000
0.25000000
0.25000000
0.25000000
0.24000000
0.24000000
0.24000000
0.24000000
0.20000000
0.20000000
0.20000000
0.20000000
0.05000000
0.05000000
0.05000000
0.05000000
