2.66000000
0.16000000
5.18500000
2.80500000
2.95000000
3.32500000
4.21000000
6.12500000
6.23500000
3.94000000
0.50000000
1.92500000
1.47500000
5.49500000
0.71500000
2.77500000
4.30500000
3.49000000
4.70000000
5.13500000
1.92000000
2.64500000
1.85500000
4.93500000
2.58500000
6.11000000
5.49500000
1.77500000
2.78000000
1.94500000
3.99500000
1.38500000
2.16500000
6.02000000
5.69000000
2.74500000
1.55500000
1.97000000
2.39000000
6.01500000
4.00500000
2.57500000
2.10500000
4.70000000
6.14500000
2.89000000
5.87500000
0.38000000
3.66500000
3.14000000
5.78000000
5.19500000
5.79000000
5.26000000
2.30000000
1.38500000
5.35000000
4.03500000
2.83500000
0.56000000
3.61000000
1.06000000
2.24000000
5.76000000
2.35500000
3.49000000
3.01500000
3.70000000
4.07500000
5.21500000
2.18500000
0.90500000
5.08500000
3.21500000
1.90000000
5.12500000
1.73500000
3.22500000
2.14000000
4.39500000
6.11000000
0.86000000
4.79500000
6.15500000
1.75500000
3.47000000
6.21000000
5.98500000
3.83000000
1.15500000
1.20000000
5.75500000
0.70000000
1.42500000
6.19000000
1.85500000
1.93500000
3.37000000
1.79000000
3.82500000
1.79000000
1.77500000
1.75500000
1.73500000
1.55500000
1.47500000
1.42500000
1.38500000
1.38500000
1.20000000
1.15500000
1.06000000
0.90500000
0.86000000
0.71500000
0.70000000
0.56000000
0.50000000
0.38000000
0.16000000
6.23500000
6.21000000
6.19000000
6.15500000
6.14500000
6.12500000
6.11000000
6.11000000
6.02000000
6.01500000
5.98500000
5.87500000
5.79000000
5.78000000
5.76000000
5.75500000
5.69000000
5.49500000
5.49500000
5.35000000
5.26000000
5.21500000
5.19500000
5.18500000
5.13500000
5.12500000
5.08500000
4.93500000
4.79500000
4.70000000
4.70000000
4.39500000
4.30500000
4.21000000
4.07500000
4.03500000
4.00500000
3.99500000
3.94000000
3.83000000
3.82500000
3.70000000
3.66500000
3.61000000
3.49000000
3.49000000
3.47000000
3.37000000
3.32500000
3.22500000
3.21500000
3.14000000
3.01500000
2.95000000
2.89000000
2.83500000
2.80500000
2.78000000
2.77500000
2.74500000
2.66000000
2.64500000
2.58500000
2.57500000
2.39000000
2.35500000
2.30000000
2.24000000
2.18500000
2.16500000
2.14000000
2.10500000
1.97000000
1.94500000
1.93500000
1.92500000
1.92000000
1.90000000
1.85500000
1.85500000
1.79000000
1.79000000
1.77500000
1.77500000
1.75500000
1.75500000
1.73500000
1.73500000
1.55500000
1.55500000
1.47500000
1.47500000
1.42500000
1.42500000
1.38500000
1.38500000
1.38500000
1.38500000
1.20000000
1.20000000
1.15500000
1.15500000
1.06000000
1.06000000
0.90500000
0.90500000
0.86000000
0.86000000
0.71500000
0.71500000
0.70000000
0.70000000
0.56000000
0.56000000
0.50000000
0.50000000
0.38000000
0.38000000
0.16000000
0.16000000
6.23500000
6.23500000
6.21000000
6.21000000
6.19000000
6.19000000
6.15500000
6.15500000
6.14500000
6.14500000
6.12500000
6.12500000
6.11000000
6.11000000
6.11000000
6.11000000
6.02000000
6.02000000
6.01500000
6.01500000
5.98500000
5.98500000
5.87500000
5.87500000
5.79000000
5.79000000
5.78000000
5.78000000
5.76000000
5.76000000
5.75500000
5.75500000
5.69000000
5.69000000
5.49500000
5.49500000
5.49500000
5.49500000
5.35000000
5.35000000
5.26000000
5.26000000
5.21500000
5.21500000
5.19500000
5.19500000
5.18500000
5.18500000
5.13500000
5.13500000
5.12500000
5.12500000
5.08500000
5.08500000
4.93500000
4.93500000
4.79500000
4.79500000
4.70000000
4.70000000
4.70000000
4.70000000
4.39500000
4.39500000
4.30500000
4.30500000
4.21000000
4.21000000
4.07500000
4.07500000
4.03500000
4.03500000
4.00500000
4.00500000
3.99500000
3.99500000
3.94000000
3.94000000
3.83000000
3.83000000
3.82500000
3.82500000
3.70000000
3.70000000
3.66500000
3.66500000
3.61000000
3.61000000
3.49000000
3.49000000
3.49000000
3.49000000
3.47000000
3.47000000
3.37000000
3.37000000
3.32500000
3.32500000
3.22500000
3.22500000
3.21500000
3.21500000
3.14000000
3.14000000
3.01500000
3.01500000
2.95000000
2.95000000
2.89000000
2.89000000
2.83500000
2.83500000
2.80500000
2.80500000
2.78000000
2.78000000
2.77500000
2.77500000
2.74500000
2.74500000
2.66000000
2.66000000
2.64500000
2.64500000
2.58500000
2.58500000
2.57500000
2.57500000
2.39000000
2.39000000
2.35500000
2.35500000
2.30000000
2.30000000
2.24000000
2.24000000
2.18500000
2.18500000
2.16500000
2.16500000
2.14000000
2.14000000
2.10500000
2.10500000
1.97000000
1.97000000
1.94500000
1.94500000
1.93500000
1.93500000
1.92500000
1.92500000
1.92000000
1.92000000
1.90000000
1.90000000
1.85500000
1.85500000
1.85500000
1.85500000
1.79000000
1.79000000
1.79000000
1.79000000
1.77500000
1.77500000
1.77500000
1.77500000
1.75500000
1.75500000
1.75500000
1.75500000
1.73500000
1.73500000
1.73500000
1.73500000
1.55500000
1.55500000
1.55500000
1.55500000
1.47500000
1.47500000
1.47500000
1.47500000
1.42500000
1.42500000
1.42500000
1.42500000
1.38500000
1.38500000
1.38500000
1.38500000
1.38500000
1.38500000
1.38500000
1.38500000
1.20000000
1.20000000
1.20000000
1.20000000
1.15500000
1.15500000
1.15500000
1.15500000
1.06000000
1.06000000
1.06000000
1.06000000
0.90500000
0.90500000
0.90500000
0.90500000
0.86000000
0.86000000
0.86000000
0.86000000
0.71500000
0.71500000
0.71500000
0.71500000
0.70000000
0.70000000
0.70000000
0.70000000
0.56000000
0.56000000
0.56000000
0.56000000
0.50000000
0.50000000
0.50000000
0.50000000
0.38000000
0.38000000
0.38000000
0.38000000
0.16000000
0.16000000
0.16000000
0.16000000
