5.69500000
3.19500000
1.93500000
5.84000000
5.98500000
0.07500000
0.96000000
2.87500000
2.98500000
0.69000000
3.53500000
4.96000000
4.51000000
2.24500000
3.75000000
5.81000000
1.05500000
0.24000000
1.45000000
1.88500000
4.95500000
5.68000000
4.89000000
1.68500000
5.62000000
2.86000000
2.24500000
4.81000000
5.81500000
4.98000000
0.74500000
4.42000000
5.20000000
2.77000000
2.44000000
5.78000000
4.59000000
5.00500000
5.42500000
2.76500000
0.75500000
5.61000000
5.14000000
1.45000000
2.89500000
5.92500000
2.62500000
3.41500000
0.41500000
6.17500000
2.53000000
1.94500000
2.54000000
2.01000000
5.33500000
4.42000000
2.10000000
0.78500000
5.87000000
3.59500000
0.36000000
4.09500000
5.27500000
2.51000000
5.39000000
0.24000000
6.05000000
0.45000000
0.82500000
1.96500000
5.22000000
3.94000000
1.83500000
6.25000000
4.93500000
1.87500000
4.77000000
6.26000000
5.17500000
1.14500000
2.86000000
3.89500000
1.54500000
2.90500000
4.79000000
0.22000000
2.96000000
2.73500000
0.58000000
4.19000000
4.23500000
2.50500000
3.73500000
4.46000000
2.94000000
4.89000000
4.97000000
0.12000000
4.82500000
0.57500000
4.82500000
4.81000000
4.79000000
4.77000000
4.59000000
4.51000000
4.46000000
4.42000000
4.42000000
4.23500000
4.19000000
4.09500000
3.94000000
3.89500000
3.75000000
3.73500000
3.59500000
3.53500000
3.41500000
3.19500000
2.98500000
2.96000000
2.94000000
2.90500000
2.89500000
2.87500000
2.86000000
2.86000000
2.77000000
2.76500000
2.73500000
2.62500000
2.54000000
2.53000000
2.51000000
2.50500000
2.44000000
2.24500000
2.24500000
2.10000000
2.01000000
1.96500000
1.94500000
1.93500000
1.88500000
1.87500000
1.83500000
1.68500000
1.54500000
1.45000000
1.45000000
1.14500000
1.05500000
0.96000000
0.82500000
0.78500000
0.75500000
0.74500000
0.69000000
0.58000000
0.57500000
0.45000000
0.41500000
0.36000000
0.24000000
0.24000000
0.22000000
0.12000000
0.07500000
6.26000000
6.25000000
6.17500000
6.05000000
5.98500000
5.92500000
5.87000000
5.84000000
5.81500000
5.81000000
5.78000000
5.69500000
5.68000000
5.62000000
5.61000000
5.42500000
5.39000000
5.33500000
5.27500000
5.22000000
5.20000000
5.17500000
5.14000000
5.00500000
4.98000000
4.97000000
4.96000000
4.95500000
4.93500000
4.89000000
4.89000000
4.82500000
4.82500000
4.81000000
4.81000000
4.79000000
4.79000000
4.77000000
4.77000000
4.59000000
4.59000000
4.51000000
4.51000000
4.46000000
4.46000000
4.42000000
4.42000000
4.42000000
4.42000000
4.23500000
4.23500000
4.19000000
4.19000000
4.09500000
4.09500000
3.94000000
3.94000000
3.89500000
3.89500000
3.75000000
3.75000000
3.73500000
3.73500000
3.59500000
3.59500000
3.53500000
3.53500000
3.41500000
3.41500000
3.19500000
3.19500000
2.98500000
2.98500000
2.96000000
2.96000000
2.94000000
2.94000000
2.90500000
2.90500000
2.89500000
2.89500000
2.87500000
2.87500000
2.86000000
2.86000000
2.86000000
2.86000000
2.77000000
2.77000000
2.76500000
2.76500000
2.73500000
2.73500000
2.62500000
2.62500000
2.54000000
2.54000000
2.53000000
2.53000000
2.51000000
2.51000000
2.50500000
2.50500000
2.44000000
2.44000000
2.24500000
2.24500000
2.24500000
2.24500000
2.10000000
2.10000000
2.01000000
2.01000000
1.96500000
1.96500000
1.94500000
1.94500000
1.93500000
1.93500000
1.88500000
1.88500000
1.87500000
1.87500000
1.83500000
1.83500000
1.68500000
1.68500000
1.54500000
1.54500000
1.45000000
1.45000000
1.45000000
1.45000000
1.14500000
1.14500000
1.05500000
1.05500000
0.96000000
0.96000000
0.82500000
0.82500000
0.78500000
0.78500000
0.75500000
0.75500000
0.74500000
0.74500000
0.69000000
0.69000000
0.58000000
0.58000000
0.57500000
0.57500000
0.45000000
0.45000000
0.41500000
0.41500000
0.36000000
0.36000000
0.24000000
0.24000000
0.24000000
0.24000000
0.22000000
0.22000000
0.12000000
0.12000000
0.07500000
0.07500000
