2.52500000
0.02500000
5.05000000
2.67000000
2.81500000
3.19000000
4.07500000
5.99000000
6.10000000
3.80500000
0.36500000
1.79000000
1.34000000
5.36000000
0.58000000
2.64000000
4.17000000
3.35500000
4.56500000
5.00000000
1.78500000
2.51000000
1.72000000
4.80000000
2.45000000
5.97500000
5.36000000
1.64000000
2.64500000
1.81000000
3.86000000
1.25000000
2.03000000
5.88500000
5.55500000
2.61000000
1.42000000
1.83500000
2.25500000
5.88000000
3.87000000
2.44000000
1.97000000
4.56500000
6.01000000
2.75500000
5.74000000
0.24500000
3.53000000
3.00500000
5.64500000
5.06000000
5.65500000
5.12500000
2.16500000
1.25000000
5.21500000
3.90000000
2.70000000
0.42500000
3.47500000
0.92500000
2.10500000
5.62500000
2.22000000
3.35500000
2.88000000
3.56500000
3.94000000
5.08000000
2.05000000
0.77000000
4.95000000
3.08000000
1.76500000
4.99000000
1.60000000
3.09000000
2.00500000
4.26000000
5.97500000
0.72500000
4.66000000
6.02000000
1.62000000
3.33500000
6.07500000
5.85000000
3.69500000
1.02000000
1.06500000
5.62000000
0.56500000
1.29000000
6.05500000
1.72000000
1.80000000
3.23500000
1.65500000
3.69000000
1.65500000
1.64000000
1.62000000
1.60000000
1.42000000
1.34000000
1.29000000
1.25000000
1.25000000
1.06500000
1.02000000
0.92500000
0.77000000
0.72500000
0.58000000
0.56500000
0.42500000
0.36500000
0.24500000
0.02500000
6.10000000
6.07500000
6.05500000
6.02000000
6.01000000
5.99000000
5.97500000
5.97500000
5.88500000
5.88000000
5.85000000
5.74000000
5.65500000
5.64500000
5.62500000
5.62000000
5.55500000
5.36000000
5.36000000
5.21500000
5.12500000
5.08000000
5.06000000
5.05000000
5.00000000
4.99000000
4.95000000
4.80000000
4.66000000
4.56500000
4.56500000
4.26000000
4.17000000
4.07500000
3.94000000
3.90000000
3.87000000
3.86000000
3.80500000
3.69500000
3.69000000
3.56500000
3.53000000
3.47500000
3.35500000
3.35500000
3.33500000
3.23500000
3.19000000
3.09000000
3.08000000
3.00500000
2.88000000
2.81500000
2.75500000
2.70000000
2.67000000
2.64500000
2.64000000
2.61000000
2.52500000
2.51000000
2.45000000
2.44000000
2.25500000
2.22000000
2.16500000
2.10500000
2.05000000
2.03000000
2.00500000
1.97000000
1.83500000
1.81000000
1.80000000
1.79000000
1.78500000
1.76500000
1.72000000
1.72000000
1.65500000
1.65500000
1.64000000
1.64000000
1.62000000
1.62000000
1.60000000
1.60000000
1.42000000
1.42000000
1.34000000
1.34000000
1.29000000
1.29000000
1.25000000
1.25000000
1.25000000
1.25000000
1.06500000
1.06500000
1.02000000
1.02000000
0.92500000
0.92500000
0.77000000
0.77000000
0.72500000
0.72500000
0.58000000
0.58000000
0.56500000
0.56500000
0.42500000
0.42500000
0.36500000
0.36500000
0.24500000
0.24500000
0.02500000
0.02500000
6.10000000
6.10000000
6.07500000
6.07500000
6.05500000
6.05500000
6.02000000
6.02000000
6.01000000
6.01000000
5.99000000
5.99000000
5.97500000
5.97500000
5.97500000
5.97500000
5.88500000
5.88500000
5.88000000
5.88000000
5.85000000
5.85000000
5.74000000
5.74000000
5.65500000
5.65500000
5.64500000
5.64500000
5.62500000
5.62500000
5.62000000
5.62000000
5.55500000
5.55500000
5.36000000
5.36000000
5.36000000
5.36000000
5.21500000
5.21500000
5.12500000
5.12500000
5.08000000
5.08000000
5.06000000
5.06000000
5.05000000
5.05000000
5.00000000
5.00000000
4.99000000
4.99000000
4.95000000
4.95000000
4.80000000
4.80000000
4.66000000
4.66000000
4.56500000
4.56500000
4.56500000
4.56500000
4.26000000
4.26000000
4.17000000
4.17000000
4.07500000
4.07500000
3.94000000
3.94000000
3.90000000
3.90000000
3.87000000
3.87000000
3.86000000
3.86000000
3.80500000
3.80500000
3.69500000
3.69500000
3.69000000
3.69000000
3.56500000
3.56500000
3.53000000
3.53000000
3.47500000
3.47500000
3.35500000
3.35500000
3.35500000
3.35500000
3.33500000
3.33500000
3.23500000
3.23500000
3.19000000
3.19000000
3.09000000
3.09000000
3.08000000
3.08000000
3.00500000
3.00500000
2.88000000
2.88000000
2.81500000
2.81500000
2.75500000
2.75500000
2.70000000
2.70000000
2.67000000
2.67000000
2.64500000
2.64500000
2.64000000
2.64000000
2.61000000
2.61000000
2.52500000
2.52500000
2.51000000
2.51000000
2.45000000
2.45000000
2.44000000
2.44000000
2.25500000
2.25500000
2.22000000
2.22000000
2.16500000
2.16500000
2.10500000
2.10500000
2.05000000
2.05000000
2.03000000
2.03000000
2.00500000
2.00500000
1.97000000
1.97000000
1.83500000
1.83500000
1.81000000
1.81000000
1.80000000
1.80000000
1.79000000
1.79000000
1.78500000
1.78500000
1.76500000
1.76500000
1.72000000
1.72000000
1.72000000
1.72000000
1.65500000
1.65500000
1.65500000
1.65500000
1.64000000
1.64000000
1.64000000
1.64000000
1.62000000
1.62000000
1.62000000
1.62000000
1.60000000
1.60000000
1.60000000
1.60000000
1.42000000
1.42000000
1.42000000
1.42000000
1.34000000
1.34000000
1.34000000
1.34000000
1.29000000
1.29000000
1.29000000
1.29000000
1.25000000
1.25000000
1.25000000
1.25000000
1.25000000
1.25000000
1.25000000
1.25000000
1.06500000
1.06500000
1.06500000
1.06500000
1.02000000
1.02000000
1.02000000
1.02000000
0.92500000
0.92500000
0.92500000
0.92500000
0.77000000
0.77000000
0.77000000
0.77000000
0.72500000
0.72500000
0.72500000
0.72500000
0.58000000
0.58000000
0.58000000
0.58000000
0.56500000
0.56500000
0.56500000
0.56500000
0.42500000
0.42500000
0.42500000
0.42500000
0.36500000
0.36500000
0.36500000
0.36500000
0.24500000
0.24500000
0.24500000
0.24500000
0.02500000
0.02500000
0.02500000
0.02500000
6.10000000
6.10000000
6.10000000
6.10000000
6.07500000
6.07500000
6.07500000
6.07500000
6.05500000
6.05500000
6.05500000
6.05500000
6.02000000
6.02000000
6.02000000
6.02000000
6.01000000
6.01000000
6.01000000
6.01000000
5.99000000
5.99000000
5.99000000
5.99000000
5.97500000
5.97500000
5.97500000
5.97500000
5.97500000
5.97500000
5.97500000
5.97500000
5.88500000
5.88500000
5.88500000
5.88500000
5.88000000
5.88000000
5.88000000
5.88000000
5.85000000
5.85000000
5.85000000
5.85000000
5.74000000
5.74000000
5.74000000
5.74000000
5.65500000
5.65500000
5.65500000
5.65500000
5.64500000
5.64500000
5.64500000
5.64500000
5.62500000
5.62500000
5.62500000
5.62500000
5.62000000
5.62000000
5.62000000
5.62000000
5.55500000
5.55500000
5.55500000
5.55500000
5.36000000
5.36000000
5.36000000
5.36000000
5.36000000
5.36000000
5.36000000
5.36000000
5.21500000
5.21500000
5.21500000
5.21500000
5.12500000
5.12500000
5.12500000
5.12500000
5.08000000
5.08000000
5.08000000
5.08000000
5.06000000
5.06000000
5.06000000
5.06000000
5.05000000
5.05000000
5.05000000
5.05000000
5.00000000
5.00000000
5.00000000
5.00000000
4.99000000
4.99000000
4.99000000
4.99000000
4.95000000
4.95000000
4.95000000
4.95000000
4.80000000
4.80000000
4.80000000
4.80000000
4.66000000
4.66000000
4.66000000
4.66000000
4.56500000
4.56500000
4.56500000
4.56500000
4.56500000
4.56500000
4.56500000
4.56500000
4.26000000
4.26000000
4.26000000
4.26000000
4.17000000
4.17000000
4.17000000
4.17000000
4.07500000
4.07500000
4.07500000
4.07500000
3.94000000
3.94000000
3.94000000
3.94000000
3.90000000
3.90000000
3.90000000
3.90000000
3.87000000
3.87000000
3.87000000
3.87000000
3.86000000
3.86000000
3.86000000
3.86000000
3.80500000
3.80500000
3.80500000
3.80500000
3.69500000
3.69500000
3.69500000
3.69500000
3.69000000
3.69000000
3.69000000
3.69000000
3.56500000
3.56500000
3.56500000
3.56500000
3.53000000
3.53000000
3.53000000
3.53000000
3.47500000
3.47500000
3.47500000
3.47500000
3.35500000
3.35500000
3.35500000
3.35500000
3.35500000
3.35500000
3.35500000
3.35500000
3.33500000
3.33500000
3.33500000
3.33500000
3.23500000
3.23500000
3.23500000
3.23500000
3.19000000
3.19000000
3.19000000
3.19000000
3.09000000
3.09000000
3.09000000
3.09000000
3.08000000
3.08000000
3.08000000
3.08000000
3.00500000
3.00500000
3.00500000
3.00500000
2.88000000
2.88000000
2.88000000
2.88000000
2.81500000
2.81500000
2.81500000
2.81500000
2.75500000
2.75500000
2.75500000
2.75500000
2.70000000
2.70000000
2.70000000
2.70000000
2.67000000
2.67000000
2.67000000
2.67000000
2.64500000
2.64500000
2.64500000
2.64500000
2.64000000
2.64000000
2.64000000
2.64000000
2.61000000
2.61000000
2.61000000
2.61000000
2.52500000
2.52500000
2.52500000
2.52500000
2.51000000
2.51000000
2.51000000
2.51000000
2.45000000
2.45000000
2.45000000
2.45000000
2.44000000
2.44000000
2.44000000
2.44000000
2.25500000
2.25500000
2.25500000
2.25500000
2.22000000
2.22000000
2.22000000
2.22000000
2.16500000
2.16500000
2.16500000
2.16500000
2.10500000
2.10500000
2.10500000
2.10500000
2.05000000
2.05000000
2.05000000
2.05000000
2.03000000
2.03000000
2.03000000
2.03000000
2.00500000
2.00500000
2.00500000
2.00500000
1.97000000
1.97000000
1.97000000
1.97000000
1.83500000
1.83500000
1.83500000
1.83500000
1.81000000
1.81000000
1.81000000
1.81000000
1.80000000
1.80000000
1.80000000
1.80000000
1.79000000
1.79000000
1.79000000
1.79000000
1.78500000
1.78500000
1.78500000
1.78500000
1.76500000
1.76500000
1.76500000
1.76500000
1.72000000
1.72000000
1.72000000
1.72000000
1.72000000
1.72000000
1.72000000
1.72000000
1.65500000
1.65500000
1.65500000
1.65500000
1.65500000
1.65500000
1.65500000
1.65500000
1.64000000
1.64000000
1.64000000
1.64000000
1.64000000
1.64000000
1.64000000
1.64000000
1.62000000
1.62000000
1.62000000
1.62000000
1.62000000
1.62000000
1.62000000
1.62000000
1.60000000
1.60000000
1.60000000
1.60000000
1.60000000
1.60000000
1.60000000
1.60000000
1.42000000
1.42000000
1.42000000
1.42000000
1.42000000
1.42000000
1.42000000
1.42000000
1.34000000
1.34000000
1.34000000
1.34000000
1.34000000
1.34000000
1.34000000
1.34000000
1.29000000
1.29000000
1.29000000
1.29000000
1.29000000
1.29000000
1.29000000
1.29000000
1.25000000
1.25000000
1.25000000
1.25000000
1.25000000
1.25000000
1.25000000
1.25000000
1.25000000
1.25000000
1.25000000
1.25000000
1.25000000
1.25000000
1.25000000
1.25000000
1.06500000
1.06500000
1.06500000
1.06500000
1.06500000
1.06500000
1.06500000
1.06500000
1.02000000
1.02000000
1.02000000
1.02000000
1.02000000
1.02000000
1.02000000
1.02000000
0.92500000
0.92500000
0.92500000
0.92500000
0.92500000
0.92500000
0.92500000
0.92500000
0.77000000
0.77000000
0.77000000
0.77000000
0.77000000
0.77000000
0.77000000
0.77000000
0.72500000
0.72500000
0.72500000
0.72500000
0.72500000
0.72500000
0.72500000
0.72500000
0.58000000
0.58000000
0.58000000
0.58000000
0.58000000
0.58000000
0.58000000
0.58000000
0.56500000
0.56500000
0.56500000
0.56500000
0.56500000
0.56500000
0.56500000
0.56500000
0.42500000
0.42500000
0.42500000
0.42500000
0.42500000
0.42500000
0.42500000
0.42500000
0.36500000
0.36500000
0.36500000
0.36500000
0.36500000
0.36500000
0.36500000
0.36500000
0.24500000
0.24500000
0.24500000
0.24500000
0.24500000
0.24500000
0.24500000
0.24500000
0.02500000
0.02500000
0.02500000
0.02500000
0.02500000
0.02500000
0.02500000
0.02500000
