5.51000000
3.01000000
1.75000000
5.65500000
5.80000000
6.17500000
0.77500000
2.69000000
2.80000000
0.50500000
3.35000000
4.77500000
4.32500000
2.06000000
3.56500000
5.62500000
0.87000000
0.05500000
1.26500000
1.70000000
4.77000000
5.49500000
4.70500000
1.50000000
5.43500000
2.67500000
2.06000000
4.62500000
5.63000000
4.79500000
0.56000000
4.23500000
5.01500000
2.58500000
2.25500000
5.59500000
4.40500000
4.82000000
5.24000000
2.58000000
0.57000000
5.42500000
4.95500000
1.26500000
2.71000000
5.74000000
2.44000000
3.23000000
0.23000000
5.99000000
2.34500000
1.76000000
2.35500000
1.82500000
5.15000000
4.23500000
1.91500000
0.60000000
5.68500000
3.41000000
0.17500000
3.91000000
5.09000000
2.32500000
5.20500000
0.05500000
5.86500000
0.26500000
0.64000000
1.78000000
5.03500000
3.75500000
1.65000000
6.06500000
4.75000000
1.69000000
4.58500000
6.07500000
4.99000000
0.96000000
2.67500000
3.71000000
1.36000000
2.72000000
4.60500000
0.03500000
2.77500000
2.55000000
0.39500000
4.00500000
4.05000000
2.32000000
3.55000000
4.27500000
2.75500000
4.70500000
4.78500000
6.22000000
4.64000000
0.39000000
4.64000000
4.62500000
4.60500000
4.58500000
4.40500000
4.32500000
4.27500000
4.23500000
4.23500000
4.05000000
4.00500000
3.91000000
3.75500000
3.71000000
3.56500000
3.55000000
3.41000000
3.35000000
3.23000000
3.01000000
2.80000000
2.77500000
2.75500000
2.72000000
2.71000000
2.69000000
2.67500000
2.67500000
2.58500000
2.58000000
2.55000000
2.44000000
2.35500000
2.34500000
2.32500000
2.32000000
2.25500000
2.06000000
2.06000000
1.91500000
1.82500000
1.78000000
1.76000000
1.75000000
1.70000000
1.69000000
1.65000000
1.50000000
1.36000000
1.26500000
1.26500000
0.96000000
0.87000000
0.77500000
0.64000000
0.60000000
0.57000000
0.56000000
0.50500000
0.39500000
0.39000000
0.26500000
0.23000000
0.17500000
0.05500000
0.05500000
0.03500000
6.22000000
6.17500000
6.07500000
6.06500000
5.99000000
5.86500000
5.80000000
5.74000000
5.68500000
5.65500000
5.63000000
5.62500000
5.59500000
5.51000000
5.49500000
5.43500000
5.42500000
5.24000000
5.20500000
5.15000000
5.09000000
5.03500000
5.01500000
4.99000000
4.95500000
4.82000000
4.79500000
4.78500000
4.77500000
4.77000000
4.75000000
4.70500000
4.70500000
4.64000000
4.64000000
4.62500000
4.62500000
4.60500000
4.60500000
4.58500000
4.58500000
4.40500000
4.40500000
4.32500000
4.32500000
4.27500000
4.27500000
4.23500000
4.23500000
4.23500000
4.23500000
4.05000000
4.05000000
4.00500000
4.00500000
3.91000000
3.91000000
3.75500000
3.75500000
3.71000000
3.71000000
3.56500000
3.56500000
3.55000000
3.55000000
3.41000000
3.41000000
3.35000000
3.35000000
3.23000000
3.23000000
3.01000000
3.01000000
2.80000000
2.80000000
2.77500000
2.77500000
2.75500000
2.75500000
2.72000000
2.72000000
2.71000000
2.71000000
2.69000000
2.69000000
2.67500000
2.67500000
2.67500000
2.67500000
2.58500000
2.58500000
2.58000000
2.58000000
2.55000000
2.55000000
2.44000000
2.44000000
2.35500000
2.35500000
2.34500000
2.34500000
2.32500000
2.32500000
2.32000000
2.32000000
2.25500000
2.25500000
2.06000000
2.06000000
2.06000000
2.06000000
1.91500000
1.91500000
1.82500000
1.82500000
1.78000000
1.78000000
1.76000000
1.76000000
1.75000000
1.75000000
1.70000000
1.70000000
1.69000000
1.69000000
1.65000000
1.65000000
1.50000000
1.50000000
1.36000000
1.36000000
1.26500000
1.26500000
1.26500000
1.26500000
0.96000000
0.96000000
0.87000000
0.87000000
0.77500000
0.77500000
0.64000000
0.64000000
0.60000000
0.60000000
0.57000000
0.57000000
0.56000000
0.56000000
0.50500000
0.50500000
0.39500000
0.39500000
0.39000000
0.39000000
0.26500000
0.26500000
0.23000000
0.23000000
0.17500000
0.17500000
0.05500000
0.05500000
0.05500000
0.05500000
0.03500000
0.03500000
6.22000000
6.22000000
6.17500000
6.17500000
6.07500000
6.07500000
6.06500000
6.06500000
5.99000000
5.99000000
5.86500000
5.86500000
5.80000000
5.80000000
5.74000000
5.74000000
5.68500000
5.68500000
5.65500000
5.65500000
5.63000000
5.63000000
5.62500000
5.62500000
5.59500000
5.59500000
5.51000000
5.51000000
5.49500000
5.49500000
5.43500000
5.43500000
5.42500000
5.42500000
5.24000000
5.24000000
5.20500000
5.20500000
5.15000000
5.15000000
5.09000000
5.09000000
5.03500000
5.03500000
5.01500000
5.01500000
4.99000000
4.99000000
4.95500000
4.95500000
4.82000000
4.82000000
4.79500000
4.79500000
4.78500000
4.78500000
4.77500000
4.77500000
4.77000000
4.77000000
4.75000000
4.75000000
4.70500000
4.70500000
4.70500000
4.70500000
4.64000000
4.64000000
4.64000000
4.64000000
4.62500000
4.62500000
4.62500000
4.62500000
4.60500000
4.60500000
4.60500000
4.60500000
4.58500000
4.58500000
4.58500000
4.58500000
4.40500000
4.40500000
4.40500000
4.40500000
4.32500000
4.32500000
4.32500000
4.32500000
4.27500000
4.27500000
4.27500000
4.27500000
4.23500000
4.23500000
4.23500000
4.23500000
4.23500000
4.23500000
4.23500000
4.23500000
4.05000000
4.05000000
4.05000000
4.05000000
4.00500000
4.00500000
4.00500000
4.00500000
3.91000000
3.91000000
3.91000000
3.91000000
3.75500000
3.75500000
3.75500000
3.75500000
3.71000000
3.71000000
3.71000000
3.71000000
3.56500000
3.56500000
3.56500000
3.56500000
3.55000000
3.55000000
3.55000000
3.55000000
3.41000000
3.41000000
3.41000000
3.41000000
3.35000000
3.35000000
3.35000000
3.35000000
3.23000000
3.23000000
3.23000000
3.23000000
3.01000000
3.01000000
3.01000000
3.01000000
2.80000000
2.80000000
2.80000000
2.80000000
2.77500000
2.77500000
2.77500000
2.77500000
2.75500000
2.75500000
2.75500000
2.75500000
2.72000000
2.72000000
2.72000000
2.72000000
2.71000000
2.71000000
2.71000000
2.71000000
2.69000000
2.69000000
2.69000000
2.69000000
2.67500000
2.67500000
2.67500000
2.67500000
2.67500000
2.67500000
2.67500000
2.67500000
2.58500000
2.58500000
2.58500000
2.58500000
2.58000000
2.58000000
2.58000000
2.58000000
2.55000000
2.55000000
2.55000000
2.55000000
2.44000000
2.44000000
2.44000000
2.44000000
2.35500000
2.35500000
2.35500000
2.35500000
2.34500000
2.34500000
2.34500000
2.34500000
2.32500000
2.32500000
2.32500000
2.32500000
2.32000000
2.32000000
2.32000000
2.32000000
2.25500000
2.25500000
2.25500000
2.25500000
2.06000000
2.06000000
2.06000000
2.06000000
2.06000000
2.06000000
2.06000000
2.06000000
1.91500000
1.91500000
1.91500000
1.91500000
1.82500000
1.82500000
1.82500000
1.82500000
1.78000000
1.78000000
1.78000000
1.78000000
1.76000000
1.76000000
1.76000000
1.76000000
1.75000000
1.75000000
1.75000000
1.75000000
1.70000000
1.70000000
1.70000000
1.70000000
1.69000000
1.69000000
1.69000000
1.69000000
1.65000000
1.65000000
1.65000000
1.65000000
1.50000000
1.50000000
1.50000000
1.50000000
1.36000000
1.36000000
1.36000000
1.36000000
1.26500000
1.26500000
1.26500000
1.26500000
1.26500000
1.26500000
1.26500000
1.26500000
0.96000000
0.96000000
0.96000000
0.96000000
0.87000000
0.87000000
0.87000000
0.87000000
0.77500000
0.77500000
0.77500000
0.77500000
0.64000000
0.64000000
0.64000000
0.64000000
0.60000000
0.60000000
0.60000000
0.60000000
0.57000000
0.57000000
0.57000000
0.57000000
0.56000000
0.56000000
0.56000000
0.56000000
0.50500000
0.50500000
0.50500000
0.50500000
0.39500000
0.39500000
0.39500000
0.39500000
0.39000000
0.39000000
0.39000000
0.39000000
0.26500000
0.26500000
0.26500000
0.26500000
0.23000000
0.23000000
0.23000000
0.23000000
0.17500000
0.17500000
0.17500000
0.17500000
0.05500000
0.05500000
0.05500000
0.05500000
0.05500000
0.05500000
0.05500000
0.05500000
0.03500000
0.03500000
0.03500000
0.03500000
