1.96000000
5.74500000
4.48500000
2.10500000
2.25000000
2.62500000
3.51000000
5.42500000
5.53500000
3.24000000
6.08500000
1.22500000
0.77500000
4.79500000
0.01500000
2.07500000
3.60500000
2.79000000
4.00000000
4.43500000
1.22000000
1.94500000
1.15500000
4.23500000
1.88500000
5.41000000
4.79500000
1.07500000
2.08000000
1.24500000
3.29500000
0.68500000
1.46500000
5.32000000
4.99000000
2.04500000
0.85500000
1.27000000
1.69000000
5.31500000
3.30500000
1.87500000
1.40500000
4.00000000
5.44500000
2.19000000
5.17500000
5.96500000
2.96500000
2.44000000
5.08000000
4.49500000
5.09000000
4.56000000
1.60000000
0.68500000
4.65000000
3.33500000
2.13500000
6.14500000
2.91000000
0.36000000
1.54000000
5.06000000
1.65500000
2.79000000
2.31500000
3.00000000
3.37500000
4.51500000
1.48500000
0.20500000
4.38500000
2.51500000
1.20000000
4.42500000
1.03500000
2.52500000
1.44000000
3.69500000
5.41000000
0.16000000
4.09500000
5.45500000
1.05500000
2.77000000
5.51000000
5.28500000
3.13000000
0.45500000
0.50000000
5.05500000
0.00000000
0.72500000
5.49000000
1.15500000
1.23500000
2.67000000
1.09000000
3.12500000
1.09000000
1.07500000
1.05500000
1.03500000
0.85500000
0.77500000
0.72500000
0.68500000
0.68500000
0.50000000
0.45500000
0.36000000
0.20500000
0.16000000
0.01500000
0.00000000
6.14500000
6.08500000
5.96500000
5.74500000
5.53500000
5.51000000
5.49000000
5.45500000
5.44500000
5.42500000
5.41000000
5.41000000
5.32000000
5.31500000
5.28500000
5.17500000
5.09000000
5.08000000
5.06000000
5.05500000
4.99000000
4.79500000
4.79500000
4.65000000
4.56000000
4.51500000
4.49500000
4.48500000
4.43500000
4.42500000
4.38500000
4.23500000
4.09500000
4.00000000
4.00000000
3.69500000
3.60500000
3.51000000
3.37500000
3.33500000
3.30500000
3.29500000
3.24000000
3.13000000
3.12500000
3.00000000
2.96500000
2.91000000
2.79000000
2.79000000
2.77000000
2.67000000
2.62500000
2.52500000
2.51500000
2.44000000
2.31500000
2.25000000
2.19000000
2.13500000
2.10500000
2.08000000
2.07500000
2.04500000
1.96000000
1.94500000
1.88500000
1.87500000
1.69000000
1.65500000
1.60000000
1.54000000
1.48500000
1.46500000
1.44000000
1.40500000
1.27000000
1.24500000
1.23500000
1.22500000
1.22000000
1.20000000
1.15500000
1.15500000
1.09000000
1.09000000
1.07500000
1.07500000
1.05500000
1.05500000
1.03500000
1.03500000
0.85500000
0.85500000
0.77500000
0.77500000
0.72500000
0.72500000
0.68500000
0.68500000
0.68500000
0.68500000
0.50000000
0.50000000
0.45500000
0.45500000
0.36000000
0.36000000
0.20500000
0.20500000
0.16000000
0.16000000
0.01500000
0.01500000
0.00000000
0.00000000
6.14500000
6.14500000
6.08500000
6.08500000
5.96500000
5.96500000
5.74500000
5.74500000
5.53500000
5.53500000
5.51000000
5.51000000
5.49000000
5.49000000
5.45500000
5.45500000
5.44500000
5.44500000
5.42500000
5.42500000
5.41000000
5.41000000
5.41000000
5.41000000
5.32000000
5.32000000
5.31500000
5.31500000
5.28500000
5.28500000
5.17500000
5.17500000
5.09000000
5.09000000
5.08000000
5.08000000
5.06000000
5.06000000
5.05500000
5.05500000
4.99000000
4.99000000
4.79500000
4.79500000
4.79500000
4.79500000
4.65000000
4.65000000
4.56000000
4.56000000
4.51500000
4.51500000
4.49500000
4.49500000
4.48500000
4.48500000
4.43500000
4.43500000
4.42500000
4.42500000
4.38500000
4.38500000
4.23500000
4.23500000
4.09500000
4.09500000
4.00000000
4.00000000
4.00000000
4.00000000
3.69500000
3.69500000
3.60500000
3.60500000
3.51000000
3.51000000
3.37500000
3.37500000
3.33500000
3.33500000
3.30500000
3.30500000
3.29500000
3.29500000
3.24000000
3.24000000
3.13000000
3.13000000
3.12500000
3.12500000
3.00000000
3.00000000
2.96500000
2.96500000
2.91000000
2.91000000
2.79000000
2.79000000
2.79000000
2.79000000
2.77000000
2.77000000
2.67000000
2.67000000
2.62500000
2.62500000
2.52500000
2.52500000
2.51500000
2.51500000
2.44000000
2.44000000
2.31500000
2.31500000
2.25000000
2.25000000
2.19000000
2.19000000
2.13500000
2.13500000
2.10500000
2.10500000
2.08000000
2.08000000
2.07500000
2.07500000
2.04500000
2.04500000
1.96000000
1.96000000
1.94500000
1.94500000
1.88500000
1.88500000
1.87500000
1.87500000
1.69000000
1.69000000
1.65500000
1.65500000
1.60000000
1.60000000
1.54000000
1.54000000
1.48500000
1.48500000
1.46500000
1.46500000
1.44000000
1.44000000
1.40500000
1.40500000
1.27000000
1.27000000
1.24500000
1.24500000
1.23500000
1.23500000
1.22500000
1.22500000
1.22000000
1.22000000
1.20000000
1.20000000
1.15500000
1.15500000
1.15500000
1.15500000
1.09000000
1.09000000
1.09000000
1.09000000
1.07500000
1.07500000
1.07500000
1.07500000
1.05500000
1.05500000
1.05500000
1.05500000
1.03500000
1.03500000
1.03500000
1.03500000
0.85500000
0.85500000
0.85500000
0.85500000
0.77500000
0.77500000
0.77500000
0.77500000
0.72500000
0.72500000
0.72500000
0.72500000
0.68500000
0.68500000
0.68500000
0.68500000
0.68500000
0.68500000
0.68500000
0.68500000
0.50000000
0.50000000
0.50000000
0.50000000
0.45500000
0.45500000
0.45500000
0.45500000
0.36000000
0.36000000
0.36000000
0.36000000
0.20500000
0.20500000
0.20500000
0.20500000
0.16000000
0.16000000
0.16000000
0.16000000
0.01500000
0.01500000
0.01500000
0.01500000
0.00000000
0.00000000
0.00000000
0.00000000
