4.29500000
1.79500000
0.53500000
4.44000000
4.58500000
4.96000000
5.84500000
1.47500000
1.58500000
5.57500000
2.13500000
3.56000000
3.11000000
0.84500000
2.35000000
4.41000000
5.94000000
5.12500000
0.05000000
0.48500000
3.55500000
4.28000000
3.49000000
0.28500000
4.22000000
1.46000000
0.84500000
3.41000000
4.41500000
3.58000000
5.63000000
3.02000000
3.80000000
1.37000000
1.04000000
4.38000000
3.19000000
3.60500000
4.02500000
1.36500000
5.64000000
4.21000000
3.74000000
0.05000000
1.49500000
4.52500000
1.22500000
2.01500000
5.30000000
4.77500000
1.13000000
0.54500000
1.14000000
0.61000000
3.93500000
3.02000000
0.70000000
5.67000000
4.47000000
2.19500000
5.24500000
2.69500000
3.87500000
1.11000000
3.99000000
5.12500000
4.65000000
5.33500000
5.71000000
0.56500000
3.82000000
2.54000000
0.43500000
4.85000000
3.53500000
0.47500000
3.37000000
4.86000000
3.77500000
6.03000000
1.46000000
2.49500000
0.14500000
1.50500000
3.39000000
5.10500000
1.56000000
1.33500000
5.46500000
2.79000000
2.83500000
1.10500000
2.33500000
3.06000000
1.54000000
3.49000000
3.57000000
5.00500000
3.42500000
5.46000000
3.42500000
3.41000000
3.39000000
3.37000000
3.19000000
3.11000000
3.06000000
3.02000000
3.02000000
2.83500000
2.79000000
2.69500000
2.54000000
2.49500000
2.35000000
2.33500000
2.19500000
2.13500000
2.01500000
1.79500000
1.58500000
1.56000000
1.54000000
1.50500000
1.49500000
1.47500000
1.46000000
1.46000000
1.37000000
1.36500000
1.33500000
1.22500000
1.14000000
1.13000000
1.11000000
1.10500000
1.04000000
0.84500000
0.84500000
0.70000000
0.61000000
0.56500000
0.54500000
0.53500000
0.48500000
0.47500000
0.43500000
0.28500000
0.14500000
0.05000000
0.05000000
6.03000000
5.94000000
5.84500000
5.71000000
5.67000000
5.64000000
5.63000000
5.57500000
5.46500000
5.46000000
5.33500000
5.30000000
5.24500000
5.12500000
5.12500000
5.10500000
5.00500000
4.96000000
4.86000000
4.85000000
4.77500000
4.65000000
4.58500000
4.52500000
4.47000000
4.44000000
4.41500000
4.41000000
4.38000000
4.29500000
4.28000000
4.22000000
4.21000000
4.02500000
3.99000000
3.93500000
3.87500000
3.82000000
3.80000000
3.77500000
3.74000000
3.60500000
3.58000000
3.57000000
3.56000000
3.55500000
3.53500000
3.49000000
3.49000000
3.42500000
3.42500000
3.41000000
3.41000000
3.39000000
3.39000000
3.37000000
3.37000000
3.19000000
3.19000000
3.11000000
3.11000000
3.06000000
3.06000000
3.02000000
3.02000000
3.02000000
3.02000000
2.83500000
2.83500000
2.79000000
2.79000000
2.69500000
2.69500000
2.54000000
2.54000000
2.49500000
2.49500000
2.35000000
2.35000000
2.33500000
2.33500000
2.19500000
2.19500000
2.13500000
2.13500000
2.01500000
2.01500000
1.79500000
1.79500000
1.58500000
1.58500000
1.56000000
1.56000000
1.54000000
1.54000000
1.50500000
1.50500000
1.49500000
1.49500000
1.47500000
1.47500000
1.46000000
1.46000000
1.46000000
1.46000000
1.37000000
1.37000000
1.36500000
1.36500000
1.33500000
1.33500000
1.22500000
1.22500000
1.14000000
1.14000000
1.13000000
1.13000000
1.11000000
1.11000000
1.10500000
1.10500000
1.04000000
1.04000000
0.84500000
0.84500000
0.84500000
0.84500000
0.70000000
0.70000000
0.61000000
0.61000000
0.56500000
0.56500000
0.54500000
0.54500000
0.53500000
0.53500000
0.48500000
0.48500000
0.47500000
0.47500000
0.43500000
0.43500000
0.28500000
0.28500000
0.14500000
0.14500000
0.05000000
0.05000000
0.05000000
0.05000000
