5.81000000
3.31000000
2.05000000
5.95500000
6.10000000
0.19000000
1.07500000
2.99000000
3.10000000
0.80500000
3.65000000
5.07500000
4.62500000
2.36000000
3.86500000
5.92500000
1.17000000
0.35500000
1.56500000
2.00000000
5.07000000
5.79500000
5.00500000
1.80000000
5.73500000
2.97500000
2.36000000
4.92500000
5.93000000
5.09500000
0.86000000
4.53500000
5.31500000
2.88500000
2.55500000
5.89500000
4.70500000
5.12000000
5.54000000
2.88000000
0.87000000
5.72500000
5.25500000
1.56500000
3.01000000
6.04000000
2.74000000
3.53000000
0.53000000
0.00500000
2.64500000
2.06000000
2.65500000
2.12500000
5.45000000
4.53500000
2.21500000
0.90000000
5.98500000
3.71000000
0.47500000
4.21000000
5.39000000
2.62500000
5.50500000
0.35500000
6.16500000
0.56500000
0.94000000
2.08000000
5.33500000
4.05500000
1.95000000
0.08000000
5.05000000
1.99000000
4.88500000
0.09000000
5.29000000
1.26000000
2.97500000
4.01000000
1.66000000
3.02000000
4.90500000
0.33500000
3.07500000
2.85000000
0.69500000
4.30500000
4.35000000
2.62000000
3.85000000
4.57500000
3.05500000
5.00500000
5.08500000
0.23500000
4.94000000
0.69000000
4.94000000
4.92500000
4.90500000
4.88500000
4.70500000
4.62500000
4.57500000
4.53500000
4.53500000
4.35000000
4.30500000
4.21000000
4.05500000
4.01000000
3.86500000
3.85000000
3.71000000
3.65000000
3.53000000
3.31000000
3.10000000
3.07500000
3.05500000
3.02000000
3.01000000
2.99000000
2.97500000
2.97500000
2.88500000
2.88000000
2.85000000
2.74000000
2.65500000
2.64500000
2.62500000
2.62000000
2.55500000
2.36000000
2.36000000
2.21500000
2.12500000
2.08000000
2.06000000
2.05000000
2.00000000
1.99000000
1.95000000
1.80000000
1.66000000
1.56500000
1.56500000
1.26000000
1.17000000
1.07500000
0.94000000
0.90000000
0.87000000
0.86000000
0.80500000
0.69500000
0.69000000
0.56500000
0.53000000
0.47500000
0.35500000
0.35500000
0.33500000
0.23500000
0.19000000
0.09000000
0.08000000
0.00500000
6.16500000
6.10000000
6.04000000
5.98500000
5.95500000
5.93000000
5.92500000
5.89500000
5.81000000
5.79500000
5.73500000
5.72500000
5.54000000
5.50500000
5.45000000
5.39000000
5.33500000
5.31500000
5.29000000
5.25500000
5.12000000
5.09500000
5.08500000
5.07500000
5.07000000
5.05000000
5.00500000
5.00500000
4.94000000
4.94000000
4.92500000
4.92500000
4.90500000
4.90500000
4.88500000
4.88500000
4.70500000
4.70500000
4.62500000
4.62500000
4.57500000
4.57500000
4.53500000
4.53500000
4.53500000
4.53500000
4.35000000
4.35000000
4.30500000
4.30500000
4.21000000
4.21000000
4.05500000
4.05500000
4.01000000
4.01000000
3.86500000
3.86500000
3.85000000
3.85000000
3.71000000
3.71000000
3.65000000
3.65000000
3.53000000
3.53000000
3.31000000
3.31000000
3.10000000
3.10000000
3.07500000
3.07500000
3.05500000
3.05500000
3.02000000
3.02000000
3.01000000
3.01000000
2.99000000
2.99000000
2.97500000
2.97500000
2.97500000
2.97500000
2.88500000
2.88500000
2.88000000
2.88000000
2.85000000
2.85000000
2.74000000
2.74000000
2.65500000
2.65500000
2.64500000
2.64500000
2.62500000
2.62500000
2.62000000
2.62000000
2.55500000
2.55500000
2.36000000
2.36000000
2.36000000
2.36000000
2.21500000
2.21500000
2.12500000
2.12500000
2.08000000
2.08000000
2.06000000
2.06000000
2.05000000
2.05000000
2.00000000
2.00000000
1.99000000
1.99000000
1.95000000
1.95000000
1.80000000
1.80000000
1.66000000
1.66000000
1.56500000
1.56500000
1.56500000
1.56500000
1.26000000
1.26000000
1.17000000
1.17000000
1.07500000
1.07500000
0.94000000
0.94000000
0.90000000
0.90000000
0.87000000
0.87000000
0.86000000
0.86000000
0.80500000
0.80500000
0.69500000
0.69500000
0.69000000
0.69000000
0.56500000
0.56500000
0.53000000
0.53000000
0.47500000
0.47500000
0.35500000
0.35500000
0.35500000
0.35500000
0.33500000
0.33500000
0.23500000
0.23500000
0.19000000
0.19000000
0.09000000
0.09000000
0.08000000
0.08000000
0.00500000
0.00500000
6.16500000
6.16500000
6.10000000
6.10000000
6.04000000
6.04000000
5.98500000
5.98500000
5.95500000
5.95500000
5.93000000
5.93000000
5.92500000
5.92500000
5.89500000
5.89500000
5.81000000
5.81000000
5.79500000
5.79500000
5.73500000
5.73500000
5.72500000
5.72500000
5.54000000
5.54000000
5.50500000
5.50500000
5.45000000
5.45000000
5.39000000
5.39000000
5.33500000
5.33500000
5.31500000
5.31500000
5.29000000
5.29000000
5.25500000
5.25500000
5.12000000
5.12000000
5.09500000
5.09500000
5.08500000
5.08500000
5.07500000
5.07500000
5.07000000
5.07000000
5.05000000
5.05000000
5.00500000
5.00500000
5.00500000
5.00500000
4.94000000
4.94000000
4.94000000
4.94000000
4.92500000
4.92500000
4.92500000
4.92500000
4.90500000
4.90500000
4.90500000
4.90500000
4.88500000
4.88500000
4.88500000
4.88500000
4.70500000
4.70500000
4.70500000
4.70500000
4.62500000
4.62500000
4.62500000
4.62500000
4.57500000
4.57500000
4.57500000
4.57500000
4.53500000
4.53500000
4.53500000
4.53500000
4.53500000
4.53500000
4.53500000
4.53500000
4.35000000
4.35000000
4.35000000
4.35000000
4.30500000
4.30500000
4.30500000
4.30500000
4.21000000
4.21000000
4.21000000
4.21000000
4.05500000
4.05500000
4.05500000
4.05500000
4.01000000
4.01000000
4.01000000
4.01000000
3.86500000
3.86500000
3.86500000
3.86500000
3.85000000
3.85000000
3.85000000
3.85000000
3.71000000
3.71000000
3.71000000
3.71000000
3.65000000
3.65000000
3.65000000
3.65000000
3.53000000
3.53000000
3.53000000
3.53000000
3.31000000
3.31000000
3.31000000
3.31000000
3.10000000
3.10000000
3.10000000
3.10000000
3.07500000
3.07500000
3.07500000
3.07500000
3.05500000
3.05500000
3.05500000
3.05500000
3.02000000
3.02000000
3.02000000
3.02000000
3.01000000
3.01000000
3.01000000
3.01000000
2.99000000
2.99000000
2.99000000
2.99000000
2.97500000
2.97500000
2.97500000
2.97500000
2.97500000
2.97500000
2.97500000
2.97500000
2.88500000
2.88500000
2.88500000
2.88500000
2.88000000
2.88000000
2.88000000
2.88000000
2.85000000
2.85000000
2.85000000
2.85000000
2.74000000
2.74000000
2.74000000
2.74000000
2.65500000
2.65500000
2.65500000
2.65500000
2.64500000
2.64500000
2.64500000
2.64500000
2.62500000
2.62500000
2.62500000
2.62500000
2.62000000
2.62000000
2.62000000
2.62000000
2.55500000
2.55500000
2.55500000
2.55500000
2.36000000
2.36000000
2.36000000
2.36000000
2.36000000
2.36000000
2.36000000
2.36000000
2.21500000
2.21500000
2.21500000
2.21500000
2.12500000
2.12500000
2.12500000
2.12500000
2.08000000
2.08000000
2.08000000
2.08000000
2.06000000
2.06000000
2.06000000
2.06000000
2.05000000
2.05000000
2.05000000
2.05000000
2.00000000
2.00000000
2.00000000
2.00000000
1.99000000
1.99000000
1.99000000
1.99000000
1.95000000
1.95000000
1.95000000
1.95000000
1.80000000
1.80000000
1.80000000
1.80000000
1.66000000
1.66000000
1.66000000
1.66000000
1.56500000
1.56500000
1.56500000
1.56500000
1.56500000
1.56500000
1.56500000
1.56500000
1.26000000
1.26000000
1.26000000
1.26000000
1.17000000
1.17000000
1.17000000
1.17000000
1.07500000
1.07500000
1.07500000
1.07500000
0.94000000
0.94000000
0.94000000
0.94000000
0.90000000
0.90000000
0.90000000
0.90000000
0.87000000
0.87000000
0.87000000
0.87000000
0.86000000
0.86000000
0.86000000
0.86000000
0.80500000
0.80500000
0.80500000
0.80500000
0.69500000
0.69500000
0.69500000
0.69500000
0.69000000
0.69000000
0.69000000
0.69000000
0.56500000
0.56500000
0.56500000
0.56500000
0.53000000
0.53000000
0.53000000
0.53000000
0.47500000
0.47500000
0.47500000
0.47500000
0.35500000
0.35500000
0.35500000
0.35500000
0.35500000
0.35500000
0.35500000
0.35500000
0.33500000
0.33500000
0.33500000
0.33500000
0.23500000
0.23500000
0.23500000
0.23500000
0.19000000
0.19000000
0.19000000
0.19000000
0.09000000
0.09000000
0.09000000
0.09000000
0.08000000
0.08000000
0.08000000
0.08000000
0.00500000
0.00500000
0.00500000
0.00500000
