3.66000000
1.16000000
6.18500000
3.80500000
3.95000000
4.32500000
5.21000000
0.84000000
0.95000000
4.94000000
1.50000000
2.92500000
2.47500000
0.21000000
1.71500000
3.77500000
5.30500000
4.49000000
5.70000000
6.13500000
2.92000000
3.64500000
2.85500000
5.93500000
3.58500000
0.82500000
0.21000000
2.77500000
3.78000000
2.94500000
4.99500000
2.38500000
3.16500000
0.73500000
0.40500000
3.74500000
2.55500000
2.97000000
3.39000000
0.73000000
5.00500000
3.57500000
3.10500000
5.70000000
0.86000000
3.89000000
0.59000000
1.38000000
4.66500000
4.14000000
0.49500000
6.19500000
0.50500000
6.26000000
3.30000000
2.38500000
0.06500000
5.03500000
3.83500000
1.56000000
4.61000000
2.06000000
3.24000000
0.47500000
3.35500000
4.49000000
4.01500000
4.70000000
5.07500000
6.21500000
3.18500000
1.90500000
6.08500000
4.21500000
2.90000000
6.12500000
2.73500000
4.22500000
3.14000000
5.39500000
0.82500000
1.86000000
5.79500000
0.87000000
2.75500000
4.47000000
0.92500000
0.70000000
4.83000000
2.15500000
2.20000000
0.47000000
1.70000000
2.42500000
0.90500000
2.85500000
2.93500000
4.37000000
2.79000000
4.82500000
2.79000000
2.77500000
2.75500000
2.73500000
2.55500000
2.47500000
2.42500000
2.38500000
2.38500000
2.20000000
2.15500000
2.06000000
1.90500000
1.86000000
1.71500000
1.70000000
1.56000000
1.50000000
1.38000000
1.16000000
0.95000000
0.92500000
0.90500000
0.87000000
0.86000000
0.84000000
0.82500000
0.82500000
0.73500000
0.73000000
0.70000000
0.59000000
0.50500000
0.49500000
0.47500000
0.47000000
0.40500000
0.21000000
0.21000000
0.06500000
6.26000000
6.21500000
6.19500000
6.18500000
6.13500000
6.12500000
6.08500000
5.93500000
5.79500000
5.70000000
5.70000000
5.39500000
5.30500000
5.21000000
5.07500000
5.03500000
5.00500000
4.99500000
4.94000000
4.83000000
4.82500000
4.70000000
4.66500000
4.61000000
4.49000000
4.49000000
4.47000000
4.37000000
4.32500000
4.22500000
4.21500000
4.14000000
4.01500000
3.95000000
3.89000000
3.83500000
3.80500000
3.78000000
3.77500000
3.74500000
3.66000000
3.64500000
3.58500000
3.57500000
3.39000000
3.35500000
3.30000000
3.24000000
3.18500000
3.16500000
3.14000000
3.10500000
2.97000000
2.94500000
2.93500000
2.92500000
2.92000000
2.90000000
2.85500000
2.85500000
2.79000000
2.79000000
2.77500000
2.77500000
2.75500000
2.75500000
2.73500000
2.73500000
2.55500000
2.55500000
2.47500000
2.47500000
2.42500000
2.42500000
2.38500000
2.38500000
2.38500000
2.38500000
2.20000000
2.20000000
2.15500000
2.15500000
2.06000000
2.06000000
1.90500000
1.90500000
1.86000000
1.86000000
1.71500000
1.71500000
1.70000000
1.70000000
1.56000000
1.56000000
1.50000000
1.50000000
1.38000000
1.38000000
1.16000000
1.16000000
0.95000000
0.95000000
0.92500000
0.92500000
0.90500000
0.90500000
0.87000000
0.87000000
0.86000000
0.86000000
0.84000000
0.84000000
0.82500000
0.82500000
0.82500000
0.82500000
0.73500000
0.73500000
0.73000000
0.73000000
0.70000000
0.70000000
0.59000000
0.59000000
0.50500000
0.50500000
0.49500000
0.49500000
0.47500000
0.47500000
0.47000000
0.47000000
0.40500000
0.40500000
0.21000000
0.21000000
0.21000000
0.21000000
0.06500000
0.06500000
6.26000000
6.26000000
6.21500000
6.21500000
6.19500000
6.19500000
6.18500000
6.18500000
6.13500000
6.13500000
6.12500000
6.12500000
6.08500000
6.08500000
5.93500000
5.93500000
5.79500000
5.79500000
5.70000000
5.70000000
5.70000000
5.70000000
5.39500000
5.39500000
5.30500000
5.30500000
5.21000000
5.21000000
5.07500000
5.07500000
5.03500000
5.03500000
5.00500000
5.00500000
4.99500000
4.99500000
4.94000000
4.94000000
4.83000000
4.83000000
4.82500000
4.82500000
4.70000000
4.70000000
4.66500000
4.66500000
4.61000000
4.61000000
4.49000000
4.49000000
4.49000000
4.49000000
4.47000000
4.47000000
4.37000000
4.37000000
4.32500000
4.32500000
4.22500000
4.22500000
4.21500000
4.21500000
4.14000000
4.14000000
4.01500000
4.01500000
3.95000000
3.95000000
3.89000000
3.89000000
3.83500000
3.83500000
3.80500000
3.80500000
3.78000000
3.78000000
3.77500000
3.77500000
3.74500000
3.74500000
3.66000000
3.66000000
3.64500000
3.64500000
3.58500000
3.58500000
3.57500000
3.57500000
3.39000000
3.39000000
3.35500000
3.35500000
3.30000000
3.30000000
3.24000000
3.24000000
3.18500000
3.18500000
3.16500000
3.16500000
3.14000000
3.14000000
3.10500000
3.10500000
2.97000000
2.97000000
2.94500000
2.94500000
2.93500000
2.93500000
2.92500000
2.92500000
2.92000000
2.92000000
2.90000000
2.90000000
2.85500000
2.85500000
2.85500000
2.85500000
2.79000000
2.79000000
2.79000000
2.79000000
2.77500000
2.77500000
2.77500000
2.77500000
2.75500000
2.75500000
2.75500000
2.75500000
2.73500000
2.73500000
2.73500000
2.73500000
2.55500000
2.55500000
2.55500000
2.55500000
2.47500000
2.47500000
2.47500000
2.47500000
2.42500000
2.42500000
2.42500000
2.42500000
2.38500000
2.38500000
2.38500000
2.38500000
2.38500000
2.38500000
2.38500000
2.38500000
2.20000000
2.20000000
2.20000000
2.20000000
2.15500000
2.15500000
2.15500000
2.15500000
2.06000000
2.06000000
2.06000000
2.06000000
1.90500000
1.90500000
1.90500000
1.90500000
1.86000000
1.86000000
1.86000000
1.86000000
1.71500000
1.71500000
1.71500000
1.71500000
1.70000000
1.70000000
1.70000000
1.70000000
1.56000000
1.56000000
1.56000000
1.56000000
1.50000000
1.50000000
1.50000000
1.50000000
1.38000000
1.38000000
1.38000000
1.38000000
1.16000000
1.16000000
1.16000000
1.16000000
0.95000000
0.95000000
0.95000000
0.95000000
0.92500000
0.92500000
0.92500000
0.92500000
0.90500000
0.90500000
0.90500000
0.90500000
0.87000000
0.87000000
0.87000000
0.87000000
0.86000000
0.86000000
0.86000000
0.86000000
0.84000000
0.84000000
0.84000000
0.84000000
0.82500000
0.82500000
0.82500000
0.82500000
0.82500000
0.82500000
0.82500000
0.82500000
0.73500000
0.73500000
0.73500000
0.73500000
0.73000000
0.73000000
0.73000000
0.73000000
0.70000000
0.70000000
0.70000000
0.70000000
0.59000000
0.59000000
0.59000000
0.59000000
0.50500000
0.50500000
0.50500000
0.50500000
0.49500000
0.49500000
0.49500000
0.49500000
0.47500000
0.47500000
0.47500000
0.47500000
0.47000000
0.47000000
0.47000000
0.47000000
0.40500000
0.40500000
0.40500000
0.40500000
0.21000000
0.21000000
0.21000000
0.21000000
0.21000000
0.21000000
0.21000000
0.21000000
0.06500000
0.06500000
0.06500000
0.06500000
