0.77500000
4.56000000
3.30000000
0.92000000
1.06500000
1.44000000
2.32500000
4.24000000
4.35000000
2.05500000
4.90000000
0.04000000
5.87500000
3.61000000
5.11500000
0.89000000
2.42000000
1.60500000
2.81500000
3.25000000
0.03500000
0.76000000
6.25500000
3.05000000
0.70000000
4.22500000
3.61000000
6.17500000
0.89500000
0.06000000
2.11000000
5.78500000
0.28000000
4.13500000
3.80500000
0.86000000
5.95500000
0.08500000
0.50500000
4.13000000
2.12000000
0.69000000
0.22000000
2.81500000
4.26000000
1.00500000
3.99000000
4.78000000
1.78000000
1.25500000
3.89500000
3.31000000
3.90500000
3.37500000
0.41500000
5.78500000
3.46500000
2.15000000
0.95000000
4.96000000
1.72500000
5.46000000
0.35500000
3.87500000
0.47000000
1.60500000
1.13000000
1.81500000
2.19000000
3.33000000
0.30000000
5.30500000
3.20000000
1.33000000
0.01500000
3.24000000
6.13500000
1.34000000
0.25500000
2.51000000
4.22500000
5.26000000
2.91000000
4.27000000
6.15500000
1.58500000
4.32500000
4.10000000
1.94500000
5.55500000
5.60000000
3.87000000
5.10000000
5.82500000
4.30500000
6.25500000
0.05000000
1.48500000
6.19000000
1.94000000
6.19000000
6.17500000
6.15500000
6.13500000
5.95500000
5.87500000
5.82500000
5.78500000
5.78500000
5.60000000
5.55500000
5.46000000
5.30500000
5.26000000
5.11500000
5.10000000
4.96000000
4.90000000
4.78000000
4.56000000
4.35000000
4.32500000
4.30500000
4.27000000
4.26000000
4.24000000
4.22500000
4.22500000
4.13500000
4.13000000
4.10000000
3.99000000
3.90500000
3.89500000
3.87500000
3.87000000
3.80500000
3.61000000
3.61000000
3.46500000
3.37500000
3.33000000
3.31000000
3.30000000
3.25000000
3.24000000
3.20000000
3.05000000
2.91000000
2.81500000
2.81500000
2.51000000
2.42000000
2.32500000
2.19000000
2.15000000
2.12000000
2.11000000
2.05500000
1.94500000
1.94000000
1.81500000
1.78000000
1.72500000
1.60500000
1.60500000
1.58500000
1.48500000
1.44000000
1.34000000
1.33000000
1.25500000
1.13000000
1.06500000
1.00500000
0.95000000
0.92000000
0.89500000
0.89000000
0.86000000
0.77500000
0.76000000
0.70000000
0.69000000
0.50500000
0.47000000
0.41500000
0.35500000
0.30000000
0.28000000
0.25500000
0.22000000
0.08500000
0.06000000
0.05000000
0.04000000
0.03500000
0.01500000
6.25500000
6.25500000
6.19000000
6.19000000
6.17500000
6.17500000
6.15500000
6.15500000
6.13500000
6.13500000
5.95500000
5.95500000
5.87500000
5.87500000
5.82500000
5.82500000
5.78500000
5.78500000
5.78500000
5.78500000
5.60000000
5.60000000
5.55500000
5.55500000
5.46000000
5.46000000
5.30500000
5.30500000
5.26000000
5.26000000
5.11500000
5.11500000
5.10000000
5.10000000
4.96000000
4.96000000
4.90000000
4.90000000
4.78000000
4.78000000
4.56000000
4.56000000
4.35000000
4.35000000
4.32500000
4.32500000
4.30500000
4.30500000
4.27000000
4.27000000
4.26000000
4.26000000
4.24000000
4.24000000
4.22500000
4.22500000
4.22500000
4.22500000
4.13500000
4.13500000
4.13000000
4.13000000
4.10000000
4.10000000
3.99000000
3.99000000
3.90500000
3.90500000
3.89500000
3.89500000
3.87500000
3.87500000
3.87000000
3.87000000
3.80500000
3.80500000
3.61000000
3.61000000
3.61000000
3.61000000
3.46500000
3.46500000
3.37500000
3.37500000
3.33000000
3.33000000
3.31000000
3.31000000
3.30000000
3.30000000
3.25000000
3.25000000
3.24000000
3.24000000
3.20000000
3.20000000
3.05000000
3.05000000
2.91000000
2.91000000
2.81500000
2.81500000
2.81500000
2.81500000
2.51000000
2.51000000
2.42000000
2.42000000
2.32500000
2.32500000
2.19000000
2.19000000
2.15000000
2.15000000
2.12000000
2.12000000
2.11000000
2.11000000
2.05500000
2.05500000
1.94500000
1.94500000
1.94000000
1.94000000
1.81500000
1.81500000
1.78000000
1.78000000
1.72500000
1.72500000
1.60500000
1.60500000
1.60500000
1.60500000
1.58500000
1.58500000
1.48500000
1.48500000
1.44000000
1.44000000
1.34000000
1.34000000
1.33000000
1.33000000
1.25500000
1.25500000
1.13000000
1.13000000
1.06500000
1.06500000
1.00500000
1.00500000
0.95000000
0.95000000
0.92000000
0.92000000
0.89500000
0.89500000
0.89000000
0.89000000
0.86000000
0.86000000
0.77500000
0.77500000
0.76000000
0.76000000
0.70000000
0.70000000
0.69000000
0.69000000
0.50500000
0.50500000
0.47000000
0.47000000
0.41500000
0.41500000
0.35500000
0.35500000
0.30000000
0.30000000
0.28000000
0.28000000
0.25500000
0.25500000
0.22000000
0.22000000
0.08500000
0.08500000
0.06000000
0.06000000
0.05000000
0.05000000
0.04000000
0.04000000
0.03500000
0.03500000
0.01500000
0.01500000
6.25500000
6.25500000
6.25500000
6.25500000
6.19000000
6.19000000
6.19000000
6.19000000
6.17500000
6.17500000
6.17500000
6.17500000
6.15500000
6.15500000
6.15500000
6.15500000
6.13500000
6.13500000
6.13500000
6.13500000
5.95500000
5.95500000
5.95500000
5.95500000
5.87500000
5.87500000
5.87500000
5.87500000
5.82500000
5.82500000
5.82500000
5.82500000
5.78500000
5.78500000
5.78500000
5.78500000
5.78500000
5.78500000
5.78500000
5.78500000
5.60000000
5.60000000
5.60000000
5.60000000
5.55500000
5.55500000
5.55500000
5.55500000
5.46000000
5.46000000
5.46000000
5.46000000
5.30500000
5.30500000
5.30500000
5.30500000
5.26000000
5.26000000
5.26000000
5.26000000
5.11500000
5.11500000
5.11500000
5.11500000
5.10000000
5.10000000
5.10000000
5.10000000
4.96000000
4.96000000
4.96000000
4.96000000
4.90000000
4.90000000
4.90000000
4.90000000
4.78000000
4.78000000
4.78000000
4.78000000
4.56000000
4.56000000
4.56000000
4.56000000
4.35000000
4.35000000
4.35000000
4.35000000
4.32500000
4.32500000
4.32500000
4.32500000
4.30500000
4.30500000
4.30500000
4.30500000
4.27000000
4.27000000
4.27000000
4.27000000
4.26000000
4.26000000
4.26000000
4.26000000
4.24000000
4.24000000
4.24000000
4.24000000
4.22500000
4.22500000
4.22500000
4.22500000
4.22500000
4.22500000
4.22500000
4.22500000
4.13500000
4.13500000
4.13500000
4.13500000
4.13000000
4.13000000
4.13000000
4.13000000
4.10000000
4.10000000
4.10000000
4.10000000
3.99000000
3.99000000
3.99000000
3.99000000
3.90500000
3.90500000
3.90500000
3.90500000
3.89500000
3.89500000
3.89500000
3.89500000
3.87500000
3.87500000
3.87500000
3.87500000
3.87000000
3.87000000
3.87000000
3.87000000
3.80500000
3.80500000
3.80500000
3.80500000
3.61000000
3.61000000
3.61000000
3.61000000
3.61000000
3.61000000
3.61000000
3.61000000
3.46500000
3.46500000
3.46500000
3.46500000
3.37500000
3.37500000
3.37500000
3.37500000
3.33000000
3.33000000
3.33000000
3.33000000
3.31000000
3.31000000
3.31000000
3.31000000
3.30000000
3.30000000
3.30000000
3.30000000
3.25000000
3.25000000
3.25000000
3.25000000
3.24000000
3.24000000
3.24000000
3.24000000
3.20000000
3.20000000
3.20000000
3.20000000
3.05000000
3.05000000
3.05000000
3.05000000
2.91000000
2.91000000
2.91000000
2.91000000
2.81500000
2.81500000
2.81500000
2.81500000
2.81500000
2.81500000
2.81500000
2.81500000
2.51000000
2.51000000
2.51000000
2.51000000
2.42000000
2.42000000
2.42000000
2.42000000
2.32500000
2.32500000
2.32500000
2.32500000
2.19000000
2.19000000
2.19000000
2.19000000
2.15000000
2.15000000
2.15000000
2.15000000
2.12000000
2.12000000
2.12000000
2.12000000
2.11000000
2.11000000
2.11000000
2.11000000
2.05500000
2.05500000
2.05500000
2.05500000
1.94500000
1.94500000
1.94500000
1.94500000
1.94000000
1.94000000
1.94000000
1.94000000
1.81500000
1.81500000
1.81500000
1.81500000
1.78000000
1.78000000
1.78000000
1.78000000
1.72500000
1.72500000
1.72500000
1.72500000
1.60500000
1.60500000
1.60500000
1.60500000
1.60500000
1.60500000
1.60500000
1.60500000
1.58500000
1.58500000
1.58500000
1.58500000
1.48500000
1.48500000
1.48500000
1.48500000
1.44000000
1.44000000
1.44000000
1.44000000
1.34000000
1.34000000
1.34000000
1.34000000
1.33000000
1.33000000
1.33000000
1.33000000
1.25500000
1.25500000
1.25500000
1.25500000
1.13000000
1.13000000
1.13000000
1.13000000
1.06500000
1.06500000
1.06500000
1.06500000
1.00500000
1.00500000
1.00500000
1.00500000
0.95000000
0.95000000
0.95000000
0.95000000
0.92000000
0.92000000
0.92000000
0.92000000
0.89500000
0.89500000
0.89500000
0.89500000
0.89000000
0.89000000
0.89000000
0.89000000
0.86000000
0.86000000
0.86000000
0.86000000
0.77500000
0.77500000
0.77500000
0.77500000
0.76000000
0.76000000
0.76000000
0.76000000
0.70000000
0.70000000
0.70000000
0.70000000
0.69000000
0.69000000
0.69000000
0.69000000
0.50500000
0.50500000
0.50500000
0.50500000
0.47000000
0.47000000
0.47000000
0.47000000
0.41500000
0.41500000
0.41500000
0.41500000
0.35500000
0.35500000
0.35500000
0.35500000
0.30000000
0.30000000
0.30000000
0.30000000
0.28000000
0.28000000
0.28000000
0.28000000
0.25500000
0.25500000
0.25500000
0.25500000
0.22000000
0.22000000
0.22000000
0.22000000
0.08500000
0.08500000
0.08500000
0.08500000
0.06000000
0.06000000
0.06000000
0.06000000
0.05000000
0.05000000
0.05000000
0.05000000
0.04000000
0.04000000
0.04000000
0.04000000
0.03500000
0.03500000
0.03500000
0.03500000
0.01500000
0.01500000
0.01500000
0.01500000
