3.99500000
1.49500000
0.23500000
4.14000000
4.28500000
4.66000000
5.54500000
1.17500000
1.28500000
5.27500000
1.83500000
3.26000000
2.81000000
0.54500000
2.05000000
4.11000000
5.64000000
4.82500000
6.03500000
0.18500000
3.25500000
3.98000000
3.19000000
6.27000000
3.92000000
1.16000000
0.54500000
3.11000000
4.11500000
3.28000000
5.33000000
2.72000000
3.50000000
1.07000000
0.74000000
4.08000000
2.89000000
3.30500000
3.72500000
1.06500000
5.34000000
3.91000000
3.44000000
6.03500000
1.19500000
4.22500000
0.92500000
1.71500000
5.00000000
4.47500000
0.83000000
0.24500000
0.84000000
0.31000000
3.63500000
2.72000000
0.40000000
5.37000000
4.17000000
1.89500000
4.94500000
2.39500000
3.57500000
0.81000000
3.69000000
4.82500000
4.35000000
5.03500000
5.41000000
0.26500000
3.52000000
2.24000000
0.13500000
4.55000000
3.23500000
0.17500000
3.07000000
4.56000000
3.47500000
5.73000000
1.16000000
2.19500000
6.13000000
1.20500000
3.09000000
4.80500000
1.26000000
1.03500000
5.16500000
2.49000000
2.53500000
0.80500000
2.03500000
2.76000000
1.24000000
3.19000000
3.27000000
4.70500000
3.12500000
5.16000000
3.12500000
3.11000000
3.09000000
3.07000000
2.89000000
2.81000000
2.76000000
2.72000000
2.72000000
2.53500000
2.49000000
2.39500000
2.24000000
2.19500000
2.05000000
2.03500000
1.89500000
1.83500000
1.71500000
1.49500000
1.28500000
1.26000000
1.24000000
1.20500000
1.19500000
1.17500000
1.16000000
1.16000000
1.07000000
1.06500000
1.03500000
0.92500000
0.84000000
0.83000000
0.81000000
0.80500000
0.74000000
0.54500000
0.54500000
0.40000000
0.31000000
0.26500000
0.24500000
0.23500000
0.18500000
0.17500000
0.13500000
6.27000000
6.13000000
6.03500000
6.03500000
5.73000000
5.64000000
5.54500000
5.41000000
5.37000000
5.34000000
5.33000000
5.27500000
5.16500000
5.16000000
5.03500000
5.00000000
4.94500000
4.82500000
4.82500000
4.80500000
4.70500000
4.66000000
4.56000000
4.55000000
4.47500000
4.35000000
4.28500000
4.22500000
4.17000000
4.14000000
4.11500000
4.11000000
4.08000000
3.99500000
3.98000000
3.92000000
3.91000000
3.72500000
3.69000000
3.63500000
3.57500000
3.52000000
3.50000000
3.47500000
3.44000000
3.30500000
3.28000000
3.27000000
3.26000000
3.25500000
3.23500000
3.19000000
3.19000000
3.12500000
3.12500000
3.11000000
3.11000000
3.09000000
3.09000000
3.07000000
3.07000000
2.89000000
2.89000000
2.81000000
2.81000000
2.76000000
2.76000000
2.72000000
2.72000000
2.72000000
2.72000000
2.53500000
2.53500000
2.49000000
2.49000000
2.39500000
2.39500000
2.24000000
2.24000000
2.19500000
2.19500000
2.05000000
2.05000000
2.03500000
2.03500000
1.89500000
1.89500000
1.83500000
1.83500000
1.71500000
1.71500000
1.49500000
1.49500000
1.28500000
1.28500000
1.26000000
1.26000000
1.24000000
1.24000000
1.20500000
1.20500000
1.19500000
1.19500000
1.17500000
1.17500000
1.16000000
1.16000000
1.16000000
1.16000000
1.07000000
1.07000000
1.06500000
1.06500000
1.03500000
1.03500000
0.92500000
0.92500000
0.84000000
0.84000000
0.83000000
0.83000000
0.81000000
0.81000000
0.80500000
0.80500000
0.74000000
0.74000000
0.54500000
0.54500000
0.54500000
0.54500000
0.40000000
0.40000000
0.31000000
0.31000000
0.26500000
0.26500000
0.24500000
0.24500000
0.23500000
0.23500000
0.18500000
0.18500000
0.17500000
0.17500000
0.13500000
0.13500000
