2.82500000
0.32500000
5.35000000
2.97000000
3.11500000
3.49000000
4.37500000
0.00500000
0.11500000
4.10500000
0.66500000
2.09000000
1.64000000
5.66000000
0.88000000
2.94000000
4.47000000
3.65500000
4.86500000
5.30000000
2.08500000
2.81000000
2.02000000
5.10000000
2.75000000
6.27500000
5.66000000
1.94000000
2.94500000
2.11000000
4.16000000
1.55000000
2.33000000
6.18500000
5.85500000
2.91000000
1.72000000
2.13500000
2.55500000
6.18000000
4.17000000
2.74000000
2.27000000
4.86500000
0.02500000
3.05500000
6.04000000
0.54500000
3.83000000
3.30500000
5.94500000
5.36000000
5.95500000
5.42500000
2.46500000
1.55000000
5.51500000
4.20000000
3.00000000
0.72500000
3.77500000
1.22500000
2.40500000
5.92500000
2.52000000
3.65500000
3.18000000
3.86500000
4.24000000
5.38000000
2.35000000
1.07000000
5.25000000
3.38000000
2.06500000
5.29000000
1.90000000
3.39000000
2.30500000
4.56000000
6.27500000
1.02500000
4.96000000
0.03500000
1.92000000
3.63500000
0.09000000
6.15000000
3.99500000
1.32000000
1.36500000
5.92000000
0.86500000
1.59000000
0.07000000
2.02000000
2.10000000
3.53500000
1.95500000
3.99000000
1.95500000
1.94000000
1.92000000
1.90000000
1.72000000
1.64000000
1.59000000
1.55000000
1.55000000
1.36500000
1.32000000
1.22500000
1.07000000
1.02500000
0.88000000
0.86500000
0.72500000
0.66500000
0.54500000
0.32500000
0.11500000
0.09000000
0.07000000
0.03500000
0.02500000
0.00500000
6.27500000
6.27500000
6.18500000
6.18000000
6.15000000
6.04000000
5.95500000
5.94500000
5.92500000
5.92000000
5.85500000
5.66000000
5.66000000
5.51500000
5.42500000
5.38000000
5.36000000
5.35000000
5.30000000
5.29000000
5.25000000
5.10000000
4.96000000
4.86500000
4.86500000
4.56000000
4.47000000
4.37500000
4.24000000
4.20000000
4.17000000
4.16000000
4.10500000
3.99500000
3.99000000
3.86500000
3.83000000
3.77500000
3.65500000
3.65500000
3.63500000
3.53500000
3.49000000
3.39000000
3.38000000
3.30500000
3.18000000
3.11500000
3.05500000
3.00000000
2.97000000
2.94500000
2.94000000
2.91000000
2.82500000
2.81000000
2.75000000
2.74000000
2.55500000
2.52000000
2.46500000
2.40500000
2.35000000
2.33000000
2.30500000
2.27000000
2.13500000
2.11000000
2.10000000
2.09000000
2.08500000
2.06500000
2.02000000
2.02000000
1.95500000
1.95500000
1.94000000
1.94000000
1.92000000
1.92000000
1.90000000
1.90000000
1.72000000
1.72000000
1.64000000
1.64000000
1.59000000
1.59000000
1.55000000
1.55000000
1.55000000
1.55000000
1.36500000
1.36500000
1.32000000
1.32000000
1.22500000
1.22500000
1.07000000
1.07000000
1.02500000
1.02500000
0.88000000
0.88000000
0.86500000
0.86500000
0.72500000
0.72500000
0.66500000
0.66500000
0.54500000
0.54500000
0.32500000
0.32500000
0.11500000
0.11500000
0.09000000
0.09000000
0.07000000
0.07000000
0.03500000
0.03500000
0.02500000
0.02500000
0.00500000
0.00500000
6.27500000
6.27500000
6.27500000
6.27500000
6.18500000
6.18500000
6.18000000
6.18000000
6.15000000
6.15000000
6.04000000
6.04000000
5.95500000
5.95500000
5.94500000
5.94500000
5.92500000
5.92500000
5.92000000
5.92000000
5.85500000
5.85500000
5.66000000
5.66000000
5.66000000
5.66000000
5.51500000
5.51500000
5.42500000
5.42500000
5.38000000
5.38000000
5.36000000
5.36000000
5.35000000
5.35000000
5.30000000
5.30000000
5.29000000
5.29000000
5.25000000
5.25000000
5.10000000
5.10000000
4.96000000
4.96000000
4.86500000
4.86500000
4.86500000
4.86500000
4.56000000
4.56000000
4.47000000
4.47000000
4.37500000
4.37500000
4.24000000
4.24000000
4.20000000
4.20000000
4.17000000
4.17000000
4.16000000
4.16000000
4.10500000
4.10500000
3.99500000
3.99500000
3.99000000
3.99000000
3.86500000
3.86500000
3.83000000
3.83000000
3.77500000
3.77500000
3.65500000
3.65500000
3.65500000
3.65500000
3.63500000
3.63500000
3.53500000
3.53500000
3.49000000
3.49000000
3.39000000
3.39000000
3.38000000
3.38000000
3.30500000
3.30500000
3.18000000
3.18000000
3.11500000
3.11500000
3.05500000
3.05500000
3.00000000
3.00000000
2.97000000
2.97000000
2.94500000
2.94500000
2.94000000
2.94000000
2.91000000
2.91000000
2.82500000
2.82500000
2.81000000
2.81000000
2.75000000
2.75000000
2.74000000
2.74000000
2.55500000
2.55500000
2.52000000
2.52000000
2.46500000
2.46500000
2.40500000
2.40500000
2.35000000
2.35000000
2.33000000
2.33000000
2.30500000
2.30500000
2.27000000
2.27000000
2.13500000
2.13500000
2.11000000
2.11000000
2.10000000
2.10000000
2.09000000
2.09000000
2.08500000
2.08500000
2.06500000
2.06500000
2.02000000
2.02000000
2.02000000
2.02000000
1.95500000
1.95500000
1.95500000
1.95500000
1.94000000
1.94000000
1.94000000
1.94000000
1.92000000
1.92000000
1.92000000
1.92000000
1.90000000
1.90000000
1.90000000
1.90000000
1.72000000
1.72000000
1.72000000
1.72000000
1.64000000
1.64000000
1.64000000
1.64000000
1.59000000
1.59000000
1.59000000
1.59000000
1.55000000
1.55000000
1.55000000
1.55000000
1.55000000
1.55000000
1.55000000
1.55000000
1.36500000
1.36500000
1.36500000
1.36500000
1.32000000
1.32000000
1.32000000
1.32000000
1.22500000
1.22500000
1.22500000
1.22500000
1.07000000
1.07000000
1.07000000
1.07000000
1.02500000
1.02500000
1.02500000
1.02500000
0.88000000
0.88000000
0.88000000
0.88000000
0.86500000
0.86500000
0.86500000
0.86500000
0.72500000
0.72500000
0.72500000
0.72500000
0.66500000
0.66500000
0.66500000
0.66500000
0.54500000
0.54500000
0.54500000
0.54500000
0.32500000
0.32500000
0.32500000
0.32500000
0.11500000
0.11500000
0.11500000
0.11500000
0.09000000
0.09000000
0.09000000
0.09000000
0.07000000
0.07000000
0.07000000
0.07000000
0.03500000
0.03500000
0.03500000
0.03500000
0.02500000
0.02500000
0.02500000
0.02500000
0.00500000
0.00500000
0.00500000
0.00500000
6.27500000
6.27500000
6.27500000
6.27500000
6.27500000
6.27500000
6.27500000
6.27500000
6.18500000
6.18500000
6.18500000
6.18500000
6.18000000
6.18000000
6.18000000
6.18000000
6.15000000
6.15000000
6.15000000
6.15000000
6.04000000
6.04000000
6.04000000
6.04000000
5.95500000
5.95500000
5.95500000
5.95500000
5.94500000
5.94500000
5.94500000
5.94500000
5.92500000
5.92500000
5.92500000
5.92500000
5.92000000
5.92000000
5.92000000
5.92000000
5.85500000
5.85500000
5.85500000
5.85500000
5.66000000
5.66000000
5.66000000
5.66000000
5.66000000
5.66000000
5.66000000
5.66000000
5.51500000
5.51500000
5.51500000
5.51500000
5.42500000
5.42500000
5.42500000
5.42500000
5.38000000
5.38000000
5.38000000
5.38000000
5.36000000
5.36000000
5.36000000
5.36000000
5.35000000
5.35000000
5.35000000
5.35000000
5.30000000
5.30000000
5.30000000
5.30000000
5.29000000
5.29000000
5.29000000
5.29000000
5.25000000
5.25000000
5.25000000
5.25000000
5.10000000
5.10000000
5.10000000
5.10000000
4.96000000
4.96000000
4.96000000
4.96000000
4.86500000
4.86500000
4.86500000
4.86500000
4.86500000
4.86500000
4.86500000
4.86500000
4.56000000
4.56000000
4.56000000
4.56000000
4.47000000
4.47000000
4.47000000
4.47000000
4.37500000
4.37500000
4.37500000
4.37500000
4.24000000
4.24000000
4.24000000
4.24000000
4.20000000
4.20000000
4.20000000
4.20000000
4.17000000
4.17000000
4.17000000
4.17000000
4.16000000
4.16000000
4.16000000
4.16000000
4.10500000
4.10500000
4.10500000
4.10500000
3.99500000
3.99500000
3.99500000
3.99500000
3.99000000
3.99000000
3.99000000
3.99000000
3.86500000
3.86500000
3.86500000
3.86500000
3.83000000
3.83000000
3.83000000
3.83000000
3.77500000
3.77500000
3.77500000
3.77500000
3.65500000
3.65500000
3.65500000
3.65500000
3.65500000
3.65500000
3.65500000
3.65500000
3.63500000
3.63500000
3.63500000
3.63500000
3.53500000
3.53500000
3.53500000
3.53500000
3.49000000
3.49000000
3.49000000
3.49000000
3.39000000
3.39000000
3.39000000
3.39000000
3.38000000
3.38000000
3.38000000
3.38000000
3.30500000
3.30500000
3.30500000
3.30500000
3.18000000
3.18000000
3.18000000
3.18000000
3.11500000
3.11500000
3.11500000
3.11500000
3.05500000
3.05500000
3.05500000
3.05500000
3.00000000
3.00000000
3.00000000
3.00000000
2.97000000
2.97000000
2.97000000
2.97000000
2.94500000
2.94500000
2.94500000
2.94500000
2.94000000
2.94000000
2.94000000
2.94000000
2.91000000
2.91000000
2.91000000
2.91000000
2.82500000
2.82500000
2.82500000
2.82500000
2.81000000
2.81000000
2.81000000
2.81000000
2.75000000
2.75000000
2.75000000
2.75000000
2.74000000
2.74000000
2.74000000
2.74000000
2.55500000
2.55500000
2.55500000
2.55500000
2.52000000
2.52000000
2.52000000
2.52000000
2.46500000
2.46500000
2.46500000
2.46500000
2.40500000
2.40500000
2.40500000
2.40500000
2.35000000
2.35000000
2.35000000
2.35000000
2.33000000
2.33000000
2.33000000
2.33000000
2.30500000
2.30500000
2.30500000
2.30500000
2.27000000
2.27000000
2.27000000
2.27000000
2.13500000
2.13500000
2.13500000
2.13500000
2.11000000
2.11000000
2.11000000
2.11000000
2.10000000
2.10000000
2.10000000
2.10000000
2.09000000
2.09000000
2.09000000
2.09000000
2.08500000
2.08500000
2.08500000
2.08500000
2.06500000
2.06500000
2.06500000
2.06500000
2.02000000
2.02000000
2.02000000
2.02000000
2.02000000
2.02000000
2.02000000
2.02000000
1.95500000
1.95500000
1.95500000
1.95500000
1.95500000
1.95500000
1.95500000
1.95500000
1.94000000
1.94000000
1.94000000
1.94000000
1.94000000
1.94000000
1.94000000
1.94000000
1.92000000
1.92000000
1.92000000
1.92000000
1.92000000
1.92000000
1.92000000
1.92000000
1.90000000
1.90000000
1.90000000
1.90000000
1.90000000
1.90000000
1.90000000
1.90000000
1.72000000
1.72000000
1.72000000
1.72000000
1.72000000
1.72000000
1.72000000
1.72000000
1.64000000
1.64000000
1.64000000
1.64000000
1.64000000
1.64000000
1.64000000
1.64000000
1.59000000
1.59000000
1.59000000
1.59000000
1.59000000
1.59000000
1.59000000
1.59000000
1.55000000
1.55000000
1.55000000
1.55000000
1.55000000
1.55000000
1.55000000
1.55000000
1.55000000
1.55000000
1.55000000
1.55000000
1.55000000
1.55000000
1.55000000
1.55000000
1.36500000
1.36500000
1.36500000
1.36500000
1.36500000
1.36500000
1.36500000
1.36500000
1.32000000
1.32000000
1.32000000
1.32000000
1.32000000
1.32000000
1.32000000
1.32000000
1.22500000
1.22500000
1.22500000
1.22500000
1.22500000
1.22500000
1.22500000
1.22500000
1.07000000
1.07000000
1.07000000
1.07000000
1.07000000
1.07000000
1.07000000
1.07000000
1.02500000
1.02500000
1.02500000
1.02500000
1.02500000
1.02500000
1.02500000
1.02500000
0.88000000
0.88000000
0.88000000
0.88000000
0.88000000
0.88000000
0.88000000
0.88000000
0.86500000
0.86500000
0.86500000
0.86500000
0.86500000
0.86500000
0.86500000
0.86500000
0.72500000
0.72500000
0.72500000
0.72500000
0.72500000
0.72500000
0.72500000
0.72500000
0.66500000
0.66500000
0.66500000
0.66500000
0.66500000
0.66500000
0.66500000
0.66500000
0.54500000
0.54500000
0.54500000
0.54500000
0.54500000
0.54500000
0.54500000
0.54500000
0.32500000
0.32500000
0.32500000
0.32500000
0.32500000
0.32500000
0.32500000
0.32500000
0.11500000
0.11500000
0.11500000
0.11500000
0.11500000
0.11500000
0.11500000
0.11500000
0.09000000
0.09000000
0.09000000
0.09000000
0.09000000
0.09000000
0.09000000
0.09000000
0.07000000
0.07000000
0.07000000
0.07000000
0.07000000
0.07000000
0.07000000
0.07000000
0.03500000
0.03500000
0.03500000
0.03500000
0.03500000
0.03500000
0.03500000
0.03500000
0.02500000
0.02500000
0.02500000
0.02500000
0.02500000
0.02500000
0.02500000
0.02500000
0.00500000
0.00500000
0.00500000
0.00500000
0.00500000
0.00500000
0.00500000
0.00500000
