5.86000000
3.36000000
2.10000000
6.00500000
6.15000000
0.24000000
1.12500000
3.04000000
3.15000000
0.85500000
3.70000000
5.12500000
4.67500000
2.41000000
3.91500000
5.97500000
1.22000000
0.40500000
1.61500000
2.05000000
5.12000000
5.84500000
5.05500000
1.85000000
5.78500000
3.02500000
2.41000000
4.97500000
5.98000000
5.14500000
0.91000000
4.58500000
5.36500000
2.93500000
2.60500000
5.94500000
4.75500000
5.17000000
5.59000000
2.93000000
0.92000000
5.77500000
5.30500000
1.61500000
3.06000000
6.09000000
2.79000000
3.58000000
0.58000000
0.05500000
2.69500000
2.11000000
2.70500000
2.17500000
5.50000000
4.58500000
2.26500000
0.95000000
6.03500000
3.76000000
0.52500000
4.26000000
5.44000000
2.67500000
5.55500000
0.40500000
6.21500000
0.61500000
0.99000000
2.13000000
5.38500000
4.10500000
2.00000000
0.13000000
5.10000000
2.04000000
4.93500000
0.14000000
5.34000000
1.31000000
3.02500000
4.06000000
1.71000000
3.07000000
4.95500000
0.38500000
3.12500000
2.90000000
0.74500000
4.35500000
4.40000000
2.67000000
3.90000000
4.62500000
3.10500000
5.05500000
5.13500000
0.28500000
4.99000000
0.74000000
4.99000000
4.97500000
4.95500000
4.93500000
4.75500000
4.67500000
4.62500000
4.58500000
4.58500000
4.40000000
4.35500000
4.26000000
4.10500000
4.06000000
3.91500000
3.90000000
3.76000000
3.70000000
3.58000000
3.36000000
3.15000000
3.12500000
3.10500000
3.07000000
3.06000000
3.04000000
3.02500000
3.02500000
2.93500000
2.93000000
2.90000000
2.79000000
2.70500000
2.69500000
2.67500000
2.67000000
2.60500000
2.41000000
2.41000000
2.26500000
2.17500000
2.13000000
2.11000000
2.10000000
2.05000000
2.04000000
2.00000000
1.85000000
1.71000000
1.61500000
1.61500000
1.31000000
1.22000000
1.12500000
0.99000000
0.95000000
0.92000000
0.91000000
0.85500000
0.74500000
0.74000000
0.61500000
0.58000000
0.52500000
0.40500000
0.40500000
0.38500000
0.28500000
0.24000000
0.14000000
0.13000000
0.05500000
6.21500000
6.15000000
6.09000000
6.03500000
6.00500000
5.98000000
5.97500000
5.94500000
5.86000000
5.84500000
5.78500000
5.77500000
5.59000000
5.55500000
5.50000000
5.44000000
5.38500000
5.36500000
5.34000000
5.30500000
5.17000000
5.14500000
5.13500000
5.12500000
5.12000000
5.10000000
5.05500000
5.05500000
4.99000000
4.99000000
4.97500000
4.97500000
4.95500000
4.95500000
4.93500000
4.93500000
4.75500000
4.75500000
4.67500000
4.67500000
4.62500000
4.62500000
4.58500000
4.58500000
4.58500000
4.58500000
4.40000000
4.40000000
4.35500000
4.35500000
4.26000000
4.26000000
4.10500000
4.10500000
4.06000000
4.06000000
3.91500000
3.91500000
3.90000000
3.90000000
3.76000000
3.76000000
3.70000000
3.70000000
3.58000000
3.58000000
3.36000000
3.36000000
3.15000000
3.15000000
3.12500000
3.12500000
3.10500000
3.10500000
3.07000000
3.07000000
3.06000000
3.06000000
3.04000000
3.04000000
3.02500000
3.02500000
3.02500000
3.02500000
2.93500000
2.93500000
2.93000000
2.93000000
2.90000000
2.90000000
2.79000000
2.79000000
2.70500000
2.70500000
2.69500000
2.69500000
2.67500000
2.67500000
2.67000000
2.67000000
2.60500000
2.60500000
2.41000000
2.41000000
2.41000000
2.41000000
2.26500000
2.26500000
2.17500000
2.17500000
2.13000000
2.13000000
2.11000000
2.11000000
2.10000000
2.10000000
2.05000000
2.05000000
2.04000000
2.04000000
2.00000000
2.00000000
1.85000000
1.85000000
1.71000000
1.71000000
1.61500000
1.61500000
1.61500000
1.61500000
1.31000000
1.31000000
1.22000000
1.22000000
1.12500000
1.12500000
0.99000000
0.99000000
0.95000000
0.95000000
0.92000000
0.92000000
0.91000000
0.91000000
0.85500000
0.85500000
0.74500000
0.74500000
0.74000000
0.74000000
0.61500000
0.61500000
0.58000000
0.58000000
0.52500000
0.52500000
0.40500000
0.40500000
0.40500000
0.40500000
0.38500000
0.38500000
0.28500000
0.28500000
0.24000000
0.24000000
0.14000000
0.14000000
0.13000000
0.13000000
0.05500000
0.05500000
6.21500000
6.21500000
6.15000000
6.15000000
6.09000000
6.09000000
6.03500000
6.03500000
6.00500000
6.00500000
5.98000000
5.98000000
5.97500000
5.97500000
5.94500000
5.94500000
5.86000000
5.86000000
5.84500000
5.84500000
5.78500000
5.78500000
5.77500000
5.77500000
5.59000000
5.59000000
5.55500000
5.55500000
5.50000000
5.50000000
5.44000000
5.44000000
5.38500000
5.38500000
5.36500000
5.36500000
5.34000000
5.34000000
5.30500000
5.30500000
5.17000000
5.17000000
5.14500000
5.14500000
5.13500000
5.13500000
5.12500000
5.12500000
5.12000000
5.12000000
5.10000000
5.10000000
5.05500000
5.05500000
5.05500000
5.05500000
4.99000000
4.99000000
4.99000000
4.99000000
4.97500000
4.97500000
4.97500000
4.97500000
4.95500000
4.95500000
4.95500000
4.95500000
4.93500000
4.93500000
4.93500000
4.93500000
4.75500000
4.75500000
4.75500000
4.75500000
4.67500000
4.67500000
4.67500000
4.67500000
4.62500000
4.62500000
4.62500000
4.62500000
4.58500000
4.58500000
4.58500000
4.58500000
4.58500000
4.58500000
4.58500000
4.58500000
4.40000000
4.40000000
4.40000000
4.40000000
4.35500000
4.35500000
4.35500000
4.35500000
4.26000000
4.26000000
4.26000000
4.26000000
4.10500000
4.10500000
4.10500000
4.10500000
4.06000000
4.06000000
4.06000000
4.06000000
3.91500000
3.91500000
3.91500000
3.91500000
3.90000000
3.90000000
3.90000000
3.90000000
3.76000000
3.76000000
3.76000000
3.76000000
3.70000000
3.70000000
3.70000000
3.70000000
3.58000000
3.58000000
3.58000000
3.58000000
3.36000000
3.36000000
3.36000000
3.36000000
3.15000000
3.15000000
3.15000000
3.15000000
3.12500000
3.12500000
3.12500000
3.12500000
3.10500000
3.10500000
3.10500000
3.10500000
3.07000000
3.07000000
3.07000000
3.07000000
3.06000000
3.06000000
3.06000000
3.06000000
3.04000000
3.04000000
3.04000000
3.04000000
3.02500000
3.02500000
3.02500000
3.02500000
3.02500000
3.02500000
3.02500000
3.02500000
2.93500000
2.93500000
2.93500000
2.93500000
2.93000000
2.93000000
2.93000000
2.93000000
2.90000000
2.90000000
2.90000000
2.90000000
2.79000000
2.79000000
2.79000000
2.79000000
2.70500000
2.70500000
2.70500000
2.70500000
2.69500000
2.69500000
2.69500000
2.69500000
2.67500000
2.67500000
2.67500000
2.67500000
2.67000000
2.67000000
2.67000000
2.67000000
2.60500000
2.60500000
2.60500000
2.60500000
2.41000000
2.41000000
2.41000000
2.41000000
2.41000000
2.41000000
2.41000000
2.41000000
2.26500000
2.26500000
2.26500000
2.26500000
2.17500000
2.17500000
2.17500000
2.17500000
2.13000000
2.13000000
2.13000000
2.13000000
2.11000000
2.11000000
2.11000000
2.11000000
2.10000000
2.10000000
2.10000000
2.10000000
2.05000000
2.05000000
2.05000000
2.05000000
2.04000000
2.04000000
2.04000000
2.04000000
2.00000000
2.00000000
2.00000000
2.00000000
1.85000000
1.85000000
1.85000000
1.85000000
1.71000000
1.71000000
1.71000000
1.71000000
1.61500000
1.61500000
1.61500000
1.61500000
1.61500000
1.61500000
1.61500000
1.61500000
1.31000000
1.31000000
1.31000000
1.31000000
1.22000000
1.22000000
1.22000000
1.22000000
1.12500000
1.12500000
1.12500000
1.12500000
0.99000000
0.99000000
0.99000000
0.99000000
0.95000000
0.95000000
0.95000000
0.95000000
0.92000000
0.92000000
0.92000000
0.92000000
0.91000000
0.91000000
0.91000000
0.91000000
0.85500000
0.85500000
0.85500000
0.85500000
0.74500000
0.74500000
0.74500000
0.74500000
0.74000000
0.74000000
0.74000000
0.74000000
0.61500000
0.61500000
0.61500000
0.61500000
0.58000000
0.58000000
0.58000000
0.58000000
0.52500000
0.52500000
0.52500000
0.52500000
0.40500000
0.40500000
0.40500000
0.40500000
0.40500000
0.40500000
0.40500000
0.40500000
0.38500000
0.38500000
0.38500000
0.38500000
0.28500000
0.28500000
0.28500000
0.28500000
0.24000000
0.24000000
0.24000000
0.24000000
0.14000000
0.14000000
0.14000000
0.14000000
0.13000000
0.13000000
0.13000000
0.13000000
0.05500000
0.05500000
0.05500000
0.05500000
