2.86000000
0.36000000
5.38500000
3.00500000
3.15000000
3.52500000
4.41000000
0.04000000
0.15000000
4.14000000
0.70000000
2.12500000
1.67500000
5.69500000
0.91500000
2.97500000
4.50500000
3.69000000
4.90000000
5.33500000
2.12000000
2.84500000
2.05500000
5.13500000
2.78500000
0.02500000
5.69500000
1.97500000
2.98000000
2.14500000
4.19500000
1.58500000
2.36500000
6.22000000
5.89000000
2.94500000
1.75500000
2.17000000
2.59000000
6.21500000
4.20500000
2.77500000
2.30500000
4.90000000
0.06000000
3.09000000
6.07500000
0.58000000
3.86500000
3.34000000
5.98000000
5.39500000
5.99000000
5.46000000
2.50000000
1.58500000
5.55000000
4.23500000
3.03500000
0.76000000
3.81000000
1.26000000
2.44000000
5.96000000
2.55500000
3.69000000
3.21500000
3.90000000
4.27500000
5.41500000
2.38500000
1.10500000
5.28500000
3.41500000
2.10000000
5.32500000
1.93500000
3.42500000
2.34000000
4.59500000
0.02500000
1.06000000
4.99500000
0.07000000
1.95500000
3.67000000
0.12500000
6.18500000
4.03000000
1.35500000
1.40000000
5.95500000
0.90000000
1.62500000
0.10500000
2.05500000
2.13500000
3.57000000
1.99000000
4.02500000
1.99000000
1.97500000
1.95500000
1.93500000
1.75500000
1.67500000
1.62500000
1.58500000
1.58500000
1.40000000
1.35500000
1.26000000
1.10500000
1.06000000
0.91500000
0.90000000
0.76000000
0.70000000
0.58000000
0.36000000
0.15000000
0.12500000
0.10500000
0.07000000
0.06000000
0.04000000
0.02500000
0.02500000
6.22000000
6.21500000
6.18500000
6.07500000
5.99000000
5.98000000
5.96000000
5.95500000
5.89000000
5.69500000
5.69500000
5.55000000
5.46000000
5.41500000
5.39500000
5.38500000
5.33500000
5.32500000
5.28500000
5.13500000
4.99500000
4.90000000
4.90000000
4.59500000
4.50500000
4.41000000
4.27500000
4.23500000
4.20500000
4.19500000
4.14000000
4.03000000
4.02500000
3.90000000
3.86500000
3.81000000
3.69000000
3.69000000
3.67000000
3.57000000
3.52500000
3.42500000
3.41500000
3.34000000
3.21500000
3.15000000
3.09000000
3.03500000
3.00500000
2.98000000
2.97500000
2.94500000
2.86000000
2.84500000
2.78500000
2.77500000
2.59000000
2.55500000
2.50000000
2.44000000
2.38500000
2.36500000
2.34000000
2.30500000
2.17000000
2.14500000
2.13500000
2.12500000
2.12000000
2.10000000
2.05500000
2.05500000
1.99000000
1.99000000
1.97500000
1.97500000
1.95500000
1.95500000
1.93500000
1.93500000
1.75500000
1.75500000
1.67500000
1.67500000
1.62500000
1.62500000
1.58500000
1.58500000
1.58500000
1.58500000
1.40000000
1.40000000
1.35500000
1.35500000
1.26000000
1.26000000
1.10500000
1.10500000
1.06000000
1.06000000
0.91500000
0.91500000
0.90000000
0.90000000
0.76000000
0.76000000
0.70000000
0.70000000
0.58000000
0.58000000
0.36000000
0.36000000
0.15000000
0.15000000
0.12500000
0.12500000
0.10500000
0.10500000
0.07000000
0.07000000
0.06000000
0.06000000
0.04000000
0.04000000
0.02500000
0.02500000
0.02500000
0.02500000
6.22000000
6.22000000
6.21500000
6.21500000
6.18500000
6.18500000
6.07500000
6.07500000
5.99000000
5.99000000
5.98000000
5.98000000
5.96000000
5.96000000
5.95500000
5.95500000
5.89000000
5.89000000
5.69500000
5.69500000
5.69500000
5.69500000
5.55000000
5.55000000
5.46000000
5.46000000
5.41500000
5.41500000
5.39500000
5.39500000
5.38500000
5.38500000
5.33500000
5.33500000
5.32500000
5.32500000
5.28500000
5.28500000
5.13500000
5.13500000
4.99500000
4.99500000
4.90000000
4.90000000
4.90000000
4.90000000
4.59500000
4.59500000
4.50500000
4.50500000
4.41000000
4.41000000
4.27500000
4.27500000
4.23500000
4.23500000
4.20500000
4.20500000
4.19500000
4.19500000
4.14000000
4.14000000
4.03000000
4.03000000
4.02500000
4.02500000
3.90000000
3.90000000
3.86500000
3.86500000
3.81000000
3.81000000
3.69000000
3.69000000
3.69000000
3.69000000
3.67000000
3.67000000
3.57000000
3.57000000
3.52500000
3.52500000
3.42500000
3.42500000
3.41500000
3.41500000
3.34000000
3.34000000
3.21500000
3.21500000
3.15000000
3.15000000
3.09000000
3.09000000
3.03500000
3.03500000
3.00500000
3.00500000
2.98000000
2.98000000
2.97500000
2.97500000
2.94500000
2.94500000
2.86000000
2.86000000
2.84500000
2.84500000
2.78500000
2.78500000
2.77500000
2.77500000
2.59000000
2.59000000
2.55500000
2.55500000
2.50000000
2.50000000
2.44000000
2.44000000
2.38500000
2.38500000
2.36500000
2.36500000
2.34000000
2.34000000
2.30500000
2.30500000
2.17000000
2.17000000
2.14500000
2.14500000
2.13500000
2.13500000
2.12500000
2.12500000
2.12000000
2.12000000
2.10000000
2.10000000
2.05500000
2.05500000
2.05500000
2.05500000
1.99000000
1.99000000
1.99000000
1.99000000
1.97500000
1.97500000
1.97500000
1.97500000
1.95500000
1.95500000
1.95500000
1.95500000
1.93500000
1.93500000
1.93500000
1.93500000
1.75500000
1.75500000
1.75500000
1.75500000
1.67500000
1.67500000
1.67500000
1.67500000
1.62500000
1.62500000
1.62500000
1.62500000
1.58500000
1.58500000
1.58500000
1.58500000
1.58500000
1.58500000
1.58500000
1.58500000
1.40000000
1.40000000
1.40000000
1.40000000
1.35500000
1.35500000
1.35500000
1.35500000
1.26000000
1.26000000
1.26000000
1.26000000
1.10500000
1.10500000
1.10500000
1.10500000
1.06000000
1.06000000
1.06000000
1.06000000
0.91500000
0.91500000
0.91500000
0.91500000
0.90000000
0.90000000
0.90000000
0.90000000
0.76000000
0.76000000
0.76000000
0.76000000
0.70000000
0.70000000
0.70000000
0.70000000
0.58000000
0.58000000
0.58000000
0.58000000
0.36000000
0.36000000
0.36000000
0.36000000
0.15000000
0.15000000
0.15000000
0.15000000
0.12500000
0.12500000
0.12500000
0.12500000
0.10500000
0.10500000
0.10500000
0.10500000
0.07000000
0.07000000
0.07000000
0.07000000
0.06000000
0.06000000
0.06000000
0.06000000
0.04000000
0.04000000
0.04000000
0.04000000
0.02500000
0.02500000
0.02500000
0.02500000
0.02500000
0.02500000
0.02500000
0.02500000
