5.76000000
3.26000000
2.00000000
5.90500000
6.05000000
0.14000000
1.02500000
2.94000000
3.05000000
0.75500000
3.60000000
5.02500000
4.57500000
2.31000000
3.81500000
5.87500000
1.12000000
0.30500000
1.51500000
1.95000000
5.02000000
5.74500000
4.95500000
1.75000000
5.68500000
2.92500000
2.31000000
4.87500000
5.88000000
5.04500000
0.81000000
4.48500000
5.26500000
2.83500000
2.50500000
5.84500000
4.65500000
5.07000000
5.49000000
2.83000000
0.82000000
5.67500000
5.20500000
1.51500000
2.96000000
5.99000000
2.69000000
3.48000000
0.48000000
6.24000000
2.59500000
2.01000000
2.60500000
2.07500000
5.40000000
4.48500000
2.16500000
0.85000000
5.93500000
3.66000000
0.42500000
4.16000000
5.34000000
2.57500000
5.45500000
0.30500000
6.11500000
0.51500000
0.89000000
2.03000000
5.28500000
4.00500000
1.90000000
0.03000000
5.00000000
1.94000000
4.83500000
0.04000000
5.24000000
1.21000000
2.92500000
3.96000000
1.61000000
2.97000000
4.85500000
0.28500000
3.02500000
2.80000000
0.64500000
4.25500000
4.30000000
2.57000000
3.80000000
4.52500000
3.00500000
4.95500000
5.03500000
0.18500000
4.89000000
0.64000000
4.89000000
4.87500000
4.85500000
4.83500000
4.65500000
4.57500000
4.52500000
4.48500000
4.48500000
4.30000000
4.25500000
4.16000000
4.00500000
3.96000000
3.81500000
3.80000000
3.66000000
3.60000000
3.48000000
3.26000000
3.05000000
3.02500000
3.00500000
2.97000000
2.96000000
2.94000000
2.92500000
2.92500000
2.83500000
2.83000000
2.80000000
2.69000000
2.60500000
2.59500000
2.57500000
2.57000000
2.50500000
2.31000000
2.31000000
2.16500000
2.07500000
2.03000000
2.01000000
2.00000000
1.95000000
1.94000000
1.90000000
1.75000000
1.61000000
1.51500000
1.51500000
1.21000000
1.12000000
1.02500000
0.89000000
0.85000000
0.82000000
0.81000000
0.75500000
0.64500000
0.64000000
0.51500000
0.48000000
0.42500000
0.30500000
0.30500000
0.28500000
0.18500000
0.14000000
0.04000000
0.03000000
6.24000000
6.11500000
6.05000000
5.99000000
5.93500000
5.90500000
5.88000000
5.87500000
5.84500000
5.76000000
5.74500000
5.68500000
5.67500000
5.49000000
5.45500000
5.40000000
5.34000000
5.28500000
5.26500000
5.24000000
5.20500000
5.07000000
5.04500000
5.03500000
5.02500000
5.02000000
5.00000000
4.95500000
4.95500000
4.89000000
4.89000000
4.87500000
4.87500000
4.85500000
4.85500000
4.83500000
4.83500000
4.65500000
4.65500000
4.57500000
4.57500000
4.52500000
4.52500000
4.48500000
4.48500000
4.48500000
4.48500000
4.30000000
4.30000000
4.25500000
4.25500000
4.16000000
4.16000000
4.00500000
4.00500000
3.96000000
3.96000000
3.81500000
3.81500000
3.80000000
3.80000000
3.66000000
3.66000000
3.60000000
3.60000000
3.48000000
3.48000000
3.26000000
3.26000000
3.05000000
3.05000000
3.02500000
3.02500000
3.00500000
3.00500000
2.97000000
2.97000000
2.96000000
2.96000000
2.94000000
2.94000000
2.92500000
2.92500000
2.92500000
2.92500000
2.83500000
2.83500000
2.83000000
2.83000000
2.80000000
2.80000000
2.69000000
2.69000000
2.60500000
2.60500000
2.59500000
2.59500000
2.57500000
2.57500000
2.57000000
2.57000000
2.50500000
2.50500000
2.31000000
2.31000000
2.31000000
2.31000000
2.16500000
2.16500000
2.07500000
2.07500000
2.03000000
2.03000000
2.01000000
2.01000000
2.00000000
2.00000000
1.95000000
1.95000000
1.94000000
1.94000000
1.90000000
1.90000000
1.75000000
1.75000000
1.61000000
1.61000000
1.51500000
1.51500000
1.51500000
1.51500000
1.21000000
1.21000000
1.12000000
1.12000000
1.02500000
1.02500000
0.89000000
0.89000000
0.85000000
0.85000000
0.82000000
0.82000000
0.81000000
0.81000000
0.75500000
0.75500000
0.64500000
0.64500000
0.64000000
0.64000000
0.51500000
0.51500000
0.48000000
0.48000000
0.42500000
0.42500000
0.30500000
0.30500000
0.30500000
0.30500000
0.28500000
0.28500000
0.18500000
0.18500000
0.14000000
0.14000000
0.04000000
0.04000000
0.03000000
0.03000000
6.24000000
6.24000000
6.11500000
6.11500000
6.05000000
6.05000000
5.99000000
5.99000000
5.93500000
5.93500000
5.90500000
5.90500000
5.88000000
5.88000000
5.87500000
5.87500000
5.84500000
5.84500000
5.76000000
5.76000000
5.74500000
5.74500000
5.68500000
5.68500000
5.67500000
5.67500000
5.49000000
5.49000000
5.45500000
5.45500000
5.40000000
5.40000000
5.34000000
5.34000000
5.28500000
5.28500000
5.26500000
5.26500000
5.24000000
5.24000000
5.20500000
5.20500000
5.07000000
5.07000000
5.04500000
5.04500000
5.03500000
5.03500000
5.02500000
5.02500000
5.02000000
5.02000000
5.00000000
5.00000000
4.95500000
4.95500000
4.95500000
4.95500000
4.89000000
4.89000000
4.89000000
4.89000000
4.87500000
4.87500000
4.87500000
4.87500000
4.85500000
4.85500000
4.85500000
4.85500000
4.83500000
4.83500000
4.83500000
4.83500000
4.65500000
4.65500000
4.65500000
4.65500000
4.57500000
4.57500000
4.57500000
4.57500000
4.52500000
4.52500000
4.52500000
4.52500000
4.48500000
4.48500000
4.48500000
4.48500000
4.48500000
4.48500000
4.48500000
4.48500000
4.30000000
4.30000000
4.30000000
4.30000000
4.25500000
4.25500000
4.25500000
4.25500000
4.16000000
4.16000000
4.16000000
4.16000000
4.00500000
4.00500000
4.00500000
4.00500000
3.96000000
3.96000000
3.96000000
3.96000000
3.81500000
3.81500000
3.81500000
3.81500000
3.80000000
3.80000000
3.80000000
3.80000000
3.66000000
3.66000000
3.66000000
3.66000000
3.60000000
3.60000000
3.60000000
3.60000000
3.48000000
3.48000000
3.48000000
3.48000000
3.26000000
3.26000000
3.26000000
3.26000000
3.05000000
3.05000000
3.05000000
3.05000000
3.02500000
3.02500000
3.02500000
3.02500000
3.00500000
3.00500000
3.00500000
3.00500000
2.97000000
2.97000000
2.97000000
2.97000000
2.96000000
2.96000000
2.96000000
2.96000000
2.94000000
2.94000000
2.94000000
2.94000000
2.92500000
2.92500000
2.92500000
2.92500000
2.92500000
2.92500000
2.92500000
2.92500000
2.83500000
2.83500000
2.83500000
2.83500000
2.83000000
2.83000000
2.83000000
2.83000000
2.80000000
2.80000000
2.80000000
2.80000000
2.69000000
2.69000000
2.69000000
2.69000000
2.60500000
2.60500000
2.60500000
2.60500000
2.59500000
2.59500000
2.59500000
2.59500000
2.57500000
2.57500000
2.57500000
2.57500000
2.57000000
2.57000000
2.57000000
2.57000000
2.50500000
2.50500000
2.50500000
2.50500000
2.31000000
2.31000000
2.31000000
2.31000000
2.31000000
2.31000000
2.31000000
2.31000000
2.16500000
2.16500000
2.16500000
2.16500000
2.07500000
2.07500000
2.07500000
2.07500000
2.03000000
2.03000000
2.03000000
2.03000000
2.01000000
2.01000000
2.01000000
2.01000000
2.00000000
2.00000000
2.00000000
2.00000000
1.95000000
1.95000000
1.95000000
1.95000000
1.94000000
1.94000000
1.94000000
1.94000000
1.90000000
1.90000000
1.90000000
1.90000000
1.75000000
1.75000000
1.75000000
1.75000000
1.61000000
1.61000000
1.61000000
1.61000000
1.51500000
1.51500000
1.51500000
1.51500000
1.51500000
1.51500000
1.51500000
1.51500000
1.21000000
1.21000000
1.21000000
1.21000000
1.12000000
1.12000000
1.12000000
1.12000000
1.02500000
1.02500000
1.02500000
1.02500000
0.89000000
0.89000000
0.89000000
0.89000000
0.85000000
0.85000000
0.85000000
0.85000000
0.82000000
0.82000000
0.82000000
0.82000000
0.81000000
0.81000000
0.81000000
0.81000000
0.75500000
0.75500000
0.75500000
0.75500000
0.64500000
0.64500000
0.64500000
0.64500000
0.64000000
0.64000000
0.64000000
0.64000000
0.51500000
0.51500000
0.51500000
0.51500000
0.48000000
0.48000000
0.48000000
0.48000000
0.42500000
0.42500000
0.42500000
0.42500000
0.30500000
0.30500000
0.30500000
0.30500000
0.30500000
0.30500000
0.30500000
0.30500000
0.28500000
0.28500000
0.28500000
0.28500000
0.18500000
0.18500000
0.18500000
0.18500000
0.14000000
0.14000000
0.14000000
0.14000000
0.04000000
0.04000000
0.04000000
0.04000000
0.03000000
0.03000000
0.03000000
0.03000000
