5.34500000
2.84500000
1.58500000
5.49000000
5.63500000
6.01000000
0.61000000
2.52500000
2.63500000
0.34000000
3.18500000
4.61000000
4.16000000
1.89500000
3.40000000
5.46000000
0.70500000
6.17500000
1.10000000
1.53500000
4.60500000
5.33000000
4.54000000
1.33500000
5.27000000
2.51000000
1.89500000
4.46000000
5.46500000
4.63000000
0.39500000
4.07000000
4.85000000
2.42000000
2.09000000
5.43000000
4.24000000
4.65500000
5.07500000
2.41500000
0.40500000
5.26000000
4.79000000
1.10000000
2.54500000
5.57500000
2.27500000
3.06500000
0.06500000
5.82500000
2.18000000
1.59500000
2.19000000
1.66000000
4.98500000
4.07000000
1.75000000
0.43500000
5.52000000
3.24500000
0.01000000
3.74500000
4.92500000
2.16000000
5.04000000
6.17500000
5.70000000
0.10000000
0.47500000
1.61500000
4.87000000
3.59000000
1.48500000
5.90000000
4.58500000
1.52500000
4.42000000
5.91000000
4.82500000
0.79500000
2.51000000
3.54500000
1.19500000
2.55500000
4.44000000
6.15500000
2.61000000
2.38500000
0.23000000
3.84000000
3.88500000
2.15500000
3.38500000
4.11000000
2.59000000
4.54000000
4.62000000
6.05500000
4.47500000
0.22500000
4.47500000
4.46000000
4.44000000
4.42000000
4.24000000
4.16000000
4.11000000
4.07000000
4.07000000
3.88500000
3.84000000
3.74500000
3.59000000
3.54500000
3.40000000
3.38500000
3.24500000
3.18500000
3.06500000
2.84500000
2.63500000
2.61000000
2.59000000
2.55500000
2.54500000
2.52500000
2.51000000
2.51000000
2.42000000
2.41500000
2.38500000
2.27500000
2.19000000
2.18000000
2.16000000
2.15500000
2.09000000
1.89500000
1.89500000
1.75000000
1.66000000
1.61500000
1.59500000
1.58500000
1.53500000
1.52500000
1.48500000
1.33500000
1.19500000
1.10000000
1.10000000
0.79500000
0.70500000
0.61000000
0.47500000
0.43500000
0.40500000
0.39500000
0.34000000
0.23000000
0.22500000
0.10000000
0.06500000
0.01000000
6.17500000
6.17500000
6.15500000
6.05500000
6.01000000
5.91000000
5.90000000
5.82500000
5.70000000
5.63500000
5.57500000
5.52000000
5.49000000
5.46500000
5.46000000
5.43000000
5.34500000
5.33000000
5.27000000
5.26000000
5.07500000
5.04000000
4.98500000
4.92500000
4.87000000
4.85000000
4.82500000
4.79000000
4.65500000
4.63000000
4.62000000
4.61000000
4.60500000
4.58500000
4.54000000
4.54000000
4.47500000
4.47500000
4.46000000
4.46000000
4.44000000
4.44000000
4.42000000
4.42000000
4.24000000
4.24000000
4.16000000
4.16000000
4.11000000
4.11000000
4.07000000
4.07000000
4.07000000
4.07000000
3.88500000
3.88500000
3.84000000
3.84000000
3.74500000
3.74500000
3.59000000
3.59000000
3.54500000
3.54500000
3.40000000
3.40000000
3.38500000
3.38500000
3.24500000
3.24500000
3.18500000
3.18500000
3.06500000
3.06500000
2.84500000
2.84500000
2.63500000
2.63500000
2.61000000
2.61000000
2.59000000
2.59000000
2.55500000
2.55500000
2.54500000
2.54500000
2.52500000
2.52500000
2.51000000
2.51000000
2.51000000
2.51000000
2.42000000
2.42000000
2.41500000
2.41500000
2.38500000
2.38500000
2.27500000
2.27500000
2.19000000
2.19000000
2.18000000
2.18000000
2.16000000
2.16000000
2.15500000
2.15500000
2.09000000
2.09000000
1.89500000
1.89500000
1.89500000
1.89500000
1.75000000
1.75000000
1.66000000
1.66000000
1.61500000
1.61500000
1.59500000
1.59500000
1.58500000
1.58500000
1.53500000
1.53500000
1.52500000
1.52500000
1.48500000
1.48500000
1.33500000
1.33500000
1.19500000
1.19500000
1.10000000
1.10000000
1.10000000
1.10000000
0.79500000
0.79500000
0.70500000
0.70500000
0.61000000
0.61000000
0.47500000
0.47500000
0.43500000
0.43500000
0.40500000
0.40500000
0.39500000
0.39500000
0.34000000
0.34000000
0.23000000
0.23000000
0.22500000
0.22500000
0.10000000
0.10000000
0.06500000
0.06500000
0.01000000
0.01000000
