5.06000000
2.56000000
1.30000000
5.20500000
5.35000000
5.72500000
0.32500000
2.24000000
2.35000000
0.05500000
2.90000000
4.32500000
3.87500000
1.61000000
3.11500000
5.17500000
0.42000000
5.89000000
0.81500000
1.25000000
4.32000000
5.04500000
4.25500000
1.05000000
4.98500000
2.22500000
1.61000000
4.17500000
5.18000000
4.34500000
0.11000000
3.78500000
4.56500000
2.13500000
1.80500000
5.14500000
3.95500000
4.37000000
4.79000000
2.13000000
0.12000000
4.97500000
4.50500000
0.81500000
2.26000000
5.29000000
1.99000000
2.78000000
6.06500000
5.54000000
1.89500000
1.31000000
1.90500000
1.37500000
4.70000000
3.78500000
1.46500000
0.15000000
5.23500000
2.96000000
6.01000000
3.46000000
4.64000000
1.87500000
4.75500000
5.89000000
5.41500000
6.10000000
0.19000000
1.33000000
4.58500000
3.30500000
1.20000000
5.61500000
4.30000000
1.24000000
4.13500000
5.62500000
4.54000000
0.51000000
2.22500000
3.26000000
0.91000000
2.27000000
4.15500000
5.87000000
2.32500000
2.10000000
6.23000000
3.55500000
3.60000000
1.87000000
3.10000000
3.82500000
2.30500000
4.25500000
4.33500000
5.77000000
4.19000000
6.22500000
4.19000000
4.17500000
4.15500000
4.13500000
3.95500000
3.87500000
3.82500000
3.78500000
3.78500000
3.60000000
3.55500000
3.46000000
3.30500000
3.26000000
3.11500000
3.10000000
2.96000000
2.90000000
2.78000000
2.56000000
2.35000000
2.32500000
2.30500000
2.27000000
2.26000000
2.24000000
2.22500000
2.22500000
2.13500000
2.13000000
2.10000000
1.99000000
1.90500000
1.89500000
1.87500000
1.87000000
1.80500000
1.61000000
1.61000000
1.46500000
1.37500000
1.33000000
1.31000000
1.30000000
1.25000000
1.24000000
1.20000000
1.05000000
0.91000000
0.81500000
0.81500000
0.51000000
0.42000000
0.32500000
0.19000000
0.15000000
0.12000000
0.11000000
0.05500000
6.23000000
6.22500000
6.10000000
6.06500000
6.01000000
5.89000000
5.89000000
5.87000000
5.77000000
5.72500000
5.62500000
5.61500000
5.54000000
5.41500000
5.35000000
5.29000000
5.23500000
5.20500000
5.18000000
5.17500000
5.14500000
5.06000000
5.04500000
4.98500000
4.97500000
4.79000000
4.75500000
4.70000000
4.64000000
4.58500000
4.56500000
4.54000000
4.50500000
4.37000000
4.34500000
4.33500000
4.32500000
4.32000000
4.30000000
4.25500000
4.25500000
4.19000000
4.19000000
4.17500000
4.17500000
4.15500000
4.15500000
4.13500000
4.13500000
3.95500000
3.95500000
3.87500000
3.87500000
3.82500000
3.82500000
3.78500000
3.78500000
3.78500000
3.78500000
3.60000000
3.60000000
3.55500000
3.55500000
3.46000000
3.46000000
3.30500000
3.30500000
3.26000000
3.26000000
3.11500000
3.11500000
3.10000000
3.10000000
2.96000000
2.96000000
2.90000000
2.90000000
2.78000000
2.78000000
2.56000000
2.56000000
2.35000000
2.35000000
2.32500000
2.32500000
2.30500000
2.30500000
2.27000000
2.27000000
2.26000000
2.26000000
2.24000000
2.24000000
2.22500000
2.22500000
2.22500000
2.22500000
2.13500000
2.13500000
2.13000000
2.13000000
2.10000000
2.10000000
1.99000000
1.99000000
1.90500000
1.90500000
1.89500000
1.89500000
1.87500000
1.87500000
1.87000000
1.87000000
1.80500000
1.80500000
1.61000000
1.61000000
1.61000000
1.61000000
1.46500000
1.46500000
1.37500000
1.37500000
1.33000000
1.33000000
1.31000000
1.31000000
1.30000000
1.30000000
1.25000000
1.25000000
1.24000000
1.24000000
1.20000000
1.20000000
1.05000000
1.05000000
0.91000000
0.91000000
0.81500000
0.81500000
0.81500000
0.81500000
0.51000000
0.51000000
0.42000000
0.42000000
0.32500000
0.32500000
0.19000000
0.19000000
0.15000000
0.15000000
0.12000000
0.12000000
0.11000000
0.11000000
0.05500000
0.05500000
6.23000000
6.23000000
6.22500000
6.22500000
6.10000000
6.10000000
6.06500000
6.06500000
6.01000000
6.01000000
5.89000000
5.89000000
5.89000000
5.89000000
5.87000000
5.87000000
5.77000000
5.77000000
5.72500000
5.72500000
5.62500000
5.62500000
5.61500000
5.61500000
5.54000000
5.54000000
5.41500000
5.41500000
5.35000000
5.35000000
5.29000000
5.29000000
5.23500000
5.23500000
5.20500000
5.20500000
5.18000000
5.18000000
5.17500000
5.17500000
5.14500000
5.14500000
5.06000000
5.06000000
5.04500000
5.04500000
4.98500000
4.98500000
4.97500000
4.97500000
4.79000000
4.79000000
4.75500000
4.75500000
4.70000000
4.70000000
4.64000000
4.64000000
4.58500000
4.58500000
4.56500000
4.56500000
4.54000000
4.54000000
4.50500000
4.50500000
4.37000000
4.37000000
4.34500000
4.34500000
4.33500000
4.33500000
4.32500000
4.32500000
4.32000000
4.32000000
4.30000000
4.30000000
4.25500000
4.25500000
4.25500000
4.25500000
4.19000000
4.19000000
4.19000000
4.19000000
4.17500000
4.17500000
4.17500000
4.17500000
4.15500000
4.15500000
4.15500000
4.15500000
4.13500000
4.13500000
4.13500000
4.13500000
3.95500000
3.95500000
3.95500000
3.95500000
3.87500000
3.87500000
3.87500000
3.87500000
3.82500000
3.82500000
3.82500000
3.82500000
3.78500000
3.78500000
3.78500000
3.78500000
3.78500000
3.78500000
3.78500000
3.78500000
3.60000000
3.60000000
3.60000000
3.60000000
3.55500000
3.55500000
3.55500000
3.55500000
3.46000000
3.46000000
3.46000000
3.46000000
3.30500000
3.30500000
3.30500000
3.30500000
3.26000000
3.26000000
3.26000000
3.26000000
3.11500000
3.11500000
3.11500000
3.11500000
3.10000000
3.10000000
3.10000000
3.10000000
2.96000000
2.96000000
2.96000000
2.96000000
2.90000000
2.90000000
2.90000000
2.90000000
2.78000000
2.78000000
2.78000000
2.78000000
2.56000000
2.56000000
2.56000000
2.56000000
2.35000000
2.35000000
2.35000000
2.35000000
2.32500000
2.32500000
2.32500000
2.32500000
2.30500000
2.30500000
2.30500000
2.30500000
2.27000000
2.27000000
2.27000000
2.27000000
2.26000000
2.26000000
2.26000000
2.26000000
2.24000000
2.24000000
2.24000000
2.24000000
2.22500000
2.22500000
2.22500000
2.22500000
2.22500000
2.22500000
2.22500000
2.22500000
2.13500000
2.13500000
2.13500000
2.13500000
2.13000000
2.13000000
2.13000000
2.13000000
2.10000000
2.10000000
2.10000000
2.10000000
1.99000000
1.99000000
1.99000000
1.99000000
1.90500000
1.90500000
1.90500000
1.90500000
1.89500000
1.89500000
1.89500000
1.89500000
1.87500000
1.87500000
1.87500000
1.87500000
1.87000000
1.87000000
1.87000000
1.87000000
1.80500000
1.80500000
1.80500000
1.80500000
1.61000000
1.61000000
1.61000000
1.61000000
1.61000000
1.61000000
1.61000000
1.61000000
1.46500000
1.46500000
1.46500000
1.46500000
1.37500000
1.37500000
1.37500000
1.37500000
1.33000000
1.33000000
1.33000000
1.33000000
1.31000000
1.31000000
1.31000000
1.31000000
1.30000000
1.30000000
1.30000000
1.30000000
1.25000000
1.25000000
1.25000000
1.25000000
1.24000000
1.24000000
1.24000000
1.24000000
1.20000000
1.20000000
1.20000000
1.20000000
1.05000000
1.05000000
1.05000000
1.05000000
0.91000000
0.91000000
0.91000000
0.91000000
0.81500000
0.81500000
0.81500000
0.81500000
0.81500000
0.81500000
0.81500000
0.81500000
0.51000000
0.51000000
0.51000000
0.51000000
0.42000000
0.42000000
0.42000000
0.42000000
0.32500000
0.32500000
0.32500000
0.32500000
0.19000000
0.19000000
0.19000000
0.19000000
0.15000000
0.15000000
0.15000000
0.15000000
0.12000000
0.12000000
0.12000000
0.12000000
0.11000000
0.11000000
0.11000000
0.11000000
0.05500000
0.05500000
0.05500000
0.05500000
