0.21000000
3.99500000
2.73500000
0.35500000
0.50000000
0.87500000
1.76000000
3.67500000
3.78500000
1.49000000
4.33500000
5.76000000
5.31000000
3.04500000
4.55000000
0.32500000
1.85500000
1.04000000
2.25000000
2.68500000
5.75500000
0.19500000
5.69000000
2.48500000
0.13500000
3.66000000
3.04500000
5.61000000
0.33000000
5.78000000
1.54500000
5.22000000
6.00000000
3.57000000
3.24000000
0.29500000
5.39000000
5.80500000
6.22500000
3.56500000
1.55500000
0.12500000
5.94000000
2.25000000
3.69500000
0.44000000
3.42500000
4.21500000
1.21500000
0.69000000
3.33000000
2.74500000
3.34000000
2.81000000
6.13500000
5.22000000
2.90000000
1.58500000
0.38500000
4.39500000
1.16000000
4.89500000
6.07500000
3.31000000
6.19000000
1.04000000
0.56500000
1.25000000
1.62500000
2.76500000
6.02000000
4.74000000
2.63500000
0.76500000
5.73500000
2.67500000
5.57000000
0.77500000
5.97500000
1.94500000
3.66000000
4.69500000
2.34500000
3.70500000
5.59000000
1.02000000
3.76000000
3.53500000
1.38000000
4.99000000
5.03500000
3.30500000
4.53500000
5.26000000
3.74000000
5.69000000
5.77000000
0.92000000
5.62500000
1.37500000
5.62500000
5.61000000
5.59000000
5.57000000
5.39000000
5.31000000
5.26000000
5.22000000
5.22000000
5.03500000
4.99000000
4.89500000
4.74000000
4.69500000
4.55000000
4.53500000
4.39500000
4.33500000
4.21500000
3.99500000
3.78500000
3.76000000
3.74000000
3.70500000
3.69500000
3.67500000
3.66000000
3.66000000
3.57000000
3.56500000
3.53500000
3.42500000
3.34000000
3.33000000
3.31000000
3.30500000
3.24000000
3.04500000
3.04500000
2.90000000
2.81000000
2.76500000
2.74500000
2.73500000
2.68500000
2.67500000
2.63500000
2.48500000
2.34500000
2.25000000
2.25000000
1.94500000
1.85500000
1.76000000
1.62500000
1.58500000
1.55500000
1.54500000
1.49000000
1.38000000
1.37500000
1.25000000
1.21500000
1.16000000
1.04000000
1.04000000
1.02000000
0.92000000
0.87500000
0.77500000
0.76500000
0.69000000
0.56500000
0.50000000
0.44000000
0.38500000
0.35500000
0.33000000
0.32500000
0.29500000
0.21000000
0.19500000
0.13500000
0.12500000
6.22500000
6.19000000
6.13500000
6.07500000
6.02000000
6.00000000
5.97500000
5.94000000
5.80500000
5.78000000
5.77000000
5.76000000
5.75500000
5.73500000
5.69000000
5.69000000
5.62500000
5.62500000
5.61000000
5.61000000
5.59000000
5.59000000
5.57000000
5.57000000
5.39000000
5.39000000
5.31000000
5.31000000
5.26000000
5.26000000
5.22000000
5.22000000
5.22000000
5.22000000
5.03500000
5.03500000
4.99000000
4.99000000
4.89500000
4.89500000
4.74000000
4.74000000
4.69500000
4.69500000
4.55000000
4.55000000
4.53500000
4.53500000
4.39500000
4.39500000
4.33500000
4.33500000
4.21500000
4.21500000
3.99500000
3.99500000
3.78500000
3.78500000
3.76000000
3.76000000
3.74000000
3.74000000
3.70500000
3.70500000
3.69500000
3.69500000
3.67500000
3.67500000
3.66000000
3.66000000
3.66000000
3.66000000
3.57000000
3.57000000
3.56500000
3.56500000
3.53500000
3.53500000
3.42500000
3.42500000
3.34000000
3.34000000
3.33000000
3.33000000
3.31000000
3.31000000
3.30500000
3.30500000
3.24000000
3.24000000
3.04500000
3.04500000
3.04500000
3.04500000
2.90000000
2.90000000
2.81000000
2.81000000
2.76500000
2.76500000
2.74500000
2.74500000
2.73500000
2.73500000
2.68500000
2.68500000
2.67500000
2.67500000
2.63500000
2.63500000
2.48500000
2.48500000
2.34500000
2.34500000
2.25000000
2.25000000
2.25000000
2.25000000
1.94500000
1.94500000
1.85500000
1.85500000
1.76000000
1.76000000
1.62500000
1.62500000
1.58500000
1.58500000
1.55500000
1.55500000
1.54500000
1.54500000
1.49000000
1.49000000
1.38000000
1.38000000
1.37500000
1.37500000
1.25000000
1.25000000
1.21500000
1.21500000
1.16000000
1.16000000
1.04000000
1.04000000
1.04000000
1.04000000
1.02000000
1.02000000
0.92000000
0.92000000
0.87500000
0.87500000
0.77500000
0.77500000
0.76500000
0.76500000
0.69000000
0.69000000
0.56500000
0.56500000
0.50000000
0.50000000
0.44000000
0.44000000
0.38500000
0.38500000
0.35500000
0.35500000
0.33000000
0.33000000
0.32500000
0.32500000
0.29500000
0.29500000
0.21000000
0.21000000
0.19500000
0.19500000
0.13500000
0.13500000
0.12500000
0.12500000
