3.31000000
0.81000000
5.83500000
3.45500000
3.60000000
3.97500000
4.86000000
0.49000000
0.60000000
4.59000000
1.15000000
2.57500000
2.12500000
6.14500000
1.36500000
3.42500000
4.95500000
4.14000000
5.35000000
5.78500000
2.57000000
3.29500000
2.50500000
5.58500000
3.23500000
0.47500000
6.14500000
2.42500000
3.43000000
2.59500000
4.64500000
2.03500000
2.81500000
0.38500000
0.05500000
3.39500000
2.20500000
2.62000000
3.04000000
0.38000000
4.65500000
3.22500000
2.75500000
5.35000000
0.51000000
3.54000000
0.24000000
1.03000000
4.31500000
3.79000000
0.14500000
5.84500000
0.15500000
5.91000000
2.95000000
2.03500000
6.00000000
4.68500000
3.48500000
1.21000000
4.26000000
1.71000000
2.89000000
0.12500000
3.00500000
4.14000000
3.66500000
4.35000000
4.72500000
5.86500000
2.83500000
1.55500000
5.73500000
3.86500000
2.55000000
5.77500000
2.38500000
3.87500000
2.79000000
5.04500000
0.47500000
1.51000000
5.44500000
0.52000000
2.40500000
4.12000000
0.57500000
0.35000000
4.48000000
1.80500000
1.85000000
0.12000000
1.35000000
2.07500000
0.55500000
2.50500000
2.58500000
4.02000000
2.44000000
4.47500000
2.44000000
2.42500000
2.40500000
2.38500000
2.20500000
2.12500000
2.07500000
2.03500000
2.03500000
1.85000000
1.80500000
1.71000000
1.55500000
1.51000000
1.36500000
1.35000000
1.21000000
1.15000000
1.03000000
0.81000000
0.60000000
0.57500000
0.55500000
0.52000000
0.51000000
0.49000000
0.47500000
0.47500000
0.38500000
0.38000000
0.35000000
0.24000000
0.15500000
0.14500000
0.12500000
0.12000000
0.05500000
6.14500000
6.14500000
6.00000000
5.91000000
5.86500000
5.84500000
5.83500000
5.78500000
5.77500000
5.73500000
5.58500000
5.44500000
5.35000000
5.35000000
5.04500000
4.95500000
4.86000000
4.72500000
4.68500000
4.65500000
4.64500000
4.59000000
4.48000000
4.47500000
4.35000000
4.31500000
4.26000000
4.14000000
4.14000000
4.12000000
4.02000000
3.97500000
3.87500000
3.86500000
3.79000000
3.66500000
3.60000000
3.54000000
3.48500000
3.45500000
3.43000000
3.42500000
3.39500000
3.31000000
3.29500000
3.23500000
3.22500000
3.04000000
3.00500000
2.95000000
2.89000000
2.83500000
2.81500000
2.79000000
2.75500000
2.62000000
2.59500000
2.58500000
2.57500000
2.57000000
2.55000000
2.50500000
2.50500000
2.44000000
2.44000000
2.42500000
2.42500000
2.40500000
2.40500000
2.38500000
2.38500000
2.20500000
2.20500000
2.12500000
2.12500000
2.07500000
2.07500000
2.03500000
2.03500000
2.03500000
2.03500000
1.85000000
1.85000000
1.80500000
1.80500000
1.71000000
1.71000000
1.55500000
1.55500000
1.51000000
1.51000000
1.36500000
1.36500000
1.35000000
1.35000000
1.21000000
1.21000000
1.15000000
1.15000000
1.03000000
1.03000000
0.81000000
0.81000000
0.60000000
0.60000000
0.57500000
0.57500000
0.55500000
0.55500000
0.52000000
0.52000000
0.51000000
0.51000000
0.49000000
0.49000000
0.47500000
0.47500000
0.47500000
0.47500000
0.38500000
0.38500000
0.38000000
0.38000000
0.35000000
0.35000000
0.24000000
0.24000000
0.15500000
0.15500000
0.14500000
0.14500000
0.12500000
0.12500000
0.12000000
0.12000000
0.05500000
0.05500000
6.14500000
6.14500000
6.14500000
6.14500000
6.00000000
6.00000000
5.91000000
5.91000000
5.86500000
5.86500000
5.84500000
5.84500000
5.83500000
5.83500000
5.78500000
5.78500000
5.77500000
5.77500000
5.73500000
5.73500000
5.58500000
5.58500000
5.44500000
5.44500000
5.35000000
5.35000000
5.35000000
5.35000000
5.04500000
5.04500000
4.95500000
4.95500000
4.86000000
4.86000000
4.72500000
4.72500000
4.68500000
4.68500000
4.65500000
4.65500000
4.64500000
4.64500000
4.59000000
4.59000000
4.48000000
4.48000000
4.47500000
4.47500000
4.35000000
4.35000000
4.31500000
4.31500000
4.26000000
4.26000000
4.14000000
4.14000000
4.14000000
4.14000000
4.12000000
4.12000000
4.02000000
4.02000000
3.97500000
3.97500000
3.87500000
3.87500000
3.86500000
3.86500000
3.79000000
3.79000000
3.66500000
3.66500000
3.60000000
3.60000000
3.54000000
3.54000000
3.48500000
3.48500000
3.45500000
3.45500000
3.43000000
3.43000000
3.42500000
3.42500000
3.39500000
3.39500000
3.31000000
3.31000000
3.29500000
3.29500000
3.23500000
3.23500000
3.22500000
3.22500000
3.04000000
3.04000000
3.00500000
3.00500000
2.95000000
2.95000000
2.89000000
2.89000000
2.83500000
2.83500000
2.81500000
2.81500000
2.79000000
2.79000000
2.75500000
2.75500000
2.62000000
2.62000000
2.59500000
2.59500000
2.58500000
2.58500000
2.57500000
2.57500000
2.57000000
2.57000000
2.55000000
2.55000000
2.50500000
2.50500000
2.50500000
2.50500000
2.44000000
2.44000000
2.44000000
2.44000000
2.42500000
2.42500000
2.42500000
2.42500000
2.40500000
2.40500000
2.40500000
2.40500000
2.38500000
2.38500000
2.38500000
2.38500000
2.20500000
2.20500000
2.20500000
2.20500000
2.12500000
2.12500000
2.12500000
2.12500000
2.07500000
2.07500000
2.07500000
2.07500000
2.03500000
2.03500000
2.03500000
2.03500000
2.03500000
2.03500000
2.03500000
2.03500000
1.85000000
1.85000000
1.85000000
1.85000000
1.80500000
1.80500000
1.80500000
1.80500000
1.71000000
1.71000000
1.71000000
1.71000000
1.55500000
1.55500000
1.55500000
1.55500000
1.51000000
1.51000000
1.51000000
1.51000000
1.36500000
1.36500000
1.36500000
1.36500000
1.35000000
1.35000000
1.35000000
1.35000000
1.21000000
1.21000000
1.21000000
1.21000000
1.15000000
1.15000000
1.15000000
1.15000000
1.03000000
1.03000000
1.03000000
1.03000000
0.81000000
0.81000000
0.81000000
0.81000000
0.60000000
0.60000000
0.60000000
0.60000000
0.57500000
0.57500000
0.57500000
0.57500000
0.55500000
0.55500000
0.55500000
0.55500000
0.52000000
0.52000000
0.52000000
0.52000000
0.51000000
0.51000000
0.51000000
0.51000000
0.49000000
0.49000000
0.49000000
0.49000000
0.47500000
0.47500000
0.47500000
0.47500000
0.47500000
0.47500000
0.47500000
0.47500000
0.38500000
0.38500000
0.38500000
0.38500000
0.38000000
0.38000000
0.38000000
0.38000000
0.35000000
0.35000000
0.35000000
0.35000000
0.24000000
0.24000000
0.24000000
0.24000000
0.15500000
0.15500000
0.15500000
0.15500000
0.14500000
0.14500000
0.14500000
0.14500000
0.12500000
0.12500000
0.12500000
0.12500000
0.12000000
0.12000000
0.12000000
0.12000000
0.05500000
0.05500000
0.05500000
0.05500000
