2.51000000
0.01000000
5.03500000
2.65500000
2.80000000
3.17500000
4.06000000
5.97500000
6.08500000
3.79000000
0.35000000
1.77500000
1.32500000
5.34500000
0.56500000
2.62500000
4.15500000
3.34000000
4.55000000
4.98500000
1.77000000
2.49500000
1.70500000
4.78500000
2.43500000
5.96000000
5.34500000
1.62500000
2.63000000
1.79500000
3.84500000
1.23500000
2.01500000
5.87000000
5.54000000
2.59500000
1.40500000
1.82000000
2.24000000
5.86500000
3.85500000
2.42500000
1.95500000
4.55000000
5.99500000
2.74000000
5.72500000
0.23000000
3.51500000
2.99000000
5.63000000
5.04500000
5.64000000
5.11000000
2.15000000
1.23500000
5.20000000
3.88500000
2.68500000
0.41000000
3.46000000
0.91000000
2.09000000
5.61000000
2.20500000
3.34000000
2.86500000
3.55000000
3.92500000
5.06500000
2.03500000
0.75500000
4.93500000
3.06500000
1.75000000
4.97500000
1.58500000
3.07500000
1.99000000
4.24500000
5.96000000
0.71000000
4.64500000
6.00500000
1.60500000
3.32000000
6.06000000
5.83500000
3.68000000
1.00500000
1.05000000
5.60500000
0.55000000
1.27500000
6.04000000
1.70500000
1.78500000
3.22000000
1.64000000
3.67500000
1.64000000
1.62500000
1.60500000
1.58500000
1.40500000
1.32500000
1.27500000
1.23500000
1.23500000
1.05000000
1.00500000
0.91000000
0.75500000
0.71000000
0.56500000
0.55000000
0.41000000
0.35000000
0.23000000
0.01000000
6.08500000
6.06000000
6.04000000
6.00500000
5.99500000
5.97500000
5.96000000
5.96000000
5.87000000
5.86500000
5.83500000
5.72500000
5.64000000
5.63000000
5.61000000
5.60500000
5.54000000
5.34500000
5.34500000
5.20000000
5.11000000
5.06500000
5.04500000
5.03500000
4.98500000
4.97500000
4.93500000
4.78500000
4.64500000
4.55000000
4.55000000
4.24500000
4.15500000
4.06000000
3.92500000
3.88500000
3.85500000
3.84500000
3.79000000
3.68000000
3.67500000
3.55000000
3.51500000
3.46000000
3.34000000
3.34000000
3.32000000
3.22000000
3.17500000
3.07500000
3.06500000
2.99000000
2.86500000
2.80000000
2.74000000
2.68500000
2.65500000
2.63000000
2.62500000
2.59500000
2.51000000
2.49500000
2.43500000
2.42500000
2.24000000
2.20500000
2.15000000
2.09000000
2.03500000
2.01500000
1.99000000
1.95500000
1.82000000
1.79500000
1.78500000
1.77500000
1.77000000
1.75000000
1.70500000
1.70500000
1.64000000
1.64000000
1.62500000
1.62500000
1.60500000
1.60500000
1.58500000
1.58500000
1.40500000
1.40500000
1.32500000
1.32500000
1.27500000
1.27500000
1.23500000
1.23500000
1.23500000
1.23500000
1.05000000
1.05000000
1.00500000
1.00500000
0.91000000
0.91000000
0.75500000
0.75500000
0.71000000
0.71000000
0.56500000
0.56500000
0.55000000
0.55000000
0.41000000
0.41000000
0.35000000
0.35000000
0.23000000
0.23000000
0.01000000
0.01000000
6.08500000
6.08500000
6.06000000
6.06000000
6.04000000
6.04000000
6.00500000
6.00500000
5.99500000
5.99500000
5.97500000
5.97500000
5.96000000
5.96000000
5.96000000
5.96000000
5.87000000
5.87000000
5.86500000
5.86500000
5.83500000
5.83500000
5.72500000
5.72500000
5.64000000
5.64000000
5.63000000
5.63000000
5.61000000
5.61000000
5.60500000
5.60500000
5.54000000
5.54000000
5.34500000
5.34500000
5.34500000
5.34500000
5.20000000
5.20000000
5.11000000
5.11000000
5.06500000
5.06500000
5.04500000
5.04500000
5.03500000
5.03500000
4.98500000
4.98500000
4.97500000
4.97500000
4.93500000
4.93500000
4.78500000
4.78500000
4.64500000
4.64500000
4.55000000
4.55000000
4.55000000
4.55000000
4.24500000
4.24500000
4.15500000
4.15500000
4.06000000
4.06000000
3.92500000
3.92500000
3.88500000
3.88500000
3.85500000
3.85500000
3.84500000
3.84500000
3.79000000
3.79000000
3.68000000
3.68000000
3.67500000
3.67500000
3.55000000
3.55000000
3.51500000
3.51500000
3.46000000
3.46000000
3.34000000
3.34000000
3.34000000
3.34000000
3.32000000
3.32000000
3.22000000
3.22000000
3.17500000
3.17500000
3.07500000
3.07500000
3.06500000
3.06500000
2.99000000
2.99000000
2.86500000
2.86500000
2.80000000
2.80000000
2.74000000
2.74000000
2.68500000
2.68500000
2.65500000
2.65500000
2.63000000
2.63000000
2.62500000
2.62500000
2.59500000
2.59500000
2.51000000
2.51000000
2.49500000
2.49500000
2.43500000
2.43500000
2.42500000
2.42500000
2.24000000
2.24000000
2.20500000
2.20500000
2.15000000
2.15000000
2.09000000
2.09000000
2.03500000
2.03500000
2.01500000
2.01500000
1.99000000
1.99000000
1.95500000
1.95500000
1.82000000
1.82000000
1.79500000
1.79500000
1.78500000
1.78500000
1.77500000
1.77500000
1.77000000
1.77000000
1.75000000
1.75000000
1.70500000
1.70500000
1.70500000
1.70500000
1.64000000
1.64000000
1.64000000
1.64000000
1.62500000
1.62500000
1.62500000
1.62500000
1.60500000
1.60500000
1.60500000
1.60500000
1.58500000
1.58500000
1.58500000
1.58500000
1.40500000
1.40500000
1.40500000
1.40500000
1.32500000
1.32500000
1.32500000
1.32500000
1.27500000
1.27500000
1.27500000
1.27500000
1.23500000
1.23500000
1.23500000
1.23500000
1.23500000
1.23500000
1.23500000
1.23500000
1.05000000
1.05000000
1.05000000
1.05000000
1.00500000
1.00500000
1.00500000
1.00500000
0.91000000
0.91000000
0.91000000
0.91000000
0.75500000
0.75500000
0.75500000
0.75500000
0.71000000
0.71000000
0.71000000
0.71000000
0.56500000
0.56500000
0.56500000
0.56500000
0.55000000
0.55000000
0.55000000
0.55000000
0.41000000
0.41000000
0.41000000
0.41000000
0.35000000
0.35000000
0.35000000
0.35000000
0.23000000
0.23000000
0.23000000
0.23000000
0.01000000
0.01000000
0.01000000
0.01000000
