5.46000000
2.96000000
1.70000000
5.60500000
5.75000000
6.12500000
0.72500000
2.64000000
2.75000000
0.45500000
3.30000000
4.72500000
4.27500000
2.01000000
3.51500000
5.57500000
0.82000000
0.00500000
1.21500000
1.65000000
4.72000000
5.44500000
4.65500000
1.45000000
5.38500000
2.62500000
2.01000000
4.57500000
5.58000000
4.74500000
0.51000000
4.18500000
4.96500000
2.53500000
2.20500000
5.54500000
4.35500000
4.77000000
5.19000000
2.53000000
0.52000000
5.37500000
4.90500000
1.21500000
2.66000000
5.69000000
2.39000000
3.18000000
0.18000000
5.94000000
2.29500000
1.71000000
2.30500000
1.77500000
5.10000000
4.18500000
1.86500000
0.55000000
5.63500000
3.36000000
0.12500000
3.86000000
5.04000000
2.27500000
5.15500000
0.00500000
5.81500000
0.21500000
0.59000000
1.73000000
4.98500000
3.70500000
1.60000000
6.01500000
4.70000000
1.64000000
4.53500000
6.02500000
4.94000000
0.91000000
2.62500000
3.66000000
1.31000000
2.67000000
4.55500000
6.27000000
2.72500000
2.50000000
0.34500000
3.95500000
4.00000000
2.27000000
3.50000000
4.22500000
2.70500000
4.65500000
4.73500000
6.17000000
4.59000000
0.34000000
4.59000000
4.57500000
4.55500000
4.53500000
4.35500000
4.27500000
4.22500000
4.18500000
4.18500000
4.00000000
3.95500000
3.86000000
3.70500000
3.66000000
3.51500000
3.50000000
3.36000000
3.30000000
3.18000000
2.96000000
2.75000000
2.72500000
2.70500000
2.67000000
2.66000000
2.64000000
2.62500000
2.62500000
2.53500000
2.53000000
2.50000000
2.39000000
2.30500000
2.29500000
2.27500000
2.27000000
2.20500000
2.01000000
2.01000000
1.86500000
1.77500000
1.73000000
1.71000000
1.70000000
1.65000000
1.64000000
1.60000000
1.45000000
1.31000000
1.21500000
1.21500000
0.91000000
0.82000000
0.72500000
0.59000000
0.55000000
0.52000000
0.51000000
0.45500000
0.34500000
0.34000000
0.21500000
0.18000000
0.12500000
0.00500000
0.00500000
6.27000000
6.17000000
6.12500000
6.02500000
6.01500000
5.94000000
5.81500000
5.75000000
5.69000000
5.63500000
5.60500000
5.58000000
5.57500000
5.54500000
5.46000000
5.44500000
5.38500000
5.37500000
5.19000000
5.15500000
5.10000000
5.04000000
4.98500000
4.96500000
4.94000000
4.90500000
4.77000000
4.74500000
4.73500000
4.72500000
4.72000000
4.70000000
4.65500000
4.65500000
4.59000000
4.59000000
4.57500000
4.57500000
4.55500000
4.55500000
4.53500000
4.53500000
4.35500000
4.35500000
4.27500000
4.27500000
4.22500000
4.22500000
4.18500000
4.18500000
4.18500000
4.18500000
4.00000000
4.00000000
3.95500000
3.95500000
3.86000000
3.86000000
3.70500000
3.70500000
3.66000000
3.66000000
3.51500000
3.51500000
3.50000000
3.50000000
3.36000000
3.36000000
3.30000000
3.30000000
3.18000000
3.18000000
2.96000000
2.96000000
2.75000000
2.75000000
2.72500000
2.72500000
2.70500000
2.70500000
2.67000000
2.67000000
2.66000000
2.66000000
2.64000000
2.64000000
2.62500000
2.62500000
2.62500000
2.62500000
2.53500000
2.53500000
2.53000000
2.53000000
2.50000000
2.50000000
2.39000000
2.39000000
2.30500000
2.30500000
2.29500000
2.29500000
2.27500000
2.27500000
2.27000000
2.27000000
2.20500000
2.20500000
2.01000000
2.01000000
2.01000000
2.01000000
1.86500000
1.86500000
1.77500000
1.77500000
1.73000000
1.73000000
1.71000000
1.71000000
1.70000000
1.70000000
1.65000000
1.65000000
1.64000000
1.64000000
1.60000000
1.60000000
1.45000000
1.45000000
1.31000000
1.31000000
1.21500000
1.21500000
1.21500000
1.21500000
0.91000000
0.91000000
0.82000000
0.82000000
0.72500000
0.72500000
0.59000000
0.59000000
0.55000000
0.55000000
0.52000000
0.52000000
0.51000000
0.51000000
0.45500000
0.45500000
0.34500000
0.34500000
0.34000000
0.34000000
0.21500000
0.21500000
0.18000000
0.18000000
0.12500000
0.12500000
0.00500000
0.00500000
0.00500000
0.00500000
6.27000000
6.27000000
6.17000000
6.17000000
6.12500000
6.12500000
6.02500000
6.02500000
6.01500000
6.01500000
5.94000000
5.94000000
5.81500000
5.81500000
5.75000000
5.75000000
5.69000000
5.69000000
5.63500000
5.63500000
5.60500000
5.60500000
5.58000000
5.58000000
5.57500000
5.57500000
5.54500000
5.54500000
5.46000000
5.46000000
5.44500000
5.44500000
5.38500000
5.38500000
5.37500000
5.37500000
5.19000000
5.19000000
5.15500000
5.15500000
5.10000000
5.10000000
5.04000000
5.04000000
4.98500000
4.98500000
4.96500000
4.96500000
4.94000000
4.94000000
4.90500000
4.90500000
4.77000000
4.77000000
4.74500000
4.74500000
4.73500000
4.73500000
4.72500000
4.72500000
4.72000000
4.72000000
4.70000000
4.70000000
4.65500000
4.65500000
4.65500000
4.65500000
4.59000000
4.59000000
4.59000000
4.59000000
4.57500000
4.57500000
4.57500000
4.57500000
4.55500000
4.55500000
4.55500000
4.55500000
4.53500000
4.53500000
4.53500000
4.53500000
4.35500000
4.35500000
4.35500000
4.35500000
4.27500000
4.27500000
4.27500000
4.27500000
4.22500000
4.22500000
4.22500000
4.22500000
4.18500000
4.18500000
4.18500000
4.18500000
4.18500000
4.18500000
4.18500000
4.18500000
4.00000000
4.00000000
4.00000000
4.00000000
3.95500000
3.95500000
3.95500000
3.95500000
3.86000000
3.86000000
3.86000000
3.86000000
3.70500000
3.70500000
3.70500000
3.70500000
3.66000000
3.66000000
3.66000000
3.66000000
3.51500000
3.51500000
3.51500000
3.51500000
3.50000000
3.50000000
3.50000000
3.50000000
3.36000000
3.36000000
3.36000000
3.36000000
3.30000000
3.30000000
3.30000000
3.30000000
3.18000000
3.18000000
3.18000000
3.18000000
2.96000000
2.96000000
2.96000000
2.96000000
2.75000000
2.75000000
2.75000000
2.75000000
2.72500000
2.72500000
2.72500000
2.72500000
2.70500000
2.70500000
2.70500000
2.70500000
2.67000000
2.67000000
2.67000000
2.67000000
2.66000000
2.66000000
2.66000000
2.66000000
2.64000000
2.64000000
2.64000000
2.64000000
2.62500000
2.62500000
2.62500000
2.62500000
2.62500000
2.62500000
2.62500000
2.62500000
2.53500000
2.53500000
2.53500000
2.53500000
2.53000000
2.53000000
2.53000000
2.53000000
2.50000000
2.50000000
2.50000000
2.50000000
2.39000000
2.39000000
2.39000000
2.39000000
2.30500000
2.30500000
2.30500000
2.30500000
2.29500000
2.29500000
2.29500000
2.29500000
2.27500000
2.27500000
2.27500000
2.27500000
2.27000000
2.27000000
2.27000000
2.27000000
2.20500000
2.20500000
2.20500000
2.20500000
2.01000000
2.01000000
2.01000000
2.01000000
2.01000000
2.01000000
2.01000000
2.01000000
1.86500000
1.86500000
1.86500000
1.86500000
1.77500000
1.77500000
1.77500000
1.77500000
1.73000000
1.73000000
1.73000000
1.73000000
1.71000000
1.71000000
1.71000000
1.71000000
1.70000000
1.70000000
1.70000000
1.70000000
1.65000000
1.65000000
1.65000000
1.65000000
1.64000000
1.64000000
1.64000000
1.64000000
1.60000000
1.60000000
1.60000000
1.60000000
1.45000000
1.45000000
1.45000000
1.45000000
1.31000000
1.31000000
1.31000000
1.31000000
1.21500000
1.21500000
1.21500000
1.21500000
1.21500000
1.21500000
1.21500000
1.21500000
0.91000000
0.91000000
0.91000000
0.91000000
0.82000000
0.82000000
0.82000000
0.82000000
0.72500000
0.72500000
0.72500000
0.72500000
0.59000000
0.59000000
0.59000000
0.59000000
0.55000000
0.55000000
0.55000000
0.55000000
0.52000000
0.52000000
0.52000000
0.52000000
0.51000000
0.51000000
0.51000000
0.51000000
0.45500000
0.45500000
0.45500000
0.45500000
0.34500000
0.34500000
0.34500000
0.34500000
0.34000000
0.34000000
0.34000000
0.34000000
0.21500000
0.21500000
0.21500000
0.21500000
0.18000000
0.18000000
0.18000000
0.18000000
0.12500000
0.12500000
0.12500000
0.12500000
0.00500000
0.00500000
0.00500000
0.00500000
0.00500000
0.00500000
0.00500000
0.00500000
