2.87500000
0.37500000
5.40000000
3.02000000
3.16500000
3.54000000
4.42500000
0.05500000
0.16500000
4.15500000
0.71500000
2.14000000
1.69000000
5.71000000
0.93000000
2.99000000
4.52000000
3.70500000
4.91500000
5.35000000
2.13500000
2.86000000
2.07000000
5.15000000
2.80000000
0.04000000
5.71000000
1.99000000
2.99500000
2.16000000
4.21000000
1.60000000
2.38000000
6.23500000
5.90500000
2.96000000
1.77000000
2.18500000
2.60500000
6.23000000
4.22000000
2.79000000
2.32000000
4.91500000
0.07500000
3.10500000
6.09000000
0.59500000
3.88000000
3.35500000
5.99500000
5.41000000
6.00500000
5.47500000
2.51500000
1.60000000
5.56500000
4.25000000
3.05000000
0.77500000
3.82500000
1.27500000
2.45500000
5.97500000
2.57000000
3.70500000
3.23000000
3.91500000
4.29000000
5.43000000
2.40000000
1.12000000
5.30000000
3.43000000
2.11500000
5.34000000
1.95000000
3.44000000
2.35500000
4.61000000
0.04000000
1.07500000
5.01000000
0.08500000
1.97000000
3.68500000
0.14000000
6.20000000
4.04500000
1.37000000
1.41500000
5.97000000
0.91500000
1.64000000
0.12000000
2.07000000
2.15000000
3.58500000
2.00500000
4.04000000
2.00500000
1.99000000
1.97000000
1.95000000
1.77000000
1.69000000
1.64000000
1.60000000
1.60000000
1.41500000
1.37000000
1.27500000
1.12000000
1.07500000
0.93000000
0.91500000
0.77500000
0.71500000
0.59500000
0.37500000
0.16500000
0.14000000
0.12000000
0.08500000
0.07500000
0.05500000
0.04000000
0.04000000
6.23500000
6.23000000
6.20000000
6.09000000
6.00500000
5.99500000
5.97500000
5.97000000
5.90500000
5.71000000
5.71000000
5.56500000
5.47500000
5.43000000
5.41000000
5.40000000
5.35000000
5.34000000
5.30000000
5.15000000
5.01000000
4.91500000
4.91500000
4.61000000
4.52000000
4.42500000
4.29000000
4.25000000
4.22000000
4.21000000
4.15500000
4.04500000
4.04000000
3.91500000
3.88000000
3.82500000
3.70500000
3.70500000
3.68500000
3.58500000
3.54000000
3.44000000
3.43000000
3.35500000
3.23000000
3.16500000
3.10500000
3.05000000
3.02000000
2.99500000
2.99000000
2.96000000
2.87500000
2.86000000
2.80000000
2.79000000
2.60500000
2.57000000
2.51500000
2.45500000
2.40000000
2.38000000
2.35500000
2.32000000
2.18500000
2.16000000
2.15000000
2.14000000
2.13500000
2.11500000
2.07000000
2.07000000
2.00500000
2.00500000
1.99000000
1.99000000
1.97000000
1.97000000
1.95000000
1.95000000
1.77000000
1.77000000
1.69000000
1.69000000
1.64000000
1.64000000
1.60000000
1.60000000
1.60000000
1.60000000
1.41500000
1.41500000
1.37000000
1.37000000
1.27500000
1.27500000
1.12000000
1.12000000
1.07500000
1.07500000
0.93000000
0.93000000
0.91500000
0.91500000
0.77500000
0.77500000
0.71500000
0.71500000
0.59500000
0.59500000
0.37500000
0.37500000
0.16500000
0.16500000
0.14000000
0.14000000
0.12000000
0.12000000
0.08500000
0.08500000
0.07500000
0.07500000
0.05500000
0.05500000
0.04000000
0.04000000
0.04000000
0.04000000
6.23500000
6.23500000
6.23000000
6.23000000
6.20000000
6.20000000
6.09000000
6.09000000
6.00500000
6.00500000
5.99500000
5.99500000
5.97500000
5.97500000
5.97000000
5.97000000
5.90500000
5.90500000
5.71000000
5.71000000
5.71000000
5.71000000
5.56500000
5.56500000
5.47500000
5.47500000
5.43000000
5.43000000
5.41000000
5.41000000
5.40000000
5.40000000
5.35000000
5.35000000
5.34000000
5.34000000
5.30000000
5.30000000
5.15000000
5.15000000
5.01000000
5.01000000
4.91500000
4.91500000
4.91500000
4.91500000
4.61000000
4.61000000
4.52000000
4.52000000
4.42500000
4.42500000
4.29000000
4.29000000
4.25000000
4.25000000
4.22000000
4.22000000
4.21000000
4.21000000
4.15500000
4.15500000
4.04500000
4.04500000
4.04000000
4.04000000
3.91500000
3.91500000
3.88000000
3.88000000
3.82500000
3.82500000
3.70500000
3.70500000
3.70500000
3.70500000
3.68500000
3.68500000
3.58500000
3.58500000
3.54000000
3.54000000
3.44000000
3.44000000
3.43000000
3.43000000
3.35500000
3.35500000
3.23000000
3.23000000
3.16500000
3.16500000
3.10500000
3.10500000
3.05000000
3.05000000
3.02000000
3.02000000
2.99500000
2.99500000
2.99000000
2.99000000
2.96000000
2.96000000
2.87500000
2.87500000
2.86000000
2.86000000
2.80000000
2.80000000
2.79000000
2.79000000
2.60500000
2.60500000
2.57000000
2.57000000
2.51500000
2.51500000
2.45500000
2.45500000
2.40000000
2.40000000
2.38000000
2.38000000
2.35500000
2.35500000
2.32000000
2.32000000
2.18500000
2.18500000
2.16000000
2.16000000
2.15000000
2.15000000
2.14000000
2.14000000
2.13500000
2.13500000
2.11500000
2.11500000
2.07000000
2.07000000
2.07000000
2.07000000
2.00500000
2.00500000
2.00500000
2.00500000
1.99000000
1.99000000
1.99000000
1.99000000
1.97000000
1.97000000
1.97000000
1.97000000
1.95000000
1.95000000
1.95000000
1.95000000
1.77000000
1.77000000
1.77000000
1.77000000
1.69000000
1.69000000
1.69000000
1.69000000
1.64000000
1.64000000
1.64000000
1.64000000
1.60000000
1.60000000
1.60000000
1.60000000
1.60000000
1.60000000
1.60000000
1.60000000
1.41500000
1.41500000
1.41500000
1.41500000
1.37000000
1.37000000
1.37000000
1.37000000
1.27500000
1.27500000
1.27500000
1.27500000
1.12000000
1.12000000
1.12000000
1.12000000
1.07500000
1.07500000
1.07500000
1.07500000
0.93000000
0.93000000
0.93000000
0.93000000
0.91500000
0.91500000
0.91500000
0.91500000
0.77500000
0.77500000
0.77500000
0.77500000
0.71500000
0.71500000
0.71500000
0.71500000
0.59500000
0.59500000
0.59500000
0.59500000
0.37500000
0.37500000
0.37500000
0.37500000
0.16500000
0.16500000
0.16500000
0.16500000
0.14000000
0.14000000
0.14000000
0.14000000
0.12000000
0.12000000
0.12000000
0.12000000
0.08500000
0.08500000
0.08500000
0.08500000
0.07500000
0.07500000
0.07500000
0.07500000
0.05500000
0.05500000
0.05500000
0.05500000
0.04000000
0.04000000
0.04000000
0.04000000
0.04000000
0.04000000
0.04000000
0.04000000
6.23500000
6.23500000
6.23500000
6.23500000
6.23000000
6.23000000
6.23000000
6.23000000
6.20000000
6.20000000
6.20000000
6.20000000
6.09000000
6.09000000
6.09000000
6.09000000
6.00500000
6.00500000
6.00500000
6.00500000
5.99500000
5.99500000
5.99500000
5.99500000
5.97500000
5.97500000
5.97500000
5.97500000
5.97000000
5.97000000
5.97000000
5.97000000
5.90500000
5.90500000
5.90500000
5.90500000
5.71000000
5.71000000
5.71000000
5.71000000
5.71000000
5.71000000
5.71000000
5.71000000
5.56500000
5.56500000
5.56500000
5.56500000
5.47500000
5.47500000
5.47500000
5.47500000
5.43000000
5.43000000
5.43000000
5.43000000
5.41000000
5.41000000
5.41000000
5.41000000
5.40000000
5.40000000
5.40000000
5.40000000
5.35000000
5.35000000
5.35000000
5.35000000
5.34000000
5.34000000
5.34000000
5.34000000
5.30000000
5.30000000
5.30000000
5.30000000
5.15000000
5.15000000
5.15000000
5.15000000
5.01000000
5.01000000
5.01000000
5.01000000
4.91500000
4.91500000
4.91500000
4.91500000
4.91500000
4.91500000
4.91500000
4.91500000
4.61000000
4.61000000
4.61000000
4.61000000
4.52000000
4.52000000
4.52000000
4.52000000
4.42500000
4.42500000
4.42500000
4.42500000
4.29000000
4.29000000
4.29000000
4.29000000
4.25000000
4.25000000
4.25000000
4.25000000
4.22000000
4.22000000
4.22000000
4.22000000
4.21000000
4.21000000
4.21000000
4.21000000
4.15500000
4.15500000
4.15500000
4.15500000
4.04500000
4.04500000
4.04500000
4.04500000
4.04000000
4.04000000
4.04000000
4.04000000
3.91500000
3.91500000
3.91500000
3.91500000
3.88000000
3.88000000
3.88000000
3.88000000
3.82500000
3.82500000
3.82500000
3.82500000
3.70500000
3.70500000
3.70500000
3.70500000
3.70500000
3.70500000
3.70500000
3.70500000
3.68500000
3.68500000
3.68500000
3.68500000
3.58500000
3.58500000
3.58500000
3.58500000
3.54000000
3.54000000
3.54000000
3.54000000
3.44000000
3.44000000
3.44000000
3.44000000
3.43000000
3.43000000
3.43000000
3.43000000
3.35500000
3.35500000
3.35500000
3.35500000
3.23000000
3.23000000
3.23000000
3.23000000
3.16500000
3.16500000
3.16500000
3.16500000
3.10500000
3.10500000
3.10500000
3.10500000
3.05000000
3.05000000
3.05000000
3.05000000
3.02000000
3.02000000
3.02000000
3.02000000
2.99500000
2.99500000
2.99500000
2.99500000
2.99000000
2.99000000
2.99000000
2.99000000
2.96000000
2.96000000
2.96000000
2.96000000
2.87500000
2.87500000
2.87500000
2.87500000
2.86000000
2.86000000
2.86000000
2.86000000
2.80000000
2.80000000
2.80000000
2.80000000
2.79000000
2.79000000
2.79000000
2.79000000
2.60500000
2.60500000
2.60500000
2.60500000
2.57000000
2.57000000
2.57000000
2.57000000
2.51500000
2.51500000
2.51500000
2.51500000
2.45500000
2.45500000
2.45500000
2.45500000
2.40000000
2.40000000
2.40000000
2.40000000
2.38000000
2.38000000
2.38000000
2.38000000
2.35500000
2.35500000
2.35500000
2.35500000
2.32000000
2.32000000
2.32000000
2.32000000
2.18500000
2.18500000
2.18500000
2.18500000
2.16000000
2.16000000
2.16000000
2.16000000
2.15000000
2.15000000
2.15000000
2.15000000
2.14000000
2.14000000
2.14000000
2.14000000
2.13500000
2.13500000
2.13500000
2.13500000
2.11500000
2.11500000
2.11500000
2.11500000
2.07000000
2.07000000
2.07000000
2.07000000
2.07000000
2.07000000
2.07000000
2.07000000
2.00500000
2.00500000
2.00500000
2.00500000
2.00500000
2.00500000
2.00500000
2.00500000
1.99000000
1.99000000
1.99000000
1.99000000
1.99000000
1.99000000
1.99000000
1.99000000
1.97000000
1.97000000
1.97000000
1.97000000
1.97000000
1.97000000
1.97000000
1.97000000
1.95000000
1.95000000
1.95000000
1.95000000
1.95000000
1.95000000
1.95000000
1.95000000
1.77000000
1.77000000
1.77000000
1.77000000
1.77000000
1.77000000
1.77000000
1.77000000
1.69000000
1.69000000
1.69000000
1.69000000
1.69000000
1.69000000
1.69000000
1.69000000
1.64000000
1.64000000
1.64000000
1.64000000
1.64000000
1.64000000
1.64000000
1.64000000
1.60000000
1.60000000
1.60000000
1.60000000
1.60000000
1.60000000
1.60000000
1.60000000
1.60000000
1.60000000
1.60000000
1.60000000
1.60000000
1.60000000
1.60000000
1.60000000
1.41500000
1.41500000
1.41500000
1.41500000
1.41500000
1.41500000
1.41500000
1.41500000
1.37000000
1.37000000
1.37000000
1.37000000
1.37000000
1.37000000
1.37000000
1.37000000
1.27500000
1.27500000
1.27500000
1.27500000
1.27500000
1.27500000
1.27500000
1.27500000
1.12000000
1.12000000
1.12000000
1.12000000
1.12000000
1.12000000
1.12000000
1.12000000
1.07500000
1.07500000
1.07500000
1.07500000
1.07500000
1.07500000
1.07500000
1.07500000
0.93000000
0.93000000
0.93000000
0.93000000
0.93000000
0.93000000
0.93000000
0.93000000
0.91500000
0.91500000
0.91500000
0.91500000
0.91500000
0.91500000
0.91500000
0.91500000
0.77500000
0.77500000
0.77500000
0.77500000
0.77500000
0.77500000
0.77500000
0.77500000
0.71500000
0.71500000
0.71500000
0.71500000
0.71500000
0.71500000
0.71500000
0.71500000
0.59500000
0.59500000
0.59500000
0.59500000
0.59500000
0.59500000
0.59500000
0.59500000
0.37500000
0.37500000
0.37500000
0.37500000
0.37500000
0.37500000
0.37500000
0.37500000
0.16500000
0.16500000
0.16500000
0.16500000
0.16500000
0.16500000
0.16500000
0.16500000
0.14000000
0.14000000
0.14000000
0.14000000
0.14000000
0.14000000
0.14000000
0.14000000
0.12000000
0.12000000
0.12000000
0.12000000
0.12000000
0.12000000
0.12000000
0.12000000
0.08500000
0.08500000
0.08500000
0.08500000
0.08500000
0.08500000
0.08500000
0.08500000
0.07500000
0.07500000
0.07500000
0.07500000
0.07500000
0.07500000
0.07500000
0.07500000
0.05500000
0.05500000
0.05500000
0.05500000
0.05500000
0.05500000
0.05500000
0.05500000
0.04000000
0.04000000
0.04000000
0.04000000
0.04000000
0.04000000
0.04000000
0.04000000
0.04000000
0.04000000
0.04000000
0.04000000
0.04000000
0.04000000
0.04000000
0.04000000
