2.06000000
5.84500000
4.58500000
2.20500000
2.35000000
2.72500000
3.61000000
5.52500000
5.63500000
3.34000000
6.18500000
1.32500000
0.87500000
4.89500000
0.11500000
2.17500000
3.70500000
2.89000000
4.10000000
4.53500000
1.32000000
2.04500000
1.25500000
4.33500000
1.98500000
5.51000000
4.89500000
1.17500000
2.18000000
1.34500000
3.39500000
0.78500000
1.56500000
5.42000000
5.09000000
2.14500000
0.95500000
1.37000000
1.79000000
5.41500000
3.40500000
1.97500000
1.50500000
4.10000000
5.54500000
2.29000000
5.27500000
6.06500000
3.06500000
2.54000000
5.18000000
4.59500000
5.19000000
4.66000000
1.70000000
0.78500000
4.75000000
3.43500000
2.23500000
6.24500000
3.01000000
0.46000000
1.64000000
5.16000000
1.75500000
2.89000000
2.41500000
3.10000000
3.47500000
4.61500000
1.58500000
0.30500000
4.48500000
2.61500000
1.30000000
4.52500000
1.13500000
2.62500000
1.54000000
3.79500000
5.51000000
0.26000000
4.19500000
5.55500000
1.15500000
2.87000000
5.61000000
5.38500000
3.23000000
0.55500000
0.60000000
5.15500000
0.10000000
0.82500000
5.59000000
1.25500000
1.33500000
2.77000000
1.19000000
3.22500000
1.19000000
1.17500000
1.15500000
1.13500000
0.95500000
0.87500000
0.82500000
0.78500000
0.78500000
0.60000000
0.55500000
0.46000000
0.30500000
0.26000000
0.11500000
0.10000000
6.24500000
6.18500000
6.06500000
5.84500000
5.63500000
5.61000000
5.59000000
5.55500000
5.54500000
5.52500000
5.51000000
5.51000000
5.42000000
5.41500000
5.38500000
5.27500000
5.19000000
5.18000000
5.16000000
5.15500000
5.09000000
4.89500000
4.89500000
4.75000000
4.66000000
4.61500000
4.59500000
4.58500000
4.53500000
4.52500000
4.48500000
4.33500000
4.19500000
4.10000000
4.10000000
3.79500000
3.70500000
3.61000000
3.47500000
3.43500000
3.40500000
3.39500000
3.34000000
3.23000000
3.22500000
3.10000000
3.06500000
3.01000000
2.89000000
2.89000000
2.87000000
2.77000000
2.72500000
2.62500000
2.61500000
2.54000000
2.41500000
2.35000000
2.29000000
2.23500000
2.20500000
2.18000000
2.17500000
2.14500000
2.06000000
2.04500000
1.98500000
1.97500000
1.79000000
1.75500000
1.70000000
1.64000000
1.58500000
1.56500000
1.54000000
1.50500000
1.37000000
1.34500000
1.33500000
1.32500000
1.32000000
1.30000000
1.25500000
1.25500000
1.19000000
1.19000000
1.17500000
1.17500000
1.15500000
1.15500000
1.13500000
1.13500000
0.95500000
0.95500000
0.87500000
0.87500000
0.82500000
0.82500000
0.78500000
0.78500000
0.78500000
0.78500000
0.60000000
0.60000000
0.55500000
0.55500000
0.46000000
0.46000000
0.30500000
0.30500000
0.26000000
0.26000000
0.11500000
0.11500000
0.10000000
0.10000000
6.24500000
6.24500000
6.18500000
6.18500000
6.06500000
6.06500000
5.84500000
5.84500000
5.63500000
5.63500000
5.61000000
5.61000000
5.59000000
5.59000000
5.55500000
5.55500000
5.54500000
5.54500000
5.52500000
5.52500000
5.51000000
5.51000000
5.51000000
5.51000000
5.42000000
5.42000000
5.41500000
5.41500000
5.38500000
5.38500000
5.27500000
5.27500000
5.19000000
5.19000000
5.18000000
5.18000000
5.16000000
5.16000000
5.15500000
5.15500000
5.09000000
5.09000000
4.89500000
4.89500000
4.89500000
4.89500000
4.75000000
4.75000000
4.66000000
4.66000000
4.61500000
4.61500000
4.59500000
4.59500000
4.58500000
4.58500000
4.53500000
4.53500000
4.52500000
4.52500000
4.48500000
4.48500000
4.33500000
4.33500000
4.19500000
4.19500000
4.10000000
4.10000000
4.10000000
4.10000000
3.79500000
3.79500000
3.70500000
3.70500000
3.61000000
3.61000000
3.47500000
3.47500000
3.43500000
3.43500000
3.40500000
3.40500000
3.39500000
3.39500000
3.34000000
3.34000000
3.23000000
3.23000000
3.22500000
3.22500000
3.10000000
3.10000000
3.06500000
3.06500000
3.01000000
3.01000000
2.89000000
2.89000000
2.89000000
2.89000000
2.87000000
2.87000000
2.77000000
2.77000000
2.72500000
2.72500000
2.62500000
2.62500000
2.61500000
2.61500000
2.54000000
2.54000000
2.41500000
2.41500000
2.35000000
2.35000000
2.29000000
2.29000000
2.23500000
2.23500000
2.20500000
2.20500000
2.18000000
2.18000000
2.17500000
2.17500000
2.14500000
2.14500000
2.06000000
2.06000000
2.04500000
2.04500000
1.98500000
1.98500000
1.97500000
1.97500000
1.79000000
1.79000000
1.75500000
1.75500000
1.70000000
1.70000000
1.64000000
1.64000000
1.58500000
1.58500000
1.56500000
1.56500000
1.54000000
1.54000000
1.50500000
1.50500000
1.37000000
1.37000000
1.34500000
1.34500000
1.33500000
1.33500000
1.32500000
1.32500000
1.32000000
1.32000000
1.30000000
1.30000000
1.25500000
1.25500000
1.25500000
1.25500000
1.19000000
1.19000000
1.19000000
1.19000000
1.17500000
1.17500000
1.17500000
1.17500000
1.15500000
1.15500000
1.15500000
1.15500000
1.13500000
1.13500000
1.13500000
1.13500000
0.95500000
0.95500000
0.95500000
0.95500000
0.87500000
0.87500000
0.87500000
0.87500000
0.82500000
0.82500000
0.82500000
0.82500000
0.78500000
0.78500000
0.78500000
0.78500000
0.78500000
0.78500000
0.78500000
0.78500000
0.60000000
0.60000000
0.60000000
0.60000000
0.55500000
0.55500000
0.55500000
0.55500000
0.46000000
0.46000000
0.46000000
0.46000000
0.30500000
0.30500000
0.30500000
0.30500000
0.26000000
0.26000000
0.26000000
0.26000000
0.11500000
0.11500000
0.11500000
0.11500000
0.10000000
0.10000000
0.10000000
0.10000000
