2.62500000
0.12500000
5.15000000
2.77000000
2.91500000
3.29000000
4.17500000
6.09000000
6.20000000
3.90500000
0.46500000
1.89000000
1.44000000
5.46000000
0.68000000
2.74000000
4.27000000
3.45500000
4.66500000
5.10000000
1.88500000
2.61000000
1.82000000
4.90000000
2.55000000
6.07500000
5.46000000
1.74000000
2.74500000
1.91000000
3.96000000
1.35000000
2.13000000
5.98500000
5.65500000
2.71000000
1.52000000
1.93500000
2.35500000
5.98000000
3.97000000
2.54000000
2.07000000
4.66500000
6.11000000
2.85500000
5.84000000
0.34500000
3.63000000
3.10500000
5.74500000
5.16000000
5.75500000
5.22500000
2.26500000
1.35000000
5.31500000
4.00000000
2.80000000
0.52500000
3.57500000
1.02500000
2.20500000
5.72500000
2.32000000
3.45500000
2.98000000
3.66500000
4.04000000
5.18000000
2.15000000
0.87000000
5.05000000
3.18000000
1.86500000
5.09000000
1.70000000
3.19000000
2.10500000
4.36000000
6.07500000
0.82500000
4.76000000
6.12000000
1.72000000
3.43500000
6.17500000
5.95000000
3.79500000
1.12000000
1.16500000
5.72000000
0.66500000
1.39000000
6.15500000
1.82000000
1.90000000
3.33500000
1.75500000
3.79000000
1.75500000
1.74000000
1.72000000
1.70000000
1.52000000
1.44000000
1.39000000
1.35000000
1.35000000
1.16500000
1.12000000
1.02500000
0.87000000
0.82500000
0.68000000
0.66500000
0.52500000
0.46500000
0.34500000
0.12500000
6.20000000
6.17500000
6.15500000
6.12000000
6.11000000
6.09000000
6.07500000
6.07500000
5.98500000
5.98000000
5.95000000
5.84000000
5.75500000
5.74500000
5.72500000
5.72000000
5.65500000
5.46000000
5.46000000
5.31500000
5.22500000
5.18000000
5.16000000
5.15000000
5.10000000
5.09000000
5.05000000
4.90000000
4.76000000
4.66500000
4.66500000
4.36000000
4.27000000
4.17500000
4.04000000
4.00000000
3.97000000
3.96000000
3.90500000
3.79500000
3.79000000
3.66500000
3.63000000
3.57500000
3.45500000
3.45500000
3.43500000
3.33500000
3.29000000
3.19000000
3.18000000
3.10500000
2.98000000
2.91500000
2.85500000
2.80000000
2.77000000
2.74500000
2.74000000
2.71000000
2.62500000
2.61000000
2.55000000
2.54000000
2.35500000
2.32000000
2.26500000
2.20500000
2.15000000
2.13000000
2.10500000
2.07000000
1.93500000
1.91000000
1.90000000
1.89000000
1.88500000
1.86500000
1.82000000
1.82000000
1.75500000
1.75500000
1.74000000
1.74000000
1.72000000
1.72000000
1.70000000
1.70000000
1.52000000
1.52000000
1.44000000
1.44000000
1.39000000
1.39000000
1.35000000
1.35000000
1.35000000
1.35000000
1.16500000
1.16500000
1.12000000
1.12000000
1.02500000
1.02500000
0.87000000
0.87000000
0.82500000
0.82500000
0.68000000
0.68000000
0.66500000
0.66500000
0.52500000
0.52500000
0.46500000
0.46500000
0.34500000
0.34500000
0.12500000
0.12500000
6.20000000
6.20000000
6.17500000
6.17500000
6.15500000
6.15500000
6.12000000
6.12000000
6.11000000
6.11000000
6.09000000
6.09000000
6.07500000
6.07500000
6.07500000
6.07500000
5.98500000
5.98500000
5.98000000
5.98000000
5.95000000
5.95000000
5.84000000
5.84000000
5.75500000
5.75500000
5.74500000
5.74500000
5.72500000
5.72500000
5.72000000
5.72000000
5.65500000
5.65500000
5.46000000
5.46000000
5.46000000
5.46000000
5.31500000
5.31500000
5.22500000
5.22500000
5.18000000
5.18000000
5.16000000
5.16000000
5.15000000
5.15000000
5.10000000
5.10000000
5.09000000
5.09000000
5.05000000
5.05000000
4.90000000
4.90000000
4.76000000
4.76000000
4.66500000
4.66500000
4.66500000
4.66500000
4.36000000
4.36000000
4.27000000
4.27000000
4.17500000
4.17500000
4.04000000
4.04000000
4.00000000
4.00000000
3.97000000
3.97000000
3.96000000
3.96000000
3.90500000
3.90500000
3.79500000
3.79500000
3.79000000
3.79000000
3.66500000
3.66500000
3.63000000
3.63000000
3.57500000
3.57500000
3.45500000
3.45500000
3.45500000
3.45500000
3.43500000
3.43500000
3.33500000
3.33500000
3.29000000
3.29000000
3.19000000
3.19000000
3.18000000
3.18000000
3.10500000
3.10500000
2.98000000
2.98000000
2.91500000
2.91500000
2.85500000
2.85500000
2.80000000
2.80000000
2.77000000
2.77000000
2.74500000
2.74500000
2.74000000
2.74000000
2.71000000
2.71000000
2.62500000
2.62500000
2.61000000
2.61000000
2.55000000
2.55000000
2.54000000
2.54000000
2.35500000
2.35500000
2.32000000
2.32000000
2.26500000
2.26500000
2.20500000
2.20500000
2.15000000
2.15000000
2.13000000
2.13000000
2.10500000
2.10500000
2.07000000
2.07000000
1.93500000
1.93500000
1.91000000
1.91000000
1.90000000
1.90000000
1.89000000
1.89000000
1.88500000
1.88500000
1.86500000
1.86500000
1.82000000
1.82000000
1.82000000
1.82000000
1.75500000
1.75500000
1.75500000
1.75500000
1.74000000
1.74000000
1.74000000
1.74000000
1.72000000
1.72000000
1.72000000
1.72000000
1.70000000
1.70000000
1.70000000
1.70000000
1.52000000
1.52000000
1.52000000
1.52000000
1.44000000
1.44000000
1.44000000
1.44000000
1.39000000
1.39000000
1.39000000
1.39000000
1.35000000
1.35000000
1.35000000
1.35000000
1.35000000
1.35000000
1.35000000
1.35000000
1.16500000
1.16500000
1.16500000
1.16500000
1.12000000
1.12000000
1.12000000
1.12000000
1.02500000
1.02500000
1.02500000
1.02500000
0.87000000
0.87000000
0.87000000
0.87000000
0.82500000
0.82500000
0.82500000
0.82500000
0.68000000
0.68000000
0.68000000
0.68000000
0.66500000
0.66500000
0.66500000
0.66500000
0.52500000
0.52500000
0.52500000
0.52500000
0.46500000
0.46500000
0.46500000
0.46500000
0.34500000
0.34500000
0.34500000
0.34500000
0.12500000
0.12500000
0.12500000
0.12500000
6.20000000
6.20000000
6.20000000
6.20000000
6.17500000
6.17500000
6.17500000
6.17500000
6.15500000
6.15500000
6.15500000
6.15500000
6.12000000
6.12000000
6.12000000
6.12000000
6.11000000
6.11000000
6.11000000
6.11000000
6.09000000
6.09000000
6.09000000
6.09000000
6.07500000
6.07500000
6.07500000
6.07500000
6.07500000
6.07500000
6.07500000
6.07500000
5.98500000
5.98500000
5.98500000
5.98500000
5.98000000
5.98000000
5.98000000
5.98000000
5.95000000
5.95000000
5.95000000
5.95000000
5.84000000
5.84000000
5.84000000
5.84000000
5.75500000
5.75500000
5.75500000
5.75500000
5.74500000
5.74500000
5.74500000
5.74500000
5.72500000
5.72500000
5.72500000
5.72500000
5.72000000
5.72000000
5.72000000
5.72000000
5.65500000
5.65500000
5.65500000
5.65500000
5.46000000
5.46000000
5.46000000
5.46000000
5.46000000
5.46000000
5.46000000
5.46000000
5.31500000
5.31500000
5.31500000
5.31500000
5.22500000
5.22500000
5.22500000
5.22500000
5.18000000
5.18000000
5.18000000
5.18000000
5.16000000
5.16000000
5.16000000
5.16000000
5.15000000
5.15000000
5.15000000
5.15000000
5.10000000
5.10000000
5.10000000
5.10000000
5.09000000
5.09000000
5.09000000
5.09000000
5.05000000
5.05000000
5.05000000
5.05000000
4.90000000
4.90000000
4.90000000
4.90000000
4.76000000
4.76000000
4.76000000
4.76000000
4.66500000
4.66500000
4.66500000
4.66500000
4.66500000
4.66500000
4.66500000
4.66500000
4.36000000
4.36000000
4.36000000
4.36000000
4.27000000
4.27000000
4.27000000
4.27000000
4.17500000
4.17500000
4.17500000
4.17500000
4.04000000
4.04000000
4.04000000
4.04000000
4.00000000
4.00000000
4.00000000
4.00000000
3.97000000
3.97000000
3.97000000
3.97000000
3.96000000
3.96000000
3.96000000
3.96000000
3.90500000
3.90500000
3.90500000
3.90500000
3.79500000
3.79500000
3.79500000
3.79500000
3.79000000
3.79000000
3.79000000
3.79000000
3.66500000
3.66500000
3.66500000
3.66500000
3.63000000
3.63000000
3.63000000
3.63000000
3.57500000
3.57500000
3.57500000
3.57500000
3.45500000
3.45500000
3.45500000
3.45500000
3.45500000
3.45500000
3.45500000
3.45500000
3.43500000
3.43500000
3.43500000
3.43500000
3.33500000
3.33500000
3.33500000
3.33500000
3.29000000
3.29000000
3.29000000
3.29000000
3.19000000
3.19000000
3.19000000
3.19000000
3.18000000
3.18000000
3.18000000
3.18000000
3.10500000
3.10500000
3.10500000
3.10500000
2.98000000
2.98000000
2.98000000
2.98000000
2.91500000
2.91500000
2.91500000
2.91500000
2.85500000
2.85500000
2.85500000
2.85500000
2.80000000
2.80000000
2.80000000
2.80000000
2.77000000
2.77000000
2.77000000
2.77000000
2.74500000
2.74500000
2.74500000
2.74500000
2.74000000
2.74000000
2.74000000
2.74000000
2.71000000
2.71000000
2.71000000
2.71000000
2.62500000
2.62500000
2.62500000
2.62500000
2.61000000
2.61000000
2.61000000
2.61000000
2.55000000
2.55000000
2.55000000
2.55000000
2.54000000
2.54000000
2.54000000
2.54000000
2.35500000
2.35500000
2.35500000
2.35500000
2.32000000
2.32000000
2.32000000
2.32000000
2.26500000
2.26500000
2.26500000
2.26500000
2.20500000
2.20500000
2.20500000
2.20500000
2.15000000
2.15000000
2.15000000
2.15000000
2.13000000
2.13000000
2.13000000
2.13000000
2.10500000
2.10500000
2.10500000
2.10500000
2.07000000
2.07000000
2.07000000
2.07000000
1.93500000
1.93500000
1.93500000
1.93500000
1.91000000
1.91000000
1.91000000
1.91000000
1.90000000
1.90000000
1.90000000
1.90000000
1.89000000
1.89000000
1.89000000
1.89000000
1.88500000
1.88500000
1.88500000
1.88500000
1.86500000
1.86500000
1.86500000
1.86500000
1.82000000
1.82000000
1.82000000
1.82000000
1.82000000
1.82000000
1.82000000
1.82000000
1.75500000
1.75500000
1.75500000
1.75500000
1.75500000
1.75500000
1.75500000
1.75500000
1.74000000
1.74000000
1.74000000
1.74000000
1.74000000
1.74000000
1.74000000
1.74000000
1.72000000
1.72000000
1.72000000
1.72000000
1.72000000
1.72000000
1.72000000
1.72000000
1.70000000
1.70000000
1.70000000
1.70000000
1.70000000
1.70000000
1.70000000
1.70000000
1.52000000
1.52000000
1.52000000
1.52000000
1.52000000
1.52000000
1.52000000
1.52000000
1.44000000
1.44000000
1.44000000
1.44000000
1.44000000
1.44000000
1.44000000
1.44000000
1.39000000
1.39000000
1.39000000
1.39000000
1.39000000
1.39000000
1.39000000
1.39000000
1.35000000
1.35000000
1.35000000
1.35000000
1.35000000
1.35000000
1.35000000
1.35000000
1.35000000
1.35000000
1.35000000
1.35000000
1.35000000
1.35000000
1.35000000
1.35000000
1.16500000
1.16500000
1.16500000
1.16500000
1.16500000
1.16500000
1.16500000
1.16500000
1.12000000
1.12000000
1.12000000
1.12000000
1.12000000
1.12000000
1.12000000
1.12000000
1.02500000
1.02500000
1.02500000
1.02500000
1.02500000
1.02500000
1.02500000
1.02500000
0.87000000
0.87000000
0.87000000
0.87000000
0.87000000
0.87000000
0.87000000
0.87000000
0.82500000
0.82500000
0.82500000
0.82500000
0.82500000
0.82500000
0.82500000
0.82500000
0.68000000
0.68000000
0.68000000
0.68000000
0.68000000
0.68000000
0.68000000
0.68000000
0.66500000
0.66500000
0.66500000
0.66500000
0.66500000
0.66500000
0.66500000
0.66500000
0.52500000
0.52500000
0.52500000
0.52500000
0.52500000
0.52500000
0.52500000
0.52500000
0.46500000
0.46500000
0.46500000
0.46500000
0.46500000
0.46500000
0.46500000
0.46500000
0.34500000
0.34500000
0.34500000
0.34500000
0.34500000
0.34500000
0.34500000
0.34500000
0.12500000
0.12500000
0.12500000
0.12500000
0.12500000
0.12500000
0.12500000
0.12500000
