4.39500000
1.89500000
0.63500000
4.54000000
4.68500000
5.06000000
5.94500000
1.57500000
1.68500000
5.67500000
2.23500000
3.66000000
3.21000000
0.94500000
2.45000000
4.51000000
6.04000000
5.22500000
0.15000000
0.58500000
3.65500000
4.38000000
3.59000000
0.38500000
4.32000000
1.56000000
0.94500000
3.51000000
4.51500000
3.68000000
5.73000000
3.12000000
3.90000000
1.47000000
1.14000000
4.48000000
3.29000000
3.70500000
4.12500000
1.46500000
5.74000000
4.31000000
3.84000000
0.15000000
1.59500000
4.62500000
1.32500000
2.11500000
5.40000000
4.87500000
1.23000000
0.64500000
1.24000000
0.71000000
4.03500000
3.12000000
0.80000000
5.77000000
4.57000000
2.29500000
5.34500000
2.79500000
3.97500000
1.21000000
4.09000000
5.22500000
4.75000000
5.43500000
5.81000000
0.66500000
3.92000000
2.64000000
0.53500000
4.95000000
3.63500000
0.57500000
3.47000000
4.96000000
3.87500000
6.13000000
1.56000000
2.59500000
0.24500000
1.60500000
3.49000000
5.20500000
1.66000000
1.43500000
5.56500000
2.89000000
2.93500000
1.20500000
2.43500000
3.16000000
1.64000000
3.59000000
3.67000000
5.10500000
3.52500000
5.56000000
3.52500000
3.51000000
3.49000000
3.47000000
3.29000000
3.21000000
3.16000000
3.12000000
3.12000000
2.93500000
2.89000000
2.79500000
2.64000000
2.59500000
2.45000000
2.43500000
2.29500000
2.23500000
2.11500000
1.89500000
1.68500000
1.66000000
1.64000000
1.60500000
1.59500000
1.57500000
1.56000000
1.56000000
1.47000000
1.46500000
1.43500000
1.32500000
1.24000000
1.23000000
1.21000000
1.20500000
1.14000000
0.94500000
0.94500000
0.80000000
0.71000000
0.66500000
0.64500000
0.63500000
0.58500000
0.57500000
0.53500000
0.38500000
0.24500000
0.15000000
0.15000000
6.13000000
6.04000000
5.94500000
5.81000000
5.77000000
5.74000000
5.73000000
5.67500000
5.56500000
5.56000000
5.43500000
5.40000000
5.34500000
5.22500000
5.22500000
5.20500000
5.10500000
5.06000000
4.96000000
4.95000000
4.87500000
4.75000000
4.68500000
4.62500000
4.57000000
4.54000000
4.51500000
4.51000000
4.48000000
4.39500000
4.38000000
4.32000000
4.31000000
4.12500000
4.09000000
4.03500000
3.97500000
3.92000000
3.90000000
3.87500000
3.84000000
3.70500000
3.68000000
3.67000000
3.66000000
3.65500000
3.63500000
3.59000000
3.59000000
3.52500000
3.52500000
3.51000000
3.51000000
3.49000000
3.49000000
3.47000000
3.47000000
3.29000000
3.29000000
3.21000000
3.21000000
3.16000000
3.16000000
3.12000000
3.12000000
3.12000000
3.12000000
2.93500000
2.93500000
2.89000000
2.89000000
2.79500000
2.79500000
2.64000000
2.64000000
2.59500000
2.59500000
2.45000000
2.45000000
2.43500000
2.43500000
2.29500000
2.29500000
2.23500000
2.23500000
2.11500000
2.11500000
1.89500000
1.89500000
1.68500000
1.68500000
1.66000000
1.66000000
1.64000000
1.64000000
1.60500000
1.60500000
1.59500000
1.59500000
1.57500000
1.57500000
1.56000000
1.56000000
1.56000000
1.56000000
1.47000000
1.47000000
1.46500000
1.46500000
1.43500000
1.43500000
1.32500000
1.32500000
1.24000000
1.24000000
1.23000000
1.23000000
1.21000000
1.21000000
1.20500000
1.20500000
1.14000000
1.14000000
0.94500000
0.94500000
0.94500000
0.94500000
0.80000000
0.80000000
0.71000000
0.71000000
0.66500000
0.66500000
0.64500000
0.64500000
0.63500000
0.63500000
0.58500000
0.58500000
0.57500000
0.57500000
0.53500000
0.53500000
0.38500000
0.38500000
0.24500000
0.24500000
0.15000000
0.15000000
0.15000000
0.15000000
