3.64500000
1.14500000
6.17000000
3.79000000
3.93500000
4.31000000
5.19500000
0.82500000
0.93500000
4.92500000
1.48500000
2.91000000
2.46000000
0.19500000
1.70000000
3.76000000
5.29000000
4.47500000
5.68500000
6.12000000
2.90500000
3.63000000
2.84000000
5.92000000
3.57000000
0.81000000
0.19500000
2.76000000
3.76500000
2.93000000
4.98000000
2.37000000
3.15000000
0.72000000
0.39000000
3.73000000
2.54000000
2.95500000
3.37500000
0.71500000
4.99000000
3.56000000
3.09000000
5.68500000
0.84500000
3.87500000
0.57500000
1.36500000
4.65000000
4.12500000
0.48000000
6.18000000
0.49000000
6.24500000
3.28500000
2.37000000
0.05000000
5.02000000
3.82000000
1.54500000
4.59500000
2.04500000
3.22500000
0.46000000
3.34000000
4.47500000
4.00000000
4.68500000
5.06000000
6.20000000
3.17000000
1.89000000
6.07000000
4.20000000
2.88500000
6.11000000
2.72000000
4.21000000
3.12500000
5.38000000
0.81000000
1.84500000
5.78000000
0.85500000
2.74000000
4.45500000
0.91000000
0.68500000
4.81500000
2.14000000
2.18500000
0.45500000
1.68500000
2.41000000
0.89000000
2.84000000
2.92000000
4.35500000
2.77500000
4.81000000
2.77500000
2.76000000
2.74000000
2.72000000
2.54000000
2.46000000
2.41000000
2.37000000
2.37000000
2.18500000
2.14000000
2.04500000
1.89000000
1.84500000
1.70000000
1.68500000
1.54500000
1.48500000
1.36500000
1.14500000
0.93500000
0.91000000
0.89000000
0.85500000
0.84500000
0.82500000
0.81000000
0.81000000
0.72000000
0.71500000
0.68500000
0.57500000
0.49000000
0.48000000
0.46000000
0.45500000
0.39000000
0.19500000
0.19500000
0.05000000
6.24500000
6.20000000
6.18000000
6.17000000
6.12000000
6.11000000
6.07000000
5.92000000
5.78000000
5.68500000
5.68500000
5.38000000
5.29000000
5.19500000
5.06000000
5.02000000
4.99000000
4.98000000
4.92500000
4.81500000
4.81000000
4.68500000
4.65000000
4.59500000
4.47500000
4.47500000
4.45500000
4.35500000
4.31000000
4.21000000
4.20000000
4.12500000
4.00000000
3.93500000
3.87500000
3.82000000
3.79000000
3.76500000
3.76000000
3.73000000
3.64500000
3.63000000
3.57000000
3.56000000
3.37500000
3.34000000
3.28500000
3.22500000
3.17000000
3.15000000
3.12500000
3.09000000
2.95500000
2.93000000
2.92000000
2.91000000
2.90500000
2.88500000
2.84000000
2.84000000
2.77500000
2.77500000
2.76000000
2.76000000
2.74000000
2.74000000
2.72000000
2.72000000
2.54000000
2.54000000
2.46000000
2.46000000
2.41000000
2.41000000
2.37000000
2.37000000
2.37000000
2.37000000
2.18500000
2.18500000
2.14000000
2.14000000
2.04500000
2.04500000
1.89000000
1.89000000
1.84500000
1.84500000
1.70000000
1.70000000
1.68500000
1.68500000
1.54500000
1.54500000
1.48500000
1.48500000
1.36500000
1.36500000
1.14500000
1.14500000
0.93500000
0.93500000
0.91000000
0.91000000
0.89000000
0.89000000
0.85500000
0.85500000
0.84500000
0.84500000
0.82500000
0.82500000
0.81000000
0.81000000
0.81000000
0.81000000
0.72000000
0.72000000
0.71500000
0.71500000
0.68500000
0.68500000
0.57500000
0.57500000
0.49000000
0.49000000
0.48000000
0.48000000
0.46000000
0.46000000
0.45500000
0.45500000
0.39000000
0.39000000
0.19500000
0.19500000
0.19500000
0.19500000
0.05000000
0.05000000
