3.02500000
0.52500000
5.55000000
3.17000000
3.31500000
3.69000000
4.57500000
0.20500000
0.31500000
4.30500000
0.86500000
2.29000000
1.84000000
5.86000000
1.08000000
3.14000000
4.67000000
3.85500000
5.06500000
5.50000000
2.28500000
3.01000000
2.22000000
5.30000000
2.95000000
0.19000000
5.86000000
2.14000000
3.14500000
2.31000000
4.36000000
1.75000000
2.53000000
0.10000000
6.05500000
3.11000000
1.92000000
2.33500000
2.75500000
0.09500000
4.37000000
2.94000000
2.47000000
5.06500000
0.22500000
3.25500000
6.24000000
0.74500000
4.03000000
3.50500000
6.14500000
5.56000000
6.15500000
5.62500000
2.66500000
1.75000000
5.71500000
4.40000000
3.20000000
0.92500000
3.97500000
1.42500000
2.60500000
6.12500000
2.72000000
3.85500000
3.38000000
4.06500000
4.44000000
5.58000000
2.55000000
1.27000000
5.45000000
3.58000000
2.26500000
5.49000000
2.10000000
3.59000000
2.50500000
4.76000000
0.19000000
1.22500000
5.16000000
0.23500000
2.12000000
3.83500000
0.29000000
0.06500000
4.19500000
1.52000000
1.56500000
6.12000000
1.06500000
1.79000000
0.27000000
2.22000000
2.30000000
3.73500000
2.15500000
4.19000000
2.15500000
2.14000000
2.12000000
2.10000000
1.92000000
1.84000000
1.79000000
1.75000000
1.75000000
1.56500000
1.52000000
1.42500000
1.27000000
1.22500000
1.08000000
1.06500000
0.92500000
0.86500000
0.74500000
0.52500000
0.31500000
0.29000000
0.27000000
0.23500000
0.22500000
0.20500000
0.19000000
0.19000000
0.10000000
0.09500000
0.06500000
6.24000000
6.15500000
6.14500000
6.12500000
6.12000000
6.05500000
5.86000000
5.86000000
5.71500000
5.62500000
5.58000000
5.56000000
5.55000000
5.50000000
5.49000000
5.45000000
5.30000000
5.16000000
5.06500000
5.06500000
4.76000000
4.67000000
4.57500000
4.44000000
4.40000000
4.37000000
4.36000000
4.30500000
4.19500000
4.19000000
4.06500000
4.03000000
3.97500000
3.85500000
3.85500000
3.83500000
3.73500000
3.69000000
3.59000000
3.58000000
3.50500000
3.38000000
3.31500000
3.25500000
3.20000000
3.17000000
3.14500000
3.14000000
3.11000000
3.02500000
3.01000000
2.95000000
2.94000000
2.75500000
2.72000000
2.66500000
2.60500000
2.55000000
2.53000000
2.50500000
2.47000000
2.33500000
2.31000000
2.30000000
2.29000000
2.28500000
2.26500000
2.22000000
2.22000000
2.15500000
2.15500000
2.14000000
2.14000000
2.12000000
2.12000000
2.10000000
2.10000000
1.92000000
1.92000000
1.84000000
1.84000000
1.79000000
1.79000000
1.75000000
1.75000000
1.75000000
1.75000000
1.56500000
1.56500000
1.52000000
1.52000000
1.42500000
1.42500000
1.27000000
1.27000000
1.22500000
1.22500000
1.08000000
1.08000000
1.06500000
1.06500000
0.92500000
0.92500000
0.86500000
0.86500000
0.74500000
0.74500000
0.52500000
0.52500000
0.31500000
0.31500000
0.29000000
0.29000000
0.27000000
0.27000000
0.23500000
0.23500000
0.22500000
0.22500000
0.20500000
0.20500000
0.19000000
0.19000000
0.19000000
0.19000000
0.10000000
0.10000000
0.09500000
0.09500000
0.06500000
0.06500000
6.24000000
6.24000000
6.15500000
6.15500000
6.14500000
6.14500000
6.12500000
6.12500000
6.12000000
6.12000000
6.05500000
6.05500000
5.86000000
5.86000000
5.86000000
5.86000000
5.71500000
5.71500000
5.62500000
5.62500000
5.58000000
5.58000000
5.56000000
5.56000000
5.55000000
5.55000000
5.50000000
5.50000000
5.49000000
5.49000000
5.45000000
5.45000000
5.30000000
5.30000000
5.16000000
5.16000000
5.06500000
5.06500000
5.06500000
5.06500000
4.76000000
4.76000000
4.67000000
4.67000000
4.57500000
4.57500000
4.44000000
4.44000000
4.40000000
4.40000000
4.37000000
4.37000000
4.36000000
4.36000000
4.30500000
4.30500000
4.19500000
4.19500000
4.19000000
4.19000000
4.06500000
4.06500000
4.03000000
4.03000000
3.97500000
3.97500000
3.85500000
3.85500000
3.85500000
3.85500000
3.83500000
3.83500000
3.73500000
3.73500000
3.69000000
3.69000000
3.59000000
3.59000000
3.58000000
3.58000000
3.50500000
3.50500000
3.38000000
3.38000000
3.31500000
3.31500000
3.25500000
3.25500000
3.20000000
3.20000000
3.17000000
3.17000000
3.14500000
3.14500000
3.14000000
3.14000000
3.11000000
3.11000000
3.02500000
3.02500000
3.01000000
3.01000000
2.95000000
2.95000000
2.94000000
2.94000000
2.75500000
2.75500000
2.72000000
2.72000000
2.66500000
2.66500000
2.60500000
2.60500000
2.55000000
2.55000000
2.53000000
2.53000000
2.50500000
2.50500000
2.47000000
2.47000000
2.33500000
2.33500000
2.31000000
2.31000000
2.30000000
2.30000000
2.29000000
2.29000000
2.28500000
2.28500000
2.26500000
2.26500000
2.22000000
2.22000000
2.22000000
2.22000000
2.15500000
2.15500000
2.15500000
2.15500000
2.14000000
2.14000000
2.14000000
2.14000000
2.12000000
2.12000000
2.12000000
2.12000000
2.10000000
2.10000000
2.10000000
2.10000000
1.92000000
1.92000000
1.92000000
1.92000000
1.84000000
1.84000000
1.84000000
1.84000000
1.79000000
1.79000000
1.79000000
1.79000000
1.75000000
1.75000000
1.75000000
1.75000000
1.75000000
1.75000000
1.75000000
1.75000000
1.56500000
1.56500000
1.56500000
1.56500000
1.52000000
1.52000000
1.52000000
1.52000000
1.42500000
1.42500000
1.42500000
1.42500000
1.27000000
1.27000000
1.27000000
1.27000000
1.22500000
1.22500000
1.22500000
1.22500000
1.08000000
1.08000000
1.08000000
1.08000000
1.06500000
1.06500000
1.06500000
1.06500000
0.92500000
0.92500000
0.92500000
0.92500000
0.86500000
0.86500000
0.86500000
0.86500000
0.74500000
0.74500000
0.74500000
0.74500000
0.52500000
0.52500000
0.52500000
0.52500000
0.31500000
0.31500000
0.31500000
0.31500000
0.29000000
0.29000000
0.29000000
0.29000000
0.27000000
0.27000000
0.27000000
0.27000000
0.23500000
0.23500000
0.23500000
0.23500000
0.22500000
0.22500000
0.22500000
0.22500000
0.20500000
0.20500000
0.20500000
0.20500000
0.19000000
0.19000000
0.19000000
0.19000000
0.19000000
0.19000000
0.19000000
0.19000000
0.10000000
0.10000000
0.10000000
0.10000000
0.09500000
0.09500000
0.09500000
0.09500000
0.06500000
0.06500000
0.06500000
0.06500000
6.24000000
6.24000000
6.24000000
6.24000000
6.15500000
6.15500000
6.15500000
6.15500000
6.14500000
6.14500000
6.14500000
6.14500000
6.12500000
6.12500000
6.12500000
6.12500000
6.12000000
6.12000000
6.12000000
6.12000000
6.05500000
6.05500000
6.05500000
6.05500000
5.86000000
5.86000000
5.86000000
5.86000000
5.86000000
5.86000000
5.86000000
5.86000000
5.71500000
5.71500000
5.71500000
5.71500000
5.62500000
5.62500000
5.62500000
5.62500000
5.58000000
5.58000000
5.58000000
5.58000000
5.56000000
5.56000000
5.56000000
5.56000000
5.55000000
5.55000000
5.55000000
5.55000000
5.50000000
5.50000000
5.50000000
5.50000000
5.49000000
5.49000000
5.49000000
5.49000000
5.45000000
5.45000000
5.45000000
5.45000000
5.30000000
5.30000000
5.30000000
5.30000000
5.16000000
5.16000000
5.16000000
5.16000000
5.06500000
5.06500000
5.06500000
5.06500000
5.06500000
5.06500000
5.06500000
5.06500000
4.76000000
4.76000000
4.76000000
4.76000000
4.67000000
4.67000000
4.67000000
4.67000000
4.57500000
4.57500000
4.57500000
4.57500000
4.44000000
4.44000000
4.44000000
4.44000000
4.40000000
4.40000000
4.40000000
4.40000000
4.37000000
4.37000000
4.37000000
4.37000000
4.36000000
4.36000000
4.36000000
4.36000000
4.30500000
4.30500000
4.30500000
4.30500000
4.19500000
4.19500000
4.19500000
4.19500000
4.19000000
4.19000000
4.19000000
4.19000000
4.06500000
4.06500000
4.06500000
4.06500000
4.03000000
4.03000000
4.03000000
4.03000000
3.97500000
3.97500000
3.97500000
3.97500000
3.85500000
3.85500000
3.85500000
3.85500000
3.85500000
3.85500000
3.85500000
3.85500000
3.83500000
3.83500000
3.83500000
3.83500000
3.73500000
3.73500000
3.73500000
3.73500000
3.69000000
3.69000000
3.69000000
3.69000000
3.59000000
3.59000000
3.59000000
3.59000000
3.58000000
3.58000000
3.58000000
3.58000000
3.50500000
3.50500000
3.50500000
3.50500000
3.38000000
3.38000000
3.38000000
3.38000000
3.31500000
3.31500000
3.31500000
3.31500000
3.25500000
3.25500000
3.25500000
3.25500000
3.20000000
3.20000000
3.20000000
3.20000000
3.17000000
3.17000000
3.17000000
3.17000000
3.14500000
3.14500000
3.14500000
3.14500000
3.14000000
3.14000000
3.14000000
3.14000000
3.11000000
3.11000000
3.11000000
3.11000000
3.02500000
3.02500000
3.02500000
3.02500000
3.01000000
3.01000000
3.01000000
3.01000000
2.95000000
2.95000000
2.95000000
2.95000000
2.94000000
2.94000000
2.94000000
2.94000000
2.75500000
2.75500000
2.75500000
2.75500000
2.72000000
2.72000000
2.72000000
2.72000000
2.66500000
2.66500000
2.66500000
2.66500000
2.60500000
2.60500000
2.60500000
2.60500000
2.55000000
2.55000000
2.55000000
2.55000000
2.53000000
2.53000000
2.53000000
2.53000000
2.50500000
2.50500000
2.50500000
2.50500000
2.47000000
2.47000000
2.47000000
2.47000000
2.33500000
2.33500000
2.33500000
2.33500000
2.31000000
2.31000000
2.31000000
2.31000000
2.30000000
2.30000000
2.30000000
2.30000000
2.29000000
2.29000000
2.29000000
2.29000000
2.28500000
2.28500000
2.28500000
2.28500000
2.26500000
2.26500000
2.26500000
2.26500000
2.22000000
2.22000000
2.22000000
2.22000000
2.22000000
2.22000000
2.22000000
2.22000000
2.15500000
2.15500000
2.15500000
2.15500000
2.15500000
2.15500000
2.15500000
2.15500000
2.14000000
2.14000000
2.14000000
2.14000000
2.14000000
2.14000000
2.14000000
2.14000000
2.12000000
2.12000000
2.12000000
2.12000000
2.12000000
2.12000000
2.12000000
2.12000000
2.10000000
2.10000000
2.10000000
2.10000000
2.10000000
2.10000000
2.10000000
2.10000000
1.92000000
1.92000000
1.92000000
1.92000000
1.92000000
1.92000000
1.92000000
1.92000000
1.84000000
1.84000000
1.84000000
1.84000000
1.84000000
1.84000000
1.84000000
1.84000000
1.79000000
1.79000000
1.79000000
1.79000000
1.79000000
1.79000000
1.79000000
1.79000000
1.75000000
1.75000000
1.75000000
1.75000000
1.75000000
1.75000000
1.75000000
1.75000000
1.75000000
1.75000000
1.75000000
1.75000000
1.75000000
1.75000000
1.75000000
1.75000000
1.56500000
1.56500000
1.56500000
1.56500000
1.56500000
1.56500000
1.56500000
1.56500000
1.52000000
1.52000000
1.52000000
1.52000000
1.52000000
1.52000000
1.52000000
1.52000000
1.42500000
1.42500000
1.42500000
1.42500000
1.42500000
1.42500000
1.42500000
1.42500000
1.27000000
1.27000000
1.27000000
1.27000000
1.27000000
1.27000000
1.27000000
1.27000000
1.22500000
1.22500000
1.22500000
1.22500000
1.22500000
1.22500000
1.22500000
1.22500000
1.08000000
1.08000000
1.08000000
1.08000000
1.08000000
1.08000000
1.08000000
1.08000000
1.06500000
1.06500000
1.06500000
1.06500000
1.06500000
1.06500000
1.06500000
1.06500000
0.92500000
0.92500000
0.92500000
0.92500000
0.92500000
0.92500000
0.92500000
0.92500000
0.86500000
0.86500000
0.86500000
0.86500000
0.86500000
0.86500000
0.86500000
0.86500000
0.74500000
0.74500000
0.74500000
0.74500000
0.74500000
0.74500000
0.74500000
0.74500000
0.52500000
0.52500000
0.52500000
0.52500000
0.52500000
0.52500000
0.52500000
0.52500000
0.31500000
0.31500000
0.31500000
0.31500000
0.31500000
0.31500000
0.31500000
0.31500000
0.29000000
0.29000000
0.29000000
0.29000000
0.29000000
0.29000000
0.29000000
0.29000000
0.27000000
0.27000000
0.27000000
0.27000000
0.27000000
0.27000000
0.27000000
0.27000000
0.23500000
0.23500000
0.23500000
0.23500000
0.23500000
0.23500000
0.23500000
0.23500000
0.22500000
0.22500000
0.22500000
0.22500000
0.22500000
0.22500000
0.22500000
0.22500000
0.20500000
0.20500000
0.20500000
0.20500000
0.20500000
0.20500000
0.20500000
0.20500000
0.19000000
0.19000000
0.19000000
0.19000000
0.19000000
0.19000000
0.19000000
0.19000000
0.19000000
0.19000000
0.19000000
0.19000000
0.19000000
0.19000000
0.19000000
0.19000000
0.10000000
0.10000000
0.10000000
0.10000000
0.10000000
0.10000000
0.10000000
0.10000000
0.09500000
0.09500000
0.09500000
0.09500000
0.09500000
0.09500000
0.09500000
0.09500000
0.06500000
0.06500000
0.06500000
0.06500000
0.06500000
0.06500000
0.06500000
0.06500000
