4.66000000
2.16000000
0.90000000
4.80500000
4.95000000
5.32500000
6.21000000
1.84000000
1.95000000
5.94000000
2.50000000
3.92500000
3.47500000
1.21000000
2.71500000
4.77500000
0.02000000
5.49000000
0.41500000
0.85000000
3.92000000
4.64500000
3.85500000
0.65000000
4.58500000
1.82500000
1.21000000
3.77500000
4.78000000
3.94500000
5.99500000
3.38500000
4.16500000
1.73500000
1.40500000
4.74500000
3.55500000
3.97000000
4.39000000
1.73000000
6.00500000
4.57500000
4.10500000
0.41500000
1.86000000
4.89000000
1.59000000
2.38000000
5.66500000
5.14000000
1.49500000
0.91000000
1.50500000
0.97500000
4.30000000
3.38500000
1.06500000
6.03500000
4.83500000
2.56000000
5.61000000
3.06000000
4.24000000
1.47500000
4.35500000
5.49000000
5.01500000
5.70000000
6.07500000
0.93000000
4.18500000
2.90500000
0.80000000
5.21500000
3.90000000
0.84000000
3.73500000
5.22500000
4.14000000
0.11000000
1.82500000
2.86000000
0.51000000
1.87000000
3.75500000
5.47000000
1.92500000
1.70000000
5.83000000
3.15500000
3.20000000
1.47000000
2.70000000
3.42500000
1.90500000
3.85500000
3.93500000
5.37000000
3.79000000
5.82500000
3.79000000
3.77500000
3.75500000
3.73500000
3.55500000
3.47500000
3.42500000
3.38500000
3.38500000
3.20000000
3.15500000
3.06000000
2.90500000
2.86000000
2.71500000
2.70000000
2.56000000
2.50000000
2.38000000
2.16000000
1.95000000
1.92500000
1.90500000
1.87000000
1.86000000
1.84000000
1.82500000
1.82500000
1.73500000
1.73000000
1.70000000
1.59000000
1.50500000
1.49500000
1.47500000
1.47000000
1.40500000
1.21000000
1.21000000
1.06500000
0.97500000
0.93000000
0.91000000
0.90000000
0.85000000
0.84000000
0.80000000
0.65000000
0.51000000
0.41500000
0.41500000
0.11000000
0.02000000
6.21000000
6.07500000
6.03500000
6.00500000
5.99500000
5.94000000
5.83000000
5.82500000
5.70000000
5.66500000
5.61000000
5.49000000
5.49000000
5.47000000
5.37000000
5.32500000
5.22500000
5.21500000
5.14000000
5.01500000
4.95000000
4.89000000
4.83500000
4.80500000
4.78000000
4.77500000
4.74500000
4.66000000
4.64500000
4.58500000
4.57500000
4.39000000
4.35500000
4.30000000
4.24000000
4.18500000
4.16500000
4.14000000
4.10500000
3.97000000
3.94500000
3.93500000
3.92500000
3.92000000
3.90000000
3.85500000
3.85500000
3.79000000
3.79000000
3.77500000
3.77500000
3.75500000
3.75500000
3.73500000
3.73500000
3.55500000
3.55500000
3.47500000
3.47500000
3.42500000
3.42500000
3.38500000
3.38500000
3.38500000
3.38500000
3.20000000
3.20000000
3.15500000
3.15500000
3.06000000
3.06000000
2.90500000
2.90500000
2.86000000
2.86000000
2.71500000
2.71500000
2.70000000
2.70000000
2.56000000
2.56000000
2.50000000
2.50000000
2.38000000
2.38000000
2.16000000
2.16000000
1.95000000
1.95000000
1.92500000
1.92500000
1.90500000
1.90500000
1.87000000
1.87000000
1.86000000
1.86000000
1.84000000
1.84000000
1.82500000
1.82500000
1.82500000
1.82500000
1.73500000
1.73500000
1.73000000
1.73000000
1.70000000
1.70000000
1.59000000
1.59000000
1.50500000
1.50500000
1.49500000
1.49500000
1.47500000
1.47500000
1.47000000
1.47000000
1.40500000
1.40500000
1.21000000
1.21000000
1.21000000
1.21000000
1.06500000
1.06500000
0.97500000
0.97500000
0.93000000
0.93000000
0.91000000
0.91000000
0.90000000
0.90000000
0.85000000
0.85000000
0.84000000
0.84000000
0.80000000
0.80000000
0.65000000
0.65000000
0.51000000
0.51000000
0.41500000
0.41500000
0.41500000
0.41500000
0.11000000
0.11000000
0.02000000
0.02000000
6.21000000
6.21000000
6.07500000
6.07500000
6.03500000
6.03500000
6.00500000
6.00500000
5.99500000
5.99500000
5.94000000
5.94000000
5.83000000
5.83000000
5.82500000
5.82500000
5.70000000
5.70000000
5.66500000
5.66500000
5.61000000
5.61000000
5.49000000
5.49000000
5.49000000
5.49000000
5.47000000
5.47000000
5.37000000
5.37000000
5.32500000
5.32500000
5.22500000
5.22500000
5.21500000
5.21500000
5.14000000
5.14000000
5.01500000
5.01500000
4.95000000
4.95000000
4.89000000
4.89000000
4.83500000
4.83500000
4.80500000
4.80500000
4.78000000
4.78000000
4.77500000
4.77500000
4.74500000
4.74500000
4.66000000
4.66000000
4.64500000
4.64500000
4.58500000
4.58500000
4.57500000
4.57500000
4.39000000
4.39000000
4.35500000
4.35500000
4.30000000
4.30000000
4.24000000
4.24000000
4.18500000
4.18500000
4.16500000
4.16500000
4.14000000
4.14000000
4.10500000
4.10500000
3.97000000
3.97000000
3.94500000
3.94500000
3.93500000
3.93500000
3.92500000
3.92500000
3.92000000
3.92000000
3.90000000
3.90000000
3.85500000
3.85500000
3.85500000
3.85500000
3.79000000
3.79000000
3.79000000
3.79000000
3.77500000
3.77500000
3.77500000
3.77500000
3.75500000
3.75500000
3.75500000
3.75500000
3.73500000
3.73500000
3.73500000
3.73500000
3.55500000
3.55500000
3.55500000
3.55500000
3.47500000
3.47500000
3.47500000
3.47500000
3.42500000
3.42500000
3.42500000
3.42500000
3.38500000
3.38500000
3.38500000
3.38500000
3.38500000
3.38500000
3.38500000
3.38500000
3.20000000
3.20000000
3.20000000
3.20000000
3.15500000
3.15500000
3.15500000
3.15500000
3.06000000
3.06000000
3.06000000
3.06000000
2.90500000
2.90500000
2.90500000
2.90500000
2.86000000
2.86000000
2.86000000
2.86000000
2.71500000
2.71500000
2.71500000
2.71500000
2.70000000
2.70000000
2.70000000
2.70000000
2.56000000
2.56000000
2.56000000
2.56000000
2.50000000
2.50000000
2.50000000
2.50000000
2.38000000
2.38000000
2.38000000
2.38000000
2.16000000
2.16000000
2.16000000
2.16000000
1.95000000
1.95000000
1.95000000
1.95000000
1.92500000
1.92500000
1.92500000
1.92500000
1.90500000
1.90500000
1.90500000
1.90500000
1.87000000
1.87000000
1.87000000
1.87000000
1.86000000
1.86000000
1.86000000
1.86000000
1.84000000
1.84000000
1.84000000
1.84000000
1.82500000
1.82500000
1.82500000
1.82500000
1.82500000
1.82500000
1.82500000
1.82500000
1.73500000
1.73500000
1.73500000
1.73500000
1.73000000
1.73000000
1.73000000
1.73000000
1.70000000
1.70000000
1.70000000
1.70000000
1.59000000
1.59000000
1.59000000
1.59000000
1.50500000
1.50500000
1.50500000
1.50500000
1.49500000
1.49500000
1.49500000
1.49500000
1.47500000
1.47500000
1.47500000
1.47500000
1.47000000
1.47000000
1.47000000
1.47000000
1.40500000
1.40500000
1.40500000
1.40500000
1.21000000
1.21000000
1.21000000
1.21000000
1.21000000
1.21000000
1.21000000
1.21000000
1.06500000
1.06500000
1.06500000
1.06500000
0.97500000
0.97500000
0.97500000
0.97500000
0.93000000
0.93000000
0.93000000
0.93000000
0.91000000
0.91000000
0.91000000
0.91000000
0.90000000
0.90000000
0.90000000
0.90000000
0.85000000
0.85000000
0.85000000
0.85000000
0.84000000
0.84000000
0.84000000
0.84000000
0.80000000
0.80000000
0.80000000
0.80000000
0.65000000
0.65000000
0.65000000
0.65000000
0.51000000
0.51000000
0.51000000
0.51000000
0.41500000
0.41500000
0.41500000
0.41500000
0.41500000
0.41500000
0.41500000
0.41500000
0.11000000
0.11000000
0.11000000
0.11000000
0.02000000
0.02000000
0.02000000
0.02000000
