1.67500000
5.46000000
4.20000000
1.82000000
1.96500000
2.34000000
3.22500000
5.14000000
5.25000000
2.95500000
5.80000000
0.94000000
0.49000000
4.51000000
6.01500000
1.79000000
3.32000000
2.50500000
3.71500000
4.15000000
0.93500000
1.66000000
0.87000000
3.95000000
1.60000000
5.12500000
4.51000000
0.79000000
1.79500000
0.96000000
3.01000000
0.40000000
1.18000000
5.03500000
4.70500000
1.76000000
0.57000000
0.98500000
1.40500000
5.03000000
3.02000000
1.59000000
1.12000000
3.71500000
5.16000000
1.90500000
4.89000000
5.68000000
2.68000000
2.15500000
4.79500000
4.21000000
4.80500000
4.27500000
1.31500000
0.40000000
4.36500000
3.05000000
1.85000000
5.86000000
2.62500000
0.07500000
1.25500000
4.77500000
1.37000000
2.50500000
2.03000000
2.71500000
3.09000000
4.23000000
1.20000000
6.20500000
4.10000000
2.23000000
0.91500000
4.14000000
0.75000000
2.24000000
1.15500000
3.41000000
5.12500000
6.16000000
3.81000000
5.17000000
0.77000000
2.48500000
5.22500000
5.00000000
2.84500000
0.17000000
0.21500000
4.77000000
6.00000000
0.44000000
5.20500000
0.87000000
0.95000000
2.38500000
0.80500000
2.84000000
0.80500000
0.79000000
0.77000000
0.75000000
0.57000000
0.49000000
0.44000000
0.40000000
0.40000000
0.21500000
0.17000000
0.07500000
6.20500000
6.16000000
6.01500000
6.00000000
5.86000000
5.80000000
5.68000000
5.46000000
5.25000000
5.22500000
5.20500000
5.17000000
5.16000000
5.14000000
5.12500000
5.12500000
5.03500000
5.03000000
5.00000000
4.89000000
4.80500000
4.79500000
4.77500000
4.77000000
4.70500000
4.51000000
4.51000000
4.36500000
4.27500000
4.23000000
4.21000000
4.20000000
4.15000000
4.14000000
4.10000000
3.95000000
3.81000000
3.71500000
3.71500000
3.41000000
3.32000000
3.22500000
3.09000000
3.05000000
3.02000000
3.01000000
2.95500000
2.84500000
2.84000000
2.71500000
2.68000000
2.62500000
2.50500000
2.50500000
2.48500000
2.38500000
2.34000000
2.24000000
2.23000000
2.15500000
2.03000000
1.96500000
1.90500000
1.85000000
1.82000000
1.79500000
1.79000000
1.76000000
1.67500000
1.66000000
1.60000000
1.59000000
1.40500000
1.37000000
1.31500000
1.25500000
1.20000000
1.18000000
1.15500000
1.12000000
0.98500000
0.96000000
0.95000000
0.94000000
0.93500000
0.91500000
0.87000000
0.87000000
0.80500000
0.80500000
0.79000000
0.79000000
0.77000000
0.77000000
0.75000000
0.75000000
0.57000000
0.57000000
0.49000000
0.49000000
0.44000000
0.44000000
0.40000000
0.40000000
0.40000000
0.40000000
0.21500000
0.21500000
0.17000000
0.17000000
0.07500000
0.07500000
6.20500000
6.20500000
6.16000000
6.16000000
6.01500000
6.01500000
6.00000000
6.00000000
5.86000000
5.86000000
5.80000000
5.80000000
5.68000000
5.68000000
5.46000000
5.46000000
5.25000000
5.25000000
5.22500000
5.22500000
5.20500000
5.20500000
5.17000000
5.17000000
5.16000000
5.16000000
5.14000000
5.14000000
5.12500000
5.12500000
5.12500000
5.12500000
5.03500000
5.03500000
5.03000000
5.03000000
5.00000000
5.00000000
4.89000000
4.89000000
4.80500000
4.80500000
4.79500000
4.79500000
4.77500000
4.77500000
4.77000000
4.77000000
4.70500000
4.70500000
4.51000000
4.51000000
4.51000000
4.51000000
4.36500000
4.36500000
4.27500000
4.27500000
4.23000000
4.23000000
4.21000000
4.21000000
4.20000000
4.20000000
4.15000000
4.15000000
4.14000000
4.14000000
4.10000000
4.10000000
3.95000000
3.95000000
3.81000000
3.81000000
3.71500000
3.71500000
3.71500000
3.71500000
3.41000000
3.41000000
3.32000000
3.32000000
3.22500000
3.22500000
3.09000000
3.09000000
3.05000000
3.05000000
3.02000000
3.02000000
3.01000000
3.01000000
2.95500000
2.95500000
2.84500000
2.84500000
2.84000000
2.84000000
2.71500000
2.71500000
2.68000000
2.68000000
2.62500000
2.62500000
2.50500000
2.50500000
2.50500000
2.50500000
2.48500000
2.48500000
2.38500000
2.38500000
2.34000000
2.34000000
2.24000000
2.24000000
2.23000000
2.23000000
2.15500000
2.15500000
2.03000000
2.03000000
1.96500000
1.96500000
1.90500000
1.90500000
1.85000000
1.85000000
1.82000000
1.82000000
1.79500000
1.79500000
1.79000000
1.79000000
1.76000000
1.76000000
1.67500000
1.67500000
1.66000000
1.66000000
1.60000000
1.60000000
1.59000000
1.59000000
1.40500000
1.40500000
1.37000000
1.37000000
1.31500000
1.31500000
1.25500000
1.25500000
1.20000000
1.20000000
1.18000000
1.18000000
1.15500000
1.15500000
1.12000000
1.12000000
0.98500000
0.98500000
0.96000000
0.96000000
0.95000000
0.95000000
0.94000000
0.94000000
0.93500000
0.93500000
0.91500000
0.91500000
0.87000000
0.87000000
0.87000000
0.87000000
0.80500000
0.80500000
0.80500000
0.80500000
0.79000000
0.79000000
0.79000000
0.79000000
0.77000000
0.77000000
0.77000000
0.77000000
0.75000000
0.75000000
0.75000000
0.75000000
0.57000000
0.57000000
0.57000000
0.57000000
0.49000000
0.49000000
0.49000000
0.49000000
0.44000000
0.44000000
0.44000000
0.44000000
0.40000000
0.40000000
0.40000000
0.40000000
0.40000000
0.40000000
0.40000000
0.40000000
0.21500000
0.21500000
0.21500000
0.21500000
0.17000000
0.17000000
0.17000000
0.17000000
0.07500000
0.07500000
0.07500000
0.07500000
6.20500000
6.20500000
6.20500000
6.20500000
6.16000000
6.16000000
6.16000000
6.16000000
6.01500000
6.01500000
6.01500000
6.01500000
6.00000000
6.00000000
6.00000000
6.00000000
5.86000000
5.86000000
5.86000000
5.86000000
5.80000000
5.80000000
5.80000000
5.80000000
5.68000000
5.68000000
5.68000000
5.68000000
5.46000000
5.46000000
5.46000000
5.46000000
5.25000000
5.25000000
5.25000000
5.25000000
5.22500000
5.22500000
5.22500000
5.22500000
5.20500000
5.20500000
5.20500000
5.20500000
5.17000000
5.17000000
5.17000000
5.17000000
5.16000000
5.16000000
5.16000000
5.16000000
5.14000000
5.14000000
5.14000000
5.14000000
5.12500000
5.12500000
5.12500000
5.12500000
5.12500000
5.12500000
5.12500000
5.12500000
5.03500000
5.03500000
5.03500000
5.03500000
5.03000000
5.03000000
5.03000000
5.03000000
5.00000000
5.00000000
5.00000000
5.00000000
4.89000000
4.89000000
4.89000000
4.89000000
4.80500000
4.80500000
4.80500000
4.80500000
4.79500000
4.79500000
4.79500000
4.79500000
4.77500000
4.77500000
4.77500000
4.77500000
4.77000000
4.77000000
4.77000000
4.77000000
4.70500000
4.70500000
4.70500000
4.70500000
4.51000000
4.51000000
4.51000000
4.51000000
4.51000000
4.51000000
4.51000000
4.51000000
4.36500000
4.36500000
4.36500000
4.36500000
4.27500000
4.27500000
4.27500000
4.27500000
4.23000000
4.23000000
4.23000000
4.23000000
4.21000000
4.21000000
4.21000000
4.21000000
4.20000000
4.20000000
4.20000000
4.20000000
4.15000000
4.15000000
4.15000000
4.15000000
4.14000000
4.14000000
4.14000000
4.14000000
4.10000000
4.10000000
4.10000000
4.10000000
3.95000000
3.95000000
3.95000000
3.95000000
3.81000000
3.81000000
3.81000000
3.81000000
3.71500000
3.71500000
3.71500000
3.71500000
3.71500000
3.71500000
3.71500000
3.71500000
3.41000000
3.41000000
3.41000000
3.41000000
3.32000000
3.32000000
3.32000000
3.32000000
3.22500000
3.22500000
3.22500000
3.22500000
3.09000000
3.09000000
3.09000000
3.09000000
3.05000000
3.05000000
3.05000000
3.05000000
3.02000000
3.02000000
3.02000000
3.02000000
3.01000000
3.01000000
3.01000000
3.01000000
2.95500000
2.95500000
2.95500000
2.95500000
2.84500000
2.84500000
2.84500000
2.84500000
2.84000000
2.84000000
2.84000000
2.84000000
2.71500000
2.71500000
2.71500000
2.71500000
2.68000000
2.68000000
2.68000000
2.68000000
2.62500000
2.62500000
2.62500000
2.62500000
2.50500000
2.50500000
2.50500000
2.50500000
2.50500000
2.50500000
2.50500000
2.50500000
2.48500000
2.48500000
2.48500000
2.48500000
2.38500000
2.38500000
2.38500000
2.38500000
2.34000000
2.34000000
2.34000000
2.34000000
2.24000000
2.24000000
2.24000000
2.24000000
2.23000000
2.23000000
2.23000000
2.23000000
2.15500000
2.15500000
2.15500000
2.15500000
2.03000000
2.03000000
2.03000000
2.03000000
1.96500000
1.96500000
1.96500000
1.96500000
1.90500000
1.90500000
1.90500000
1.90500000
1.85000000
1.85000000
1.85000000
1.85000000
1.82000000
1.82000000
1.82000000
1.82000000
1.79500000
1.79500000
1.79500000
1.79500000
1.79000000
1.79000000
1.79000000
1.79000000
1.76000000
1.76000000
1.76000000
1.76000000
1.67500000
1.67500000
1.67500000
1.67500000
1.66000000
1.66000000
1.66000000
1.66000000
1.60000000
1.60000000
1.60000000
1.60000000
1.59000000
1.59000000
1.59000000
1.59000000
1.40500000
1.40500000
1.40500000
1.40500000
1.37000000
1.37000000
1.37000000
1.37000000
1.31500000
1.31500000
1.31500000
1.31500000
1.25500000
1.25500000
1.25500000
1.25500000
1.20000000
1.20000000
1.20000000
1.20000000
1.18000000
1.18000000
1.18000000
1.18000000
1.15500000
1.15500000
1.15500000
1.15500000
1.12000000
1.12000000
1.12000000
1.12000000
0.98500000
0.98500000
0.98500000
0.98500000
0.96000000
0.96000000
0.96000000
0.96000000
0.95000000
0.95000000
0.95000000
0.95000000
0.94000000
0.94000000
0.94000000
0.94000000
0.93500000
0.93500000
0.93500000
0.93500000
0.91500000
0.91500000
0.91500000
0.91500000
0.87000000
0.87000000
0.87000000
0.87000000
0.87000000
0.87000000
0.87000000
0.87000000
0.80500000
0.80500000
0.80500000
0.80500000
0.80500000
0.80500000
0.80500000
0.80500000
0.79000000
0.79000000
0.79000000
0.79000000
0.79000000
0.79000000
0.79000000
0.79000000
0.77000000
0.77000000
0.77000000
0.77000000
0.77000000
0.77000000
0.77000000
0.77000000
0.75000000
0.75000000
0.75000000
0.75000000
0.75000000
0.75000000
0.75000000
0.75000000
0.57000000
0.57000000
0.57000000
0.57000000
0.57000000
0.57000000
0.57000000
0.57000000
0.49000000
0.49000000
0.49000000
0.49000000
0.49000000
0.49000000
0.49000000
0.49000000
0.44000000
0.44000000
0.44000000
0.44000000
0.44000000
0.44000000
0.44000000
0.44000000
0.40000000
0.40000000
0.40000000
0.40000000
0.40000000
0.40000000
0.40000000
0.40000000
0.40000000
0.40000000
0.40000000
0.40000000
0.40000000
0.40000000
0.40000000
0.40000000
0.21500000
0.21500000
0.21500000
0.21500000
0.21500000
0.21500000
0.21500000
0.21500000
0.17000000
0.17000000
0.17000000
0.17000000
0.17000000
0.17000000
0.17000000
0.17000000
0.07500000
0.07500000
0.07500000
0.07500000
0.07500000
0.07500000
0.07500000
0.07500000
