4.51000000
2.01000000
0.75000000
4.65500000
4.80000000
5.17500000
6.06000000
1.69000000
1.80000000
5.79000000
2.35000000
3.77500000
3.32500000
1.06000000
2.56500000
4.62500000
6.15500000
5.34000000
0.26500000
0.70000000
3.77000000
4.49500000
3.70500000
0.50000000
4.43500000
1.67500000
1.06000000
3.62500000
4.63000000
3.79500000
5.84500000
3.23500000
4.01500000
1.58500000
1.25500000
4.59500000
3.40500000
3.82000000
4.24000000
1.58000000
5.85500000
4.42500000
3.95500000
0.26500000
1.71000000
4.74000000
1.44000000
2.23000000
5.51500000
4.99000000
1.34500000
0.76000000
1.35500000
0.82500000
4.15000000
3.23500000
0.91500000
5.88500000
4.68500000
2.41000000
5.46000000
2.91000000
4.09000000
1.32500000
4.20500000
5.34000000
4.86500000
5.55000000
5.92500000
0.78000000
4.03500000
2.75500000
0.65000000
5.06500000
3.75000000
0.69000000
3.58500000
5.07500000
3.99000000
6.24500000
1.67500000
2.71000000
0.36000000
1.72000000
3.60500000
5.32000000
1.77500000
1.55000000
5.68000000
3.00500000
3.05000000
1.32000000
2.55000000
3.27500000
1.75500000
3.70500000
3.78500000
5.22000000
3.64000000
5.67500000
3.64000000
3.62500000
3.60500000
3.58500000
3.40500000
3.32500000
3.27500000
3.23500000
3.23500000
3.05000000
3.00500000
2.91000000
2.75500000
2.71000000
2.56500000
2.55000000
2.41000000
2.35000000
2.23000000
2.01000000
1.80000000
1.77500000
1.75500000
1.72000000
1.71000000
1.69000000
1.67500000
1.67500000
1.58500000
1.58000000
1.55000000
1.44000000
1.35500000
1.34500000
1.32500000
1.32000000
1.25500000
1.06000000
1.06000000
0.91500000
0.82500000
0.78000000
0.76000000
0.75000000
0.70000000
0.69000000
0.65000000
0.50000000
0.36000000
0.26500000
0.26500000
6.24500000
6.15500000
6.06000000
5.92500000
5.88500000
5.85500000
5.84500000
5.79000000
5.68000000
5.67500000
5.55000000
5.51500000
5.46000000
5.34000000
5.34000000
5.32000000
5.22000000
5.17500000
5.07500000
5.06500000
4.99000000
4.86500000
4.80000000
4.74000000
4.68500000
4.65500000
4.63000000
4.62500000
4.59500000
4.51000000
4.49500000
4.43500000
4.42500000
4.24000000
4.20500000
4.15000000
4.09000000
4.03500000
4.01500000
3.99000000
3.95500000
3.82000000
3.79500000
3.78500000
3.77500000
3.77000000
3.75000000
3.70500000
3.70500000
3.64000000
3.64000000
3.62500000
3.62500000
3.60500000
3.60500000
3.58500000
3.58500000
3.40500000
3.40500000
3.32500000
3.32500000
3.27500000
3.27500000
3.23500000
3.23500000
3.23500000
3.23500000
3.05000000
3.05000000
3.00500000
3.00500000
2.91000000
2.91000000
2.75500000
2.75500000
2.71000000
2.71000000
2.56500000
2.56500000
2.55000000
2.55000000
2.41000000
2.41000000
2.35000000
2.35000000
2.23000000
2.23000000
2.01000000
2.01000000
1.80000000
1.80000000
1.77500000
1.77500000
1.75500000
1.75500000
1.72000000
1.72000000
1.71000000
1.71000000
1.69000000
1.69000000
1.67500000
1.67500000
1.67500000
1.67500000
1.58500000
1.58500000
1.58000000
1.58000000
1.55000000
1.55000000
1.44000000
1.44000000
1.35500000
1.35500000
1.34500000
1.34500000
1.32500000
1.32500000
1.32000000
1.32000000
1.25500000
1.25500000
1.06000000
1.06000000
1.06000000
1.06000000
0.91500000
0.91500000
0.82500000
0.82500000
0.78000000
0.78000000
0.76000000
0.76000000
0.75000000
0.75000000
0.70000000
0.70000000
0.69000000
0.69000000
0.65000000
0.65000000
0.50000000
0.50000000
0.36000000
0.36000000
0.26500000
0.26500000
0.26500000
0.26500000
6.24500000
6.24500000
6.15500000
6.15500000
6.06000000
6.06000000
5.92500000
5.92500000
5.88500000
5.88500000
5.85500000
5.85500000
5.84500000
5.84500000
5.79000000
5.79000000
5.68000000
5.68000000
5.67500000
5.67500000
5.55000000
5.55000000
5.51500000
5.51500000
5.46000000
5.46000000
5.34000000
5.34000000
5.34000000
5.34000000
5.32000000
5.32000000
5.22000000
5.22000000
5.17500000
5.17500000
5.07500000
5.07500000
5.06500000
5.06500000
4.99000000
4.99000000
4.86500000
4.86500000
4.80000000
4.80000000
4.74000000
4.74000000
4.68500000
4.68500000
4.65500000
4.65500000
4.63000000
4.63000000
4.62500000
4.62500000
4.59500000
4.59500000
4.51000000
4.51000000
4.49500000
4.49500000
4.43500000
4.43500000
4.42500000
4.42500000
4.24000000
4.24000000
4.20500000
4.20500000
4.15000000
4.15000000
4.09000000
4.09000000
4.03500000
4.03500000
4.01500000
4.01500000
3.99000000
3.99000000
3.95500000
3.95500000
3.82000000
3.82000000
3.79500000
3.79500000
3.78500000
3.78500000
3.77500000
3.77500000
3.77000000
3.77000000
3.75000000
3.75000000
3.70500000
3.70500000
3.70500000
3.70500000
3.64000000
3.64000000
3.64000000
3.64000000
3.62500000
3.62500000
3.62500000
3.62500000
3.60500000
3.60500000
3.60500000
3.60500000
3.58500000
3.58500000
3.58500000
3.58500000
3.40500000
3.40500000
3.40500000
3.40500000
3.32500000
3.32500000
3.32500000
3.32500000
3.27500000
3.27500000
3.27500000
3.27500000
3.23500000
3.23500000
3.23500000
3.23500000
3.23500000
3.23500000
3.23500000
3.23500000
3.05000000
3.05000000
3.05000000
3.05000000
3.00500000
3.00500000
3.00500000
3.00500000
2.91000000
2.91000000
2.91000000
2.91000000
2.75500000
2.75500000
2.75500000
2.75500000
2.71000000
2.71000000
2.71000000
2.71000000
2.56500000
2.56500000
2.56500000
2.56500000
2.55000000
2.55000000
2.55000000
2.55000000
2.41000000
2.41000000
2.41000000
2.41000000
2.35000000
2.35000000
2.35000000
2.35000000
2.23000000
2.23000000
2.23000000
2.23000000
2.01000000
2.01000000
2.01000000
2.01000000
1.80000000
1.80000000
1.80000000
1.80000000
1.77500000
1.77500000
1.77500000
1.77500000
1.75500000
1.75500000
1.75500000
1.75500000
1.72000000
1.72000000
1.72000000
1.72000000
1.71000000
1.71000000
1.71000000
1.71000000
1.69000000
1.69000000
1.69000000
1.69000000
1.67500000
1.67500000
1.67500000
1.67500000
1.67500000
1.67500000
1.67500000
1.67500000
1.58500000
1.58500000
1.58500000
1.58500000
1.58000000
1.58000000
1.58000000
1.58000000
1.55000000
1.55000000
1.55000000
1.55000000
1.44000000
1.44000000
1.44000000
1.44000000
1.35500000
1.35500000
1.35500000
1.35500000
1.34500000
1.34500000
1.34500000
1.34500000
1.32500000
1.32500000
1.32500000
1.32500000
1.32000000
1.32000000
1.32000000
1.32000000
1.25500000
1.25500000
1.25500000
1.25500000
1.06000000
1.06000000
1.06000000
1.06000000
1.06000000
1.06000000
1.06000000
1.06000000
0.91500000
0.91500000
0.91500000
0.91500000
0.82500000
0.82500000
0.82500000
0.82500000
0.78000000
0.78000000
0.78000000
0.78000000
0.76000000
0.76000000
0.76000000
0.76000000
0.75000000
0.75000000
0.75000000
0.75000000
0.70000000
0.70000000
0.70000000
0.70000000
0.69000000
0.69000000
0.69000000
0.69000000
0.65000000
0.65000000
0.65000000
0.65000000
0.50000000
0.50000000
0.50000000
0.50000000
0.36000000
0.36000000
0.36000000
0.36000000
0.26500000
0.26500000
0.26500000
0.26500000
0.26500000
0.26500000
0.26500000
0.26500000
