2.56000000
0.06000000
5.08500000
2.70500000
2.85000000
3.22500000
4.11000000
6.02500000
6.13500000
3.84000000
0.40000000
1.82500000
1.37500000
5.39500000
0.61500000
2.67500000
4.20500000
3.39000000
4.60000000
5.03500000
1.82000000
2.54500000
1.75500000
4.83500000
2.48500000
6.01000000
5.39500000
1.67500000
2.68000000
1.84500000
3.89500000
1.28500000
2.06500000
5.92000000
5.59000000
2.64500000
1.45500000
1.87000000
2.29000000
5.91500000
3.90500000
2.47500000
2.00500000
4.60000000
6.04500000
2.79000000
5.77500000
0.28000000
3.56500000
3.04000000
5.68000000
5.09500000
5.69000000
5.16000000
2.20000000
1.28500000
5.25000000
3.93500000
2.73500000
0.46000000
3.51000000
0.96000000
2.14000000
5.66000000
2.25500000
3.39000000
2.91500000
3.60000000
3.97500000
5.11500000
2.08500000
0.80500000
4.98500000
3.11500000
1.80000000
5.02500000
1.63500000
3.12500000
2.04000000
4.29500000
6.01000000
0.76000000
4.69500000
6.05500000
1.65500000
3.37000000
6.11000000
5.88500000
3.73000000
1.05500000
1.10000000
5.65500000
0.60000000
1.32500000
6.09000000
1.75500000
1.83500000
3.27000000
1.69000000
3.72500000
1.69000000
1.67500000
1.65500000
1.63500000
1.45500000
1.37500000
1.32500000
1.28500000
1.28500000
1.10000000
1.05500000
0.96000000
0.80500000
0.76000000
0.61500000
0.60000000
0.46000000
0.40000000
0.28000000
0.06000000
6.13500000
6.11000000
6.09000000
6.05500000
6.04500000
6.02500000
6.01000000
6.01000000
5.92000000
5.91500000
5.88500000
5.77500000
5.69000000
5.68000000
5.66000000
5.65500000
5.59000000
5.39500000
5.39500000
5.25000000
5.16000000
5.11500000
5.09500000
5.08500000
5.03500000
5.02500000
4.98500000
4.83500000
4.69500000
4.60000000
4.60000000
4.29500000
4.20500000
4.11000000
3.97500000
3.93500000
3.90500000
3.89500000
3.84000000
3.73000000
3.72500000
3.60000000
3.56500000
3.51000000
3.39000000
3.39000000
3.37000000
3.27000000
3.22500000
3.12500000
3.11500000
3.04000000
2.91500000
2.85000000
2.79000000
2.73500000
2.70500000
2.68000000
2.67500000
2.64500000
2.56000000
2.54500000
2.48500000
2.47500000
2.29000000
2.25500000
2.20000000
2.14000000
2.08500000
2.06500000
2.04000000
2.00500000
1.87000000
1.84500000
1.83500000
1.82500000
1.82000000
1.80000000
1.75500000
1.75500000
1.69000000
1.69000000
1.67500000
1.67500000
1.65500000
1.65500000
1.63500000
1.63500000
1.45500000
1.45500000
1.37500000
1.37500000
1.32500000
1.32500000
1.28500000
1.28500000
1.28500000
1.28500000
1.10000000
1.10000000
1.05500000
1.05500000
0.96000000
0.96000000
0.80500000
0.80500000
0.76000000
0.76000000
0.61500000
0.61500000
0.60000000
0.60000000
0.46000000
0.46000000
0.40000000
0.40000000
0.28000000
0.28000000
0.06000000
0.06000000
6.13500000
6.13500000
6.11000000
6.11000000
6.09000000
6.09000000
6.05500000
6.05500000
6.04500000
6.04500000
6.02500000
6.02500000
6.01000000
6.01000000
6.01000000
6.01000000
5.92000000
5.92000000
5.91500000
5.91500000
5.88500000
5.88500000
5.77500000
5.77500000
5.69000000
5.69000000
5.68000000
5.68000000
5.66000000
5.66000000
5.65500000
5.65500000
5.59000000
5.59000000
5.39500000
5.39500000
5.39500000
5.39500000
5.25000000
5.25000000
5.16000000
5.16000000
5.11500000
5.11500000
5.09500000
5.09500000
5.08500000
5.08500000
5.03500000
5.03500000
5.02500000
5.02500000
4.98500000
4.98500000
4.83500000
4.83500000
4.69500000
4.69500000
4.60000000
4.60000000
4.60000000
4.60000000
4.29500000
4.29500000
4.20500000
4.20500000
4.11000000
4.11000000
3.97500000
3.97500000
3.93500000
3.93500000
3.90500000
3.90500000
3.89500000
3.89500000
3.84000000
3.84000000
3.73000000
3.73000000
3.72500000
3.72500000
3.60000000
3.60000000
3.56500000
3.56500000
3.51000000
3.51000000
3.39000000
3.39000000
3.39000000
3.39000000
3.37000000
3.37000000
3.27000000
3.27000000
3.22500000
3.22500000
3.12500000
3.12500000
3.11500000
3.11500000
3.04000000
3.04000000
2.91500000
2.91500000
2.85000000
2.85000000
2.79000000
2.79000000
2.73500000
2.73500000
2.70500000
2.70500000
2.68000000
2.68000000
2.67500000
2.67500000
2.64500000
2.64500000
2.56000000
2.56000000
2.54500000
2.54500000
2.48500000
2.48500000
2.47500000
2.47500000
2.29000000
2.29000000
2.25500000
2.25500000
2.20000000
2.20000000
2.14000000
2.14000000
2.08500000
2.08500000
2.06500000
2.06500000
2.04000000
2.04000000
2.00500000
2.00500000
1.87000000
1.87000000
1.84500000
1.84500000
1.83500000
1.83500000
1.82500000
1.82500000
1.82000000
1.82000000
1.80000000
1.80000000
1.75500000
1.75500000
1.75500000
1.75500000
1.69000000
1.69000000
1.69000000
1.69000000
1.67500000
1.67500000
1.67500000
1.67500000
1.65500000
1.65500000
1.65500000
1.65500000
1.63500000
1.63500000
1.63500000
1.63500000
1.45500000
1.45500000
1.45500000
1.45500000
1.37500000
1.37500000
1.37500000
1.37500000
1.32500000
1.32500000
1.32500000
1.32500000
1.28500000
1.28500000
1.28500000
1.28500000
1.28500000
1.28500000
1.28500000
1.28500000
1.10000000
1.10000000
1.10000000
1.10000000
1.05500000
1.05500000
1.05500000
1.05500000
0.96000000
0.96000000
0.96000000
0.96000000
0.80500000
0.80500000
0.80500000
0.80500000
0.76000000
0.76000000
0.76000000
0.76000000
0.61500000
0.61500000
0.61500000
0.61500000
0.60000000
0.60000000
0.60000000
0.60000000
0.46000000
0.46000000
0.46000000
0.46000000
0.40000000
0.40000000
0.40000000
0.40000000
0.28000000
0.28000000
0.28000000
0.28000000
0.06000000
0.06000000
0.06000000
0.06000000
