3.54500000
1.04500000
6.07000000
3.69000000
3.83500000
4.21000000
5.09500000
0.72500000
0.83500000
4.82500000
1.38500000
2.81000000
2.36000000
0.09500000
1.60000000
3.66000000
5.19000000
4.37500000
5.58500000
6.02000000
2.80500000
3.53000000
2.74000000
5.82000000
3.47000000
0.71000000
0.09500000
2.66000000
3.66500000
2.83000000
4.88000000
2.27000000
3.05000000
0.62000000
0.29000000
3.63000000
2.44000000
2.85500000
3.27500000
0.61500000
4.89000000
3.46000000
2.99000000
5.58500000
0.74500000
3.77500000
0.47500000
1.26500000
4.55000000
4.02500000
0.38000000
6.08000000
0.39000000
6.14500000
3.18500000
2.27000000
6.23500000
4.92000000
3.72000000
1.44500000
4.49500000
1.94500000
3.12500000
0.36000000
3.24000000
4.37500000
3.90000000
4.58500000
4.96000000
6.10000000
3.07000000
1.79000000
5.97000000
4.10000000
2.78500000
6.01000000
2.62000000
4.11000000
3.02500000
5.28000000
0.71000000
1.74500000
5.68000000
0.75500000
2.64000000
4.35500000
0.81000000
0.58500000
4.71500000
2.04000000
2.08500000
0.35500000
1.58500000
2.31000000
0.79000000
2.74000000
2.82000000
4.25500000
2.67500000
4.71000000
2.67500000
2.66000000
2.64000000
2.62000000
2.44000000
2.36000000
2.31000000
2.27000000
2.27000000
2.08500000
2.04000000
1.94500000
1.79000000
1.74500000
1.60000000
1.58500000
1.44500000
1.38500000
1.26500000
1.04500000
0.83500000
0.81000000
0.79000000
0.75500000
0.74500000
0.72500000
0.71000000
0.71000000
0.62000000
0.61500000
0.58500000
0.47500000
0.39000000
0.38000000
0.36000000
0.35500000
0.29000000
0.09500000
0.09500000
6.23500000
6.14500000
6.10000000
6.08000000
6.07000000
6.02000000
6.01000000
5.97000000
5.82000000
5.68000000
5.58500000
5.58500000
5.28000000
5.19000000
5.09500000
4.96000000
4.92000000
4.89000000
4.88000000
4.82500000
4.71500000
4.71000000
4.58500000
4.55000000
4.49500000
4.37500000
4.37500000
4.35500000
4.25500000
4.21000000
4.11000000
4.10000000
4.02500000
3.90000000
3.83500000
3.77500000
3.72000000
3.69000000
3.66500000
3.66000000
3.63000000
3.54500000
3.53000000
3.47000000
3.46000000
3.27500000
3.24000000
3.18500000
3.12500000
3.07000000
3.05000000
3.02500000
2.99000000
2.85500000
2.83000000
2.82000000
2.81000000
2.80500000
2.78500000
2.74000000
2.74000000
2.67500000
2.67500000
2.66000000
2.66000000
2.64000000
2.64000000
2.62000000
2.62000000
2.44000000
2.44000000
2.36000000
2.36000000
2.31000000
2.31000000
2.27000000
2.27000000
2.27000000
2.27000000
2.08500000
2.08500000
2.04000000
2.04000000
1.94500000
1.94500000
1.79000000
1.79000000
1.74500000
1.74500000
1.60000000
1.60000000
1.58500000
1.58500000
1.44500000
1.44500000
1.38500000
1.38500000
1.26500000
1.26500000
1.04500000
1.04500000
0.83500000
0.83500000
0.81000000
0.81000000
0.79000000
0.79000000
0.75500000
0.75500000
0.74500000
0.74500000
0.72500000
0.72500000
0.71000000
0.71000000
0.71000000
0.71000000
0.62000000
0.62000000
0.61500000
0.61500000
0.58500000
0.58500000
0.47500000
0.47500000
0.39000000
0.39000000
0.38000000
0.38000000
0.36000000
0.36000000
0.35500000
0.35500000
0.29000000
0.29000000
0.09500000
0.09500000
0.09500000
0.09500000
