4.36000000
1.86000000
0.60000000
4.50500000
4.65000000
5.02500000
5.91000000
1.54000000
1.65000000
5.64000000
2.20000000
3.62500000
3.17500000
0.91000000
2.41500000
4.47500000
6.00500000
5.19000000
0.11500000
0.55000000
3.62000000
4.34500000
3.55500000
0.35000000
4.28500000
1.52500000
0.91000000
3.47500000
4.48000000
3.64500000
5.69500000
3.08500000
3.86500000
1.43500000
1.10500000
4.44500000
3.25500000
3.67000000
4.09000000
1.43000000
5.70500000
4.27500000
3.80500000
0.11500000
1.56000000
4.59000000
1.29000000
2.08000000
5.36500000
4.84000000
1.19500000
0.61000000
1.20500000
0.67500000
4.00000000
3.08500000
0.76500000
5.73500000
4.53500000
2.26000000
5.31000000
2.76000000
3.94000000
1.17500000
4.05500000
5.19000000
4.71500000
5.40000000
5.77500000
0.63000000
3.88500000
2.60500000
0.50000000
4.91500000
3.60000000
0.54000000
3.43500000
4.92500000
3.84000000
6.09500000
1.52500000
2.56000000
0.21000000
1.57000000
3.45500000
5.17000000
1.62500000
1.40000000
5.53000000
2.85500000
2.90000000
1.17000000
2.40000000
3.12500000
1.60500000
3.55500000
3.63500000
5.07000000
3.49000000
5.52500000
3.49000000
3.47500000
3.45500000
3.43500000
3.25500000
3.17500000
3.12500000
3.08500000
3.08500000
2.90000000
2.85500000
2.76000000
2.60500000
2.56000000
2.41500000
2.40000000
2.26000000
2.20000000
2.08000000
1.86000000
1.65000000
1.62500000
1.60500000
1.57000000
1.56000000
1.54000000
1.52500000
1.52500000
1.43500000
1.43000000
1.40000000
1.29000000
1.20500000
1.19500000
1.17500000
1.17000000
1.10500000
0.91000000
0.91000000
0.76500000
0.67500000
0.63000000
0.61000000
0.60000000
0.55000000
0.54000000
0.50000000
0.35000000
0.21000000
0.11500000
0.11500000
6.09500000
6.00500000
5.91000000
5.77500000
5.73500000
5.70500000
5.69500000
5.64000000
5.53000000
5.52500000
5.40000000
5.36500000
5.31000000
5.19000000
5.19000000
5.17000000
5.07000000
5.02500000
4.92500000
4.91500000
4.84000000
4.71500000
4.65000000
4.59000000
4.53500000
4.50500000
4.48000000
4.47500000
4.44500000
4.36000000
4.34500000
4.28500000
4.27500000
4.09000000
4.05500000
4.00000000
3.94000000
3.88500000
3.86500000
3.84000000
3.80500000
3.67000000
3.64500000
3.63500000
3.62500000
3.62000000
3.60000000
3.55500000
3.55500000
3.49000000
3.49000000
3.47500000
3.47500000
3.45500000
3.45500000
3.43500000
3.43500000
3.25500000
3.25500000
3.17500000
3.17500000
3.12500000
3.12500000
3.08500000
3.08500000
3.08500000
3.08500000
2.90000000
2.90000000
2.85500000
2.85500000
2.76000000
2.76000000
2.60500000
2.60500000
2.56000000
2.56000000
2.41500000
2.41500000
2.40000000
2.40000000
2.26000000
2.26000000
2.20000000
2.20000000
2.08000000
2.08000000
1.86000000
1.86000000
1.65000000
1.65000000
1.62500000
1.62500000
1.60500000
1.60500000
1.57000000
1.57000000
1.56000000
1.56000000
1.54000000
1.54000000
1.52500000
1.52500000
1.52500000
1.52500000
1.43500000
1.43500000
1.43000000
1.43000000
1.40000000
1.40000000
1.29000000
1.29000000
1.20500000
1.20500000
1.19500000
1.19500000
1.17500000
1.17500000
1.17000000
1.17000000
1.10500000
1.10500000
0.91000000
0.91000000
0.91000000
0.91000000
0.76500000
0.76500000
0.67500000
0.67500000
0.63000000
0.63000000
0.61000000
0.61000000
0.60000000
0.60000000
0.55000000
0.55000000
0.54000000
0.54000000
0.50000000
0.50000000
0.35000000
0.35000000
0.21000000
0.21000000
0.11500000
0.11500000
0.11500000
0.11500000
6.09500000
6.09500000
6.00500000
6.00500000
5.91000000
5.91000000
5.77500000
5.77500000
5.73500000
5.73500000
5.70500000
5.70500000
5.69500000
5.69500000
5.64000000
5.64000000
5.53000000
5.53000000
5.52500000
5.52500000
5.40000000
5.40000000
5.36500000
5.36500000
5.31000000
5.31000000
5.19000000
5.19000000
5.19000000
5.19000000
5.17000000
5.17000000
5.07000000
5.07000000
5.02500000
5.02500000
4.92500000
4.92500000
4.91500000
4.91500000
4.84000000
4.84000000
4.71500000
4.71500000
4.65000000
4.65000000
4.59000000
4.59000000
4.53500000
4.53500000
4.50500000
4.50500000
4.48000000
4.48000000
4.47500000
4.47500000
4.44500000
4.44500000
4.36000000
4.36000000
4.34500000
4.34500000
4.28500000
4.28500000
4.27500000
4.27500000
4.09000000
4.09000000
4.05500000
4.05500000
4.00000000
4.00000000
3.94000000
3.94000000
3.88500000
3.88500000
3.86500000
3.86500000
3.84000000
3.84000000
3.80500000
3.80500000
3.67000000
3.67000000
3.64500000
3.64500000
3.63500000
3.63500000
3.62500000
3.62500000
3.62000000
3.62000000
3.60000000
3.60000000
3.55500000
3.55500000
3.55500000
3.55500000
3.49000000
3.49000000
3.49000000
3.49000000
3.47500000
3.47500000
3.47500000
3.47500000
3.45500000
3.45500000
3.45500000
3.45500000
3.43500000
3.43500000
3.43500000
3.43500000
3.25500000
3.25500000
3.25500000
3.25500000
3.17500000
3.17500000
3.17500000
3.17500000
3.12500000
3.12500000
3.12500000
3.12500000
3.08500000
3.08500000
3.08500000
3.08500000
3.08500000
3.08500000
3.08500000
3.08500000
2.90000000
2.90000000
2.90000000
2.90000000
2.85500000
2.85500000
2.85500000
2.85500000
2.76000000
2.76000000
2.76000000
2.76000000
2.60500000
2.60500000
2.60500000
2.60500000
2.56000000
2.56000000
2.56000000
2.56000000
2.41500000
2.41500000
2.41500000
2.41500000
2.40000000
2.40000000
2.40000000
2.40000000
2.26000000
2.26000000
2.26000000
2.26000000
2.20000000
2.20000000
2.20000000
2.20000000
2.08000000
2.08000000
2.08000000
2.08000000
1.86000000
1.86000000
1.86000000
1.86000000
1.65000000
1.65000000
1.65000000
1.65000000
1.62500000
1.62500000
1.62500000
1.62500000
1.60500000
1.60500000
1.60500000
1.60500000
1.57000000
1.57000000
1.57000000
1.57000000
1.56000000
1.56000000
1.56000000
1.56000000
1.54000000
1.54000000
1.54000000
1.54000000
1.52500000
1.52500000
1.52500000
1.52500000
1.52500000
1.52500000
1.52500000
1.52500000
1.43500000
1.43500000
1.43500000
1.43500000
1.43000000
1.43000000
1.43000000
1.43000000
1.40000000
1.40000000
1.40000000
1.40000000
1.29000000
1.29000000
1.29000000
1.29000000
1.20500000
1.20500000
1.20500000
1.20500000
1.19500000
1.19500000
1.19500000
1.19500000
1.17500000
1.17500000
1.17500000
1.17500000
1.17000000
1.17000000
1.17000000
1.17000000
1.10500000
1.10500000
1.10500000
1.10500000
0.91000000
0.91000000
0.91000000
0.91000000
0.91000000
0.91000000
0.91000000
0.91000000
0.76500000
0.76500000
0.76500000
0.76500000
0.67500000
0.67500000
0.67500000
0.67500000
0.63000000
0.63000000
0.63000000
0.63000000
0.61000000
0.61000000
0.61000000
0.61000000
0.60000000
0.60000000
0.60000000
0.60000000
0.55000000
0.55000000
0.55000000
0.55000000
0.54000000
0.54000000
0.54000000
0.54000000
0.50000000
0.50000000
0.50000000
0.50000000
0.35000000
0.35000000
0.35000000
0.35000000
0.21000000
0.21000000
0.21000000
0.21000000
0.11500000
0.11500000
0.11500000
0.11500000
0.11500000
0.11500000
0.11500000
0.11500000
