1.37500000
5.16000000
3.90000000
1.52000000
1.66500000
2.04000000
2.92500000
4.84000000
4.95000000
2.65500000
5.50000000
0.64000000
0.19000000
4.21000000
5.71500000
1.49000000
3.02000000
2.20500000
3.41500000
3.85000000
0.63500000
1.36000000
0.57000000
3.65000000
1.30000000
4.82500000
4.21000000
0.49000000
1.49500000
0.66000000
2.71000000
0.10000000
0.88000000
4.73500000
4.40500000
1.46000000
0.27000000
0.68500000
1.10500000
4.73000000
2.72000000
1.29000000
0.82000000
3.41500000
4.86000000
1.60500000
4.59000000
5.38000000
2.38000000
1.85500000
4.49500000
3.91000000
4.50500000
3.97500000
1.01500000
0.10000000
4.06500000
2.75000000
1.55000000
5.56000000
2.32500000
6.06000000
0.95500000
4.47500000
1.07000000
2.20500000
1.73000000
2.41500000
2.79000000
3.93000000
0.90000000
5.90500000
3.80000000
1.93000000
0.61500000
3.84000000
0.45000000
1.94000000
0.85500000
3.11000000
4.82500000
5.86000000
3.51000000
4.87000000
0.47000000
2.18500000
4.92500000
4.70000000
2.54500000
6.15500000
6.20000000
4.47000000
5.70000000
0.14000000
4.90500000
0.57000000
0.65000000
2.08500000
0.50500000
2.54000000
0.50500000
0.49000000
0.47000000
0.45000000
0.27000000
0.19000000
0.14000000
0.10000000
0.10000000
6.20000000
6.15500000
6.06000000
5.90500000
5.86000000
5.71500000
5.70000000
5.56000000
5.50000000
5.38000000
5.16000000
4.95000000
4.92500000
4.90500000
4.87000000
4.86000000
4.84000000
4.82500000
4.82500000
4.73500000
4.73000000
4.70000000
4.59000000
4.50500000
4.49500000
4.47500000
4.47000000
4.40500000
4.21000000
4.21000000
4.06500000
3.97500000
3.93000000
3.91000000
3.90000000
3.85000000
3.84000000
3.80000000
3.65000000
3.51000000
3.41500000
3.41500000
3.11000000
3.02000000
2.92500000
2.79000000
2.75000000
2.72000000
2.71000000
2.65500000
2.54500000
2.54000000
2.41500000
2.38000000
2.32500000
2.20500000
2.20500000
2.18500000
2.08500000
2.04000000
1.94000000
1.93000000
1.85500000
1.73000000
1.66500000
1.60500000
1.55000000
1.52000000
1.49500000
1.49000000
1.46000000
1.37500000
1.36000000
1.30000000
1.29000000
1.10500000
1.07000000
1.01500000
0.95500000
0.90000000
0.88000000
0.85500000
0.82000000
0.68500000
0.66000000
0.65000000
0.64000000
0.63500000
0.61500000
0.57000000
0.57000000
0.50500000
0.50500000
0.49000000
0.49000000
0.47000000
0.47000000
0.45000000
0.45000000
0.27000000
0.27000000
0.19000000
0.19000000
0.14000000
0.14000000
0.10000000
0.10000000
0.10000000
0.10000000
6.20000000
6.20000000
6.15500000
6.15500000
6.06000000
6.06000000
5.90500000
5.90500000
5.86000000
5.86000000
5.71500000
5.71500000
5.70000000
5.70000000
5.56000000
5.56000000
5.50000000
5.50000000
5.38000000
5.38000000
5.16000000
5.16000000
4.95000000
4.95000000
4.92500000
4.92500000
4.90500000
4.90500000
4.87000000
4.87000000
4.86000000
4.86000000
4.84000000
4.84000000
4.82500000
4.82500000
4.82500000
4.82500000
4.73500000
4.73500000
4.73000000
4.73000000
4.70000000
4.70000000
4.59000000
4.59000000
4.50500000
4.50500000
4.49500000
4.49500000
4.47500000
4.47500000
4.47000000
4.47000000
4.40500000
4.40500000
4.21000000
4.21000000
4.21000000
4.21000000
4.06500000
4.06500000
3.97500000
3.97500000
3.93000000
3.93000000
3.91000000
3.91000000
3.90000000
3.90000000
3.85000000
3.85000000
3.84000000
3.84000000
3.80000000
3.80000000
3.65000000
3.65000000
3.51000000
3.51000000
3.41500000
3.41500000
3.41500000
3.41500000
3.11000000
3.11000000
3.02000000
3.02000000
2.92500000
2.92500000
2.79000000
2.79000000
2.75000000
2.75000000
2.72000000
2.72000000
2.71000000
2.71000000
2.65500000
2.65500000
2.54500000
2.54500000
2.54000000
2.54000000
2.41500000
2.41500000
2.38000000
2.38000000
2.32500000
2.32500000
2.20500000
2.20500000
2.20500000
2.20500000
2.18500000
2.18500000
2.08500000
2.08500000
2.04000000
2.04000000
1.94000000
1.94000000
1.93000000
1.93000000
1.85500000
1.85500000
1.73000000
1.73000000
1.66500000
1.66500000
1.60500000
1.60500000
1.55000000
1.55000000
1.52000000
1.52000000
1.49500000
1.49500000
1.49000000
1.49000000
1.46000000
1.46000000
1.37500000
1.37500000
1.36000000
1.36000000
1.30000000
1.30000000
1.29000000
1.29000000
1.10500000
1.10500000
1.07000000
1.07000000
1.01500000
1.01500000
0.95500000
0.95500000
0.90000000
0.90000000
0.88000000
0.88000000
0.85500000
0.85500000
0.82000000
0.82000000
0.68500000
0.68500000
0.66000000
0.66000000
0.65000000
0.65000000
0.64000000
0.64000000
0.63500000
0.63500000
0.61500000
0.61500000
0.57000000
0.57000000
0.57000000
0.57000000
0.50500000
0.50500000
0.50500000
0.50500000
0.49000000
0.49000000
0.49000000
0.49000000
0.47000000
0.47000000
0.47000000
0.47000000
0.45000000
0.45000000
0.45000000
0.45000000
0.27000000
0.27000000
0.27000000
0.27000000
0.19000000
0.19000000
0.19000000
0.19000000
0.14000000
0.14000000
0.14000000
0.14000000
0.10000000
0.10000000
0.10000000
0.10000000
0.10000000
0.10000000
0.10000000
0.10000000
6.20000000
6.20000000
6.20000000
6.20000000
6.15500000
6.15500000
6.15500000
6.15500000
6.06000000
6.06000000
6.06000000
6.06000000
5.90500000
5.90500000
5.90500000
5.90500000
5.86000000
5.86000000
5.86000000
5.86000000
5.71500000
5.71500000
5.71500000
5.71500000
5.70000000
5.70000000
5.70000000
5.70000000
5.56000000
5.56000000
5.56000000
5.56000000
5.50000000
5.50000000
5.50000000
5.50000000
5.38000000
5.38000000
5.38000000
5.38000000
5.16000000
5.16000000
5.16000000
5.16000000
4.95000000
4.95000000
4.95000000
4.95000000
4.92500000
4.92500000
4.92500000
4.92500000
4.90500000
4.90500000
4.90500000
4.90500000
4.87000000
4.87000000
4.87000000
4.87000000
4.86000000
4.86000000
4.86000000
4.86000000
4.84000000
4.84000000
4.84000000
4.84000000
4.82500000
4.82500000
4.82500000
4.82500000
4.82500000
4.82500000
4.82500000
4.82500000
4.73500000
4.73500000
4.73500000
4.73500000
4.73000000
4.73000000
4.73000000
4.73000000
4.70000000
4.70000000
4.70000000
4.70000000
4.59000000
4.59000000
4.59000000
4.59000000
4.50500000
4.50500000
4.50500000
4.50500000
4.49500000
4.49500000
4.49500000
4.49500000
4.47500000
4.47500000
4.47500000
4.47500000
4.47000000
4.47000000
4.47000000
4.47000000
4.40500000
4.40500000
4.40500000
4.40500000
4.21000000
4.21000000
4.21000000
4.21000000
4.21000000
4.21000000
4.21000000
4.21000000
4.06500000
4.06500000
4.06500000
4.06500000
3.97500000
3.97500000
3.97500000
3.97500000
3.93000000
3.93000000
3.93000000
3.93000000
3.91000000
3.91000000
3.91000000
3.91000000
3.90000000
3.90000000
3.90000000
3.90000000
3.85000000
3.85000000
3.85000000
3.85000000
3.84000000
3.84000000
3.84000000
3.84000000
3.80000000
3.80000000
3.80000000
3.80000000
3.65000000
3.65000000
3.65000000
3.65000000
3.51000000
3.51000000
3.51000000
3.51000000
3.41500000
3.41500000
3.41500000
3.41500000
3.41500000
3.41500000
3.41500000
3.41500000
3.11000000
3.11000000
3.11000000
3.11000000
3.02000000
3.02000000
3.02000000
3.02000000
2.92500000
2.92500000
2.92500000
2.92500000
2.79000000
2.79000000
2.79000000
2.79000000
2.75000000
2.75000000
2.75000000
2.75000000
2.72000000
2.72000000
2.72000000
2.72000000
2.71000000
2.71000000
2.71000000
2.71000000
2.65500000
2.65500000
2.65500000
2.65500000
2.54500000
2.54500000
2.54500000
2.54500000
2.54000000
2.54000000
2.54000000
2.54000000
2.41500000
2.41500000
2.41500000
2.41500000
2.38000000
2.38000000
2.38000000
2.38000000
2.32500000
2.32500000
2.32500000
2.32500000
2.20500000
2.20500000
2.20500000
2.20500000
2.20500000
2.20500000
2.20500000
2.20500000
2.18500000
2.18500000
2.18500000
2.18500000
2.08500000
2.08500000
2.08500000
2.08500000
2.04000000
2.04000000
2.04000000
2.04000000
1.94000000
1.94000000
1.94000000
1.94000000
1.93000000
1.93000000
1.93000000
1.93000000
1.85500000
1.85500000
1.85500000
1.85500000
1.73000000
1.73000000
1.73000000
1.73000000
1.66500000
1.66500000
1.66500000
1.66500000
1.60500000
1.60500000
1.60500000
1.60500000
1.55000000
1.55000000
1.55000000
1.55000000
1.52000000
1.52000000
1.52000000
1.52000000
1.49500000
1.49500000
1.49500000
1.49500000
1.49000000
1.49000000
1.49000000
1.49000000
1.46000000
1.46000000
1.46000000
1.46000000
1.37500000
1.37500000
1.37500000
1.37500000
1.36000000
1.36000000
1.36000000
1.36000000
1.30000000
1.30000000
1.30000000
1.30000000
1.29000000
1.29000000
1.29000000
1.29000000
1.10500000
1.10500000
1.10500000
1.10500000
1.07000000
1.07000000
1.07000000
1.07000000
1.01500000
1.01500000
1.01500000
1.01500000
0.95500000
0.95500000
0.95500000
0.95500000
0.90000000
0.90000000
0.90000000
0.90000000
0.88000000
0.88000000
0.88000000
0.88000000
0.85500000
0.85500000
0.85500000
0.85500000
0.82000000
0.82000000
0.82000000
0.82000000
0.68500000
0.68500000
0.68500000
0.68500000
0.66000000
0.66000000
0.66000000
0.66000000
0.65000000
0.65000000
0.65000000
0.65000000
0.64000000
0.64000000
0.64000000
0.64000000
0.63500000
0.63500000
0.63500000
0.63500000
0.61500000
0.61500000
0.61500000
0.61500000
0.57000000
0.57000000
0.57000000
0.57000000
0.57000000
0.57000000
0.57000000
0.57000000
0.50500000
0.50500000
0.50500000
0.50500000
0.50500000
0.50500000
0.50500000
0.50500000
0.49000000
0.49000000
0.49000000
0.49000000
0.49000000
0.49000000
0.49000000
0.49000000
0.47000000
0.47000000
0.47000000
0.47000000
0.47000000
0.47000000
0.47000000
0.47000000
0.45000000
0.45000000
0.45000000
0.45000000
0.45000000
0.45000000
0.45000000
0.45000000
0.27000000
0.27000000
0.27000000
0.27000000
0.27000000
0.27000000
0.27000000
0.27000000
0.19000000
0.19000000
0.19000000
0.19000000
0.19000000
0.19000000
0.19000000
0.19000000
0.14000000
0.14000000
0.14000000
0.14000000
0.14000000
0.14000000
0.14000000
0.14000000
0.10000000
0.10000000
0.10000000
0.10000000
0.10000000
0.10000000
0.10000000
0.10000000
0.10000000
0.10000000
0.10000000
0.10000000
0.10000000
0.10000000
0.10000000
0.10000000
