0.57500000
4.36000000
3.10000000
0.72000000
0.86500000
1.24000000
2.12500000
4.04000000
4.15000000
1.85500000
4.70000000
6.12500000
5.67500000
3.41000000
4.91500000
0.69000000
2.22000000
1.40500000
2.61500000
3.05000000
6.12000000
0.56000000
6.05500000
2.85000000
0.50000000
4.02500000
3.41000000
5.97500000
0.69500000
6.14500000
1.91000000
5.58500000
0.08000000
3.93500000
3.60500000
0.66000000
5.75500000
6.17000000
0.30500000
3.93000000
1.92000000
0.49000000
0.02000000
2.61500000
4.06000000
0.80500000
3.79000000
4.58000000
1.58000000
1.05500000
3.69500000
3.11000000
3.70500000
3.17500000
0.21500000
5.58500000
3.26500000
1.95000000
0.75000000
4.76000000
1.52500000
5.26000000
0.15500000
3.67500000
0.27000000
1.40500000
0.93000000
1.61500000
1.99000000
3.13000000
0.10000000
5.10500000
3.00000000
1.13000000
6.10000000
3.04000000
5.93500000
1.14000000
0.05500000
2.31000000
4.02500000
5.06000000
2.71000000
4.07000000
5.95500000
1.38500000
4.12500000
3.90000000
1.74500000
5.35500000
5.40000000
3.67000000
4.90000000
5.62500000
4.10500000
6.05500000
6.13500000
1.28500000
5.99000000
1.74000000
5.99000000
5.97500000
5.95500000
5.93500000
5.75500000
5.67500000
5.62500000
5.58500000
5.58500000
5.40000000
5.35500000
5.26000000
5.10500000
5.06000000
4.91500000
4.90000000
4.76000000
4.70000000
4.58000000
4.36000000
4.15000000
4.12500000
4.10500000
4.07000000
4.06000000
4.04000000
4.02500000
4.02500000
3.93500000
3.93000000
3.90000000
3.79000000
3.70500000
3.69500000
3.67500000
3.67000000
3.60500000
3.41000000
3.41000000
3.26500000
3.17500000
3.13000000
3.11000000
3.10000000
3.05000000
3.04000000
3.00000000
2.85000000
2.71000000
2.61500000
2.61500000
2.31000000
2.22000000
2.12500000
1.99000000
1.95000000
1.92000000
1.91000000
1.85500000
1.74500000
1.74000000
1.61500000
1.58000000
1.52500000
1.40500000
1.40500000
1.38500000
1.28500000
1.24000000
1.14000000
1.13000000
1.05500000
0.93000000
0.86500000
0.80500000
0.75000000
0.72000000
0.69500000
0.69000000
0.66000000
0.57500000
0.56000000
0.50000000
0.49000000
0.30500000
0.27000000
0.21500000
0.15500000
0.10000000
0.08000000
0.05500000
0.02000000
6.17000000
6.14500000
6.13500000
6.12500000
6.12000000
6.10000000
6.05500000
6.05500000
5.99000000
5.99000000
5.97500000
5.97500000
5.95500000
5.95500000
5.93500000
5.93500000
5.75500000
5.75500000
5.67500000
5.67500000
5.62500000
5.62500000
5.58500000
5.58500000
5.58500000
5.58500000
5.40000000
5.40000000
5.35500000
5.35500000
5.26000000
5.26000000
5.10500000
5.10500000
5.06000000
5.06000000
4.91500000
4.91500000
4.90000000
4.90000000
4.76000000
4.76000000
4.70000000
4.70000000
4.58000000
4.58000000
4.36000000
4.36000000
4.15000000
4.15000000
4.12500000
4.12500000
4.10500000
4.10500000
4.07000000
4.07000000
4.06000000
4.06000000
4.04000000
4.04000000
4.02500000
4.02500000
4.02500000
4.02500000
3.93500000
3.93500000
3.93000000
3.93000000
3.90000000
3.90000000
3.79000000
3.79000000
3.70500000
3.70500000
3.69500000
3.69500000
3.67500000
3.67500000
3.67000000
3.67000000
3.60500000
3.60500000
3.41000000
3.41000000
3.41000000
3.41000000
3.26500000
3.26500000
3.17500000
3.17500000
3.13000000
3.13000000
3.11000000
3.11000000
3.10000000
3.10000000
3.05000000
3.05000000
3.04000000
3.04000000
3.00000000
3.00000000
2.85000000
2.85000000
2.71000000
2.71000000
2.61500000
2.61500000
2.61500000
2.61500000
2.31000000
2.31000000
2.22000000
2.22000000
2.12500000
2.12500000
1.99000000
1.99000000
1.95000000
1.95000000
1.92000000
1.92000000
1.91000000
1.91000000
1.85500000
1.85500000
1.74500000
1.74500000
1.74000000
1.74000000
1.61500000
1.61500000
1.58000000
1.58000000
1.52500000
1.52500000
1.40500000
1.40500000
1.40500000
1.40500000
1.38500000
1.38500000
1.28500000
1.28500000
1.24000000
1.24000000
1.14000000
1.14000000
1.13000000
1.13000000
1.05500000
1.05500000
0.93000000
0.93000000
0.86500000
0.86500000
0.80500000
0.80500000
0.75000000
0.75000000
0.72000000
0.72000000
0.69500000
0.69500000
0.69000000
0.69000000
0.66000000
0.66000000
0.57500000
0.57500000
0.56000000
0.56000000
0.50000000
0.50000000
0.49000000
0.49000000
0.30500000
0.30500000
0.27000000
0.27000000
0.21500000
0.21500000
0.15500000
0.15500000
0.10000000
0.10000000
0.08000000
0.08000000
0.05500000
0.05500000
0.02000000
0.02000000
6.17000000
6.17000000
6.14500000
6.14500000
6.13500000
6.13500000
6.12500000
6.12500000
6.12000000
6.12000000
6.10000000
6.10000000
6.05500000
6.05500000
6.05500000
6.05500000
5.99000000
5.99000000
5.99000000
5.99000000
5.97500000
5.97500000
5.97500000
5.97500000
5.95500000
5.95500000
5.95500000
5.95500000
5.93500000
5.93500000
5.93500000
5.93500000
5.75500000
5.75500000
5.75500000
5.75500000
5.67500000
5.67500000
5.67500000
5.67500000
5.62500000
5.62500000
5.62500000
5.62500000
5.58500000
5.58500000
5.58500000
5.58500000
5.58500000
5.58500000
5.58500000
5.58500000
5.40000000
5.40000000
5.40000000
5.40000000
5.35500000
5.35500000
5.35500000
5.35500000
5.26000000
5.26000000
5.26000000
5.26000000
5.10500000
5.10500000
5.10500000
5.10500000
5.06000000
5.06000000
5.06000000
5.06000000
4.91500000
4.91500000
4.91500000
4.91500000
4.90000000
4.90000000
4.90000000
4.90000000
4.76000000
4.76000000
4.76000000
4.76000000
4.70000000
4.70000000
4.70000000
4.70000000
4.58000000
4.58000000
4.58000000
4.58000000
4.36000000
4.36000000
4.36000000
4.36000000
4.15000000
4.15000000
4.15000000
4.15000000
4.12500000
4.12500000
4.12500000
4.12500000
4.10500000
4.10500000
4.10500000
4.10500000
4.07000000
4.07000000
4.07000000
4.07000000
4.06000000
4.06000000
4.06000000
4.06000000
4.04000000
4.04000000
4.04000000
4.04000000
4.02500000
4.02500000
4.02500000
4.02500000
4.02500000
4.02500000
4.02500000
4.02500000
3.93500000
3.93500000
3.93500000
3.93500000
3.93000000
3.93000000
3.93000000
3.93000000
3.90000000
3.90000000
3.90000000
3.90000000
3.79000000
3.79000000
3.79000000
3.79000000
3.70500000
3.70500000
3.70500000
3.70500000
3.69500000
3.69500000
3.69500000
3.69500000
3.67500000
3.67500000
3.67500000
3.67500000
3.67000000
3.67000000
3.67000000
3.67000000
3.60500000
3.60500000
3.60500000
3.60500000
3.41000000
3.41000000
3.41000000
3.41000000
3.41000000
3.41000000
3.41000000
3.41000000
3.26500000
3.26500000
3.26500000
3.26500000
3.17500000
3.17500000
3.17500000
3.17500000
3.13000000
3.13000000
3.13000000
3.13000000
3.11000000
3.11000000
3.11000000
3.11000000
3.10000000
3.10000000
3.10000000
3.10000000
3.05000000
3.05000000
3.05000000
3.05000000
3.04000000
3.04000000
3.04000000
3.04000000
3.00000000
3.00000000
3.00000000
3.00000000
2.85000000
2.85000000
2.85000000
2.85000000
2.71000000
2.71000000
2.71000000
2.71000000
2.61500000
2.61500000
2.61500000
2.61500000
2.61500000
2.61500000
2.61500000
2.61500000
2.31000000
2.31000000
2.31000000
2.31000000
2.22000000
2.22000000
2.22000000
2.22000000
2.12500000
2.12500000
2.12500000
2.12500000
1.99000000
1.99000000
1.99000000
1.99000000
1.95000000
1.95000000
1.95000000
1.95000000
1.92000000
1.92000000
1.92000000
1.92000000
1.91000000
1.91000000
1.91000000
1.91000000
1.85500000
1.85500000
1.85500000
1.85500000
1.74500000
1.74500000
1.74500000
1.74500000
1.74000000
1.74000000
1.74000000
1.74000000
1.61500000
1.61500000
1.61500000
1.61500000
1.58000000
1.58000000
1.58000000
1.58000000
1.52500000
1.52500000
1.52500000
1.52500000
1.40500000
1.40500000
1.40500000
1.40500000
1.40500000
1.40500000
1.40500000
1.40500000
1.38500000
1.38500000
1.38500000
1.38500000
1.28500000
1.28500000
1.28500000
1.28500000
1.24000000
1.24000000
1.24000000
1.24000000
1.14000000
1.14000000
1.14000000
1.14000000
1.13000000
1.13000000
1.13000000
1.13000000
1.05500000
1.05500000
1.05500000
1.05500000
0.93000000
0.93000000
0.93000000
0.93000000
0.86500000
0.86500000
0.86500000
0.86500000
0.80500000
0.80500000
0.80500000
0.80500000
0.75000000
0.75000000
0.75000000
0.75000000
0.72000000
0.72000000
0.72000000
0.72000000
0.69500000
0.69500000
0.69500000
0.69500000
0.69000000
0.69000000
0.69000000
0.69000000
0.66000000
0.66000000
0.66000000
0.66000000
0.57500000
0.57500000
0.57500000
0.57500000
0.56000000
0.56000000
0.56000000
0.56000000
0.50000000
0.50000000
0.50000000
0.50000000
0.49000000
0.49000000
0.49000000
0.49000000
0.30500000
0.30500000
0.30500000
0.30500000
0.27000000
0.27000000
0.27000000
0.27000000
0.21500000
0.21500000
0.21500000
0.21500000
0.15500000
0.15500000
0.15500000
0.15500000
0.10000000
0.10000000
0.10000000
0.10000000
0.08000000
0.08000000
0.08000000
0.08000000
0.05500000
0.05500000
0.05500000
0.05500000
0.02000000
0.02000000
0.02000000
0.02000000
