4.09500000
1.59500000
0.33500000
4.24000000
4.38500000
4.76000000
5.64500000
1.27500000
1.38500000
5.37500000
1.93500000
3.36000000
2.91000000
0.64500000
2.15000000
4.21000000
5.74000000
4.92500000
6.13500000
0.28500000
3.35500000
4.08000000
3.29000000
0.08500000
4.02000000
1.26000000
0.64500000
3.21000000
4.21500000
3.38000000
5.43000000
2.82000000
3.60000000
1.17000000
0.84000000
4.18000000
2.99000000
3.40500000
3.82500000
1.16500000
5.44000000
4.01000000
3.54000000
6.13500000
1.29500000
4.32500000
1.02500000
1.81500000
5.10000000
4.57500000
0.93000000
0.34500000
0.94000000
0.41000000
3.73500000
2.82000000
0.50000000
5.47000000
4.27000000
1.99500000
5.04500000
2.49500000
3.67500000
0.91000000
3.79000000
4.92500000
4.45000000
5.13500000
5.51000000
0.36500000
3.62000000
2.34000000
0.23500000
4.65000000
3.33500000
0.27500000
3.17000000
4.66000000
3.57500000
5.83000000
1.26000000
2.29500000
6.23000000
1.30500000
3.19000000
4.90500000
1.36000000
1.13500000
5.26500000
2.59000000
2.63500000
0.90500000
2.13500000
2.86000000
1.34000000
3.29000000
3.37000000
4.80500000
3.22500000
5.26000000
3.22500000
3.21000000
3.19000000
3.17000000
2.99000000
2.91000000
2.86000000
2.82000000
2.82000000
2.63500000
2.59000000
2.49500000
2.34000000
2.29500000
2.15000000
2.13500000
1.99500000
1.93500000
1.81500000
1.59500000
1.38500000
1.36000000
1.34000000
1.30500000
1.29500000
1.27500000
1.26000000
1.26000000
1.17000000
1.16500000
1.13500000
1.02500000
0.94000000
0.93000000
0.91000000
0.90500000
0.84000000
0.64500000
0.64500000
0.50000000
0.41000000
0.36500000
0.34500000
0.33500000
0.28500000
0.27500000
0.23500000
0.08500000
6.23000000
6.13500000
6.13500000
5.83000000
5.74000000
5.64500000
5.51000000
5.47000000
5.44000000
5.43000000
5.37500000
5.26500000
5.26000000
5.13500000
5.10000000
5.04500000
4.92500000
4.92500000
4.90500000
4.80500000
4.76000000
4.66000000
4.65000000
4.57500000
4.45000000
4.38500000
4.32500000
4.27000000
4.24000000
4.21500000
4.21000000
4.18000000
4.09500000
4.08000000
4.02000000
4.01000000
3.82500000
3.79000000
3.73500000
3.67500000
3.62000000
3.60000000
3.57500000
3.54000000
3.40500000
3.38000000
3.37000000
3.36000000
3.35500000
3.33500000
3.29000000
3.29000000
3.22500000
3.22500000
3.21000000
3.21000000
3.19000000
3.19000000
3.17000000
3.17000000
2.99000000
2.99000000
2.91000000
2.91000000
2.86000000
2.86000000
2.82000000
2.82000000
2.82000000
2.82000000
2.63500000
2.63500000
2.59000000
2.59000000
2.49500000
2.49500000
2.34000000
2.34000000
2.29500000
2.29500000
2.15000000
2.15000000
2.13500000
2.13500000
1.99500000
1.99500000
1.93500000
1.93500000
1.81500000
1.81500000
1.59500000
1.59500000
1.38500000
1.38500000
1.36000000
1.36000000
1.34000000
1.34000000
1.30500000
1.30500000
1.29500000
1.29500000
1.27500000
1.27500000
1.26000000
1.26000000
1.26000000
1.26000000
1.17000000
1.17000000
1.16500000
1.16500000
1.13500000
1.13500000
1.02500000
1.02500000
0.94000000
0.94000000
0.93000000
0.93000000
0.91000000
0.91000000
0.90500000
0.90500000
0.84000000
0.84000000
0.64500000
0.64500000
0.64500000
0.64500000
0.50000000
0.50000000
0.41000000
0.41000000
0.36500000
0.36500000
0.34500000
0.34500000
0.33500000
0.33500000
0.28500000
0.28500000
0.27500000
0.27500000
0.23500000
0.23500000
0.08500000
0.08500000
