5.96000000
3.46000000
2.20000000
6.10500000
6.25000000
0.34000000
1.22500000
3.14000000
3.25000000
0.95500000
3.80000000
5.22500000
4.77500000
2.51000000
4.01500000
6.07500000
1.32000000
0.50500000
1.71500000
2.15000000
5.22000000
5.94500000
5.15500000
1.95000000
5.88500000
3.12500000
2.51000000
5.07500000
6.08000000
5.24500000
1.01000000
4.68500000
5.46500000
3.03500000
2.70500000
6.04500000
4.85500000
5.27000000
5.69000000
3.03000000
1.02000000
5.87500000
5.40500000
1.71500000
3.16000000
6.19000000
2.89000000
3.68000000
0.68000000
0.15500000
2.79500000
2.21000000
2.80500000
2.27500000
5.60000000
4.68500000
2.36500000
1.05000000
6.13500000
3.86000000
0.62500000
4.36000000
5.54000000
2.77500000
5.65500000
0.50500000
0.03000000
0.71500000
1.09000000
2.23000000
5.48500000
4.20500000
2.10000000
0.23000000
5.20000000
2.14000000
5.03500000
0.24000000
5.44000000
1.41000000
3.12500000
4.16000000
1.81000000
3.17000000
5.05500000
0.48500000
3.22500000
3.00000000
0.84500000
4.45500000
4.50000000
2.77000000
4.00000000
4.72500000
3.20500000
5.15500000
5.23500000
0.38500000
5.09000000
0.84000000
5.09000000
5.07500000
5.05500000
5.03500000
4.85500000
4.77500000
4.72500000
4.68500000
4.68500000
4.50000000
4.45500000
4.36000000
4.20500000
4.16000000
4.01500000
4.00000000
3.86000000
3.80000000
3.68000000
3.46000000
3.25000000
3.22500000
3.20500000
3.17000000
3.16000000
3.14000000
3.12500000
3.12500000
3.03500000
3.03000000
3.00000000
2.89000000
2.80500000
2.79500000
2.77500000
2.77000000
2.70500000
2.51000000
2.51000000
2.36500000
2.27500000
2.23000000
2.21000000
2.20000000
2.15000000
2.14000000
2.10000000
1.95000000
1.81000000
1.71500000
1.71500000
1.41000000
1.32000000
1.22500000
1.09000000
1.05000000
1.02000000
1.01000000
0.95500000
0.84500000
0.84000000
0.71500000
0.68000000
0.62500000
0.50500000
0.50500000
0.48500000
0.38500000
0.34000000
0.24000000
0.23000000
0.15500000
0.03000000
6.25000000
6.19000000
6.13500000
6.10500000
6.08000000
6.07500000
6.04500000
5.96000000
5.94500000
5.88500000
5.87500000
5.69000000
5.65500000
5.60000000
5.54000000
5.48500000
5.46500000
5.44000000
5.40500000
5.27000000
5.24500000
5.23500000
5.22500000
5.22000000
5.20000000
5.15500000
5.15500000
5.09000000
5.09000000
5.07500000
5.07500000
5.05500000
5.05500000
5.03500000
5.03500000
4.85500000
4.85500000
4.77500000
4.77500000
4.72500000
4.72500000
4.68500000
4.68500000
4.68500000
4.68500000
4.50000000
4.50000000
4.45500000
4.45500000
4.36000000
4.36000000
4.20500000
4.20500000
4.16000000
4.16000000
4.01500000
4.01500000
4.00000000
4.00000000
3.86000000
3.86000000
3.80000000
3.80000000
3.68000000
3.68000000
3.46000000
3.46000000
3.25000000
3.25000000
3.22500000
3.22500000
3.20500000
3.20500000
3.17000000
3.17000000
3.16000000
3.16000000
3.14000000
3.14000000
3.12500000
3.12500000
3.12500000
3.12500000
3.03500000
3.03500000
3.03000000
3.03000000
3.00000000
3.00000000
2.89000000
2.89000000
2.80500000
2.80500000
2.79500000
2.79500000
2.77500000
2.77500000
2.77000000
2.77000000
2.70500000
2.70500000
2.51000000
2.51000000
2.51000000
2.51000000
2.36500000
2.36500000
2.27500000
2.27500000
2.23000000
2.23000000
2.21000000
2.21000000
2.20000000
2.20000000
2.15000000
2.15000000
2.14000000
2.14000000
2.10000000
2.10000000
1.95000000
1.95000000
1.81000000
1.81000000
1.71500000
1.71500000
1.71500000
1.71500000
1.41000000
1.41000000
1.32000000
1.32000000
1.22500000
1.22500000
1.09000000
1.09000000
1.05000000
1.05000000
1.02000000
1.02000000
1.01000000
1.01000000
0.95500000
0.95500000
0.84500000
0.84500000
0.84000000
0.84000000
0.71500000
0.71500000
0.68000000
0.68000000
0.62500000
0.62500000
0.50500000
0.50500000
0.50500000
0.50500000
0.48500000
0.48500000
0.38500000
0.38500000
0.34000000
0.34000000
0.24000000
0.24000000
0.23000000
0.23000000
0.15500000
0.15500000
0.03000000
0.03000000
6.25000000
6.25000000
6.19000000
6.19000000
6.13500000
6.13500000
6.10500000
6.10500000
6.08000000
6.08000000
6.07500000
6.07500000
6.04500000
6.04500000
5.96000000
5.96000000
5.94500000
5.94500000
5.88500000
5.88500000
5.87500000
5.87500000
5.69000000
5.69000000
5.65500000
5.65500000
5.60000000
5.60000000
5.54000000
5.54000000
5.48500000
5.48500000
5.46500000
5.46500000
5.44000000
5.44000000
5.40500000
5.40500000
5.27000000
5.27000000
5.24500000
5.24500000
5.23500000
5.23500000
5.22500000
5.22500000
5.22000000
5.22000000
5.20000000
5.20000000
5.15500000
5.15500000
5.15500000
5.15500000
5.09000000
5.09000000
5.09000000
5.09000000
5.07500000
5.07500000
5.07500000
5.07500000
5.05500000
5.05500000
5.05500000
5.05500000
5.03500000
5.03500000
5.03500000
5.03500000
4.85500000
4.85500000
4.85500000
4.85500000
4.77500000
4.77500000
4.77500000
4.77500000
4.72500000
4.72500000
4.72500000
4.72500000
4.68500000
4.68500000
4.68500000
4.68500000
4.68500000
4.68500000
4.68500000
4.68500000
4.50000000
4.50000000
4.50000000
4.50000000
4.45500000
4.45500000
4.45500000
4.45500000
4.36000000
4.36000000
4.36000000
4.36000000
4.20500000
4.20500000
4.20500000
4.20500000
4.16000000
4.16000000
4.16000000
4.16000000
4.01500000
4.01500000
4.01500000
4.01500000
4.00000000
4.00000000
4.00000000
4.00000000
3.86000000
3.86000000
3.86000000
3.86000000
3.80000000
3.80000000
3.80000000
3.80000000
3.68000000
3.68000000
3.68000000
3.68000000
3.46000000
3.46000000
3.46000000
3.46000000
3.25000000
3.25000000
3.25000000
3.25000000
3.22500000
3.22500000
3.22500000
3.22500000
3.20500000
3.20500000
3.20500000
3.20500000
3.17000000
3.17000000
3.17000000
3.17000000
3.16000000
3.16000000
3.16000000
3.16000000
3.14000000
3.14000000
3.14000000
3.14000000
3.12500000
3.12500000
3.12500000
3.12500000
3.12500000
3.12500000
3.12500000
3.12500000
3.03500000
3.03500000
3.03500000
3.03500000
3.03000000
3.03000000
3.03000000
3.03000000
3.00000000
3.00000000
3.00000000
3.00000000
2.89000000
2.89000000
2.89000000
2.89000000
2.80500000
2.80500000
2.80500000
2.80500000
2.79500000
2.79500000
2.79500000
2.79500000
2.77500000
2.77500000
2.77500000
2.77500000
2.77000000
2.77000000
2.77000000
2.77000000
2.70500000
2.70500000
2.70500000
2.70500000
2.51000000
2.51000000
2.51000000
2.51000000
2.51000000
2.51000000
2.51000000
2.51000000
2.36500000
2.36500000
2.36500000
2.36500000
2.27500000
2.27500000
2.27500000
2.27500000
2.23000000
2.23000000
2.23000000
2.23000000
2.21000000
2.21000000
2.21000000
2.21000000
2.20000000
2.20000000
2.20000000
2.20000000
2.15000000
2.15000000
2.15000000
2.15000000
2.14000000
2.14000000
2.14000000
2.14000000
2.10000000
2.10000000
2.10000000
2.10000000
1.95000000
1.95000000
1.95000000
1.95000000
1.81000000
1.81000000
1.81000000
1.81000000
1.71500000
1.71500000
1.71500000
1.71500000
1.71500000
1.71500000
1.71500000
1.71500000
1.41000000
1.41000000
1.41000000
1.41000000
1.32000000
1.32000000
1.32000000
1.32000000
1.22500000
1.22500000
1.22500000
1.22500000
1.09000000
1.09000000
1.09000000
1.09000000
1.05000000
1.05000000
1.05000000
1.05000000
1.02000000
1.02000000
1.02000000
1.02000000
1.01000000
1.01000000
1.01000000
1.01000000
0.95500000
0.95500000
0.95500000
0.95500000
0.84500000
0.84500000
0.84500000
0.84500000
0.84000000
0.84000000
0.84000000
0.84000000
0.71500000
0.71500000
0.71500000
0.71500000
0.68000000
0.68000000
0.68000000
0.68000000
0.62500000
0.62500000
0.62500000
0.62500000
0.50500000
0.50500000
0.50500000
0.50500000
0.50500000
0.50500000
0.50500000
0.50500000
0.48500000
0.48500000
0.48500000
0.48500000
0.38500000
0.38500000
0.38500000
0.38500000
0.34000000
0.34000000
0.34000000
0.34000000
0.24000000
0.24000000
0.24000000
0.24000000
0.23000000
0.23000000
0.23000000
0.23000000
0.15500000
0.15500000
0.15500000
0.15500000
0.03000000
0.03000000
0.03000000
0.03000000
