5.39500000
2.89500000
1.63500000
5.54000000
5.68500000
6.06000000
0.66000000
2.57500000
2.68500000
0.39000000
3.23500000
4.66000000
4.21000000
1.94500000
3.45000000
5.51000000
0.75500000
6.22500000
1.15000000
1.58500000
4.65500000
5.38000000
4.59000000
1.38500000
5.32000000
2.56000000
1.94500000
4.51000000
5.51500000
4.68000000
0.44500000
4.12000000
4.90000000
2.47000000
2.14000000
5.48000000
4.29000000
4.70500000
5.12500000
2.46500000
0.45500000
5.31000000
4.84000000
1.15000000
2.59500000
5.62500000
2.32500000
3.11500000
0.11500000
5.87500000
2.23000000
1.64500000
2.24000000
1.71000000
5.03500000
4.12000000
1.80000000
0.48500000
5.57000000
3.29500000
0.06000000
3.79500000
4.97500000
2.21000000
5.09000000
6.22500000
5.75000000
0.15000000
0.52500000
1.66500000
4.92000000
3.64000000
1.53500000
5.95000000
4.63500000
1.57500000
4.47000000
5.96000000
4.87500000
0.84500000
2.56000000
3.59500000
1.24500000
2.60500000
4.49000000
6.20500000
2.66000000
2.43500000
0.28000000
3.89000000
3.93500000
2.20500000
3.43500000
4.16000000
2.64000000
4.59000000
4.67000000
6.10500000
4.52500000
0.27500000
4.52500000
4.51000000
4.49000000
4.47000000
4.29000000
4.21000000
4.16000000
4.12000000
4.12000000
3.93500000
3.89000000
3.79500000
3.64000000
3.59500000
3.45000000
3.43500000
3.29500000
3.23500000
3.11500000
2.89500000
2.68500000
2.66000000
2.64000000
2.60500000
2.59500000
2.57500000
2.56000000
2.56000000
2.47000000
2.46500000
2.43500000
2.32500000
2.24000000
2.23000000
2.21000000
2.20500000
2.14000000
1.94500000
1.94500000
1.80000000
1.71000000
1.66500000
1.64500000
1.63500000
1.58500000
1.57500000
1.53500000
1.38500000
1.24500000
1.15000000
1.15000000
0.84500000
0.75500000
0.66000000
0.52500000
0.48500000
0.45500000
0.44500000
0.39000000
0.28000000
0.27500000
0.15000000
0.11500000
0.06000000
6.22500000
6.22500000
6.20500000
6.10500000
6.06000000
5.96000000
5.95000000
5.87500000
5.75000000
5.68500000
5.62500000
5.57000000
5.54000000
5.51500000
5.51000000
5.48000000
5.39500000
5.38000000
5.32000000
5.31000000
5.12500000
5.09000000
5.03500000
4.97500000
4.92000000
4.90000000
4.87500000
4.84000000
4.70500000
4.68000000
4.67000000
4.66000000
4.65500000
4.63500000
4.59000000
4.59000000
4.52500000
4.52500000
4.51000000
4.51000000
4.49000000
4.49000000
4.47000000
4.47000000
4.29000000
4.29000000
4.21000000
4.21000000
4.16000000
4.16000000
4.12000000
4.12000000
4.12000000
4.12000000
3.93500000
3.93500000
3.89000000
3.89000000
3.79500000
3.79500000
3.64000000
3.64000000
3.59500000
3.59500000
3.45000000
3.45000000
3.43500000
3.43500000
3.29500000
3.29500000
3.23500000
3.23500000
3.11500000
3.11500000
2.89500000
2.89500000
2.68500000
2.68500000
2.66000000
2.66000000
2.64000000
2.64000000
2.60500000
2.60500000
2.59500000
2.59500000
2.57500000
2.57500000
2.56000000
2.56000000
2.56000000
2.56000000
2.47000000
2.47000000
2.46500000
2.46500000
2.43500000
2.43500000
2.32500000
2.32500000
2.24000000
2.24000000
2.23000000
2.23000000
2.21000000
2.21000000
2.20500000
2.20500000
2.14000000
2.14000000
1.94500000
1.94500000
1.94500000
1.94500000
1.80000000
1.80000000
1.71000000
1.71000000
1.66500000
1.66500000
1.64500000
1.64500000
1.63500000
1.63500000
1.58500000
1.58500000
1.57500000
1.57500000
1.53500000
1.53500000
1.38500000
1.38500000
1.24500000
1.24500000
1.15000000
1.15000000
1.15000000
1.15000000
0.84500000
0.84500000
0.75500000
0.75500000
0.66000000
0.66000000
0.52500000
0.52500000
0.48500000
0.48500000
0.45500000
0.45500000
0.44500000
0.44500000
0.39000000
0.39000000
0.28000000
0.28000000
0.27500000
0.27500000
0.15000000
0.15000000
0.11500000
0.11500000
0.06000000
0.06000000
