2.11000000
5.89500000
4.63500000
2.25500000
2.40000000
2.77500000
3.66000000
5.57500000
5.68500000
3.39000000
6.23500000
1.37500000
0.92500000
4.94500000
0.16500000
2.22500000
3.75500000
2.94000000
4.15000000
4.58500000
1.37000000
2.09500000
1.30500000
4.38500000
2.03500000
5.56000000
4.94500000
1.22500000
2.23000000
1.39500000
3.44500000
0.83500000
1.61500000
5.47000000
5.14000000
2.19500000
1.00500000
1.42000000
1.84000000
5.46500000
3.45500000
2.02500000
1.55500000
4.15000000
5.59500000
2.34000000
5.32500000
6.11500000
3.11500000
2.59000000
5.23000000
4.64500000
5.24000000
4.71000000
1.75000000
0.83500000
4.80000000
3.48500000
2.28500000
0.01000000
3.06000000
0.51000000
1.69000000
5.21000000
1.80500000
2.94000000
2.46500000
3.15000000
3.52500000
4.66500000
1.63500000
0.35500000
4.53500000
2.66500000
1.35000000
4.57500000
1.18500000
2.67500000
1.59000000
3.84500000
5.56000000
0.31000000
4.24500000
5.60500000
1.20500000
2.92000000
5.66000000
5.43500000
3.28000000
0.60500000
0.65000000
5.20500000
0.15000000
0.87500000
5.64000000
1.30500000
1.38500000
2.82000000
1.24000000
3.27500000
1.24000000
1.22500000
1.20500000
1.18500000
1.00500000
0.92500000
0.87500000
0.83500000
0.83500000
0.65000000
0.60500000
0.51000000
0.35500000
0.31000000
0.16500000
0.15000000
0.01000000
6.23500000
6.11500000
5.89500000
5.68500000
5.66000000
5.64000000
5.60500000
5.59500000
5.57500000
5.56000000
5.56000000
5.47000000
5.46500000
5.43500000
5.32500000
5.24000000
5.23000000
5.21000000
5.20500000
5.14000000
4.94500000
4.94500000
4.80000000
4.71000000
4.66500000
4.64500000
4.63500000
4.58500000
4.57500000
4.53500000
4.38500000
4.24500000
4.15000000
4.15000000
3.84500000
3.75500000
3.66000000
3.52500000
3.48500000
3.45500000
3.44500000
3.39000000
3.28000000
3.27500000
3.15000000
3.11500000
3.06000000
2.94000000
2.94000000
2.92000000
2.82000000
2.77500000
2.67500000
2.66500000
2.59000000
2.46500000
2.40000000
2.34000000
2.28500000
2.25500000
2.23000000
2.22500000
2.19500000
2.11000000
2.09500000
2.03500000
2.02500000
1.84000000
1.80500000
1.75000000
1.69000000
1.63500000
1.61500000
1.59000000
1.55500000
1.42000000
1.39500000
1.38500000
1.37500000
1.37000000
1.35000000
1.30500000
1.30500000
1.24000000
1.24000000
1.22500000
1.22500000
1.20500000
1.20500000
1.18500000
1.18500000
1.00500000
1.00500000
0.92500000
0.92500000
0.87500000
0.87500000
0.83500000
0.83500000
0.83500000
0.83500000
0.65000000
0.65000000
0.60500000
0.60500000
0.51000000
0.51000000
0.35500000
0.35500000
0.31000000
0.31000000
0.16500000
0.16500000
0.15000000
0.15000000
0.01000000
0.01000000
6.23500000
6.23500000
6.11500000
6.11500000
5.89500000
5.89500000
5.68500000
5.68500000
5.66000000
5.66000000
5.64000000
5.64000000
5.60500000
5.60500000
5.59500000
5.59500000
5.57500000
5.57500000
5.56000000
5.56000000
5.56000000
5.56000000
5.47000000
5.47000000
5.46500000
5.46500000
5.43500000
5.43500000
5.32500000
5.32500000
5.24000000
5.24000000
5.23000000
5.23000000
5.21000000
5.21000000
5.20500000
5.20500000
5.14000000
5.14000000
4.94500000
4.94500000
4.94500000
4.94500000
4.80000000
4.80000000
4.71000000
4.71000000
4.66500000
4.66500000
4.64500000
4.64500000
4.63500000
4.63500000
4.58500000
4.58500000
4.57500000
4.57500000
4.53500000
4.53500000
4.38500000
4.38500000
4.24500000
4.24500000
4.15000000
4.15000000
4.15000000
4.15000000
3.84500000
3.84500000
3.75500000
3.75500000
3.66000000
3.66000000
3.52500000
3.52500000
3.48500000
3.48500000
3.45500000
3.45500000
3.44500000
3.44500000
3.39000000
3.39000000
3.28000000
3.28000000
3.27500000
3.27500000
3.15000000
3.15000000
3.11500000
3.11500000
3.06000000
3.06000000
2.94000000
2.94000000
2.94000000
2.94000000
2.92000000
2.92000000
2.82000000
2.82000000
2.77500000
2.77500000
2.67500000
2.67500000
2.66500000
2.66500000
2.59000000
2.59000000
2.46500000
2.46500000
2.40000000
2.40000000
2.34000000
2.34000000
2.28500000
2.28500000
2.25500000
2.25500000
2.23000000
2.23000000
2.22500000
2.22500000
2.19500000
2.19500000
2.11000000
2.11000000
2.09500000
2.09500000
2.03500000
2.03500000
2.02500000
2.02500000
1.84000000
1.84000000
1.80500000
1.80500000
1.75000000
1.75000000
1.69000000
1.69000000
1.63500000
1.63500000
1.61500000
1.61500000
1.59000000
1.59000000
1.55500000
1.55500000
1.42000000
1.42000000
1.39500000
1.39500000
1.38500000
1.38500000
1.37500000
1.37500000
1.37000000
1.37000000
1.35000000
1.35000000
1.30500000
1.30500000
1.30500000
1.30500000
1.24000000
1.24000000
1.24000000
1.24000000
1.22500000
1.22500000
1.22500000
1.22500000
1.20500000
1.20500000
1.20500000
1.20500000
1.18500000
1.18500000
1.18500000
1.18500000
1.00500000
1.00500000
1.00500000
1.00500000
0.92500000
0.92500000
0.92500000
0.92500000
0.87500000
0.87500000
0.87500000
0.87500000
0.83500000
0.83500000
0.83500000
0.83500000
0.83500000
0.83500000
0.83500000
0.83500000
0.65000000
0.65000000
0.65000000
0.65000000
0.60500000
0.60500000
0.60500000
0.60500000
0.51000000
0.51000000
0.51000000
0.51000000
0.35500000
0.35500000
0.35500000
0.35500000
0.31000000
0.31000000
0.31000000
0.31000000
0.16500000
0.16500000
0.16500000
0.16500000
0.15000000
0.15000000
0.15000000
0.15000000
0.01000000
0.01000000
0.01000000
0.01000000
