0.07500000
3.86000000
2.60000000
0.22000000
0.36500000
0.74000000
1.62500000
3.54000000
3.65000000
1.35500000
4.20000000
5.62500000
5.17500000
2.91000000
4.41500000
0.19000000
1.72000000
0.90500000
2.11500000
2.55000000
5.62000000
0.06000000
5.55500000
2.35000000
0.00000000
3.52500000
2.91000000
5.47500000
0.19500000
5.64500000
1.41000000
5.08500000
5.86500000
3.43500000
3.10500000
0.16000000
5.25500000
5.67000000
6.09000000
3.43000000
1.42000000
6.27500000
5.80500000
2.11500000
3.56000000
0.30500000
3.29000000
4.08000000
1.08000000
0.55500000
3.19500000
2.61000000
3.20500000
2.67500000
6.00000000
5.08500000
2.76500000
1.45000000
0.25000000
4.26000000
1.02500000
4.76000000
5.94000000
3.17500000
6.05500000
0.90500000
0.43000000
1.11500000
1.49000000
2.63000000
5.88500000
4.60500000
2.50000000
0.63000000
5.60000000
2.54000000
5.43500000
0.64000000
5.84000000
1.81000000
3.52500000
4.56000000
2.21000000
3.57000000
5.45500000
0.88500000
3.62500000
3.40000000
1.24500000
4.85500000
4.90000000
3.17000000
4.40000000
5.12500000
3.60500000
5.55500000
5.63500000
0.78500000
5.49000000
1.24000000
5.49000000
5.47500000
5.45500000
5.43500000
5.25500000
5.17500000
5.12500000
5.08500000
5.08500000
4.90000000
4.85500000
4.76000000
4.60500000
4.56000000
4.41500000
4.40000000
4.26000000
4.20000000
4.08000000
3.86000000
3.65000000
3.62500000
3.60500000
3.57000000
3.56000000
3.54000000
3.52500000
3.52500000
3.43500000
3.43000000
3.40000000
3.29000000
3.20500000
3.19500000
3.17500000
3.17000000
3.10500000
2.91000000
2.91000000
2.76500000
2.67500000
2.63000000
2.61000000
2.60000000
2.55000000
2.54000000
2.50000000
2.35000000
2.21000000
2.11500000
2.11500000
1.81000000
1.72000000
1.62500000
1.49000000
1.45000000
1.42000000
1.41000000
1.35500000
1.24500000
1.24000000
1.11500000
1.08000000
1.02500000
0.90500000
0.90500000
0.88500000
0.78500000
0.74000000
0.64000000
0.63000000
0.55500000
0.43000000
0.36500000
0.30500000
0.25000000
0.22000000
0.19500000
0.19000000
0.16000000
0.07500000
0.06000000
0.00000000
6.27500000
6.09000000
6.05500000
6.00000000
5.94000000
5.88500000
5.86500000
5.84000000
5.80500000
5.67000000
5.64500000
5.63500000
5.62500000
5.62000000
5.60000000
5.55500000
5.55500000
5.49000000
5.49000000
5.47500000
5.47500000
5.45500000
5.45500000
5.43500000
5.43500000
5.25500000
5.25500000
5.17500000
5.17500000
5.12500000
5.12500000
5.08500000
5.08500000
5.08500000
5.08500000
4.90000000
4.90000000
4.85500000
4.85500000
4.76000000
4.76000000
4.60500000
4.60500000
4.56000000
4.56000000
4.41500000
4.41500000
4.40000000
4.40000000
4.26000000
4.26000000
4.20000000
4.20000000
4.08000000
4.08000000
3.86000000
3.86000000
3.65000000
3.65000000
3.62500000
3.62500000
3.60500000
3.60500000
3.57000000
3.57000000
3.56000000
3.56000000
3.54000000
3.54000000
3.52500000
3.52500000
3.52500000
3.52500000
3.43500000
3.43500000
3.43000000
3.43000000
3.40000000
3.40000000
3.29000000
3.29000000
3.20500000
3.20500000
3.19500000
3.19500000
3.17500000
3.17500000
3.17000000
3.17000000
3.10500000
3.10500000
2.91000000
2.91000000
2.91000000
2.91000000
2.76500000
2.76500000
2.67500000
2.67500000
2.63000000
2.63000000
2.61000000
2.61000000
2.60000000
2.60000000
2.55000000
2.55000000
2.54000000
2.54000000
2.50000000
2.50000000
2.35000000
2.35000000
2.21000000
2.21000000
2.11500000
2.11500000
2.11500000
2.11500000
1.81000000
1.81000000
1.72000000
1.72000000
1.62500000
1.62500000
1.49000000
1.49000000
1.45000000
1.45000000
1.42000000
1.42000000
1.41000000
1.41000000
1.35500000
1.35500000
1.24500000
1.24500000
1.24000000
1.24000000
1.11500000
1.11500000
1.08000000
1.08000000
1.02500000
1.02500000
0.90500000
0.90500000
0.90500000
0.90500000
0.88500000
0.88500000
0.78500000
0.78500000
0.74000000
0.74000000
0.64000000
0.64000000
0.63000000
0.63000000
0.55500000
0.55500000
0.43000000
0.43000000
0.36500000
0.36500000
0.30500000
0.30500000
0.25000000
0.25000000
0.22000000
0.22000000
0.19500000
0.19500000
0.19000000
0.19000000
0.16000000
0.16000000
0.07500000
0.07500000
0.06000000
0.06000000
0.00000000
0.00000000
6.27500000
6.27500000
6.09000000
6.09000000
6.05500000
6.05500000
6.00000000
6.00000000
5.94000000
5.94000000
5.88500000
5.88500000
5.86500000
5.86500000
5.84000000
5.84000000
5.80500000
5.80500000
5.67000000
5.67000000
5.64500000
5.64500000
5.63500000
5.63500000
5.62500000
5.62500000
5.62000000
5.62000000
5.60000000
5.60000000
5.55500000
5.55500000
5.55500000
5.55500000
5.49000000
5.49000000
5.49000000
5.49000000
5.47500000
5.47500000
5.47500000
5.47500000
5.45500000
5.45500000
5.45500000
5.45500000
5.43500000
5.43500000
5.43500000
5.43500000
5.25500000
5.25500000
5.25500000
5.25500000
5.17500000
5.17500000
5.17500000
5.17500000
5.12500000
5.12500000
5.12500000
5.12500000
5.08500000
5.08500000
5.08500000
5.08500000
5.08500000
5.08500000
5.08500000
5.08500000
4.90000000
4.90000000
4.90000000
4.90000000
4.85500000
4.85500000
4.85500000
4.85500000
4.76000000
4.76000000
4.76000000
4.76000000
4.60500000
4.60500000
4.60500000
4.60500000
4.56000000
4.56000000
4.56000000
4.56000000
4.41500000
4.41500000
4.41500000
4.41500000
4.40000000
4.40000000
4.40000000
4.40000000
4.26000000
4.26000000
4.26000000
4.26000000
4.20000000
4.20000000
4.20000000
4.20000000
4.08000000
4.08000000
4.08000000
4.08000000
3.86000000
3.86000000
3.86000000
3.86000000
3.65000000
3.65000000
3.65000000
3.65000000
3.62500000
3.62500000
3.62500000
3.62500000
3.60500000
3.60500000
3.60500000
3.60500000
3.57000000
3.57000000
3.57000000
3.57000000
3.56000000
3.56000000
3.56000000
3.56000000
3.54000000
3.54000000
3.54000000
3.54000000
3.52500000
3.52500000
3.52500000
3.52500000
3.52500000
3.52500000
3.52500000
3.52500000
3.43500000
3.43500000
3.43500000
3.43500000
3.43000000
3.43000000
3.43000000
3.43000000
3.40000000
3.40000000
3.40000000
3.40000000
3.29000000
3.29000000
3.29000000
3.29000000
3.20500000
3.20500000
3.20500000
3.20500000
3.19500000
3.19500000
3.19500000
3.19500000
3.17500000
3.17500000
3.17500000
3.17500000
3.17000000
3.17000000
3.17000000
3.17000000
3.10500000
3.10500000
3.10500000
3.10500000
2.91000000
2.91000000
2.91000000
2.91000000
2.91000000
2.91000000
2.91000000
2.91000000
2.76500000
2.76500000
2.76500000
2.76500000
2.67500000
2.67500000
2.67500000
2.67500000
2.63000000
2.63000000
2.63000000
2.63000000
2.61000000
2.61000000
2.61000000
2.61000000
2.60000000
2.60000000
2.60000000
2.60000000
2.55000000
2.55000000
2.55000000
2.55000000
2.54000000
2.54000000
2.54000000
2.54000000
2.50000000
2.50000000
2.50000000
2.50000000
2.35000000
2.35000000
2.35000000
2.35000000
2.21000000
2.21000000
2.21000000
2.21000000
2.11500000
2.11500000
2.11500000
2.11500000
2.11500000
2.11500000
2.11500000
2.11500000
1.81000000
1.81000000
1.81000000
1.81000000
1.72000000
1.72000000
1.72000000
1.72000000
1.62500000
1.62500000
1.62500000
1.62500000
1.49000000
1.49000000
1.49000000
1.49000000
1.45000000
1.45000000
1.45000000
1.45000000
1.42000000
1.42000000
1.42000000
1.42000000
1.41000000
1.41000000
1.41000000
1.41000000
1.35500000
1.35500000
1.35500000
1.35500000
1.24500000
1.24500000
1.24500000
1.24500000
1.24000000
1.24000000
1.24000000
1.24000000
1.11500000
1.11500000
1.11500000
1.11500000
1.08000000
1.08000000
1.08000000
1.08000000
1.02500000
1.02500000
1.02500000
1.02500000
0.90500000
0.90500000
0.90500000
0.90500000
0.90500000
0.90500000
0.90500000
0.90500000
0.88500000
0.88500000
0.88500000
0.88500000
0.78500000
0.78500000
0.78500000
0.78500000
0.74000000
0.74000000
0.74000000
0.74000000
0.64000000
0.64000000
0.64000000
0.64000000
0.63000000
0.63000000
0.63000000
0.63000000
0.55500000
0.55500000
0.55500000
0.55500000
0.43000000
0.43000000
0.43000000
0.43000000
0.36500000
0.36500000
0.36500000
0.36500000
0.30500000
0.30500000
0.30500000
0.30500000
0.25000000
0.25000000
0.25000000
0.25000000
0.22000000
0.22000000
0.22000000
0.22000000
0.19500000
0.19500000
0.19500000
0.19500000
0.19000000
0.19000000
0.19000000
0.19000000
0.16000000
0.16000000
0.16000000
0.16000000
0.07500000
0.07500000
0.07500000
0.07500000
0.06000000
0.06000000
0.06000000
0.06000000
0.00000000
0.00000000
0.00000000
0.00000000
