5.41000000
2.91000000
1.65000000
5.55500000
5.70000000
6.07500000
0.67500000
2.59000000
2.70000000
0.40500000
3.25000000
4.67500000
4.22500000
1.96000000
3.46500000
5.52500000
0.77000000
6.24000000
1.16500000
1.60000000
4.67000000
5.39500000
4.60500000
1.40000000
5.33500000
2.57500000
1.96000000
4.52500000
5.53000000
4.69500000
0.46000000
4.13500000
4.91500000
2.48500000
2.15500000
5.49500000
4.30500000
4.72000000
5.14000000
2.48000000
0.47000000
5.32500000
4.85500000
1.16500000
2.61000000
5.64000000
2.34000000
3.13000000
0.13000000
5.89000000
2.24500000
1.66000000
2.25500000
1.72500000
5.05000000
4.13500000
1.81500000
0.50000000
5.58500000
3.31000000
0.07500000
3.81000000
4.99000000
2.22500000
5.10500000
6.24000000
5.76500000
0.16500000
0.54000000
1.68000000
4.93500000
3.65500000
1.55000000
5.96500000
4.65000000
1.59000000
4.48500000
5.97500000
4.89000000
0.86000000
2.57500000
3.61000000
1.26000000
2.62000000
4.50500000
6.22000000
2.67500000
2.45000000
0.29500000
3.90500000
3.95000000
2.22000000
3.45000000
4.17500000
2.65500000
4.60500000
4.68500000
6.12000000
4.54000000
0.29000000
4.54000000
4.52500000
4.50500000
4.48500000
4.30500000
4.22500000
4.17500000
4.13500000
4.13500000
3.95000000
3.90500000
3.81000000
3.65500000
3.61000000
3.46500000
3.45000000
3.31000000
3.25000000
3.13000000
2.91000000
2.70000000
2.67500000
2.65500000
2.62000000
2.61000000
2.59000000
2.57500000
2.57500000
2.48500000
2.48000000
2.45000000
2.34000000
2.25500000
2.24500000
2.22500000
2.22000000
2.15500000
1.96000000
1.96000000
1.81500000
1.72500000
1.68000000
1.66000000
1.65000000
1.60000000
1.59000000
1.55000000
1.40000000
1.26000000
1.16500000
1.16500000
0.86000000
0.77000000
0.67500000
0.54000000
0.50000000
0.47000000
0.46000000
0.40500000
0.29500000
0.29000000
0.16500000
0.13000000
0.07500000
6.24000000
6.24000000
6.22000000
6.12000000
6.07500000
5.97500000
5.96500000
5.89000000
5.76500000
5.70000000
5.64000000
5.58500000
5.55500000
5.53000000
5.52500000
5.49500000
5.41000000
5.39500000
5.33500000
5.32500000
5.14000000
5.10500000
5.05000000
4.99000000
4.93500000
4.91500000
4.89000000
4.85500000
4.72000000
4.69500000
4.68500000
4.67500000
4.67000000
4.65000000
4.60500000
4.60500000
4.54000000
4.54000000
4.52500000
4.52500000
4.50500000
4.50500000
4.48500000
4.48500000
4.30500000
4.30500000
4.22500000
4.22500000
4.17500000
4.17500000
4.13500000
4.13500000
4.13500000
4.13500000
3.95000000
3.95000000
3.90500000
3.90500000
3.81000000
3.81000000
3.65500000
3.65500000
3.61000000
3.61000000
3.46500000
3.46500000
3.45000000
3.45000000
3.31000000
3.31000000
3.25000000
3.25000000
3.13000000
3.13000000
2.91000000
2.91000000
2.70000000
2.70000000
2.67500000
2.67500000
2.65500000
2.65500000
2.62000000
2.62000000
2.61000000
2.61000000
2.59000000
2.59000000
2.57500000
2.57500000
2.57500000
2.57500000
2.48500000
2.48500000
2.48000000
2.48000000
2.45000000
2.45000000
2.34000000
2.34000000
2.25500000
2.25500000
2.24500000
2.24500000
2.22500000
2.22500000
2.22000000
2.22000000
2.15500000
2.15500000
1.96000000
1.96000000
1.96000000
1.96000000
1.81500000
1.81500000
1.72500000
1.72500000
1.68000000
1.68000000
1.66000000
1.66000000
1.65000000
1.65000000
1.60000000
1.60000000
1.59000000
1.59000000
1.55000000
1.55000000
1.40000000
1.40000000
1.26000000
1.26000000
1.16500000
1.16500000
1.16500000
1.16500000
0.86000000
0.86000000
0.77000000
0.77000000
0.67500000
0.67500000
0.54000000
0.54000000
0.50000000
0.50000000
0.47000000
0.47000000
0.46000000
0.46000000
0.40500000
0.40500000
0.29500000
0.29500000
0.29000000
0.29000000
0.16500000
0.16500000
0.13000000
0.13000000
0.07500000
0.07500000
6.24000000
6.24000000
6.24000000
6.24000000
6.22000000
6.22000000
6.12000000
6.12000000
6.07500000
6.07500000
5.97500000
5.97500000
5.96500000
5.96500000
5.89000000
5.89000000
5.76500000
5.76500000
5.70000000
5.70000000
5.64000000
5.64000000
5.58500000
5.58500000
5.55500000
5.55500000
5.53000000
5.53000000
5.52500000
5.52500000
5.49500000
5.49500000
5.41000000
5.41000000
5.39500000
5.39500000
5.33500000
5.33500000
5.32500000
5.32500000
5.14000000
5.14000000
5.10500000
5.10500000
5.05000000
5.05000000
4.99000000
4.99000000
4.93500000
4.93500000
4.91500000
4.91500000
4.89000000
4.89000000
4.85500000
4.85500000
4.72000000
4.72000000
4.69500000
4.69500000
4.68500000
4.68500000
4.67500000
4.67500000
4.67000000
4.67000000
4.65000000
4.65000000
4.60500000
4.60500000
4.60500000
4.60500000
4.54000000
4.54000000
4.54000000
4.54000000
4.52500000
4.52500000
4.52500000
4.52500000
4.50500000
4.50500000
4.50500000
4.50500000
4.48500000
4.48500000
4.48500000
4.48500000
4.30500000
4.30500000
4.30500000
4.30500000
4.22500000
4.22500000
4.22500000
4.22500000
4.17500000
4.17500000
4.17500000
4.17500000
4.13500000
4.13500000
4.13500000
4.13500000
4.13500000
4.13500000
4.13500000
4.13500000
3.95000000
3.95000000
3.95000000
3.95000000
3.90500000
3.90500000
3.90500000
3.90500000
3.81000000
3.81000000
3.81000000
3.81000000
3.65500000
3.65500000
3.65500000
3.65500000
3.61000000
3.61000000
3.61000000
3.61000000
3.46500000
3.46500000
3.46500000
3.46500000
3.45000000
3.45000000
3.45000000
3.45000000
3.31000000
3.31000000
3.31000000
3.31000000
3.25000000
3.25000000
3.25000000
3.25000000
3.13000000
3.13000000
3.13000000
3.13000000
2.91000000
2.91000000
2.91000000
2.91000000
2.70000000
2.70000000
2.70000000
2.70000000
2.67500000
2.67500000
2.67500000
2.67500000
2.65500000
2.65500000
2.65500000
2.65500000
2.62000000
2.62000000
2.62000000
2.62000000
2.61000000
2.61000000
2.61000000
2.61000000
2.59000000
2.59000000
2.59000000
2.59000000
2.57500000
2.57500000
2.57500000
2.57500000
2.57500000
2.57500000
2.57500000
2.57500000
2.48500000
2.48500000
2.48500000
2.48500000
2.48000000
2.48000000
2.48000000
2.48000000
2.45000000
2.45000000
2.45000000
2.45000000
2.34000000
2.34000000
2.34000000
2.34000000
2.25500000
2.25500000
2.25500000
2.25500000
2.24500000
2.24500000
2.24500000
2.24500000
2.22500000
2.22500000
2.22500000
2.22500000
2.22000000
2.22000000
2.22000000
2.22000000
2.15500000
2.15500000
2.15500000
2.15500000
1.96000000
1.96000000
1.96000000
1.96000000
1.96000000
1.96000000
1.96000000
1.96000000
1.81500000
1.81500000
1.81500000
1.81500000
1.72500000
1.72500000
1.72500000
1.72500000
1.68000000
1.68000000
1.68000000
1.68000000
1.66000000
1.66000000
1.66000000
1.66000000
1.65000000
1.65000000
1.65000000
1.65000000
1.60000000
1.60000000
1.60000000
1.60000000
1.59000000
1.59000000
1.59000000
1.59000000
1.55000000
1.55000000
1.55000000
1.55000000
1.40000000
1.40000000
1.40000000
1.40000000
1.26000000
1.26000000
1.26000000
1.26000000
1.16500000
1.16500000
1.16500000
1.16500000
1.16500000
1.16500000
1.16500000
1.16500000
0.86000000
0.86000000
0.86000000
0.86000000
0.77000000
0.77000000
0.77000000
0.77000000
0.67500000
0.67500000
0.67500000
0.67500000
0.54000000
0.54000000
0.54000000
0.54000000
0.50000000
0.50000000
0.50000000
0.50000000
0.47000000
0.47000000
0.47000000
0.47000000
0.46000000
0.46000000
0.46000000
0.46000000
0.40500000
0.40500000
0.40500000
0.40500000
0.29500000
0.29500000
0.29500000
0.29500000
0.29000000
0.29000000
0.29000000
0.29000000
0.16500000
0.16500000
0.16500000
0.16500000
0.13000000
0.13000000
0.13000000
0.13000000
0.07500000
0.07500000
0.07500000
0.07500000
