2.67500000
0.17500000
5.20000000
2.82000000
2.96500000
3.34000000
4.22500000
6.14000000
6.25000000
3.95500000
0.51500000
1.94000000
1.49000000
5.51000000
0.73000000
2.79000000
4.32000000
3.50500000
4.71500000
5.15000000
1.93500000
2.66000000
1.87000000
4.95000000
2.60000000
6.12500000
5.51000000
1.79000000
2.79500000
1.96000000
4.01000000
1.40000000
2.18000000
6.03500000
5.70500000
2.76000000
1.57000000
1.98500000
2.40500000
6.03000000
4.02000000
2.59000000
2.12000000
4.71500000
6.16000000
2.90500000
5.89000000
0.39500000
3.68000000
3.15500000
5.79500000
5.21000000
5.80500000
5.27500000
2.31500000
1.40000000
5.36500000
4.05000000
2.85000000
0.57500000
3.62500000
1.07500000
2.25500000
5.77500000
2.37000000
3.50500000
3.03000000
3.71500000
4.09000000
5.23000000
2.20000000
0.92000000
5.10000000
3.23000000
1.91500000
5.14000000
1.75000000
3.24000000
2.15500000
4.41000000
6.12500000
0.87500000
4.81000000
6.17000000
1.77000000
3.48500000
6.22500000
6.00000000
3.84500000
1.17000000
1.21500000
5.77000000
0.71500000
1.44000000
6.20500000
1.87000000
1.95000000
3.38500000
1.80500000
3.84000000
1.80500000
1.79000000
1.77000000
1.75000000
1.57000000
1.49000000
1.44000000
1.40000000
1.40000000
1.21500000
1.17000000
1.07500000
0.92000000
0.87500000
0.73000000
0.71500000
0.57500000
0.51500000
0.39500000
0.17500000
6.25000000
6.22500000
6.20500000
6.17000000
6.16000000
6.14000000
6.12500000
6.12500000
6.03500000
6.03000000
6.00000000
5.89000000
5.80500000
5.79500000
5.77500000
5.77000000
5.70500000
5.51000000
5.51000000
5.36500000
5.27500000
5.23000000
5.21000000
5.20000000
5.15000000
5.14000000
5.10000000
4.95000000
4.81000000
4.71500000
4.71500000
4.41000000
4.32000000
4.22500000
4.09000000
4.05000000
4.02000000
4.01000000
3.95500000
3.84500000
3.84000000
3.71500000
3.68000000
3.62500000
3.50500000
3.50500000
3.48500000
3.38500000
3.34000000
3.24000000
3.23000000
3.15500000
3.03000000
2.96500000
2.90500000
2.85000000
2.82000000
2.79500000
2.79000000
2.76000000
2.67500000
2.66000000
2.60000000
2.59000000
2.40500000
2.37000000
2.31500000
2.25500000
2.20000000
2.18000000
2.15500000
2.12000000
1.98500000
1.96000000
1.95000000
1.94000000
1.93500000
1.91500000
1.87000000
1.87000000
1.80500000
1.80500000
1.79000000
1.79000000
1.77000000
1.77000000
1.75000000
1.75000000
1.57000000
1.57000000
1.49000000
1.49000000
1.44000000
1.44000000
1.40000000
1.40000000
1.40000000
1.40000000
1.21500000
1.21500000
1.17000000
1.17000000
1.07500000
1.07500000
0.92000000
0.92000000
0.87500000
0.87500000
0.73000000
0.73000000
0.71500000
0.71500000
0.57500000
0.57500000
0.51500000
0.51500000
0.39500000
0.39500000
0.17500000
0.17500000
6.25000000
6.25000000
6.22500000
6.22500000
6.20500000
6.20500000
6.17000000
6.17000000
6.16000000
6.16000000
6.14000000
6.14000000
6.12500000
6.12500000
6.12500000
6.12500000
6.03500000
6.03500000
6.03000000
6.03000000
6.00000000
6.00000000
5.89000000
5.89000000
5.80500000
5.80500000
5.79500000
5.79500000
5.77500000
5.77500000
5.77000000
5.77000000
5.70500000
5.70500000
5.51000000
5.51000000
5.51000000
5.51000000
5.36500000
5.36500000
5.27500000
5.27500000
5.23000000
5.23000000
5.21000000
5.21000000
5.20000000
5.20000000
5.15000000
5.15000000
5.14000000
5.14000000
5.10000000
5.10000000
4.95000000
4.95000000
4.81000000
4.81000000
4.71500000
4.71500000
4.71500000
4.71500000
4.41000000
4.41000000
4.32000000
4.32000000
4.22500000
4.22500000
4.09000000
4.09000000
4.05000000
4.05000000
4.02000000
4.02000000
4.01000000
4.01000000
3.95500000
3.95500000
3.84500000
3.84500000
3.84000000
3.84000000
3.71500000
3.71500000
3.68000000
3.68000000
3.62500000
3.62500000
3.50500000
3.50500000
3.50500000
3.50500000
3.48500000
3.48500000
3.38500000
3.38500000
3.34000000
3.34000000
3.24000000
3.24000000
3.23000000
3.23000000
3.15500000
3.15500000
3.03000000
3.03000000
2.96500000
2.96500000
2.90500000
2.90500000
2.85000000
2.85000000
2.82000000
2.82000000
2.79500000
2.79500000
2.79000000
2.79000000
2.76000000
2.76000000
2.67500000
2.67500000
2.66000000
2.66000000
2.60000000
2.60000000
2.59000000
2.59000000
2.40500000
2.40500000
2.37000000
2.37000000
2.31500000
2.31500000
2.25500000
2.25500000
2.20000000
2.20000000
2.18000000
2.18000000
2.15500000
2.15500000
2.12000000
2.12000000
1.98500000
1.98500000
1.96000000
1.96000000
1.95000000
1.95000000
1.94000000
1.94000000
1.93500000
1.93500000
1.91500000
1.91500000
1.87000000
1.87000000
1.87000000
1.87000000
1.80500000
1.80500000
1.80500000
1.80500000
1.79000000
1.79000000
1.79000000
1.79000000
1.77000000
1.77000000
1.77000000
1.77000000
1.75000000
1.75000000
1.75000000
1.75000000
1.57000000
1.57000000
1.57000000
1.57000000
1.49000000
1.49000000
1.49000000
1.49000000
1.44000000
1.44000000
1.44000000
1.44000000
1.40000000
1.40000000
1.40000000
1.40000000
1.40000000
1.40000000
1.40000000
1.40000000
1.21500000
1.21500000
1.21500000
1.21500000
1.17000000
1.17000000
1.17000000
1.17000000
1.07500000
1.07500000
1.07500000
1.07500000
0.92000000
0.92000000
0.92000000
0.92000000
0.87500000
0.87500000
0.87500000
0.87500000
0.73000000
0.73000000
0.73000000
0.73000000
0.71500000
0.71500000
0.71500000
0.71500000
0.57500000
0.57500000
0.57500000
0.57500000
0.51500000
0.51500000
0.51500000
0.51500000
0.39500000
0.39500000
0.39500000
0.39500000
0.17500000
0.17500000
0.17500000
0.17500000
6.25000000
6.25000000
6.25000000
6.25000000
6.22500000
6.22500000
6.22500000
6.22500000
6.20500000
6.20500000
6.20500000
6.20500000
6.17000000
6.17000000
6.17000000
6.17000000
6.16000000
6.16000000
6.16000000
6.16000000
6.14000000
6.14000000
6.14000000
6.14000000
6.12500000
6.12500000
6.12500000
6.12500000
6.12500000
6.12500000
6.12500000
6.12500000
6.03500000
6.03500000
6.03500000
6.03500000
6.03000000
6.03000000
6.03000000
6.03000000
6.00000000
6.00000000
6.00000000
6.00000000
5.89000000
5.89000000
5.89000000
5.89000000
5.80500000
5.80500000
5.80500000
5.80500000
5.79500000
5.79500000
5.79500000
5.79500000
5.77500000
5.77500000
5.77500000
5.77500000
5.77000000
5.77000000
5.77000000
5.77000000
5.70500000
5.70500000
5.70500000
5.70500000
5.51000000
5.51000000
5.51000000
5.51000000
5.51000000
5.51000000
5.51000000
5.51000000
5.36500000
5.36500000
5.36500000
5.36500000
5.27500000
5.27500000
5.27500000
5.27500000
5.23000000
5.23000000
5.23000000
5.23000000
5.21000000
5.21000000
5.21000000
5.21000000
5.20000000
5.20000000
5.20000000
5.20000000
5.15000000
5.15000000
5.15000000
5.15000000
5.14000000
5.14000000
5.14000000
5.14000000
5.10000000
5.10000000
5.10000000
5.10000000
4.95000000
4.95000000
4.95000000
4.95000000
4.81000000
4.81000000
4.81000000
4.81000000
4.71500000
4.71500000
4.71500000
4.71500000
4.71500000
4.71500000
4.71500000
4.71500000
4.41000000
4.41000000
4.41000000
4.41000000
4.32000000
4.32000000
4.32000000
4.32000000
4.22500000
4.22500000
4.22500000
4.22500000
4.09000000
4.09000000
4.09000000
4.09000000
4.05000000
4.05000000
4.05000000
4.05000000
4.02000000
4.02000000
4.02000000
4.02000000
4.01000000
4.01000000
4.01000000
4.01000000
3.95500000
3.95500000
3.95500000
3.95500000
3.84500000
3.84500000
3.84500000
3.84500000
3.84000000
3.84000000
3.84000000
3.84000000
3.71500000
3.71500000
3.71500000
3.71500000
3.68000000
3.68000000
3.68000000
3.68000000
3.62500000
3.62500000
3.62500000
3.62500000
3.50500000
3.50500000
3.50500000
3.50500000
3.50500000
3.50500000
3.50500000
3.50500000
3.48500000
3.48500000
3.48500000
3.48500000
3.38500000
3.38500000
3.38500000
3.38500000
3.34000000
3.34000000
3.34000000
3.34000000
3.24000000
3.24000000
3.24000000
3.24000000
3.23000000
3.23000000
3.23000000
3.23000000
3.15500000
3.15500000
3.15500000
3.15500000
3.03000000
3.03000000
3.03000000
3.03000000
2.96500000
2.96500000
2.96500000
2.96500000
2.90500000
2.90500000
2.90500000
2.90500000
2.85000000
2.85000000
2.85000000
2.85000000
2.82000000
2.82000000
2.82000000
2.82000000
2.79500000
2.79500000
2.79500000
2.79500000
2.79000000
2.79000000
2.79000000
2.79000000
2.76000000
2.76000000
2.76000000
2.76000000
2.67500000
2.67500000
2.67500000
2.67500000
2.66000000
2.66000000
2.66000000
2.66000000
2.60000000
2.60000000
2.60000000
2.60000000
2.59000000
2.59000000
2.59000000
2.59000000
2.40500000
2.40500000
2.40500000
2.40500000
2.37000000
2.37000000
2.37000000
2.37000000
2.31500000
2.31500000
2.31500000
2.31500000
2.25500000
2.25500000
2.25500000
2.25500000
2.20000000
2.20000000
2.20000000
2.20000000
2.18000000
2.18000000
2.18000000
2.18000000
2.15500000
2.15500000
2.15500000
2.15500000
2.12000000
2.12000000
2.12000000
2.12000000
1.98500000
1.98500000
1.98500000
1.98500000
1.96000000
1.96000000
1.96000000
1.96000000
1.95000000
1.95000000
1.95000000
1.95000000
1.94000000
1.94000000
1.94000000
1.94000000
1.93500000
1.93500000
1.93500000
1.93500000
1.91500000
1.91500000
1.91500000
1.91500000
1.87000000
1.87000000
1.87000000
1.87000000
1.87000000
1.87000000
1.87000000
1.87000000
1.80500000
1.80500000
1.80500000
1.80500000
1.80500000
1.80500000
1.80500000
1.80500000
1.79000000
1.79000000
1.79000000
1.79000000
1.79000000
1.79000000
1.79000000
1.79000000
1.77000000
1.77000000
1.77000000
1.77000000
1.77000000
1.77000000
1.77000000
1.77000000
1.75000000
1.75000000
1.75000000
1.75000000
1.75000000
1.75000000
1.75000000
1.75000000
1.57000000
1.57000000
1.57000000
1.57000000
1.57000000
1.57000000
1.57000000
1.57000000
1.49000000
1.49000000
1.49000000
1.49000000
1.49000000
1.49000000
1.49000000
1.49000000
1.44000000
1.44000000
1.44000000
1.44000000
1.44000000
1.44000000
1.44000000
1.44000000
1.40000000
1.40000000
1.40000000
1.40000000
1.40000000
1.40000000
1.40000000
1.40000000
1.40000000
1.40000000
1.40000000
1.40000000
1.40000000
1.40000000
1.40000000
1.40000000
1.21500000
1.21500000
1.21500000
1.21500000
1.21500000
1.21500000
1.21500000
1.21500000
1.17000000
1.17000000
1.17000000
1.17000000
1.17000000
1.17000000
1.17000000
1.17000000
1.07500000
1.07500000
1.07500000
1.07500000
1.07500000
1.07500000
1.07500000
1.07500000
0.92000000
0.92000000
0.92000000
0.92000000
0.92000000
0.92000000
0.92000000
0.92000000
0.87500000
0.87500000
0.87500000
0.87500000
0.87500000
0.87500000
0.87500000
0.87500000
0.73000000
0.73000000
0.73000000
0.73000000
0.73000000
0.73000000
0.73000000
0.73000000
0.71500000
0.71500000
0.71500000
0.71500000
0.71500000
0.71500000
0.71500000
0.71500000
0.57500000
0.57500000
0.57500000
0.57500000
0.57500000
0.57500000
0.57500000
0.57500000
0.51500000
0.51500000
0.51500000
0.51500000
0.51500000
0.51500000
0.51500000
0.51500000
0.39500000
0.39500000
0.39500000
0.39500000
0.39500000
0.39500000
0.39500000
0.39500000
0.17500000
0.17500000
0.17500000
0.17500000
0.17500000
0.17500000
0.17500000
0.17500000
