4.81000000
2.31000000
1.05000000
4.95500000
5.10000000
5.47500000
0.07500000
1.99000000
2.10000000
6.09000000
2.65000000
4.07500000
3.62500000
1.36000000
2.86500000
4.92500000
0.17000000
5.64000000
0.56500000
1.00000000
4.07000000
4.79500000
4.00500000
0.80000000
4.73500000
1.97500000
1.36000000
3.92500000
4.93000000
4.09500000
6.14500000
3.53500000
4.31500000
1.88500000
1.55500000
4.89500000
3.70500000
4.12000000
4.54000000
1.88000000
6.15500000
4.72500000
4.25500000
0.56500000
2.01000000
5.04000000
1.74000000
2.53000000
5.81500000
5.29000000
1.64500000
1.06000000
1.65500000
1.12500000
4.45000000
3.53500000
1.21500000
6.18500000
4.98500000
2.71000000
5.76000000
3.21000000
4.39000000
1.62500000
4.50500000
5.64000000
5.16500000
5.85000000
6.22500000
1.08000000
4.33500000
3.05500000
0.95000000
5.36500000
4.05000000
0.99000000
3.88500000
5.37500000
4.29000000
0.26000000
1.97500000
3.01000000
0.66000000
2.02000000
3.90500000
5.62000000
2.07500000
1.85000000
5.98000000
3.30500000
3.35000000
1.62000000
2.85000000
3.57500000
2.05500000
4.00500000
4.08500000
5.52000000
3.94000000
5.97500000
3.94000000
3.92500000
3.90500000
3.88500000
3.70500000
3.62500000
3.57500000
3.53500000
3.53500000
3.35000000
3.30500000
3.21000000
3.05500000
3.01000000
2.86500000
2.85000000
2.71000000
2.65000000
2.53000000
2.31000000
2.10000000
2.07500000
2.05500000
2.02000000
2.01000000
1.99000000
1.97500000
1.97500000
1.88500000
1.88000000
1.85000000
1.74000000
1.65500000
1.64500000
1.62500000
1.62000000
1.55500000
1.36000000
1.36000000
1.21500000
1.12500000
1.08000000
1.06000000
1.05000000
1.00000000
0.99000000
0.95000000
0.80000000
0.66000000
0.56500000
0.56500000
0.26000000
0.17000000
0.07500000
6.22500000
6.18500000
6.15500000
6.14500000
6.09000000
5.98000000
5.97500000
5.85000000
5.81500000
5.76000000
5.64000000
5.64000000
5.62000000
5.52000000
5.47500000
5.37500000
5.36500000
5.29000000
5.16500000
5.10000000
5.04000000
4.98500000
4.95500000
4.93000000
4.92500000
4.89500000
4.81000000
4.79500000
4.73500000
4.72500000
4.54000000
4.50500000
4.45000000
4.39000000
4.33500000
4.31500000
4.29000000
4.25500000
4.12000000
4.09500000
4.08500000
4.07500000
4.07000000
4.05000000
4.00500000
4.00500000
3.94000000
3.94000000
3.92500000
3.92500000
3.90500000
3.90500000
3.88500000
3.88500000
3.70500000
3.70500000
3.62500000
3.62500000
3.57500000
3.57500000
3.53500000
3.53500000
3.53500000
3.53500000
3.35000000
3.35000000
3.30500000
3.30500000
3.21000000
3.21000000
3.05500000
3.05500000
3.01000000
3.01000000
2.86500000
2.86500000
2.85000000
2.85000000
2.71000000
2.71000000
2.65000000
2.65000000
2.53000000
2.53000000
2.31000000
2.31000000
2.10000000
2.10000000
2.07500000
2.07500000
2.05500000
2.05500000
2.02000000
2.02000000
2.01000000
2.01000000
1.99000000
1.99000000
1.97500000
1.97500000
1.97500000
1.97500000
1.88500000
1.88500000
1.88000000
1.88000000
1.85000000
1.85000000
1.74000000
1.74000000
1.65500000
1.65500000
1.64500000
1.64500000
1.62500000
1.62500000
1.62000000
1.62000000
1.55500000
1.55500000
1.36000000
1.36000000
1.36000000
1.36000000
1.21500000
1.21500000
1.12500000
1.12500000
1.08000000
1.08000000
1.06000000
1.06000000
1.05000000
1.05000000
1.00000000
1.00000000
0.99000000
0.99000000
0.95000000
0.95000000
0.80000000
0.80000000
0.66000000
0.66000000
0.56500000
0.56500000
0.56500000
0.56500000
0.26000000
0.26000000
0.17000000
0.17000000
0.07500000
0.07500000
6.22500000
6.22500000
6.18500000
6.18500000
6.15500000
6.15500000
6.14500000
6.14500000
6.09000000
6.09000000
5.98000000
5.98000000
5.97500000
5.97500000
5.85000000
5.85000000
5.81500000
5.81500000
5.76000000
5.76000000
5.64000000
5.64000000
5.64000000
5.64000000
5.62000000
5.62000000
5.52000000
5.52000000
5.47500000
5.47500000
5.37500000
5.37500000
5.36500000
5.36500000
5.29000000
5.29000000
5.16500000
5.16500000
5.10000000
5.10000000
5.04000000
5.04000000
4.98500000
4.98500000
4.95500000
4.95500000
4.93000000
4.93000000
4.92500000
4.92500000
4.89500000
4.89500000
4.81000000
4.81000000
4.79500000
4.79500000
4.73500000
4.73500000
4.72500000
4.72500000
4.54000000
4.54000000
4.50500000
4.50500000
4.45000000
4.45000000
4.39000000
4.39000000
4.33500000
4.33500000
4.31500000
4.31500000
4.29000000
4.29000000
4.25500000
4.25500000
4.12000000
4.12000000
4.09500000
4.09500000
4.08500000
4.08500000
4.07500000
4.07500000
4.07000000
4.07000000
4.05000000
4.05000000
4.00500000
4.00500000
4.00500000
4.00500000
3.94000000
3.94000000
3.94000000
3.94000000
3.92500000
3.92500000
3.92500000
3.92500000
3.90500000
3.90500000
3.90500000
3.90500000
3.88500000
3.88500000
3.88500000
3.88500000
3.70500000
3.70500000
3.70500000
3.70500000
3.62500000
3.62500000
3.62500000
3.62500000
3.57500000
3.57500000
3.57500000
3.57500000
3.53500000
3.53500000
3.53500000
3.53500000
3.53500000
3.53500000
3.53500000
3.53500000
3.35000000
3.35000000
3.35000000
3.35000000
3.30500000
3.30500000
3.30500000
3.30500000
3.21000000
3.21000000
3.21000000
3.21000000
3.05500000
3.05500000
3.05500000
3.05500000
3.01000000
3.01000000
3.01000000
3.01000000
2.86500000
2.86500000
2.86500000
2.86500000
2.85000000
2.85000000
2.85000000
2.85000000
2.71000000
2.71000000
2.71000000
2.71000000
2.65000000
2.65000000
2.65000000
2.65000000
2.53000000
2.53000000
2.53000000
2.53000000
2.31000000
2.31000000
2.31000000
2.31000000
2.10000000
2.10000000
2.10000000
2.10000000
2.07500000
2.07500000
2.07500000
2.07500000
2.05500000
2.05500000
2.05500000
2.05500000
2.02000000
2.02000000
2.02000000
2.02000000
2.01000000
2.01000000
2.01000000
2.01000000
1.99000000
1.99000000
1.99000000
1.99000000
1.97500000
1.97500000
1.97500000
1.97500000
1.97500000
1.97500000
1.97500000
1.97500000
1.88500000
1.88500000
1.88500000
1.88500000
1.88000000
1.88000000
1.88000000
1.88000000
1.85000000
1.85000000
1.85000000
1.85000000
1.74000000
1.74000000
1.74000000
1.74000000
1.65500000
1.65500000
1.65500000
1.65500000
1.64500000
1.64500000
1.64500000
1.64500000
1.62500000
1.62500000
1.62500000
1.62500000
1.62000000
1.62000000
1.62000000
1.62000000
1.55500000
1.55500000
1.55500000
1.55500000
1.36000000
1.36000000
1.36000000
1.36000000
1.36000000
1.36000000
1.36000000
1.36000000
1.21500000
1.21500000
1.21500000
1.21500000
1.12500000
1.12500000
1.12500000
1.12500000
1.08000000
1.08000000
1.08000000
1.08000000
1.06000000
1.06000000
1.06000000
1.06000000
1.05000000
1.05000000
1.05000000
1.05000000
1.00000000
1.00000000
1.00000000
1.00000000
0.99000000
0.99000000
0.99000000
0.99000000
0.95000000
0.95000000
0.95000000
0.95000000
0.80000000
0.80000000
0.80000000
0.80000000
0.66000000
0.66000000
0.66000000
0.66000000
0.56500000
0.56500000
0.56500000
0.56500000
0.56500000
0.56500000
0.56500000
0.56500000
0.26000000
0.26000000
0.26000000
0.26000000
0.17000000
0.17000000
0.17000000
0.17000000
0.07500000
0.07500000
0.07500000
0.07500000
