1.22500000
5.01000000
3.75000000
1.37000000
1.51500000
1.89000000
2.77500000
4.69000000
4.80000000
2.50500000
5.35000000
0.49000000
0.04000000
4.06000000
5.56500000
1.34000000
2.87000000
2.05500000
3.26500000
3.70000000
0.48500000
1.21000000
0.42000000
3.50000000
1.15000000
4.67500000
4.06000000
0.34000000
1.34500000
0.51000000
2.56000000
6.23500000
0.73000000
4.58500000
4.25500000
1.31000000
0.12000000
0.53500000
0.95500000
4.58000000
2.57000000
1.14000000
0.67000000
3.26500000
4.71000000
1.45500000
4.44000000
5.23000000
2.23000000
1.70500000
4.34500000
3.76000000
4.35500000
3.82500000
0.86500000
6.23500000
3.91500000
2.60000000
1.40000000
5.41000000
2.17500000
5.91000000
0.80500000
4.32500000
0.92000000
2.05500000
1.58000000
2.26500000
2.64000000
3.78000000
0.75000000
5.75500000
3.65000000
1.78000000
0.46500000
3.69000000
0.30000000
1.79000000
0.70500000
2.96000000
4.67500000
5.71000000
3.36000000
4.72000000
0.32000000
2.03500000
4.77500000
4.55000000
2.39500000
6.00500000
6.05000000
4.32000000
5.55000000
6.27500000
4.75500000
0.42000000
0.50000000
1.93500000
0.35500000
2.39000000
0.35500000
0.34000000
0.32000000
0.30000000
0.12000000
0.04000000
6.27500000
6.23500000
6.23500000
6.05000000
6.00500000
5.91000000
5.75500000
5.71000000
5.56500000
5.55000000
5.41000000
5.35000000
5.23000000
5.01000000
4.80000000
4.77500000
4.75500000
4.72000000
4.71000000
4.69000000
4.67500000
4.67500000
4.58500000
4.58000000
4.55000000
4.44000000
4.35500000
4.34500000
4.32500000
4.32000000
4.25500000
4.06000000
4.06000000
3.91500000
3.82500000
3.78000000
3.76000000
3.75000000
3.70000000
3.69000000
3.65000000
3.50000000
3.36000000
3.26500000
3.26500000
2.96000000
2.87000000
2.77500000
2.64000000
2.60000000
2.57000000
2.56000000
2.50500000
2.39500000
2.39000000
2.26500000
2.23000000
2.17500000
2.05500000
2.05500000
2.03500000
1.93500000
1.89000000
1.79000000
1.78000000
1.70500000
1.58000000
1.51500000
1.45500000
1.40000000
1.37000000
1.34500000
1.34000000
1.31000000
1.22500000
1.21000000
1.15000000
1.14000000
0.95500000
0.92000000
0.86500000
0.80500000
0.75000000
0.73000000
0.70500000
0.67000000
0.53500000
0.51000000
0.50000000
0.49000000
0.48500000
0.46500000
0.42000000
0.42000000
0.35500000
0.35500000
0.34000000
0.34000000
0.32000000
0.32000000
0.30000000
0.30000000
0.12000000
0.12000000
0.04000000
0.04000000
6.27500000
6.27500000
6.23500000
6.23500000
6.23500000
6.23500000
6.05000000
6.05000000
6.00500000
6.00500000
5.91000000
5.91000000
5.75500000
5.75500000
5.71000000
5.71000000
5.56500000
5.56500000
5.55000000
5.55000000
5.41000000
5.41000000
5.35000000
5.35000000
5.23000000
5.23000000
5.01000000
5.01000000
4.80000000
4.80000000
4.77500000
4.77500000
4.75500000
4.75500000
4.72000000
4.72000000
4.71000000
4.71000000
4.69000000
4.69000000
4.67500000
4.67500000
4.67500000
4.67500000
4.58500000
4.58500000
4.58000000
4.58000000
4.55000000
4.55000000
4.44000000
4.44000000
4.35500000
4.35500000
4.34500000
4.34500000
4.32500000
4.32500000
4.32000000
4.32000000
4.25500000
4.25500000
4.06000000
4.06000000
4.06000000
4.06000000
3.91500000
3.91500000
3.82500000
3.82500000
3.78000000
3.78000000
3.76000000
3.76000000
3.75000000
3.75000000
3.70000000
3.70000000
3.69000000
3.69000000
3.65000000
3.65000000
3.50000000
3.50000000
3.36000000
3.36000000
3.26500000
3.26500000
3.26500000
3.26500000
2.96000000
2.96000000
2.87000000
2.87000000
2.77500000
2.77500000
2.64000000
2.64000000
2.60000000
2.60000000
2.57000000
2.57000000
2.56000000
2.56000000
2.50500000
2.50500000
2.39500000
2.39500000
2.39000000
2.39000000
2.26500000
2.26500000
2.23000000
2.23000000
2.17500000
2.17500000
2.05500000
2.05500000
2.05500000
2.05500000
2.03500000
2.03500000
1.93500000
1.93500000
1.89000000
1.89000000
1.79000000
1.79000000
1.78000000
1.78000000
1.70500000
1.70500000
1.58000000
1.58000000
1.51500000
1.51500000
1.45500000
1.45500000
1.40000000
1.40000000
1.37000000
1.37000000
1.34500000
1.34500000
1.34000000
1.34000000
1.31000000
1.31000000
1.22500000
1.22500000
1.21000000
1.21000000
1.15000000
1.15000000
1.14000000
1.14000000
0.95500000
0.95500000
0.92000000
0.92000000
0.86500000
0.86500000
0.80500000
0.80500000
0.75000000
0.75000000
0.73000000
0.73000000
0.70500000
0.70500000
0.67000000
0.67000000
0.53500000
0.53500000
0.51000000
0.51000000
0.50000000
0.50000000
0.49000000
0.49000000
0.48500000
0.48500000
0.46500000
0.46500000
0.42000000
0.42000000
0.42000000
0.42000000
0.35500000
0.35500000
0.35500000
0.35500000
0.34000000
0.34000000
0.34000000
0.34000000
0.32000000
0.32000000
0.32000000
0.32000000
0.30000000
0.30000000
0.30000000
0.30000000
0.12000000
0.12000000
0.12000000
0.12000000
0.04000000
0.04000000
0.04000000
0.04000000
6.27500000
6.27500000
6.27500000
6.27500000
6.23500000
6.23500000
6.23500000
6.23500000
6.23500000
6.23500000
6.23500000
6.23500000
6.05000000
6.05000000
6.05000000
6.05000000
6.00500000
6.00500000
6.00500000
6.00500000
5.91000000
5.91000000
5.91000000
5.91000000
5.75500000
5.75500000
5.75500000
5.75500000
5.71000000
5.71000000
5.71000000
5.71000000
5.56500000
5.56500000
5.56500000
5.56500000
5.55000000
5.55000000
5.55000000
5.55000000
5.41000000
5.41000000
5.41000000
5.41000000
5.35000000
5.35000000
5.35000000
5.35000000
5.23000000
5.23000000
5.23000000
5.23000000
5.01000000
5.01000000
5.01000000
5.01000000
4.80000000
4.80000000
4.80000000
4.80000000
4.77500000
4.77500000
4.77500000
4.77500000
4.75500000
4.75500000
4.75500000
4.75500000
4.72000000
4.72000000
4.72000000
4.72000000
4.71000000
4.71000000
4.71000000
4.71000000
4.69000000
4.69000000
4.69000000
4.69000000
4.67500000
4.67500000
4.67500000
4.67500000
4.67500000
4.67500000
4.67500000
4.67500000
4.58500000
4.58500000
4.58500000
4.58500000
4.58000000
4.58000000
4.58000000
4.58000000
4.55000000
4.55000000
4.55000000
4.55000000
4.44000000
4.44000000
4.44000000
4.44000000
4.35500000
4.35500000
4.35500000
4.35500000
4.34500000
4.34500000
4.34500000
4.34500000
4.32500000
4.32500000
4.32500000
4.32500000
4.32000000
4.32000000
4.32000000
4.32000000
4.25500000
4.25500000
4.25500000
4.25500000
4.06000000
4.06000000
4.06000000
4.06000000
4.06000000
4.06000000
4.06000000
4.06000000
3.91500000
3.91500000
3.91500000
3.91500000
3.82500000
3.82500000
3.82500000
3.82500000
3.78000000
3.78000000
3.78000000
3.78000000
3.76000000
3.76000000
3.76000000
3.76000000
3.75000000
3.75000000
3.75000000
3.75000000
3.70000000
3.70000000
3.70000000
3.70000000
3.69000000
3.69000000
3.69000000
3.69000000
3.65000000
3.65000000
3.65000000
3.65000000
3.50000000
3.50000000
3.50000000
3.50000000
3.36000000
3.36000000
3.36000000
3.36000000
3.26500000
3.26500000
3.26500000
3.26500000
3.26500000
3.26500000
3.26500000
3.26500000
2.96000000
2.96000000
2.96000000
2.96000000
2.87000000
2.87000000
2.87000000
2.87000000
2.77500000
2.77500000
2.77500000
2.77500000
2.64000000
2.64000000
2.64000000
2.64000000
2.60000000
2.60000000
2.60000000
2.60000000
2.57000000
2.57000000
2.57000000
2.57000000
2.56000000
2.56000000
2.56000000
2.56000000
2.50500000
2.50500000
2.50500000
2.50500000
2.39500000
2.39500000
2.39500000
2.39500000
2.39000000
2.39000000
2.39000000
2.39000000
2.26500000
2.26500000
2.26500000
2.26500000
2.23000000
2.23000000
2.23000000
2.23000000
2.17500000
2.17500000
2.17500000
2.17500000
2.05500000
2.05500000
2.05500000
2.05500000
2.05500000
2.05500000
2.05500000
2.05500000
2.03500000
2.03500000
2.03500000
2.03500000
1.93500000
1.93500000
1.93500000
1.93500000
1.89000000
1.89000000
1.89000000
1.89000000
1.79000000
1.79000000
1.79000000
1.79000000
1.78000000
1.78000000
1.78000000
1.78000000
1.70500000
1.70500000
1.70500000
1.70500000
1.58000000
1.58000000
1.58000000
1.58000000
1.51500000
1.51500000
1.51500000
1.51500000
1.45500000
1.45500000
1.45500000
1.45500000
1.40000000
1.40000000
1.40000000
1.40000000
1.37000000
1.37000000
1.37000000
1.37000000
1.34500000
1.34500000
1.34500000
1.34500000
1.34000000
1.34000000
1.34000000
1.34000000
1.31000000
1.31000000
1.31000000
1.31000000
1.22500000
1.22500000
1.22500000
1.22500000
1.21000000
1.21000000
1.21000000
1.21000000
1.15000000
1.15000000
1.15000000
1.15000000
1.14000000
1.14000000
1.14000000
1.14000000
0.95500000
0.95500000
0.95500000
0.95500000
0.92000000
0.92000000
0.92000000
0.92000000
0.86500000
0.86500000
0.86500000
0.86500000
0.80500000
0.80500000
0.80500000
0.80500000
0.75000000
0.75000000
0.75000000
0.75000000
0.73000000
0.73000000
0.73000000
0.73000000
0.70500000
0.70500000
0.70500000
0.70500000
0.67000000
0.67000000
0.67000000
0.67000000
0.53500000
0.53500000
0.53500000
0.53500000
0.51000000
0.51000000
0.51000000
0.51000000
0.50000000
0.50000000
0.50000000
0.50000000
0.49000000
0.49000000
0.49000000
0.49000000
0.48500000
0.48500000
0.48500000
0.48500000
0.46500000
0.46500000
0.46500000
0.46500000
0.42000000
0.42000000
0.42000000
0.42000000
0.42000000
0.42000000
0.42000000
0.42000000
0.35500000
0.35500000
0.35500000
0.35500000
0.35500000
0.35500000
0.35500000
0.35500000
0.34000000
0.34000000
0.34000000
0.34000000
0.34000000
0.34000000
0.34000000
0.34000000
0.32000000
0.32000000
0.32000000
0.32000000
0.32000000
0.32000000
0.32000000
0.32000000
0.30000000
0.30000000
0.30000000
0.30000000
0.30000000
0.30000000
0.30000000
0.30000000
0.12000000
0.12000000
0.12000000
0.12000000
0.12000000
0.12000000
0.12000000
0.12000000
0.04000000
0.04000000
0.04000000
0.04000000
0.04000000
0.04000000
0.04000000
0.04000000
