3.11000000
0.61000000
5.63500000
3.25500000
3.40000000
3.77500000
4.66000000
0.29000000
0.40000000
4.39000000
0.95000000
2.37500000
1.92500000
5.94500000
1.16500000
3.22500000
4.75500000
3.94000000
5.15000000
5.58500000
2.37000000
3.09500000
2.30500000
5.38500000
3.03500000
0.27500000
5.94500000
2.22500000
3.23000000
2.39500000
4.44500000
1.83500000
2.61500000
0.18500000
6.14000000
3.19500000
2.00500000
2.42000000
2.84000000
0.18000000
4.45500000
3.02500000
2.55500000
5.15000000
0.31000000
3.34000000
0.04000000
0.83000000
4.11500000
3.59000000
6.23000000
5.64500000
6.24000000
5.71000000
2.75000000
1.83500000
5.80000000
4.48500000
3.28500000
1.01000000
4.06000000
1.51000000
2.69000000
6.21000000
2.80500000
3.94000000
3.46500000
4.15000000
4.52500000
5.66500000
2.63500000
1.35500000
5.53500000
3.66500000
2.35000000
5.57500000
2.18500000
3.67500000
2.59000000
4.84500000
0.27500000
1.31000000
5.24500000
0.32000000
2.20500000
3.92000000
0.37500000
0.15000000
4.28000000
1.60500000
1.65000000
6.20500000
1.15000000
1.87500000
0.35500000
2.30500000
2.38500000
3.82000000
2.24000000
4.27500000
2.24000000
2.22500000
2.20500000
2.18500000
2.00500000
1.92500000
1.87500000
1.83500000
1.83500000
1.65000000
1.60500000
1.51000000
1.35500000
1.31000000
1.16500000
1.15000000
1.01000000
0.95000000
0.83000000
0.61000000
0.40000000
0.37500000
0.35500000
0.32000000
0.31000000
0.29000000
0.27500000
0.27500000
0.18500000
0.18000000
0.15000000
0.04000000
6.24000000
6.23000000
6.21000000
6.20500000
6.14000000
5.94500000
5.94500000
5.80000000
5.71000000
5.66500000
5.64500000
5.63500000
5.58500000
5.57500000
5.53500000
5.38500000
5.24500000
5.15000000
5.15000000
4.84500000
4.75500000
4.66000000
4.52500000
4.48500000
4.45500000
4.44500000
4.39000000
4.28000000
4.27500000
4.15000000
4.11500000
4.06000000
3.94000000
3.94000000
3.92000000
3.82000000
3.77500000
3.67500000
3.66500000
3.59000000
3.46500000
3.40000000
3.34000000
3.28500000
3.25500000
3.23000000
3.22500000
3.19500000
3.11000000
3.09500000
3.03500000
3.02500000
2.84000000
2.80500000
2.75000000
2.69000000
2.63500000
2.61500000
2.59000000
2.55500000
2.42000000
2.39500000
2.38500000
2.37500000
2.37000000
2.35000000
2.30500000
2.30500000
2.24000000
2.24000000
2.22500000
2.22500000
2.20500000
2.20500000
2.18500000
2.18500000
2.00500000
2.00500000
1.92500000
1.92500000
1.87500000
1.87500000
1.83500000
1.83500000
1.83500000
1.83500000
1.65000000
1.65000000
1.60500000
1.60500000
1.51000000
1.51000000
1.35500000
1.35500000
1.31000000
1.31000000
1.16500000
1.16500000
1.15000000
1.15000000
1.01000000
1.01000000
0.95000000
0.95000000
0.83000000
0.83000000
0.61000000
0.61000000
0.40000000
0.40000000
0.37500000
0.37500000
0.35500000
0.35500000
0.32000000
0.32000000
0.31000000
0.31000000
0.29000000
0.29000000
0.27500000
0.27500000
0.27500000
0.27500000
0.18500000
0.18500000
0.18000000
0.18000000
0.15000000
0.15000000
0.04000000
0.04000000
6.24000000
6.24000000
6.23000000
6.23000000
6.21000000
6.21000000
6.20500000
6.20500000
6.14000000
6.14000000
5.94500000
5.94500000
5.94500000
5.94500000
5.80000000
5.80000000
5.71000000
5.71000000
5.66500000
5.66500000
5.64500000
5.64500000
5.63500000
5.63500000
5.58500000
5.58500000
5.57500000
5.57500000
5.53500000
5.53500000
5.38500000
5.38500000
5.24500000
5.24500000
5.15000000
5.15000000
5.15000000
5.15000000
4.84500000
4.84500000
4.75500000
4.75500000
4.66000000
4.66000000
4.52500000
4.52500000
4.48500000
4.48500000
4.45500000
4.45500000
4.44500000
4.44500000
4.39000000
4.39000000
4.28000000
4.28000000
4.27500000
4.27500000
4.15000000
4.15000000
4.11500000
4.11500000
4.06000000
4.06000000
3.94000000
3.94000000
3.94000000
3.94000000
3.92000000
3.92000000
3.82000000
3.82000000
3.77500000
3.77500000
3.67500000
3.67500000
3.66500000
3.66500000
3.59000000
3.59000000
3.46500000
3.46500000
3.40000000
3.40000000
3.34000000
3.34000000
3.28500000
3.28500000
3.25500000
3.25500000
3.23000000
3.23000000
3.22500000
3.22500000
3.19500000
3.19500000
3.11000000
3.11000000
3.09500000
3.09500000
3.03500000
3.03500000
3.02500000
3.02500000
2.84000000
2.84000000
2.80500000
2.80500000
2.75000000
2.75000000
2.69000000
2.69000000
2.63500000
2.63500000
2.61500000
2.61500000
2.59000000
2.59000000
2.55500000
2.55500000
2.42000000
2.42000000
2.39500000
2.39500000
2.38500000
2.38500000
2.37500000
2.37500000
2.37000000
2.37000000
2.35000000
2.35000000
2.30500000
2.30500000
2.30500000
2.30500000
2.24000000
2.24000000
2.24000000
2.24000000
2.22500000
2.22500000
2.22500000
2.22500000
2.20500000
2.20500000
2.20500000
2.20500000
2.18500000
2.18500000
2.18500000
2.18500000
2.00500000
2.00500000
2.00500000
2.00500000
1.92500000
1.92500000
1.92500000
1.92500000
1.87500000
1.87500000
1.87500000
1.87500000
1.83500000
1.83500000
1.83500000
1.83500000
1.83500000
1.83500000
1.83500000
1.83500000
1.65000000
1.65000000
1.65000000
1.65000000
1.60500000
1.60500000
1.60500000
1.60500000
1.51000000
1.51000000
1.51000000
1.51000000
1.35500000
1.35500000
1.35500000
1.35500000
1.31000000
1.31000000
1.31000000
1.31000000
1.16500000
1.16500000
1.16500000
1.16500000
1.15000000
1.15000000
1.15000000
1.15000000
1.01000000
1.01000000
1.01000000
1.01000000
0.95000000
0.95000000
0.95000000
0.95000000
0.83000000
0.83000000
0.83000000
0.83000000
0.61000000
0.61000000
0.61000000
0.61000000
0.40000000
0.40000000
0.40000000
0.40000000
0.37500000
0.37500000
0.37500000
0.37500000
0.35500000
0.35500000
0.35500000
0.35500000
0.32000000
0.32000000
0.32000000
0.32000000
0.31000000
0.31000000
0.31000000
0.31000000
0.29000000
0.29000000
0.29000000
0.29000000
0.27500000
0.27500000
0.27500000
0.27500000
0.27500000
0.27500000
0.27500000
0.27500000
0.18500000
0.18500000
0.18500000
0.18500000
0.18000000
0.18000000
0.18000000
0.18000000
0.15000000
0.15000000
0.15000000
0.15000000
0.04000000
0.04000000
0.04000000
0.04000000
