1.26000000
5.04500000
3.78500000
1.40500000
1.55000000
1.92500000
2.81000000
4.72500000
4.83500000
2.54000000
5.38500000
0.52500000
0.07500000
4.09500000
5.60000000
1.37500000
2.90500000
2.09000000
3.30000000
3.73500000
0.52000000
1.24500000
0.45500000
3.53500000
1.18500000
4.71000000
4.09500000
0.37500000
1.38000000
0.54500000
2.59500000
6.27000000
0.76500000
4.62000000
4.29000000
1.34500000
0.15500000
0.57000000
0.99000000
4.61500000
2.60500000
1.17500000
0.70500000
3.30000000
4.74500000
1.49000000
4.47500000
5.26500000
2.26500000
1.74000000
4.38000000
3.79500000
4.39000000
3.86000000
0.90000000
6.27000000
3.95000000
2.63500000
1.43500000
5.44500000
2.21000000
5.94500000
0.84000000
4.36000000
0.95500000
2.09000000
1.61500000
2.30000000
2.67500000
3.81500000
0.78500000
5.79000000
3.68500000
1.81500000
0.50000000
3.72500000
0.33500000
1.82500000
0.74000000
2.99500000
4.71000000
5.74500000
3.39500000
4.75500000
0.35500000
2.07000000
4.81000000
4.58500000
2.43000000
6.04000000
6.08500000
4.35500000
5.58500000
0.02500000
4.79000000
0.45500000
0.53500000
1.97000000
0.39000000
2.42500000
0.39000000
0.37500000
0.35500000
0.33500000
0.15500000
0.07500000
0.02500000
6.27000000
6.27000000
6.08500000
6.04000000
5.94500000
5.79000000
5.74500000
5.60000000
5.58500000
5.44500000
5.38500000
5.26500000
5.04500000
4.83500000
4.81000000
4.79000000
4.75500000
4.74500000
4.72500000
4.71000000
4.71000000
4.62000000
4.61500000
4.58500000
4.47500000
4.39000000
4.38000000
4.36000000
4.35500000
4.29000000
4.09500000
4.09500000
3.95000000
3.86000000
3.81500000
3.79500000
3.78500000
3.73500000
3.72500000
3.68500000
3.53500000
3.39500000
3.30000000
3.30000000
2.99500000
2.90500000
2.81000000
2.67500000
2.63500000
2.60500000
2.59500000
2.54000000
2.43000000
2.42500000
2.30000000
2.26500000
2.21000000
2.09000000
2.09000000
2.07000000
1.97000000
1.92500000
1.82500000
1.81500000
1.74000000
1.61500000
1.55000000
1.49000000
1.43500000
1.40500000
1.38000000
1.37500000
1.34500000
1.26000000
1.24500000
1.18500000
1.17500000
0.99000000
0.95500000
0.90000000
0.84000000
0.78500000
0.76500000
0.74000000
0.70500000
0.57000000
0.54500000
0.53500000
0.52500000
0.52000000
0.50000000
0.45500000
0.45500000
0.39000000
0.39000000
0.37500000
0.37500000
0.35500000
0.35500000
0.33500000
0.33500000
0.15500000
0.15500000
0.07500000
0.07500000
0.02500000
0.02500000
6.27000000
6.27000000
6.27000000
6.27000000
6.08500000
6.08500000
6.04000000
6.04000000
5.94500000
5.94500000
5.79000000
5.79000000
5.74500000
5.74500000
5.60000000
5.60000000
5.58500000
5.58500000
5.44500000
5.44500000
5.38500000
5.38500000
5.26500000
5.26500000
5.04500000
5.04500000
4.83500000
4.83500000
4.81000000
4.81000000
4.79000000
4.79000000
4.75500000
4.75500000
4.74500000
4.74500000
4.72500000
4.72500000
4.71000000
4.71000000
4.71000000
4.71000000
4.62000000
4.62000000
4.61500000
4.61500000
4.58500000
4.58500000
4.47500000
4.47500000
4.39000000
4.39000000
4.38000000
4.38000000
4.36000000
4.36000000
4.35500000
4.35500000
4.29000000
4.29000000
4.09500000
4.09500000
4.09500000
4.09500000
3.95000000
3.95000000
3.86000000
3.86000000
3.81500000
3.81500000
3.79500000
3.79500000
3.78500000
3.78500000
3.73500000
3.73500000
3.72500000
3.72500000
3.68500000
3.68500000
3.53500000
3.53500000
3.39500000
3.39500000
3.30000000
3.30000000
3.30000000
3.30000000
2.99500000
2.99500000
2.90500000
2.90500000
2.81000000
2.81000000
2.67500000
2.67500000
2.63500000
2.63500000
2.60500000
2.60500000
2.59500000
2.59500000
2.54000000
2.54000000
2.43000000
2.43000000
2.42500000
2.42500000
2.30000000
2.30000000
2.26500000
2.26500000
2.21000000
2.21000000
2.09000000
2.09000000
2.09000000
2.09000000
2.07000000
2.07000000
1.97000000
1.97000000
1.92500000
1.92500000
1.82500000
1.82500000
1.81500000
1.81500000
1.74000000
1.74000000
1.61500000
1.61500000
1.55000000
1.55000000
1.49000000
1.49000000
1.43500000
1.43500000
1.40500000
1.40500000
1.38000000
1.38000000
1.37500000
1.37500000
1.34500000
1.34500000
1.26000000
1.26000000
1.24500000
1.24500000
1.18500000
1.18500000
1.17500000
1.17500000
0.99000000
0.99000000
0.95500000
0.95500000
0.90000000
0.90000000
0.84000000
0.84000000
0.78500000
0.78500000
0.76500000
0.76500000
0.74000000
0.74000000
0.70500000
0.70500000
0.57000000
0.57000000
0.54500000
0.54500000
0.53500000
0.53500000
0.52500000
0.52500000
0.52000000
0.52000000
0.50000000
0.50000000
0.45500000
0.45500000
0.45500000
0.45500000
0.39000000
0.39000000
0.39000000
0.39000000
0.37500000
0.37500000
0.37500000
0.37500000
0.35500000
0.35500000
0.35500000
0.35500000
0.33500000
0.33500000
0.33500000
0.33500000
0.15500000
0.15500000
0.15500000
0.15500000
0.07500000
0.07500000
0.07500000
0.07500000
0.02500000
0.02500000
0.02500000
0.02500000
