5.19500000
2.69500000
1.43500000
5.34000000
5.48500000
5.86000000
0.46000000
2.37500000
2.48500000
0.19000000
3.03500000
4.46000000
4.01000000
1.74500000
3.25000000
5.31000000
0.55500000
6.02500000
0.95000000
1.38500000
4.45500000
5.18000000
4.39000000
1.18500000
5.12000000
2.36000000
1.74500000
4.31000000
5.31500000
4.48000000
0.24500000
3.92000000
4.70000000
2.27000000
1.94000000
5.28000000
4.09000000
4.50500000
4.92500000
2.26500000
0.25500000
5.11000000
4.64000000
0.95000000
2.39500000
5.42500000
2.12500000
2.91500000
6.20000000
5.67500000
2.03000000
1.44500000
2.04000000
1.51000000
4.83500000
3.92000000
1.60000000
0.28500000
5.37000000
3.09500000
6.14500000
3.59500000
4.77500000
2.01000000
4.89000000
6.02500000
5.55000000
6.23500000
0.32500000
1.46500000
4.72000000
3.44000000
1.33500000
5.75000000
4.43500000
1.37500000
4.27000000
5.76000000
4.67500000
0.64500000
2.36000000
3.39500000
1.04500000
2.40500000
4.29000000
6.00500000
2.46000000
2.23500000
0.08000000
3.69000000
3.73500000
2.00500000
3.23500000
3.96000000
2.44000000
4.39000000
4.47000000
5.90500000
4.32500000
0.07500000
4.32500000
4.31000000
4.29000000
4.27000000
4.09000000
4.01000000
3.96000000
3.92000000
3.92000000
3.73500000
3.69000000
3.59500000
3.44000000
3.39500000
3.25000000
3.23500000
3.09500000
3.03500000
2.91500000
2.69500000
2.48500000
2.46000000
2.44000000
2.40500000
2.39500000
2.37500000
2.36000000
2.36000000
2.27000000
2.26500000
2.23500000
2.12500000
2.04000000
2.03000000
2.01000000
2.00500000
1.94000000
1.74500000
1.74500000
1.60000000
1.51000000
1.46500000
1.44500000
1.43500000
1.38500000
1.37500000
1.33500000
1.18500000
1.04500000
0.95000000
0.95000000
0.64500000
0.55500000
0.46000000
0.32500000
0.28500000
0.25500000
0.24500000
0.19000000
0.08000000
0.07500000
6.23500000
6.20000000
6.14500000
6.02500000
6.02500000
6.00500000
5.90500000
5.86000000
5.76000000
5.75000000
5.67500000
5.55000000
5.48500000
5.42500000
5.37000000
5.34000000
5.31500000
5.31000000
5.28000000
5.19500000
5.18000000
5.12000000
5.11000000
4.92500000
4.89000000
4.83500000
4.77500000
4.72000000
4.70000000
4.67500000
4.64000000
4.50500000
4.48000000
4.47000000
4.46000000
4.45500000
4.43500000
4.39000000
4.39000000
4.32500000
4.32500000
4.31000000
4.31000000
4.29000000
4.29000000
4.27000000
4.27000000
4.09000000
4.09000000
4.01000000
4.01000000
3.96000000
3.96000000
3.92000000
3.92000000
3.92000000
3.92000000
3.73500000
3.73500000
3.69000000
3.69000000
3.59500000
3.59500000
3.44000000
3.44000000
3.39500000
3.39500000
3.25000000
3.25000000
3.23500000
3.23500000
3.09500000
3.09500000
3.03500000
3.03500000
2.91500000
2.91500000
2.69500000
2.69500000
2.48500000
2.48500000
2.46000000
2.46000000
2.44000000
2.44000000
2.40500000
2.40500000
2.39500000
2.39500000
2.37500000
2.37500000
2.36000000
2.36000000
2.36000000
2.36000000
2.27000000
2.27000000
2.26500000
2.26500000
2.23500000
2.23500000
2.12500000
2.12500000
2.04000000
2.04000000
2.03000000
2.03000000
2.01000000
2.01000000
2.00500000
2.00500000
1.94000000
1.94000000
1.74500000
1.74500000
1.74500000
1.74500000
1.60000000
1.60000000
1.51000000
1.51000000
1.46500000
1.46500000
1.44500000
1.44500000
1.43500000
1.43500000
1.38500000
1.38500000
1.37500000
1.37500000
1.33500000
1.33500000
1.18500000
1.18500000
1.04500000
1.04500000
0.95000000
0.95000000
0.95000000
0.95000000
0.64500000
0.64500000
0.55500000
0.55500000
0.46000000
0.46000000
0.32500000
0.32500000
0.28500000
0.28500000
0.25500000
0.25500000
0.24500000
0.24500000
0.19000000
0.19000000
0.08000000
0.08000000
0.07500000
0.07500000
