3.84500000
1.34500000
0.08500000
3.99000000
4.13500000
4.51000000
5.39500000
1.02500000
1.13500000
5.12500000
1.68500000
3.11000000
2.66000000
0.39500000
1.90000000
3.96000000
5.49000000
4.67500000
5.88500000
0.03500000
3.10500000
3.83000000
3.04000000
6.12000000
3.77000000
1.01000000
0.39500000
2.96000000
3.96500000
3.13000000
5.18000000
2.57000000
3.35000000
0.92000000
0.59000000
3.93000000
2.74000000
3.15500000
3.57500000
0.91500000
5.19000000
3.76000000
3.29000000
5.88500000
1.04500000
4.07500000
0.77500000
1.56500000
4.85000000
4.32500000
0.68000000
0.09500000
0.69000000
0.16000000
3.48500000
2.57000000
0.25000000
5.22000000
4.02000000
1.74500000
4.79500000
2.24500000
3.42500000
0.66000000
3.54000000
4.67500000
4.20000000
4.88500000
5.26000000
0.11500000
3.37000000
2.09000000
6.27000000
4.40000000
3.08500000
0.02500000
2.92000000
4.41000000
3.32500000
5.58000000
1.01000000
2.04500000
5.98000000
1.05500000
2.94000000
4.65500000
1.11000000
0.88500000
5.01500000
2.34000000
2.38500000
0.65500000
1.88500000
2.61000000
1.09000000
3.04000000
3.12000000
4.55500000
2.97500000
5.01000000
2.97500000
2.96000000
2.94000000
2.92000000
2.74000000
2.66000000
2.61000000
2.57000000
2.57000000
2.38500000
2.34000000
2.24500000
2.09000000
2.04500000
1.90000000
1.88500000
1.74500000
1.68500000
1.56500000
1.34500000
1.13500000
1.11000000
1.09000000
1.05500000
1.04500000
1.02500000
1.01000000
1.01000000
0.92000000
0.91500000
0.88500000
0.77500000
0.69000000
0.68000000
0.66000000
0.65500000
0.59000000
0.39500000
0.39500000
0.25000000
0.16000000
0.11500000
0.09500000
0.08500000
0.03500000
0.02500000
6.27000000
6.12000000
5.98000000
5.88500000
5.88500000
5.58000000
5.49000000
5.39500000
5.26000000
5.22000000
5.19000000
5.18000000
5.12500000
5.01500000
5.01000000
4.88500000
4.85000000
4.79500000
4.67500000
4.67500000
4.65500000
4.55500000
4.51000000
4.41000000
4.40000000
4.32500000
4.20000000
4.13500000
4.07500000
4.02000000
3.99000000
3.96500000
3.96000000
3.93000000
3.84500000
3.83000000
3.77000000
3.76000000
3.57500000
3.54000000
3.48500000
3.42500000
3.37000000
3.35000000
3.32500000
3.29000000
3.15500000
3.13000000
3.12000000
3.11000000
3.10500000
3.08500000
3.04000000
3.04000000
2.97500000
2.97500000
2.96000000
2.96000000
2.94000000
2.94000000
2.92000000
2.92000000
2.74000000
2.74000000
2.66000000
2.66000000
2.61000000
2.61000000
2.57000000
2.57000000
2.57000000
2.57000000
2.38500000
2.38500000
2.34000000
2.34000000
2.24500000
2.24500000
2.09000000
2.09000000
2.04500000
2.04500000
1.90000000
1.90000000
1.88500000
1.88500000
1.74500000
1.74500000
1.68500000
1.68500000
1.56500000
1.56500000
1.34500000
1.34500000
1.13500000
1.13500000
1.11000000
1.11000000
1.09000000
1.09000000
1.05500000
1.05500000
1.04500000
1.04500000
1.02500000
1.02500000
1.01000000
1.01000000
1.01000000
1.01000000
0.92000000
0.92000000
0.91500000
0.91500000
0.88500000
0.88500000
0.77500000
0.77500000
0.69000000
0.69000000
0.68000000
0.68000000
0.66000000
0.66000000
0.65500000
0.65500000
0.59000000
0.59000000
0.39500000
0.39500000
0.39500000
0.39500000
0.25000000
0.25000000
0.16000000
0.16000000
0.11500000
0.11500000
0.09500000
0.09500000
0.08500000
0.08500000
0.03500000
0.03500000
0.02500000
0.02500000
