0.52675663
0.69105588
0.64681732
0.53230681
0.53823994
0.55505202
0.59936812
0.68236761
0.68557243
0.58554225
0.69808212
0.50594660
0.50047230
0.66000043
0.70129252
0.53112567
0.60422149
0.56297250
0.62404039
0.64457892
0.50585314
0.52620602
0.50470306
0.63535450
0.52404996
0.68191337
0.66000043
0.50345516
0.53132137
0.50632752
0.58835469
0.50011152
0.51124646
0.67910290
0.66760733
0.52996131
0.50100156
0.50681952
0.51758438
0.67894254
0.58886654
0.52369796
0.50977500
0.62404039
0.68296688
0.53574115
0.67427607
0.69587060
0.57161978
0.54652185
0.67092094
0.64726152
0.67128110
0.65011962
0.51489813
0.50011152
0.65399023
0.59040280
0.53350434
0.69907586
0.56887917
0.70437926
0.51321796
0.67019577
0.51651648
0.56297250
0.54101253
0.57337317
0.59245225
0.64814636
0.51175798
0.70331066
0.64231230
0.54992989
0.50548640
0.64412782
0.50290154
0.55038967
0.51062178
0.60879830
0.68191337
0.70290287
0.62866860
0.68326378
0.50317245
0.56199906
0.68486375
0.67797112
0.57993856
0.70477557
0.70489445
0.67001347
0.70110026
0.50024110
0.68428842
0.50470306
0.50613565
0.55718593
0.50367491
0.57968474
0.50367491
0.50345516
0.50317245
0.50290154
0.50100156
0.50047230
0.50024110
0.50011152
0.50011152
0.70489445
0.70477557
0.70437926
0.70331066
0.70290287
0.70129252
0.70110026
0.69907586
0.69808212
0.69587060
0.69105588
0.68557243
0.68486375
0.68428842
0.68326378
0.68296688
0.68236761
0.68191337
0.68191337
0.67910290
0.67894254
0.67797112
0.67427607
0.67128110
0.67092094
0.67019577
0.67001347
0.66760733
0.66000043
0.66000043
0.65399023
0.65011962
0.64814636
0.64726152
0.64681732
0.64457892
0.64412782
0.64231230
0.63535450
0.62866860
0.62404039
0.62404039
0.60879830
0.60422149
0.59936812
0.59245225
0.59040280
0.58886654
0.58835469
0.58554225
0.57993856
0.57968474
0.57337317
0.57161978
0.56887917
0.56297250
0.56297250
0.56199906
0.55718593
0.55505202
0.55038967
0.54992989
0.54652185
0.54101253
0.53823994
0.53574115
0.53350434
0.53230681
0.53132137
0.53112567
0.52996131
0.52675663
0.52620602
0.52404996
0.52369796
0.51758438
0.51651648
0.51489813
0.51321796
0.51175798
0.51124646
0.51062178
0.50977500
0.50681952
0.50632752
0.50613565
0.50594660
0.50585314
0.50548640
0.50470306
0.50470306
0.50367491
0.50367491
0.50345516
0.50345516
0.50317245
0.50317245
0.50290154
0.50290154
0.50100156
0.50100156
0.50047230
0.50047230
0.50024110
0.50024110
0.50011152
0.50011152
0.50011152
0.50011152
0.70489445
0.70489445
0.70477557
0.70477557
0.70437926
0.70437926
0.70331066
0.70331066
0.70290287
0.70290287
0.70129252
0.70129252
0.70110026
0.70110026
0.69907586
0.69907586
0.69808212
0.69808212
0.69587060
0.69587060
0.69105588
0.69105588
0.68557243
0.68557243
0.68486375
0.68486375
0.68428842
0.68428842
0.68326378
0.68326378
0.68296688
0.68296688
0.68236761
0.68236761
0.68191337
0.68191337
0.68191337
0.68191337
0.67910290
0.67910290
0.67894254
0.67894254
0.67797112
0.67797112
0.67427607
0.67427607
0.67128110
0.67128110
0.67092094
0.67092094
0.67019577
0.67019577
0.67001347
0.67001347
0.66760733
0.66760733
0.66000043
0.66000043
0.66000043
0.66000043
0.65399023
0.65399023
0.65011962
0.65011962
0.64814636
0.64814636
0.64726152
0.64726152
0.64681732
0.64681732
0.64457892
0.64457892
0.64412782
0.64412782
0.64231230
0.64231230
0.63535450
0.63535450
0.62866860
0.62866860
0.62404039
0.62404039
0.62404039
0.62404039
0.60879830
0.60879830
0.60422149
0.60422149
0.59936812
0.59936812
0.59245225
0.59245225
0.59040280
0.59040280
0.58886654
0.58886654
0.58835469
0.58835469
0.58554225
0.58554225
0.57993856
0.57993856
0.57968474
0.57968474
0.57337317
0.57337317
0.57161978
0.57161978
0.56887917
0.56887917
0.56297250
0.56297250
0.56297250
0.56297250
0.56199906
0.56199906
0.55718593
0.55718593
0.55505202
0.55505202
0.55038967
0.55038967
0.54992989
0.54992989
0.54652185
0.54652185
0.54101253
0.54101253
0.53823994
0.53823994
0.53574115
0.53574115
0.53350434
0.53350434
0.53230681
0.53230681
0.53132137
0.53132137
0.53112567
0.53112567
0.52996131
0.52996131
0.52675663
0.52675663
0.52620602
0.52620602
0.52404996
0.52404996
0.52369796
0.52369796
0.51758438
0.51758438
0.51651648
0.51651648
0.51489813
0.51489813
0.51321796
0.51321796
0.51175798
0.51175798
0.51124646
0.51124646
0.51062178
0.51062178
0.50977500
0.50977500
0.50681952
0.50681952
0.50632752
0.50632752
0.50613565
0.50613565
0.50594660
0.50594660
0.50585314
0.50585314
0.50548640
0.50548640
0.50470306
0.50470306
0.50470306
0.50470306
0.50367491
0.50367491
0.50367491
0.50367491
0.50345516
0.50345516
0.50345516
0.50345516
0.50317245
0.50317245
0.50317245
0.50317245
0.50290154
0.50290154
0.50290154
0.50290154
0.50100156
0.50100156
0.50100156
0.50100156
0.50047230
0.50047230
0.50047230
0.50047230
0.50024110
0.50024110
0.50024110
0.50024110
0.50011152
0.50011152
0.50011152
0.50011152
0.50011152
0.50011152
0.50011152
0.50011152
