0.55670992
0.70290287
0.67462051
0.56370477
0.57087049
0.58989061
0.63417337
0.69875297
0.70042483
0.62108398
0.70489445
0.52547903
0.51150092
0.68443295
0.50020408
0.56224210
0.63862983
0.59834441
0.65609507
0.67288157
0.52529857
0.55599782
0.52300038
0.66551972
0.55317339
0.69850531
0.68443295
0.52029748
0.56248536
0.52620602
0.62379496
0.50930582
0.53471789
0.69692108
0.68970197
0.56078713
0.51362953
0.52712623
0.54429138
0.69682815
0.62428564
0.55270653
0.53230681
0.65609507
0.69907586
0.56788744
0.69401849
0.70447907
0.60727554
0.58044647
0.69188654
0.67496326
0.69211942
0.67714961
0.54036685
0.50930582
0.68005580
0.62575340
0.56517476
0.70498403
0.60447638
0.50324202
0.53781935
0.69141483
0.54275098
0.59834441
0.57412666
0.60905179
0.62769997
0.67564367
0.53553564
0.50143139
0.67110123
0.58426583
0.52458193
0.67252879
0.51899991
0.58477623
0.53370550
0.64276783
0.69850531
0.50104113
0.66000043
0.69923416
0.51964412
0.59732023
0.70006725
0.69625977
0.61560574
0.50470306
0.50548640
0.69129567
0.50015433
0.51025489
0.69977168
0.52300038
0.52584150
0.59219603
0.52079344
0.61535513
0.52079344
0.52029748
0.51964412
0.51899991
0.51362953
0.51150092
0.51025489
0.50930582
0.50930582
0.50548640
0.50470306
0.50324202
0.50143139
0.50104113
0.50020408
0.50015433
0.70498403
0.70489445
0.70447907
0.70290287
0.70042483
0.70006725
0.69977168
0.69923416
0.69907586
0.69875297
0.69850531
0.69850531
0.69692108
0.69682815
0.69625977
0.69401849
0.69211942
0.69188654
0.69141483
0.69129567
0.68970197
0.68443295
0.68443295
0.68005580
0.67714961
0.67564367
0.67496326
0.67462051
0.67288157
0.67252879
0.67110123
0.66551972
0.66000043
0.65609507
0.65609507
0.64276783
0.63862983
0.63417337
0.62769997
0.62575340
0.62428564
0.62379496
0.62108398
0.61560574
0.61535513
0.60905179
0.60727554
0.60447638
0.59834441
0.59834441
0.59732023
0.59219603
0.58989061
0.58477623
0.58426583
0.58044647
0.57412666
0.57087049
0.56788744
0.56517476
0.56370477
0.56248536
0.56224210
0.56078713
0.55670992
0.55599782
0.55317339
0.55270653
0.54429138
0.54275098
0.54036685
0.53781935
0.53553564
0.53471789
0.53370550
0.53230681
0.52712623
0.52620602
0.52584150
0.52547903
0.52529857
0.52458193
0.52300038
0.52300038
0.52079344
0.52079344
0.52029748
0.52029748
0.51964412
0.51964412
0.51899991
0.51899991
0.51362953
0.51362953
0.51150092
0.51150092
0.51025489
0.51025489
0.50930582
0.50930582
0.50930582
0.50930582
0.50548640
0.50548640
0.50470306
0.50470306
0.50324202
0.50324202
0.50143139
0.50143139
0.50104113
0.50104113
0.50020408
0.50020408
0.50015433
0.50015433
0.70498403
0.70498403
0.70489445
0.70489445
0.70447907
0.70447907
0.70290287
0.70290287
0.70042483
0.70042483
0.70006725
0.70006725
0.69977168
0.69977168
0.69923416
0.69923416
0.69907586
0.69907586
0.69875297
0.69875297
0.69850531
0.69850531
0.69850531
0.69850531
0.69692108
0.69692108
0.69682815
0.69682815
0.69625977
0.69625977
0.69401849
0.69401849
0.69211942
0.69211942
0.69188654
0.69188654
0.69141483
0.69141483
0.69129567
0.69129567
0.68970197
0.68970197
0.68443295
0.68443295
0.68443295
0.68443295
0.68005580
0.68005580
0.67714961
0.67714961
0.67564367
0.67564367
0.67496326
0.67496326
0.67462051
0.67462051
0.67288157
0.67288157
0.67252879
0.67252879
0.67110123
0.67110123
0.66551972
0.66551972
0.66000043
0.66000043
0.65609507
0.65609507
0.65609507
0.65609507
0.64276783
0.64276783
0.63862983
0.63862983
0.63417337
0.63417337
0.62769997
0.62769997
0.62575340
0.62575340
0.62428564
0.62428564
0.62379496
0.62379496
0.62108398
0.62108398
0.61560574
0.61560574
0.61535513
0.61535513
0.60905179
0.60905179
0.60727554
0.60727554
0.60447638
0.60447638
0.59834441
0.59834441
0.59834441
0.59834441
0.59732023
0.59732023
0.59219603
0.59219603
0.58989061
0.58989061
0.58477623
0.58477623
0.58426583
0.58426583
0.58044647
0.58044647
0.57412666
0.57412666
0.57087049
0.57087049
0.56788744
0.56788744
0.56517476
0.56517476
0.56370477
0.56370477
0.56248536
0.56248536
0.56224210
0.56224210
0.56078713
0.56078713
0.55670992
0.55670992
0.55599782
0.55599782
0.55317339
0.55317339
0.55270653
0.55270653
0.54429138
0.54429138
0.54275098
0.54275098
0.54036685
0.54036685
0.53781935
0.53781935
0.53553564
0.53553564
0.53471789
0.53471789
0.53370550
0.53370550
0.53230681
0.53230681
0.52712623
0.52712623
0.52620602
0.52620602
0.52584150
0.52584150
0.52547903
0.52547903
0.52529857
0.52529857
0.52458193
0.52458193
0.52300038
0.52300038
0.52300038
0.52300038
0.52079344
0.52079344
0.52079344
0.52079344
0.52029748
0.52029748
0.52029748
0.52029748
0.51964412
0.51964412
0.51964412
0.51964412
0.51899991
0.51899991
0.51899991
0.51899991
0.51362953
0.51362953
0.51362953
0.51362953
0.51150092
0.51150092
0.51150092
0.51150092
0.51025489
0.51025489
0.51025489
0.51025489
0.50930582
0.50930582
0.50930582
0.50930582
0.50930582
0.50930582
0.50930582
0.50930582
0.50548640
0.50548640
0.50548640
0.50548640
0.50470306
0.50470306
0.50470306
0.50470306
0.50324202
0.50324202
0.50324202
0.50324202
0.50143139
0.50143139
0.50143139
0.50143139
0.50104113
0.50104113
0.50104113
0.50104113
0.50020408
0.50020408
0.50020408
0.50020408
0.50015433
0.50015433
0.50015433
0.50015433
