0.54742354
0.70056416
0.66741948
0.55411050
0.56102907
0.57968474
0.62453072
0.69506774
0.69719677
0.61107622
0.70402755
0.51868126
0.50692002
0.67829668
0.70492424
0.55270653
0.62915172
0.58809881
0.64748317
0.66551972
0.51852281
0.54674678
0.51651648
0.65754842
0.54407025
0.69475828
0.67829668
0.51418711
0.55293982
0.51932086
0.61384880
0.50521883
0.52694118
0.69280616
0.68428842
0.55131286
0.50862229
0.52013329
0.53574115
0.69269295
0.61435140
0.54362905
0.52476030
0.64748317
0.69547325
0.55814097
0.68932249
0.70308951
0.59706413
0.57037171
0.68681848
0.66779478
0.68709018
0.67019577
0.53210880
0.50521883
0.67340764
0.61585623
0.55552439
0.70437926
0.59424597
0.50104113
0.52976891
0.68626940
0.53431162
0.58809881
0.56419397
0.59885633
0.61785527
0.66854068
0.52768440
0.50017015
0.66358184
0.57412666
0.51789484
0.66513517
0.51308203
0.57462964
0.52602350
0.63346192
0.69475828
0.50005557
0.65163709
0.69567294
0.51362953
0.58707567
0.69673470
0.69200323
0.60549528
0.50193685
0.50245599
0.68613094
0.70489445
0.50594660
0.69635579
0.51651648
0.51899991
0.58197222
0.51461186
0.60524066
0.51461186
0.51418711
0.51362953
0.51308203
0.50862229
0.50692002
0.50594660
0.50521883
0.50521883
0.50245599
0.50193685
0.50104113
0.50017015
0.50005557
0.70492424
0.70489445
0.70437926
0.70402755
0.70308951
0.70056416
0.69719677
0.69673470
0.69635579
0.69567294
0.69547325
0.69506774
0.69475828
0.69475828
0.69280616
0.69269295
0.69200323
0.68932249
0.68709018
0.68681848
0.68626940
0.68613094
0.68428842
0.67829668
0.67829668
0.67340764
0.67019577
0.66854068
0.66779478
0.66741948
0.66551972
0.66513517
0.66358184
0.65754842
0.65163709
0.64748317
0.64748317
0.63346192
0.62915172
0.62453072
0.61785527
0.61585623
0.61435140
0.61384880
0.61107622
0.60549528
0.60524066
0.59885633
0.59706413
0.59424597
0.58809881
0.58809881
0.58707567
0.58197222
0.57968474
0.57462964
0.57412666
0.57037171
0.56419397
0.56102907
0.55814097
0.55552439
0.55411050
0.55293982
0.55270653
0.55131286
0.54742354
0.54674678
0.54407025
0.54362905
0.53574115
0.53431162
0.53210880
0.52976891
0.52768440
0.52694118
0.52602350
0.52476030
0.52013329
0.51932086
0.51899991
0.51868126
0.51852281
0.51789484
0.51651648
0.51651648
0.51461186
0.51461186
0.51418711
0.51418711
0.51362953
0.51362953
0.51308203
0.51308203
0.50862229
0.50862229
0.50692002
0.50692002
0.50594660
0.50594660
0.50521883
0.50521883
0.50521883
0.50521883
0.50245599
0.50245599
0.50193685
0.50193685
0.50104113
0.50104113
0.50017015
0.50017015
0.50005557
0.50005557
0.70492424
0.70492424
0.70489445
0.70489445
0.70437926
0.70437926
0.70402755
0.70402755
0.70308951
0.70308951
0.70056416
0.70056416
0.69719677
0.69719677
0.69673470
0.69673470
0.69635579
0.69635579
0.69567294
0.69567294
0.69547325
0.69547325
0.69506774
0.69506774
0.69475828
0.69475828
0.69475828
0.69475828
0.69280616
0.69280616
0.69269295
0.69269295
0.69200323
0.69200323
0.68932249
0.68932249
0.68709018
0.68709018
0.68681848
0.68681848
0.68626940
0.68626940
0.68613094
0.68613094
0.68428842
0.68428842
0.67829668
0.67829668
0.67829668
0.67829668
0.67340764
0.67340764
0.67019577
0.67019577
0.66854068
0.66854068
0.66779478
0.66779478
0.66741948
0.66741948
0.66551972
0.66551972
0.66513517
0.66513517
0.66358184
0.66358184
0.65754842
0.65754842
0.65163709
0.65163709
0.64748317
0.64748317
0.64748317
0.64748317
0.63346192
0.63346192
0.62915172
0.62915172
0.62453072
0.62453072
0.61785527
0.61785527
0.61585623
0.61585623
0.61435140
0.61435140
0.61384880
0.61384880
0.61107622
0.61107622
0.60549528
0.60549528
0.60524066
0.60524066
0.59885633
0.59885633
0.59706413
0.59706413
0.59424597
0.59424597
0.58809881
0.58809881
0.58809881
0.58809881
0.58707567
0.58707567
0.58197222
0.58197222
0.57968474
0.57968474
0.57462964
0.57462964
0.57412666
0.57412666
0.57037171
0.57037171
0.56419397
0.56419397
0.56102907
0.56102907
0.55814097
0.55814097
0.55552439
0.55552439
0.55411050
0.55411050
0.55293982
0.55293982
0.55270653
0.55270653
0.55131286
0.55131286
0.54742354
0.54742354
0.54674678
0.54674678
0.54407025
0.54407025
0.54362905
0.54362905
0.53574115
0.53574115
0.53431162
0.53431162
0.53210880
0.53210880
0.52976891
0.52976891
0.52768440
0.52768440
0.52694118
0.52694118
0.52602350
0.52602350
0.52476030
0.52476030
0.52013329
0.52013329
0.51932086
0.51932086
0.51899991
0.51899991
0.51868126
0.51868126
0.51852281
0.51852281
0.51789484
0.51789484
0.51651648
0.51651648
0.51651648
0.51651648
0.51461186
0.51461186
0.51461186
0.51461186
0.51418711
0.51418711
0.51418711
0.51418711
0.51362953
0.51362953
0.51362953
0.51362953
0.51308203
0.51308203
0.51308203
0.51308203
0.50862229
0.50862229
0.50862229
0.50862229
0.50692002
0.50692002
0.50692002
0.50692002
0.50594660
0.50594660
0.50594660
0.50594660
0.50521883
0.50521883
0.50521883
0.50521883
0.50521883
0.50521883
0.50521883
0.50521883
0.50245599
0.50245599
0.50245599
0.50245599
0.50193685
0.50193685
0.50193685
0.50193685
0.50104113
0.50104113
0.50104113
0.50104113
0.50017015
0.50017015
0.50017015
0.50017015
0.50005557
0.50005557
0.50005557
0.50005557
