0.55909991
0.70335327
0.67631727
0.56615862
0.57337317
0.59245225
0.63652973
0.69954447
0.70110026
0.62354935
0.70497458
0.52731179
0.51281209
0.68585263
0.50041991
0.56468397
0.64093925
0.60090262
0.65816614
0.67462051
0.52712623
0.55838034
0.52476030
0.66741948
0.55552439
0.69931253
0.68585263
0.52197024
0.56492927
0.52805900
0.62624118
0.51049882
0.53677504
0.69782196
0.69093524
0.56321638
0.51504219
0.52900409
0.54652185
0.69773420
0.62672821
0.55505202
0.53431162
0.65816614
0.69984637
0.57037171
0.69506774
0.70469039
0.60981168
0.58299092
0.69303109
0.67665150
0.69325402
0.67878173
0.54253237
0.51049882
0.68160828
0.62818468
0.56763993
0.50000154
0.60702145
0.50397816
0.53993832
0.69257924
0.54495689
0.60090262
0.57664644
0.61158131
0.63011550
0.67731478
0.53760967
0.50193685
0.67288157
0.58681998
0.52638905
0.67427607
0.52062756
0.58733139
0.53574115
0.64502889
0.69931253
0.50147854
0.66200469
0.69999415
0.52129445
0.59987978
0.70076918
0.69719677
0.61810452
0.50557702
0.50642452
0.69246503
0.50034710
0.51150092
0.70049476
0.52476030
0.52768440
0.59475845
0.52248286
0.61785527
0.52248286
0.52197024
0.52129445
0.52062756
0.51504219
0.51281209
0.51150092
0.51049882
0.51049882
0.50642452
0.50557702
0.50397816
0.50193685
0.50147854
0.50041991
0.50034710
0.50000154
0.70497458
0.70469039
0.70335327
0.70110026
0.70076918
0.70049476
0.69999415
0.69984637
0.69954447
0.69931253
0.69931253
0.69782196
0.69773420
0.69719677
0.69506774
0.69325402
0.69303109
0.69257924
0.69246503
0.69093524
0.68585263
0.68585263
0.68160828
0.67878173
0.67731478
0.67665150
0.67631727
0.67462051
0.67427607
0.67288157
0.66741948
0.66200469
0.65816614
0.65816614
0.64502889
0.64093925
0.63652973
0.63011550
0.62818468
0.62672821
0.62624118
0.62354935
0.61810452
0.61785527
0.61158131
0.60981168
0.60702145
0.60090262
0.60090262
0.59987978
0.59475845
0.59245225
0.58733139
0.58681998
0.58299092
0.57664644
0.57337317
0.57037171
0.56763993
0.56615862
0.56492927
0.56468397
0.56321638
0.55909991
0.55838034
0.55552439
0.55505202
0.54652185
0.54495689
0.54253237
0.53993832
0.53760967
0.53677504
0.53574115
0.53431162
0.52900409
0.52805900
0.52768440
0.52731179
0.52712623
0.52638905
0.52476030
0.52476030
0.52248286
0.52248286
0.52197024
0.52197024
0.52129445
0.52129445
0.52062756
0.52062756
0.51504219
0.51504219
0.51281209
0.51281209
0.51150092
0.51150092
0.51049882
0.51049882
0.51049882
0.51049882
0.50642452
0.50642452
0.50557702
0.50557702
0.50397816
0.50397816
0.50193685
0.50193685
0.50147854
0.50147854
0.50041991
0.50041991
0.50034710
0.50034710
0.50000154
0.50000154
0.70497458
0.70497458
0.70469039
0.70469039
0.70335327
0.70335327
0.70110026
0.70110026
0.70076918
0.70076918
0.70049476
0.70049476
0.69999415
0.69999415
0.69984637
0.69984637
0.69954447
0.69954447
0.69931253
0.69931253
0.69931253
0.69931253
0.69782196
0.69782196
0.69773420
0.69773420
0.69719677
0.69719677
0.69506774
0.69506774
0.69325402
0.69325402
0.69303109
0.69303109
0.69257924
0.69257924
0.69246503
0.69246503
0.69093524
0.69093524
0.68585263
0.68585263
0.68585263
0.68585263
0.68160828
0.68160828
0.67878173
0.67878173
0.67731478
0.67731478
0.67665150
0.67665150
0.67631727
0.67631727
0.67462051
0.67462051
0.67427607
0.67427607
0.67288157
0.67288157
0.66741948
0.66741948
0.66200469
0.66200469
0.65816614
0.65816614
0.65816614
0.65816614
0.64502889
0.64502889
0.64093925
0.64093925
0.63652973
0.63652973
0.63011550
0.63011550
0.62818468
0.62818468
0.62672821
0.62672821
0.62624118
0.62624118
0.62354935
0.62354935
0.61810452
0.61810452
0.61785527
0.61785527
0.61158131
0.61158131
0.60981168
0.60981168
0.60702145
0.60702145
0.60090262
0.60090262
0.60090262
0.60090262
0.59987978
0.59987978
0.59475845
0.59475845
0.59245225
0.59245225
0.58733139
0.58733139
0.58681998
0.58681998
0.58299092
0.58299092
0.57664644
0.57664644
0.57337317
0.57337317
0.57037171
0.57037171
0.56763993
0.56763993
0.56615862
0.56615862
0.56492927
0.56492927
0.56468397
0.56468397
0.56321638
0.56321638
0.55909991
0.55909991
0.55838034
0.55838034
0.55552439
0.55552439
0.55505202
0.55505202
0.54652185
0.54652185
0.54495689
0.54495689
0.54253237
0.54253237
0.53993832
0.53993832
0.53760967
0.53760967
0.53677504
0.53677504
0.53574115
0.53574115
0.53431162
0.53431162
0.52900409
0.52900409
0.52805900
0.52805900
0.52768440
0.52768440
0.52731179
0.52731179
0.52712623
0.52712623
0.52638905
0.52638905
0.52476030
0.52476030
0.52476030
0.52476030
0.52248286
0.52248286
0.52248286
0.52248286
0.52197024
0.52197024
0.52197024
0.52197024
0.52129445
0.52129445
0.52129445
0.52129445
0.52062756
0.52062756
0.52062756
0.52062756
0.51504219
0.51504219
0.51504219
0.51504219
0.51281209
0.51281209
0.51281209
0.51281209
0.51150092
0.51150092
0.51150092
0.51150092
0.51049882
0.51049882
0.51049882
0.51049882
0.51049882
0.51049882
0.51049882
0.51049882
0.50642452
0.50642452
0.50642452
0.50642452
0.50557702
0.50557702
0.50557702
0.50557702
0.50397816
0.50397816
0.50397816
0.50397816
0.50193685
0.50193685
0.50193685
0.50193685
0.50147854
0.50147854
0.50147854
0.50147854
0.50041991
0.50041991
0.50041991
0.50041991
0.50034710
0.50034710
0.50034710
0.50034710
0.50000154
0.50000154
0.50000154
0.50000154
