0.57136987
0.70479097
0.68414343
0.57867037
0.58605320
0.60524066
0.64792560
0.70270760
0.70367464
0.63559002
0.50061667
0.53719153
0.52029748
0.69223512
0.50264248
0.57715179
0.65206783
0.61359731
0.66798184
0.68266816
0.53698308
0.57062102
0.53431162
0.67631727
0.56763993
0.70255549
0.69223512
0.53112567
0.57740462
0.53802944
0.63816488
0.51743004
0.54764978
0.70154141
0.69635579
0.57563709
0.52300038
0.53908595
0.55814097
0.70147999
0.63862983
0.56714544
0.54495689
0.66798184
0.70290287
0.58299092
0.69954447
0.50009879
0.62231875
0.59578333
0.69799592
0.68443295
0.69816780
0.68626940
0.55387581
0.51743004
0.68868034
0.64001858
0.58019247
0.50104113
0.61959698
0.50873452
0.55108161
0.69764592
0.55647230
0.61359731
0.58937852
0.62404039
0.64185569
0.68500642
0.54855801
0.50557702
0.68114725
0.59962397
0.53615344
0.68236761
0.52957698
0.60013555
0.54652185
0.65588609
0.70255549
0.50478722
0.67146057
0.70299727
0.53034754
0.61259022
0.70347784
0.70110026
0.63035592
0.51099462
0.51214844
0.69755713
0.50245599
0.51868126
0.70331066
0.53431162
0.53760967
0.60752955
0.53171417
0.63011550
0.53171417
0.53112567
0.53034754
0.52957698
0.52300038
0.52029748
0.51868126
0.51743004
0.51743004
0.51214844
0.51099462
0.50873452
0.50557702
0.50478722
0.50264248
0.50245599
0.50104113
0.50061667
0.50009879
0.70479097
0.70367464
0.70347784
0.70331066
0.70299727
0.70290287
0.70270760
0.70255549
0.70255549
0.70154141
0.70147999
0.70110026
0.69954447
0.69816780
0.69799592
0.69764592
0.69755713
0.69635579
0.69223512
0.69223512
0.68868034
0.68626940
0.68500642
0.68443295
0.68414343
0.68266816
0.68236761
0.68114725
0.67631727
0.67146057
0.66798184
0.66798184
0.65588609
0.65206783
0.64792560
0.64185569
0.64001858
0.63862983
0.63816488
0.63559002
0.63035592
0.63011550
0.62404039
0.62231875
0.61959698
0.61359731
0.61359731
0.61259022
0.60752955
0.60524066
0.60013555
0.59962397
0.59578333
0.58937852
0.58605320
0.58299092
0.58019247
0.57867037
0.57740462
0.57715179
0.57563709
0.57136987
0.57062102
0.56763993
0.56714544
0.55814097
0.55647230
0.55387581
0.55108161
0.54855801
0.54764978
0.54652185
0.54495689
0.53908595
0.53802944
0.53760967
0.53719153
0.53698308
0.53615344
0.53431162
0.53431162
0.53171417
0.53171417
0.53112567
0.53112567
0.53034754
0.53034754
0.52957698
0.52957698
0.52300038
0.52300038
0.52029748
0.52029748
0.51868126
0.51868126
0.51743004
0.51743004
0.51743004
0.51743004
0.51214844
0.51214844
0.51099462
0.51099462
0.50873452
0.50873452
0.50557702
0.50557702
0.50478722
0.50478722
0.50264248
0.50264248
0.50245599
0.50245599
0.50104113
0.50104113
0.50061667
0.50061667
0.50009879
0.50009879
0.70479097
0.70479097
0.70367464
0.70367464
0.70347784
0.70347784
0.70331066
0.70331066
0.70299727
0.70299727
0.70290287
0.70290287
0.70270760
0.70270760
0.70255549
0.70255549
0.70255549
0.70255549
0.70154141
0.70154141
0.70147999
0.70147999
0.70110026
0.70110026
0.69954447
0.69954447
0.69816780
0.69816780
0.69799592
0.69799592
0.69764592
0.69764592
0.69755713
0.69755713
0.69635579
0.69635579
0.69223512
0.69223512
0.69223512
0.69223512
0.68868034
0.68868034
0.68626940
0.68626940
0.68500642
0.68500642
0.68443295
0.68443295
0.68414343
0.68414343
0.68266816
0.68266816
0.68236761
0.68236761
0.68114725
0.68114725
0.67631727
0.67631727
0.67146057
0.67146057
0.66798184
0.66798184
0.66798184
0.66798184
0.65588609
0.65588609
0.65206783
0.65206783
0.64792560
0.64792560
0.64185569
0.64185569
0.64001858
0.64001858
0.63862983
0.63862983
0.63816488
0.63816488
0.63559002
0.63559002
0.63035592
0.63035592
0.63011550
0.63011550
0.62404039
0.62404039
0.62231875
0.62231875
0.61959698
0.61959698
0.61359731
0.61359731
0.61359731
0.61359731
0.61259022
0.61259022
0.60752955
0.60752955
0.60524066
0.60524066
0.60013555
0.60013555
0.59962397
0.59962397
0.59578333
0.59578333
0.58937852
0.58937852
0.58605320
0.58605320
0.58299092
0.58299092
0.58019247
0.58019247
0.57867037
0.57867037
0.57740462
0.57740462
0.57715179
0.57715179
0.57563709
0.57563709
0.57136987
0.57136987
0.57062102
0.57062102
0.56763993
0.56763993
0.56714544
0.56714544
0.55814097
0.55814097
0.55647230
0.55647230
0.55387581
0.55387581
0.55108161
0.55108161
0.54855801
0.54855801
0.54764978
0.54764978
0.54652185
0.54652185
0.54495689
0.54495689
0.53908595
0.53908595
0.53802944
0.53802944
0.53760967
0.53760967
0.53719153
0.53719153
0.53698308
0.53698308
0.53615344
0.53615344
0.53431162
0.53431162
0.53431162
0.53431162
0.53171417
0.53171417
0.53171417
0.53171417
0.53112567
0.53112567
0.53112567
0.53112567
0.53034754
0.53034754
0.53034754
0.53034754
0.52957698
0.52957698
0.52957698
0.52957698
0.52300038
0.52300038
0.52300038
0.52300038
0.52029748
0.52029748
0.52029748
0.52029748
0.51868126
0.51868126
0.51868126
0.51868126
0.51743004
0.51743004
0.51743004
0.51743004
0.51743004
0.51743004
0.51743004
0.51743004
0.51214844
0.51214844
0.51214844
0.51214844
0.51099462
0.51099462
0.51099462
0.51099462
0.50873452
0.50873452
0.50873452
0.50873452
0.50557702
0.50557702
0.50557702
0.50557702
0.50478722
0.50478722
0.50478722
0.50478722
0.50264248
0.50264248
0.50264248
0.50264248
0.50245599
0.50245599
0.50245599
0.50245599
0.50104113
0.50104113
0.50104113
0.50104113
0.50061667
0.50061667
0.50061667
0.50061667
0.50009879
0.50009879
0.50009879
0.50009879
