0.56887917
0.70461241
0.68266816
0.57614154
0.58350069
0.60269085
0.64570172
0.70218177
0.70326751
0.63322432
0.50034710
0.53512590
0.51868126
0.69105588
0.50204698
0.57462964
0.64990159
0.61107622
0.66609369
0.68114725
0.53492168
0.56813511
0.53230681
0.67462051
0.56517476
0.70201355
0.69105588
0.52919457
0.57488132
0.53594708
0.63582531
0.51591946
0.54540231
0.70090320
0.69537263
0.57312227
0.52129445
0.53698308
0.55576098
0.70083646
0.63629516
0.56468397
0.54275098
0.66609369
0.70239855
0.58044647
0.69875297
0.50001389
0.61984520
0.59322097
0.69710539
0.68296688
0.69728763
0.68486375
0.55154441
0.51591946
0.68735999
0.63769893
0.57765757
0.50067978
0.61710665
0.50764302
0.54878587
0.69673470
0.55411050
0.61107622
0.58681998
0.62157838
0.63955669
0.68355884
0.54629727
0.50470306
0.67958135
0.59706413
0.53410914
0.68083765
0.52768440
0.59757631
0.54429138
0.65377793
0.70201355
0.50397816
0.66964766
0.70250372
0.52843557
0.61006479
0.70304366
0.70042483
0.62794243
0.50977500
0.51086968
0.69664075
0.50188292
0.51712313
0.70285486
0.53230681
0.53553564
0.60498597
0.52976891
0.62769997
0.52976891
0.52919457
0.52843557
0.52768440
0.52129445
0.51868126
0.51712313
0.51591946
0.51591946
0.51086968
0.50977500
0.50764302
0.50470306
0.50397816
0.50204698
0.50188292
0.50067978
0.50034710
0.50001389
0.70461241
0.70326751
0.70304366
0.70285486
0.70250372
0.70239855
0.70218177
0.70201355
0.70201355
0.70090320
0.70083646
0.70042483
0.69875297
0.69728763
0.69710539
0.69673470
0.69664075
0.69537263
0.69105588
0.69105588
0.68735999
0.68486375
0.68355884
0.68296688
0.68266816
0.68114725
0.68083765
0.67958135
0.67462051
0.66964766
0.66609369
0.66609369
0.65377793
0.64990159
0.64570172
0.63955669
0.63769893
0.63629516
0.63582531
0.63322432
0.62794243
0.62769997
0.62157838
0.61984520
0.61710665
0.61107622
0.61107622
0.61006479
0.60498597
0.60269085
0.59757631
0.59706413
0.59322097
0.58681998
0.58350069
0.58044647
0.57765757
0.57614154
0.57488132
0.57462964
0.57312227
0.56887917
0.56813511
0.56517476
0.56468397
0.55576098
0.55411050
0.55154441
0.54878587
0.54629727
0.54540231
0.54429138
0.54275098
0.53698308
0.53594708
0.53553564
0.53512590
0.53492168
0.53410914
0.53230681
0.53230681
0.52976891
0.52976891
0.52919457
0.52919457
0.52843557
0.52843557
0.52768440
0.52768440
0.52129445
0.52129445
0.51868126
0.51868126
0.51712313
0.51712313
0.51591946
0.51591946
0.51591946
0.51591946
0.51086968
0.51086968
0.50977500
0.50977500
0.50764302
0.50764302
0.50470306
0.50470306
0.50397816
0.50397816
0.50204698
0.50204698
0.50188292
0.50188292
0.50067978
0.50067978
0.50034710
0.50034710
0.50001389
0.50001389
0.70461241
0.70461241
0.70326751
0.70326751
0.70304366
0.70304366
0.70285486
0.70285486
0.70250372
0.70250372
0.70239855
0.70239855
0.70218177
0.70218177
0.70201355
0.70201355
0.70201355
0.70201355
0.70090320
0.70090320
0.70083646
0.70083646
0.70042483
0.70042483
0.69875297
0.69875297
0.69728763
0.69728763
0.69710539
0.69710539
0.69673470
0.69673470
0.69664075
0.69664075
0.69537263
0.69537263
0.69105588
0.69105588
0.69105588
0.69105588
0.68735999
0.68735999
0.68486375
0.68486375
0.68355884
0.68355884
0.68296688
0.68296688
0.68266816
0.68266816
0.68114725
0.68114725
0.68083765
0.68083765
0.67958135
0.67958135
0.67462051
0.67462051
0.66964766
0.66964766
0.66609369
0.66609369
0.66609369
0.66609369
0.65377793
0.65377793
0.64990159
0.64990159
0.64570172
0.64570172
0.63955669
0.63955669
0.63769893
0.63769893
0.63629516
0.63629516
0.63582531
0.63582531
0.63322432
0.63322432
0.62794243
0.62794243
0.62769997
0.62769997
0.62157838
0.62157838
0.61984520
0.61984520
0.61710665
0.61710665
0.61107622
0.61107622
0.61107622
0.61107622
0.61006479
0.61006479
0.60498597
0.60498597
0.60269085
0.60269085
0.59757631
0.59757631
0.59706413
0.59706413
0.59322097
0.59322097
0.58681998
0.58681998
0.58350069
0.58350069
0.58044647
0.58044647
0.57765757
0.57765757
0.57614154
0.57614154
0.57488132
0.57488132
0.57462964
0.57462964
0.57312227
0.57312227
0.56887917
0.56887917
0.56813511
0.56813511
0.56517476
0.56517476
0.56468397
0.56468397
0.55576098
0.55576098
0.55411050
0.55411050
0.55154441
0.55154441
0.54878587
0.54878587
0.54629727
0.54629727
0.54540231
0.54540231
0.54429138
0.54429138
0.54275098
0.54275098
0.53698308
0.53698308
0.53594708
0.53594708
0.53553564
0.53553564
0.53512590
0.53512590
0.53492168
0.53492168
0.53410914
0.53410914
0.53230681
0.53230681
0.53230681
0.53230681
0.52976891
0.52976891
0.52976891
0.52976891
0.52919457
0.52919457
0.52919457
0.52919457
0.52843557
0.52843557
0.52843557
0.52843557
0.52768440
0.52768440
0.52768440
0.52768440
0.52129445
0.52129445
0.52129445
0.52129445
0.51868126
0.51868126
0.51868126
0.51868126
0.51712313
0.51712313
0.51712313
0.51712313
0.51591946
0.51591946
0.51591946
0.51591946
0.51591946
0.51591946
0.51591946
0.51591946
0.51086968
0.51086968
0.51086968
0.51086968
0.50977500
0.50977500
0.50977500
0.50977500
0.50764302
0.50764302
0.50764302
0.50764302
0.50470306
0.50470306
0.50470306
0.50470306
0.50397816
0.50397816
0.50397816
0.50397816
0.50204698
0.50204698
0.50204698
0.50204698
0.50188292
0.50188292
0.50188292
0.50188292
0.50067978
0.50067978
0.50067978
0.50067978
0.50034710
0.50034710
0.50034710
0.50034710
0.50001389
0.50001389
0.50001389
0.50001389
