0.57639393
0.70498403
0.68695457
0.58375567
0.59117123
0.61031780
0.65228271
0.70359755
0.70432609
0.64024914
0.50138499
0.54144490
0.52369796
0.69444426
0.50405580
0.58222678
0.65630371
0.61860260
0.67163963
0.68557243
0.54122853
0.57563709
0.53845084
0.67958135
0.57262087
0.70347784
0.69444426
0.53512590
0.58248142
0.54231413
0.64276783
0.52062756
0.55224081
0.70265744
0.69816780
0.58070056
0.52657259
0.54340899
0.56297250
0.70260673
0.64322226
0.57212004
0.54947135
0.67163963
0.70374956
0.58809881
0.70096942
0.50049964
0.62721448
0.60090262
0.69962073
0.68722532
0.69977168
0.68893865
0.55861996
0.52062756
0.69117602
0.64457892
0.58528686
0.50199154
0.62453072
0.51112021
0.55576098
0.69931253
0.56127124
0.61860260
0.59450221
0.62891026
0.64637195
0.68776112
0.55317339
0.50753765
0.68414343
0.60473121
0.54036685
0.68529036
0.53350434
0.60524066
0.55108161
0.66000043
0.70347784
0.50662061
0.67496326
0.70382232
0.53431162
0.61760587
0.70418362
0.70229123
0.63511874
0.51362953
0.51489813
0.69923416
0.50382507
0.52197024
0.70405985
0.53845084
0.54187877
0.61259022
0.53574115
0.63488274
0.53574115
0.53512590
0.53431162
0.53350434
0.52657259
0.52369796
0.52197024
0.52062756
0.52062756
0.51489813
0.51362953
0.51112021
0.50753765
0.50662061
0.50405580
0.50382507
0.50199154
0.50138499
0.50049964
0.70498403
0.70432609
0.70418362
0.70405985
0.70382232
0.70374956
0.70359755
0.70347784
0.70347784
0.70265744
0.70260673
0.70229123
0.70096942
0.69977168
0.69962073
0.69931253
0.69923416
0.69816780
0.69444426
0.69444426
0.69117602
0.68893865
0.68776112
0.68722532
0.68695457
0.68557243
0.68529036
0.68414343
0.67958135
0.67496326
0.67163963
0.67163963
0.66000043
0.65630371
0.65228271
0.64637195
0.64457892
0.64322226
0.64276783
0.64024914
0.63511874
0.63488274
0.62891026
0.62721448
0.62453072
0.61860260
0.61860260
0.61760587
0.61259022
0.61031780
0.60524066
0.60473121
0.60090262
0.59450221
0.59117123
0.58809881
0.58528686
0.58375567
0.58248142
0.58222678
0.58070056
0.57639393
0.57563709
0.57262087
0.57212004
0.56297250
0.56127124
0.55861996
0.55576098
0.55317339
0.55224081
0.55108161
0.54947135
0.54340899
0.54231413
0.54187877
0.54144490
0.54122853
0.54036685
0.53845084
0.53845084
0.53574115
0.53574115
0.53512590
0.53512590
0.53431162
0.53431162
0.53350434
0.53350434
0.52657259
0.52657259
0.52369796
0.52369796
0.52197024
0.52197024
0.52062756
0.52062756
0.52062756
0.52062756
0.51489813
0.51489813
0.51362953
0.51362953
0.51112021
0.51112021
0.50753765
0.50753765
0.50662061
0.50662061
0.50405580
0.50405580
0.50382507
0.50382507
0.50199154
0.50199154
0.50138499
0.50138499
0.50049964
0.50049964
0.70498403
0.70498403
0.70432609
0.70432609
0.70418362
0.70418362
0.70405985
0.70405985
0.70382232
0.70382232
0.70374956
0.70374956
0.70359755
0.70359755
0.70347784
0.70347784
0.70347784
0.70347784
0.70265744
0.70265744
0.70260673
0.70260673
0.70229123
0.70229123
0.70096942
0.70096942
0.69977168
0.69977168
0.69962073
0.69962073
0.69931253
0.69931253
0.69923416
0.69923416
0.69816780
0.69816780
0.69444426
0.69444426
0.69444426
0.69444426
0.69117602
0.69117602
0.68893865
0.68893865
0.68776112
0.68776112
0.68722532
0.68722532
0.68695457
0.68695457
0.68557243
0.68557243
0.68529036
0.68529036
0.68414343
0.68414343
0.67958135
0.67958135
0.67496326
0.67496326
0.67163963
0.67163963
0.67163963
0.67163963
0.66000043
0.66000043
0.65630371
0.65630371
0.65228271
0.65228271
0.64637195
0.64637195
0.64457892
0.64457892
0.64322226
0.64322226
0.64276783
0.64276783
0.64024914
0.64024914
0.63511874
0.63511874
0.63488274
0.63488274
0.62891026
0.62891026
0.62721448
0.62721448
0.62453072
0.62453072
0.61860260
0.61860260
0.61860260
0.61860260
0.61760587
0.61760587
0.61259022
0.61259022
0.61031780
0.61031780
0.60524066
0.60524066
0.60473121
0.60473121
0.60090262
0.60090262
0.59450221
0.59450221
0.59117123
0.59117123
0.58809881
0.58809881
0.58528686
0.58528686
0.58375567
0.58375567
0.58248142
0.58248142
0.58222678
0.58222678
0.58070056
0.58070056
0.57639393
0.57639393
0.57563709
0.57563709
0.57262087
0.57262087
0.57212004
0.57212004
0.56297250
0.56297250
0.56127124
0.56127124
0.55861996
0.55861996
0.55576098
0.55576098
0.55317339
0.55317339
0.55224081
0.55224081
0.55108161
0.55108161
0.54947135
0.54947135
0.54340899
0.54340899
0.54231413
0.54231413
0.54187877
0.54187877
0.54144490
0.54144490
0.54122853
0.54122853
0.54036685
0.54036685
0.53845084
0.53845084
0.53845084
0.53845084
0.53574115
0.53574115
0.53574115
0.53574115
0.53512590
0.53512590
0.53512590
0.53512590
0.53431162
0.53431162
0.53431162
0.53431162
0.53350434
0.53350434
0.53350434
0.53350434
0.52657259
0.52657259
0.52657259
0.52657259
0.52369796
0.52369796
0.52369796
0.52369796
0.52197024
0.52197024
0.52197024
0.52197024
0.52062756
0.52062756
0.52062756
0.52062756
0.52062756
0.52062756
0.52062756
0.52062756
0.51489813
0.51489813
0.51489813
0.51489813
0.51362953
0.51362953
0.51362953
0.51362953
0.51112021
0.51112021
0.51112021
0.51112021
0.50753765
0.50753765
0.50753765
0.50753765
0.50662061
0.50662061
0.50662061
0.50662061
0.50405580
0.50405580
0.50405580
0.50405580
0.50382507
0.50382507
0.50382507
0.50382507
0.50199154
0.50199154
0.50199154
0.50199154
0.50138499
0.50138499
0.50138499
0.50138499
0.50049964
0.50049964
0.50049964
0.50049964
