0.58656434
0.50039487
0.69200323
0.59398972
0.60141379
0.62034118
0.66060549
0.70472610
0.70497458
0.64924566
0.50382507
0.55038967
0.53112567
0.69825296
0.50774908
0.59245225
0.66436151
0.62842674
0.67845880
0.69081412
0.55015962
0.58579770
0.54719762
0.68557243
0.58273613
0.70467171
0.69825296
0.54362905
0.59270849
0.55131286
0.65163709
0.52768440
0.56175624
0.70424224
0.70116488
0.59091507
0.53431162
0.55247352
0.57287150
0.70421320
0.65206783
0.58222678
0.55885981
0.67845880
0.70479097
0.59834441
0.70317959
0.50221778
0.63676406
0.61107622
0.70223677
0.69223512
0.70234516
0.69369387
0.56838297
0.52768440
0.69557335
0.65335234
0.59552713
0.50478722
0.63417337
0.51666724
0.56542044
0.70201355
0.57112010
0.62842674
0.60473121
0.63839748
0.65504681
0.69269295
0.56272882
0.51227989
0.68957596
0.61485351
0.54924254
0.69057039
0.54187877
0.61535513
0.56054541
0.66779478
0.70467171
0.51112021
0.68145505
0.70482012
0.54275098
0.62745732
0.70494136
0.70402755
0.64435351
0.51964412
0.52112689
0.70195640
0.50743298
0.52919457
0.70490493
0.54719762
0.55085066
0.62256521
0.54429138
0.64412782
0.54429138
0.54362905
0.54275098
0.54187877
0.53431162
0.53112567
0.52919457
0.52768440
0.52768440
0.52112689
0.51964412
0.51666724
0.51227989
0.51112021
0.50774908
0.50743298
0.50478722
0.50382507
0.50221778
0.50039487
0.70497458
0.70494136
0.70490493
0.70482012
0.70479097
0.70472610
0.70467171
0.70467171
0.70424224
0.70421320
0.70402755
0.70317959
0.70234516
0.70223677
0.70201355
0.70195640
0.70116488
0.69825296
0.69825296
0.69557335
0.69369387
0.69269295
0.69223512
0.69200323
0.69081412
0.69057039
0.68957596
0.68557243
0.68145505
0.67845880
0.67845880
0.66779478
0.66436151
0.66060549
0.65504681
0.65335234
0.65206783
0.65163709
0.64924566
0.64435351
0.64412782
0.63839748
0.63676406
0.63417337
0.62842674
0.62842674
0.62745732
0.62256521
0.62034118
0.61535513
0.61485351
0.61107622
0.60473121
0.60141379
0.59834441
0.59552713
0.59398972
0.59270849
0.59245225
0.59091507
0.58656434
0.58579770
0.58273613
0.58222678
0.57287150
0.57112010
0.56838297
0.56542044
0.56272882
0.56175624
0.56054541
0.55885981
0.55247352
0.55131286
0.55085066
0.55038967
0.55015962
0.54924254
0.54719762
0.54719762
0.54429138
0.54429138
0.54362905
0.54362905
0.54275098
0.54275098
0.54187877
0.54187877
0.53431162
0.53431162
0.53112567
0.53112567
0.52919457
0.52919457
0.52768440
0.52768440
0.52768440
0.52768440
0.52112689
0.52112689
0.51964412
0.51964412
0.51666724
0.51666724
0.51227989
0.51227989
0.51112021
0.51112021
0.50774908
0.50774908
0.50743298
0.50743298
0.50478722
0.50478722
0.50382507
0.50382507
0.50221778
0.50221778
0.50039487
0.50039487
0.70497458
0.70497458
0.70494136
0.70494136
0.70490493
0.70490493
0.70482012
0.70482012
0.70479097
0.70479097
0.70472610
0.70472610
0.70467171
0.70467171
0.70467171
0.70467171
0.70424224
0.70424224
0.70421320
0.70421320
0.70402755
0.70402755
0.70317959
0.70317959
0.70234516
0.70234516
0.70223677
0.70223677
0.70201355
0.70201355
0.70195640
0.70195640
0.70116488
0.70116488
0.69825296
0.69825296
0.69825296
0.69825296
0.69557335
0.69557335
0.69369387
0.69369387
0.69269295
0.69269295
0.69223512
0.69223512
0.69200323
0.69200323
0.69081412
0.69081412
0.69057039
0.69057039
0.68957596
0.68957596
0.68557243
0.68557243
0.68145505
0.68145505
0.67845880
0.67845880
0.67845880
0.67845880
0.66779478
0.66779478
0.66436151
0.66436151
0.66060549
0.66060549
0.65504681
0.65504681
0.65335234
0.65335234
0.65206783
0.65206783
0.65163709
0.65163709
0.64924566
0.64924566
0.64435351
0.64435351
0.64412782
0.64412782
0.63839748
0.63839748
0.63676406
0.63676406
0.63417337
0.63417337
0.62842674
0.62842674
0.62842674
0.62842674
0.62745732
0.62745732
0.62256521
0.62256521
0.62034118
0.62034118
0.61535513
0.61535513
0.61485351
0.61485351
0.61107622
0.61107622
0.60473121
0.60473121
0.60141379
0.60141379
0.59834441
0.59834441
0.59552713
0.59552713
0.59398972
0.59398972
0.59270849
0.59270849
0.59245225
0.59245225
0.59091507
0.59091507
0.58656434
0.58656434
0.58579770
0.58579770
0.58273613
0.58273613
0.58222678
0.58222678
0.57287150
0.57287150
0.57112010
0.57112010
0.56838297
0.56838297
0.56542044
0.56542044
0.56272882
0.56272882
0.56175624
0.56175624
0.56054541
0.56054541
0.55885981
0.55885981
0.55247352
0.55247352
0.55131286
0.55131286
0.55085066
0.55085066
0.55038967
0.55038967
0.55015962
0.55015962
0.54924254
0.54924254
0.54719762
0.54719762
0.54719762
0.54719762
0.54429138
0.54429138
0.54429138
0.54429138
0.54362905
0.54362905
0.54362905
0.54362905
0.54275098
0.54275098
0.54275098
0.54275098
0.54187877
0.54187877
0.54187877
0.54187877
0.53431162
0.53431162
0.53431162
0.53431162
0.53112567
0.53112567
0.53112567
0.53112567
0.52919457
0.52919457
0.52919457
0.52919457
0.52768440
0.52768440
0.52768440
0.52768440
0.52768440
0.52768440
0.52768440
0.52768440
0.52112689
0.52112689
0.52112689
0.52112689
0.51964412
0.51964412
0.51964412
0.51964412
0.51666724
0.51666724
0.51666724
0.51666724
0.51227989
0.51227989
0.51227989
0.51227989
0.51112021
0.51112021
0.51112021
0.51112021
0.50774908
0.50774908
0.50774908
0.50774908
0.50743298
0.50743298
0.50743298
0.50743298
0.50478722
0.50478722
0.50478722
0.50478722
0.50382507
0.50382507
0.50382507
0.50382507
0.50221778
0.50221778
0.50221778
0.50221778
0.50039487
0.50039487
0.50039487
0.50039487
