0.60702145
0.50478722
0.69969647
0.61435140
0.62157838
0.63955669
0.67547421
0.50088744
0.50188292
0.66571143
0.51214844
0.56962472
0.54810325
0.70335327
0.51836494
0.61284216
0.67862049
0.64703957
0.68995253
0.69891546
0.56937604
0.60625871
0.56615862
0.69527151
0.60320130
0.50078017
0.70335327
0.56224210
0.61309400
0.57062102
0.66779478
0.54407025
0.58171773
0.50028119
0.70459155
0.61132882
0.55177625
0.57186984
0.59322097
0.50026076
0.66816852
0.60269085
0.57867037
0.68995253
0.50104113
0.61860260
0.70499927
0.50919021
0.65462517
0.63083615
0.70488343
0.69984637
0.70490493
0.70076918
0.58861060
0.54407025
0.70189872
0.66928026
0.61585623
0.51376798
0.65228271
0.53054137
0.58554225
0.70483388
0.59142741
0.64703957
0.62477562
0.65609507
0.67074026
0.70013983
0.58273613
0.52476030
0.69808212
0.63441006
0.56838297
0.69875297
0.56030392
0.63488274
0.58044647
0.68145505
0.50078017
0.52317397
0.69223512
0.50112254
0.56127124
0.64614883
0.50162453
0.50015433
0.66140720
0.53431162
0.53615344
0.70482012
0.51789484
0.54584911
0.50143139
0.56615862
0.57012256
0.64162698
0.56297250
0.66120731
0.56297250
0.56224210
0.56127124
0.56030392
0.55177625
0.54810325
0.54584911
0.54407025
0.54407025
0.53615344
0.53431162
0.53054137
0.52476030
0.52317397
0.51836494
0.51789484
0.51376798
0.51214844
0.50919021
0.50478722
0.50188292
0.50162453
0.50143139
0.50112254
0.50104113
0.50088744
0.50078017
0.50078017
0.50028119
0.50026076
0.50015433
0.70499927
0.70490493
0.70488343
0.70483388
0.70482012
0.70459155
0.70335327
0.70335327
0.70189872
0.70076918
0.70013983
0.69984637
0.69969647
0.69891546
0.69875297
0.69808212
0.69527151
0.69223512
0.68995253
0.68995253
0.68145505
0.67862049
0.67547421
0.67074026
0.66928026
0.66816852
0.66779478
0.66571143
0.66140720
0.66120731
0.65609507
0.65462517
0.65228271
0.64703957
0.64703957
0.64614883
0.64162698
0.63955669
0.63488274
0.63441006
0.63083615
0.62477562
0.62157838
0.61860260
0.61585623
0.61435140
0.61309400
0.61284216
0.61132882
0.60702145
0.60625871
0.60320130
0.60269085
0.59322097
0.59142741
0.58861060
0.58554225
0.58273613
0.58171773
0.58044647
0.57867037
0.57186984
0.57062102
0.57012256
0.56962472
0.56937604
0.56838297
0.56615862
0.56615862
0.56297250
0.56297250
0.56224210
0.56224210
0.56127124
0.56127124
0.56030392
0.56030392
0.55177625
0.55177625
0.54810325
0.54810325
0.54584911
0.54584911
0.54407025
0.54407025
0.54407025
0.54407025
0.53615344
0.53615344
0.53431162
0.53431162
0.53054137
0.53054137
0.52476030
0.52476030
0.52317397
0.52317397
0.51836494
0.51836494
0.51789484
0.51789484
0.51376798
0.51376798
0.51214844
0.51214844
0.50919021
0.50919021
0.50478722
0.50478722
0.50188292
0.50188292
0.50162453
0.50162453
0.50143139
0.50143139
0.50112254
0.50112254
0.50104113
0.50104113
0.50088744
0.50088744
0.50078017
0.50078017
0.50078017
0.50078017
0.50028119
0.50028119
0.50026076
0.50026076
0.50015433
0.50015433
0.70499927
0.70499927
0.70490493
0.70490493
0.70488343
0.70488343
0.70483388
0.70483388
0.70482012
0.70482012
0.70459155
0.70459155
0.70335327
0.70335327
0.70335327
0.70335327
0.70189872
0.70189872
0.70076918
0.70076918
0.70013983
0.70013983
0.69984637
0.69984637
0.69969647
0.69969647
0.69891546
0.69891546
0.69875297
0.69875297
0.69808212
0.69808212
0.69527151
0.69527151
0.69223512
0.69223512
0.68995253
0.68995253
0.68995253
0.68995253
0.68145505
0.68145505
0.67862049
0.67862049
0.67547421
0.67547421
0.67074026
0.67074026
0.66928026
0.66928026
0.66816852
0.66816852
0.66779478
0.66779478
0.66571143
0.66571143
0.66140720
0.66140720
0.66120731
0.66120731
0.65609507
0.65609507
0.65462517
0.65462517
0.65228271
0.65228271
0.64703957
0.64703957
0.64703957
0.64703957
0.64614883
0.64614883
0.64162698
0.64162698
0.63955669
0.63955669
0.63488274
0.63488274
0.63441006
0.63441006
0.63083615
0.63083615
0.62477562
0.62477562
0.62157838
0.62157838
0.61860260
0.61860260
0.61585623
0.61585623
0.61435140
0.61435140
0.61309400
0.61309400
0.61284216
0.61284216
0.61132882
0.61132882
0.60702145
0.60702145
0.60625871
0.60625871
0.60320130
0.60320130
0.60269085
0.60269085
0.59322097
0.59322097
0.59142741
0.59142741
0.58861060
0.58861060
0.58554225
0.58554225
0.58273613
0.58273613
0.58171773
0.58171773
0.58044647
0.58044647
0.57867037
0.57867037
0.57186984
0.57186984
0.57062102
0.57062102
0.57012256
0.57012256
0.56962472
0.56962472
0.56937604
0.56937604
0.56838297
0.56838297
0.56615862
0.56615862
0.56615862
0.56615862
0.56297250
0.56297250
0.56297250
0.56297250
0.56224210
0.56224210
0.56224210
0.56224210
0.56127124
0.56127124
0.56127124
0.56127124
0.56030392
0.56030392
0.56030392
0.56030392
0.55177625
0.55177625
0.55177625
0.55177625
0.54810325
0.54810325
0.54810325
0.54810325
0.54584911
0.54584911
0.54584911
0.54584911
0.54407025
0.54407025
0.54407025
0.54407025
0.54407025
0.54407025
0.54407025
0.54407025
0.53615344
0.53615344
0.53615344
0.53615344
0.53431162
0.53431162
0.53431162
0.53431162
0.53054137
0.53054137
0.53054137
0.53054137
0.52476030
0.52476030
0.52476030
0.52476030
0.52317397
0.52317397
0.52317397
0.52317397
0.51836494
0.51836494
0.51836494
0.51836494
0.51789484
0.51789484
0.51789484
0.51789484
0.51376798
0.51376798
0.51376798
0.51376798
0.51214844
0.51214844
0.51214844
0.51214844
0.50919021
0.50919021
0.50919021
0.50919021
0.50478722
0.50478722
0.50478722
0.50478722
0.50188292
0.50188292
0.50188292
0.50188292
0.50162453
0.50162453
0.50162453
0.50162453
0.50143139
0.50143139
0.50143139
0.50143139
0.50112254
0.50112254
0.50112254
0.50112254
0.50104113
0.50104113
0.50104113
0.50104113
0.50088744
0.50088744
0.50088744
0.50088744
0.50078017
0.50078017
0.50078017
0.50078017
0.50078017
0.50078017
0.50078017
0.50078017
0.50028119
0.50028119
0.50028119
0.50028119
0.50026076
0.50026076
0.50026076
0.50026076
0.50015433
0.50015433
0.50015433
0.50015433
