0.53341065
0.69488298
0.65427039
0.53940239
0.54564517
0.56333267
0.60803692
0.68727576
0.69011165
0.59418930
0.70073036
0.50955801
0.50182973
0.66672885
0.70314463
0.53797518
0.61285555
0.57147402
0.63236258
0.65200809
0.50947587
0.53272894
0.50799834
0.64325242
0.53037449
0.68678569
0.66660681
0.50632752
0.53820100
0.51005202
0.59706647
0.50100156
0.51597430
0.68425951
0.67372718
0.53689629
0.50277053
0.51063594
0.52327295
0.68419798
0.59771007
0.53008405
0.51415650
0.63231955
0.68772407
0.54296855
0.67998999
0.69892804
0.58030214
0.55436114
0.67685202
0.65460839
0.67720865
0.65742961
0.52007529
0.50100156
0.66093927
0.59904853
0.54061224
0.70148255
0.57736293
0.70494878
0.51819234
0.67610462
0.52199717
0.57136031
0.54851525
0.58206855
0.60122994
0.65556322
0.51656612
0.70445724
0.64992089
0.55785372
0.50902073
0.65173564
0.50557702
0.55841361
0.51527635
0.61731592
0.68682314
0.70421724
0.63677461
0.68807610
0.50594660
0.57052504
0.68940567
0.68331801
0.58868269
0.50000965
0.50007564
0.67600888
0.70299418
0.50133936
0.68900770
0.50792965
0.50975573
0.56545572
0.50662061
0.58850082
0.50662061
0.50632752
0.50594660
0.50557702
0.50277053
0.50182973
0.50133936
0.50100156
0.50100156
0.50007564
0.50000965
