0.59424597
0.50147854
0.69527151
0.60166930
0.60905179
0.62769997
0.66647442
0.70499927
0.50015433
0.65567677
0.50642452
0.55742432
0.53719153
0.70056416
0.51124646
0.60013555
0.67001347
0.63559002
0.68311556
0.69423238
0.55718593
0.59347722
0.55411050
0.68957596
0.59040280
0.70499411
0.70056416
0.55038967
0.60039128
0.55838034
0.65796058
0.53350434
0.56912752
0.70485975
0.70285486
0.59860038
0.54058169
0.55958081
0.58044647
0.70484709
0.65837135
0.58989061
0.56615862
0.68311556
0.50000154
0.60600430
0.70427073
0.50429308
0.64367559
0.61860260
0.70363636
0.69547325
0.70371237
0.69673470
0.57588926
0.53350434
0.69833760
0.65959528
0.60320130
0.50764302
0.64116876
0.52146257
0.57287150
0.70347784
0.57867037
0.63559002
0.61233816
0.64525345
0.66120731
0.69587060
0.57012256
0.51651648
0.69314281
0.62231875
0.55623493
0.69401849
0.54855801
0.62281150
0.56788744
0.67323270
0.70499411
0.51518687
0.68585263
0.50000618
0.54947135
0.63464652
0.50008683
0.70475963
0.65098862
0.52476030
0.52638905
0.70343686
0.51086968
0.53512590
0.50004670
0.55411050
0.55790184
0.62987486
0.55108161
0.65077184
0.55108161
0.55038967
0.54947135
0.54855801
0.54058169
0.53719153
0.53512590
0.53350434
0.53350434
0.52638905
0.52476030
0.52146257
0.51651648
0.51518687
0.51124646
0.51086968
0.50764302
0.50642452
0.50429308
0.50147854
0.50015433
0.50008683
0.50004670
0.50000618
0.50000154
0.70499927
0.70499411
0.70499411
0.70485975
0.70484709
0.70475963
0.70427073
0.70371237
0.70363636
0.70347784
0.70343686
0.70285486
0.70056416
0.70056416
0.69833760
0.69673470
0.69587060
0.69547325
0.69527151
0.69423238
0.69401849
0.69314281
0.68957596
0.68585263
0.68311556
0.68311556
0.67323270
0.67001347
0.66647442
0.66120731
0.65959528
0.65837135
0.65796058
0.65567677
0.65098862
0.65077184
0.64525345
0.64367559
0.64116876
0.63559002
0.63559002
0.63464652
0.62987486
0.62769997
0.62281150
0.62231875
0.61860260
0.61233816
0.60905179
0.60600430
0.60320130
0.60166930
0.60039128
0.60013555
0.59860038
0.59424597
0.59347722
0.59040280
0.58989061
0.58044647
0.57867037
0.57588926
0.57287150
0.57012256
0.56912752
0.56788744
0.56615862
0.55958081
0.55838034
0.55790184
0.55742432
0.55718593
0.55623493
0.55411050
0.55411050
0.55108161
0.55108161
0.55038967
0.55038967
0.54947135
0.54947135
0.54855801
0.54855801
0.54058169
0.54058169
0.53719153
0.53719153
0.53512590
0.53512590
0.53350434
0.53350434
0.53350434
0.53350434
0.52638905
0.52638905
0.52476030
0.52476030
0.52146257
0.52146257
0.51651648
0.51651648
0.51518687
0.51518687
0.51124646
0.51124646
0.51086968
0.51086968
0.50764302
0.50764302
0.50642452
0.50642452
0.50429308
0.50429308
0.50147854
0.50147854
0.50015433
0.50015433
0.50008683
0.50008683
0.50004670
0.50004670
0.50000618
0.50000618
0.50000154
0.50000154
0.70499927
0.70499927
0.70499411
0.70499411
0.70499411
0.70499411
0.70485975
0.70485975
0.70484709
0.70484709
0.70475963
0.70475963
0.70427073
0.70427073
0.70371237
0.70371237
0.70363636
0.70363636
0.70347784
0.70347784
0.70343686
0.70343686
0.70285486
0.70285486
0.70056416
0.70056416
0.70056416
0.70056416
0.69833760
0.69833760
0.69673470
0.69673470
0.69587060
0.69587060
0.69547325
0.69547325
0.69527151
0.69527151
0.69423238
0.69423238
0.69401849
0.69401849
0.69314281
0.69314281
0.68957596
0.68957596
0.68585263
0.68585263
0.68311556
0.68311556
0.68311556
0.68311556
0.67323270
0.67323270
0.67001347
0.67001347
0.66647442
0.66647442
0.66120731
0.66120731
0.65959528
0.65959528
0.65837135
0.65837135
0.65796058
0.65796058
0.65567677
0.65567677
0.65098862
0.65098862
0.65077184
0.65077184
0.64525345
0.64525345
0.64367559
0.64367559
0.64116876
0.64116876
0.63559002
0.63559002
0.63559002
0.63559002
0.63464652
0.63464652
0.62987486
0.62987486
0.62769997
0.62769997
0.62281150
0.62281150
0.62231875
0.62231875
0.61860260
0.61860260
0.61233816
0.61233816
0.60905179
0.60905179
0.60600430
0.60600430
0.60320130
0.60320130
0.60166930
0.60166930
0.60039128
0.60039128
0.60013555
0.60013555
0.59860038
0.59860038
0.59424597
0.59424597
0.59347722
0.59347722
0.59040280
0.59040280
0.58989061
0.58989061
0.58044647
0.58044647
0.57867037
0.57867037
0.57588926
0.57588926
0.57287150
0.57287150
0.57012256
0.57012256
0.56912752
0.56912752
0.56788744
0.56788744
0.56615862
0.56615862
0.55958081
0.55958081
0.55838034
0.55838034
0.55790184
0.55790184
0.55742432
0.55742432
0.55718593
0.55718593
0.55623493
0.55623493
0.55411050
0.55411050
0.55411050
0.55411050
0.55108161
0.55108161
0.55108161
0.55108161
0.55038967
0.55038967
0.55038967
0.55038967
0.54947135
0.54947135
0.54947135
0.54947135
0.54855801
0.54855801
0.54855801
0.54855801
0.54058169
0.54058169
0.54058169
0.54058169
0.53719153
0.53719153
0.53719153
0.53719153
0.53512590
0.53512590
0.53512590
0.53512590
0.53350434
0.53350434
0.53350434
0.53350434
0.53350434
0.53350434
0.53350434
0.53350434
0.52638905
0.52638905
0.52638905
0.52638905
0.52476030
0.52476030
0.52476030
0.52476030
0.52146257
0.52146257
0.52146257
0.52146257
0.51651648
0.51651648
0.51651648
0.51651648
0.51518687
0.51518687
0.51518687
0.51518687
0.51124646
0.51124646
0.51124646
0.51124646
0.51086968
0.51086968
0.51086968
0.51086968
0.50764302
0.50764302
0.50764302
0.50764302
0.50642452
0.50642452
0.50642452
0.50642452
0.50429308
0.50429308
0.50429308
0.50429308
0.50147854
0.50147854
0.50147854
0.50147854
0.50015433
0.50015433
0.50015433
0.50015433
0.50008683
0.50008683
0.50008683
0.50008683
0.50004670
0.50004670
0.50004670
0.50004670
0.50000618
0.50000618
0.50000618
0.50000618
0.50000154
0.50000154
0.50000154
0.50000154
