0.60192476
0.50324202
0.69808212
0.60930518
0.61660689
0.63488274
0.67199653
0.50030239
0.50096276
0.66180589
0.50965670
0.56468397
0.54362905
0.70239855
0.51533217
0.60778347
0.67530432
0.64254020
0.68735999
0.69719677
0.56443888
0.60115823
0.56127124
0.69314281
0.59808840
0.50024110
0.70239855
0.55742432
0.60803731
0.56566631
0.66397243
0.53972464
0.57664644
0.50001891
0.70405985
0.60625871
0.54719762
0.56689846
0.58809881
0.50001389
0.66436151
0.59757631
0.57362420
0.68735999
0.50039487
0.61359731
0.70487186
0.50702122
0.65033733
0.62599738
0.70454819
0.69825296
0.70459155
0.69931253
0.58350069
0.53972464
0.70063303
0.66551972
0.61082351
0.51112021
0.64792560
0.52675663
0.58044647
0.70445493
0.58630875
0.64254020
0.61984520
0.65185262
0.66704262
0.69858839
0.57765757
0.52129445
0.69625977
0.62963402
0.56346048
0.69701349
0.55552439
0.63011550
0.57538505
0.67829668
0.50024110
0.51980661
0.68982749
0.50044572
0.55647230
0.64162698
0.50078017
0.50000000
0.65734183
0.53034754
0.53210880
0.70443025
0.51489813
0.54144490
0.50064784
0.56127124
0.56517476
0.63699814
0.55814097
0.65713489
0.55814097
0.55742432
0.55647230
0.55552439
0.54719762
0.54362905
0.54144490
0.53972464
0.53972464
0.53210880
0.53034754
0.52675663
0.52129445
0.51980661
0.51533217
0.51489813
0.51112021
0.50965670
0.50702122
0.50324202
0.50096276
0.50078017
0.50064784
0.50044572
0.50039487
0.50030239
0.50024110
0.50024110
0.50001891
0.50001389
0.50000000
0.70487186
0.70459155
0.70454819
0.70445493
0.70443025
0.70405985
0.70239855
0.70239855
0.70063303
0.69931253
0.69858839
0.69825296
0.69808212
0.69719677
0.69701349
0.69625977
0.69314281
0.68982749
0.68735999
0.68735999
0.67829668
0.67530432
0.67199653
0.66704262
0.66551972
0.66436151
0.66397243
0.66180589
0.65734183
0.65713489
0.65185262
0.65033733
0.64792560
0.64254020
0.64254020
0.64162698
0.63699814
0.63488274
0.63011550
0.62963402
0.62599738
0.61984520
0.61660689
0.61359731
0.61082351
0.60930518
0.60803731
0.60778347
0.60625871
0.60192476
0.60115823
0.59808840
0.59757631
0.58809881
0.58630875
0.58350069
0.58044647
0.57765757
0.57664644
0.57538505
0.57362420
0.56689846
0.56566631
0.56517476
0.56468397
0.56443888
0.56346048
0.56127124
0.56127124
0.55814097
0.55814097
0.55742432
0.55742432
0.55647230
0.55647230
0.55552439
0.55552439
0.54719762
0.54719762
0.54362905
0.54362905
0.54144490
0.54144490
0.53972464
0.53972464
0.53972464
0.53972464
0.53210880
0.53210880
0.53034754
0.53034754
0.52675663
0.52675663
0.52129445
0.52129445
0.51980661
0.51980661
0.51533217
0.51533217
0.51489813
0.51489813
0.51112021
0.51112021
0.50965670
0.50965670
0.50702122
0.50702122
0.50324202
0.50324202
0.50096276
0.50096276
0.50078017
0.50078017
0.50064784
0.50064784
0.50044572
0.50044572
0.50039487
0.50039487
0.50030239
0.50030239
0.50024110
0.50024110
0.50024110
0.50024110
0.50001891
0.50001891
0.50001389
0.50001389
0.50000000
0.50000000
0.70487186
0.70487186
0.70459155
0.70459155
0.70454819
0.70454819
0.70445493
0.70445493
0.70443025
0.70443025
0.70405985
0.70405985
0.70239855
0.70239855
0.70239855
0.70239855
0.70063303
0.70063303
0.69931253
0.69931253
0.69858839
0.69858839
0.69825296
0.69825296
0.69808212
0.69808212
0.69719677
0.69719677
0.69701349
0.69701349
0.69625977
0.69625977
0.69314281
0.69314281
0.68982749
0.68982749
0.68735999
0.68735999
0.68735999
0.68735999
0.67829668
0.67829668
0.67530432
0.67530432
0.67199653
0.67199653
0.66704262
0.66704262
0.66551972
0.66551972
0.66436151
0.66436151
0.66397243
0.66397243
0.66180589
0.66180589
0.65734183
0.65734183
0.65713489
0.65713489
0.65185262
0.65185262
0.65033733
0.65033733
0.64792560
0.64792560
0.64254020
0.64254020
0.64254020
0.64254020
0.64162698
0.64162698
0.63699814
0.63699814
0.63488274
0.63488274
0.63011550
0.63011550
0.62963402
0.62963402
0.62599738
0.62599738
0.61984520
0.61984520
0.61660689
0.61660689
0.61359731
0.61359731
0.61082351
0.61082351
0.60930518
0.60930518
0.60803731
0.60803731
0.60778347
0.60778347
0.60625871
0.60625871
0.60192476
0.60192476
0.60115823
0.60115823
0.59808840
0.59808840
0.59757631
0.59757631
0.58809881
0.58809881
0.58630875
0.58630875
0.58350069
0.58350069
0.58044647
0.58044647
0.57765757
0.57765757
0.57664644
0.57664644
0.57538505
0.57538505
0.57362420
0.57362420
0.56689846
0.56689846
0.56566631
0.56566631
0.56517476
0.56517476
0.56468397
0.56468397
0.56443888
0.56443888
0.56346048
0.56346048
0.56127124
0.56127124
0.56127124
0.56127124
0.55814097
0.55814097
0.55814097
0.55814097
0.55742432
0.55742432
0.55742432
0.55742432
0.55647230
0.55647230
0.55647230
0.55647230
0.55552439
0.55552439
0.55552439
0.55552439
0.54719762
0.54719762
0.54719762
0.54719762
0.54362905
0.54362905
0.54362905
0.54362905
0.54144490
0.54144490
0.54144490
0.54144490
0.53972464
0.53972464
0.53972464
0.53972464
0.53972464
0.53972464
0.53972464
0.53972464
0.53210880
0.53210880
0.53210880
0.53210880
0.53034754
0.53034754
0.53034754
0.53034754
0.52675663
0.52675663
0.52675663
0.52675663
0.52129445
0.52129445
0.52129445
0.52129445
0.51980661
0.51980661
0.51980661
0.51980661
0.51533217
0.51533217
0.51533217
0.51533217
0.51489813
0.51489813
0.51489813
0.51489813
0.51112021
0.51112021
0.51112021
0.51112021
0.50965670
0.50965670
0.50965670
0.50965670
0.50702122
0.50702122
0.50702122
0.50702122
0.50324202
0.50324202
0.50324202
0.50324202
0.50096276
0.50096276
0.50096276
0.50096276
0.50078017
0.50078017
0.50078017
0.50078017
0.50064784
0.50064784
0.50064784
0.50064784
0.50044572
0.50044572
0.50044572
0.50044572
0.50039487
0.50039487
0.50039487
0.50039487
0.50030239
0.50030239
0.50030239
0.50030239
0.50024110
0.50024110
0.50024110
0.50024110
0.50024110
0.50024110
0.50024110
0.50024110
0.50001891
0.50001891
0.50001891
0.50001891
0.50001389
0.50001389
0.50001389
0.50001389
0.50000000
0.50000000
0.50000000
0.50000000
