0.62939297
0.51518687
0.70432609
0.63629516
0.64299518
0.65918871
0.68893865
0.50722571
0.50965670
0.68130138
0.52638905
0.59245225
0.56962472
0.50005557
0.53471789
0.63488274
0.69129567
0.66571143
0.69915527
0.70402755
0.59219603
0.62866860
0.58886654
0.70229123
0.62575340
0.50692002
0.50005557
0.58477623
0.63511874
0.59347722
0.68296688
0.56517476
0.60473121
0.50521883
0.50100156
0.63346192
0.57362420
0.59475845
0.61610658
0.50513108
0.68326378
0.62526487
0.60166930
0.69915527
0.50764302
0.64024914
0.50296816
0.52214057
0.67217436
0.65142125
0.50182973
0.70437926
0.50193685
0.70467171
0.61158131
0.56517476
0.70492424
0.68414343
0.63769893
0.52862459
0.67019577
0.54970046
0.60854473
0.50162453
0.61435140
0.66571143
0.64592542
0.67340764
0.68529036
0.70447907
0.60574983
0.54275098
0.70367464
0.65462517
0.59117123
0.70396131
0.58273613
0.65504681
0.60345643
0.69336474
0.50692002
0.54079692
0.70056416
0.50785583
0.58375567
0.66494232
0.50907527
0.50461962
0.67780769
0.55411050
0.55623493
0.50157511
0.53410914
0.56714544
0.50862229
0.58886654
0.59296473
0.66100707
0.58554225
0.67764382
0.58554225
0.58477623
0.58375567
0.58273613
0.57362420
0.56962472
0.56714544
0.56517476
0.56517476
0.55623493
0.55411050
0.54970046
0.54275098
0.54079692
0.53471789
0.53410914
0.52862459
0.52638905
0.52214057
0.51518687
0.50965670
0.50907527
0.50862229
0.50785583
0.50764302
0.50722571
0.50692002
0.50692002
0.50521883
0.50513108
0.50461962
0.50296816
0.50193685
0.50182973
0.50162453
0.50157511
0.50100156
0.50005557
0.50005557
0.70492424
0.70467171
0.70447907
0.70437926
0.70432609
0.70402755
0.70396131
0.70367464
0.70229123
0.70056416
0.69915527
0.69915527
0.69336474
0.69129567
0.68893865
0.68529036
0.68414343
0.68326378
0.68296688
0.68130138
0.67780769
0.67764382
0.67340764
0.67217436
0.67019577
0.66571143
0.66571143
0.66494232
0.66100707
0.65918871
0.65504681
0.65462517
0.65142125
0.64592542
0.64299518
0.64024914
0.63769893
0.63629516
0.63511874
0.63488274
0.63346192
0.62939297
0.62866860
0.62575340
0.62526487
0.61610658
0.61435140
0.61158131
0.60854473
0.60574983
0.60473121
0.60345643
0.60166930
0.59475845
0.59347722
0.59296473
0.59245225
0.59219603
0.59117123
0.58886654
0.58886654
0.58554225
0.58554225
0.58477623
0.58477623
0.58375567
0.58375567
0.58273613
0.58273613
0.57362420
0.57362420
0.56962472
0.56962472
0.56714544
0.56714544
0.56517476
0.56517476
0.56517476
0.56517476
0.55623493
0.55623493
0.55411050
0.55411050
0.54970046
0.54970046
0.54275098
0.54275098
0.54079692
0.54079692
0.53471789
0.53471789
0.53410914
0.53410914
0.52862459
0.52862459
0.52638905
0.52638905
0.52214057
0.52214057
0.51518687
0.51518687
0.50965670
0.50965670
0.50907527
0.50907527
0.50862229
0.50862229
0.50785583
0.50785583
0.50764302
0.50764302
0.50722571
0.50722571
0.50692002
0.50692002
0.50692002
0.50692002
0.50521883
0.50521883
0.50513108
0.50513108
0.50461962
0.50461962
0.50296816
0.50296816
0.50193685
0.50193685
0.50182973
0.50182973
0.50162453
0.50162453
0.50157511
0.50157511
0.50100156
0.50100156
0.50005557
0.50005557
0.50005557
0.50005557
0.70492424
0.70492424
0.70467171
0.70467171
0.70447907
0.70447907
0.70437926
0.70437926
0.70432609
0.70432609
0.70402755
0.70402755
0.70396131
0.70396131
0.70367464
0.70367464
0.70229123
0.70229123
0.70056416
0.70056416
0.69915527
0.69915527
0.69915527
0.69915527
0.69336474
0.69336474
0.69129567
0.69129567
0.68893865
0.68893865
0.68529036
0.68529036
0.68414343
0.68414343
0.68326378
0.68326378
0.68296688
0.68296688
0.68130138
0.68130138
0.67780769
0.67780769
0.67764382
0.67764382
0.67340764
0.67340764
0.67217436
0.67217436
0.67019577
0.67019577
0.66571143
0.66571143
0.66571143
0.66571143
0.66494232
0.66494232
0.66100707
0.66100707
0.65918871
0.65918871
0.65504681
0.65504681
0.65462517
0.65462517
0.65142125
0.65142125
0.64592542
0.64592542
0.64299518
0.64299518
0.64024914
0.64024914
0.63769893
0.63769893
0.63629516
0.63629516
0.63511874
0.63511874
0.63488274
0.63488274
0.63346192
0.63346192
0.62939297
0.62939297
0.62866860
0.62866860
0.62575340
0.62575340
0.62526487
0.62526487
0.61610658
0.61610658
0.61435140
0.61435140
0.61158131
0.61158131
0.60854473
0.60854473
0.60574983
0.60574983
0.60473121
0.60473121
0.60345643
0.60345643
0.60166930
0.60166930
0.59475845
0.59475845
0.59347722
0.59347722
0.59296473
0.59296473
0.59245225
0.59245225
0.59219603
0.59219603
0.59117123
0.59117123
0.58886654
0.58886654
0.58886654
0.58886654
0.58554225
0.58554225
0.58554225
0.58554225
0.58477623
0.58477623
0.58477623
0.58477623
0.58375567
0.58375567
0.58375567
0.58375567
0.58273613
0.58273613
0.58273613
0.58273613
0.57362420
0.57362420
0.57362420
0.57362420
0.56962472
0.56962472
0.56962472
0.56962472
0.56714544
0.56714544
0.56714544
0.56714544
0.56517476
0.56517476
0.56517476
0.56517476
0.56517476
0.56517476
0.56517476
0.56517476
0.55623493
0.55623493
0.55623493
0.55623493
0.55411050
0.55411050
0.55411050
0.55411050
0.54970046
0.54970046
0.54970046
0.54970046
0.54275098
0.54275098
0.54275098
0.54275098
0.54079692
0.54079692
0.54079692
0.54079692
0.53471789
0.53471789
0.53471789
0.53471789
0.53410914
0.53410914
0.53410914
0.53410914
0.52862459
0.52862459
0.52862459
0.52862459
0.52638905
0.52638905
0.52638905
0.52638905
0.52214057
0.52214057
0.52214057
0.52214057
0.51518687
0.51518687
0.51518687
0.51518687
0.50965670
0.50965670
0.50965670
0.50965670
0.50907527
0.50907527
0.50907527
0.50907527
0.50862229
0.50862229
0.50862229
0.50862229
0.50785583
0.50785583
0.50785583
0.50785583
0.50764302
0.50764302
0.50764302
0.50764302
0.50722571
0.50722571
0.50722571
0.50722571
0.50692002
0.50692002
0.50692002
0.50692002
0.50692002
0.50692002
0.50692002
0.50692002
0.50521883
0.50521883
0.50521883
0.50521883
0.50513108
0.50513108
0.50513108
0.50513108
0.50461962
0.50461962
0.50461962
0.50461962
0.50296816
0.50296816
0.50296816
0.50296816
0.50193685
0.50193685
0.50193685
0.50193685
0.50182973
0.50182973
0.50182973
0.50182973
0.50162453
0.50162453
0.50162453
0.50162453
0.50157511
0.50157511
0.50157511
0.50157511
0.50100156
0.50100156
0.50100156
0.50100156
0.50005557
0.50005557
0.50005557
0.50005557
0.50005557
0.50005557
0.50005557
0.50005557
