0.63652973
0.51980661
0.70489445
0.64322226
0.64968325
0.66513517
0.69257924
0.51062178
0.51349171
0.68571276
0.53210880
0.60013555
0.57715179
0.50067978
0.54101253
0.64185569
0.69465411
0.67128110
0.70129252
0.70475963
0.59987978
0.63582531
0.59655186
0.70367464
0.63298649
0.51025489
0.50067978
0.59245225
0.64208413
0.60115823
0.68722532
0.57262087
0.61233816
0.50818020
0.50251741
0.64047944
0.58120898
0.60243554
0.62354935
0.50807139
0.68749417
0.63251017
0.60930518
0.70129252
0.51112021
0.64703957
0.50530731
0.52749785
0.67731478
0.65775467
0.50374963
0.70491486
0.50390125
0.70499411
0.61910009
0.57262087
0.50006522
0.68828926
0.64457892
0.53451454
0.67547421
0.55670992
0.61610658
0.50345516
0.62182533
0.67128110
0.65249728
0.67845880
0.68932249
0.70494910
0.61334571
0.54947135
0.70457015
0.66080646
0.59885633
0.70472610
0.59040280
0.66120731
0.61107622
0.69645129
0.51025489
0.54742354
0.70239855
0.51137336
0.59142741
0.67055916
0.51281209
0.50743298
0.68251811
0.56127124
0.56346048
0.50338338
0.54036685
0.57462964
0.51227989
0.59655186
0.60064698
0.66685361
0.59322097
0.68236761
0.59322097
0.59245225
0.59142741
0.59040280
0.58120898
0.57715179
0.57462964
0.57262087
0.57262087
0.56346048
0.56127124
0.55670992
0.54947135
0.54742354
0.54101253
0.54036685
0.53451454
0.53210880
0.52749785
0.51980661
0.51349171
0.51281209
0.51227989
0.51137336
0.51112021
0.51062178
0.51025489
0.51025489
0.50818020
0.50807139
0.50743298
0.50530731
0.50390125
0.50374963
0.50345516
0.50338338
0.50251741
0.50067978
0.50067978
0.50006522
0.70499411
0.70494910
0.70491486
0.70489445
0.70475963
0.70472610
0.70457015
0.70367464
0.70239855
0.70129252
0.70129252
0.69645129
0.69465411
0.69257924
0.68932249
0.68828926
0.68749417
0.68722532
0.68571276
0.68251811
0.68236761
0.67845880
0.67731478
0.67547421
0.67128110
0.67128110
0.67055916
0.66685361
0.66513517
0.66120731
0.66080646
0.65775467
0.65249728
0.64968325
0.64703957
0.64457892
0.64322226
0.64208413
0.64185569
0.64047944
0.63652973
0.63582531
0.63298649
0.63251017
0.62354935
0.62182533
0.61910009
0.61610658
0.61334571
0.61233816
0.61107622
0.60930518
0.60243554
0.60115823
0.60064698
0.60013555
0.59987978
0.59885633
0.59655186
0.59655186
0.59322097
0.59322097
0.59245225
0.59245225
0.59142741
0.59142741
0.59040280
0.59040280
0.58120898
0.58120898
0.57715179
0.57715179
0.57462964
0.57462964
0.57262087
0.57262087
0.57262087
0.57262087
0.56346048
0.56346048
0.56127124
0.56127124
0.55670992
0.55670992
0.54947135
0.54947135
0.54742354
0.54742354
0.54101253
0.54101253
0.54036685
0.54036685
0.53451454
0.53451454
0.53210880
0.53210880
0.52749785
0.52749785
0.51980661
0.51980661
0.51349171
0.51349171
0.51281209
0.51281209
0.51227989
0.51227989
0.51137336
0.51137336
0.51112021
0.51112021
0.51062178
0.51062178
0.51025489
0.51025489
0.51025489
0.51025489
0.50818020
0.50818020
0.50807139
0.50807139
0.50743298
0.50743298
0.50530731
0.50530731
0.50390125
0.50390125
0.50374963
0.50374963
0.50345516
0.50345516
0.50338338
0.50338338
0.50251741
0.50251741
0.50067978
0.50067978
0.50067978
0.50067978
0.50006522
0.50006522
0.70499411
0.70499411
0.70494910
0.70494910
0.70491486
0.70491486
0.70489445
0.70489445
0.70475963
0.70475963
0.70472610
0.70472610
0.70457015
0.70457015
0.70367464
0.70367464
0.70239855
0.70239855
0.70129252
0.70129252
0.70129252
0.70129252
0.69645129
0.69645129
0.69465411
0.69465411
0.69257924
0.69257924
0.68932249
0.68932249
0.68828926
0.68828926
0.68749417
0.68749417
0.68722532
0.68722532
0.68571276
0.68571276
0.68251811
0.68251811
0.68236761
0.68236761
0.67845880
0.67845880
0.67731478
0.67731478
0.67547421
0.67547421
0.67128110
0.67128110
0.67128110
0.67128110
0.67055916
0.67055916
0.66685361
0.66685361
0.66513517
0.66513517
0.66120731
0.66120731
0.66080646
0.66080646
0.65775467
0.65775467
0.65249728
0.65249728
0.64968325
0.64968325
0.64703957
0.64703957
0.64457892
0.64457892
0.64322226
0.64322226
0.64208413
0.64208413
0.64185569
0.64185569
0.64047944
0.64047944
0.63652973
0.63652973
0.63582531
0.63582531
0.63298649
0.63298649
0.63251017
0.63251017
0.62354935
0.62354935
0.62182533
0.62182533
0.61910009
0.61910009
0.61610658
0.61610658
0.61334571
0.61334571
0.61233816
0.61233816
0.61107622
0.61107622
0.60930518
0.60930518
0.60243554
0.60243554
0.60115823
0.60115823
0.60064698
0.60064698
0.60013555
0.60013555
0.59987978
0.59987978
0.59885633
0.59885633
0.59655186
0.59655186
0.59655186
0.59655186
0.59322097
0.59322097
0.59322097
0.59322097
0.59245225
0.59245225
0.59245225
0.59245225
0.59142741
0.59142741
0.59142741
0.59142741
0.59040280
0.59040280
0.59040280
0.59040280
0.58120898
0.58120898
0.58120898
0.58120898
0.57715179
0.57715179
0.57715179
0.57715179
0.57462964
0.57462964
0.57462964
0.57462964
0.57262087
0.57262087
0.57262087
0.57262087
0.57262087
0.57262087
0.57262087
0.57262087
0.56346048
0.56346048
0.56346048
0.56346048
0.56127124
0.56127124
0.56127124
0.56127124
0.55670992
0.55670992
0.55670992
0.55670992
0.54947135
0.54947135
0.54947135
0.54947135
0.54742354
0.54742354
0.54742354
0.54742354
0.54101253
0.54101253
0.54101253
0.54101253
0.54036685
0.54036685
0.54036685
0.54036685
0.53451454
0.53451454
0.53451454
0.53451454
0.53210880
0.53210880
0.53210880
0.53210880
0.52749785
0.52749785
0.52749785
0.52749785
0.51980661
0.51980661
0.51980661
0.51980661
0.51349171
0.51349171
0.51349171
0.51349171
0.51281209
0.51281209
0.51281209
0.51281209
0.51227989
0.51227989
0.51227989
0.51227989
0.51137336
0.51137336
0.51137336
0.51137336
0.51112021
0.51112021
0.51112021
0.51112021
0.51062178
0.51062178
0.51062178
0.51062178
0.51025489
0.51025489
0.51025489
0.51025489
0.51025489
0.51025489
0.51025489
0.51025489
0.50818020
0.50818020
0.50818020
0.50818020
0.50807139
0.50807139
0.50807139
0.50807139
0.50743298
0.50743298
0.50743298
0.50743298
0.50530731
0.50530731
0.50530731
0.50530731
0.50390125
0.50390125
0.50390125
0.50390125
0.50374963
0.50374963
0.50374963
0.50374963
0.50345516
0.50345516
0.50345516
0.50345516
0.50338338
0.50338338
0.50338338
0.50338338
0.50251741
0.50251741
0.50251741
0.50251741
0.50067978
0.50067978
0.50067978
0.50067978
0.50067978
0.50067978
0.50067978
0.50067978
0.50006522
0.50006522
0.50006522
0.50006522
