0.63886193
0.52146257
0.70497458
0.64547773
0.65185262
0.66704262
0.69369387
0.51188749
0.51489813
0.68709018
0.53410914
0.60269085
0.57968474
0.50104113
0.54318929
0.64412782
0.69567294
0.67305734
0.70189872
0.70489445
0.60243554
0.63816488
0.59911224
0.70402755
0.63535450
0.51150092
0.50104113
0.59501469
0.64435351
0.60371151
0.68855046
0.57513312
0.61485351
0.50930582
0.50317245
0.64276783
0.58375567
0.60498597
0.62599738
0.50919021
0.68880973
0.63488274
0.61183370
0.70189872
0.51241198
0.64924566
0.50623123
0.52938554
0.67894254
0.65979803
0.50453690
0.70498403
0.50470306
0.50000965
0.62157838
0.57513312
0.50020408
0.68957596
0.64681732
0.53656742
0.67714961
0.55909991
0.61860260
0.50421326
0.62428564
0.67305734
0.65462517
0.68005580
0.69057039
0.70499638
0.61585623
0.55177625
0.70475963
0.66279622
0.60141379
0.70487186
0.59296473
0.66318977
0.61359731
0.69737798
0.51150092
0.54970046
0.70290287
0.51267808
0.59398972
0.67235178
0.51418711
0.50851074
0.68399797
0.56370477
0.56591237
0.50413417
0.54253237
0.57715179
0.51362953
0.59911224
0.60320130
0.66872617
0.59578333
0.68385205
0.59578333
0.59501469
0.59398972
0.59296473
0.58375567
0.57968474
0.57715179
0.57513312
0.57513312
0.56591237
0.56370477
0.55909991
0.55177625
0.54970046
0.54318929
0.54253237
0.53656742
0.53410914
0.52938554
0.52146257
0.51489813
0.51418711
0.51362953
0.51267808
0.51241198
0.51188749
0.51150092
0.51150092
0.50930582
0.50919021
0.50851074
0.50623123
0.50470306
0.50453690
0.50421326
0.50413417
0.50317245
0.50104113
0.50104113
0.50020408
0.50000965
0.70499638
0.70498403
0.70497458
0.70489445
0.70487186
0.70475963
0.70402755
0.70290287
0.70189872
0.70189872
0.69737798
0.69567294
0.69369387
0.69057039
0.68957596
0.68880973
0.68855046
0.68709018
0.68399797
0.68385205
0.68005580
0.67894254
0.67714961
0.67305734
0.67305734
0.67235178
0.66872617
0.66704262
0.66318977
0.66279622
0.65979803
0.65462517
0.65185262
0.64924566
0.64681732
0.64547773
0.64435351
0.64412782
0.64276783
0.63886193
0.63816488
0.63535450
0.63488274
0.62599738
0.62428564
0.62157838
0.61860260
0.61585623
0.61485351
0.61359731
0.61183370
0.60498597
0.60371151
0.60320130
0.60269085
0.60243554
0.60141379
0.59911224
0.59911224
0.59578333
0.59578333
0.59501469
0.59501469
0.59398972
0.59398972
0.59296473
0.59296473
0.58375567
0.58375567
0.57968474
0.57968474
0.57715179
0.57715179
0.57513312
0.57513312
0.57513312
0.57513312
0.56591237
0.56591237
0.56370477
0.56370477
0.55909991
0.55909991
0.55177625
0.55177625
0.54970046
0.54970046
0.54318929
0.54318929
0.54253237
0.54253237
0.53656742
0.53656742
0.53410914
0.53410914
0.52938554
0.52938554
0.52146257
0.52146257
0.51489813
0.51489813
0.51418711
0.51418711
0.51362953
0.51362953
0.51267808
0.51267808
0.51241198
0.51241198
0.51188749
0.51188749
0.51150092
0.51150092
0.51150092
0.51150092
0.50930582
0.50930582
0.50919021
0.50919021
0.50851074
0.50851074
0.50623123
0.50623123
0.50470306
0.50470306
0.50453690
0.50453690
0.50421326
0.50421326
0.50413417
0.50413417
0.50317245
0.50317245
0.50104113
0.50104113
0.50104113
0.50104113
0.50020408
0.50020408
0.50000965
0.50000965
0.70499638
0.70499638
0.70498403
0.70498403
0.70497458
0.70497458
0.70489445
0.70489445
0.70487186
0.70487186
0.70475963
0.70475963
0.70402755
0.70402755
0.70290287
0.70290287
0.70189872
0.70189872
0.70189872
0.70189872
0.69737798
0.69737798
0.69567294
0.69567294
0.69369387
0.69369387
0.69057039
0.69057039
0.68957596
0.68957596
0.68880973
0.68880973
0.68855046
0.68855046
0.68709018
0.68709018
0.68399797
0.68399797
0.68385205
0.68385205
0.68005580
0.68005580
0.67894254
0.67894254
0.67714961
0.67714961
0.67305734
0.67305734
0.67305734
0.67305734
0.67235178
0.67235178
0.66872617
0.66872617
0.66704262
0.66704262
0.66318977
0.66318977
0.66279622
0.66279622
0.65979803
0.65979803
0.65462517
0.65462517
0.65185262
0.65185262
0.64924566
0.64924566
0.64681732
0.64681732
0.64547773
0.64547773
0.64435351
0.64435351
0.64412782
0.64412782
0.64276783
0.64276783
0.63886193
0.63886193
0.63816488
0.63816488
0.63535450
0.63535450
0.63488274
0.63488274
0.62599738
0.62599738
0.62428564
0.62428564
0.62157838
0.62157838
0.61860260
0.61860260
0.61585623
0.61585623
0.61485351
0.61485351
0.61359731
0.61359731
0.61183370
0.61183370
0.60498597
0.60498597
0.60371151
0.60371151
0.60320130
0.60320130
0.60269085
0.60269085
0.60243554
0.60243554
0.60141379
0.60141379
0.59911224
0.59911224
0.59911224
0.59911224
0.59578333
0.59578333
0.59578333
0.59578333
0.59501469
0.59501469
0.59501469
0.59501469
0.59398972
0.59398972
0.59398972
0.59398972
0.59296473
0.59296473
0.59296473
0.59296473
0.58375567
0.58375567
0.58375567
0.58375567
0.57968474
0.57968474
0.57968474
0.57968474
0.57715179
0.57715179
0.57715179
0.57715179
0.57513312
0.57513312
0.57513312
0.57513312
0.57513312
0.57513312
0.57513312
0.57513312
0.56591237
0.56591237
0.56591237
0.56591237
0.56370477
0.56370477
0.56370477
0.56370477
0.55909991
0.55909991
0.55909991
0.55909991
0.55177625
0.55177625
0.55177625
0.55177625
0.54970046
0.54970046
0.54970046
0.54970046
0.54318929
0.54318929
0.54318929
0.54318929
0.54253237
0.54253237
0.54253237
0.54253237
0.53656742
0.53656742
0.53656742
0.53656742
0.53410914
0.53410914
0.53410914
0.53410914
0.52938554
0.52938554
0.52938554
0.52938554
0.52146257
0.52146257
0.52146257
0.52146257
0.51489813
0.51489813
0.51489813
0.51489813
0.51418711
0.51418711
0.51418711
0.51418711
0.51362953
0.51362953
0.51362953
0.51362953
0.51267808
0.51267808
0.51267808
0.51267808
0.51241198
0.51241198
0.51241198
0.51241198
0.51188749
0.51188749
0.51188749
0.51188749
0.51150092
0.51150092
0.51150092
0.51150092
0.51150092
0.51150092
0.51150092
0.51150092
0.50930582
0.50930582
0.50930582
0.50930582
0.50919021
0.50919021
0.50919021
0.50919021
0.50851074
0.50851074
0.50851074
0.50851074
0.50623123
0.50623123
0.50623123
0.50623123
0.50470306
0.50470306
0.50470306
0.50470306
0.50453690
0.50453690
0.50453690
0.50453690
0.50421326
0.50421326
0.50421326
0.50421326
0.50413417
0.50413417
0.50413417
0.50413417
0.50317245
0.50317245
0.50317245
0.50317245
0.50104113
0.50104113
0.50104113
0.50104113
0.50104113
0.50104113
0.50104113
0.50104113
0.50020408
0.50020408
0.50020408
0.50020408
0.50000965
0.50000965
0.50000965
0.50000965
