0.62453072
0.51241198
0.70367464
0.63155488
0.63839748
0.65504681
0.68626940
0.50530731
0.50743298
0.67813412
0.52282733
0.58733139
0.56468397
0.70498403
0.53073567
0.63011550
0.68880973
0.66180589
0.69746781
0.70326751
0.58707567
0.62379496
0.58375567
0.70110026
0.62083654
0.50504403
0.70498403
0.57968474
0.63035592
0.58835469
0.67989810
0.56030392
0.59962397
0.50360092
0.50037060
0.62866860
0.56863098
0.58963456
0.61107622
0.50352767
0.68021306
0.62034118
0.59655186
0.69746781
0.50566835
0.63559002
0.50177730
0.51884029
0.66854068
0.64703957
0.50092472
0.70374956
0.50100156
0.70418362
0.60651303
0.56030392
0.70463272
0.68114725
0.63298649
0.52493920
0.66647442
0.54517943
0.60345643
0.50078017
0.60930518
0.66180589
0.64139800
0.66983077
0.68236761
0.70389290
0.60064698
0.53845084
0.70280631
0.65033733
0.58605320
0.70317959
0.57765757
0.65077184
0.59834441
0.69105588
0.50504403
0.53656742
0.69907586
0.50585314
0.57867037
0.66100707
0.50692002
0.50310361
0.67444850
0.54947135
0.55154441
0.50074594
0.53015419
0.56224210
0.50652221
0.58375567
0.58784296
0.65692761
0.58044647
0.67427607
0.58044647
0.57968474
0.57867037
0.57765757
0.56863098
0.56468397
0.56224210
0.56030392
0.56030392
0.55154441
0.54947135
0.54517943
0.53845084
0.53656742
0.53073567
0.53015419
0.52493920
0.52282733
0.51884029
0.51241198
0.50743298
0.50692002
0.50652221
0.50585314
0.50566835
0.50530731
0.50504403
0.50504403
0.50360092
0.50352767
0.50310361
0.50177730
0.50100156
0.50092472
0.50078017
0.50074594
0.50037060
0.70498403
0.70498403
0.70463272
0.70418362
0.70389290
0.70374956
0.70367464
0.70326751
0.70317959
0.70280631
0.70110026
0.69907586
0.69746781
0.69746781
0.69105588
0.68880973
0.68626940
0.68236761
0.68114725
0.68021306
0.67989810
0.67813412
0.67444850
0.67427607
0.66983077
0.66854068
0.66647442
0.66180589
0.66180589
0.66100707
0.65692761
0.65504681
0.65077184
0.65033733
0.64703957
0.64139800
0.63839748
0.63559002
0.63298649
0.63155488
0.63035592
0.63011550
0.62866860
0.62453072
0.62379496
0.62083654
0.62034118
0.61107622
0.60930518
0.60651303
0.60345643
0.60064698
0.59962397
0.59834441
0.59655186
0.58963456
0.58835469
0.58784296
0.58733139
0.58707567
0.58605320
0.58375567
0.58375567
0.58044647
0.58044647
0.57968474
0.57968474
0.57867037
0.57867037
0.57765757
0.57765757
0.56863098
0.56863098
0.56468397
0.56468397
0.56224210
0.56224210
0.56030392
0.56030392
0.56030392
0.56030392
0.55154441
0.55154441
0.54947135
0.54947135
0.54517943
0.54517943
0.53845084
0.53845084
0.53656742
0.53656742
0.53073567
0.53073567
0.53015419
0.53015419
0.52493920
0.52493920
0.52282733
0.52282733
0.51884029
0.51884029
0.51241198
0.51241198
0.50743298
0.50743298
0.50692002
0.50692002
0.50652221
0.50652221
0.50585314
0.50585314
0.50566835
0.50566835
0.50530731
0.50530731
0.50504403
0.50504403
0.50504403
0.50504403
0.50360092
0.50360092
0.50352767
0.50352767
0.50310361
0.50310361
0.50177730
0.50177730
0.50100156
0.50100156
0.50092472
0.50092472
0.50078017
0.50078017
0.50074594
0.50074594
0.50037060
0.50037060
0.70498403
0.70498403
0.70498403
0.70498403
0.70463272
0.70463272
0.70418362
0.70418362
0.70389290
0.70389290
0.70374956
0.70374956
0.70367464
0.70367464
0.70326751
0.70326751
0.70317959
0.70317959
0.70280631
0.70280631
0.70110026
0.70110026
0.69907586
0.69907586
0.69746781
0.69746781
0.69746781
0.69746781
0.69105588
0.69105588
0.68880973
0.68880973
0.68626940
0.68626940
0.68236761
0.68236761
0.68114725
0.68114725
0.68021306
0.68021306
0.67989810
0.67989810
0.67813412
0.67813412
0.67444850
0.67444850
0.67427607
0.67427607
0.66983077
0.66983077
0.66854068
0.66854068
0.66647442
0.66647442
0.66180589
0.66180589
0.66180589
0.66180589
0.66100707
0.66100707
0.65692761
0.65692761
0.65504681
0.65504681
0.65077184
0.65077184
0.65033733
0.65033733
0.64703957
0.64703957
0.64139800
0.64139800
0.63839748
0.63839748
0.63559002
0.63559002
0.63298649
0.63298649
0.63155488
0.63155488
0.63035592
0.63035592
0.63011550
0.63011550
0.62866860
0.62866860
0.62453072
0.62453072
0.62379496
0.62379496
0.62083654
0.62083654
0.62034118
0.62034118
0.61107622
0.61107622
0.60930518
0.60930518
0.60651303
0.60651303
0.60345643
0.60345643
0.60064698
0.60064698
0.59962397
0.59962397
0.59834441
0.59834441
0.59655186
0.59655186
0.58963456
0.58963456
0.58835469
0.58835469
0.58784296
0.58784296
0.58733139
0.58733139
0.58707567
0.58707567
0.58605320
0.58605320
0.58375567
0.58375567
0.58375567
0.58375567
0.58044647
0.58044647
0.58044647
0.58044647
0.57968474
0.57968474
0.57968474
0.57968474
0.57867037
0.57867037
0.57867037
0.57867037
0.57765757
0.57765757
0.57765757
0.57765757
0.56863098
0.56863098
0.56863098
0.56863098
0.56468397
0.56468397
0.56468397
0.56468397
0.56224210
0.56224210
0.56224210
0.56224210
0.56030392
0.56030392
0.56030392
0.56030392
0.56030392
0.56030392
0.56030392
0.56030392
0.55154441
0.55154441
0.55154441
0.55154441
0.54947135
0.54947135
0.54947135
0.54947135
0.54517943
0.54517943
0.54517943
0.54517943
0.53845084
0.53845084
0.53845084
0.53845084
0.53656742
0.53656742
0.53656742
0.53656742
0.53073567
0.53073567
0.53073567
0.53073567
0.53015419
0.53015419
0.53015419
0.53015419
0.52493920
0.52493920
0.52493920
0.52493920
0.52282733
0.52282733
0.52282733
0.52282733
0.51884029
0.51884029
0.51884029
0.51884029
0.51241198
0.51241198
0.51241198
0.51241198
0.50743298
0.50743298
0.50743298
0.50743298
0.50692002
0.50692002
0.50692002
0.50692002
0.50652221
0.50652221
0.50652221
0.50652221
0.50585314
0.50585314
0.50585314
0.50585314
0.50566835
0.50566835
0.50566835
0.50566835
0.50530731
0.50530731
0.50530731
0.50530731
0.50504403
0.50504403
0.50504403
0.50504403
0.50504403
0.50504403
0.50504403
0.50504403
0.50360092
0.50360092
0.50360092
0.50360092
0.50352767
0.50352767
0.50352767
0.50352767
0.50310361
0.50310361
0.50310361
0.50310361
0.50177730
0.50177730
0.50177730
0.50177730
0.50100156
0.50100156
0.50100156
0.50100156
0.50092472
0.50092472
0.50092472
0.50092472
0.50078017
0.50078017
0.50078017
0.50078017
0.50074594
0.50074594
0.50074594
0.50074594
0.50037060
0.50037060
0.50037060
0.50037060
