0.65228271
0.53250527
0.50096276
0.65837135
0.66416716
0.67764382
0.69931253
0.52079344
0.52458193
0.69433857
0.54697203
0.61785527
0.59501469
0.50478722
0.55694780
0.65713489
0.70070137
0.68281775
0.70440503
0.50061667
0.61760587
0.65163709
0.61435140
0.50000000
0.64902640
0.52029748
0.50478722
0.61031780
0.65734183
0.61885142
0.69547325
0.59040280
0.62963402
0.51743004
0.50862229
0.65588609
0.59911224
0.62009327
0.64024914
0.51727629
0.69567294
0.64858699
0.62672821
0.70440503
0.52146257
0.66180589
0.51321796
0.54166165
0.68776112
0.67128110
0.51074540
0.50104113
0.51099462
0.50162453
0.63606036
0.59040280
0.50264248
0.69625977
0.65959528
0.54970046
0.68626940
0.57387537
0.63322432
0.51025489
0.63862983
0.68281775
0.66666421
0.68868034
0.69701349
0.50120699
0.63059614
0.56615862
0.50034710
0.67392995
0.61660689
0.50055662
0.60829106
0.67427607
0.62842674
0.70184051
0.52029748
0.56394927
0.70479097
0.52180046
0.60930518
0.68221665
0.52369796
0.51636632
0.69188654
0.57867037
0.58095473
0.51013392
0.55623493
0.59245225
0.52300038
0.61435140
0.61835363
0.67910290
0.61107622
0.69176935
0.61107622
0.61031780
0.60930518
0.60829106
0.59911224
0.59501469
0.59245225
0.59040280
0.59040280
0.58095473
0.57867037
0.57387537
0.56615862
0.56394927
0.55694780
0.55623493
0.54970046
0.54697203
0.54166165
0.53250527
0.52458193
0.52369796
0.52300038
0.52180046
0.52146257
0.52079344
0.52029748
0.52029748
0.51743004
0.51727629
0.51636632
0.51321796
0.51099462
0.51074540
0.51025489
0.51013392
0.50862229
0.50478722
0.50478722
0.50264248
0.50162453
0.50120699
0.50104113
0.50096276
0.50061667
0.50055662
0.50034710
0.50000000
0.70479097
0.70440503
0.70440503
0.70184051
0.70070137
0.69931253
0.69701349
0.69625977
0.69567294
0.69547325
0.69433857
0.69188654
0.69176935
0.68868034
0.68776112
0.68626940
0.68281775
0.68281775
0.68221665
0.67910290
0.67764382
0.67427607
0.67392995
0.67128110
0.66666421
0.66416716
0.66180589
0.65959528
0.65837135
0.65734183
0.65713489
0.65588609
0.65228271
0.65163709
0.64902640
0.64858699
0.64024914
0.63862983
0.63606036
0.63322432
0.63059614
0.62963402
0.62842674
0.62672821
0.62009327
0.61885142
0.61835363
0.61785527
0.61760587
0.61660689
0.61435140
0.61435140
0.61107622
0.61107622
0.61031780
0.61031780
0.60930518
0.60930518
0.60829106
0.60829106
0.59911224
0.59911224
0.59501469
0.59501469
0.59245225
0.59245225
0.59040280
0.59040280
0.59040280
0.59040280
0.58095473
0.58095473
0.57867037
0.57867037
0.57387537
0.57387537
0.56615862
0.56615862
0.56394927
0.56394927
0.55694780
0.55694780
0.55623493
0.55623493
0.54970046
0.54970046
0.54697203
0.54697203
0.54166165
0.54166165
0.53250527
0.53250527
0.52458193
0.52458193
0.52369796
0.52369796
0.52300038
0.52300038
0.52180046
0.52180046
0.52146257
0.52146257
0.52079344
0.52079344
0.52029748
0.52029748
0.52029748
0.52029748
0.51743004
0.51743004
0.51727629
0.51727629
0.51636632
0.51636632
0.51321796
0.51321796
0.51099462
0.51099462
0.51074540
0.51074540
0.51025489
0.51025489
0.51013392
0.51013392
0.50862229
0.50862229
0.50478722
0.50478722
0.50478722
0.50478722
0.50264248
0.50264248
0.50162453
0.50162453
0.50120699
0.50120699
0.50104113
0.50104113
0.50096276
0.50096276
0.50061667
0.50061667
0.50055662
0.50055662
0.50034710
0.50034710
0.50000000
0.50000000
0.70479097
0.70479097
0.70440503
0.70440503
0.70440503
0.70440503
0.70184051
0.70184051
0.70070137
0.70070137
0.69931253
0.69931253
0.69701349
0.69701349
0.69625977
0.69625977
0.69567294
0.69567294
0.69547325
0.69547325
0.69433857
0.69433857
0.69188654
0.69188654
0.69176935
0.69176935
0.68868034
0.68868034
0.68776112
0.68776112
0.68626940
0.68626940
0.68281775
0.68281775
0.68281775
0.68281775
0.68221665
0.68221665
0.67910290
0.67910290
0.67764382
0.67764382
0.67427607
0.67427607
0.67392995
0.67392995
0.67128110
0.67128110
0.66666421
0.66666421
0.66416716
0.66416716
0.66180589
0.66180589
0.65959528
0.65959528
0.65837135
0.65837135
0.65734183
0.65734183
0.65713489
0.65713489
0.65588609
0.65588609
0.65228271
0.65228271
0.65163709
0.65163709
0.64902640
0.64902640
0.64858699
0.64858699
0.64024914
0.64024914
0.63862983
0.63862983
0.63606036
0.63606036
0.63322432
0.63322432
0.63059614
0.63059614
0.62963402
0.62963402
0.62842674
0.62842674
0.62672821
0.62672821
0.62009327
0.62009327
0.61885142
0.61885142
0.61835363
0.61835363
0.61785527
0.61785527
0.61760587
0.61760587
0.61660689
0.61660689
0.61435140
0.61435140
0.61435140
0.61435140
0.61107622
0.61107622
0.61107622
0.61107622
0.61031780
0.61031780
0.61031780
0.61031780
0.60930518
0.60930518
0.60930518
0.60930518
0.60829106
0.60829106
0.60829106
0.60829106
0.59911224
0.59911224
0.59911224
0.59911224
0.59501469
0.59501469
0.59501469
0.59501469
0.59245225
0.59245225
0.59245225
0.59245225
0.59040280
0.59040280
0.59040280
0.59040280
0.59040280
0.59040280
0.59040280
0.59040280
0.58095473
0.58095473
0.58095473
0.58095473
0.57867037
0.57867037
0.57867037
0.57867037
0.57387537
0.57387537
0.57387537
0.57387537
0.56615862
0.56615862
0.56615862
0.56615862
0.56394927
0.56394927
0.56394927
0.56394927
0.55694780
0.55694780
0.55694780
0.55694780
0.55623493
0.55623493
0.55623493
0.55623493
0.54970046
0.54970046
0.54970046
0.54970046
0.54697203
0.54697203
0.54697203
0.54697203
0.54166165
0.54166165
0.54166165
0.54166165
0.53250527
0.53250527
0.53250527
0.53250527
0.52458193
0.52458193
0.52458193
0.52458193
0.52369796
0.52369796
0.52369796
0.52369796
0.52300038
0.52300038
0.52300038
0.52300038
0.52180046
0.52180046
0.52180046
0.52180046
0.52146257
0.52146257
0.52146257
0.52146257
0.52079344
0.52079344
0.52079344
0.52079344
0.52029748
0.52029748
0.52029748
0.52029748
0.52029748
0.52029748
0.52029748
0.52029748
0.51743004
0.51743004
0.51743004
0.51743004
0.51727629
0.51727629
0.51727629
0.51727629
0.51636632
0.51636632
0.51636632
0.51636632
0.51321796
0.51321796
0.51321796
0.51321796
0.51099462
0.51099462
0.51099462
0.51099462
0.51074540
0.51074540
0.51074540
0.51074540
0.51025489
0.51025489
0.51025489
0.51025489
0.51013392
0.51013392
0.51013392
0.51013392
0.50862229
0.50862229
0.50862229
0.50862229
0.50478722
0.50478722
0.50478722
0.50478722
0.50478722
0.50478722
0.50478722
0.50478722
0.50264248
0.50264248
0.50264248
0.50264248
0.50162453
0.50162453
0.50162453
0.50162453
0.50120699
0.50120699
0.50120699
0.50120699
0.50104113
0.50104113
0.50104113
0.50104113
0.50096276
0.50096276
0.50096276
0.50096276
0.50061667
0.50061667
0.50061667
0.50061667
0.50055662
0.50055662
0.50055662
0.50055662
0.50034710
0.50034710
0.50034710
0.50034710
0.50000000
0.50000000
0.50000000
0.50000000
