0.65857622
0.53866215
0.50245599
0.66436151
0.66983077
0.68236761
0.70141803
0.52602350
0.53015419
0.69728763
0.55387581
0.62526487
0.60269085
0.50764302
0.56419397
0.66318977
0.70250372
0.68709018
0.70492424
0.50188292
0.62502034
0.65796058
0.62182533
0.50034710
0.65546712
0.52547903
0.50764302
0.61785527
0.66338599
0.62624118
0.69825296
0.59808840
0.63676406
0.52231144
0.51227989
0.66200469
0.60676728
0.62745732
0.64703957
0.52214057
0.69842171
0.65504681
0.63393645
0.70492424
0.52675663
0.66760733
0.51758438
0.54833047
0.69153350
0.67648460
0.51475468
0.50257958
0.51504219
0.50345516
0.64299518
0.59808840
0.50487211
0.69891546
0.66551972
0.55670992
0.69020114
0.58146332
0.64024914
0.51418711
0.64547773
0.68709018
0.67217436
0.69235032
0.69954447
0.50283566
0.63769893
0.57362420
0.50138499
0.67894254
0.62404039
0.50177730
0.61585623
0.67926283
0.63559002
0.70335327
0.52547903
0.57136987
0.50000154
0.52712623
0.61685684
0.68654488
0.52919457
0.52112689
0.69516988
0.58630875
0.58861060
0.51404677
0.56346048
0.60013555
0.52843557
0.62182533
0.62575340
0.68370568
0.61860260
0.69506774
0.61860260
0.61785527
0.61685684
0.61585623
0.60676728
0.60269085
0.60013555
0.59808840
0.59808840
0.58861060
0.58630875
0.58146332
0.57362420
0.57136987
0.56419397
0.56346048
0.55670992
0.55387581
0.54833047
0.53866215
0.53015419
0.52919457
0.52843557
0.52712623
0.52675663
0.52602350
0.52547903
0.52547903
0.52231144
0.52214057
0.52112689
0.51758438
0.51504219
0.51475468
0.51418711
0.51404677
0.51227989
0.50764302
0.50764302
0.50487211
0.50345516
0.50283566
0.50257958
0.50245599
0.50188292
0.50177730
0.50138499
0.50034710
0.50000154
0.70492424
0.70492424
0.70335327
0.70250372
0.70141803
0.69954447
0.69891546
0.69842171
0.69825296
0.69728763
0.69516988
0.69506774
0.69235032
0.69153350
0.69020114
0.68709018
0.68709018
0.68654488
0.68370568
0.68236761
0.67926283
0.67894254
0.67648460
0.67217436
0.66983077
0.66760733
0.66551972
0.66436151
0.66338599
0.66318977
0.66200469
0.65857622
0.65796058
0.65546712
0.65504681
0.64703957
0.64547773
0.64299518
0.64024914
0.63769893
0.63676406
0.63559002
0.63393645
0.62745732
0.62624118
0.62575340
0.62526487
0.62502034
0.62404039
0.62182533
0.62182533
0.61860260
0.61860260
0.61785527
0.61785527
0.61685684
0.61685684
0.61585623
0.61585623
0.60676728
0.60676728
0.60269085
0.60269085
0.60013555
0.60013555
0.59808840
0.59808840
0.59808840
0.59808840
0.58861060
0.58861060
0.58630875
0.58630875
0.58146332
0.58146332
0.57362420
0.57362420
0.57136987
0.57136987
0.56419397
0.56419397
0.56346048
0.56346048
0.55670992
0.55670992
0.55387581
0.55387581
0.54833047
0.54833047
0.53866215
0.53866215
0.53015419
0.53015419
0.52919457
0.52919457
0.52843557
0.52843557
0.52712623
0.52712623
0.52675663
0.52675663
0.52602350
0.52602350
0.52547903
0.52547903
0.52547903
0.52547903
0.52231144
0.52231144
0.52214057
0.52214057
0.52112689
0.52112689
0.51758438
0.51758438
0.51504219
0.51504219
0.51475468
0.51475468
0.51418711
0.51418711
0.51404677
0.51404677
0.51227989
0.51227989
0.50764302
0.50764302
0.50764302
0.50764302
0.50487211
0.50487211
0.50345516
0.50345516
0.50283566
0.50283566
0.50257958
0.50257958
0.50245599
0.50245599
0.50188292
0.50188292
0.50177730
0.50177730
0.50138499
0.50138499
0.50034710
0.50034710
0.50000154
0.50000154
0.70492424
0.70492424
0.70492424
0.70492424
0.70335327
0.70335327
0.70250372
0.70250372
0.70141803
0.70141803
0.69954447
0.69954447
0.69891546
0.69891546
0.69842171
0.69842171
0.69825296
0.69825296
0.69728763
0.69728763
0.69516988
0.69516988
0.69506774
0.69506774
0.69235032
0.69235032
0.69153350
0.69153350
0.69020114
0.69020114
0.68709018
0.68709018
0.68709018
0.68709018
0.68654488
0.68654488
0.68370568
0.68370568
0.68236761
0.68236761
0.67926283
0.67926283
0.67894254
0.67894254
0.67648460
0.67648460
0.67217436
0.67217436
0.66983077
0.66983077
0.66760733
0.66760733
0.66551972
0.66551972
0.66436151
0.66436151
0.66338599
0.66338599
0.66318977
0.66318977
0.66200469
0.66200469
0.65857622
0.65857622
0.65796058
0.65796058
0.65546712
0.65546712
0.65504681
0.65504681
0.64703957
0.64703957
0.64547773
0.64547773
0.64299518
0.64299518
0.64024914
0.64024914
0.63769893
0.63769893
0.63676406
0.63676406
0.63559002
0.63559002
0.63393645
0.63393645
0.62745732
0.62745732
0.62624118
0.62624118
0.62575340
0.62575340
0.62526487
0.62526487
0.62502034
0.62502034
0.62404039
0.62404039
0.62182533
0.62182533
0.62182533
0.62182533
0.61860260
0.61860260
0.61860260
0.61860260
0.61785527
0.61785527
0.61785527
0.61785527
0.61685684
0.61685684
0.61685684
0.61685684
0.61585623
0.61585623
0.61585623
0.61585623
0.60676728
0.60676728
0.60676728
0.60676728
0.60269085
0.60269085
0.60269085
0.60269085
0.60013555
0.60013555
0.60013555
0.60013555
0.59808840
0.59808840
0.59808840
0.59808840
0.59808840
0.59808840
0.59808840
0.59808840
0.58861060
0.58861060
0.58861060
0.58861060
0.58630875
0.58630875
0.58630875
0.58630875
0.58146332
0.58146332
0.58146332
0.58146332
0.57362420
0.57362420
0.57362420
0.57362420
0.57136987
0.57136987
0.57136987
0.57136987
0.56419397
0.56419397
0.56419397
0.56419397
0.56346048
0.56346048
0.56346048
0.56346048
0.55670992
0.55670992
0.55670992
0.55670992
0.55387581
0.55387581
0.55387581
0.55387581
0.54833047
0.54833047
0.54833047
0.54833047
0.53866215
0.53866215
0.53866215
0.53866215
0.53015419
0.53015419
0.53015419
0.53015419
0.52919457
0.52919457
0.52919457
0.52919457
0.52843557
0.52843557
0.52843557
0.52843557
0.52712623
0.52712623
0.52712623
0.52712623
0.52675663
0.52675663
0.52675663
0.52675663
0.52602350
0.52602350
0.52602350
0.52602350
0.52547903
0.52547903
0.52547903
0.52547903
0.52547903
0.52547903
0.52547903
0.52547903
0.52231144
0.52231144
0.52231144
0.52231144
0.52214057
0.52214057
0.52214057
0.52214057
0.52112689
0.52112689
0.52112689
0.52112689
0.51758438
0.51758438
0.51758438
0.51758438
0.51504219
0.51504219
0.51504219
0.51504219
0.51475468
0.51475468
0.51475468
0.51475468
0.51418711
0.51418711
0.51418711
0.51418711
0.51404677
0.51404677
0.51404677
0.51404677
0.51227989
0.51227989
0.51227989
0.51227989
0.50764302
0.50764302
0.50764302
0.50764302
0.50764302
0.50764302
0.50764302
0.50764302
0.50487211
0.50487211
0.50487211
0.50487211
0.50345516
0.50345516
0.50345516
0.50345516
0.50283566
0.50283566
0.50283566
0.50283566
0.50257958
0.50257958
0.50257958
0.50257958
0.50245599
0.50245599
0.50245599
0.50245599
0.50188292
0.50188292
0.50188292
0.50188292
0.50177730
0.50177730
0.50177730
0.50177730
0.50138499
0.50138499
0.50138499
0.50138499
0.50034710
0.50034710
0.50034710
0.50034710
0.50000154
0.50000154
0.50000154
0.50000154
