0.53751198
0.69684711
0.65843735
0.54373666
0.55017982
0.56825320
0.61309361
0.68987433
0.69249687
0.59931154
0.70198085
0.51203871
0.50303551
0.67043962
0.70393482
0.54225787
0.61786852
0.57649917
0.63708728
0.65624581
0.51194732
0.53680088
0.51029435
0.64773393
0.53433983
0.68941898
0.67032267
0.50839988
0.54249201
0.51258730
0.60218251
0.50193685
0.51905914
0.68706315
0.67712194
0.54113843
0.50421326
0.51323360
0.52686154
0.68700560
0.60282418
0.53403567
0.51708987
0.63704508
0.69029035
0.54742209
0.68305352
0.70043577
0.58539713
0.55911592
0.68008806
0.65876449
0.68042578
0.66149199
0.52346086
0.50193685
0.66487703
0.60415802
0.54498848
0.70260885
0.58243943
0.50001389
0.52144614
0.67937974
0.52550765
0.57638428
0.55312950
0.58717244
0.60633007
0.65968822
0.51969762
0.70483515
0.65422095
0.56267978
0.51144004
0.65598165
0.50753765
0.56325027
0.51830452
0.62227883
0.68945379
0.70469292
0.64140832
0.69061667
0.50796327
0.57554006
0.69184613
0.68618176
0.59380565
0.50024110
0.50044572
0.67928896
0.70381995
0.50239532
0.69147864
0.51021705
0.51225848
0.57040749
0.50873452
0.59362355
0.50873452
0.50839988
0.50796327
0.50753765
0.50421326
0.50303551
0.50239532
0.50193685
0.50193685
0.50044572
0.50024110
0.50001389
