0.65441385
0.53451454
0.50138499
0.66040416
0.66609369
0.67926283
0.70006725
0.52248286
0.52638905
0.69537263
0.54924254
0.62034118
0.59757631
0.50566835
0.55934024
0.65918871
0.70135554
0.68428842
0.70463272
0.50096276
0.62009327
0.65377793
0.61685684
0.50003859
0.65120510
0.52197024
0.50566835
0.61284216
0.65939217
0.62133126
0.69645129
0.59296473
0.63203296
0.51899991
0.50977500
0.65796058
0.60166930
0.62256521
0.64254020
0.51884029
0.69664075
0.65077184
0.62915172
0.70463272
0.52317397
0.66377732
0.51461186
0.54384947
0.68906708
0.67305734
0.51201764
0.50147854
0.51227989
0.50216010
0.63839748
0.59296473
0.50331233
0.69719677
0.66160673
0.55200838
0.68762788
0.57639393
0.63559002
0.51150092
0.64093925
0.68428842
0.66854068
0.68995253
0.69790920
0.50167470
0.63298649
0.56863098
0.50061667
0.67564367
0.61910009
0.50088744
0.61082351
0.67598133
0.63083615
0.70239855
0.52197024
0.56640505
0.70491486
0.52352276
0.61183370
0.68370568
0.52547903
0.51789484
0.69303109
0.58120898
0.58350069
0.51137336
0.55861996
0.59501469
0.52476030
0.61685684
0.62083654
0.68068217
0.61359731
0.69291888
0.61359731
0.61284216
0.61183370
0.61082351
0.60166930
0.59757631
0.59501469
0.59296473
0.59296473
0.58350069
0.58120898
0.57639393
0.56863098
0.56640505
0.55934024
0.55861996
0.55200838
0.54924254
0.54384947
0.53451454
0.52638905
0.52547903
0.52476030
0.52352276
0.52317397
0.52248286
0.52197024
0.52197024
0.51899991
0.51884029
0.51789484
0.51461186
0.51227989
0.51201764
0.51150092
0.51137336
0.50977500
0.50566835
0.50566835
0.50331233
0.50216010
0.50167470
0.50147854
0.50138499
0.50096276
0.50088744
0.50061667
0.50003859
0.70491486
0.70463272
0.70463272
0.70239855
0.70135554
0.70006725
0.69790920
0.69719677
0.69664075
0.69645129
0.69537263
0.69303109
0.69291888
0.68995253
0.68906708
0.68762788
0.68428842
0.68428842
0.68370568
0.68068217
0.67926283
0.67598133
0.67564367
0.67305734
0.66854068
0.66609369
0.66377732
0.66160673
0.66040416
0.65939217
0.65918871
0.65796058
0.65441385
0.65377793
0.65120510
0.65077184
0.64254020
0.64093925
0.63839748
0.63559002
0.63298649
0.63203296
0.63083615
0.62915172
0.62256521
0.62133126
0.62083654
0.62034118
0.62009327
0.61910009
0.61685684
0.61685684
0.61359731
0.61359731
0.61284216
0.61284216
0.61183370
0.61183370
0.61082351
0.61082351
0.60166930
0.60166930
0.59757631
0.59757631
0.59501469
0.59501469
0.59296473
0.59296473
0.59296473
0.59296473
0.58350069
0.58350069
0.58120898
0.58120898
0.57639393
0.57639393
0.56863098
0.56863098
0.56640505
0.56640505
0.55934024
0.55934024
0.55861996
0.55861996
0.55200838
0.55200838
0.54924254
0.54924254
0.54384947
0.54384947
0.53451454
0.53451454
0.52638905
0.52638905
0.52547903
0.52547903
0.52476030
0.52476030
0.52352276
0.52352276
0.52317397
0.52317397
0.52248286
0.52248286
0.52197024
0.52197024
0.52197024
0.52197024
0.51899991
0.51899991
0.51884029
0.51884029
0.51789484
0.51789484
0.51461186
0.51461186
0.51227989
0.51227989
0.51201764
0.51201764
0.51150092
0.51150092
0.51137336
0.51137336
0.50977500
0.50977500
0.50566835
0.50566835
0.50566835
0.50566835
0.50331233
0.50331233
0.50216010
0.50216010
0.50167470
0.50167470
0.50147854
0.50147854
0.50138499
0.50138499
0.50096276
0.50096276
0.50088744
0.50088744
0.50061667
0.50061667
0.50003859
0.50003859
0.70491486
0.70491486
0.70463272
0.70463272
0.70463272
0.70463272
0.70239855
0.70239855
0.70135554
0.70135554
0.70006725
0.70006725
0.69790920
0.69790920
0.69719677
0.69719677
0.69664075
0.69664075
0.69645129
0.69645129
0.69537263
0.69537263
0.69303109
0.69303109
0.69291888
0.69291888
0.68995253
0.68995253
0.68906708
0.68906708
0.68762788
0.68762788
0.68428842
0.68428842
0.68428842
0.68428842
0.68370568
0.68370568
0.68068217
0.68068217
0.67926283
0.67926283
0.67598133
0.67598133
0.67564367
0.67564367
0.67305734
0.67305734
0.66854068
0.66854068
0.66609369
0.66609369
0.66377732
0.66377732
0.66160673
0.66160673
0.66040416
0.66040416
0.65939217
0.65939217
0.65918871
0.65918871
0.65796058
0.65796058
0.65441385
0.65441385
0.65377793
0.65377793
0.65120510
0.65120510
0.65077184
0.65077184
0.64254020
0.64254020
0.64093925
0.64093925
0.63839748
0.63839748
0.63559002
0.63559002
0.63298649
0.63298649
0.63203296
0.63203296
0.63083615
0.63083615
0.62915172
0.62915172
0.62256521
0.62256521
0.62133126
0.62133126
0.62083654
0.62083654
0.62034118
0.62034118
0.62009327
0.62009327
0.61910009
0.61910009
0.61685684
0.61685684
0.61685684
0.61685684
0.61359731
0.61359731
0.61359731
0.61359731
0.61284216
0.61284216
0.61284216
0.61284216
0.61183370
0.61183370
0.61183370
0.61183370
0.61082351
0.61082351
0.61082351
0.61082351
0.60166930
0.60166930
0.60166930
0.60166930
0.59757631
0.59757631
0.59757631
0.59757631
0.59501469
0.59501469
0.59501469
0.59501469
0.59296473
0.59296473
0.59296473
0.59296473
0.59296473
0.59296473
0.59296473
0.59296473
0.58350069
0.58350069
0.58350069
0.58350069
0.58120898
0.58120898
0.58120898
0.58120898
0.57639393
0.57639393
0.57639393
0.57639393
0.56863098
0.56863098
0.56863098
0.56863098
0.56640505
0.56640505
0.56640505
0.56640505
0.55934024
0.55934024
0.55934024
0.55934024
0.55861996
0.55861996
0.55861996
0.55861996
0.55200838
0.55200838
0.55200838
0.55200838
0.54924254
0.54924254
0.54924254
0.54924254
0.54384947
0.54384947
0.54384947
0.54384947
0.53451454
0.53451454
0.53451454
0.53451454
0.52638905
0.52638905
0.52638905
0.52638905
0.52547903
0.52547903
0.52547903
0.52547903
0.52476030
0.52476030
0.52476030
0.52476030
0.52352276
0.52352276
0.52352276
0.52352276
0.52317397
0.52317397
0.52317397
0.52317397
0.52248286
0.52248286
0.52248286
0.52248286
0.52197024
0.52197024
0.52197024
0.52197024
0.52197024
0.52197024
0.52197024
0.52197024
0.51899991
0.51899991
0.51899991
0.51899991
0.51884029
0.51884029
0.51884029
0.51884029
0.51789484
0.51789484
0.51789484
0.51789484
0.51461186
0.51461186
0.51461186
0.51461186
0.51227989
0.51227989
0.51227989
0.51227989
0.51201764
0.51201764
0.51201764
0.51201764
0.51150092
0.51150092
0.51150092
0.51150092
0.51137336
0.51137336
0.51137336
0.51137336
0.50977500
0.50977500
0.50977500
0.50977500
0.50566835
0.50566835
0.50566835
0.50566835
0.50566835
0.50566835
0.50566835
0.50566835
0.50331233
0.50331233
0.50331233
0.50331233
0.50216010
0.50216010
0.50216010
0.50216010
0.50167470
0.50167470
0.50167470
0.50167470
0.50147854
0.50147854
0.50147854
0.50147854
0.50138499
0.50138499
0.50138499
0.50138499
0.50096276
0.50096276
0.50096276
0.50096276
0.50088744
0.50088744
0.50088744
0.50088744
0.50061667
0.50061667
0.50061667
0.50061667
0.50003859
0.50003859
0.50003859
0.50003859
