0.65011962
0.53054137
0.50061667
0.65630371
0.66220312
0.67598133
0.69850531
0.51916010
0.52282733
0.69325402
0.54473470
0.61535513
0.59245225
0.50397816
0.55458072
0.65504681
0.69999415
0.68130138
0.70412282
0.50034710
0.61510438
0.64946461
0.61183370
0.70497458
0.64681732
0.51868126
0.50397816
0.60778347
0.65525713
0.61635680
0.69444426
0.58784296
0.62721448
0.51591946
0.50753765
0.65377793
0.59655186
0.61760587
0.63793203
0.51577172
0.69465411
0.64637195
0.62428564
0.70412282
0.51980661
0.65979803
0.51188749
0.53951135
0.68640738
0.66946416
0.50953907
0.50067978
0.50977500
0.50116438
0.63369930
0.58784296
0.50204698
0.69527151
0.65754842
0.54742354
0.68486375
0.57136987
0.63083615
0.50907527
0.63629516
0.68130138
0.66474910
0.68735999
0.69606621
0.50081516
0.62818468
0.56370477
0.50015433
0.67217436
0.61410016
0.50030239
0.60574983
0.67252879
0.62599738
0.70122896
0.51868126
0.56151363
0.70461241
0.52013329
0.60676728
0.68068217
0.52197024
0.51489813
0.69069250
0.57614154
0.57841702
0.50896101
0.55387581
0.58989061
0.52129445
0.61183370
0.61585623
0.67747952
0.60854473
0.69057039
0.60854473
0.60778347
0.60676728
0.60574983
0.59655186
0.59245225
0.58989061
0.58784296
0.58784296
0.57841702
0.57614154
0.57136987
0.56370477
0.56151363
0.55458072
0.55387581
0.54742354
0.54473470
0.53951135
0.53054137
0.52282733
0.52197024
0.52129445
0.52013329
0.51980661
0.51916010
0.51868126
0.51868126
0.51591946
0.51577172
0.51489813
0.51188749
0.50977500
0.50953907
0.50907527
0.50896101
0.50753765
0.50397816
0.50397816
0.50204698
0.50116438
0.50081516
0.50067978
0.50061667
0.50034710
0.50030239
0.50015433
0.70497458
0.70461241
0.70412282
0.70412282
0.70122896
0.69999415
0.69850531
0.69606621
0.69527151
0.69465411
0.69444426
0.69325402
0.69069250
0.69057039
0.68735999
0.68640738
0.68486375
0.68130138
0.68130138
0.68068217
0.67747952
0.67598133
0.67252879
0.67217436
0.66946416
0.66474910
0.66220312
0.65979803
0.65754842
0.65630371
0.65525713
0.65504681
0.65377793
0.65011962
0.64946461
0.64681732
0.64637195
0.63793203
0.63629516
0.63369930
0.63083615
0.62818468
0.62721448
0.62599738
0.62428564
0.61760587
0.61635680
0.61585623
0.61535513
0.61510438
0.61410016
0.61183370
0.61183370
0.60854473
0.60854473
0.60778347
0.60778347
0.60676728
0.60676728
0.60574983
0.60574983
0.59655186
0.59655186
0.59245225
0.59245225
0.58989061
0.58989061
0.58784296
0.58784296
0.58784296
0.58784296
0.57841702
0.57841702
0.57614154
0.57614154
0.57136987
0.57136987
0.56370477
0.56370477
0.56151363
0.56151363
0.55458072
0.55458072
0.55387581
0.55387581
0.54742354
0.54742354
0.54473470
0.54473470
0.53951135
0.53951135
0.53054137
0.53054137
0.52282733
0.52282733
0.52197024
0.52197024
0.52129445
0.52129445
0.52013329
0.52013329
0.51980661
0.51980661
0.51916010
0.51916010
0.51868126
0.51868126
0.51868126
0.51868126
0.51591946
0.51591946
0.51577172
0.51577172
0.51489813
0.51489813
0.51188749
0.51188749
0.50977500
0.50977500
0.50953907
0.50953907
0.50907527
0.50907527
0.50896101
0.50896101
0.50753765
0.50753765
0.50397816
0.50397816
0.50397816
0.50397816
0.50204698
0.50204698
0.50116438
0.50116438
0.50081516
0.50081516
0.50067978
0.50067978
0.50061667
0.50061667
0.50034710
0.50034710
0.50030239
0.50030239
0.50015433
0.50015433
0.70497458
0.70497458
0.70461241
0.70461241
0.70412282
0.70412282
0.70412282
0.70412282
0.70122896
0.70122896
0.69999415
0.69999415
0.69850531
0.69850531
0.69606621
0.69606621
0.69527151
0.69527151
0.69465411
0.69465411
0.69444426
0.69444426
0.69325402
0.69325402
0.69069250
0.69069250
0.69057039
0.69057039
0.68735999
0.68735999
0.68640738
0.68640738
0.68486375
0.68486375
0.68130138
0.68130138
0.68130138
0.68130138
0.68068217
0.68068217
0.67747952
0.67747952
0.67598133
0.67598133
0.67252879
0.67252879
0.67217436
0.67217436
0.66946416
0.66946416
0.66474910
0.66474910
0.66220312
0.66220312
0.65979803
0.65979803
0.65754842
0.65754842
0.65630371
0.65630371
0.65525713
0.65525713
0.65504681
0.65504681
0.65377793
0.65377793
0.65011962
0.65011962
0.64946461
0.64946461
0.64681732
0.64681732
0.64637195
0.64637195
0.63793203
0.63793203
0.63629516
0.63629516
0.63369930
0.63369930
0.63083615
0.63083615
0.62818468
0.62818468
0.62721448
0.62721448
0.62599738
0.62599738
0.62428564
0.62428564
0.61760587
0.61760587
0.61635680
0.61635680
0.61585623
0.61585623
0.61535513
0.61535513
0.61510438
0.61510438
0.61410016
0.61410016
0.61183370
0.61183370
0.61183370
0.61183370
0.60854473
0.60854473
0.60854473
0.60854473
0.60778347
0.60778347
0.60778347
0.60778347
0.60676728
0.60676728
0.60676728
0.60676728
0.60574983
0.60574983
0.60574983
0.60574983
0.59655186
0.59655186
0.59655186
0.59655186
0.59245225
0.59245225
0.59245225
0.59245225
0.58989061
0.58989061
0.58989061
0.58989061
0.58784296
0.58784296
0.58784296
0.58784296
0.58784296
0.58784296
0.58784296
0.58784296
0.57841702
0.57841702
0.57841702
0.57841702
0.57614154
0.57614154
0.57614154
0.57614154
0.57136987
0.57136987
0.57136987
0.57136987
0.56370477
0.56370477
0.56370477
0.56370477
0.56151363
0.56151363
0.56151363
0.56151363
0.55458072
0.55458072
0.55458072
0.55458072
0.55387581
0.55387581
0.55387581
0.55387581
0.54742354
0.54742354
0.54742354
0.54742354
0.54473470
0.54473470
0.54473470
0.54473470
0.53951135
0.53951135
0.53951135
0.53951135
0.53054137
0.53054137
0.53054137
0.53054137
0.52282733
0.52282733
0.52282733
0.52282733
0.52197024
0.52197024
0.52197024
0.52197024
0.52129445
0.52129445
0.52129445
0.52129445
0.52013329
0.52013329
0.52013329
0.52013329
0.51980661
0.51980661
0.51980661
0.51980661
0.51916010
0.51916010
0.51916010
0.51916010
0.51868126
0.51868126
0.51868126
0.51868126
0.51868126
0.51868126
0.51868126
0.51868126
0.51591946
0.51591946
0.51591946
0.51591946
0.51577172
0.51577172
0.51577172
0.51577172
0.51489813
0.51489813
0.51489813
0.51489813
0.51188749
0.51188749
0.51188749
0.51188749
0.50977500
0.50977500
0.50977500
0.50977500
0.50953907
0.50953907
0.50953907
0.50953907
0.50907527
0.50907527
0.50907527
0.50907527
0.50896101
0.50896101
0.50896101
0.50896101
0.50753765
0.50753765
0.50753765
0.50753765
0.50397816
0.50397816
0.50397816
0.50397816
0.50397816
0.50397816
0.50397816
0.50397816
0.50204698
0.50204698
0.50204698
0.50204698
0.50116438
0.50116438
0.50116438
0.50116438
0.50081516
0.50081516
0.50081516
0.50081516
0.50067978
0.50067978
0.50067978
0.50067978
0.50061667
0.50061667
0.50061667
0.50061667
0.50034710
0.50034710
0.50034710
0.50034710
0.50030239
0.50030239
0.50030239
0.50030239
0.50015433
0.50015433
0.50015433
0.50015433
