0.64344907
0.52493920
0.50003859
0.64990159
0.65609507
0.67074026
0.69577203
0.51461186
0.51789484
0.68970197
0.53823994
0.60778347
0.58477623
0.50199154
0.54764978
0.64858699
0.69755713
0.67648460
0.70295034
0.50000000
0.60752955
0.64276783
0.60422149
0.70457015
0.64001858
0.51418711
0.50199154
0.60013555
0.64880685
0.60879830
0.69105588
0.58019247
0.61984520
0.51175798
0.50470306
0.64726152
0.58886654
0.61006479
0.63083615
0.51162912
0.69129567
0.63955669
0.61685684
0.70295034
0.51518687
0.65356530
0.50828970
0.53330363
0.68206524
0.66377732
0.50632752
0.50005557
0.50652221
0.50024110
0.62648479
0.58019247
0.50071248
0.69200323
0.65120510
0.54079692
0.68036988
0.56394927
0.62354935
0.50594660
0.62915172
0.67648460
0.65878073
0.68311556
0.69291888
0.50009879
0.62083654
0.55647230
0.70497458
0.66666421
0.60651303
0.70499927
0.59808840
0.66704262
0.61860260
0.69907586
0.51418711
0.55434547
0.70374956
0.51547807
0.59911224
0.67581272
0.51712313
0.51086968
0.68681848
0.56863098
0.57087049
0.50585314
0.54697203
0.58222678
0.51651648
0.60422149
0.60829106
0.67235178
0.60090262
0.68668192
0.60090262
0.60013555
0.59911224
0.59808840
0.58886654
0.58477623
0.58222678
0.58019247
0.58019247
0.57087049
0.56863098
0.56394927
0.55647230
0.55434547
0.54764978
0.54697203
0.54079692
0.53823994
0.53330363
0.52493920
0.51789484
0.51712313
0.51651648
0.51547807
0.51518687
0.51461186
0.51418711
0.51418711
0.51175798
0.51162912
0.51086968
0.50828970
0.50652221
0.50632752
0.50594660
0.50585314
0.50470306
0.50199154
0.50199154
0.50071248
0.50024110
0.50009879
0.50005557
0.50003859
0.50000000
0.70499927
0.70497458
0.70457015
0.70374956
0.70295034
0.70295034
0.69907586
0.69755713
0.69577203
0.69291888
0.69200323
0.69129567
0.69105588
0.68970197
0.68681848
0.68668192
0.68311556
0.68206524
0.68036988
0.67648460
0.67648460
0.67581272
0.67235178
0.67074026
0.66704262
0.66666421
0.66377732
0.65878073
0.65609507
0.65356530
0.65120510
0.64990159
0.64880685
0.64858699
0.64726152
0.64344907
0.64276783
0.64001858
0.63955669
0.63083615
0.62915172
0.62648479
0.62354935
0.62083654
0.61984520
0.61860260
0.61685684
0.61006479
0.60879830
0.60829106
0.60778347
0.60752955
0.60651303
0.60422149
0.60422149
0.60090262
0.60090262
0.60013555
0.60013555
0.59911224
0.59911224
0.59808840
0.59808840
0.58886654
0.58886654
0.58477623
0.58477623
0.58222678
0.58222678
0.58019247
0.58019247
0.58019247
0.58019247
0.57087049
0.57087049
0.56863098
0.56863098
0.56394927
0.56394927
0.55647230
0.55647230
0.55434547
0.55434547
0.54764978
0.54764978
0.54697203
0.54697203
0.54079692
0.54079692
0.53823994
0.53823994
0.53330363
0.53330363
0.52493920
0.52493920
0.51789484
0.51789484
0.51712313
0.51712313
0.51651648
0.51651648
0.51547807
0.51547807
0.51518687
0.51518687
0.51461186
0.51461186
0.51418711
0.51418711
0.51418711
0.51418711
0.51175798
0.51175798
0.51162912
0.51162912
0.51086968
0.51086968
0.50828970
0.50828970
0.50652221
0.50652221
0.50632752
0.50632752
0.50594660
0.50594660
0.50585314
0.50585314
0.50470306
0.50470306
0.50199154
0.50199154
0.50199154
0.50199154
0.50071248
0.50071248
0.50024110
0.50024110
0.50009879
0.50009879
0.50005557
0.50005557
0.50003859
0.50003859
0.50000000
0.50000000
0.70499927
0.70499927
0.70497458
0.70497458
0.70457015
0.70457015
0.70374956
0.70374956
0.70295034
0.70295034
0.70295034
0.70295034
0.69907586
0.69907586
0.69755713
0.69755713
0.69577203
0.69577203
0.69291888
0.69291888
0.69200323
0.69200323
0.69129567
0.69129567
0.69105588
0.69105588
0.68970197
0.68970197
0.68681848
0.68681848
0.68668192
0.68668192
0.68311556
0.68311556
0.68206524
0.68206524
0.68036988
0.68036988
0.67648460
0.67648460
0.67648460
0.67648460
0.67581272
0.67581272
0.67235178
0.67235178
0.67074026
0.67074026
0.66704262
0.66704262
0.66666421
0.66666421
0.66377732
0.66377732
0.65878073
0.65878073
0.65609507
0.65609507
0.65356530
0.65356530
0.65120510
0.65120510
0.64990159
0.64990159
0.64880685
0.64880685
0.64858699
0.64858699
0.64726152
0.64726152
0.64344907
0.64344907
0.64276783
0.64276783
0.64001858
0.64001858
0.63955669
0.63955669
0.63083615
0.63083615
0.62915172
0.62915172
0.62648479
0.62648479
0.62354935
0.62354935
0.62083654
0.62083654
0.61984520
0.61984520
0.61860260
0.61860260
0.61685684
0.61685684
0.61006479
0.61006479
0.60879830
0.60879830
0.60829106
0.60829106
0.60778347
0.60778347
0.60752955
0.60752955
0.60651303
0.60651303
0.60422149
0.60422149
0.60422149
0.60422149
0.60090262
0.60090262
0.60090262
0.60090262
0.60013555
0.60013555
0.60013555
0.60013555
0.59911224
0.59911224
0.59911224
0.59911224
0.59808840
0.59808840
0.59808840
0.59808840
0.58886654
0.58886654
0.58886654
0.58886654
0.58477623
0.58477623
0.58477623
0.58477623
0.58222678
0.58222678
0.58222678
0.58222678
0.58019247
0.58019247
0.58019247
0.58019247
0.58019247
0.58019247
0.58019247
0.58019247
0.57087049
0.57087049
0.57087049
0.57087049
0.56863098
0.56863098
0.56863098
0.56863098
0.56394927
0.56394927
0.56394927
0.56394927
0.55647230
0.55647230
0.55647230
0.55647230
0.55434547
0.55434547
0.55434547
0.55434547
0.54764978
0.54764978
0.54764978
0.54764978
0.54697203
0.54697203
0.54697203
0.54697203
0.54079692
0.54079692
0.54079692
0.54079692
0.53823994
0.53823994
0.53823994
0.53823994
0.53330363
0.53330363
0.53330363
0.53330363
0.52493920
0.52493920
0.52493920
0.52493920
0.51789484
0.51789484
0.51789484
0.51789484
0.51712313
0.51712313
0.51712313
0.51712313
0.51651648
0.51651648
0.51651648
0.51651648
0.51547807
0.51547807
0.51547807
0.51547807
0.51518687
0.51518687
0.51518687
0.51518687
0.51461186
0.51461186
0.51461186
0.51461186
0.51418711
0.51418711
0.51418711
0.51418711
0.51418711
0.51418711
0.51418711
0.51418711
0.51175798
0.51175798
0.51175798
0.51175798
0.51162912
0.51162912
0.51162912
0.51162912
0.51086968
0.51086968
0.51086968
0.51086968
0.50828970
0.50828970
0.50828970
0.50828970
0.50652221
0.50652221
0.50652221
0.50652221
0.50632752
0.50632752
0.50632752
0.50632752
0.50594660
0.50594660
0.50594660
0.50594660
0.50585314
0.50585314
0.50585314
0.50585314
0.50470306
0.50470306
0.50470306
0.50470306
0.50199154
0.50199154
0.50199154
0.50199154
0.50199154
0.50199154
0.50199154
0.50199154
0.50071248
0.50071248
0.50071248
0.50071248
0.50024110
0.50024110
0.50024110
0.50024110
0.50009879
0.50009879
0.50009879
0.50009879
0.50005557
0.50005557
0.50005557
0.50005557
0.50003859
0.50003859
0.50003859
0.50003859
0.50000000
0.50000000
0.50000000
0.50000000
