0.64570172
0.52675663
0.50015433
0.65206783
0.65816614
0.67252879
0.69673470
0.51606781
0.51948220
0.69093524
0.54036685
0.61031780
0.58733139
0.50257958
0.54992989
0.65077184
0.69842171
0.67813412
0.70339533
0.50003859
0.61006479
0.64502889
0.60676728
0.70475963
0.64231230
0.51562459
0.50257958
0.60269085
0.65098862
0.61132882
0.69223512
0.58273613
0.62231875
0.51308203
0.50557702
0.64946461
0.59142741
0.61259022
0.63322432
0.51294675
0.69246503
0.64185569
0.61934861
0.70339533
0.51666724
0.65567677
0.50942211
0.53533056
0.68355884
0.66571143
0.50732900
0.50018673
0.50753765
0.50047230
0.62891026
0.58273613
0.50108145
0.69314281
0.65335234
0.54296995
0.68191337
0.56640505
0.62599738
0.50692002
0.63155488
0.67813412
0.66080646
0.68457701
0.69401849
0.50026076
0.62330357
0.55885981
0.50000000
0.66854068
0.60905179
0.50002470
0.60064698
0.66891126
0.62108398
0.69984637
0.51562459
0.55670992
0.70409161
0.51697057
0.60166930
0.67747952
0.51868126
0.51214844
0.68815795
0.57112010
0.57337317
0.50681952
0.54924254
0.58477623
0.51805095
0.60676728
0.61082351
0.67410322
0.60345643
0.68802615
0.60345643
0.60269085
0.60166930
0.60064698
0.59142741
0.58733139
0.58477623
0.58273613
0.58273613
0.57337317
0.57112010
0.56640505
0.55885981
0.55670992
0.54992989
0.54924254
0.54296995
0.54036685
0.53533056
0.52675663
0.51948220
0.51868126
0.51805095
0.51697057
0.51666724
0.51606781
0.51562459
0.51562459
0.51308203
0.51294675
0.51214844
0.50942211
0.50753765
0.50732900
0.50692002
0.50681952
0.50557702
0.50257958
0.50257958
0.50108145
0.50047230
0.50026076
0.50018673
0.50015433
0.50003859
0.50002470
0.50000000
0.70475963
0.70409161
0.70339533
0.70339533
0.69984637
0.69842171
0.69673470
0.69401849
0.69314281
0.69246503
0.69223512
0.69093524
0.68815795
0.68802615
0.68457701
0.68355884
0.68191337
0.67813412
0.67813412
0.67747952
0.67410322
0.67252879
0.66891126
0.66854068
0.66571143
0.66080646
0.65816614
0.65567677
0.65335234
0.65206783
0.65098862
0.65077184
0.64946461
0.64570172
0.64502889
0.64231230
0.64185569
0.63322432
0.63155488
0.62891026
0.62599738
0.62330357
0.62231875
0.62108398
0.61934861
0.61259022
0.61132882
0.61082351
0.61031780
0.61006479
0.60905179
0.60676728
0.60676728
0.60345643
0.60345643
0.60269085
0.60269085
0.60166930
0.60166930
0.60064698
0.60064698
0.59142741
0.59142741
0.58733139
0.58733139
0.58477623
0.58477623
0.58273613
0.58273613
0.58273613
0.58273613
0.57337317
0.57337317
0.57112010
0.57112010
0.56640505
0.56640505
0.55885981
0.55885981
0.55670992
0.55670992
0.54992989
0.54992989
0.54924254
0.54924254
0.54296995
0.54296995
0.54036685
0.54036685
0.53533056
0.53533056
0.52675663
0.52675663
0.51948220
0.51948220
0.51868126
0.51868126
0.51805095
0.51805095
0.51697057
0.51697057
0.51666724
0.51666724
0.51606781
0.51606781
0.51562459
0.51562459
0.51562459
0.51562459
0.51308203
0.51308203
0.51294675
0.51294675
0.51214844
0.51214844
0.50942211
0.50942211
0.50753765
0.50753765
0.50732900
0.50732900
0.50692002
0.50692002
0.50681952
0.50681952
0.50557702
0.50557702
0.50257958
0.50257958
0.50257958
0.50257958
0.50108145
0.50108145
0.50047230
0.50047230
0.50026076
0.50026076
0.50018673
0.50018673
0.50015433
0.50015433
0.50003859
0.50003859
0.50002470
0.50002470
0.50000000
0.50000000
0.70475963
0.70475963
0.70409161
0.70409161
0.70339533
0.70339533
0.70339533
0.70339533
0.69984637
0.69984637
0.69842171
0.69842171
0.69673470
0.69673470
0.69401849
0.69401849
0.69314281
0.69314281
0.69246503
0.69246503
0.69223512
0.69223512
0.69093524
0.69093524
0.68815795
0.68815795
0.68802615
0.68802615
0.68457701
0.68457701
0.68355884
0.68355884
0.68191337
0.68191337
0.67813412
0.67813412
0.67813412
0.67813412
0.67747952
0.67747952
0.67410322
0.67410322
0.67252879
0.67252879
0.66891126
0.66891126
0.66854068
0.66854068
0.66571143
0.66571143
0.66080646
0.66080646
0.65816614
0.65816614
0.65567677
0.65567677
0.65335234
0.65335234
0.65206783
0.65206783
0.65098862
0.65098862
0.65077184
0.65077184
0.64946461
0.64946461
0.64570172
0.64570172
0.64502889
0.64502889
0.64231230
0.64231230
0.64185569
0.64185569
0.63322432
0.63322432
0.63155488
0.63155488
0.62891026
0.62891026
0.62599738
0.62599738
0.62330357
0.62330357
0.62231875
0.62231875
0.62108398
0.62108398
0.61934861
0.61934861
0.61259022
0.61259022
0.61132882
0.61132882
0.61082351
0.61082351
0.61031780
0.61031780
0.61006479
0.61006479
0.60905179
0.60905179
0.60676728
0.60676728
0.60676728
0.60676728
0.60345643
0.60345643
0.60345643
0.60345643
0.60269085
0.60269085
0.60269085
0.60269085
0.60166930
0.60166930
0.60166930
0.60166930
0.60064698
0.60064698
0.60064698
0.60064698
0.59142741
0.59142741
0.59142741
0.59142741
0.58733139
0.58733139
0.58733139
0.58733139
0.58477623
0.58477623
0.58477623
0.58477623
0.58273613
0.58273613
0.58273613
0.58273613
0.58273613
0.58273613
0.58273613
0.58273613
0.57337317
0.57337317
0.57337317
0.57337317
0.57112010
0.57112010
0.57112010
0.57112010
0.56640505
0.56640505
0.56640505
0.56640505
0.55885981
0.55885981
0.55885981
0.55885981
0.55670992
0.55670992
0.55670992
0.55670992
0.54992989
0.54992989
0.54992989
0.54992989
0.54924254
0.54924254
0.54924254
0.54924254
0.54296995
0.54296995
0.54296995
0.54296995
0.54036685
0.54036685
0.54036685
0.54036685
0.53533056
0.53533056
0.53533056
0.53533056
0.52675663
0.52675663
0.52675663
0.52675663
0.51948220
0.51948220
0.51948220
0.51948220
0.51868126
0.51868126
0.51868126
0.51868126
0.51805095
0.51805095
0.51805095
0.51805095
0.51697057
0.51697057
0.51697057
0.51697057
0.51666724
0.51666724
0.51666724
0.51666724
0.51606781
0.51606781
0.51606781
0.51606781
0.51562459
0.51562459
0.51562459
0.51562459
0.51562459
0.51562459
0.51562459
0.51562459
0.51308203
0.51308203
0.51308203
0.51308203
0.51294675
0.51294675
0.51294675
0.51294675
0.51214844
0.51214844
0.51214844
0.51214844
0.50942211
0.50942211
0.50942211
0.50942211
0.50753765
0.50753765
0.50753765
0.50753765
0.50732900
0.50732900
0.50732900
0.50732900
0.50692002
0.50692002
0.50692002
0.50692002
0.50681952
0.50681952
0.50681952
0.50681952
0.50557702
0.50557702
0.50557702
0.50557702
0.50257958
0.50257958
0.50257958
0.50257958
0.50257958
0.50257958
0.50257958
0.50257958
0.50108145
0.50108145
0.50108145
0.50108145
0.50047230
0.50047230
0.50047230
0.50047230
0.50026076
0.50026076
0.50026076
0.50026076
0.50018673
0.50018673
0.50018673
0.50018673
0.50015433
0.50015433
0.50015433
0.50015433
0.50003859
0.50003859
0.50003859
0.50003859
0.50002470
0.50002470
0.50002470
0.50002470
0.50000000
0.50000000
0.50000000
0.50000000
