0.67878173
0.56394927
0.51349171
0.68326378
0.68735999
0.69606621
0.70499411
0.54878587
0.55387581
0.70405985
0.58095473
0.65077184
0.63011550
0.52317397
0.59193981
0.68236761
0.50007564
0.69899592
0.50331233
0.51214844
0.65055474
0.67829668
0.64770453
0.50743298
0.67631727
0.54810325
0.52317397
0.64412782
0.68251811
0.65163709
0.70437926
0.62575340
0.66080646
0.54407025
0.53034754
0.68145505
0.63393645
0.65271153
0.66946416
0.54384947
0.70443025
0.67598133
0.65837135
0.50331233
0.54970046
0.68571276
0.53781935
0.57488132
0.70147999
0.69211942
0.53390710
0.51376798
0.53431162
0.51562459
0.66609369
0.62575340
0.51836494
0.70457015
0.68414343
0.58401072
0.70076918
0.60955848
0.66377732
0.53310337
0.66816852
0.69899592
0.68906708
0.70189872
0.70472610
0.51432807
0.66160673
0.60166930
0.51086968
0.69380258
0.64968325
0.51188749
0.64231230
0.69401849
0.65979803
0.50039487
0.54810325
0.59936812
0.50478722
0.55015962
0.64322226
0.69867094
0.55270653
0.54253237
0.70322382
0.61435140
0.61660689
0.53290355
0.59117123
0.62769997
0.55177625
0.64770453
0.65120510
0.69692108
0.64480405
0.70317959
0.64480405
0.64412782
0.64322226
0.64231230
0.63393645
0.63011550
0.62769997
0.62575340
0.62575340
0.61660689
0.61435140
0.60955848
0.60166930
0.59936812
0.59193981
0.59117123
0.58401072
0.58095473
0.57488132
0.56394927
0.55387581
0.55270653
0.55177625
0.55015962
0.54970046
0.54878587
0.54810325
0.54810325
0.54407025
0.54384947
0.54253237
0.53781935
0.53431162
0.53390710
0.53310337
0.53290355
0.53034754
0.52317397
0.52317397
0.51836494
0.51562459
0.51432807
0.51376798
0.51349171
0.51214844
0.51188749
0.51086968
0.50743298
0.50478722
0.50331233
0.50331233
0.50039487
0.50007564
0.70499411
0.70472610
0.70457015
0.70443025
0.70437926
0.70405985
0.70322382
0.70317959
0.70189872
0.70147999
0.70076918
0.69899592
0.69899592
0.69867094
0.69692108
0.69606621
0.69401849
0.69380258
0.69211942
0.68906708
0.68735999
0.68571276
0.68414343
0.68326378
0.68251811
0.68236761
0.68145505
0.67878173
0.67829668
0.67631727
0.67598133
0.66946416
0.66816852
0.66609369
0.66377732
0.66160673
0.66080646
0.65979803
0.65837135
0.65271153
0.65163709
0.65120510
0.65077184
0.65055474
0.64968325
0.64770453
0.64770453
0.64480405
0.64480405
0.64412782
0.64412782
0.64322226
0.64322226
0.64231230
0.64231230
0.63393645
0.63393645
0.63011550
0.63011550
0.62769997
0.62769997
0.62575340
0.62575340
0.62575340
0.62575340
0.61660689
0.61660689
0.61435140
0.61435140
0.60955848
0.60955848
0.60166930
0.60166930
0.59936812
0.59936812
0.59193981
0.59193981
0.59117123
0.59117123
0.58401072
0.58401072
0.58095473
0.58095473
0.57488132
0.57488132
0.56394927
0.56394927
0.55387581
0.55387581
0.55270653
0.55270653
0.55177625
0.55177625
0.55015962
0.55015962
0.54970046
0.54970046
0.54878587
0.54878587
0.54810325
0.54810325
0.54810325
0.54810325
0.54407025
0.54407025
0.54384947
0.54384947
0.54253237
0.54253237
0.53781935
0.53781935
0.53431162
0.53431162
0.53390710
0.53390710
0.53310337
0.53310337
0.53290355
0.53290355
0.53034754
0.53034754
0.52317397
0.52317397
0.52317397
0.52317397
0.51836494
0.51836494
0.51562459
0.51562459
0.51432807
0.51432807
0.51376798
0.51376798
0.51349171
0.51349171
0.51214844
0.51214844
0.51188749
0.51188749
0.51086968
0.51086968
0.50743298
0.50743298
0.50478722
0.50478722
0.50331233
0.50331233
0.50331233
0.50331233
0.50039487
0.50039487
0.50007564
0.50007564
0.70499411
0.70499411
0.70472610
0.70472610
0.70457015
0.70457015
0.70443025
0.70443025
0.70437926
0.70437926
0.70405985
0.70405985
0.70322382
0.70322382
0.70317959
0.70317959
0.70189872
0.70189872
0.70147999
0.70147999
0.70076918
0.70076918
0.69899592
0.69899592
0.69899592
0.69899592
0.69867094
0.69867094
0.69692108
0.69692108
0.69606621
0.69606621
0.69401849
0.69401849
0.69380258
0.69380258
0.69211942
0.69211942
0.68906708
0.68906708
0.68735999
0.68735999
0.68571276
0.68571276
0.68414343
0.68414343
0.68326378
0.68326378
0.68251811
0.68251811
0.68236761
0.68236761
0.68145505
0.68145505
0.67878173
0.67878173
0.67829668
0.67829668
0.67631727
0.67631727
0.67598133
0.67598133
0.66946416
0.66946416
0.66816852
0.66816852
0.66609369
0.66609369
0.66377732
0.66377732
0.66160673
0.66160673
0.66080646
0.66080646
0.65979803
0.65979803
0.65837135
0.65837135
0.65271153
0.65271153
0.65163709
0.65163709
0.65120510
0.65120510
0.65077184
0.65077184
0.65055474
0.65055474
0.64968325
0.64968325
0.64770453
0.64770453
0.64770453
0.64770453
0.64480405
0.64480405
0.64480405
0.64480405
0.64412782
0.64412782
0.64412782
0.64412782
0.64322226
0.64322226
0.64322226
0.64322226
0.64231230
0.64231230
0.64231230
0.64231230
0.63393645
0.63393645
0.63393645
0.63393645
0.63011550
0.63011550
0.63011550
0.63011550
0.62769997
0.62769997
0.62769997
0.62769997
0.62575340
0.62575340
0.62575340
0.62575340
0.62575340
0.62575340
0.62575340
0.62575340
0.61660689
0.61660689
0.61660689
0.61660689
0.61435140
0.61435140
0.61435140
0.61435140
0.60955848
0.60955848
0.60955848
0.60955848
0.60166930
0.60166930
0.60166930
0.60166930
0.59936812
0.59936812
0.59936812
0.59936812
0.59193981
0.59193981
0.59193981
0.59193981
0.59117123
0.59117123
0.59117123
0.59117123
0.58401072
0.58401072
0.58401072
0.58401072
0.58095473
0.58095473
0.58095473
0.58095473
0.57488132
0.57488132
0.57488132
0.57488132
0.56394927
0.56394927
0.56394927
0.56394927
0.55387581
0.55387581
0.55387581
0.55387581
0.55270653
0.55270653
0.55270653
0.55270653
0.55177625
0.55177625
0.55177625
0.55177625
0.55015962
0.55015962
0.55015962
0.55015962
0.54970046
0.54970046
0.54970046
0.54970046
0.54878587
0.54878587
0.54878587
0.54878587
0.54810325
0.54810325
0.54810325
0.54810325
0.54810325
0.54810325
0.54810325
0.54810325
0.54407025
0.54407025
0.54407025
0.54407025
0.54384947
0.54384947
0.54384947
0.54384947
0.54253237
0.54253237
0.54253237
0.54253237
0.53781935
0.53781935
0.53781935
0.53781935
0.53431162
0.53431162
0.53431162
0.53431162
0.53390710
0.53390710
0.53390710
0.53390710
0.53310337
0.53310337
0.53310337
0.53310337
0.53290355
0.53290355
0.53290355
0.53290355
0.53034754
0.53034754
0.53034754
0.53034754
0.52317397
0.52317397
0.52317397
0.52317397
0.52317397
0.52317397
0.52317397
0.52317397
0.51836494
0.51836494
0.51836494
0.51836494
0.51562459
0.51562459
0.51562459
0.51562459
0.51432807
0.51432807
0.51432807
0.51432807
0.51376798
0.51376798
0.51376798
0.51376798
0.51349171
0.51349171
0.51349171
0.51349171
0.51214844
0.51214844
0.51214844
0.51214844
0.51188749
0.51188749
0.51188749
0.51188749
0.51086968
0.51086968
0.51086968
0.51086968
0.50743298
0.50743298
0.50743298
0.50743298
0.50478722
0.50478722
0.50478722
0.50478722
0.50331233
0.50331233
0.50331233
0.50331233
0.50331233
0.50331233
0.50331233
0.50331233
0.50039487
0.50039487
0.50039487
0.50039487
0.50007564
0.50007564
0.50007564
0.50007564
