0.66455549
0.54517943
0.50461962
0.67001347
0.67513400
0.68668192
0.70304366
0.53171417
0.53615344
0.69977168
0.56102907
0.63251017
0.61031780
0.51112021
0.57161978
0.66891126
0.70382232
0.69093524
0.50006522
0.50382507
0.63227168
0.66397243
0.62915172
0.50138499
0.66160673
0.53112567
0.51112021
0.62526487
0.66909596
0.63346192
0.70056416
0.60574983
0.64367559
0.52768440
0.51651648
0.66779478
0.61435140
0.63464652
0.65356530
0.52749785
0.70070137
0.66120731
0.64093925
0.50006522
0.53250527
0.67305734
0.52248286
0.55528807
0.69486194
0.68130138
0.51932086
0.50478722
0.51964412
0.50594660
0.64968325
0.60574983
0.50774908
0.70110026
0.67110123
0.56394927
0.69369387
0.58912252
0.64703957
0.51868126
0.65206783
0.69093524
0.67731478
0.69557335
0.70160230
0.50513108
0.64457892
0.58120898
0.50310361
0.68355884
0.63131552
0.50367491
0.62330357
0.68385205
0.64254020
0.70437926
0.53112567
0.57892382
0.50039487
0.53290355
0.62428564
0.69044780
0.53512590
0.52638905
0.69799592
0.59398972
0.59629570
0.51852281
0.57087049
0.60778347
0.53431162
0.62915172
0.63298649
0.68789387
0.62599738
0.69790920
0.62599738
0.62526487
0.62428564
0.62330357
0.61435140
0.61031780
0.60778347
0.60574983
0.60574983
0.59629570
0.59398972
0.58912252
0.58120898
0.57892382
0.57161978
0.57087049
0.56394927
0.56102907
0.55528807
0.54517943
0.53615344
0.53512590
0.53431162
0.53290355
0.53250527
0.53171417
0.53112567
0.53112567
0.52768440
0.52749785
0.52638905
0.52248286
0.51964412
0.51932086
0.51868126
0.51852281
0.51651648
0.51112021
0.51112021
0.50774908
0.50594660
0.50513108
0.50478722
0.50461962
0.50382507
0.50367491
0.50310361
0.50138499
0.50039487
0.50006522
0.50006522
0.70437926
0.70382232
0.70304366
0.70160230
0.70110026
0.70070137
0.70056416
0.69977168
0.69799592
0.69790920
0.69557335
0.69486194
0.69369387
0.69093524
0.69093524
0.69044780
0.68789387
0.68668192
0.68385205
0.68355884
0.68130138
0.67731478
0.67513400
0.67305734
0.67110123
0.67001347
0.66909596
0.66891126
0.66779478
0.66455549
0.66397243
0.66160673
0.66120731
0.65356530
0.65206783
0.64968325
0.64703957
0.64457892
0.64367559
0.64254020
0.64093925
0.63464652
0.63346192
0.63298649
0.63251017
0.63227168
0.63131552
0.62915172
0.62915172
0.62599738
0.62599738
0.62526487
0.62526487
0.62428564
0.62428564
0.62330357
0.62330357
0.61435140
0.61435140
0.61031780
0.61031780
0.60778347
0.60778347
0.60574983
0.60574983
0.60574983
0.60574983
0.59629570
0.59629570
0.59398972
0.59398972
0.58912252
0.58912252
0.58120898
0.58120898
0.57892382
0.57892382
0.57161978
0.57161978
0.57087049
0.57087049
0.56394927
0.56394927
0.56102907
0.56102907
0.55528807
0.55528807
0.54517943
0.54517943
0.53615344
0.53615344
0.53512590
0.53512590
0.53431162
0.53431162
0.53290355
0.53290355
0.53250527
0.53250527
0.53171417
0.53171417
0.53112567
0.53112567
0.53112567
0.53112567
0.52768440
0.52768440
0.52749785
0.52749785
0.52638905
0.52638905
0.52248286
0.52248286
0.51964412
0.51964412
0.51932086
0.51932086
0.51868126
0.51868126
0.51852281
0.51852281
0.51651648
0.51651648
0.51112021
0.51112021
0.51112021
0.51112021
0.50774908
0.50774908
0.50594660
0.50594660
0.50513108
0.50513108
0.50478722
0.50478722
0.50461962
0.50461962
0.50382507
0.50382507
0.50367491
0.50367491
0.50310361
0.50310361
0.50138499
0.50138499
0.50039487
0.50039487
0.50006522
0.50006522
0.50006522
0.50006522
0.70437926
0.70437926
0.70382232
0.70382232
0.70304366
0.70304366
0.70160230
0.70160230
0.70110026
0.70110026
0.70070137
0.70070137
0.70056416
0.70056416
0.69977168
0.69977168
0.69799592
0.69799592
0.69790920
0.69790920
0.69557335
0.69557335
0.69486194
0.69486194
0.69369387
0.69369387
0.69093524
0.69093524
0.69093524
0.69093524
0.69044780
0.69044780
0.68789387
0.68789387
0.68668192
0.68668192
0.68385205
0.68385205
0.68355884
0.68355884
0.68130138
0.68130138
0.67731478
0.67731478
0.67513400
0.67513400
0.67305734
0.67305734
0.67110123
0.67110123
0.67001347
0.67001347
0.66909596
0.66909596
0.66891126
0.66891126
0.66779478
0.66779478
0.66455549
0.66455549
0.66397243
0.66397243
0.66160673
0.66160673
0.66120731
0.66120731
0.65356530
0.65356530
0.65206783
0.65206783
0.64968325
0.64968325
0.64703957
0.64703957
0.64457892
0.64457892
0.64367559
0.64367559
0.64254020
0.64254020
0.64093925
0.64093925
0.63464652
0.63464652
0.63346192
0.63346192
0.63298649
0.63298649
0.63251017
0.63251017
0.63227168
0.63227168
0.63131552
0.63131552
0.62915172
0.62915172
0.62915172
0.62915172
0.62599738
0.62599738
0.62599738
0.62599738
0.62526487
0.62526487
0.62526487
0.62526487
0.62428564
0.62428564
0.62428564
0.62428564
0.62330357
0.62330357
0.62330357
0.62330357
0.61435140
0.61435140
0.61435140
0.61435140
0.61031780
0.61031780
0.61031780
0.61031780
0.60778347
0.60778347
0.60778347
0.60778347
0.60574983
0.60574983
0.60574983
0.60574983
0.60574983
0.60574983
0.60574983
0.60574983
0.59629570
0.59629570
0.59629570
0.59629570
0.59398972
0.59398972
0.59398972
0.59398972
0.58912252
0.58912252
0.58912252
0.58912252
0.58120898
0.58120898
0.58120898
0.58120898
0.57892382
0.57892382
0.57892382
0.57892382
0.57161978
0.57161978
0.57161978
0.57161978
0.57087049
0.57087049
0.57087049
0.57087049
0.56394927
0.56394927
0.56394927
0.56394927
0.56102907
0.56102907
0.56102907
0.56102907
0.55528807
0.55528807
0.55528807
0.55528807
0.54517943
0.54517943
0.54517943
0.54517943
0.53615344
0.53615344
0.53615344
0.53615344
0.53512590
0.53512590
0.53512590
0.53512590
0.53431162
0.53431162
0.53431162
0.53431162
0.53290355
0.53290355
0.53290355
0.53290355
0.53250527
0.53250527
0.53250527
0.53250527
0.53171417
0.53171417
0.53171417
0.53171417
0.53112567
0.53112567
0.53112567
0.53112567
0.53112567
0.53112567
0.53112567
0.53112567
0.52768440
0.52768440
0.52768440
0.52768440
0.52749785
0.52749785
0.52749785
0.52749785
0.52638905
0.52638905
0.52638905
0.52638905
0.52248286
0.52248286
0.52248286
0.52248286
0.51964412
0.51964412
0.51964412
0.51964412
0.51932086
0.51932086
0.51932086
0.51932086
0.51868126
0.51868126
0.51868126
0.51868126
0.51852281
0.51852281
0.51852281
0.51852281
0.51651648
0.51651648
0.51651648
0.51651648
0.51112021
0.51112021
0.51112021
0.51112021
0.51112021
0.51112021
0.51112021
0.51112021
0.50774908
0.50774908
0.50774908
0.50774908
0.50594660
0.50594660
0.50594660
0.50594660
0.50513108
0.50513108
0.50513108
0.50513108
0.50478722
0.50478722
0.50478722
0.50478722
0.50461962
0.50461962
0.50461962
0.50461962
0.50382507
0.50382507
0.50382507
0.50382507
0.50367491
0.50367491
0.50367491
0.50367491
0.50310361
0.50310361
0.50310361
0.50310361
0.50138499
0.50138499
0.50138499
0.50138499
0.50039487
0.50039487
0.50039487
0.50039487
0.50006522
0.50006522
0.50006522
0.50006522
0.50006522
0.50006522
0.50006522
0.50006522
