0.66835479
0.54970046
0.50642452
0.67358216
0.67845880
0.68932249
0.70385788
0.53574115
0.54036685
0.70116488
0.56591237
0.63723198
0.61535513
0.51376798
0.57664644
0.67252879
0.70443025
0.69325402
0.50041991
0.50548640
0.63699814
0.66779478
0.63393645
0.50245599
0.66551972
0.53512590
0.51376798
0.63011550
0.67270539
0.63816488
0.70184051
0.61082351
0.64814636
0.53151754
0.51964412
0.67146057
0.61934861
0.63932536
0.65775467
0.53132137
0.70195640
0.66513517
0.64547773
0.50041991
0.53656742
0.67648460
0.52602350
0.56006265
0.69682815
0.68428842
0.52265482
0.50662061
0.52300038
0.50796327
0.65399023
0.61082351
0.51001361
0.70229123
0.67462051
0.56887917
0.69577203
0.59424597
0.65142125
0.52197024
0.65630371
0.69325402
0.68052625
0.69746781
0.70270760
0.50702122
0.64902640
0.58630875
0.50461962
0.68640738
0.63606036
0.50530731
0.62818468
0.68668192
0.64703957
0.70479097
0.53512590
0.58401072
0.50104113
0.53698308
0.62915172
0.69280616
0.53929846
0.53015419
0.69962073
0.59911224
0.60141379
0.52180046
0.57588926
0.61284216
0.53845084
0.63393645
0.63769893
0.69044780
0.63083615
0.69954447
0.63083615
0.63011550
0.62915172
0.62818468
0.61934861
0.61535513
0.61284216
0.61082351
0.61082351
0.60141379
0.59911224
0.59424597
0.58630875
0.58401072
0.57664644
0.57588926
0.56887917
0.56591237
0.56006265
0.54970046
0.54036685
0.53929846
0.53845084
0.53698308
0.53656742
0.53574115
0.53512590
0.53512590
0.53151754
0.53132137
0.53015419
0.52602350
0.52300038
0.52265482
0.52197024
0.52180046
0.51964412
0.51376798
0.51376798
0.51001361
0.50796327
0.50702122
0.50662061
0.50642452
0.50548640
0.50530731
0.50461962
0.50245599
0.50104113
0.50041991
0.50041991
0.70479097
0.70443025
0.70385788
0.70270760
0.70229123
0.70195640
0.70184051
0.70116488
0.69962073
0.69954447
0.69746781
0.69682815
0.69577203
0.69325402
0.69325402
0.69280616
0.69044780
0.68932249
0.68668192
0.68640738
0.68428842
0.68052625
0.67845880
0.67648460
0.67462051
0.67358216
0.67270539
0.67252879
0.67146057
0.66835479
0.66779478
0.66551972
0.66513517
0.65775467
0.65630371
0.65399023
0.65142125
0.64902640
0.64814636
0.64703957
0.64547773
0.63932536
0.63816488
0.63769893
0.63723198
0.63699814
0.63606036
0.63393645
0.63393645
0.63083615
0.63083615
0.63011550
0.63011550
0.62915172
0.62915172
0.62818468
0.62818468
0.61934861
0.61934861
0.61535513
0.61535513
0.61284216
0.61284216
0.61082351
0.61082351
0.61082351
0.61082351
0.60141379
0.60141379
0.59911224
0.59911224
0.59424597
0.59424597
0.58630875
0.58630875
0.58401072
0.58401072
0.57664644
0.57664644
0.57588926
0.57588926
0.56887917
0.56887917
0.56591237
0.56591237
0.56006265
0.56006265
0.54970046
0.54970046
0.54036685
0.54036685
0.53929846
0.53929846
0.53845084
0.53845084
0.53698308
0.53698308
0.53656742
0.53656742
0.53574115
0.53574115
0.53512590
0.53512590
0.53512590
0.53512590
0.53151754
0.53151754
0.53132137
0.53132137
0.53015419
0.53015419
0.52602350
0.52602350
0.52300038
0.52300038
0.52265482
0.52265482
0.52197024
0.52197024
0.52180046
0.52180046
0.51964412
0.51964412
0.51376798
0.51376798
0.51376798
0.51376798
0.51001361
0.51001361
0.50796327
0.50796327
0.50702122
0.50702122
0.50662061
0.50662061
0.50642452
0.50642452
0.50548640
0.50548640
0.50530731
0.50530731
0.50461962
0.50461962
0.50245599
0.50245599
0.50104113
0.50104113
0.50041991
0.50041991
0.50041991
0.50041991
0.70479097
0.70479097
0.70443025
0.70443025
0.70385788
0.70385788
0.70270760
0.70270760
0.70229123
0.70229123
0.70195640
0.70195640
0.70184051
0.70184051
0.70116488
0.70116488
0.69962073
0.69962073
0.69954447
0.69954447
0.69746781
0.69746781
0.69682815
0.69682815
0.69577203
0.69577203
0.69325402
0.69325402
0.69325402
0.69325402
0.69280616
0.69280616
0.69044780
0.69044780
0.68932249
0.68932249
0.68668192
0.68668192
0.68640738
0.68640738
0.68428842
0.68428842
0.68052625
0.68052625
0.67845880
0.67845880
0.67648460
0.67648460
0.67462051
0.67462051
0.67358216
0.67358216
0.67270539
0.67270539
0.67252879
0.67252879
0.67146057
0.67146057
0.66835479
0.66835479
0.66779478
0.66779478
0.66551972
0.66551972
0.66513517
0.66513517
0.65775467
0.65775467
0.65630371
0.65630371
0.65399023
0.65399023
0.65142125
0.65142125
0.64902640
0.64902640
0.64814636
0.64814636
0.64703957
0.64703957
0.64547773
0.64547773
0.63932536
0.63932536
0.63816488
0.63816488
0.63769893
0.63769893
0.63723198
0.63723198
0.63699814
0.63699814
0.63606036
0.63606036
0.63393645
0.63393645
0.63393645
0.63393645
0.63083615
0.63083615
0.63083615
0.63083615
0.63011550
0.63011550
0.63011550
0.63011550
0.62915172
0.62915172
0.62915172
0.62915172
0.62818468
0.62818468
0.62818468
0.62818468
0.61934861
0.61934861
0.61934861
0.61934861
0.61535513
0.61535513
0.61535513
0.61535513
0.61284216
0.61284216
0.61284216
0.61284216
0.61082351
0.61082351
0.61082351
0.61082351
0.61082351
0.61082351
0.61082351
0.61082351
0.60141379
0.60141379
0.60141379
0.60141379
0.59911224
0.59911224
0.59911224
0.59911224
0.59424597
0.59424597
0.59424597
0.59424597
0.58630875
0.58630875
0.58630875
0.58630875
0.58401072
0.58401072
0.58401072
0.58401072
0.57664644
0.57664644
0.57664644
0.57664644
0.57588926
0.57588926
0.57588926
0.57588926
0.56887917
0.56887917
0.56887917
0.56887917
0.56591237
0.56591237
0.56591237
0.56591237
0.56006265
0.56006265
0.56006265
0.56006265
0.54970046
0.54970046
0.54970046
0.54970046
0.54036685
0.54036685
0.54036685
0.54036685
0.53929846
0.53929846
0.53929846
0.53929846
0.53845084
0.53845084
0.53845084
0.53845084
0.53698308
0.53698308
0.53698308
0.53698308
0.53656742
0.53656742
0.53656742
0.53656742
0.53574115
0.53574115
0.53574115
0.53574115
0.53512590
0.53512590
0.53512590
0.53512590
0.53512590
0.53512590
0.53512590
0.53512590
0.53151754
0.53151754
0.53151754
0.53151754
0.53132137
0.53132137
0.53132137
0.53132137
0.53015419
0.53015419
0.53015419
0.53015419
0.52602350
0.52602350
0.52602350
0.52602350
0.52300038
0.52300038
0.52300038
0.52300038
0.52265482
0.52265482
0.52265482
0.52265482
0.52197024
0.52197024
0.52197024
0.52197024
0.52180046
0.52180046
0.52180046
0.52180046
0.51964412
0.51964412
0.51964412
0.51964412
0.51376798
0.51376798
0.51376798
0.51376798
0.51376798
0.51376798
0.51376798
0.51376798
0.51001361
0.51001361
0.51001361
0.51001361
0.50796327
0.50796327
0.50796327
0.50796327
0.50702122
0.50702122
0.50702122
0.50702122
0.50662061
0.50662061
0.50662061
0.50662061
0.50642452
0.50642452
0.50642452
0.50642452
0.50548640
0.50548640
0.50548640
0.50548640
0.50530731
0.50530731
0.50530731
0.50530731
0.50461962
0.50461962
0.50461962
0.50461962
0.50245599
0.50245599
0.50245599
0.50245599
0.50104113
0.50104113
0.50104113
0.50104113
0.50041991
0.50041991
0.50041991
0.50041991
0.50041991
0.50041991
0.50041991
0.50041991
