0.68036988
0.56640505
0.51489813
0.68472061
0.68868034
0.69701349
0.50000965
0.55108161
0.55623493
0.70435295
0.58350069
0.65292546
0.63251017
0.52493920
0.59450221
0.68385205
0.50022221
0.69977168
0.50405580
0.51349171
0.65271153
0.67989810
0.64990159
0.50851074
0.67797112
0.55038967
0.52493920
0.64637195
0.68399797
0.65377793
0.70461241
0.62818468
0.66279622
0.54629727
0.53230681
0.68296688
0.63629516
0.65483616
0.67128110
0.54607302
0.70465249
0.67764382
0.66040416
0.50405580
0.55200838
0.68709018
0.53993832
0.57740462
0.70207016
0.69325402
0.53594708
0.51518687
0.53636022
0.51712313
0.66798184
0.62818468
0.51996966
0.70475963
0.68557243
0.58656434
0.70141803
0.61208598
0.66571143
0.53512590
0.67001347
0.69977168
0.69032471
0.70245140
0.70487186
0.51577172
0.66358184
0.60422149
0.51214844
0.69486194
0.65185262
0.51321796
0.64457892
0.69506774
0.66180589
0.50067978
0.55038967
0.60192476
0.50566835
0.55247352
0.64547773
0.69946768
0.55505202
0.54473470
0.70363636
0.61685684
0.61910009
0.53492168
0.59373347
0.63011550
0.55411050
0.64990159
0.65335234
0.69782196
0.64703957
0.70359755
0.64703957
0.64637195
0.64547773
0.64457892
0.63629516
0.63251017
0.63011550
0.62818468
0.62818468
0.61910009
0.61685684
0.61208598
0.60422149
0.60192476
0.59450221
0.59373347
0.58656434
0.58350069
0.57740462
0.56640505
0.55623493
0.55505202
0.55411050
0.55247352
0.55200838
0.55108161
0.55038967
0.55038967
0.54629727
0.54607302
0.54473470
0.53993832
0.53636022
0.53594708
0.53512590
0.53492168
0.53230681
0.52493920
0.52493920
0.51996966
0.51712313
0.51577172
0.51518687
0.51489813
0.51349171
0.51321796
0.51214844
0.50851074
0.50566835
0.50405580
0.50405580
0.50067978
0.50022221
0.50000965
0.70487186
0.70475963
0.70465249
0.70461241
0.70435295
0.70363636
0.70359755
0.70245140
0.70207016
0.70141803
0.69977168
0.69977168
0.69946768
0.69782196
0.69701349
0.69506774
0.69486194
0.69325402
0.69032471
0.68868034
0.68709018
0.68557243
0.68472061
0.68399797
0.68385205
0.68296688
0.68036988
0.67989810
0.67797112
0.67764382
0.67128110
0.67001347
0.66798184
0.66571143
0.66358184
0.66279622
0.66180589
0.66040416
0.65483616
0.65377793
0.65335234
0.65292546
0.65271153
0.65185262
0.64990159
0.64990159
0.64703957
0.64703957
0.64637195
0.64637195
0.64547773
0.64547773
0.64457892
0.64457892
0.63629516
0.63629516
0.63251017
0.63251017
0.63011550
0.63011550
0.62818468
0.62818468
0.62818468
0.62818468
0.61910009
0.61910009
0.61685684
0.61685684
0.61208598
0.61208598
0.60422149
0.60422149
0.60192476
0.60192476
0.59450221
0.59450221
0.59373347
0.59373347
0.58656434
0.58656434
0.58350069
0.58350069
0.57740462
0.57740462
0.56640505
0.56640505
0.55623493
0.55623493
0.55505202
0.55505202
0.55411050
0.55411050
0.55247352
0.55247352
0.55200838
0.55200838
0.55108161
0.55108161
0.55038967
0.55038967
0.55038967
0.55038967
0.54629727
0.54629727
0.54607302
0.54607302
0.54473470
0.54473470
0.53993832
0.53993832
0.53636022
0.53636022
0.53594708
0.53594708
0.53512590
0.53512590
0.53492168
0.53492168
0.53230681
0.53230681
0.52493920
0.52493920
0.52493920
0.52493920
0.51996966
0.51996966
0.51712313
0.51712313
0.51577172
0.51577172
0.51518687
0.51518687
0.51489813
0.51489813
0.51349171
0.51349171
0.51321796
0.51321796
0.51214844
0.51214844
0.50851074
0.50851074
0.50566835
0.50566835
0.50405580
0.50405580
0.50405580
0.50405580
0.50067978
0.50067978
0.50022221
0.50022221
0.50000965
0.50000965
0.70487186
0.70487186
0.70475963
0.70475963
0.70465249
0.70465249
0.70461241
0.70461241
0.70435295
0.70435295
0.70363636
0.70363636
0.70359755
0.70359755
0.70245140
0.70245140
0.70207016
0.70207016
0.70141803
0.70141803
0.69977168
0.69977168
0.69977168
0.69977168
0.69946768
0.69946768
0.69782196
0.69782196
0.69701349
0.69701349
0.69506774
0.69506774
0.69486194
0.69486194
0.69325402
0.69325402
0.69032471
0.69032471
0.68868034
0.68868034
0.68709018
0.68709018
0.68557243
0.68557243
0.68472061
0.68472061
0.68399797
0.68399797
0.68385205
0.68385205
0.68296688
0.68296688
0.68036988
0.68036988
0.67989810
0.67989810
0.67797112
0.67797112
0.67764382
0.67764382
0.67128110
0.67128110
0.67001347
0.67001347
0.66798184
0.66798184
0.66571143
0.66571143
0.66358184
0.66358184
0.66279622
0.66279622
0.66180589
0.66180589
0.66040416
0.66040416
0.65483616
0.65483616
0.65377793
0.65377793
0.65335234
0.65335234
0.65292546
0.65292546
0.65271153
0.65271153
0.65185262
0.65185262
0.64990159
0.64990159
0.64990159
0.64990159
0.64703957
0.64703957
0.64703957
0.64703957
0.64637195
0.64637195
0.64637195
0.64637195
0.64547773
0.64547773
0.64547773
0.64547773
0.64457892
0.64457892
0.64457892
0.64457892
0.63629516
0.63629516
0.63629516
0.63629516
0.63251017
0.63251017
0.63251017
0.63251017
0.63011550
0.63011550
0.63011550
0.63011550
0.62818468
0.62818468
0.62818468
0.62818468
0.62818468
0.62818468
0.62818468
0.62818468
0.61910009
0.61910009
0.61910009
0.61910009
0.61685684
0.61685684
0.61685684
0.61685684
0.61208598
0.61208598
0.61208598
0.61208598
0.60422149
0.60422149
0.60422149
0.60422149
0.60192476
0.60192476
0.60192476
0.60192476
0.59450221
0.59450221
0.59450221
0.59450221
0.59373347
0.59373347
0.59373347
0.59373347
0.58656434
0.58656434
0.58656434
0.58656434
0.58350069
0.58350069
0.58350069
0.58350069
0.57740462
0.57740462
0.57740462
0.57740462
0.56640505
0.56640505
0.56640505
0.56640505
0.55623493
0.55623493
0.55623493
0.55623493
0.55505202
0.55505202
0.55505202
0.55505202
0.55411050
0.55411050
0.55411050
0.55411050
0.55247352
0.55247352
0.55247352
0.55247352
0.55200838
0.55200838
0.55200838
0.55200838
0.55108161
0.55108161
0.55108161
0.55108161
0.55038967
0.55038967
0.55038967
0.55038967
0.55038967
0.55038967
0.55038967
0.55038967
0.54629727
0.54629727
0.54629727
0.54629727
0.54607302
0.54607302
0.54607302
0.54607302
0.54473470
0.54473470
0.54473470
0.54473470
0.53993832
0.53993832
0.53993832
0.53993832
0.53636022
0.53636022
0.53636022
0.53636022
0.53594708
0.53594708
0.53594708
0.53594708
0.53512590
0.53512590
0.53512590
0.53512590
0.53492168
0.53492168
0.53492168
0.53492168
0.53230681
0.53230681
0.53230681
0.53230681
0.52493920
0.52493920
0.52493920
0.52493920
0.52493920
0.52493920
0.52493920
0.52493920
0.51996966
0.51996966
0.51996966
0.51996966
0.51712313
0.51712313
0.51712313
0.51712313
0.51577172
0.51577172
0.51577172
0.51577172
0.51518687
0.51518687
0.51518687
0.51518687
0.51489813
0.51489813
0.51489813
0.51489813
0.51349171
0.51349171
0.51349171
0.51349171
0.51321796
0.51321796
0.51321796
0.51321796
0.51214844
0.51214844
0.51214844
0.51214844
0.50851074
0.50851074
0.50851074
0.50851074
0.50566835
0.50566835
0.50566835
0.50566835
0.50405580
0.50405580
0.50405580
0.50405580
0.50405580
0.50405580
0.50405580
0.50405580
0.50067978
0.50067978
0.50067978
0.50067978
0.50022221
0.50022221
0.50022221
0.50022221
0.50000965
0.50000965
0.50000965
0.50000965
