0.68191337
0.56887917
0.51636632
0.68613094
0.68995253
0.69790920
0.50008683
0.55340725
0.55861996
0.70459155
0.58605320
0.65504681
0.63488274
0.52675663
0.59706413
0.68529036
0.50044572
0.70049476
0.50487211
0.51489813
0.65483616
0.68145505
0.65206783
0.50965670
0.67958135
0.55270653
0.52675663
0.64858699
0.68543163
0.65588609
0.70479097
0.63059614
0.66474910
0.54855801
0.53431162
0.68443295
0.63862983
0.65692761
0.67305734
0.54833047
0.70482012
0.67926283
0.66240119
0.50487211
0.55434547
0.68842010
0.54209627
0.57993856
0.70260673
0.69433857
0.53802944
0.51666724
0.53845084
0.51868126
0.66983077
0.63059614
0.52163124
0.70489445
0.68695457
0.58912252
0.70201355
0.61460252
0.66760733
0.53719153
0.67181828
0.70049476
0.69153350
0.70295034
0.70496293
0.51727629
0.66551972
0.60676728
0.51349171
0.69587060
0.65399023
0.51461186
0.64681732
0.69606621
0.66377732
0.50104113
0.55270653
0.60447638
0.50662061
0.55481623
0.64770453
0.70021187
0.55742432
0.54697203
0.70399470
0.61934861
0.62157838
0.53698308
0.59629570
0.63251017
0.55647230
0.65206783
0.65546712
0.69867094
0.64924566
0.70396131
0.64924566
0.64858699
0.64770453
0.64681732
0.63862983
0.63488274
0.63251017
0.63059614
0.63059614
0.62157838
0.61934861
0.61460252
0.60676728
0.60447638
0.59706413
0.59629570
0.58912252
0.58605320
0.57993856
0.56887917
0.55861996
0.55742432
0.55647230
0.55481623
0.55434547
0.55340725
0.55270653
0.55270653
0.54855801
0.54833047
0.54697203
0.54209627
0.53845084
0.53802944
0.53719153
0.53698308
0.53431162
0.52675663
0.52675663
0.52163124
0.51868126
0.51727629
0.51666724
0.51636632
0.51489813
0.51461186
0.51349171
0.50965670
0.50662061
0.50487211
0.50487211
0.50104113
0.50044572
0.50008683
0.70496293
0.70489445
0.70482012
0.70479097
0.70459155
0.70399470
0.70396131
0.70295034
0.70260673
0.70201355
0.70049476
0.70049476
0.70021187
0.69867094
0.69790920
0.69606621
0.69587060
0.69433857
0.69153350
0.68995253
0.68842010
0.68695457
0.68613094
0.68543163
0.68529036
0.68443295
0.68191337
0.68145505
0.67958135
0.67926283
0.67305734
0.67181828
0.66983077
0.66760733
0.66551972
0.66474910
0.66377732
0.66240119
0.65692761
0.65588609
0.65546712
0.65504681
0.65483616
0.65399023
0.65206783
0.65206783
0.64924566
0.64924566
0.64858699
0.64858699
0.64770453
0.64770453
0.64681732
0.64681732
0.63862983
0.63862983
0.63488274
0.63488274
0.63251017
0.63251017
0.63059614
0.63059614
0.63059614
0.63059614
0.62157838
0.62157838
0.61934861
0.61934861
0.61460252
0.61460252
0.60676728
0.60676728
0.60447638
0.60447638
0.59706413
0.59706413
0.59629570
0.59629570
0.58912252
0.58912252
0.58605320
0.58605320
0.57993856
0.57993856
0.56887917
0.56887917
0.55861996
0.55861996
0.55742432
0.55742432
0.55647230
0.55647230
0.55481623
0.55481623
0.55434547
0.55434547
0.55340725
0.55340725
0.55270653
0.55270653
0.55270653
0.55270653
0.54855801
0.54855801
0.54833047
0.54833047
0.54697203
0.54697203
0.54209627
0.54209627
0.53845084
0.53845084
0.53802944
0.53802944
0.53719153
0.53719153
0.53698308
0.53698308
0.53431162
0.53431162
0.52675663
0.52675663
0.52675663
0.52675663
0.52163124
0.52163124
0.51868126
0.51868126
0.51727629
0.51727629
0.51666724
0.51666724
0.51636632
0.51636632
0.51489813
0.51489813
0.51461186
0.51461186
0.51349171
0.51349171
0.50965670
0.50965670
0.50662061
0.50662061
0.50487211
0.50487211
0.50487211
0.50487211
0.50104113
0.50104113
0.50044572
0.50044572
0.50008683
0.50008683
0.70496293
0.70496293
0.70489445
0.70489445
0.70482012
0.70482012
0.70479097
0.70479097
0.70459155
0.70459155
0.70399470
0.70399470
0.70396131
0.70396131
0.70295034
0.70295034
0.70260673
0.70260673
0.70201355
0.70201355
0.70049476
0.70049476
0.70049476
0.70049476
0.70021187
0.70021187
0.69867094
0.69867094
0.69790920
0.69790920
0.69606621
0.69606621
0.69587060
0.69587060
0.69433857
0.69433857
0.69153350
0.69153350
0.68995253
0.68995253
0.68842010
0.68842010
0.68695457
0.68695457
0.68613094
0.68613094
0.68543163
0.68543163
0.68529036
0.68529036
0.68443295
0.68443295
0.68191337
0.68191337
0.68145505
0.68145505
0.67958135
0.67958135
0.67926283
0.67926283
0.67305734
0.67305734
0.67181828
0.67181828
0.66983077
0.66983077
0.66760733
0.66760733
0.66551972
0.66551972
0.66474910
0.66474910
0.66377732
0.66377732
0.66240119
0.66240119
0.65692761
0.65692761
0.65588609
0.65588609
0.65546712
0.65546712
0.65504681
0.65504681
0.65483616
0.65483616
0.65399023
0.65399023
0.65206783
0.65206783
0.65206783
0.65206783
0.64924566
0.64924566
0.64924566
0.64924566
0.64858699
0.64858699
0.64858699
0.64858699
0.64770453
0.64770453
0.64770453
0.64770453
0.64681732
0.64681732
0.64681732
0.64681732
0.63862983
0.63862983
0.63862983
0.63862983
0.63488274
0.63488274
0.63488274
0.63488274
0.63251017
0.63251017
0.63251017
0.63251017
0.63059614
0.63059614
0.63059614
0.63059614
0.63059614
0.63059614
0.63059614
0.63059614
0.62157838
0.62157838
0.62157838
0.62157838
0.61934861
0.61934861
0.61934861
0.61934861
0.61460252
0.61460252
0.61460252
0.61460252
0.60676728
0.60676728
0.60676728
0.60676728
0.60447638
0.60447638
0.60447638
0.60447638
0.59706413
0.59706413
0.59706413
0.59706413
0.59629570
0.59629570
0.59629570
0.59629570
0.58912252
0.58912252
0.58912252
0.58912252
0.58605320
0.58605320
0.58605320
0.58605320
0.57993856
0.57993856
0.57993856
0.57993856
0.56887917
0.56887917
0.56887917
0.56887917
0.55861996
0.55861996
0.55861996
0.55861996
0.55742432
0.55742432
0.55742432
0.55742432
0.55647230
0.55647230
0.55647230
0.55647230
0.55481623
0.55481623
0.55481623
0.55481623
0.55434547
0.55434547
0.55434547
0.55434547
0.55340725
0.55340725
0.55340725
0.55340725
0.55270653
0.55270653
0.55270653
0.55270653
0.55270653
0.55270653
0.55270653
0.55270653
0.54855801
0.54855801
0.54855801
0.54855801
0.54833047
0.54833047
0.54833047
0.54833047
0.54697203
0.54697203
0.54697203
0.54697203
0.54209627
0.54209627
0.54209627
0.54209627
0.53845084
0.53845084
0.53845084
0.53845084
0.53802944
0.53802944
0.53802944
0.53802944
0.53719153
0.53719153
0.53719153
0.53719153
0.53698308
0.53698308
0.53698308
0.53698308
0.53431162
0.53431162
0.53431162
0.53431162
0.52675663
0.52675663
0.52675663
0.52675663
0.52675663
0.52675663
0.52675663
0.52675663
0.52163124
0.52163124
0.52163124
0.52163124
0.51868126
0.51868126
0.51868126
0.51868126
0.51727629
0.51727629
0.51727629
0.51727629
0.51666724
0.51666724
0.51666724
0.51666724
0.51636632
0.51636632
0.51636632
0.51636632
0.51489813
0.51489813
0.51489813
0.51489813
0.51461186
0.51461186
0.51461186
0.51461186
0.51349171
0.51349171
0.51349171
0.51349171
0.50965670
0.50965670
0.50965670
0.50965670
0.50662061
0.50662061
0.50662061
0.50662061
0.50487211
0.50487211
0.50487211
0.50487211
0.50487211
0.50487211
0.50487211
0.50487211
0.50104113
0.50104113
0.50104113
0.50104113
0.50044572
0.50044572
0.50044572
0.50044572
0.50008683
0.50008683
0.50008683
0.50008683
