0.68341154
0.57136987
0.51789484
0.68749417
0.69117602
0.69875297
0.50024110
0.55576098
0.56102907
0.70477557
0.58861060
0.65713489
0.63723198
0.52862459
0.59962397
0.68668192
0.50074594
0.70116488
0.50576039
0.51636632
0.65692761
0.68296688
0.65420221
0.51086968
0.68114725
0.55505202
0.52862459
0.65077184
0.68681848
0.65796058
0.70491486
0.63298649
0.66666421
0.55085066
0.53636022
0.68585263
0.64093925
0.65898490
0.67479209
0.55062001
0.70493307
0.68083765
0.66436151
0.50576039
0.55670992
0.68970197
0.54429138
0.58248142
0.70308951
0.69537263
0.54015239
0.51820765
0.54058169
0.52029748
0.67163963
0.63298649
0.52334810
0.70497458
0.68828926
0.59168360
0.70255549
0.61710665
0.66946416
0.53929846
0.67358216
0.70116488
0.69269295
0.70339533
0.70499927
0.51884029
0.66741948
0.60930518
0.51489813
0.69682815
0.65609507
0.51606781
0.64902640
0.69701349
0.66571143
0.50147854
0.55505202
0.60702145
0.50764302
0.55718593
0.64990159
0.70090320
0.55982162
0.54924254
0.70429868
0.62182533
0.62404039
0.53908595
0.59885633
0.63488274
0.55885981
0.65420221
0.65754842
0.69946768
0.65142125
0.70427073
0.65142125
0.65077184
0.64990159
0.64902640
0.64093925
0.63723198
0.63488274
0.63298649
0.63298649
0.62404039
0.62182533
0.61710665
0.60930518
0.60702145
0.59962397
0.59885633
0.59168360
0.58861060
0.58248142
0.57136987
0.56102907
0.55982162
0.55885981
0.55718593
0.55670992
0.55576098
0.55505202
0.55505202
0.55085066
0.55062001
0.54924254
0.54429138
0.54058169
0.54015239
0.53929846
0.53908595
0.53636022
0.52862459
0.52862459
0.52334810
0.52029748
0.51884029
0.51820765
0.51789484
0.51636632
0.51606781
0.51489813
0.51086968
0.50764302
0.50576039
0.50576039
0.50147854
0.50074594
0.50024110
0.70499927
0.70497458
0.70493307
0.70491486
0.70477557
0.70429868
0.70427073
0.70339533
0.70308951
0.70255549
0.70116488
0.70116488
0.70090320
0.69946768
0.69875297
0.69701349
0.69682815
0.69537263
0.69269295
0.69117602
0.68970197
0.68828926
0.68749417
0.68681848
0.68668192
0.68585263
0.68341154
0.68296688
0.68114725
0.68083765
0.67479209
0.67358216
0.67163963
0.66946416
0.66741948
0.66666421
0.66571143
0.66436151
0.65898490
0.65796058
0.65754842
0.65713489
0.65692761
0.65609507
0.65420221
0.65420221
0.65142125
0.65142125
0.65077184
0.65077184
0.64990159
0.64990159
0.64902640
0.64902640
0.64093925
0.64093925
0.63723198
0.63723198
0.63488274
0.63488274
0.63298649
0.63298649
0.63298649
0.63298649
0.62404039
0.62404039
0.62182533
0.62182533
0.61710665
0.61710665
0.60930518
0.60930518
0.60702145
0.60702145
0.59962397
0.59962397
0.59885633
0.59885633
0.59168360
0.59168360
0.58861060
0.58861060
0.58248142
0.58248142
0.57136987
0.57136987
0.56102907
0.56102907
0.55982162
0.55982162
0.55885981
0.55885981
0.55718593
0.55718593
0.55670992
0.55670992
0.55576098
0.55576098
0.55505202
0.55505202
0.55505202
0.55505202
0.55085066
0.55085066
0.55062001
0.55062001
0.54924254
0.54924254
0.54429138
0.54429138
0.54058169
0.54058169
0.54015239
0.54015239
0.53929846
0.53929846
0.53908595
0.53908595
0.53636022
0.53636022
0.52862459
0.52862459
0.52862459
0.52862459
0.52334810
0.52334810
0.52029748
0.52029748
0.51884029
0.51884029
0.51820765
0.51820765
0.51789484
0.51789484
0.51636632
0.51636632
0.51606781
0.51606781
0.51489813
0.51489813
0.51086968
0.51086968
0.50764302
0.50764302
0.50576039
0.50576039
0.50576039
0.50576039
0.50147854
0.50147854
0.50074594
0.50074594
0.50024110
0.50024110
0.70499927
0.70499927
0.70497458
0.70497458
0.70493307
0.70493307
0.70491486
0.70491486
0.70477557
0.70477557
0.70429868
0.70429868
0.70427073
0.70427073
0.70339533
0.70339533
0.70308951
0.70308951
0.70255549
0.70255549
0.70116488
0.70116488
0.70116488
0.70116488
0.70090320
0.70090320
0.69946768
0.69946768
0.69875297
0.69875297
0.69701349
0.69701349
0.69682815
0.69682815
0.69537263
0.69537263
0.69269295
0.69269295
0.69117602
0.69117602
0.68970197
0.68970197
0.68828926
0.68828926
0.68749417
0.68749417
0.68681848
0.68681848
0.68668192
0.68668192
0.68585263
0.68585263
0.68341154
0.68341154
0.68296688
0.68296688
0.68114725
0.68114725
0.68083765
0.68083765
0.67479209
0.67479209
0.67358216
0.67358216
0.67163963
0.67163963
0.66946416
0.66946416
0.66741948
0.66741948
0.66666421
0.66666421
0.66571143
0.66571143
0.66436151
0.66436151
0.65898490
0.65898490
0.65796058
0.65796058
0.65754842
0.65754842
0.65713489
0.65713489
0.65692761
0.65692761
0.65609507
0.65609507
0.65420221
0.65420221
0.65420221
0.65420221
0.65142125
0.65142125
0.65142125
0.65142125
0.65077184
0.65077184
0.65077184
0.65077184
0.64990159
0.64990159
0.64990159
0.64990159
0.64902640
0.64902640
0.64902640
0.64902640
0.64093925
0.64093925
0.64093925
0.64093925
0.63723198
0.63723198
0.63723198
0.63723198
0.63488274
0.63488274
0.63488274
0.63488274
0.63298649
0.63298649
0.63298649
0.63298649
0.63298649
0.63298649
0.63298649
0.63298649
0.62404039
0.62404039
0.62404039
0.62404039
0.62182533
0.62182533
0.62182533
0.62182533
0.61710665
0.61710665
0.61710665
0.61710665
0.60930518
0.60930518
0.60930518
0.60930518
0.60702145
0.60702145
0.60702145
0.60702145
0.59962397
0.59962397
0.59962397
0.59962397
0.59885633
0.59885633
0.59885633
0.59885633
0.59168360
0.59168360
0.59168360
0.59168360
0.58861060
0.58861060
0.58861060
0.58861060
0.58248142
0.58248142
0.58248142
0.58248142
0.57136987
0.57136987
0.57136987
0.57136987
0.56102907
0.56102907
0.56102907
0.56102907
0.55982162
0.55982162
0.55982162
0.55982162
0.55885981
0.55885981
0.55885981
0.55885981
0.55718593
0.55718593
0.55718593
0.55718593
0.55670992
0.55670992
0.55670992
0.55670992
0.55576098
0.55576098
0.55576098
0.55576098
0.55505202
0.55505202
0.55505202
0.55505202
0.55505202
0.55505202
0.55505202
0.55505202
0.55085066
0.55085066
0.55085066
0.55085066
0.55062001
0.55062001
0.55062001
0.55062001
0.54924254
0.54924254
0.54924254
0.54924254
0.54429138
0.54429138
0.54429138
0.54429138
0.54058169
0.54058169
0.54058169
0.54058169
0.54015239
0.54015239
0.54015239
0.54015239
0.53929846
0.53929846
0.53929846
0.53929846
0.53908595
0.53908595
0.53908595
0.53908595
0.53636022
0.53636022
0.53636022
0.53636022
0.52862459
0.52862459
0.52862459
0.52862459
0.52862459
0.52862459
0.52862459
0.52862459
0.52334810
0.52334810
0.52334810
0.52334810
0.52029748
0.52029748
0.52029748
0.52029748
0.51884029
0.51884029
0.51884029
0.51884029
0.51820765
0.51820765
0.51820765
0.51820765
0.51789484
0.51789484
0.51789484
0.51789484
0.51636632
0.51636632
0.51636632
0.51636632
0.51606781
0.51606781
0.51606781
0.51606781
0.51489813
0.51489813
0.51489813
0.51489813
0.51086968
0.51086968
0.51086968
0.51086968
0.50764302
0.50764302
0.50764302
0.50764302
0.50576039
0.50576039
0.50576039
0.50576039
0.50576039
0.50576039
0.50576039
0.50576039
0.50147854
0.50147854
0.50147854
0.50147854
0.50074594
0.50074594
0.50074594
0.50074594
0.50024110
0.50024110
0.50024110
0.50024110
