0.68486375
0.57387537
0.51948220
0.68880973
0.69235032
0.69954447
0.50047230
0.55814097
0.56346048
0.70490493
0.59117123
0.65918871
0.63955669
0.53054137
0.60218018
0.68802615
0.50112254
0.70178176
0.50671971
0.51789484
0.65898490
0.68443295
0.65630371
0.51214844
0.68266816
0.55742432
0.53054137
0.65292546
0.68815795
0.66000043
0.70498403
0.63535450
0.66854068
0.55317339
0.53845084
0.68722532
0.64322226
0.66100707
0.67648460
0.55293982
0.70499130
0.68236761
0.66628425
0.50671971
0.55909991
0.69093524
0.54652185
0.58503151
0.70351829
0.69635579
0.54231413
0.51980661
0.54275098
0.52197024
0.67340764
0.63535450
0.52511863
0.50000000
0.68957596
0.59424597
0.70304366
0.61959698
0.67128110
0.54144490
0.67530432
0.70178176
0.69380258
0.70378621
0.50002470
0.52046224
0.66928026
0.61183370
0.51636632
0.69773420
0.65816614
0.51758438
0.65120510
0.69790920
0.66760733
0.50199154
0.55742432
0.60955848
0.50873452
0.55958081
0.65206783
0.70154141
0.56224210
0.55154441
0.70454819
0.62428564
0.62648479
0.54122853
0.60141379
0.63723198
0.56127124
0.65630371
0.65959528
0.70021187
0.65356530
0.70452570
0.65356530
0.65292546
0.65206783
0.65120510
0.64322226
0.63955669
0.63723198
0.63535450
0.63535450
0.62648479
0.62428564
0.61959698
0.61183370
0.60955848
0.60218018
0.60141379
0.59424597
0.59117123
0.58503151
0.57387537
0.56346048
0.56224210
0.56127124
0.55958081
0.55909991
0.55814097
0.55742432
0.55742432
0.55317339
0.55293982
0.55154441
0.54652185
0.54275098
0.54231413
0.54144490
0.54122853
0.53845084
0.53054137
0.53054137
0.52511863
0.52197024
0.52046224
0.51980661
0.51948220
0.51789484
0.51758438
0.51636632
0.51214844
0.50873452
0.50671971
0.50671971
0.50199154
0.50112254
0.50047230
0.50002470
0.50000000
0.70499130
0.70498403
0.70490493
0.70454819
0.70452570
0.70378621
0.70351829
0.70304366
0.70178176
0.70178176
0.70154141
0.70021187
0.69954447
0.69790920
0.69773420
0.69635579
0.69380258
0.69235032
0.69093524
0.68957596
0.68880973
0.68815795
0.68802615
0.68722532
0.68486375
0.68443295
0.68266816
0.68236761
0.67648460
0.67530432
0.67340764
0.67128110
0.66928026
0.66854068
0.66760733
0.66628425
0.66100707
0.66000043
0.65959528
0.65918871
0.65898490
0.65816614
0.65630371
0.65630371
0.65356530
0.65356530
0.65292546
0.65292546
0.65206783
0.65206783
0.65120510
0.65120510
0.64322226
0.64322226
0.63955669
0.63955669
0.63723198
0.63723198
0.63535450
0.63535450
0.63535450
0.63535450
0.62648479
0.62648479
0.62428564
0.62428564
0.61959698
0.61959698
0.61183370
0.61183370
0.60955848
0.60955848
0.60218018
0.60218018
0.60141379
0.60141379
0.59424597
0.59424597
0.59117123
0.59117123
0.58503151
0.58503151
0.57387537
0.57387537
0.56346048
0.56346048
0.56224210
0.56224210
0.56127124
0.56127124
0.55958081
0.55958081
0.55909991
0.55909991
0.55814097
0.55814097
0.55742432
0.55742432
0.55742432
0.55742432
0.55317339
0.55317339
0.55293982
0.55293982
0.55154441
0.55154441
0.54652185
0.54652185
0.54275098
0.54275098
0.54231413
0.54231413
0.54144490
0.54144490
0.54122853
0.54122853
0.53845084
0.53845084
0.53054137
0.53054137
0.53054137
0.53054137
0.52511863
0.52511863
0.52197024
0.52197024
0.52046224
0.52046224
0.51980661
0.51980661
0.51948220
0.51948220
0.51789484
0.51789484
0.51758438
0.51758438
0.51636632
0.51636632
0.51214844
0.51214844
0.50873452
0.50873452
0.50671971
0.50671971
0.50671971
0.50671971
0.50199154
0.50199154
0.50112254
0.50112254
0.50047230
0.50047230
0.50002470
0.50002470
0.50000000
0.50000000
0.70499130
0.70499130
0.70498403
0.70498403
0.70490493
0.70490493
0.70454819
0.70454819
0.70452570
0.70452570
0.70378621
0.70378621
0.70351829
0.70351829
0.70304366
0.70304366
0.70178176
0.70178176
0.70178176
0.70178176
0.70154141
0.70154141
0.70021187
0.70021187
0.69954447
0.69954447
0.69790920
0.69790920
0.69773420
0.69773420
0.69635579
0.69635579
0.69380258
0.69380258
0.69235032
0.69235032
0.69093524
0.69093524
0.68957596
0.68957596
0.68880973
0.68880973
0.68815795
0.68815795
0.68802615
0.68802615
0.68722532
0.68722532
0.68486375
0.68486375
0.68443295
0.68443295
0.68266816
0.68266816
0.68236761
0.68236761
0.67648460
0.67648460
0.67530432
0.67530432
0.67340764
0.67340764
0.67128110
0.67128110
0.66928026
0.66928026
0.66854068
0.66854068
0.66760733
0.66760733
0.66628425
0.66628425
0.66100707
0.66100707
0.66000043
0.66000043
0.65959528
0.65959528
0.65918871
0.65918871
0.65898490
0.65898490
0.65816614
0.65816614
0.65630371
0.65630371
0.65630371
0.65630371
0.65356530
0.65356530
0.65356530
0.65356530
0.65292546
0.65292546
0.65292546
0.65292546
0.65206783
0.65206783
0.65206783
0.65206783
0.65120510
0.65120510
0.65120510
0.65120510
0.64322226
0.64322226
0.64322226
0.64322226
0.63955669
0.63955669
0.63955669
0.63955669
0.63723198
0.63723198
0.63723198
0.63723198
0.63535450
0.63535450
0.63535450
0.63535450
0.63535450
0.63535450
0.63535450
0.63535450
0.62648479
0.62648479
0.62648479
0.62648479
0.62428564
0.62428564
0.62428564
0.62428564
0.61959698
0.61959698
0.61959698
0.61959698
0.61183370
0.61183370
0.61183370
0.61183370
0.60955848
0.60955848
0.60955848
0.60955848
0.60218018
0.60218018
0.60218018
0.60218018
0.60141379
0.60141379
0.60141379
0.60141379
0.59424597
0.59424597
0.59424597
0.59424597
0.59117123
0.59117123
0.59117123
0.59117123
0.58503151
0.58503151
0.58503151
0.58503151
0.57387537
0.57387537
0.57387537
0.57387537
0.56346048
0.56346048
0.56346048
0.56346048
0.56224210
0.56224210
0.56224210
0.56224210
0.56127124
0.56127124
0.56127124
0.56127124
0.55958081
0.55958081
0.55958081
0.55958081
0.55909991
0.55909991
0.55909991
0.55909991
0.55814097
0.55814097
0.55814097
0.55814097
0.55742432
0.55742432
0.55742432
0.55742432
0.55742432
0.55742432
0.55742432
0.55742432
0.55317339
0.55317339
0.55317339
0.55317339
0.55293982
0.55293982
0.55293982
0.55293982
0.55154441
0.55154441
0.55154441
0.55154441
0.54652185
0.54652185
0.54652185
0.54652185
0.54275098
0.54275098
0.54275098
0.54275098
0.54231413
0.54231413
0.54231413
0.54231413
0.54144490
0.54144490
0.54144490
0.54144490
0.54122853
0.54122853
0.54122853
0.54122853
0.53845084
0.53845084
0.53845084
0.53845084
0.53054137
0.53054137
0.53054137
0.53054137
0.53054137
0.53054137
0.53054137
0.53054137
0.52511863
0.52511863
0.52511863
0.52511863
0.52197024
0.52197024
0.52197024
0.52197024
0.52046224
0.52046224
0.52046224
0.52046224
0.51980661
0.51980661
0.51980661
0.51980661
0.51948220
0.51948220
0.51948220
0.51948220
0.51789484
0.51789484
0.51789484
0.51789484
0.51758438
0.51758438
0.51758438
0.51758438
0.51636632
0.51636632
0.51636632
0.51636632
0.51214844
0.51214844
0.51214844
0.51214844
0.50873452
0.50873452
0.50873452
0.50873452
0.50671971
0.50671971
0.50671971
0.50671971
0.50671971
0.50671971
0.50671971
0.50671971
0.50199154
0.50199154
0.50199154
0.50199154
0.50112254
0.50112254
0.50112254
0.50112254
0.50047230
0.50047230
0.50047230
0.50047230
0.50002470
0.50002470
0.50002470
0.50002470
0.50000000
0.50000000
0.50000000
0.50000000
