0.69257924
0.58912252
0.53015419
0.69567294
0.69833760
0.70317959
0.50345516
0.57287150
0.57841702
0.50064784
0.60651303
0.67074026
0.65292546
0.54296995
0.61735633
0.69506774
0.50495771
0.70435295
0.51390706
0.52824703
0.67055916
0.69223512
0.66816852
0.52112689
0.69081412
0.57212004
0.54296995
0.66513517
0.69516988
0.67146057
0.50104113
0.64902640
0.67894254
0.56763993
0.55177625
0.69444426
0.65630371
0.67235178
0.68571276
0.56739260
0.50112254
0.69057039
0.67698400
0.51390706
0.57387537
0.69728763
0.56054541
0.60039128
0.70494910
0.70116488
0.55599782
0.53054137
0.55647230
0.53310337
0.68311556
0.64902640
0.53677504
0.50138499
0.69625977
0.60955848
0.70483388
0.63417337
0.68130138
0.55505202
0.68472061
0.70435295
0.69939037
0.70498794
0.50177730
0.53132137
0.67958135
0.62672821
0.52638905
0.70207016
0.66983077
0.52787145
0.66358184
0.70218177
0.67813412
0.50662061
0.57212004
0.62453072
0.51666724
0.57437809
0.66436151
0.70424224
0.57715179
0.56591237
0.50013929
0.63862983
0.64070948
0.55481623
0.61660689
0.65077184
0.57614154
0.66816852
0.67110123
0.70355819
0.66571143
0.50012502
0.66571143
0.66513517
0.66436151
0.66358184
0.65630371
0.65292546
0.65077184
0.64902640
0.64902640
0.64070948
0.63862983
0.63417337
0.62672821
0.62453072
0.61735633
0.61660689
0.60955848
0.60651303
0.60039128
0.58912252
0.57841702
0.57715179
0.57614154
0.57437809
0.57387537
0.57287150
0.57212004
0.57212004
0.56763993
0.56739260
0.56591237
0.56054541
0.55647230
0.55599782
0.55505202
0.55481623
0.55177625
0.54296995
0.54296995
0.53677504
0.53310337
0.53132137
0.53054137
0.53015419
0.52824703
0.52787145
0.52638905
0.52112689
0.51666724
0.51390706
0.51390706
0.50662061
0.50495771
0.50345516
0.50177730
0.50138499
0.50112254
0.50104113
0.50064784
0.50013929
0.50012502
0.70498794
0.70494910
0.70483388
0.70435295
0.70435295
0.70424224
0.70355819
0.70317959
0.70218177
0.70207016
0.70116488
0.69939037
0.69833760
0.69728763
0.69625977
0.69567294
0.69516988
0.69506774
0.69444426
0.69257924
0.69223512
0.69081412
0.69057039
0.68571276
0.68472061
0.68311556
0.68130138
0.67958135
0.67894254
0.67813412
0.67698400
0.67235178
0.67146057
0.67110123
0.67074026
0.67055916
0.66983077
0.66816852
0.66816852
0.66571143
0.66571143
0.66513517
0.66513517
0.66436151
0.66436151
0.66358184
0.66358184
0.65630371
0.65630371
0.65292546
0.65292546
0.65077184
0.65077184
0.64902640
0.64902640
0.64902640
0.64902640
0.64070948
0.64070948
0.63862983
0.63862983
0.63417337
0.63417337
0.62672821
0.62672821
0.62453072
0.62453072
0.61735633
0.61735633
0.61660689
0.61660689
0.60955848
0.60955848
0.60651303
0.60651303
0.60039128
0.60039128
0.58912252
0.58912252
0.57841702
0.57841702
0.57715179
0.57715179
0.57614154
0.57614154
0.57437809
0.57437809
0.57387537
0.57387537
0.57287150
0.57287150
0.57212004
0.57212004
0.57212004
0.57212004
0.56763993
0.56763993
0.56739260
0.56739260
0.56591237
0.56591237
0.56054541
0.56054541
0.55647230
0.55647230
0.55599782
0.55599782
0.55505202
0.55505202
0.55481623
0.55481623
0.55177625
0.55177625
0.54296995
0.54296995
0.54296995
0.54296995
0.53677504
0.53677504
0.53310337
0.53310337
0.53132137
0.53132137
0.53054137
0.53054137
0.53015419
0.53015419
0.52824703
0.52824703
0.52787145
0.52787145
0.52638905
0.52638905
0.52112689
0.52112689
0.51666724
0.51666724
0.51390706
0.51390706
0.51390706
0.51390706
0.50662061
0.50662061
0.50495771
0.50495771
0.50345516
0.50345516
0.50177730
0.50177730
0.50138499
0.50138499
0.50112254
0.50112254
0.50104113
0.50104113
0.50064784
0.50064784
0.50013929
0.50013929
0.50012502
0.50012502
0.70498794
0.70498794
0.70494910
0.70494910
0.70483388
0.70483388
0.70435295
0.70435295
0.70435295
0.70435295
0.70424224
0.70424224
0.70355819
0.70355819
0.70317959
0.70317959
0.70218177
0.70218177
0.70207016
0.70207016
0.70116488
0.70116488
0.69939037
0.69939037
0.69833760
0.69833760
0.69728763
0.69728763
0.69625977
0.69625977
0.69567294
0.69567294
0.69516988
0.69516988
0.69506774
0.69506774
0.69444426
0.69444426
0.69257924
0.69257924
0.69223512
0.69223512
0.69081412
0.69081412
0.69057039
0.69057039
0.68571276
0.68571276
0.68472061
0.68472061
0.68311556
0.68311556
0.68130138
0.68130138
0.67958135
0.67958135
0.67894254
0.67894254
0.67813412
0.67813412
0.67698400
0.67698400
0.67235178
0.67235178
0.67146057
0.67146057
0.67110123
0.67110123
0.67074026
0.67074026
0.67055916
0.67055916
0.66983077
0.66983077
0.66816852
0.66816852
0.66816852
0.66816852
0.66571143
0.66571143
0.66571143
0.66571143
0.66513517
0.66513517
0.66513517
0.66513517
0.66436151
0.66436151
0.66436151
0.66436151
0.66358184
0.66358184
0.66358184
0.66358184
0.65630371
0.65630371
0.65630371
0.65630371
0.65292546
0.65292546
0.65292546
0.65292546
0.65077184
0.65077184
0.65077184
0.65077184
0.64902640
0.64902640
0.64902640
0.64902640
0.64902640
0.64902640
0.64902640
0.64902640
0.64070948
0.64070948
0.64070948
0.64070948
0.63862983
0.63862983
0.63862983
0.63862983
0.63417337
0.63417337
0.63417337
0.63417337
0.62672821
0.62672821
0.62672821
0.62672821
0.62453072
0.62453072
0.62453072
0.62453072
0.61735633
0.61735633
0.61735633
0.61735633
0.61660689
0.61660689
0.61660689
0.61660689
0.60955848
0.60955848
0.60955848
0.60955848
0.60651303
0.60651303
0.60651303
0.60651303
0.60039128
0.60039128
0.60039128
0.60039128
0.58912252
0.58912252
0.58912252
0.58912252
0.57841702
0.57841702
0.57841702
0.57841702
0.57715179
0.57715179
0.57715179
0.57715179
0.57614154
0.57614154
0.57614154
0.57614154
0.57437809
0.57437809
0.57437809
0.57437809
0.57387537
0.57387537
0.57387537
0.57387537
0.57287150
0.57287150
0.57287150
0.57287150
0.57212004
0.57212004
0.57212004
0.57212004
0.57212004
0.57212004
0.57212004
0.57212004
0.56763993
0.56763993
0.56763993
0.56763993
0.56739260
0.56739260
0.56739260
0.56739260
0.56591237
0.56591237
0.56591237
0.56591237
0.56054541
0.56054541
0.56054541
0.56054541
0.55647230
0.55647230
0.55647230
0.55647230
0.55599782
0.55599782
0.55599782
0.55599782
0.55505202
0.55505202
0.55505202
0.55505202
0.55481623
0.55481623
0.55481623
0.55481623
0.55177625
0.55177625
0.55177625
0.55177625
0.54296995
0.54296995
0.54296995
0.54296995
0.54296995
0.54296995
0.54296995
0.54296995
0.53677504
0.53677504
0.53677504
0.53677504
0.53310337
0.53310337
0.53310337
0.53310337
0.53132137
0.53132137
0.53132137
0.53132137
0.53054137
0.53054137
0.53054137
0.53054137
0.53015419
0.53015419
0.53015419
0.53015419
0.52824703
0.52824703
0.52824703
0.52824703
0.52787145
0.52787145
0.52787145
0.52787145
0.52638905
0.52638905
0.52638905
0.52638905
0.52112689
0.52112689
0.52112689
0.52112689
0.51666724
0.51666724
0.51666724
0.51666724
0.51390706
0.51390706
0.51390706
0.51390706
0.51390706
0.51390706
0.51390706
0.51390706
0.50662061
0.50662061
0.50662061
0.50662061
0.50495771
0.50495771
0.50495771
0.50495771
0.50345516
0.50345516
0.50345516
0.50345516
0.50177730
0.50177730
0.50177730
0.50177730
0.50138499
0.50138499
0.50138499
0.50138499
0.50112254
0.50112254
0.50112254
0.50112254
0.50104113
0.50104113
0.50104113
0.50104113
0.50064784
0.50064784
0.50064784
0.50064784
0.50013929
0.50013929
0.50013929
0.50013929
0.50012502
0.50012502
0.50012502
0.50012502
