0.69141483
0.58656434
0.52824703
0.69465411
0.69746781
0.70270760
0.50277053
0.57037171
0.57588926
0.50037060
0.60396653
0.66891126
0.65077184
0.54079692
0.61485351
0.69401849
0.50413417
0.70405985
0.51254471
0.52638905
0.66872617
0.69105588
0.66628425
0.51948220
0.68957596
0.56962472
0.54079692
0.66318977
0.69412569
0.66964766
0.50067978
0.64681732
0.67731478
0.56517476
0.54947135
0.69336474
0.65420221
0.67055916
0.68428842
0.56492927
0.50074594
0.68932249
0.67530432
0.51254471
0.57136987
0.69635579
0.55814097
0.59783237
0.70484709
0.70049476
0.55364139
0.52862459
0.55411050
0.53112567
0.68160828
0.64681732
0.53471789
0.50096276
0.69527151
0.60702145
0.70467171
0.63179403
0.67973994
0.55270653
0.68326378
0.70405985
0.69858839
0.70492424
0.50129448
0.52938554
0.67797112
0.62428564
0.52458193
0.70147999
0.66798184
0.52602350
0.66160673
0.70160230
0.67648460
0.50566835
0.56962472
0.62207212
0.51518687
0.57186984
0.66240119
0.70392738
0.57462964
0.56346048
0.50003126
0.63629516
0.63839748
0.55247352
0.61410016
0.64858699
0.57362420
0.66628425
0.66928026
0.70313482
0.66377732
0.50002470
0.66377732
0.66318977
0.66240119
0.66160673
0.65420221
0.65077184
0.64858699
0.64681732
0.64681732
0.63839748
0.63629516
0.63179403
0.62428564
0.62207212
0.61485351
0.61410016
0.60702145
0.60396653
0.59783237
0.58656434
0.57588926
0.57462964
0.57362420
0.57186984
0.57136987
0.57037171
0.56962472
0.56962472
0.56517476
0.56492927
0.56346048
0.55814097
0.55411050
0.55364139
0.55270653
0.55247352
0.54947135
0.54079692
0.54079692
0.53471789
0.53112567
0.52938554
0.52862459
0.52824703
0.52638905
0.52602350
0.52458193
0.51948220
0.51518687
0.51254471
0.51254471
0.50566835
0.50413417
0.50277053
0.50129448
0.50096276
0.50074594
0.50067978
0.50037060
0.50003126
0.50002470
0.70492424
0.70484709
0.70467171
0.70405985
0.70405985
0.70392738
0.70313482
0.70270760
0.70160230
0.70147999
0.70049476
0.69858839
0.69746781
0.69635579
0.69527151
0.69465411
0.69412569
0.69401849
0.69336474
0.69141483
0.69105588
0.68957596
0.68932249
0.68428842
0.68326378
0.68160828
0.67973994
0.67797112
0.67731478
0.67648460
0.67530432
0.67055916
0.66964766
0.66928026
0.66891126
0.66872617
0.66798184
0.66628425
0.66628425
0.66377732
0.66377732
0.66318977
0.66318977
0.66240119
0.66240119
0.66160673
0.66160673
0.65420221
0.65420221
0.65077184
0.65077184
0.64858699
0.64858699
0.64681732
0.64681732
0.64681732
0.64681732
0.63839748
0.63839748
0.63629516
0.63629516
0.63179403
0.63179403
0.62428564
0.62428564
0.62207212
0.62207212
0.61485351
0.61485351
0.61410016
0.61410016
0.60702145
0.60702145
0.60396653
0.60396653
0.59783237
0.59783237
0.58656434
0.58656434
0.57588926
0.57588926
0.57462964
0.57462964
0.57362420
0.57362420
0.57186984
0.57186984
0.57136987
0.57136987
0.57037171
0.57037171
0.56962472
0.56962472
0.56962472
0.56962472
0.56517476
0.56517476
0.56492927
0.56492927
0.56346048
0.56346048
0.55814097
0.55814097
0.55411050
0.55411050
0.55364139
0.55364139
0.55270653
0.55270653
0.55247352
0.55247352
0.54947135
0.54947135
0.54079692
0.54079692
0.54079692
0.54079692
0.53471789
0.53471789
0.53112567
0.53112567
0.52938554
0.52938554
0.52862459
0.52862459
0.52824703
0.52824703
0.52638905
0.52638905
0.52602350
0.52602350
0.52458193
0.52458193
0.51948220
0.51948220
0.51518687
0.51518687
0.51254471
0.51254471
0.51254471
0.51254471
0.50566835
0.50566835
0.50413417
0.50413417
0.50277053
0.50277053
0.50129448
0.50129448
0.50096276
0.50096276
0.50074594
0.50074594
0.50067978
0.50067978
0.50037060
0.50037060
0.50003126
0.50003126
0.50002470
0.50002470
0.70492424
0.70492424
0.70484709
0.70484709
0.70467171
0.70467171
0.70405985
0.70405985
0.70405985
0.70405985
0.70392738
0.70392738
0.70313482
0.70313482
0.70270760
0.70270760
0.70160230
0.70160230
0.70147999
0.70147999
0.70049476
0.70049476
0.69858839
0.69858839
0.69746781
0.69746781
0.69635579
0.69635579
0.69527151
0.69527151
0.69465411
0.69465411
0.69412569
0.69412569
0.69401849
0.69401849
0.69336474
0.69336474
0.69141483
0.69141483
0.69105588
0.69105588
0.68957596
0.68957596
0.68932249
0.68932249
0.68428842
0.68428842
0.68326378
0.68326378
0.68160828
0.68160828
0.67973994
0.67973994
0.67797112
0.67797112
0.67731478
0.67731478
0.67648460
0.67648460
0.67530432
0.67530432
0.67055916
0.67055916
0.66964766
0.66964766
0.66928026
0.66928026
0.66891126
0.66891126
0.66872617
0.66872617
0.66798184
0.66798184
0.66628425
0.66628425
0.66628425
0.66628425
0.66377732
0.66377732
0.66377732
0.66377732
0.66318977
0.66318977
0.66318977
0.66318977
0.66240119
0.66240119
0.66240119
0.66240119
0.66160673
0.66160673
0.66160673
0.66160673
0.65420221
0.65420221
0.65420221
0.65420221
0.65077184
0.65077184
0.65077184
0.65077184
0.64858699
0.64858699
0.64858699
0.64858699
0.64681732
0.64681732
0.64681732
0.64681732
0.64681732
0.64681732
0.64681732
0.64681732
0.63839748
0.63839748
0.63839748
0.63839748
0.63629516
0.63629516
0.63629516
0.63629516
0.63179403
0.63179403
0.63179403
0.63179403
0.62428564
0.62428564
0.62428564
0.62428564
0.62207212
0.62207212
0.62207212
0.62207212
0.61485351
0.61485351
0.61485351
0.61485351
0.61410016
0.61410016
0.61410016
0.61410016
0.60702145
0.60702145
0.60702145
0.60702145
0.60396653
0.60396653
0.60396653
0.60396653
0.59783237
0.59783237
0.59783237
0.59783237
0.58656434
0.58656434
0.58656434
0.58656434
0.57588926
0.57588926
0.57588926
0.57588926
0.57462964
0.57462964
0.57462964
0.57462964
0.57362420
0.57362420
0.57362420
0.57362420
0.57186984
0.57186984
0.57186984
0.57186984
0.57136987
0.57136987
0.57136987
0.57136987
0.57037171
0.57037171
0.57037171
0.57037171
0.56962472
0.56962472
0.56962472
0.56962472
0.56962472
0.56962472
0.56962472
0.56962472
0.56517476
0.56517476
0.56517476
0.56517476
0.56492927
0.56492927
0.56492927
0.56492927
0.56346048
0.56346048
0.56346048
0.56346048
0.55814097
0.55814097
0.55814097
0.55814097
0.55411050
0.55411050
0.55411050
0.55411050
0.55364139
0.55364139
0.55364139
0.55364139
0.55270653
0.55270653
0.55270653
0.55270653
0.55247352
0.55247352
0.55247352
0.55247352
0.54947135
0.54947135
0.54947135
0.54947135
0.54079692
0.54079692
0.54079692
0.54079692
0.54079692
0.54079692
0.54079692
0.54079692
0.53471789
0.53471789
0.53471789
0.53471789
0.53112567
0.53112567
0.53112567
0.53112567
0.52938554
0.52938554
0.52938554
0.52938554
0.52862459
0.52862459
0.52862459
0.52862459
0.52824703
0.52824703
0.52824703
0.52824703
0.52638905
0.52638905
0.52638905
0.52638905
0.52602350
0.52602350
0.52602350
0.52602350
0.52458193
0.52458193
0.52458193
0.52458193
0.51948220
0.51948220
0.51948220
0.51948220
0.51518687
0.51518687
0.51518687
0.51518687
0.51254471
0.51254471
0.51254471
0.51254471
0.51254471
0.51254471
0.51254471
0.51254471
0.50566835
0.50566835
0.50566835
0.50566835
0.50413417
0.50413417
0.50413417
0.50413417
0.50277053
0.50277053
0.50277053
0.50277053
0.50129448
0.50129448
0.50129448
0.50129448
0.50096276
0.50096276
0.50096276
0.50096276
0.50074594
0.50074594
0.50074594
0.50074594
0.50067978
0.50067978
0.50067978
0.50067978
0.50037060
0.50037060
0.50037060
0.50037060
0.50003126
0.50003126
0.50003126
0.50003126
0.50002470
0.50002470
0.50002470
0.50002470
