0.70006725
0.60955848
0.54697203
0.70195640
0.70339533
0.70499927
0.51150092
0.59322097
0.59885633
0.50557702
0.62648479
0.68385205
0.66891126
0.56151363
0.63676406
0.70160230
0.51404677
0.50037060
0.52694118
0.54473470
0.68370568
0.69984637
0.68176105
0.53615344
0.69891546
0.59245225
0.56151363
0.67926283
0.70166265
0.68443295
0.50662061
0.66551972
0.69032471
0.58784296
0.57112010
0.70122896
0.67181828
0.68514862
0.69537263
0.58758716
0.50681952
0.69875297
0.68880973
0.52694118
0.59424597
0.70285486
0.58044647
0.62058894
0.50167470
0.70459155
0.57563709
0.54742354
0.57614154
0.55038967
0.69347495
0.66551972
0.55458072
0.50743298
0.70229123
0.62939297
0.50116438
0.65228271
0.69211942
0.57462964
0.69465411
0.50037060
0.70389290
0.50204698
0.50828970
0.54833047
0.69081412
0.64547773
0.54253237
0.70484709
0.68311556
0.54429138
0.67797112
0.70487186
0.68970197
0.51666724
0.59245225
0.64344907
0.53054137
0.59475845
0.67862049
0.50028119
0.59757631
0.58605320
0.50374963
0.65630371
0.65816614
0.57437809
0.63606036
0.66704262
0.59655186
0.68176105
0.68414343
0.50001891
0.67973994
0.50367491
0.67973994
0.67926283
0.67862049
0.67797112
0.67181828
0.66891126
0.66704262
0.66551972
0.66551972
0.65816614
0.65630371
0.65228271
0.64547773
0.64344907
0.63676406
0.63606036
0.62939297
0.62648479
0.62058894
0.60955848
0.59885633
0.59757631
0.59655186
0.59475845
0.59424597
0.59322097
0.59245225
0.59245225
0.58784296
0.58758716
0.58605320
0.58044647
0.57614154
0.57563709
0.57462964
0.57437809
0.57112010
0.56151363
0.56151363
0.55458072
0.55038967
0.54833047
0.54742354
0.54697203
0.54473470
0.54429138
0.54253237
0.53615344
0.53054137
0.52694118
0.52694118
0.51666724
0.51404677
0.51150092
0.50828970
0.50743298
0.50681952
0.50662061
0.50557702
0.50374963
0.50367491
0.50204698
0.50167470
0.50116438
0.50037060
0.50037060
0.50028119
0.50001891
0.70499927
0.70487186
0.70484709
0.70459155
0.70389290
0.70339533
0.70285486
0.70229123
0.70195640
0.70166265
0.70160230
0.70122896
0.70006725
0.69984637
0.69891546
0.69875297
0.69537263
0.69465411
0.69347495
0.69211942
0.69081412
0.69032471
0.68970197
0.68880973
0.68514862
0.68443295
0.68414343
0.68385205
0.68370568
0.68311556
0.68176105
0.68176105
0.67973994
0.67973994
0.67926283
0.67926283
0.67862049
0.67862049
0.67797112
0.67797112
0.67181828
0.67181828
0.66891126
0.66891126
0.66704262
0.66704262
0.66551972
0.66551972
0.66551972
0.66551972
0.65816614
0.65816614
0.65630371
0.65630371
0.65228271
0.65228271
0.64547773
0.64547773
0.64344907
0.64344907
0.63676406
0.63676406
0.63606036
0.63606036
0.62939297
0.62939297
0.62648479
0.62648479
0.62058894
0.62058894
0.60955848
0.60955848
0.59885633
0.59885633
0.59757631
0.59757631
0.59655186
0.59655186
0.59475845
0.59475845
0.59424597
0.59424597
0.59322097
0.59322097
0.59245225
0.59245225
0.59245225
0.59245225
0.58784296
0.58784296
0.58758716
0.58758716
0.58605320
0.58605320
0.58044647
0.58044647
0.57614154
0.57614154
0.57563709
0.57563709
0.57462964
0.57462964
0.57437809
0.57437809
0.57112010
0.57112010
0.56151363
0.56151363
0.56151363
0.56151363
0.55458072
0.55458072
0.55038967
0.55038967
0.54833047
0.54833047
0.54742354
0.54742354
0.54697203
0.54697203
0.54473470
0.54473470
0.54429138
0.54429138
0.54253237
0.54253237
0.53615344
0.53615344
0.53054137
0.53054137
0.52694118
0.52694118
0.52694118
0.52694118
0.51666724
0.51666724
0.51404677
0.51404677
0.51150092
0.51150092
0.50828970
0.50828970
0.50743298
0.50743298
0.50681952
0.50681952
0.50662061
0.50662061
0.50557702
0.50557702
0.50374963
0.50374963
0.50367491
0.50367491
0.50204698
0.50204698
0.50167470
0.50167470
0.50116438
0.50116438
0.50037060
0.50037060
0.50037060
0.50037060
0.50028119
0.50028119
0.50001891
0.50001891
0.70499927
0.70499927
0.70487186
0.70487186
0.70484709
0.70484709
0.70459155
0.70459155
0.70389290
0.70389290
0.70339533
0.70339533
0.70285486
0.70285486
0.70229123
0.70229123
0.70195640
0.70195640
0.70166265
0.70166265
0.70160230
0.70160230
0.70122896
0.70122896
0.70006725
0.70006725
0.69984637
0.69984637
0.69891546
0.69891546
0.69875297
0.69875297
0.69537263
0.69537263
0.69465411
0.69465411
0.69347495
0.69347495
0.69211942
0.69211942
0.69081412
0.69081412
0.69032471
0.69032471
0.68970197
0.68970197
0.68880973
0.68880973
0.68514862
0.68514862
0.68443295
0.68443295
0.68414343
0.68414343
0.68385205
0.68385205
0.68370568
0.68370568
0.68311556
0.68311556
0.68176105
0.68176105
0.68176105
0.68176105
0.67973994
0.67973994
0.67973994
0.67973994
0.67926283
0.67926283
0.67926283
0.67926283
0.67862049
0.67862049
0.67862049
0.67862049
0.67797112
0.67797112
0.67797112
0.67797112
0.67181828
0.67181828
0.67181828
0.67181828
0.66891126
0.66891126
0.66891126
0.66891126
0.66704262
0.66704262
0.66704262
0.66704262
0.66551972
0.66551972
0.66551972
0.66551972
0.66551972
0.66551972
0.66551972
0.66551972
0.65816614
0.65816614
0.65816614
0.65816614
0.65630371
0.65630371
0.65630371
0.65630371
0.65228271
0.65228271
0.65228271
0.65228271
0.64547773
0.64547773
0.64547773
0.64547773
0.64344907
0.64344907
0.64344907
0.64344907
0.63676406
0.63676406
0.63676406
0.63676406
0.63606036
0.63606036
0.63606036
0.63606036
0.62939297
0.62939297
0.62939297
0.62939297
0.62648479
0.62648479
0.62648479
0.62648479
0.62058894
0.62058894
0.62058894
0.62058894
0.60955848
0.60955848
0.60955848
0.60955848
0.59885633
0.59885633
0.59885633
0.59885633
0.59757631
0.59757631
0.59757631
0.59757631
0.59655186
0.59655186
0.59655186
0.59655186
0.59475845
0.59475845
0.59475845
0.59475845
0.59424597
0.59424597
0.59424597
0.59424597
0.59322097
0.59322097
0.59322097
0.59322097
0.59245225
0.59245225
0.59245225
0.59245225
0.59245225
0.59245225
0.59245225
0.59245225
0.58784296
0.58784296
0.58784296
0.58784296
0.58758716
0.58758716
0.58758716
0.58758716
0.58605320
0.58605320
0.58605320
0.58605320
0.58044647
0.58044647
0.58044647
0.58044647
0.57614154
0.57614154
0.57614154
0.57614154
0.57563709
0.57563709
0.57563709
0.57563709
0.57462964
0.57462964
0.57462964
0.57462964
0.57437809
0.57437809
0.57437809
0.57437809
0.57112010
0.57112010
0.57112010
0.57112010
0.56151363
0.56151363
0.56151363
0.56151363
0.56151363
0.56151363
0.56151363
0.56151363
0.55458072
0.55458072
0.55458072
0.55458072
0.55038967
0.55038967
0.55038967
0.55038967
0.54833047
0.54833047
0.54833047
0.54833047
0.54742354
0.54742354
0.54742354
0.54742354
0.54697203
0.54697203
0.54697203
0.54697203
0.54473470
0.54473470
0.54473470
0.54473470
0.54429138
0.54429138
0.54429138
0.54429138
0.54253237
0.54253237
0.54253237
0.54253237
0.53615344
0.53615344
0.53615344
0.53615344
0.53054137
0.53054137
0.53054137
0.53054137
0.52694118
0.52694118
0.52694118
0.52694118
0.52694118
0.52694118
0.52694118
0.52694118
0.51666724
0.51666724
0.51666724
0.51666724
0.51404677
0.51404677
0.51404677
0.51404677
0.51150092
0.51150092
0.51150092
0.51150092
0.50828970
0.50828970
0.50828970
0.50828970
0.50743298
0.50743298
0.50743298
0.50743298
0.50681952
0.50681952
0.50681952
0.50681952
0.50662061
0.50662061
0.50662061
0.50662061
0.50557702
0.50557702
0.50557702
0.50557702
0.50374963
0.50374963
0.50374963
0.50374963
0.50367491
0.50367491
0.50367491
0.50367491
0.50204698
0.50204698
0.50204698
0.50204698
0.50167470
0.50167470
0.50167470
0.50167470
0.50116438
0.50116438
0.50116438
0.50116438
0.50037060
0.50037060
0.50037060
0.50037060
0.50037060
0.50037060
0.50037060
0.50037060
0.50028119
0.50028119
0.50028119
0.50028119
0.50001891
0.50001891
0.50001891
0.50001891
