0.69673470
0.59936812
0.53823994
0.69923416
0.70129252
0.70452570
0.50692002
0.58299092
0.58861060
0.50251741
0.61660689
0.67764382
0.66120731
0.55200838
0.62721448
0.69875297
0.50896101
0.70497958
0.51996966
0.53615344
0.67747952
0.69645129
0.67530432
0.52824703
0.69527151
0.58222678
0.55200838
0.67252879
0.69883448
0.67829668
0.50324202
0.65754842
0.68500642
0.57765757
0.56127124
0.69825296
0.66436151
0.67910290
0.69093524
0.57740462
0.50338338
0.69506774
0.68326378
0.51996966
0.58401072
0.70049476
0.57037171
0.61057070
0.50026076
0.70331066
0.56566631
0.53866215
0.56615862
0.54144490
0.68868034
0.65754842
0.54540231
0.50382507
0.69969647
0.61959698
0.50008683
0.64344907
0.68709018
0.56468397
0.69007707
0.70497958
0.70207016
0.50041991
0.50445490
0.53951135
0.68557243
0.63629516
0.53410914
0.70389290
0.67681797
0.53574115
0.67110123
0.70396131
0.68428842
0.51112021
0.58222678
0.63417337
0.52317397
0.58452100
0.67181828
0.70495629
0.58733139
0.57588926
0.50133936
0.64770453
0.64968325
0.56443888
0.62648479
0.65918871
0.58630875
0.67530432
0.67797112
0.70470852
0.67305734
0.50129448
0.67305734
0.67252879
0.67181828
0.67110123
0.66436151
0.66120731
0.65918871
0.65754842
0.65754842
0.64968325
0.64770453
0.64344907
0.63629516
0.63417337
0.62721448
0.62648479
0.61959698
0.61660689
0.61057070
0.59936812
0.58861060
0.58733139
0.58630875
0.58452100
0.58401072
0.58299092
0.58222678
0.58222678
0.57765757
0.57740462
0.57588926
0.57037171
0.56615862
0.56566631
0.56468397
0.56443888
0.56127124
0.55200838
0.55200838
0.54540231
0.54144490
0.53951135
0.53866215
0.53823994
0.53615344
0.53574115
0.53410914
0.52824703
0.52317397
0.51996966
0.51996966
0.51112021
0.50896101
0.50692002
0.50445490
0.50382507
0.50338338
0.50324202
0.50251741
0.50133936
0.50129448
0.50041991
0.50026076
0.50008683
0.70497958
0.70497958
0.70495629
0.70470852
0.70452570
0.70396131
0.70389290
0.70331066
0.70207016
0.70129252
0.70049476
0.69969647
0.69923416
0.69883448
0.69875297
0.69825296
0.69673470
0.69645129
0.69527151
0.69506774
0.69093524
0.69007707
0.68868034
0.68709018
0.68557243
0.68500642
0.68428842
0.68326378
0.67910290
0.67829668
0.67797112
0.67764382
0.67747952
0.67681797
0.67530432
0.67530432
0.67305734
0.67305734
0.67252879
0.67252879
0.67181828
0.67181828
0.67110123
0.67110123
0.66436151
0.66436151
0.66120731
0.66120731
0.65918871
0.65918871
0.65754842
0.65754842
0.65754842
0.65754842
0.64968325
0.64968325
0.64770453
0.64770453
0.64344907
0.64344907
0.63629516
0.63629516
0.63417337
0.63417337
0.62721448
0.62721448
0.62648479
0.62648479
0.61959698
0.61959698
0.61660689
0.61660689
0.61057070
0.61057070
0.59936812
0.59936812
0.58861060
0.58861060
0.58733139
0.58733139
0.58630875
0.58630875
0.58452100
0.58452100
0.58401072
0.58401072
0.58299092
0.58299092
0.58222678
0.58222678
0.58222678
0.58222678
0.57765757
0.57765757
0.57740462
0.57740462
0.57588926
0.57588926
0.57037171
0.57037171
0.56615862
0.56615862
0.56566631
0.56566631
0.56468397
0.56468397
0.56443888
0.56443888
0.56127124
0.56127124
0.55200838
0.55200838
0.55200838
0.55200838
0.54540231
0.54540231
0.54144490
0.54144490
0.53951135
0.53951135
0.53866215
0.53866215
0.53823994
0.53823994
0.53615344
0.53615344
0.53574115
0.53574115
0.53410914
0.53410914
0.52824703
0.52824703
0.52317397
0.52317397
0.51996966
0.51996966
0.51996966
0.51996966
0.51112021
0.51112021
0.50896101
0.50896101
0.50692002
0.50692002
0.50445490
0.50445490
0.50382507
0.50382507
0.50338338
0.50338338
0.50324202
0.50324202
0.50251741
0.50251741
0.50133936
0.50133936
0.50129448
0.50129448
0.50041991
0.50041991
0.50026076
0.50026076
0.50008683
0.50008683
0.70497958
0.70497958
0.70497958
0.70497958
0.70495629
0.70495629
0.70470852
0.70470852
0.70452570
0.70452570
0.70396131
0.70396131
0.70389290
0.70389290
0.70331066
0.70331066
0.70207016
0.70207016
0.70129252
0.70129252
0.70049476
0.70049476
0.69969647
0.69969647
0.69923416
0.69923416
0.69883448
0.69883448
0.69875297
0.69875297
0.69825296
0.69825296
0.69673470
0.69673470
0.69645129
0.69645129
0.69527151
0.69527151
0.69506774
0.69506774
0.69093524
0.69093524
0.69007707
0.69007707
0.68868034
0.68868034
0.68709018
0.68709018
0.68557243
0.68557243
0.68500642
0.68500642
0.68428842
0.68428842
0.68326378
0.68326378
0.67910290
0.67910290
0.67829668
0.67829668
0.67797112
0.67797112
0.67764382
0.67764382
0.67747952
0.67747952
0.67681797
0.67681797
0.67530432
0.67530432
0.67530432
0.67530432
0.67305734
0.67305734
0.67305734
0.67305734
0.67252879
0.67252879
0.67252879
0.67252879
0.67181828
0.67181828
0.67181828
0.67181828
0.67110123
0.67110123
0.67110123
0.67110123
0.66436151
0.66436151
0.66436151
0.66436151
0.66120731
0.66120731
0.66120731
0.66120731
0.65918871
0.65918871
0.65918871
0.65918871
0.65754842
0.65754842
0.65754842
0.65754842
0.65754842
0.65754842
0.65754842
0.65754842
0.64968325
0.64968325
0.64968325
0.64968325
0.64770453
0.64770453
0.64770453
0.64770453
0.64344907
0.64344907
0.64344907
0.64344907
0.63629516
0.63629516
0.63629516
0.63629516
0.63417337
0.63417337
0.63417337
0.63417337
0.62721448
0.62721448
0.62721448
0.62721448
0.62648479
0.62648479
0.62648479
0.62648479
0.61959698
0.61959698
0.61959698
0.61959698
0.61660689
0.61660689
0.61660689
0.61660689
0.61057070
0.61057070
0.61057070
0.61057070
0.59936812
0.59936812
0.59936812
0.59936812
0.58861060
0.58861060
0.58861060
0.58861060
0.58733139
0.58733139
0.58733139
0.58733139
0.58630875
0.58630875
0.58630875
0.58630875
0.58452100
0.58452100
0.58452100
0.58452100
0.58401072
0.58401072
0.58401072
0.58401072
0.58299092
0.58299092
0.58299092
0.58299092
0.58222678
0.58222678
0.58222678
0.58222678
0.58222678
0.58222678
0.58222678
0.58222678
0.57765757
0.57765757
0.57765757
0.57765757
0.57740462
0.57740462
0.57740462
0.57740462
0.57588926
0.57588926
0.57588926
0.57588926
0.57037171
0.57037171
0.57037171
0.57037171
0.56615862
0.56615862
0.56615862
0.56615862
0.56566631
0.56566631
0.56566631
0.56566631
0.56468397
0.56468397
0.56468397
0.56468397
0.56443888
0.56443888
0.56443888
0.56443888
0.56127124
0.56127124
0.56127124
0.56127124
0.55200838
0.55200838
0.55200838
0.55200838
0.55200838
0.55200838
0.55200838
0.55200838
0.54540231
0.54540231
0.54540231
0.54540231
0.54144490
0.54144490
0.54144490
0.54144490
0.53951135
0.53951135
0.53951135
0.53951135
0.53866215
0.53866215
0.53866215
0.53866215
0.53823994
0.53823994
0.53823994
0.53823994
0.53615344
0.53615344
0.53615344
0.53615344
0.53574115
0.53574115
0.53574115
0.53574115
0.53410914
0.53410914
0.53410914
0.53410914
0.52824703
0.52824703
0.52824703
0.52824703
0.52317397
0.52317397
0.52317397
0.52317397
0.51996966
0.51996966
0.51996966
0.51996966
0.51996966
0.51996966
0.51996966
0.51996966
0.51112021
0.51112021
0.51112021
0.51112021
0.50896101
0.50896101
0.50896101
0.50896101
0.50692002
0.50692002
0.50692002
0.50692002
0.50445490
0.50445490
0.50445490
0.50445490
0.50382507
0.50382507
0.50382507
0.50382507
0.50338338
0.50338338
0.50338338
0.50338338
0.50324202
0.50324202
0.50324202
0.50324202
0.50251741
0.50251741
0.50251741
0.50251741
0.50133936
0.50133936
0.50133936
0.50133936
0.50129448
0.50129448
0.50129448
0.50129448
0.50041991
0.50041991
0.50041991
0.50041991
0.50026076
0.50026076
0.50026076
0.50026076
0.50008683
0.50008683
0.50008683
0.50008683
