0.69850531
0.60447638
0.54253237
0.70070137
0.70245140
0.70487186
0.50907527
0.58809881
0.59373347
0.50390125
0.62157838
0.68083765
0.66513517
0.55670992
0.63203296
0.70028339
0.51137336
0.50004670
0.52334810
0.54036685
0.68068217
0.69825296
0.67862049
0.53210880
0.69719677
0.58733139
0.55670992
0.67598133
0.70035437
0.68145505
0.50478722
0.66160673
0.68776112
0.58273613
0.56615862
0.69984637
0.66816852
0.68221665
0.69325402
0.58248142
0.50495771
0.69701349
0.68613094
0.52334810
0.58912252
0.70178176
0.57538505
0.61560574
0.50081516
0.70405985
0.57062102
0.54296995
0.57112010
0.54584911
0.69117602
0.66160673
0.54992989
0.50548640
0.70110026
0.62453072
0.50047230
0.64792560
0.68970197
0.56962472
0.69246503
0.50004670
0.70308951
0.50108145
0.50623123
0.54384947
0.68828926
0.64093925
0.53823994
0.70447907
0.68005580
0.53993832
0.67462051
0.70452570
0.68709018
0.51376798
0.58733139
0.63886193
0.52675663
0.58963456
0.67530432
0.50001891
0.59245225
0.58095473
0.50239532
0.65206783
0.65399023
0.56937604
0.63131552
0.66318977
0.59142741
0.67862049
0.68114725
0.70495629
0.67648460
0.50233540
0.67648460
0.67598133
0.67530432
0.67462051
0.66816852
0.66513517
0.66318977
0.66160673
0.66160673
0.65399023
0.65206783
0.64792560
0.64093925
0.63886193
0.63203296
0.63131552
0.62453072
0.62157838
0.61560574
0.60447638
0.59373347
0.59245225
0.59142741
0.58963456
0.58912252
0.58809881
0.58733139
0.58733139
0.58273613
0.58248142
0.58095473
0.57538505
0.57112010
0.57062102
0.56962472
0.56937604
0.56615862
0.55670992
0.55670992
0.54992989
0.54584911
0.54384947
0.54296995
0.54253237
0.54036685
0.53993832
0.53823994
0.53210880
0.52675663
0.52334810
0.52334810
0.51376798
0.51137336
0.50907527
0.50623123
0.50548640
0.50495771
0.50478722
0.50390125
0.50239532
0.50233540
0.50108145
0.50081516
0.50047230
0.50004670
0.50004670
0.50001891
0.70495629
0.70487186
0.70452570
0.70447907
0.70405985
0.70308951
0.70245140
0.70178176
0.70110026
0.70070137
0.70035437
0.70028339
0.69984637
0.69850531
0.69825296
0.69719677
0.69701349
0.69325402
0.69246503
0.69117602
0.68970197
0.68828926
0.68776112
0.68709018
0.68613094
0.68221665
0.68145505
0.68114725
0.68083765
0.68068217
0.68005580
0.67862049
0.67862049
0.67648460
0.67648460
0.67598133
0.67598133
0.67530432
0.67530432
0.67462051
0.67462051
0.66816852
0.66816852
0.66513517
0.66513517
0.66318977
0.66318977
0.66160673
0.66160673
0.66160673
0.66160673
0.65399023
0.65399023
0.65206783
0.65206783
0.64792560
0.64792560
0.64093925
0.64093925
0.63886193
0.63886193
0.63203296
0.63203296
0.63131552
0.63131552
0.62453072
0.62453072
0.62157838
0.62157838
0.61560574
0.61560574
0.60447638
0.60447638
0.59373347
0.59373347
0.59245225
0.59245225
0.59142741
0.59142741
0.58963456
0.58963456
0.58912252
0.58912252
0.58809881
0.58809881
0.58733139
0.58733139
0.58733139
0.58733139
0.58273613
0.58273613
0.58248142
0.58248142
0.58095473
0.58095473
0.57538505
0.57538505
0.57112010
0.57112010
0.57062102
0.57062102
0.56962472
0.56962472
0.56937604
0.56937604
0.56615862
0.56615862
0.55670992
0.55670992
0.55670992
0.55670992
0.54992989
0.54992989
0.54584911
0.54584911
0.54384947
0.54384947
0.54296995
0.54296995
0.54253237
0.54253237
0.54036685
0.54036685
0.53993832
0.53993832
0.53823994
0.53823994
0.53210880
0.53210880
0.52675663
0.52675663
0.52334810
0.52334810
0.52334810
0.52334810
0.51376798
0.51376798
0.51137336
0.51137336
0.50907527
0.50907527
0.50623123
0.50623123
0.50548640
0.50548640
0.50495771
0.50495771
0.50478722
0.50478722
0.50390125
0.50390125
0.50239532
0.50239532
0.50233540
0.50233540
0.50108145
0.50108145
0.50081516
0.50081516
0.50047230
0.50047230
0.50004670
0.50004670
0.50004670
0.50004670
0.50001891
0.50001891
0.70495629
0.70495629
0.70487186
0.70487186
0.70452570
0.70452570
0.70447907
0.70447907
0.70405985
0.70405985
0.70308951
0.70308951
0.70245140
0.70245140
0.70178176
0.70178176
0.70110026
0.70110026
0.70070137
0.70070137
0.70035437
0.70035437
0.70028339
0.70028339
0.69984637
0.69984637
0.69850531
0.69850531
0.69825296
0.69825296
0.69719677
0.69719677
0.69701349
0.69701349
0.69325402
0.69325402
0.69246503
0.69246503
0.69117602
0.69117602
0.68970197
0.68970197
0.68828926
0.68828926
0.68776112
0.68776112
0.68709018
0.68709018
0.68613094
0.68613094
0.68221665
0.68221665
0.68145505
0.68145505
0.68114725
0.68114725
0.68083765
0.68083765
0.68068217
0.68068217
0.68005580
0.68005580
0.67862049
0.67862049
0.67862049
0.67862049
0.67648460
0.67648460
0.67648460
0.67648460
0.67598133
0.67598133
0.67598133
0.67598133
0.67530432
0.67530432
0.67530432
0.67530432
0.67462051
0.67462051
0.67462051
0.67462051
0.66816852
0.66816852
0.66816852
0.66816852
0.66513517
0.66513517
0.66513517
0.66513517
0.66318977
0.66318977
0.66318977
0.66318977
0.66160673
0.66160673
0.66160673
0.66160673
0.66160673
0.66160673
0.66160673
0.66160673
0.65399023
0.65399023
0.65399023
0.65399023
0.65206783
0.65206783
0.65206783
0.65206783
0.64792560
0.64792560
0.64792560
0.64792560
0.64093925
0.64093925
0.64093925
0.64093925
0.63886193
0.63886193
0.63886193
0.63886193
0.63203296
0.63203296
0.63203296
0.63203296
0.63131552
0.63131552
0.63131552
0.63131552
0.62453072
0.62453072
0.62453072
0.62453072
0.62157838
0.62157838
0.62157838
0.62157838
0.61560574
0.61560574
0.61560574
0.61560574
0.60447638
0.60447638
0.60447638
0.60447638
0.59373347
0.59373347
0.59373347
0.59373347
0.59245225
0.59245225
0.59245225
0.59245225
0.59142741
0.59142741
0.59142741
0.59142741
0.58963456
0.58963456
0.58963456
0.58963456
0.58912252
0.58912252
0.58912252
0.58912252
0.58809881
0.58809881
0.58809881
0.58809881
0.58733139
0.58733139
0.58733139
0.58733139
0.58733139
0.58733139
0.58733139
0.58733139
0.58273613
0.58273613
0.58273613
0.58273613
0.58248142
0.58248142
0.58248142
0.58248142
0.58095473
0.58095473
0.58095473
0.58095473
0.57538505
0.57538505
0.57538505
0.57538505
0.57112010
0.57112010
0.57112010
0.57112010
0.57062102
0.57062102
0.57062102
0.57062102
0.56962472
0.56962472
0.56962472
0.56962472
0.56937604
0.56937604
0.56937604
0.56937604
0.56615862
0.56615862
0.56615862
0.56615862
0.55670992
0.55670992
0.55670992
0.55670992
0.55670992
0.55670992
0.55670992
0.55670992
0.54992989
0.54992989
0.54992989
0.54992989
0.54584911
0.54584911
0.54584911
0.54584911
0.54384947
0.54384947
0.54384947
0.54384947
0.54296995
0.54296995
0.54296995
0.54296995
0.54253237
0.54253237
0.54253237
0.54253237
0.54036685
0.54036685
0.54036685
0.54036685
0.53993832
0.53993832
0.53993832
0.53993832
0.53823994
0.53823994
0.53823994
0.53823994
0.53210880
0.53210880
0.53210880
0.53210880
0.52675663
0.52675663
0.52675663
0.52675663
0.52334810
0.52334810
0.52334810
0.52334810
0.52334810
0.52334810
0.52334810
0.52334810
0.51376798
0.51376798
0.51376798
0.51376798
0.51137336
0.51137336
0.51137336
0.51137336
0.50907527
0.50907527
0.50907527
0.50907527
0.50623123
0.50623123
0.50623123
0.50623123
0.50548640
0.50548640
0.50548640
0.50548640
0.50495771
0.50495771
0.50495771
0.50495771
0.50478722
0.50478722
0.50478722
0.50478722
0.50390125
0.50390125
0.50390125
0.50390125
0.50239532
0.50239532
0.50239532
0.50239532
0.50233540
0.50233540
0.50233540
0.50233540
0.50108145
0.50108145
0.50108145
0.50108145
0.50081516
0.50081516
0.50081516
0.50081516
0.50047230
0.50047230
0.50047230
0.50047230
0.50004670
0.50004670
0.50004670
0.50004670
0.50004670
0.50004670
0.50004670
0.50004670
0.50001891
0.50001891
0.50001891
0.50001891
