0.69931253
0.60702145
0.54473470
0.70135554
0.70295034
0.70496293
0.51025489
0.59065893
0.59629570
0.50470306
0.62404039
0.68236761
0.66704262
0.55909991
0.63441006
0.70096942
0.51267808
0.50017015
0.52511863
0.54253237
0.68221665
0.69907586
0.68021306
0.53410914
0.69808212
0.58989061
0.55909991
0.67764382
0.70103510
0.68296688
0.50566835
0.66358184
0.68906708
0.58528686
0.56863098
0.70056416
0.67001347
0.68370568
0.69433857
0.58503151
0.50585314
0.69790920
0.68749417
0.52511863
0.59168360
0.70234516
0.57791061
0.61810452
0.50120699
0.70435295
0.57312227
0.54517943
0.57362420
0.54810325
0.69235032
0.66358184
0.55224081
0.50642452
0.70172247
0.62697144
0.50078017
0.65011962
0.69093524
0.57212004
0.69358466
0.50017015
0.70351829
0.50152645
0.50722571
0.54607302
0.68957596
0.64322226
0.54036685
0.70469039
0.68160828
0.54209627
0.67631727
0.70472610
0.68842010
0.51518687
0.58989061
0.64116876
0.52862459
0.59219603
0.67698400
0.50011152
0.59501469
0.58350069
0.50303551
0.65420221
0.65609507
0.57186984
0.63369930
0.66513517
0.59398972
0.68021306
0.68266816
0.70499810
0.67813412
0.50296816
0.67813412
0.67764382
0.67698400
0.67631727
0.67001347
0.66704262
0.66513517
0.66358184
0.66358184
0.65609507
0.65420221
0.65011962
0.64322226
0.64116876
0.63441006
0.63369930
0.62697144
0.62404039
0.61810452
0.60702145
0.59629570
0.59501469
0.59398972
0.59219603
0.59168360
0.59065893
0.58989061
0.58989061
0.58528686
0.58503151
0.58350069
0.57791061
0.57362420
0.57312227
0.57212004
0.57186984
0.56863098
0.55909991
0.55909991
0.55224081
0.54810325
0.54607302
0.54517943
0.54473470
0.54253237
0.54209627
0.54036685
0.53410914
0.52862459
0.52511863
0.52511863
0.51518687
0.51267808
0.51025489
0.50722571
0.50642452
0.50585314
0.50566835
0.50470306
0.50303551
0.50296816
0.50152645
0.50120699
0.50078017
0.50017015
0.50017015
0.50011152
0.70499810
0.70496293
0.70472610
0.70469039
0.70435295
0.70351829
0.70295034
0.70234516
0.70172247
0.70135554
0.70103510
0.70096942
0.70056416
0.69931253
0.69907586
0.69808212
0.69790920
0.69433857
0.69358466
0.69235032
0.69093524
0.68957596
0.68906708
0.68842010
0.68749417
0.68370568
0.68296688
0.68266816
0.68236761
0.68221665
0.68160828
0.68021306
0.68021306
0.67813412
0.67813412
0.67764382
0.67764382
0.67698400
0.67698400
0.67631727
0.67631727
0.67001347
0.67001347
0.66704262
0.66704262
0.66513517
0.66513517
0.66358184
0.66358184
0.66358184
0.66358184
0.65609507
0.65609507
0.65420221
0.65420221
0.65011962
0.65011962
0.64322226
0.64322226
0.64116876
0.64116876
0.63441006
0.63441006
0.63369930
0.63369930
0.62697144
0.62697144
0.62404039
0.62404039
0.61810452
0.61810452
0.60702145
0.60702145
0.59629570
0.59629570
0.59501469
0.59501469
0.59398972
0.59398972
0.59219603
0.59219603
0.59168360
0.59168360
0.59065893
0.59065893
0.58989061
0.58989061
0.58989061
0.58989061
0.58528686
0.58528686
0.58503151
0.58503151
0.58350069
0.58350069
0.57791061
0.57791061
0.57362420
0.57362420
0.57312227
0.57312227
0.57212004
0.57212004
0.57186984
0.57186984
0.56863098
0.56863098
0.55909991
0.55909991
0.55909991
0.55909991
0.55224081
0.55224081
0.54810325
0.54810325
0.54607302
0.54607302
0.54517943
0.54517943
0.54473470
0.54473470
0.54253237
0.54253237
0.54209627
0.54209627
0.54036685
0.54036685
0.53410914
0.53410914
0.52862459
0.52862459
0.52511863
0.52511863
0.52511863
0.52511863
0.51518687
0.51518687
0.51267808
0.51267808
0.51025489
0.51025489
0.50722571
0.50722571
0.50642452
0.50642452
0.50585314
0.50585314
0.50566835
0.50566835
0.50470306
0.50470306
0.50303551
0.50303551
0.50296816
0.50296816
0.50152645
0.50152645
0.50120699
0.50120699
0.50078017
0.50078017
0.50017015
0.50017015
0.50017015
0.50017015
0.50011152
0.50011152
0.70499810
0.70499810
0.70496293
0.70496293
0.70472610
0.70472610
0.70469039
0.70469039
0.70435295
0.70435295
0.70351829
0.70351829
0.70295034
0.70295034
0.70234516
0.70234516
0.70172247
0.70172247
0.70135554
0.70135554
0.70103510
0.70103510
0.70096942
0.70096942
0.70056416
0.70056416
0.69931253
0.69931253
0.69907586
0.69907586
0.69808212
0.69808212
0.69790920
0.69790920
0.69433857
0.69433857
0.69358466
0.69358466
0.69235032
0.69235032
0.69093524
0.69093524
0.68957596
0.68957596
0.68906708
0.68906708
0.68842010
0.68842010
0.68749417
0.68749417
0.68370568
0.68370568
0.68296688
0.68296688
0.68266816
0.68266816
0.68236761
0.68236761
0.68221665
0.68221665
0.68160828
0.68160828
0.68021306
0.68021306
0.68021306
0.68021306
0.67813412
0.67813412
0.67813412
0.67813412
0.67764382
0.67764382
0.67764382
0.67764382
0.67698400
0.67698400
0.67698400
0.67698400
0.67631727
0.67631727
0.67631727
0.67631727
0.67001347
0.67001347
0.67001347
0.67001347
0.66704262
0.66704262
0.66704262
0.66704262
0.66513517
0.66513517
0.66513517
0.66513517
0.66358184
0.66358184
0.66358184
0.66358184
0.66358184
0.66358184
0.66358184
0.66358184
0.65609507
0.65609507
0.65609507
0.65609507
0.65420221
0.65420221
0.65420221
0.65420221
0.65011962
0.65011962
0.65011962
0.65011962
0.64322226
0.64322226
0.64322226
0.64322226
0.64116876
0.64116876
0.64116876
0.64116876
0.63441006
0.63441006
0.63441006
0.63441006
0.63369930
0.63369930
0.63369930
0.63369930
0.62697144
0.62697144
0.62697144
0.62697144
0.62404039
0.62404039
0.62404039
0.62404039
0.61810452
0.61810452
0.61810452
0.61810452
0.60702145
0.60702145
0.60702145
0.60702145
0.59629570
0.59629570
0.59629570
0.59629570
0.59501469
0.59501469
0.59501469
0.59501469
0.59398972
0.59398972
0.59398972
0.59398972
0.59219603
0.59219603
0.59219603
0.59219603
0.59168360
0.59168360
0.59168360
0.59168360
0.59065893
0.59065893
0.59065893
0.59065893
0.58989061
0.58989061
0.58989061
0.58989061
0.58989061
0.58989061
0.58989061
0.58989061
0.58528686
0.58528686
0.58528686
0.58528686
0.58503151
0.58503151
0.58503151
0.58503151
0.58350069
0.58350069
0.58350069
0.58350069
0.57791061
0.57791061
0.57791061
0.57791061
0.57362420
0.57362420
0.57362420
0.57362420
0.57312227
0.57312227
0.57312227
0.57312227
0.57212004
0.57212004
0.57212004
0.57212004
0.57186984
0.57186984
0.57186984
0.57186984
0.56863098
0.56863098
0.56863098
0.56863098
0.55909991
0.55909991
0.55909991
0.55909991
0.55909991
0.55909991
0.55909991
0.55909991
0.55224081
0.55224081
0.55224081
0.55224081
0.54810325
0.54810325
0.54810325
0.54810325
0.54607302
0.54607302
0.54607302
0.54607302
0.54517943
0.54517943
0.54517943
0.54517943
0.54473470
0.54473470
0.54473470
0.54473470
0.54253237
0.54253237
0.54253237
0.54253237
0.54209627
0.54209627
0.54209627
0.54209627
0.54036685
0.54036685
0.54036685
0.54036685
0.53410914
0.53410914
0.53410914
0.53410914
0.52862459
0.52862459
0.52862459
0.52862459
0.52511863
0.52511863
0.52511863
0.52511863
0.52511863
0.52511863
0.52511863
0.52511863
0.51518687
0.51518687
0.51518687
0.51518687
0.51267808
0.51267808
0.51267808
0.51267808
0.51025489
0.51025489
0.51025489
0.51025489
0.50722571
0.50722571
0.50722571
0.50722571
0.50642452
0.50642452
0.50642452
0.50642452
0.50585314
0.50585314
0.50585314
0.50585314
0.50566835
0.50566835
0.50566835
0.50566835
0.50470306
0.50470306
0.50470306
0.50470306
0.50303551
0.50303551
0.50303551
0.50303551
0.50296816
0.50296816
0.50296816
0.50296816
0.50152645
0.50152645
0.50152645
0.50152645
0.50120699
0.50120699
0.50120699
0.50120699
0.50078017
0.50078017
0.50078017
0.50078017
0.50017015
0.50017015
0.50017015
0.50017015
0.50017015
0.50017015
0.50017015
0.50017015
0.50011152
0.50011152
0.50011152
0.50011152
