0.70445493
0.63179403
0.56838297
0.70493307
0.50006522
0.50296816
0.52547903
0.61610658
0.62157838
0.51651648
0.64748317
0.69506774
0.68385205
0.58401072
0.65671998
0.70487186
0.52900409
0.50557702
0.54540231
0.56591237
0.69496510
0.70437926
0.69358466
0.55623493
0.70402755
0.61535513
0.58401072
0.69176935
0.70488343
0.69547325
0.51820765
0.68114725
0.69939037
0.61082351
0.59398972
0.70479097
0.68613094
0.69596866
0.70234516
0.61057070
0.51852281
0.70396131
0.69842171
0.54540231
0.61710665
0.50000039
0.60345643
0.64208413
0.50919021
0.50100156
0.59860038
0.56887917
0.59911224
0.57212004
0.70129252
0.68114725
0.57664644
0.51948220
0.70497458
0.65011962
0.50796327
0.67019577
0.70049476
0.59757631
0.70195640
0.50557702
0.50026076
0.51001361
0.52079344
0.56987356
0.69969647
0.66436151
0.56346048
0.50167470
0.69454944
0.56542044
0.69081412
0.50177730
0.69899592
0.53250527
0.61535513
0.66259888
0.54970046
0.61760587
0.69129567
0.50521883
0.62034118
0.60905179
0.51335452
0.67358216
0.67513400
0.59732023
0.65609507
0.68236761
0.61934861
0.69358466
0.69527151
0.50360092
0.69211942
0.51321796
0.69211942
0.69176935
0.69129567
0.69081412
0.68613094
0.68385205
0.68236761
0.68114725
0.68114725
0.67513400
0.67358216
0.67019577
0.66436151
0.66259888
0.65671998
0.65609507
0.65011962
0.64748317
0.64208413
0.63179403
0.62157838
0.62034118
0.61934861
0.61760587
0.61710665
0.61610658
0.61535513
0.61535513
0.61082351
0.61057070
0.60905179
0.60345643
0.59911224
0.59860038
0.59757631
0.59732023
0.59398972
0.58401072
0.58401072
0.57664644
0.57212004
0.56987356
0.56887917
0.56838297
0.56591237
0.56542044
0.56346048
0.55623493
0.54970046
0.54540231
0.54540231
0.53250527
0.52900409
0.52547903
0.52079344
0.51948220
0.51852281
0.51820765
0.51651648
0.51335452
0.51321796
0.51001361
0.50919021
0.50796327
0.50557702
0.50557702
0.50521883
0.50360092
0.50296816
0.50177730
0.50167470
0.50100156
0.50026076
0.50006522
0.50000039
0.70497458
0.70493307
0.70488343
0.70487186
0.70479097
0.70445493
0.70437926
0.70402755
0.70396131
0.70234516
0.70195640
0.70129252
0.70049476
0.69969647
0.69939037
0.69899592
0.69842171
0.69596866
0.69547325
0.69527151
0.69506774
0.69496510
0.69454944
0.69358466
0.69358466
0.69211942
0.69211942
0.69176935
0.69176935
0.69129567
0.69129567
0.69081412
0.69081412
0.68613094
0.68613094
0.68385205
0.68385205
0.68236761
0.68236761
0.68114725
0.68114725
0.68114725
0.68114725
0.67513400
0.67513400
0.67358216
0.67358216
0.67019577
0.67019577
0.66436151
0.66436151
0.66259888
0.66259888
0.65671998
0.65671998
0.65609507
0.65609507
0.65011962
0.65011962
0.64748317
0.64748317
0.64208413
0.64208413
0.63179403
0.63179403
0.62157838
0.62157838
0.62034118
0.62034118
0.61934861
0.61934861
0.61760587
0.61760587
0.61710665
0.61710665
0.61610658
0.61610658
0.61535513
0.61535513
0.61535513
0.61535513
0.61082351
0.61082351
0.61057070
0.61057070
0.60905179
0.60905179
0.60345643
0.60345643
0.59911224
0.59911224
0.59860038
0.59860038
0.59757631
0.59757631
0.59732023
0.59732023
0.59398972
0.59398972
0.58401072
0.58401072
0.58401072
0.58401072
0.57664644
0.57664644
0.57212004
0.57212004
0.56987356
0.56987356
0.56887917
0.56887917
0.56838297
0.56838297
0.56591237
0.56591237
0.56542044
0.56542044
0.56346048
0.56346048
0.55623493
0.55623493
0.54970046
0.54970046
0.54540231
0.54540231
0.54540231
0.54540231
0.53250527
0.53250527
0.52900409
0.52900409
0.52547903
0.52547903
0.52079344
0.52079344
0.51948220
0.51948220
0.51852281
0.51852281
0.51820765
0.51820765
0.51651648
0.51651648
0.51335452
0.51335452
0.51321796
0.51321796
0.51001361
0.51001361
0.50919021
0.50919021
0.50796327
0.50796327
0.50557702
0.50557702
0.50557702
0.50557702
0.50521883
0.50521883
0.50360092
0.50360092
0.50296816
0.50296816
0.50177730
0.50177730
0.50167470
0.50167470
0.50100156
0.50100156
0.50026076
0.50026076
0.50006522
0.50006522
0.50000039
0.50000039
0.70497458
0.70497458
0.70493307
0.70493307
0.70488343
0.70488343
0.70487186
0.70487186
0.70479097
0.70479097
0.70445493
0.70445493
0.70437926
0.70437926
0.70402755
0.70402755
0.70396131
0.70396131
0.70234516
0.70234516
0.70195640
0.70195640
0.70129252
0.70129252
0.70049476
0.70049476
0.69969647
0.69969647
0.69939037
0.69939037
0.69899592
0.69899592
0.69842171
0.69842171
0.69596866
0.69596866
0.69547325
0.69547325
0.69527151
0.69527151
0.69506774
0.69506774
0.69496510
0.69496510
0.69454944
0.69454944
0.69358466
0.69358466
0.69358466
0.69358466
0.69211942
0.69211942
0.69211942
0.69211942
0.69176935
0.69176935
0.69176935
0.69176935
0.69129567
0.69129567
0.69129567
0.69129567
0.69081412
0.69081412
0.69081412
0.69081412
0.68613094
0.68613094
0.68613094
0.68613094
0.68385205
0.68385205
0.68385205
0.68385205
0.68236761
0.68236761
0.68236761
0.68236761
0.68114725
0.68114725
0.68114725
0.68114725
0.68114725
0.68114725
0.68114725
0.68114725
0.67513400
0.67513400
0.67513400
0.67513400
0.67358216
0.67358216
0.67358216
0.67358216
0.67019577
0.67019577
0.67019577
0.67019577
0.66436151
0.66436151
0.66436151
0.66436151
0.66259888
0.66259888
0.66259888
0.66259888
0.65671998
0.65671998
0.65671998
0.65671998
0.65609507
0.65609507
0.65609507
0.65609507
0.65011962
0.65011962
0.65011962
0.65011962
0.64748317
0.64748317
0.64748317
0.64748317
0.64208413
0.64208413
0.64208413
0.64208413
0.63179403
0.63179403
0.63179403
0.63179403
0.62157838
0.62157838
0.62157838
0.62157838
0.62034118
0.62034118
0.62034118
0.62034118
0.61934861
0.61934861
0.61934861
0.61934861
0.61760587
0.61760587
0.61760587
0.61760587
0.61710665
0.61710665
0.61710665
0.61710665
0.61610658
0.61610658
0.61610658
0.61610658
0.61535513
0.61535513
0.61535513
0.61535513
0.61535513
0.61535513
0.61535513
0.61535513
0.61082351
0.61082351
0.61082351
0.61082351
0.61057070
0.61057070
0.61057070
0.61057070
0.60905179
0.60905179
0.60905179
0.60905179
0.60345643
0.60345643
0.60345643
0.60345643
0.59911224
0.59911224
0.59911224
0.59911224
0.59860038
0.59860038
0.59860038
0.59860038
0.59757631
0.59757631
0.59757631
0.59757631
0.59732023
0.59732023
0.59732023
0.59732023
0.59398972
0.59398972
0.59398972
0.59398972
0.58401072
0.58401072
0.58401072
0.58401072
0.58401072
0.58401072
0.58401072
0.58401072
0.57664644
0.57664644
0.57664644
0.57664644
0.57212004
0.57212004
0.57212004
0.57212004
0.56987356
0.56987356
0.56987356
0.56987356
0.56887917
0.56887917
0.56887917
0.56887917
0.56838297
0.56838297
0.56838297
0.56838297
0.56591237
0.56591237
0.56591237
0.56591237
0.56542044
0.56542044
0.56542044
0.56542044
0.56346048
0.56346048
0.56346048
0.56346048
0.55623493
0.55623493
0.55623493
0.55623493
0.54970046
0.54970046
0.54970046
0.54970046
0.54540231
0.54540231
0.54540231
0.54540231
0.54540231
0.54540231
0.54540231
0.54540231
0.53250527
0.53250527
0.53250527
0.53250527
0.52900409
0.52900409
0.52900409
0.52900409
0.52547903
0.52547903
0.52547903
0.52547903
0.52079344
0.52079344
0.52079344
0.52079344
0.51948220
0.51948220
0.51948220
0.51948220
0.51852281
0.51852281
0.51852281
0.51852281
0.51820765
0.51820765
0.51820765
0.51820765
0.51651648
0.51651648
0.51651648
0.51651648
0.51335452
0.51335452
0.51335452
0.51335452
0.51321796
0.51321796
0.51321796
0.51321796
0.51001361
0.51001361
0.51001361
0.51001361
0.50919021
0.50919021
0.50919021
0.50919021
0.50796327
0.50796327
0.50796327
0.50796327
0.50557702
0.50557702
0.50557702
0.50557702
0.50557702
0.50557702
0.50557702
0.50557702
0.50521883
0.50521883
0.50521883
0.50521883
0.50360092
0.50360092
0.50360092
0.50360092
0.50296816
0.50296816
0.50296816
0.50296816
0.50177730
0.50177730
0.50177730
0.50177730
0.50167470
0.50167470
0.50167470
0.50167470
0.50100156
0.50100156
0.50100156
0.50100156
0.50026076
0.50026076
0.50026076
0.50026076
0.50006522
0.50006522
0.50006522
0.50006522
0.50000039
0.50000039
0.50000039
0.50000039
