0.70255549
0.61959698
0.55623493
0.70382232
0.70463272
0.50055662
0.51712313
0.60345643
0.60905179
0.50977500
0.63606036
0.68932249
0.67598133
0.57136987
0.64592542
0.70359755
0.52013329
0.50193685
0.53471789
0.55387581
0.68919502
0.70239855
0.68749417
0.54473470
0.70172247
0.60269085
0.57136987
0.68529036
0.70363636
0.68982749
0.51112021
0.67288157
0.69486194
0.59808840
0.58120898
0.70335327
0.67862049
0.69044780
0.69899592
0.59783237
0.51137336
0.70160230
0.69358466
0.53471789
0.60447638
0.70435295
0.59065893
0.63035592
0.50429308
0.50000039
0.58579770
0.55670992
0.58630875
0.55982162
0.69746781
0.67288157
0.56419397
0.51214844
0.70402755
0.63886193
0.50345516
0.66060549
0.69635579
0.58477623
0.69842171
0.50193685
0.70484709
0.50487211
0.51321796
0.55766295
0.69527151
0.65420221
0.55154441
0.50009879
0.68868034
0.55340725
0.68414343
0.50012502
0.69433857
0.52317397
0.60269085
0.65228271
0.53866215
0.60498597
0.68472061
0.50172562
0.60778347
0.59629570
0.50732900
0.66436151
0.66609369
0.58452100
0.64525345
0.67427607
0.60676728
0.68749417
0.68957596
0.50085092
0.68571276
0.50722571
0.68571276
0.68529036
0.68472061
0.68414343
0.67862049
0.67598133
0.67427607
0.67288157
0.67288157
0.66609369
0.66436151
0.66060549
0.65420221
0.65228271
0.64592542
0.64525345
0.63886193
0.63606036
0.63035592
0.61959698
0.60905179
0.60778347
0.60676728
0.60498597
0.60447638
0.60345643
0.60269085
0.60269085
0.59808840
0.59783237
0.59629570
0.59065893
0.58630875
0.58579770
0.58477623
0.58452100
0.58120898
0.57136987
0.57136987
0.56419397
0.55982162
0.55766295
0.55670992
0.55623493
0.55387581
0.55340725
0.55154441
0.54473470
0.53866215
0.53471789
0.53471789
0.52317397
0.52013329
0.51712313
0.51321796
0.51214844
0.51137336
0.51112021
0.50977500
0.50732900
0.50722571
0.50487211
0.50429308
0.50345516
0.50193685
0.50193685
0.50172562
0.50085092
0.50055662
0.50012502
0.50009879
0.50000039
0.70484709
0.70463272
0.70435295
0.70402755
0.70382232
0.70363636
0.70359755
0.70335327
0.70255549
0.70239855
0.70172247
0.70160230
0.69899592
0.69842171
0.69746781
0.69635579
0.69527151
0.69486194
0.69433857
0.69358466
0.69044780
0.68982749
0.68957596
0.68932249
0.68919502
0.68868034
0.68749417
0.68749417
0.68571276
0.68571276
0.68529036
0.68529036
0.68472061
0.68472061
0.68414343
0.68414343
0.67862049
0.67862049
0.67598133
0.67598133
0.67427607
0.67427607
0.67288157
0.67288157
0.67288157
0.67288157
0.66609369
0.66609369
0.66436151
0.66436151
0.66060549
0.66060549
0.65420221
0.65420221
0.65228271
0.65228271
0.64592542
0.64592542
0.64525345
0.64525345
0.63886193
0.63886193
0.63606036
0.63606036
0.63035592
0.63035592
0.61959698
0.61959698
0.60905179
0.60905179
0.60778347
0.60778347
0.60676728
0.60676728
0.60498597
0.60498597
0.60447638
0.60447638
0.60345643
0.60345643
0.60269085
0.60269085
0.60269085
0.60269085
0.59808840
0.59808840
0.59783237
0.59783237
0.59629570
0.59629570
0.59065893
0.59065893
0.58630875
0.58630875
0.58579770
0.58579770
0.58477623
0.58477623
0.58452100
0.58452100
0.58120898
0.58120898
0.57136987
0.57136987
0.57136987
0.57136987
0.56419397
0.56419397
0.55982162
0.55982162
0.55766295
0.55766295
0.55670992
0.55670992
0.55623493
0.55623493
0.55387581
0.55387581
0.55340725
0.55340725
0.55154441
0.55154441
0.54473470
0.54473470
0.53866215
0.53866215
0.53471789
0.53471789
0.53471789
0.53471789
0.52317397
0.52317397
0.52013329
0.52013329
0.51712313
0.51712313
0.51321796
0.51321796
0.51214844
0.51214844
0.51137336
0.51137336
0.51112021
0.51112021
0.50977500
0.50977500
0.50732900
0.50732900
0.50722571
0.50722571
0.50487211
0.50487211
0.50429308
0.50429308
0.50345516
0.50345516
0.50193685
0.50193685
0.50193685
0.50193685
0.50172562
0.50172562
0.50085092
0.50085092
0.50055662
0.50055662
0.50012502
0.50012502
0.50009879
0.50009879
0.50000039
0.50000039
0.70484709
0.70484709
0.70463272
0.70463272
0.70435295
0.70435295
0.70402755
0.70402755
0.70382232
0.70382232
0.70363636
0.70363636
0.70359755
0.70359755
0.70335327
0.70335327
0.70255549
0.70255549
0.70239855
0.70239855
0.70172247
0.70172247
0.70160230
0.70160230
0.69899592
0.69899592
0.69842171
0.69842171
0.69746781
0.69746781
0.69635579
0.69635579
0.69527151
0.69527151
0.69486194
0.69486194
0.69433857
0.69433857
0.69358466
0.69358466
0.69044780
0.69044780
0.68982749
0.68982749
0.68957596
0.68957596
0.68932249
0.68932249
0.68919502
0.68919502
0.68868034
0.68868034
0.68749417
0.68749417
0.68749417
0.68749417
0.68571276
0.68571276
0.68571276
0.68571276
0.68529036
0.68529036
0.68529036
0.68529036
0.68472061
0.68472061
0.68472061
0.68472061
0.68414343
0.68414343
0.68414343
0.68414343
0.67862049
0.67862049
0.67862049
0.67862049
0.67598133
0.67598133
0.67598133
0.67598133
0.67427607
0.67427607
0.67427607
0.67427607
0.67288157
0.67288157
0.67288157
0.67288157
0.67288157
0.67288157
0.67288157
0.67288157
0.66609369
0.66609369
0.66609369
0.66609369
0.66436151
0.66436151
0.66436151
0.66436151
0.66060549
0.66060549
0.66060549
0.66060549
0.65420221
0.65420221
0.65420221
0.65420221
0.65228271
0.65228271
0.65228271
0.65228271
0.64592542
0.64592542
0.64592542
0.64592542
0.64525345
0.64525345
0.64525345
0.64525345
0.63886193
0.63886193
0.63886193
0.63886193
0.63606036
0.63606036
0.63606036
0.63606036
0.63035592
0.63035592
0.63035592
0.63035592
0.61959698
0.61959698
0.61959698
0.61959698
0.60905179
0.60905179
0.60905179
0.60905179
0.60778347
0.60778347
0.60778347
0.60778347
0.60676728
0.60676728
0.60676728
0.60676728
0.60498597
0.60498597
0.60498597
0.60498597
0.60447638
0.60447638
0.60447638
0.60447638
0.60345643
0.60345643
0.60345643
0.60345643
0.60269085
0.60269085
0.60269085
0.60269085
0.60269085
0.60269085
0.60269085
0.60269085
0.59808840
0.59808840
0.59808840
0.59808840
0.59783237
0.59783237
0.59783237
0.59783237
0.59629570
0.59629570
0.59629570
0.59629570
0.59065893
0.59065893
0.59065893
0.59065893
0.58630875
0.58630875
0.58630875
0.58630875
0.58579770
0.58579770
0.58579770
0.58579770
0.58477623
0.58477623
0.58477623
0.58477623
0.58452100
0.58452100
0.58452100
0.58452100
0.58120898
0.58120898
0.58120898
0.58120898
0.57136987
0.57136987
0.57136987
0.57136987
0.57136987
0.57136987
0.57136987
0.57136987
0.56419397
0.56419397
0.56419397
0.56419397
0.55982162
0.55982162
0.55982162
0.55982162
0.55766295
0.55766295
0.55766295
0.55766295
0.55670992
0.55670992
0.55670992
0.55670992
0.55623493
0.55623493
0.55623493
0.55623493
0.55387581
0.55387581
0.55387581
0.55387581
0.55340725
0.55340725
0.55340725
0.55340725
0.55154441
0.55154441
0.55154441
0.55154441
0.54473470
0.54473470
0.54473470
0.54473470
0.53866215
0.53866215
0.53866215
0.53866215
0.53471789
0.53471789
0.53471789
0.53471789
0.53471789
0.53471789
0.53471789
0.53471789
0.52317397
0.52317397
0.52317397
0.52317397
0.52013329
0.52013329
0.52013329
0.52013329
0.51712313
0.51712313
0.51712313
0.51712313
0.51321796
0.51321796
0.51321796
0.51321796
0.51214844
0.51214844
0.51214844
0.51214844
0.51137336
0.51137336
0.51137336
0.51137336
0.51112021
0.51112021
0.51112021
0.51112021
0.50977500
0.50977500
0.50977500
0.50977500
0.50732900
0.50732900
0.50732900
0.50732900
0.50722571
0.50722571
0.50722571
0.50722571
0.50487211
0.50487211
0.50487211
0.50487211
0.50429308
0.50429308
0.50429308
0.50429308
0.50345516
0.50345516
0.50345516
0.50345516
0.50193685
0.50193685
0.50193685
0.50193685
0.50193685
0.50193685
0.50193685
0.50193685
0.50172562
0.50172562
0.50172562
0.50172562
0.50085092
0.50085092
0.50085092
0.50085092
0.50055662
0.50055662
0.50055662
0.50055662
0.50012502
0.50012502
0.50012502
0.50012502
0.50009879
0.50009879
0.50009879
0.50009879
0.50000039
0.50000039
0.50000039
0.50000039
