0.70494136
0.63886193
0.57588926
0.50007564
0.50071248
0.50530731
0.53112567
0.62354935
0.62891026
0.52129445
0.65399023
0.69790920
0.68802615
0.59168360
0.66279622
0.50002470
0.53492168
0.50862229
0.55224081
0.57337317
0.69782196
0.70491486
0.69664075
0.56346048
0.70475963
0.62281150
0.59168360
0.69506774
0.50003126
0.69825296
0.52317397
0.68557243
0.70147999
0.61835363
0.60166930
0.50000154
0.69007707
0.69867094
0.70371237
0.61810452
0.52352276
0.70472610
0.70070137
0.55224081
0.62453072
0.50037060
0.61107622
0.64880685
0.51294675
0.50251741
0.60625871
0.57639393
0.60676728
0.57968474
0.70295034
0.68557243
0.58426583
0.52458193
0.50015433
0.65651202
0.51150092
0.67547421
0.70234516
0.60524066
0.70343686
0.50862229
0.50120699
0.51390706
0.52602350
0.57740462
0.70172247
0.67001347
0.57087049
0.50352767
0.69746781
0.57287150
0.69423238
0.50367491
0.70116488
0.53866215
0.62281150
0.66835479
0.55670992
0.62502034
0.69465411
0.50818020
0.62769997
0.61660689
0.51773931
0.67862049
0.68005580
0.60498597
0.66220312
0.68668192
0.62672821
0.69664075
0.69808212
0.50613565
0.69537263
0.51758438
0.69537263
0.69506774
0.69465411
0.69423238
0.69007707
0.68802615
0.68668192
0.68557243
0.68557243
0.68005580
0.67862049
0.67547421
0.67001347
0.66835479
0.66279622
0.66220312
0.65651202
0.65399023
0.64880685
0.63886193
0.62891026
0.62769997
0.62672821
0.62502034
0.62453072
0.62354935
0.62281150
0.62281150
0.61835363
0.61810452
0.61660689
0.61107622
0.60676728
0.60625871
0.60524066
0.60498597
0.60166930
0.59168360
0.59168360
0.58426583
0.57968474
0.57740462
0.57639393
0.57588926
0.57337317
0.57287150
0.57087049
0.56346048
0.55670992
0.55224081
0.55224081
0.53866215
0.53492168
0.53112567
0.52602350
0.52458193
0.52352276
0.52317397
0.52129445
0.51773931
0.51758438
0.51390706
0.51294675
0.51150092
0.50862229
0.50862229
0.50818020
0.50613565
0.50530731
0.50367491
0.50352767
0.50251741
0.50120699
0.50071248
0.50037060
0.50015433
0.50007564
0.50003126
0.50002470
0.50000154
0.70494136
0.70491486
0.70475963
0.70472610
0.70371237
0.70343686
0.70295034
0.70234516
0.70172247
0.70147999
0.70116488
0.70070137
0.69867094
0.69825296
0.69808212
0.69790920
0.69782196
0.69746781
0.69664075
0.69664075
0.69537263
0.69537263
0.69506774
0.69506774
0.69465411
0.69465411
0.69423238
0.69423238
0.69007707
0.69007707
0.68802615
0.68802615
0.68668192
0.68668192
0.68557243
0.68557243
0.68557243
0.68557243
0.68005580
0.68005580
0.67862049
0.67862049
0.67547421
0.67547421
0.67001347
0.67001347
0.66835479
0.66835479
0.66279622
0.66279622
0.66220312
0.66220312
0.65651202
0.65651202
0.65399023
0.65399023
0.64880685
0.64880685
0.63886193
0.63886193
0.62891026
0.62891026
0.62769997
0.62769997
0.62672821
0.62672821
0.62502034
0.62502034
0.62453072
0.62453072
0.62354935
0.62354935
0.62281150
0.62281150
0.62281150
0.62281150
0.61835363
0.61835363
0.61810452
0.61810452
0.61660689
0.61660689
0.61107622
0.61107622
0.60676728
0.60676728
0.60625871
0.60625871
0.60524066
0.60524066
0.60498597
0.60498597
0.60166930
0.60166930
0.59168360
0.59168360
0.59168360
0.59168360
0.58426583
0.58426583
0.57968474
0.57968474
0.57740462
0.57740462
0.57639393
0.57639393
0.57588926
0.57588926
0.57337317
0.57337317
0.57287150
0.57287150
0.57087049
0.57087049
0.56346048
0.56346048
0.55670992
0.55670992
0.55224081
0.55224081
0.55224081
0.55224081
0.53866215
0.53866215
0.53492168
0.53492168
0.53112567
0.53112567
0.52602350
0.52602350
0.52458193
0.52458193
0.52352276
0.52352276
0.52317397
0.52317397
0.52129445
0.52129445
0.51773931
0.51773931
0.51758438
0.51758438
0.51390706
0.51390706
0.51294675
0.51294675
0.51150092
0.51150092
0.50862229
0.50862229
0.50862229
0.50862229
0.50818020
0.50818020
0.50613565
0.50613565
0.50530731
0.50530731
0.50367491
0.50367491
0.50352767
0.50352767
0.50251741
0.50251741
0.50120699
0.50120699
0.50071248
0.50071248
0.50037060
0.50037060
0.50015433
0.50015433
0.50007564
0.50007564
0.50003126
0.50003126
0.50002470
0.50002470
0.50000154
0.50000154
0.70494136
0.70494136
0.70491486
0.70491486
0.70475963
0.70475963
0.70472610
0.70472610
0.70371237
0.70371237
0.70343686
0.70343686
0.70295034
0.70295034
0.70234516
0.70234516
0.70172247
0.70172247
0.70147999
0.70147999
0.70116488
0.70116488
0.70070137
0.70070137
0.69867094
0.69867094
0.69825296
0.69825296
0.69808212
0.69808212
0.69790920
0.69790920
0.69782196
0.69782196
0.69746781
0.69746781
0.69664075
0.69664075
0.69664075
0.69664075
0.69537263
0.69537263
0.69537263
0.69537263
0.69506774
0.69506774
0.69506774
0.69506774
0.69465411
0.69465411
0.69465411
0.69465411
0.69423238
0.69423238
0.69423238
0.69423238
0.69007707
0.69007707
0.69007707
0.69007707
0.68802615
0.68802615
0.68802615
0.68802615
0.68668192
0.68668192
0.68668192
0.68668192
0.68557243
0.68557243
0.68557243
0.68557243
0.68557243
0.68557243
0.68557243
0.68557243
0.68005580
0.68005580
0.68005580
0.68005580
0.67862049
0.67862049
0.67862049
0.67862049
0.67547421
0.67547421
0.67547421
0.67547421
0.67001347
0.67001347
0.67001347
0.67001347
0.66835479
0.66835479
0.66835479
0.66835479
0.66279622
0.66279622
0.66279622
0.66279622
0.66220312
0.66220312
0.66220312
0.66220312
0.65651202
0.65651202
0.65651202
0.65651202
0.65399023
0.65399023
0.65399023
0.65399023
0.64880685
0.64880685
0.64880685
0.64880685
0.63886193
0.63886193
0.63886193
0.63886193
0.62891026
0.62891026
0.62891026
0.62891026
0.62769997
0.62769997
0.62769997
0.62769997
0.62672821
0.62672821
0.62672821
0.62672821
0.62502034
0.62502034
0.62502034
0.62502034
0.62453072
0.62453072
0.62453072
0.62453072
0.62354935
0.62354935
0.62354935
0.62354935
0.62281150
0.62281150
0.62281150
0.62281150
0.62281150
0.62281150
0.62281150
0.62281150
0.61835363
0.61835363
0.61835363
0.61835363
0.61810452
0.61810452
0.61810452
0.61810452
0.61660689
0.61660689
0.61660689
0.61660689
0.61107622
0.61107622
0.61107622
0.61107622
0.60676728
0.60676728
0.60676728
0.60676728
0.60625871
0.60625871
0.60625871
0.60625871
0.60524066
0.60524066
0.60524066
0.60524066
0.60498597
0.60498597
0.60498597
0.60498597
0.60166930
0.60166930
0.60166930
0.60166930
0.59168360
0.59168360
0.59168360
0.59168360
0.59168360
0.59168360
0.59168360
0.59168360
0.58426583
0.58426583
0.58426583
0.58426583
0.57968474
0.57968474
0.57968474
0.57968474
0.57740462
0.57740462
0.57740462
0.57740462
0.57639393
0.57639393
0.57639393
0.57639393
0.57588926
0.57588926
0.57588926
0.57588926
0.57337317
0.57337317
0.57337317
0.57337317
0.57287150
0.57287150
0.57287150
0.57287150
0.57087049
0.57087049
0.57087049
0.57087049
0.56346048
0.56346048
0.56346048
0.56346048
0.55670992
0.55670992
0.55670992
0.55670992
0.55224081
0.55224081
0.55224081
0.55224081
0.55224081
0.55224081
0.55224081
0.55224081
0.53866215
0.53866215
0.53866215
0.53866215
0.53492168
0.53492168
0.53492168
0.53492168
0.53112567
0.53112567
0.53112567
0.53112567
0.52602350
0.52602350
0.52602350
0.52602350
0.52458193
0.52458193
0.52458193
0.52458193
0.52352276
0.52352276
0.52352276
0.52352276
0.52317397
0.52317397
0.52317397
0.52317397
0.52129445
0.52129445
0.52129445
0.52129445
0.51773931
0.51773931
0.51773931
0.51773931
0.51758438
0.51758438
0.51758438
0.51758438
0.51390706
0.51390706
0.51390706
0.51390706
0.51294675
0.51294675
0.51294675
0.51294675
0.51150092
0.51150092
0.51150092
0.51150092
0.50862229
0.50862229
0.50862229
0.50862229
0.50862229
0.50862229
0.50862229
0.50862229
0.50818020
0.50818020
0.50818020
0.50818020
0.50613565
0.50613565
0.50613565
0.50613565
0.50530731
0.50530731
0.50530731
0.50530731
0.50367491
0.50367491
0.50367491
0.50367491
0.50352767
0.50352767
0.50352767
0.50352767
0.50251741
0.50251741
0.50251741
0.50251741
0.50120699
0.50120699
0.50120699
0.50120699
0.50071248
0.50071248
0.50071248
0.50071248
0.50037060
0.50037060
0.50037060
0.50037060
0.50015433
0.50015433
0.50015433
0.50015433
0.50007564
0.50007564
0.50007564
0.50007564
0.50003126
0.50003126
0.50003126
0.50003126
0.50002470
0.50002470
0.50002470
0.50002470
0.50000154
0.50000154
0.50000154
0.50000154
