0.70304366
0.62207212
0.55861996
0.70415349
0.70480582
0.50088744
0.51868126
0.60600430
0.61158131
0.51099462
0.63839748
0.69057039
0.67764382
0.57387537
0.64814636
0.70396131
0.52180046
0.50251741
0.53677504
0.55623493
0.69044780
0.70290287
0.68880973
0.54697203
0.70229123
0.60524066
0.57387537
0.68668192
0.70399470
0.69105588
0.51241198
0.67462051
0.69587060
0.60064698
0.58375567
0.70374956
0.68021306
0.69165167
0.69977168
0.60039128
0.51267808
0.70218177
0.69465411
0.53677504
0.60702145
0.70459155
0.59322097
0.63274844
0.50513108
0.50004670
0.58835469
0.55909991
0.58886654
0.56224210
0.69833760
0.67462051
0.56665167
0.51349171
0.70432609
0.64116876
0.50421326
0.66259888
0.69728763
0.58733139
0.69923416
0.50251741
0.70494910
0.50576039
0.51461186
0.56006265
0.69625977
0.65630371
0.55387581
0.50026076
0.68995253
0.55576098
0.68557243
0.50030239
0.69537263
0.52493920
0.60524066
0.65441385
0.54079692
0.60752955
0.68613094
0.50227622
0.61031780
0.59885633
0.50839988
0.66628425
0.66798184
0.58707567
0.64748317
0.67598133
0.60930518
0.68880973
0.69081412
0.50125035
0.68709018
0.50828970
0.68709018
0.68668192
0.68613094
0.68557243
0.68021306
0.67764382
0.67598133
0.67462051
0.67462051
0.66798184
0.66628425
0.66259888
0.65630371
0.65441385
0.64814636
0.64748317
0.64116876
0.63839748
0.63274844
0.62207212
0.61158131
0.61031780
0.60930518
0.60752955
0.60702145
0.60600430
0.60524066
0.60524066
0.60064698
0.60039128
0.59885633
0.59322097
0.58886654
0.58835469
0.58733139
0.58707567
0.58375567
0.57387537
0.57387537
0.56665167
0.56224210
0.56006265
0.55909991
0.55861996
0.55623493
0.55576098
0.55387581
0.54697203
0.54079692
0.53677504
0.53677504
0.52493920
0.52180046
0.51868126
0.51461186
0.51349171
0.51267808
0.51241198
0.51099462
0.50839988
0.50828970
0.50576039
0.50513108
0.50421326
0.50251741
0.50251741
0.50227622
0.50125035
0.50088744
0.50030239
0.50026076
0.50004670
0.70494910
0.70480582
0.70459155
0.70432609
0.70415349
0.70399470
0.70396131
0.70374956
0.70304366
0.70290287
0.70229123
0.70218177
0.69977168
0.69923416
0.69833760
0.69728763
0.69625977
0.69587060
0.69537263
0.69465411
0.69165167
0.69105588
0.69081412
0.69057039
0.69044780
0.68995253
0.68880973
0.68880973
0.68709018
0.68709018
0.68668192
0.68668192
0.68613094
0.68613094
0.68557243
0.68557243
0.68021306
0.68021306
0.67764382
0.67764382
0.67598133
0.67598133
0.67462051
0.67462051
0.67462051
0.67462051
0.66798184
0.66798184
0.66628425
0.66628425
0.66259888
0.66259888
0.65630371
0.65630371
0.65441385
0.65441385
0.64814636
0.64814636
0.64748317
0.64748317
0.64116876
0.64116876
0.63839748
0.63839748
0.63274844
0.63274844
0.62207212
0.62207212
0.61158131
0.61158131
0.61031780
0.61031780
0.60930518
0.60930518
0.60752955
0.60752955
0.60702145
0.60702145
0.60600430
0.60600430
0.60524066
0.60524066
0.60524066
0.60524066
0.60064698
0.60064698
0.60039128
0.60039128
0.59885633
0.59885633
0.59322097
0.59322097
0.58886654
0.58886654
0.58835469
0.58835469
0.58733139
0.58733139
0.58707567
0.58707567
0.58375567
0.58375567
0.57387537
0.57387537
0.57387537
0.57387537
0.56665167
0.56665167
0.56224210
0.56224210
0.56006265
0.56006265
0.55909991
0.55909991
0.55861996
0.55861996
0.55623493
0.55623493
0.55576098
0.55576098
0.55387581
0.55387581
0.54697203
0.54697203
0.54079692
0.54079692
0.53677504
0.53677504
0.53677504
0.53677504
0.52493920
0.52493920
0.52180046
0.52180046
0.51868126
0.51868126
0.51461186
0.51461186
0.51349171
0.51349171
0.51267808
0.51267808
0.51241198
0.51241198
0.51099462
0.51099462
0.50839988
0.50839988
0.50828970
0.50828970
0.50576039
0.50576039
0.50513108
0.50513108
0.50421326
0.50421326
0.50251741
0.50251741
0.50251741
0.50251741
0.50227622
0.50227622
0.50125035
0.50125035
0.50088744
0.50088744
0.50030239
0.50030239
0.50026076
0.50026076
0.50004670
0.50004670
0.70494910
0.70494910
0.70480582
0.70480582
0.70459155
0.70459155
0.70432609
0.70432609
0.70415349
0.70415349
0.70399470
0.70399470
0.70396131
0.70396131
0.70374956
0.70374956
0.70304366
0.70304366
0.70290287
0.70290287
0.70229123
0.70229123
0.70218177
0.70218177
0.69977168
0.69977168
0.69923416
0.69923416
0.69833760
0.69833760
0.69728763
0.69728763
0.69625977
0.69625977
0.69587060
0.69587060
0.69537263
0.69537263
0.69465411
0.69465411
0.69165167
0.69165167
0.69105588
0.69105588
0.69081412
0.69081412
0.69057039
0.69057039
0.69044780
0.69044780
0.68995253
0.68995253
0.68880973
0.68880973
0.68880973
0.68880973
0.68709018
0.68709018
0.68709018
0.68709018
0.68668192
0.68668192
0.68668192
0.68668192
0.68613094
0.68613094
0.68613094
0.68613094
0.68557243
0.68557243
0.68557243
0.68557243
0.68021306
0.68021306
0.68021306
0.68021306
0.67764382
0.67764382
0.67764382
0.67764382
0.67598133
0.67598133
0.67598133
0.67598133
0.67462051
0.67462051
0.67462051
0.67462051
0.67462051
0.67462051
0.67462051
0.67462051
0.66798184
0.66798184
0.66798184
0.66798184
0.66628425
0.66628425
0.66628425
0.66628425
0.66259888
0.66259888
0.66259888
0.66259888
0.65630371
0.65630371
0.65630371
0.65630371
0.65441385
0.65441385
0.65441385
0.65441385
0.64814636
0.64814636
0.64814636
0.64814636
0.64748317
0.64748317
0.64748317
0.64748317
0.64116876
0.64116876
0.64116876
0.64116876
0.63839748
0.63839748
0.63839748
0.63839748
0.63274844
0.63274844
0.63274844
0.63274844
0.62207212
0.62207212
0.62207212
0.62207212
0.61158131
0.61158131
0.61158131
0.61158131
0.61031780
0.61031780
0.61031780
0.61031780
0.60930518
0.60930518
0.60930518
0.60930518
0.60752955
0.60752955
0.60752955
0.60752955
0.60702145
0.60702145
0.60702145
0.60702145
0.60600430
0.60600430
0.60600430
0.60600430
0.60524066
0.60524066
0.60524066
0.60524066
0.60524066
0.60524066
0.60524066
0.60524066
0.60064698
0.60064698
0.60064698
0.60064698
0.60039128
0.60039128
0.60039128
0.60039128
0.59885633
0.59885633
0.59885633
0.59885633
0.59322097
0.59322097
0.59322097
0.59322097
0.58886654
0.58886654
0.58886654
0.58886654
0.58835469
0.58835469
0.58835469
0.58835469
0.58733139
0.58733139
0.58733139
0.58733139
0.58707567
0.58707567
0.58707567
0.58707567
0.58375567
0.58375567
0.58375567
0.58375567
0.57387537
0.57387537
0.57387537
0.57387537
0.57387537
0.57387537
0.57387537
0.57387537
0.56665167
0.56665167
0.56665167
0.56665167
0.56224210
0.56224210
0.56224210
0.56224210
0.56006265
0.56006265
0.56006265
0.56006265
0.55909991
0.55909991
0.55909991
0.55909991
0.55861996
0.55861996
0.55861996
0.55861996
0.55623493
0.55623493
0.55623493
0.55623493
0.55576098
0.55576098
0.55576098
0.55576098
0.55387581
0.55387581
0.55387581
0.55387581
0.54697203
0.54697203
0.54697203
0.54697203
0.54079692
0.54079692
0.54079692
0.54079692
0.53677504
0.53677504
0.53677504
0.53677504
0.53677504
0.53677504
0.53677504
0.53677504
0.52493920
0.52493920
0.52493920
0.52493920
0.52180046
0.52180046
0.52180046
0.52180046
0.51868126
0.51868126
0.51868126
0.51868126
0.51461186
0.51461186
0.51461186
0.51461186
0.51349171
0.51349171
0.51349171
0.51349171
0.51267808
0.51267808
0.51267808
0.51267808
0.51241198
0.51241198
0.51241198
0.51241198
0.51099462
0.51099462
0.51099462
0.51099462
0.50839988
0.50839988
0.50839988
0.50839988
0.50828970
0.50828970
0.50828970
0.50828970
0.50576039
0.50576039
0.50576039
0.50576039
0.50513108
0.50513108
0.50513108
0.50513108
0.50421326
0.50421326
0.50421326
0.50421326
0.50251741
0.50251741
0.50251741
0.50251741
0.50251741
0.50251741
0.50251741
0.50251741
0.50227622
0.50227622
0.50227622
0.50227622
0.50125035
0.50125035
0.50125035
0.50125035
0.50088744
0.50088744
0.50088744
0.50088744
0.50030239
0.50030239
0.50030239
0.50030239
0.50026076
0.50026076
0.50026076
0.50026076
0.50004670
0.50004670
0.50004670
0.50004670
