0.70483388
0.63652973
0.57337317
0.50000618
0.50041991
0.50445490
0.52919457
0.62108398
0.62648479
0.51964412
0.65185262
0.69701349
0.68668192
0.58912252
0.66080646
0.70499927
0.53290355
0.50753765
0.54992989
0.57087049
0.69692108
0.70479097
0.69567294
0.56102907
0.70457015
0.62034118
0.58912252
0.69401849
0.70499989
0.69737798
0.52146257
0.68414343
0.70083646
0.61585623
0.59911224
0.70498403
0.68880973
0.69782196
0.70331066
0.61560574
0.52180046
0.70452570
0.69999415
0.54992989
0.62207212
0.50017015
0.60854473
0.64659478
0.51162912
0.50193685
0.60371151
0.57387537
0.60422149
0.57715179
0.70245140
0.68414343
0.58171773
0.52282733
0.50003859
0.65441385
0.51025489
0.67375626
0.70178176
0.60269085
0.70299727
0.50753765
0.50081516
0.51254471
0.52422675
0.57488132
0.70110026
0.66816852
0.56838297
0.50283566
0.69654627
0.57037171
0.69314281
0.50296816
0.70049476
0.53656742
0.62034118
0.66647442
0.55434547
0.62256521
0.69358466
0.50712311
0.62526487
0.61410016
0.51621676
0.67698400
0.67845880
0.60243554
0.66020247
0.68529036
0.62428564
0.69567294
0.69719677
0.50521883
0.69433857
0.51606781
0.69433857
0.69401849
0.69358466
0.69314281
0.68880973
0.68668192
0.68529036
0.68414343
0.68414343
0.67845880
0.67698400
0.67375626
0.66816852
0.66647442
0.66080646
0.66020247
0.65441385
0.65185262
0.64659478
0.63652973
0.62648479
0.62526487
0.62428564
0.62256521
0.62207212
0.62108398
0.62034118
0.62034118
0.61585623
0.61560574
0.61410016
0.60854473
0.60422149
0.60371151
0.60269085
0.60243554
0.59911224
0.58912252
0.58912252
0.58171773
0.57715179
0.57488132
0.57387537
0.57337317
0.57087049
0.57037171
0.56838297
0.56102907
0.55434547
0.54992989
0.54992989
0.53656742
0.53290355
0.52919457
0.52422675
0.52282733
0.52180046
0.52146257
0.51964412
0.51621676
0.51606781
0.51254471
0.51162912
0.51025489
0.50753765
0.50753765
0.50712311
0.50521883
0.50445490
0.50296816
0.50283566
0.50193685
0.50081516
0.50041991
0.50017015
0.50003859
0.50000618
0.70499989
0.70499927
0.70498403
0.70483388
0.70479097
0.70457015
0.70452570
0.70331066
0.70299727
0.70245140
0.70178176
0.70110026
0.70083646
0.70049476
0.69999415
0.69782196
0.69737798
0.69719677
0.69701349
0.69692108
0.69654627
0.69567294
0.69567294
0.69433857
0.69433857
0.69401849
0.69401849
0.69358466
0.69358466
0.69314281
0.69314281
0.68880973
0.68880973
0.68668192
0.68668192
0.68529036
0.68529036
0.68414343
0.68414343
0.68414343
0.68414343
0.67845880
0.67845880
0.67698400
0.67698400
0.67375626
0.67375626
0.66816852
0.66816852
0.66647442
0.66647442
0.66080646
0.66080646
0.66020247
0.66020247
0.65441385
0.65441385
0.65185262
0.65185262
0.64659478
0.64659478
0.63652973
0.63652973
0.62648479
0.62648479
0.62526487
0.62526487
0.62428564
0.62428564
0.62256521
0.62256521
0.62207212
0.62207212
0.62108398
0.62108398
0.62034118
0.62034118
0.62034118
0.62034118
0.61585623
0.61585623
0.61560574
0.61560574
0.61410016
0.61410016
0.60854473
0.60854473
0.60422149
0.60422149
0.60371151
0.60371151
0.60269085
0.60269085
0.60243554
0.60243554
0.59911224
0.59911224
0.58912252
0.58912252
0.58912252
0.58912252
0.58171773
0.58171773
0.57715179
0.57715179
0.57488132
0.57488132
0.57387537
0.57387537
0.57337317
0.57337317
0.57087049
0.57087049
0.57037171
0.57037171
0.56838297
0.56838297
0.56102907
0.56102907
0.55434547
0.55434547
0.54992989
0.54992989
0.54992989
0.54992989
0.53656742
0.53656742
0.53290355
0.53290355
0.52919457
0.52919457
0.52422675
0.52422675
0.52282733
0.52282733
0.52180046
0.52180046
0.52146257
0.52146257
0.51964412
0.51964412
0.51621676
0.51621676
0.51606781
0.51606781
0.51254471
0.51254471
0.51162912
0.51162912
0.51025489
0.51025489
0.50753765
0.50753765
0.50753765
0.50753765
0.50712311
0.50712311
0.50521883
0.50521883
0.50445490
0.50445490
0.50296816
0.50296816
0.50283566
0.50283566
0.50193685
0.50193685
0.50081516
0.50081516
0.50041991
0.50041991
0.50017015
0.50017015
0.50003859
0.50003859
0.50000618
0.50000618
0.70499989
0.70499989
0.70499927
0.70499927
0.70498403
0.70498403
0.70483388
0.70483388
0.70479097
0.70479097
0.70457015
0.70457015
0.70452570
0.70452570
0.70331066
0.70331066
0.70299727
0.70299727
0.70245140
0.70245140
0.70178176
0.70178176
0.70110026
0.70110026
0.70083646
0.70083646
0.70049476
0.70049476
0.69999415
0.69999415
0.69782196
0.69782196
0.69737798
0.69737798
0.69719677
0.69719677
0.69701349
0.69701349
0.69692108
0.69692108
0.69654627
0.69654627
0.69567294
0.69567294
0.69567294
0.69567294
0.69433857
0.69433857
0.69433857
0.69433857
0.69401849
0.69401849
0.69401849
0.69401849
0.69358466
0.69358466
0.69358466
0.69358466
0.69314281
0.69314281
0.69314281
0.69314281
0.68880973
0.68880973
0.68880973
0.68880973
0.68668192
0.68668192
0.68668192
0.68668192
0.68529036
0.68529036
0.68529036
0.68529036
0.68414343
0.68414343
0.68414343
0.68414343
0.68414343
0.68414343
0.68414343
0.68414343
0.67845880
0.67845880
0.67845880
0.67845880
0.67698400
0.67698400
0.67698400
0.67698400
0.67375626
0.67375626
0.67375626
0.67375626
0.66816852
0.66816852
0.66816852
0.66816852
0.66647442
0.66647442
0.66647442
0.66647442
0.66080646
0.66080646
0.66080646
0.66080646
0.66020247
0.66020247
0.66020247
0.66020247
0.65441385
0.65441385
0.65441385
0.65441385
0.65185262
0.65185262
0.65185262
0.65185262
0.64659478
0.64659478
0.64659478
0.64659478
0.63652973
0.63652973
0.63652973
0.63652973
0.62648479
0.62648479
0.62648479
0.62648479
0.62526487
0.62526487
0.62526487
0.62526487
0.62428564
0.62428564
0.62428564
0.62428564
0.62256521
0.62256521
0.62256521
0.62256521
0.62207212
0.62207212
0.62207212
0.62207212
0.62108398
0.62108398
0.62108398
0.62108398
0.62034118
0.62034118
0.62034118
0.62034118
0.62034118
0.62034118
0.62034118
0.62034118
0.61585623
0.61585623
0.61585623
0.61585623
0.61560574
0.61560574
0.61560574
0.61560574
0.61410016
0.61410016
0.61410016
0.61410016
0.60854473
0.60854473
0.60854473
0.60854473
0.60422149
0.60422149
0.60422149
0.60422149
0.60371151
0.60371151
0.60371151
0.60371151
0.60269085
0.60269085
0.60269085
0.60269085
0.60243554
0.60243554
0.60243554
0.60243554
0.59911224
0.59911224
0.59911224
0.59911224
0.58912252
0.58912252
0.58912252
0.58912252
0.58912252
0.58912252
0.58912252
0.58912252
0.58171773
0.58171773
0.58171773
0.58171773
0.57715179
0.57715179
0.57715179
0.57715179
0.57488132
0.57488132
0.57488132
0.57488132
0.57387537
0.57387537
0.57387537
0.57387537
0.57337317
0.57337317
0.57337317
0.57337317
0.57087049
0.57087049
0.57087049
0.57087049
0.57037171
0.57037171
0.57037171
0.57037171
0.56838297
0.56838297
0.56838297
0.56838297
0.56102907
0.56102907
0.56102907
0.56102907
0.55434547
0.55434547
0.55434547
0.55434547
0.54992989
0.54992989
0.54992989
0.54992989
0.54992989
0.54992989
0.54992989
0.54992989
0.53656742
0.53656742
0.53656742
0.53656742
0.53290355
0.53290355
0.53290355
0.53290355
0.52919457
0.52919457
0.52919457
0.52919457
0.52422675
0.52422675
0.52422675
0.52422675
0.52282733
0.52282733
0.52282733
0.52282733
0.52180046
0.52180046
0.52180046
0.52180046
0.52146257
0.52146257
0.52146257
0.52146257
0.51964412
0.51964412
0.51964412
0.51964412
0.51621676
0.51621676
0.51621676
0.51621676
0.51606781
0.51606781
0.51606781
0.51606781
0.51254471
0.51254471
0.51254471
0.51254471
0.51162912
0.51162912
0.51162912
0.51162912
0.51025489
0.51025489
0.51025489
0.51025489
0.50753765
0.50753765
0.50753765
0.50753765
0.50753765
0.50753765
0.50753765
0.50753765
0.50712311
0.50712311
0.50712311
0.50712311
0.50521883
0.50521883
0.50521883
0.50521883
0.50445490
0.50445490
0.50445490
0.50445490
0.50296816
0.50296816
0.50296816
0.50296816
0.50283566
0.50283566
0.50283566
0.50283566
0.50193685
0.50193685
0.50193685
0.50193685
0.50081516
0.50081516
0.50081516
0.50081516
0.50041991
0.50041991
0.50041991
0.50041991
0.50017015
0.50017015
0.50017015
0.50017015
0.50003859
0.50003859
0.50003859
0.50003859
0.50000618
0.50000618
0.50000618
0.50000618
