0.50162453
0.65651202
0.59629570
0.50338338
0.50576039
0.51461186
0.54810325
0.64254020
0.64748317
0.53636022
0.66983077
0.70317959
0.69701349
0.61208598
0.67731478
0.50296816
0.55247352
0.51964412
0.57161978
0.59373347
0.70313482
0.50147854
0.70250372
0.58350069
0.50096276
0.64185569
0.61208598
0.70160230
0.50303551
0.70335327
0.53866215
0.69527151
0.70469039
0.63769893
0.62182533
0.50257958
0.69842171
0.70355819
0.50004670
0.63746558
0.53908595
0.50088744
0.70443025
0.57161978
0.64344907
0.50470306
0.63083615
0.66532764
0.52566000
0.50977500
0.62624118
0.59680800
0.62672821
0.60013555
0.70498794
0.69527151
0.60473121
0.54036685
0.50382507
0.67199653
0.52369796
0.68762788
0.70490493
0.62526487
0.50000618
0.51964412
0.50702122
0.52694118
0.54209627
0.59783237
0.70475963
0.68326378
0.59117123
0.51162912
0.70295034
0.59322097
0.70110026
0.51188749
0.70459155
0.55670992
0.64185569
0.68191337
0.57639393
0.64390184
0.70135554
0.51899991
0.64637195
0.63606036
0.53191126
0.69007707
0.69117602
0.62502034
0.67681797
0.69606621
0.64547773
0.70250372
0.70326751
0.51591946
0.70178176
0.53171417
0.70178176
0.70160230
0.70135554
0.70110026
0.69842171
0.69701349
0.69606621
0.69527151
0.69527151
0.69117602
0.69007707
0.68762788
0.68326378
0.68191337
0.67731478
0.67681797
0.67199653
0.66983077
0.66532764
0.65651202
0.64748317
0.64637195
0.64547773
0.64390184
0.64344907
0.64254020
0.64185569
0.64185569
0.63769893
0.63746558
0.63606036
0.63083615
0.62672821
0.62624118
0.62526487
0.62502034
0.62182533
0.61208598
0.61208598
0.60473121
0.60013555
0.59783237
0.59680800
0.59629570
0.59373347
0.59322097
0.59117123
0.58350069
0.57639393
0.57161978
0.57161978
0.55670992
0.55247352
0.54810325
0.54209627
0.54036685
0.53908595
0.53866215
0.53636022
0.53191126
0.53171417
0.52694118
0.52566000
0.52369796
0.51964412
0.51964412
0.51899991
0.51591946
0.51461186
0.51188749
0.51162912
0.50977500
0.50702122
0.50576039
0.50470306
0.50382507
0.50338338
0.50303551
0.50296816
0.50257958
0.50162453
0.50147854
0.50096276
0.50088744
0.50004670
0.50000618
0.70498794
0.70490493
0.70475963
0.70469039
0.70459155
0.70443025
0.70355819
0.70335327
0.70326751
0.70317959
0.70313482
0.70295034
0.70250372
0.70250372
0.70178176
0.70178176
0.70160230
0.70160230
0.70135554
0.70135554
0.70110026
0.70110026
0.69842171
0.69842171
0.69701349
0.69701349
0.69606621
0.69606621
0.69527151
0.69527151
0.69527151
0.69527151
0.69117602
0.69117602
0.69007707
0.69007707
0.68762788
0.68762788
0.68326378
0.68326378
0.68191337
0.68191337
0.67731478
0.67731478
0.67681797
0.67681797
0.67199653
0.67199653
0.66983077
0.66983077
0.66532764
0.66532764
0.65651202
0.65651202
0.64748317
0.64748317
0.64637195
0.64637195
0.64547773
0.64547773
0.64390184
0.64390184
0.64344907
0.64344907
0.64254020
0.64254020
0.64185569
0.64185569
0.64185569
0.64185569
0.63769893
0.63769893
0.63746558
0.63746558
0.63606036
0.63606036
0.63083615
0.63083615
0.62672821
0.62672821
0.62624118
0.62624118
0.62526487
0.62526487
0.62502034
0.62502034
0.62182533
0.62182533
0.61208598
0.61208598
0.61208598
0.61208598
0.60473121
0.60473121
0.60013555
0.60013555
0.59783237
0.59783237
0.59680800
0.59680800
0.59629570
0.59629570
0.59373347
0.59373347
0.59322097
0.59322097
0.59117123
0.59117123
0.58350069
0.58350069
0.57639393
0.57639393
0.57161978
0.57161978
0.57161978
0.57161978
0.55670992
0.55670992
0.55247352
0.55247352
0.54810325
0.54810325
0.54209627
0.54209627
0.54036685
0.54036685
0.53908595
0.53908595
0.53866215
0.53866215
0.53636022
0.53636022
0.53191126
0.53191126
0.53171417
0.53171417
0.52694118
0.52694118
0.52566000
0.52566000
0.52369796
0.52369796
0.51964412
0.51964412
0.51964412
0.51964412
0.51899991
0.51899991
0.51591946
0.51591946
0.51461186
0.51461186
0.51188749
0.51188749
0.51162912
0.51162912
0.50977500
0.50977500
0.50702122
0.50702122
0.50576039
0.50576039
0.50470306
0.50470306
0.50382507
0.50382507
0.50338338
0.50338338
0.50303551
0.50303551
0.50296816
0.50296816
0.50257958
0.50257958
0.50162453
0.50162453
0.50147854
0.50147854
0.50096276
0.50096276
0.50088744
0.50088744
0.50004670
0.50004670
0.50000618
0.50000618
0.70498794
0.70498794
0.70490493
0.70490493
0.70475963
0.70475963
0.70469039
0.70469039
0.70459155
0.70459155
0.70443025
0.70443025
0.70355819
0.70355819
0.70335327
0.70335327
0.70326751
0.70326751
0.70317959
0.70317959
0.70313482
0.70313482
0.70295034
0.70295034
0.70250372
0.70250372
0.70250372
0.70250372
0.70178176
0.70178176
0.70178176
0.70178176
0.70160230
0.70160230
0.70160230
0.70160230
0.70135554
0.70135554
0.70135554
0.70135554
0.70110026
0.70110026
0.70110026
0.70110026
0.69842171
0.69842171
0.69842171
0.69842171
0.69701349
0.69701349
0.69701349
0.69701349
0.69606621
0.69606621
0.69606621
0.69606621
0.69527151
0.69527151
0.69527151
0.69527151
0.69527151
0.69527151
0.69527151
0.69527151
0.69117602
0.69117602
0.69117602
0.69117602
0.69007707
0.69007707
0.69007707
0.69007707
0.68762788
0.68762788
0.68762788
0.68762788
0.68326378
0.68326378
0.68326378
0.68326378
0.68191337
0.68191337
0.68191337
0.68191337
0.67731478
0.67731478
0.67731478
0.67731478
0.67681797
0.67681797
0.67681797
0.67681797
0.67199653
0.67199653
0.67199653
0.67199653
0.66983077
0.66983077
0.66983077
0.66983077
0.66532764
0.66532764
0.66532764
0.66532764
0.65651202
0.65651202
0.65651202
0.65651202
0.64748317
0.64748317
0.64748317
0.64748317
0.64637195
0.64637195
0.64637195
0.64637195
0.64547773
0.64547773
0.64547773
0.64547773
0.64390184
0.64390184
0.64390184
0.64390184
0.64344907
0.64344907
0.64344907
0.64344907
0.64254020
0.64254020
0.64254020
0.64254020
0.64185569
0.64185569
0.64185569
0.64185569
0.64185569
0.64185569
0.64185569
0.64185569
0.63769893
0.63769893
0.63769893
0.63769893
0.63746558
0.63746558
0.63746558
0.63746558
0.63606036
0.63606036
0.63606036
0.63606036
0.63083615
0.63083615
0.63083615
0.63083615
0.62672821
0.62672821
0.62672821
0.62672821
0.62624118
0.62624118
0.62624118
0.62624118
0.62526487
0.62526487
0.62526487
0.62526487
0.62502034
0.62502034
0.62502034
0.62502034
0.62182533
0.62182533
0.62182533
0.62182533
0.61208598
0.61208598
0.61208598
0.61208598
0.61208598
0.61208598
0.61208598
0.61208598
0.60473121
0.60473121
0.60473121
0.60473121
0.60013555
0.60013555
0.60013555
0.60013555
0.59783237
0.59783237
0.59783237
0.59783237
0.59680800
0.59680800
0.59680800
0.59680800
0.59629570
0.59629570
0.59629570
0.59629570
0.59373347
0.59373347
0.59373347
0.59373347
0.59322097
0.59322097
0.59322097
0.59322097
0.59117123
0.59117123
0.59117123
0.59117123
0.58350069
0.58350069
0.58350069
0.58350069
0.57639393
0.57639393
0.57639393
0.57639393
0.57161978
0.57161978
0.57161978
0.57161978
0.57161978
0.57161978
0.57161978
0.57161978
0.55670992
0.55670992
0.55670992
0.55670992
0.55247352
0.55247352
0.55247352
0.55247352
0.54810325
0.54810325
0.54810325
0.54810325
0.54209627
0.54209627
0.54209627
0.54209627
0.54036685
0.54036685
0.54036685
0.54036685
0.53908595
0.53908595
0.53908595
0.53908595
0.53866215
0.53866215
0.53866215
0.53866215
0.53636022
0.53636022
0.53636022
0.53636022
0.53191126
0.53191126
0.53191126
0.53191126
0.53171417
0.53171417
0.53171417
0.53171417
0.52694118
0.52694118
0.52694118
0.52694118
0.52566000
0.52566000
0.52566000
0.52566000
0.52369796
0.52369796
0.52369796
0.52369796
0.51964412
0.51964412
0.51964412
0.51964412
0.51964412
0.51964412
0.51964412
0.51964412
0.51899991
0.51899991
0.51899991
0.51899991
0.51591946
0.51591946
0.51591946
0.51591946
0.51461186
0.51461186
0.51461186
0.51461186
0.51188749
0.51188749
0.51188749
0.51188749
0.51162912
0.51162912
0.51162912
0.51162912
0.50977500
0.50977500
0.50977500
0.50977500
0.50702122
0.50702122
0.50702122
0.50702122
0.50576039
0.50576039
0.50576039
0.50576039
0.50470306
0.50470306
0.50470306
0.50470306
0.50382507
0.50382507
0.50382507
0.50382507
0.50338338
0.50338338
0.50338338
0.50338338
0.50303551
0.50303551
0.50303551
0.50303551
0.50296816
0.50296816
0.50296816
0.50296816
0.50257958
0.50257958
0.50257958
0.50257958
0.50162453
0.50162453
0.50162453
0.50162453
0.50147854
0.50147854
0.50147854
0.50147854
0.50096276
0.50096276
0.50096276
0.50096276
0.50088744
0.50088744
0.50088744
0.50088744
0.50004670
0.50004670
0.50004670
0.50004670
0.50000618
0.50000618
0.50000618
0.50000618
