0.70499411
0.64116876
0.57841702
0.50022221
0.50108145
0.50623123
0.53310337
0.62599738
0.63131552
0.52300038
0.65609507
0.69875297
0.68932249
0.59424597
0.66474910
0.50012502
0.53698308
0.50977500
0.55458072
0.57588926
0.69867094
0.70498403
0.69755713
0.56591237
0.70489445
0.62526487
0.59424597
0.69606621
0.50013929
0.69907586
0.52493920
0.68695457
0.70207016
0.62083654
0.60422149
0.50005557
0.69129567
0.69946768
0.70405985
0.62058894
0.52529857
0.70487186
0.70135554
0.55458072
0.62697144
0.50064784
0.61359731
0.65098862
0.51432807
0.50317245
0.60879830
0.57892382
0.60930518
0.58222678
0.70339533
0.68695457
0.58681998
0.52638905
0.50034710
0.65857622
0.51281209
0.67714961
0.70285486
0.60778347
0.70382232
0.50977500
0.50167470
0.51533217
0.52787145
0.57993856
0.70229123
0.67181828
0.57337317
0.50429308
0.69833760
0.57538505
0.69527151
0.50445490
0.70178176
0.54079692
0.62526487
0.67019577
0.55909991
0.62745732
0.69567294
0.50930582
0.63011550
0.61910009
0.51932086
0.68021306
0.68160828
0.60752955
0.66416716
0.68802615
0.62915172
0.69755713
0.69891546
0.50712311
0.69635579
0.51916010
0.69635579
0.69606621
0.69567294
0.69527151
0.69129567
0.68932249
0.68802615
0.68695457
0.68695457
0.68160828
0.68021306
0.67714961
0.67181828
0.67019577
0.66474910
0.66416716
0.65857622
0.65609507
0.65098862
0.64116876
0.63131552
0.63011550
0.62915172
0.62745732
0.62697144
0.62599738
0.62526487
0.62526487
0.62083654
0.62058894
0.61910009
0.61359731
0.60930518
0.60879830
0.60778347
0.60752955
0.60422149
0.59424597
0.59424597
0.58681998
0.58222678
0.57993856
0.57892382
0.57841702
0.57588926
0.57538505
0.57337317
0.56591237
0.55909991
0.55458072
0.55458072
0.54079692
0.53698308
0.53310337
0.52787145
0.52638905
0.52529857
0.52493920
0.52300038
0.51932086
0.51916010
0.51533217
0.51432807
0.51281209
0.50977500
0.50977500
0.50930582
0.50712311
0.50623123
0.50445490
0.50429308
0.50317245
0.50167470
0.50108145
0.50064784
0.50034710
0.50022221
0.50013929
0.50012502
0.50005557
0.70499411
0.70498403
0.70489445
0.70487186
0.70405985
0.70382232
0.70339533
0.70285486
0.70229123
0.70207016
0.70178176
0.70135554
0.69946768
0.69907586
0.69891546
0.69875297
0.69867094
0.69833760
0.69755713
0.69755713
0.69635579
0.69635579
0.69606621
0.69606621
0.69567294
0.69567294
0.69527151
0.69527151
0.69129567
0.69129567
0.68932249
0.68932249
0.68802615
0.68802615
0.68695457
0.68695457
0.68695457
0.68695457
0.68160828
0.68160828
0.68021306
0.68021306
0.67714961
0.67714961
0.67181828
0.67181828
0.67019577
0.67019577
0.66474910
0.66474910
0.66416716
0.66416716
0.65857622
0.65857622
0.65609507
0.65609507
0.65098862
0.65098862
0.64116876
0.64116876
0.63131552
0.63131552
0.63011550
0.63011550
0.62915172
0.62915172
0.62745732
0.62745732
0.62697144
0.62697144
0.62599738
0.62599738
0.62526487
0.62526487
0.62526487
0.62526487
0.62083654
0.62083654
0.62058894
0.62058894
0.61910009
0.61910009
0.61359731
0.61359731
0.60930518
0.60930518
0.60879830
0.60879830
0.60778347
0.60778347
0.60752955
0.60752955
0.60422149
0.60422149
0.59424597
0.59424597
0.59424597
0.59424597
0.58681998
0.58681998
0.58222678
0.58222678
0.57993856
0.57993856
0.57892382
0.57892382
0.57841702
0.57841702
0.57588926
0.57588926
0.57538505
0.57538505
0.57337317
0.57337317
0.56591237
0.56591237
0.55909991
0.55909991
0.55458072
0.55458072
0.55458072
0.55458072
0.54079692
0.54079692
0.53698308
0.53698308
0.53310337
0.53310337
0.52787145
0.52787145
0.52638905
0.52638905
0.52529857
0.52529857
0.52493920
0.52493920
0.52300038
0.52300038
0.51932086
0.51932086
0.51916010
0.51916010
0.51533217
0.51533217
0.51432807
0.51432807
0.51281209
0.51281209
0.50977500
0.50977500
0.50977500
0.50977500
0.50930582
0.50930582
0.50712311
0.50712311
0.50623123
0.50623123
0.50445490
0.50445490
0.50429308
0.50429308
0.50317245
0.50317245
0.50167470
0.50167470
0.50108145
0.50108145
0.50064784
0.50064784
0.50034710
0.50034710
0.50022221
0.50022221
0.50013929
0.50013929
0.50012502
0.50012502
0.50005557
0.50005557
0.70499411
0.70499411
0.70498403
0.70498403
0.70489445
0.70489445
0.70487186
0.70487186
0.70405985
0.70405985
0.70382232
0.70382232
0.70339533
0.70339533
0.70285486
0.70285486
0.70229123
0.70229123
0.70207016
0.70207016
0.70178176
0.70178176
0.70135554
0.70135554
0.69946768
0.69946768
0.69907586
0.69907586
0.69891546
0.69891546
0.69875297
0.69875297
0.69867094
0.69867094
0.69833760
0.69833760
0.69755713
0.69755713
0.69755713
0.69755713
0.69635579
0.69635579
0.69635579
0.69635579
0.69606621
0.69606621
0.69606621
0.69606621
0.69567294
0.69567294
0.69567294
0.69567294
0.69527151
0.69527151
0.69527151
0.69527151
0.69129567
0.69129567
0.69129567
0.69129567
0.68932249
0.68932249
0.68932249
0.68932249
0.68802615
0.68802615
0.68802615
0.68802615
0.68695457
0.68695457
0.68695457
0.68695457
0.68695457
0.68695457
0.68695457
0.68695457
0.68160828
0.68160828
0.68160828
0.68160828
0.68021306
0.68021306
0.68021306
0.68021306
0.67714961
0.67714961
0.67714961
0.67714961
0.67181828
0.67181828
0.67181828
0.67181828
0.67019577
0.67019577
0.67019577
0.67019577
0.66474910
0.66474910
0.66474910
0.66474910
0.66416716
0.66416716
0.66416716
0.66416716
0.65857622
0.65857622
0.65857622
0.65857622
0.65609507
0.65609507
0.65609507
0.65609507
0.65098862
0.65098862
0.65098862
0.65098862
0.64116876
0.64116876
0.64116876
0.64116876
0.63131552
0.63131552
0.63131552
0.63131552
0.63011550
0.63011550
0.63011550
0.63011550
0.62915172
0.62915172
0.62915172
0.62915172
0.62745732
0.62745732
0.62745732
0.62745732
0.62697144
0.62697144
0.62697144
0.62697144
0.62599738
0.62599738
0.62599738
0.62599738
0.62526487
0.62526487
0.62526487
0.62526487
0.62526487
0.62526487
0.62526487
0.62526487
0.62083654
0.62083654
0.62083654
0.62083654
0.62058894
0.62058894
0.62058894
0.62058894
0.61910009
0.61910009
0.61910009
0.61910009
0.61359731
0.61359731
0.61359731
0.61359731
0.60930518
0.60930518
0.60930518
0.60930518
0.60879830
0.60879830
0.60879830
0.60879830
0.60778347
0.60778347
0.60778347
0.60778347
0.60752955
0.60752955
0.60752955
0.60752955
0.60422149
0.60422149
0.60422149
0.60422149
0.59424597
0.59424597
0.59424597
0.59424597
0.59424597
0.59424597
0.59424597
0.59424597
0.58681998
0.58681998
0.58681998
0.58681998
0.58222678
0.58222678
0.58222678
0.58222678
0.57993856
0.57993856
0.57993856
0.57993856
0.57892382
0.57892382
0.57892382
0.57892382
0.57841702
0.57841702
0.57841702
0.57841702
0.57588926
0.57588926
0.57588926
0.57588926
0.57538505
0.57538505
0.57538505
0.57538505
0.57337317
0.57337317
0.57337317
0.57337317
0.56591237
0.56591237
0.56591237
0.56591237
0.55909991
0.55909991
0.55909991
0.55909991
0.55458072
0.55458072
0.55458072
0.55458072
0.55458072
0.55458072
0.55458072
0.55458072
0.54079692
0.54079692
0.54079692
0.54079692
0.53698308
0.53698308
0.53698308
0.53698308
0.53310337
0.53310337
0.53310337
0.53310337
0.52787145
0.52787145
0.52787145
0.52787145
0.52638905
0.52638905
0.52638905
0.52638905
0.52529857
0.52529857
0.52529857
0.52529857
0.52493920
0.52493920
0.52493920
0.52493920
0.52300038
0.52300038
0.52300038
0.52300038
0.51932086
0.51932086
0.51932086
0.51932086
0.51916010
0.51916010
0.51916010
0.51916010
0.51533217
0.51533217
0.51533217
0.51533217
0.51432807
0.51432807
0.51432807
0.51432807
0.51281209
0.51281209
0.51281209
0.51281209
0.50977500
0.50977500
0.50977500
0.50977500
0.50977500
0.50977500
0.50977500
0.50977500
0.50930582
0.50930582
0.50930582
0.50930582
0.50712311
0.50712311
0.50712311
0.50712311
0.50623123
0.50623123
0.50623123
0.50623123
0.50445490
0.50445490
0.50445490
0.50445490
0.50429308
0.50429308
0.50429308
0.50429308
0.50317245
0.50317245
0.50317245
0.50317245
0.50167470
0.50167470
0.50167470
0.50167470
0.50108145
0.50108145
0.50108145
0.50108145
0.50064784
0.50064784
0.50064784
0.50064784
0.50034710
0.50034710
0.50034710
0.50034710
0.50022221
0.50022221
0.50022221
0.50022221
0.50013929
0.50013929
0.50013929
0.50013929
0.50012502
0.50012502
0.50012502
0.50012502
0.50005557
0.50005557
0.50005557
0.50005557
