0.50024110
0.64792560
0.58605320
0.50112254
0.50264248
0.50942211
0.53929846
0.63322432
0.63839748
0.52843557
0.66220312
0.70096942
0.69291888
0.60192476
0.67037767
0.50088744
0.54340899
0.51362953
0.56175624
0.58350069
0.70090320
0.50018673
0.69999415
0.57337317
0.50003859
0.63251017
0.60192476
0.69875297
0.50092472
0.70122896
0.53054137
0.69081412
0.70351829
0.62818468
0.61183370
0.50067978
0.69465411
0.70154141
0.70477557
0.62794243
0.53093044
0.50002470
0.70299727
0.56175624
0.63417337
0.50193685
0.62108398
0.65734183
0.51884029
0.50557702
0.61635680
0.58656434
0.61685684
0.58989061
0.70440503
0.69081412
0.59450221
0.53210880
0.50138499
0.66455549
0.51712313
0.68191337
0.70405985
0.61535513
0.70465249
0.51362953
0.50352767
0.51996966
0.53370550
0.58758716
0.70367464
0.67698400
0.58095473
0.50702122
0.70063303
0.58299092
0.69808212
0.50722571
0.70331066
0.54742354
0.63251017
0.67547421
0.56640505
0.63464652
0.69842171
0.51308203
0.63723198
0.62648479
0.52440408
0.68472061
0.68599202
0.61510438
0.66983077
0.69176935
0.63629516
0.69999415
0.70110026
0.51049882
0.69899592
0.52422675
0.69899592
0.69875297
0.69842171
0.69808212
0.69465411
0.69291888
0.69176935
0.69081412
0.69081412
0.68599202
0.68472061
0.68191337
0.67698400
0.67547421
0.67037767
0.66983077
0.66455549
0.66220312
0.65734183
0.64792560
0.63839748
0.63723198
0.63629516
0.63464652
0.63417337
0.63322432
0.63251017
0.63251017
0.62818468
0.62794243
0.62648479
0.62108398
0.61685684
0.61635680
0.61535513
0.61510438
0.61183370
0.60192476
0.60192476
0.59450221
0.58989061
0.58758716
0.58656434
0.58605320
0.58350069
0.58299092
0.58095473
0.57337317
0.56640505
0.56175624
0.56175624
0.54742354
0.54340899
0.53929846
0.53370550
0.53210880
0.53093044
0.53054137
0.52843557
0.52440408
0.52422675
0.51996966
0.51884029
0.51712313
0.51362953
0.51362953
0.51308203
0.51049882
0.50942211
0.50722571
0.50702122
0.50557702
0.50352767
0.50264248
0.50193685
0.50138499
0.50112254
0.50092472
0.50088744
0.50067978
0.50024110
0.50018673
0.50003859
0.50002470
0.70477557
0.70465249
0.70440503
0.70405985
0.70367464
0.70351829
0.70331066
0.70299727
0.70154141
0.70122896
0.70110026
0.70096942
0.70090320
0.70063303
0.69999415
0.69999415
0.69899592
0.69899592
0.69875297
0.69875297
0.69842171
0.69842171
0.69808212
0.69808212
0.69465411
0.69465411
0.69291888
0.69291888
0.69176935
0.69176935
0.69081412
0.69081412
0.69081412
0.69081412
0.68599202
0.68599202
0.68472061
0.68472061
0.68191337
0.68191337
0.67698400
0.67698400
0.67547421
0.67547421
0.67037767
0.67037767
0.66983077
0.66983077
0.66455549
0.66455549
0.66220312
0.66220312
0.65734183
0.65734183
0.64792560
0.64792560
0.63839748
0.63839748
0.63723198
0.63723198
0.63629516
0.63629516
0.63464652
0.63464652
0.63417337
0.63417337
0.63322432
0.63322432
0.63251017
0.63251017
0.63251017
0.63251017
0.62818468
0.62818468
0.62794243
0.62794243
0.62648479
0.62648479
0.62108398
0.62108398
0.61685684
0.61685684
0.61635680
0.61635680
0.61535513
0.61535513
0.61510438
0.61510438
0.61183370
0.61183370
0.60192476
0.60192476
0.60192476
0.60192476
0.59450221
0.59450221
0.58989061
0.58989061
0.58758716
0.58758716
0.58656434
0.58656434
0.58605320
0.58605320
0.58350069
0.58350069
0.58299092
0.58299092
0.58095473
0.58095473
0.57337317
0.57337317
0.56640505
0.56640505
0.56175624
0.56175624
0.56175624
0.56175624
0.54742354
0.54742354
0.54340899
0.54340899
0.53929846
0.53929846
0.53370550
0.53370550
0.53210880
0.53210880
0.53093044
0.53093044
0.53054137
0.53054137
0.52843557
0.52843557
0.52440408
0.52440408
0.52422675
0.52422675
0.51996966
0.51996966
0.51884029
0.51884029
0.51712313
0.51712313
0.51362953
0.51362953
0.51362953
0.51362953
0.51308203
0.51308203
0.51049882
0.51049882
0.50942211
0.50942211
0.50722571
0.50722571
0.50702122
0.50702122
0.50557702
0.50557702
0.50352767
0.50352767
0.50264248
0.50264248
0.50193685
0.50193685
0.50138499
0.50138499
0.50112254
0.50112254
0.50092472
0.50092472
0.50088744
0.50088744
0.50067978
0.50067978
0.50024110
0.50024110
0.50018673
0.50018673
0.50003859
0.50003859
0.50002470
0.50002470
0.70477557
0.70477557
0.70465249
0.70465249
0.70440503
0.70440503
0.70405985
0.70405985
0.70367464
0.70367464
0.70351829
0.70351829
0.70331066
0.70331066
0.70299727
0.70299727
0.70154141
0.70154141
0.70122896
0.70122896
0.70110026
0.70110026
0.70096942
0.70096942
0.70090320
0.70090320
0.70063303
0.70063303
0.69999415
0.69999415
0.69999415
0.69999415
0.69899592
0.69899592
0.69899592
0.69899592
0.69875297
0.69875297
0.69875297
0.69875297
0.69842171
0.69842171
0.69842171
0.69842171
0.69808212
0.69808212
0.69808212
0.69808212
0.69465411
0.69465411
0.69465411
0.69465411
0.69291888
0.69291888
0.69291888
0.69291888
0.69176935
0.69176935
0.69176935
0.69176935
0.69081412
0.69081412
0.69081412
0.69081412
0.69081412
0.69081412
0.69081412
0.69081412
0.68599202
0.68599202
0.68599202
0.68599202
0.68472061
0.68472061
0.68472061
0.68472061
0.68191337
0.68191337
0.68191337
0.68191337
0.67698400
0.67698400
0.67698400
0.67698400
0.67547421
0.67547421
0.67547421
0.67547421
0.67037767
0.67037767
0.67037767
0.67037767
0.66983077
0.66983077
0.66983077
0.66983077
0.66455549
0.66455549
0.66455549
0.66455549
0.66220312
0.66220312
0.66220312
0.66220312
0.65734183
0.65734183
0.65734183
0.65734183
0.64792560
0.64792560
0.64792560
0.64792560
0.63839748
0.63839748
0.63839748
0.63839748
0.63723198
0.63723198
0.63723198
0.63723198
0.63629516
0.63629516
0.63629516
0.63629516
0.63464652
0.63464652
0.63464652
0.63464652
0.63417337
0.63417337
0.63417337
0.63417337
0.63322432
0.63322432
0.63322432
0.63322432
0.63251017
0.63251017
0.63251017
0.63251017
0.63251017
0.63251017
0.63251017
0.63251017
0.62818468
0.62818468
0.62818468
0.62818468
0.62794243
0.62794243
0.62794243
0.62794243
0.62648479
0.62648479
0.62648479
0.62648479
0.62108398
0.62108398
0.62108398
0.62108398
0.61685684
0.61685684
0.61685684
0.61685684
0.61635680
0.61635680
0.61635680
0.61635680
0.61535513
0.61535513
0.61535513
0.61535513
0.61510438
0.61510438
0.61510438
0.61510438
0.61183370
0.61183370
0.61183370
0.61183370
0.60192476
0.60192476
0.60192476
0.60192476
0.60192476
0.60192476
0.60192476
0.60192476
0.59450221
0.59450221
0.59450221
0.59450221
0.58989061
0.58989061
0.58989061
0.58989061
0.58758716
0.58758716
0.58758716
0.58758716
0.58656434
0.58656434
0.58656434
0.58656434
0.58605320
0.58605320
0.58605320
0.58605320
0.58350069
0.58350069
0.58350069
0.58350069
0.58299092
0.58299092
0.58299092
0.58299092
0.58095473
0.58095473
0.58095473
0.58095473
0.57337317
0.57337317
0.57337317
0.57337317
0.56640505
0.56640505
0.56640505
0.56640505
0.56175624
0.56175624
0.56175624
0.56175624
0.56175624
0.56175624
0.56175624
0.56175624
0.54742354
0.54742354
0.54742354
0.54742354
0.54340899
0.54340899
0.54340899
0.54340899
0.53929846
0.53929846
0.53929846
0.53929846
0.53370550
0.53370550
0.53370550
0.53370550
0.53210880
0.53210880
0.53210880
0.53210880
0.53093044
0.53093044
0.53093044
0.53093044
0.53054137
0.53054137
0.53054137
0.53054137
0.52843557
0.52843557
0.52843557
0.52843557
0.52440408
0.52440408
0.52440408
0.52440408
0.52422675
0.52422675
0.52422675
0.52422675
0.51996966
0.51996966
0.51996966
0.51996966
0.51884029
0.51884029
0.51884029
0.51884029
0.51712313
0.51712313
0.51712313
0.51712313
0.51362953
0.51362953
0.51362953
0.51362953
0.51362953
0.51362953
0.51362953
0.51362953
0.51308203
0.51308203
0.51308203
0.51308203
0.51049882
0.51049882
0.51049882
0.51049882
0.50942211
0.50942211
0.50942211
0.50942211
0.50722571
0.50722571
0.50722571
0.50722571
0.50702122
0.50702122
0.50702122
0.50702122
0.50557702
0.50557702
0.50557702
0.50557702
0.50352767
0.50352767
0.50352767
0.50352767
0.50264248
0.50264248
0.50264248
0.50264248
0.50193685
0.50193685
0.50193685
0.50193685
0.50138499
0.50138499
0.50138499
0.50138499
0.50112254
0.50112254
0.50112254
0.50112254
0.50092472
0.50092472
0.50092472
0.50092472
0.50088744
0.50088744
0.50088744
0.50088744
0.50067978
0.50067978
0.50067978
0.50067978
0.50024110
0.50024110
0.50024110
0.50024110
0.50018673
0.50018673
0.50018673
0.50018673
0.50003859
0.50003859
0.50003859
0.50003859
0.50002470
0.50002470
0.50002470
0.50002470
