0.50216010
0.65857622
0.59885633
0.50413417
0.50671971
0.51606781
0.55038967
0.64480405
0.64968325
0.53845084
0.67163963
0.70359755
0.69790920
0.61460252
0.67894254
0.50367491
0.55481623
0.52129445
0.57412666
0.59629570
0.70355819
0.50199154
0.70299727
0.58605320
0.50138499
0.64412782
0.61460252
0.70218177
0.50374963
0.70374956
0.54079692
0.69625977
0.70484709
0.64001858
0.62428564
0.50324202
0.69923416
0.70392738
0.50017015
0.63978777
0.54122853
0.50129448
0.70465249
0.57412666
0.64570172
0.50557702
0.63322432
0.66723124
0.52749785
0.51099462
0.62866860
0.59936812
0.62915172
0.60269085
0.50000347
0.69625977
0.60727554
0.54253237
0.50461962
0.67375626
0.52547903
0.68893865
0.70497958
0.62769997
0.50007564
0.52129445
0.50807139
0.52881410
0.54429138
0.60039128
0.70489445
0.68472061
0.59373347
0.51294675
0.70339533
0.59578333
0.70172247
0.51321796
0.70477557
0.55909991
0.64412782
0.68341154
0.57892382
0.64614883
0.70195640
0.52062756
0.64858699
0.63839748
0.53390710
0.69129567
0.69235032
0.62745732
0.67845880
0.69701349
0.64770453
0.70299727
0.70367464
0.51743004
0.70234516
0.53370550
0.70234516
0.70218177
0.70195640
0.70172247
0.69923416
0.69790920
0.69701349
0.69625977
0.69625977
0.69235032
0.69129567
0.68893865
0.68472061
0.68341154
0.67894254
0.67845880
0.67375626
0.67163963
0.66723124
0.65857622
0.64968325
0.64858699
0.64770453
0.64614883
0.64570172
0.64480405
0.64412782
0.64412782
0.64001858
0.63978777
0.63839748
0.63322432
0.62915172
0.62866860
0.62769997
0.62745732
0.62428564
0.61460252
0.61460252
0.60727554
0.60269085
0.60039128
0.59936812
0.59885633
0.59629570
0.59578333
0.59373347
0.58605320
0.57892382
0.57412666
0.57412666
0.55909991
0.55481623
0.55038967
0.54429138
0.54253237
0.54122853
0.54079692
0.53845084
0.53390710
0.53370550
0.52881410
0.52749785
0.52547903
0.52129445
0.52129445
0.52062756
0.51743004
0.51606781
0.51321796
0.51294675
0.51099462
0.50807139
0.50671971
0.50557702
0.50461962
0.50413417
0.50374963
0.50367491
0.50324202
0.50216010
0.50199154
0.50138499
0.50129448
0.50017015
0.50007564
0.50000347
0.70497958
0.70489445
0.70484709
0.70477557
0.70465249
0.70392738
0.70374956
0.70367464
0.70359755
0.70355819
0.70339533
0.70299727
0.70299727
0.70234516
0.70234516
0.70218177
0.70218177
0.70195640
0.70195640
0.70172247
0.70172247
0.69923416
0.69923416
0.69790920
0.69790920
0.69701349
0.69701349
0.69625977
0.69625977
0.69625977
0.69625977
0.69235032
0.69235032
0.69129567
0.69129567
0.68893865
0.68893865
0.68472061
0.68472061
0.68341154
0.68341154
0.67894254
0.67894254
0.67845880
0.67845880
0.67375626
0.67375626
0.67163963
0.67163963
0.66723124
0.66723124
0.65857622
0.65857622
0.64968325
0.64968325
0.64858699
0.64858699
0.64770453
0.64770453
0.64614883
0.64614883
0.64570172
0.64570172
0.64480405
0.64480405
0.64412782
0.64412782
0.64412782
0.64412782
0.64001858
0.64001858
0.63978777
0.63978777
0.63839748
0.63839748
0.63322432
0.63322432
0.62915172
0.62915172
0.62866860
0.62866860
0.62769997
0.62769997
0.62745732
0.62745732
0.62428564
0.62428564
0.61460252
0.61460252
0.61460252
0.61460252
0.60727554
0.60727554
0.60269085
0.60269085
0.60039128
0.60039128
0.59936812
0.59936812
0.59885633
0.59885633
0.59629570
0.59629570
0.59578333
0.59578333
0.59373347
0.59373347
0.58605320
0.58605320
0.57892382
0.57892382
0.57412666
0.57412666
0.57412666
0.57412666
0.55909991
0.55909991
0.55481623
0.55481623
0.55038967
0.55038967
0.54429138
0.54429138
0.54253237
0.54253237
0.54122853
0.54122853
0.54079692
0.54079692
0.53845084
0.53845084
0.53390710
0.53390710
0.53370550
0.53370550
0.52881410
0.52881410
0.52749785
0.52749785
0.52547903
0.52547903
0.52129445
0.52129445
0.52129445
0.52129445
0.52062756
0.52062756
0.51743004
0.51743004
0.51606781
0.51606781
0.51321796
0.51321796
0.51294675
0.51294675
0.51099462
0.51099462
0.50807139
0.50807139
0.50671971
0.50671971
0.50557702
0.50557702
0.50461962
0.50461962
0.50413417
0.50413417
0.50374963
0.50374963
0.50367491
0.50367491
0.50324202
0.50324202
0.50216010
0.50216010
0.50199154
0.50199154
0.50138499
0.50138499
0.50129448
0.50129448
0.50017015
0.50017015
0.50007564
0.50007564
0.50000347
0.50000347
0.70497958
0.70497958
0.70489445
0.70489445
0.70484709
0.70484709
0.70477557
0.70477557
0.70465249
0.70465249
0.70392738
0.70392738
0.70374956
0.70374956
0.70367464
0.70367464
0.70359755
0.70359755
0.70355819
0.70355819
0.70339533
0.70339533
0.70299727
0.70299727
0.70299727
0.70299727
0.70234516
0.70234516
0.70234516
0.70234516
0.70218177
0.70218177
0.70218177
0.70218177
0.70195640
0.70195640
0.70195640
0.70195640
0.70172247
0.70172247
0.70172247
0.70172247
0.69923416
0.69923416
0.69923416
0.69923416
0.69790920
0.69790920
0.69790920
0.69790920
0.69701349
0.69701349
0.69701349
0.69701349
0.69625977
0.69625977
0.69625977
0.69625977
0.69625977
0.69625977
0.69625977
0.69625977
0.69235032
0.69235032
0.69235032
0.69235032
0.69129567
0.69129567
0.69129567
0.69129567
0.68893865
0.68893865
0.68893865
0.68893865
0.68472061
0.68472061
0.68472061
0.68472061
0.68341154
0.68341154
0.68341154
0.68341154
0.67894254
0.67894254
0.67894254
0.67894254
0.67845880
0.67845880
0.67845880
0.67845880
0.67375626
0.67375626
0.67375626
0.67375626
0.67163963
0.67163963
0.67163963
0.67163963
0.66723124
0.66723124
0.66723124
0.66723124
0.65857622
0.65857622
0.65857622
0.65857622
0.64968325
0.64968325
0.64968325
0.64968325
0.64858699
0.64858699
0.64858699
0.64858699
0.64770453
0.64770453
0.64770453
0.64770453
0.64614883
0.64614883
0.64614883
0.64614883
0.64570172
0.64570172
0.64570172
0.64570172
0.64480405
0.64480405
0.64480405
0.64480405
0.64412782
0.64412782
0.64412782
0.64412782
0.64412782
0.64412782
0.64412782
0.64412782
0.64001858
0.64001858
0.64001858
0.64001858
0.63978777
0.63978777
0.63978777
0.63978777
0.63839748
0.63839748
0.63839748
0.63839748
0.63322432
0.63322432
0.63322432
0.63322432
0.62915172
0.62915172
0.62915172
0.62915172
0.62866860
0.62866860
0.62866860
0.62866860
0.62769997
0.62769997
0.62769997
0.62769997
0.62745732
0.62745732
0.62745732
0.62745732
0.62428564
0.62428564
0.62428564
0.62428564
0.61460252
0.61460252
0.61460252
0.61460252
0.61460252
0.61460252
0.61460252
0.61460252
0.60727554
0.60727554
0.60727554
0.60727554
0.60269085
0.60269085
0.60269085
0.60269085
0.60039128
0.60039128
0.60039128
0.60039128
0.59936812
0.59936812
0.59936812
0.59936812
0.59885633
0.59885633
0.59885633
0.59885633
0.59629570
0.59629570
0.59629570
0.59629570
0.59578333
0.59578333
0.59578333
0.59578333
0.59373347
0.59373347
0.59373347
0.59373347
0.58605320
0.58605320
0.58605320
0.58605320
0.57892382
0.57892382
0.57892382
0.57892382
0.57412666
0.57412666
0.57412666
0.57412666
0.57412666
0.57412666
0.57412666
0.57412666
0.55909991
0.55909991
0.55909991
0.55909991
0.55481623
0.55481623
0.55481623
0.55481623
0.55038967
0.55038967
0.55038967
0.55038967
0.54429138
0.54429138
0.54429138
0.54429138
0.54253237
0.54253237
0.54253237
0.54253237
0.54122853
0.54122853
0.54122853
0.54122853
0.54079692
0.54079692
0.54079692
0.54079692
0.53845084
0.53845084
0.53845084
0.53845084
0.53390710
0.53390710
0.53390710
0.53390710
0.53370550
0.53370550
0.53370550
0.53370550
0.52881410
0.52881410
0.52881410
0.52881410
0.52749785
0.52749785
0.52749785
0.52749785
0.52547903
0.52547903
0.52547903
0.52547903
0.52129445
0.52129445
0.52129445
0.52129445
0.52129445
0.52129445
0.52129445
0.52129445
0.52062756
0.52062756
0.52062756
0.52062756
0.51743004
0.51743004
0.51743004
0.51743004
0.51606781
0.51606781
0.51606781
0.51606781
0.51321796
0.51321796
0.51321796
0.51321796
0.51294675
0.51294675
0.51294675
0.51294675
0.51099462
0.51099462
0.51099462
0.51099462
0.50807139
0.50807139
0.50807139
0.50807139
0.50671971
0.50671971
0.50671971
0.50671971
0.50557702
0.50557702
0.50557702
0.50557702
0.50461962
0.50461962
0.50461962
0.50461962
0.50413417
0.50413417
0.50413417
0.50413417
0.50374963
0.50374963
0.50374963
0.50374963
0.50367491
0.50367491
0.50367491
0.50367491
0.50324202
0.50324202
0.50324202
0.50324202
0.50216010
0.50216010
0.50216010
0.50216010
0.50199154
0.50199154
0.50199154
0.50199154
0.50138499
0.50138499
0.50138499
0.50138499
0.50129448
0.50129448
0.50129448
0.50129448
0.50017015
0.50017015
0.50017015
0.50017015
0.50007564
0.50007564
0.50007564
0.50007564
0.50000347
0.50000347
0.50000347
0.50000347
