0.50277053
0.66060549
0.60141379
0.50495771
0.50774908
0.51758438
0.55270653
0.64703957
0.65185262
0.54058169
0.67340764
0.70396131
0.69875297
0.61710665
0.68052625
0.50445490
0.55718593
0.52300038
0.57664644
0.59885633
0.70392738
0.50257958
0.70343686
0.58861060
0.50188292
0.64637195
0.61710665
0.70270760
0.50453690
0.70409161
0.54296995
0.69719677
0.70494910
0.64231230
0.62672821
0.50397816
0.69999415
0.70424224
0.50037060
0.64208413
0.54340899
0.50177730
0.70482012
0.57664644
0.64792560
0.50652221
0.63559002
0.66909596
0.52938554
0.51227989
0.63107594
0.60192476
0.63155488
0.60524066
0.50006522
0.69719677
0.60981168
0.54473470
0.50548640
0.67547421
0.52731179
0.69020114
0.50000039
0.63011550
0.50022221
0.52300038
0.50919021
0.53073567
0.54652185
0.60294610
0.70497458
0.68613094
0.59629570
0.51432807
0.70378621
0.59834441
0.70229123
0.51461186
0.70490493
0.56151363
0.64637195
0.68486375
0.58146332
0.64836682
0.70250372
0.52231144
0.65077184
0.64070948
0.53594708
0.69246503
0.69347495
0.62987486
0.68005580
0.69790920
0.64990159
0.70343686
0.70402755
0.51899991
0.70285486
0.53574115
0.70285486
0.70270760
0.70250372
0.70229123
0.69999415
0.69875297
0.69790920
0.69719677
0.69719677
0.69347495
0.69246503
0.69020114
0.68613094
0.68486375
0.68052625
0.68005580
0.67547421
0.67340764
0.66909596
0.66060549
0.65185262
0.65077184
0.64990159
0.64836682
0.64792560
0.64703957
0.64637195
0.64637195
0.64231230
0.64208413
0.64070948
0.63559002
0.63155488
0.63107594
0.63011550
0.62987486
0.62672821
0.61710665
0.61710665
0.60981168
0.60524066
0.60294610
0.60192476
0.60141379
0.59885633
0.59834441
0.59629570
0.58861060
0.58146332
0.57664644
0.57664644
0.56151363
0.55718593
0.55270653
0.54652185
0.54473470
0.54340899
0.54296995
0.54058169
0.53594708
0.53574115
0.53073567
0.52938554
0.52731179
0.52300038
0.52300038
0.52231144
0.51899991
0.51758438
0.51461186
0.51432807
0.51227989
0.50919021
0.50774908
0.50652221
0.50548640
0.50495771
0.50453690
0.50445490
0.50397816
0.50277053
0.50257958
0.50188292
0.50177730
0.50037060
0.50022221
0.50006522
0.50000039
0.70497458
0.70494910
0.70490493
0.70482012
0.70424224
0.70409161
0.70402755
0.70396131
0.70392738
0.70378621
0.70343686
0.70343686
0.70285486
0.70285486
0.70270760
0.70270760
0.70250372
0.70250372
0.70229123
0.70229123
0.69999415
0.69999415
0.69875297
0.69875297
0.69790920
0.69790920
0.69719677
0.69719677
0.69719677
0.69719677
0.69347495
0.69347495
0.69246503
0.69246503
0.69020114
0.69020114
0.68613094
0.68613094
0.68486375
0.68486375
0.68052625
0.68052625
0.68005580
0.68005580
0.67547421
0.67547421
0.67340764
0.67340764
0.66909596
0.66909596
0.66060549
0.66060549
0.65185262
0.65185262
0.65077184
0.65077184
0.64990159
0.64990159
0.64836682
0.64836682
0.64792560
0.64792560
0.64703957
0.64703957
0.64637195
0.64637195
0.64637195
0.64637195
0.64231230
0.64231230
0.64208413
0.64208413
0.64070948
0.64070948
0.63559002
0.63559002
0.63155488
0.63155488
0.63107594
0.63107594
0.63011550
0.63011550
0.62987486
0.62987486
0.62672821
0.62672821
0.61710665
0.61710665
0.61710665
0.61710665
0.60981168
0.60981168
0.60524066
0.60524066
0.60294610
0.60294610
0.60192476
0.60192476
0.60141379
0.60141379
0.59885633
0.59885633
0.59834441
0.59834441
0.59629570
0.59629570
0.58861060
0.58861060
0.58146332
0.58146332
0.57664644
0.57664644
0.57664644
0.57664644
0.56151363
0.56151363
0.55718593
0.55718593
0.55270653
0.55270653
0.54652185
0.54652185
0.54473470
0.54473470
0.54340899
0.54340899
0.54296995
0.54296995
0.54058169
0.54058169
0.53594708
0.53594708
0.53574115
0.53574115
0.53073567
0.53073567
0.52938554
0.52938554
0.52731179
0.52731179
0.52300038
0.52300038
0.52300038
0.52300038
0.52231144
0.52231144
0.51899991
0.51899991
0.51758438
0.51758438
0.51461186
0.51461186
0.51432807
0.51432807
0.51227989
0.51227989
0.50919021
0.50919021
0.50774908
0.50774908
0.50652221
0.50652221
0.50548640
0.50548640
0.50495771
0.50495771
0.50453690
0.50453690
0.50445490
0.50445490
0.50397816
0.50397816
0.50277053
0.50277053
0.50257958
0.50257958
0.50188292
0.50188292
0.50177730
0.50177730
0.50037060
0.50037060
0.50022221
0.50022221
0.50006522
0.50006522
0.50000039
0.50000039
0.70497458
0.70497458
0.70494910
0.70494910
0.70490493
0.70490493
0.70482012
0.70482012
0.70424224
0.70424224
0.70409161
0.70409161
0.70402755
0.70402755
0.70396131
0.70396131
0.70392738
0.70392738
0.70378621
0.70378621
0.70343686
0.70343686
0.70343686
0.70343686
0.70285486
0.70285486
0.70285486
0.70285486
0.70270760
0.70270760
0.70270760
0.70270760
0.70250372
0.70250372
0.70250372
0.70250372
0.70229123
0.70229123
0.70229123
0.70229123
0.69999415
0.69999415
0.69999415
0.69999415
0.69875297
0.69875297
0.69875297
0.69875297
0.69790920
0.69790920
0.69790920
0.69790920
0.69719677
0.69719677
0.69719677
0.69719677
0.69719677
0.69719677
0.69719677
0.69719677
0.69347495
0.69347495
0.69347495
0.69347495
0.69246503
0.69246503
0.69246503
0.69246503
0.69020114
0.69020114
0.69020114
0.69020114
0.68613094
0.68613094
0.68613094
0.68613094
0.68486375
0.68486375
0.68486375
0.68486375
0.68052625
0.68052625
0.68052625
0.68052625
0.68005580
0.68005580
0.68005580
0.68005580
0.67547421
0.67547421
0.67547421
0.67547421
0.67340764
0.67340764
0.67340764
0.67340764
0.66909596
0.66909596
0.66909596
0.66909596
0.66060549
0.66060549
0.66060549
0.66060549
0.65185262
0.65185262
0.65185262
0.65185262
0.65077184
0.65077184
0.65077184
0.65077184
0.64990159
0.64990159
0.64990159
0.64990159
0.64836682
0.64836682
0.64836682
0.64836682
0.64792560
0.64792560
0.64792560
0.64792560
0.64703957
0.64703957
0.64703957
0.64703957
0.64637195
0.64637195
0.64637195
0.64637195
0.64637195
0.64637195
0.64637195
0.64637195
0.64231230
0.64231230
0.64231230
0.64231230
0.64208413
0.64208413
0.64208413
0.64208413
0.64070948
0.64070948
0.64070948
0.64070948
0.63559002
0.63559002
0.63559002
0.63559002
0.63155488
0.63155488
0.63155488
0.63155488
0.63107594
0.63107594
0.63107594
0.63107594
0.63011550
0.63011550
0.63011550
0.63011550
0.62987486
0.62987486
0.62987486
0.62987486
0.62672821
0.62672821
0.62672821
0.62672821
0.61710665
0.61710665
0.61710665
0.61710665
0.61710665
0.61710665
0.61710665
0.61710665
0.60981168
0.60981168
0.60981168
0.60981168
0.60524066
0.60524066
0.60524066
0.60524066
0.60294610
0.60294610
0.60294610
0.60294610
0.60192476
0.60192476
0.60192476
0.60192476
0.60141379
0.60141379
0.60141379
0.60141379
0.59885633
0.59885633
0.59885633
0.59885633
0.59834441
0.59834441
0.59834441
0.59834441
0.59629570
0.59629570
0.59629570
0.59629570
0.58861060
0.58861060
0.58861060
0.58861060
0.58146332
0.58146332
0.58146332
0.58146332
0.57664644
0.57664644
0.57664644
0.57664644
0.57664644
0.57664644
0.57664644
0.57664644
0.56151363
0.56151363
0.56151363
0.56151363
0.55718593
0.55718593
0.55718593
0.55718593
0.55270653
0.55270653
0.55270653
0.55270653
0.54652185
0.54652185
0.54652185
0.54652185
0.54473470
0.54473470
0.54473470
0.54473470
0.54340899
0.54340899
0.54340899
0.54340899
0.54296995
0.54296995
0.54296995
0.54296995
0.54058169
0.54058169
0.54058169
0.54058169
0.53594708
0.53594708
0.53594708
0.53594708
0.53574115
0.53574115
0.53574115
0.53574115
0.53073567
0.53073567
0.53073567
0.53073567
0.52938554
0.52938554
0.52938554
0.52938554
0.52731179
0.52731179
0.52731179
0.52731179
0.52300038
0.52300038
0.52300038
0.52300038
0.52300038
0.52300038
0.52300038
0.52300038
0.52231144
0.52231144
0.52231144
0.52231144
0.51899991
0.51899991
0.51899991
0.51899991
0.51758438
0.51758438
0.51758438
0.51758438
0.51461186
0.51461186
0.51461186
0.51461186
0.51432807
0.51432807
0.51432807
0.51432807
0.51227989
0.51227989
0.51227989
0.51227989
0.50919021
0.50919021
0.50919021
0.50919021
0.50774908
0.50774908
0.50774908
0.50774908
0.50652221
0.50652221
0.50652221
0.50652221
0.50548640
0.50548640
0.50548640
0.50548640
0.50495771
0.50495771
0.50495771
0.50495771
0.50453690
0.50453690
0.50453690
0.50453690
0.50445490
0.50445490
0.50445490
0.50445490
0.50397816
0.50397816
0.50397816
0.50397816
0.50277053
0.50277053
0.50277053
0.50277053
0.50257958
0.50257958
0.50257958
0.50257958
0.50188292
0.50188292
0.50188292
0.50188292
0.50177730
0.50177730
0.50177730
0.50177730
0.50037060
0.50037060
0.50037060
0.50037060
0.50022221
0.50022221
0.50022221
0.50022221
0.50006522
0.50006522
0.50006522
0.50006522
0.50000039
0.50000039
0.50000039
0.50000039
