0.50594660
0.66835479
0.61158131
0.50896101
0.51254471
0.52422675
0.56224210
0.65567677
0.66020247
0.54947135
0.68005580
0.70487186
0.70160230
0.62697144
0.68640738
0.50828970
0.56689846
0.53034754
0.58681998
0.60905179
0.70485975
0.50566835
0.70465249
0.59885633
0.50461962
0.65504681
0.62697144
0.70427073
0.50839988
0.70491486
0.55200838
0.70042483
0.50026076
0.65120510
0.63629516
0.50764302
0.70250372
0.70495629
0.50193685
0.65098862
0.55247352
0.50445490
0.50007564
0.58681998
0.65651202
0.51099462
0.64480405
0.67614951
0.53740039
0.51805095
0.64047944
0.61208598
0.64093925
0.61535513
0.50108145
0.70042483
0.61984520
0.55387581
0.50965670
0.68191337
0.53512590
0.69475828
0.50064784
0.63955669
0.50157511
0.53034754
0.51432807
0.53887385
0.55576098
0.61309400
0.50034710
0.69129567
0.60651303
0.52046224
0.70480582
0.60854473
0.70402755
0.52079344
0.50017015
0.57136987
0.65504681
0.69020114
0.59168360
0.65692761
0.70415349
0.52957698
0.65918871
0.64968325
0.54451287
0.69664075
0.69746781
0.63932536
0.68599202
0.70096942
0.65837135
0.70465249
0.70489445
0.52584150
0.70435295
0.54429138
0.70435295
0.70427073
0.70415349
0.70402755
0.70250372
0.70160230
0.70096942
0.70042483
0.70042483
0.69746781
0.69664075
0.69475828
0.69129567
0.69020114
0.68640738
0.68599202
0.68191337
0.68005580
0.67614951
0.66835479
0.66020247
0.65918871
0.65837135
0.65692761
0.65651202
0.65567677
0.65504681
0.65504681
0.65120510
0.65098862
0.64968325
0.64480405
0.64093925
0.64047944
0.63955669
0.63932536
0.63629516
0.62697144
0.62697144
0.61984520
0.61535513
0.61309400
0.61208598
0.61158131
0.60905179
0.60854473
0.60651303
0.59885633
0.59168360
0.58681998
0.58681998
0.57136987
0.56689846
0.56224210
0.55576098
0.55387581
0.55247352
0.55200838
0.54947135
0.54451287
0.54429138
0.53887385
0.53740039
0.53512590
0.53034754
0.53034754
0.52957698
0.52584150
0.52422675
0.52079344
0.52046224
0.51805095
0.51432807
0.51254471
0.51099462
0.50965670
0.50896101
0.50839988
0.50828970
0.50764302
0.50594660
0.50566835
0.50461962
0.50445490
0.50193685
0.50157511
0.50108145
0.50064784
0.50034710
0.50026076
0.50017015
0.50007564
0.70495629
0.70491486
0.70489445
0.70487186
0.70485975
0.70480582
0.70465249
0.70465249
0.70435295
0.70435295
0.70427073
0.70427073
0.70415349
0.70415349
0.70402755
0.70402755
0.70250372
0.70250372
0.70160230
0.70160230
0.70096942
0.70096942
0.70042483
0.70042483
0.70042483
0.70042483
0.69746781
0.69746781
0.69664075
0.69664075
0.69475828
0.69475828
0.69129567
0.69129567
0.69020114
0.69020114
0.68640738
0.68640738
0.68599202
0.68599202
0.68191337
0.68191337
0.68005580
0.68005580
0.67614951
0.67614951
0.66835479
0.66835479
0.66020247
0.66020247
0.65918871
0.65918871
0.65837135
0.65837135
0.65692761
0.65692761
0.65651202
0.65651202
0.65567677
0.65567677
0.65504681
0.65504681
0.65504681
0.65504681
0.65120510
0.65120510
0.65098862
0.65098862
0.64968325
0.64968325
0.64480405
0.64480405
0.64093925
0.64093925
0.64047944
0.64047944
0.63955669
0.63955669
0.63932536
0.63932536
0.63629516
0.63629516
0.62697144
0.62697144
0.62697144
0.62697144
0.61984520
0.61984520
0.61535513
0.61535513
0.61309400
0.61309400
0.61208598
0.61208598
0.61158131
0.61158131
0.60905179
0.60905179
0.60854473
0.60854473
0.60651303
0.60651303
0.59885633
0.59885633
0.59168360
0.59168360
0.58681998
0.58681998
0.58681998
0.58681998
0.57136987
0.57136987
0.56689846
0.56689846
0.56224210
0.56224210
0.55576098
0.55576098
0.55387581
0.55387581
0.55247352
0.55247352
0.55200838
0.55200838
0.54947135
0.54947135
0.54451287
0.54451287
0.54429138
0.54429138
0.53887385
0.53887385
0.53740039
0.53740039
0.53512590
0.53512590
0.53034754
0.53034754
0.53034754
0.53034754
0.52957698
0.52957698
0.52584150
0.52584150
0.52422675
0.52422675
0.52079344
0.52079344
0.52046224
0.52046224
0.51805095
0.51805095
0.51432807
0.51432807
0.51254471
0.51254471
0.51099462
0.51099462
0.50965670
0.50965670
0.50896101
0.50896101
0.50839988
0.50839988
0.50828970
0.50828970
0.50764302
0.50764302
0.50594660
0.50594660
0.50566835
0.50566835
0.50461962
0.50461962
0.50445490
0.50445490
0.50193685
0.50193685
0.50157511
0.50157511
0.50108145
0.50108145
0.50064784
0.50064784
0.50034710
0.50034710
0.50026076
0.50026076
0.50017015
0.50017015
0.50007564
0.50007564
0.70495629
0.70495629
0.70491486
0.70491486
0.70489445
0.70489445
0.70487186
0.70487186
0.70485975
0.70485975
0.70480582
0.70480582
0.70465249
0.70465249
0.70465249
0.70465249
0.70435295
0.70435295
0.70435295
0.70435295
0.70427073
0.70427073
0.70427073
0.70427073
0.70415349
0.70415349
0.70415349
0.70415349
0.70402755
0.70402755
0.70402755
0.70402755
0.70250372
0.70250372
0.70250372
0.70250372
0.70160230
0.70160230
0.70160230
0.70160230
0.70096942
0.70096942
0.70096942
0.70096942
0.70042483
0.70042483
0.70042483
0.70042483
0.70042483
0.70042483
0.70042483
0.70042483
0.69746781
0.69746781
0.69746781
0.69746781
0.69664075
0.69664075
0.69664075
0.69664075
0.69475828
0.69475828
0.69475828
0.69475828
0.69129567
0.69129567
0.69129567
0.69129567
0.69020114
0.69020114
0.69020114
0.69020114
0.68640738
0.68640738
0.68640738
0.68640738
0.68599202
0.68599202
0.68599202
0.68599202
0.68191337
0.68191337
0.68191337
0.68191337
0.68005580
0.68005580
0.68005580
0.68005580
0.67614951
0.67614951
0.67614951
0.67614951
0.66835479
0.66835479
0.66835479
0.66835479
0.66020247
0.66020247
0.66020247
0.66020247
0.65918871
0.65918871
0.65918871
0.65918871
0.65837135
0.65837135
0.65837135
0.65837135
0.65692761
0.65692761
0.65692761
0.65692761
0.65651202
0.65651202
0.65651202
0.65651202
0.65567677
0.65567677
0.65567677
0.65567677
0.65504681
0.65504681
0.65504681
0.65504681
0.65504681
0.65504681
0.65504681
0.65504681
0.65120510
0.65120510
0.65120510
0.65120510
0.65098862
0.65098862
0.65098862
0.65098862
0.64968325
0.64968325
0.64968325
0.64968325
0.64480405
0.64480405
0.64480405
0.64480405
0.64093925
0.64093925
0.64093925
0.64093925
0.64047944
0.64047944
0.64047944
0.64047944
0.63955669
0.63955669
0.63955669
0.63955669
0.63932536
0.63932536
0.63932536
0.63932536
0.63629516
0.63629516
0.63629516
0.63629516
0.62697144
0.62697144
0.62697144
0.62697144
0.62697144
0.62697144
0.62697144
0.62697144
0.61984520
0.61984520
0.61984520
0.61984520
0.61535513
0.61535513
0.61535513
0.61535513
0.61309400
0.61309400
0.61309400
0.61309400
0.61208598
0.61208598
0.61208598
0.61208598
0.61158131
0.61158131
0.61158131
0.61158131
0.60905179
0.60905179
0.60905179
0.60905179
0.60854473
0.60854473
0.60854473
0.60854473
0.60651303
0.60651303
0.60651303
0.60651303
0.59885633
0.59885633
0.59885633
0.59885633
0.59168360
0.59168360
0.59168360
0.59168360
0.58681998
0.58681998
0.58681998
0.58681998
0.58681998
0.58681998
0.58681998
0.58681998
0.57136987
0.57136987
0.57136987
0.57136987
0.56689846
0.56689846
0.56689846
0.56689846
0.56224210
0.56224210
0.56224210
0.56224210
0.55576098
0.55576098
0.55576098
0.55576098
0.55387581
0.55387581
0.55387581
0.55387581
0.55247352
0.55247352
0.55247352
0.55247352
0.55200838
0.55200838
0.55200838
0.55200838
0.54947135
0.54947135
0.54947135
0.54947135
0.54451287
0.54451287
0.54451287
0.54451287
0.54429138
0.54429138
0.54429138
0.54429138
0.53887385
0.53887385
0.53887385
0.53887385
0.53740039
0.53740039
0.53740039
0.53740039
0.53512590
0.53512590
0.53512590
0.53512590
0.53034754
0.53034754
0.53034754
0.53034754
0.53034754
0.53034754
0.53034754
0.53034754
0.52957698
0.52957698
0.52957698
0.52957698
0.52584150
0.52584150
0.52584150
0.52584150
0.52422675
0.52422675
0.52422675
0.52422675
0.52079344
0.52079344
0.52079344
0.52079344
0.52046224
0.52046224
0.52046224
0.52046224
0.51805095
0.51805095
0.51805095
0.51805095
0.51432807
0.51432807
0.51432807
0.51432807
0.51254471
0.51254471
0.51254471
0.51254471
0.51099462
0.51099462
0.51099462
0.51099462
0.50965670
0.50965670
0.50965670
0.50965670
0.50896101
0.50896101
0.50896101
0.50896101
0.50839988
0.50839988
0.50839988
0.50839988
0.50828970
0.50828970
0.50828970
0.50828970
0.50764302
0.50764302
0.50764302
0.50764302
0.50594660
0.50594660
0.50594660
0.50594660
0.50566835
0.50566835
0.50566835
0.50566835
0.50461962
0.50461962
0.50461962
0.50461962
0.50445490
0.50445490
0.50445490
0.50445490
0.50193685
0.50193685
0.50193685
0.50193685
0.50157511
0.50157511
0.50157511
0.50157511
0.50108145
0.50108145
0.50108145
0.50108145
0.50064784
0.50064784
0.50064784
0.50064784
0.50034710
0.50034710
0.50034710
0.50034710
0.50026076
0.50026076
0.50026076
0.50026076
0.50017015
0.50017015
0.50017015
0.50017015
0.50007564
0.50007564
0.50007564
0.50007564
