0.50504403
0.66647442
0.60905179
0.50785583
0.51124646
0.52248286
0.55982162
0.65356530
0.65816614
0.54719762
0.67845880
0.70472610
0.70096942
0.62453072
0.68500642
0.50722571
0.56443888
0.52843557
0.58426583
0.60651303
0.70470852
0.50478722
0.70443025
0.59629570
0.50382507
0.65292546
0.62453072
0.70396131
0.50732900
0.70479097
0.54970046
0.69969647
0.50009879
0.64902640
0.63393645
0.50662061
0.70195640
0.70485975
0.50143139
0.64880685
0.55015962
0.50367491
0.50000618
0.58426583
0.65441385
0.50977500
0.64254020
0.67444850
0.53533056
0.51651648
0.63816488
0.60955848
0.63862983
0.61284216
0.50071248
0.69969647
0.61735633
0.55154441
0.50851074
0.68036988
0.53310337
0.69369387
0.50037060
0.63723198
0.50112254
0.52843557
0.51294675
0.53677504
0.55340725
0.61057070
0.50015433
0.69007707
0.60396653
0.51884029
0.70463272
0.60600430
0.70367464
0.51916010
0.50004670
0.56887917
0.65292546
0.68893865
0.58912252
0.65483616
0.70382232
0.52768440
0.65713489
0.64748317
0.54231413
0.69567294
0.69654627
0.63699814
0.68457701
0.70028339
0.65630371
0.70443025
0.70475963
0.52404996
0.70405985
0.54209627
0.70405985
0.70396131
0.70382232
0.70367464
0.70195640
0.70096942
0.70028339
0.69969647
0.69969647
0.69654627
0.69567294
0.69369387
0.69007707
0.68893865
0.68500642
0.68457701
0.68036988
0.67845880
0.67444850
0.66647442
0.65816614
0.65713489
0.65630371
0.65483616
0.65441385
0.65356530
0.65292546
0.65292546
0.64902640
0.64880685
0.64748317
0.64254020
0.63862983
0.63816488
0.63723198
0.63699814
0.63393645
0.62453072
0.62453072
0.61735633
0.61284216
0.61057070
0.60955848
0.60905179
0.60651303
0.60600430
0.60396653
0.59629570
0.58912252
0.58426583
0.58426583
0.56887917
0.56443888
0.55982162
0.55340725
0.55154441
0.55015962
0.54970046
0.54719762
0.54231413
0.54209627
0.53677504
0.53533056
0.53310337
0.52843557
0.52843557
0.52768440
0.52404996
0.52248286
0.51916010
0.51884029
0.51651648
0.51294675
0.51124646
0.50977500
0.50851074
0.50785583
0.50732900
0.50722571
0.50662061
0.50504403
0.50478722
0.50382507
0.50367491
0.50143139
0.50112254
0.50071248
0.50037060
0.50015433
0.50009879
0.50004670
0.50000618
0.70485975
0.70479097
0.70475963
0.70472610
0.70470852
0.70463272
0.70443025
0.70443025
0.70405985
0.70405985
0.70396131
0.70396131
0.70382232
0.70382232
0.70367464
0.70367464
0.70195640
0.70195640
0.70096942
0.70096942
0.70028339
0.70028339
0.69969647
0.69969647
0.69969647
0.69969647
0.69654627
0.69654627
0.69567294
0.69567294
0.69369387
0.69369387
0.69007707
0.69007707
0.68893865
0.68893865
0.68500642
0.68500642
0.68457701
0.68457701
0.68036988
0.68036988
0.67845880
0.67845880
0.67444850
0.67444850
0.66647442
0.66647442
0.65816614
0.65816614
0.65713489
0.65713489
0.65630371
0.65630371
0.65483616
0.65483616
0.65441385
0.65441385
0.65356530
0.65356530
0.65292546
0.65292546
0.65292546
0.65292546
0.64902640
0.64902640
0.64880685
0.64880685
0.64748317
0.64748317
0.64254020
0.64254020
0.63862983
0.63862983
0.63816488
0.63816488
0.63723198
0.63723198
0.63699814
0.63699814
0.63393645
0.63393645
0.62453072
0.62453072
0.62453072
0.62453072
0.61735633
0.61735633
0.61284216
0.61284216
0.61057070
0.61057070
0.60955848
0.60955848
0.60905179
0.60905179
0.60651303
0.60651303
0.60600430
0.60600430
0.60396653
0.60396653
0.59629570
0.59629570
0.58912252
0.58912252
0.58426583
0.58426583
0.58426583
0.58426583
0.56887917
0.56887917
0.56443888
0.56443888
0.55982162
0.55982162
0.55340725
0.55340725
0.55154441
0.55154441
0.55015962
0.55015962
0.54970046
0.54970046
0.54719762
0.54719762
0.54231413
0.54231413
0.54209627
0.54209627
0.53677504
0.53677504
0.53533056
0.53533056
0.53310337
0.53310337
0.52843557
0.52843557
0.52843557
0.52843557
0.52768440
0.52768440
0.52404996
0.52404996
0.52248286
0.52248286
0.51916010
0.51916010
0.51884029
0.51884029
0.51651648
0.51651648
0.51294675
0.51294675
0.51124646
0.51124646
0.50977500
0.50977500
0.50851074
0.50851074
0.50785583
0.50785583
0.50732900
0.50732900
0.50722571
0.50722571
0.50662061
0.50662061
0.50504403
0.50504403
0.50478722
0.50478722
0.50382507
0.50382507
0.50367491
0.50367491
0.50143139
0.50143139
0.50112254
0.50112254
0.50071248
0.50071248
0.50037060
0.50037060
0.50015433
0.50015433
0.50009879
0.50009879
0.50004670
0.50004670
0.50000618
0.50000618
0.70485975
0.70485975
0.70479097
0.70479097
0.70475963
0.70475963
0.70472610
0.70472610
0.70470852
0.70470852
0.70463272
0.70463272
0.70443025
0.70443025
0.70443025
0.70443025
0.70405985
0.70405985
0.70405985
0.70405985
0.70396131
0.70396131
0.70396131
0.70396131
0.70382232
0.70382232
0.70382232
0.70382232
0.70367464
0.70367464
0.70367464
0.70367464
0.70195640
0.70195640
0.70195640
0.70195640
0.70096942
0.70096942
0.70096942
0.70096942
0.70028339
0.70028339
0.70028339
0.70028339
0.69969647
0.69969647
0.69969647
0.69969647
0.69969647
0.69969647
0.69969647
0.69969647
0.69654627
0.69654627
0.69654627
0.69654627
0.69567294
0.69567294
0.69567294
0.69567294
0.69369387
0.69369387
0.69369387
0.69369387
0.69007707
0.69007707
0.69007707
0.69007707
0.68893865
0.68893865
0.68893865
0.68893865
0.68500642
0.68500642
0.68500642
0.68500642
0.68457701
0.68457701
0.68457701
0.68457701
0.68036988
0.68036988
0.68036988
0.68036988
0.67845880
0.67845880
0.67845880
0.67845880
0.67444850
0.67444850
0.67444850
0.67444850
0.66647442
0.66647442
0.66647442
0.66647442
0.65816614
0.65816614
0.65816614
0.65816614
0.65713489
0.65713489
0.65713489
0.65713489
0.65630371
0.65630371
0.65630371
0.65630371
0.65483616
0.65483616
0.65483616
0.65483616
0.65441385
0.65441385
0.65441385
0.65441385
0.65356530
0.65356530
0.65356530
0.65356530
0.65292546
0.65292546
0.65292546
0.65292546
0.65292546
0.65292546
0.65292546
0.65292546
0.64902640
0.64902640
0.64902640
0.64902640
0.64880685
0.64880685
0.64880685
0.64880685
0.64748317
0.64748317
0.64748317
0.64748317
0.64254020
0.64254020
0.64254020
0.64254020
0.63862983
0.63862983
0.63862983
0.63862983
0.63816488
0.63816488
0.63816488
0.63816488
0.63723198
0.63723198
0.63723198
0.63723198
0.63699814
0.63699814
0.63699814
0.63699814
0.63393645
0.63393645
0.63393645
0.63393645
0.62453072
0.62453072
0.62453072
0.62453072
0.62453072
0.62453072
0.62453072
0.62453072
0.61735633
0.61735633
0.61735633
0.61735633
0.61284216
0.61284216
0.61284216
0.61284216
0.61057070
0.61057070
0.61057070
0.61057070
0.60955848
0.60955848
0.60955848
0.60955848
0.60905179
0.60905179
0.60905179
0.60905179
0.60651303
0.60651303
0.60651303
0.60651303
0.60600430
0.60600430
0.60600430
0.60600430
0.60396653
0.60396653
0.60396653
0.60396653
0.59629570
0.59629570
0.59629570
0.59629570
0.58912252
0.58912252
0.58912252
0.58912252
0.58426583
0.58426583
0.58426583
0.58426583
0.58426583
0.58426583
0.58426583
0.58426583
0.56887917
0.56887917
0.56887917
0.56887917
0.56443888
0.56443888
0.56443888
0.56443888
0.55982162
0.55982162
0.55982162
0.55982162
0.55340725
0.55340725
0.55340725
0.55340725
0.55154441
0.55154441
0.55154441
0.55154441
0.55015962
0.55015962
0.55015962
0.55015962
0.54970046
0.54970046
0.54970046
0.54970046
0.54719762
0.54719762
0.54719762
0.54719762
0.54231413
0.54231413
0.54231413
0.54231413
0.54209627
0.54209627
0.54209627
0.54209627
0.53677504
0.53677504
0.53677504
0.53677504
0.53533056
0.53533056
0.53533056
0.53533056
0.53310337
0.53310337
0.53310337
0.53310337
0.52843557
0.52843557
0.52843557
0.52843557
0.52843557
0.52843557
0.52843557
0.52843557
0.52768440
0.52768440
0.52768440
0.52768440
0.52404996
0.52404996
0.52404996
0.52404996
0.52248286
0.52248286
0.52248286
0.52248286
0.51916010
0.51916010
0.51916010
0.51916010
0.51884029
0.51884029
0.51884029
0.51884029
0.51651648
0.51651648
0.51651648
0.51651648
0.51294675
0.51294675
0.51294675
0.51294675
0.51124646
0.51124646
0.51124646
0.51124646
0.50977500
0.50977500
0.50977500
0.50977500
0.50851074
0.50851074
0.50851074
0.50851074
0.50785583
0.50785583
0.50785583
0.50785583
0.50732900
0.50732900
0.50732900
0.50732900
0.50722571
0.50722571
0.50722571
0.50722571
0.50662061
0.50662061
0.50662061
0.50662061
0.50504403
0.50504403
0.50504403
0.50504403
0.50478722
0.50478722
0.50478722
0.50478722
0.50382507
0.50382507
0.50382507
0.50382507
0.50367491
0.50367491
0.50367491
0.50367491
0.50143139
0.50143139
0.50143139
0.50143139
0.50112254
0.50112254
0.50112254
0.50112254
0.50071248
0.50071248
0.50071248
0.50071248
0.50037060
0.50037060
0.50037060
0.50037060
0.50015433
0.50015433
0.50015433
0.50015433
0.50009879
0.50009879
0.50009879
0.50009879
0.50004670
0.50004670
0.50004670
0.50004670
0.50000618
0.50000618
0.50000618
0.50000618
