0.50692002
0.67019577
0.61410016
0.51013392
0.51390706
0.52602350
0.56468397
0.65775467
0.66220312
0.55177625
0.68160828
0.70496293
0.70218177
0.62939297
0.68776112
0.50942211
0.56937604
0.53230681
0.58937852
0.61158131
0.70495629
0.50662061
0.70482012
0.60141379
0.50548640
0.65713489
0.62939297
0.70452570
0.50953907
0.70498403
0.55434547
0.70110026
0.50049964
0.65335234
0.63862983
0.50873452
0.70299727
0.70499810
0.50251741
0.65313906
0.55481623
0.50530731
0.50022221
0.58937852
0.65857622
0.51227989
0.64703957
0.67780769
0.53951135
0.51964412
0.64276783
0.61460252
0.64322226
0.61785527
0.50152645
0.70110026
0.62231875
0.55623493
0.51086968
0.68341154
0.53719153
0.69577203
0.50100156
0.64185569
0.50210316
0.53230681
0.51577172
0.54101253
0.55814097
0.61560574
0.50061667
0.69246503
0.60905179
0.52214057
0.70492424
0.61107622
0.70432609
0.52248286
0.50037060
0.57387537
0.65713489
0.69141483
0.59424597
0.65898490
0.70443025
0.53151754
0.66120731
0.65185262
0.54674678
0.69755713
0.69833760
0.64162698
0.68735999
0.70160230
0.66040416
0.70482012
0.70497458
0.52768440
0.70459155
0.54652185
0.70459155
0.70452570
0.70443025
0.70432609
0.70299727
0.70218177
0.70160230
0.70110026
0.70110026
0.69833760
0.69755713
0.69577203
0.69246503
0.69141483
0.68776112
0.68735999
0.68341154
0.68160828
0.67780769
0.67019577
0.66220312
0.66120731
0.66040416
0.65898490
0.65857622
0.65775467
0.65713489
0.65713489
0.65335234
0.65313906
0.65185262
0.64703957
0.64322226
0.64276783
0.64185569
0.64162698
0.63862983
0.62939297
0.62939297
0.62231875
0.61785527
0.61560574
0.61460252
0.61410016
0.61158131
0.61107622
0.60905179
0.60141379
0.59424597
0.58937852
0.58937852
0.57387537
0.56937604
0.56468397
0.55814097
0.55623493
0.55481623
0.55434547
0.55177625
0.54674678
0.54652185
0.54101253
0.53951135
0.53719153
0.53230681
0.53230681
0.53151754
0.52768440
0.52602350
0.52248286
0.52214057
0.51964412
0.51577172
0.51390706
0.51227989
0.51086968
0.51013392
0.50953907
0.50942211
0.50873452
0.50692002
0.50662061
0.50548640
0.50530731
0.50251741
0.50210316
0.50152645
0.50100156
0.50061667
0.50049964
0.50037060
0.50022221
0.70499810
0.70498403
0.70497458
0.70496293
0.70495629
0.70492424
0.70482012
0.70482012
0.70459155
0.70459155
0.70452570
0.70452570
0.70443025
0.70443025
0.70432609
0.70432609
0.70299727
0.70299727
0.70218177
0.70218177
0.70160230
0.70160230
0.70110026
0.70110026
0.70110026
0.70110026
0.69833760
0.69833760
0.69755713
0.69755713
0.69577203
0.69577203
0.69246503
0.69246503
0.69141483
0.69141483
0.68776112
0.68776112
0.68735999
0.68735999
0.68341154
0.68341154
0.68160828
0.68160828
0.67780769
0.67780769
0.67019577
0.67019577
0.66220312
0.66220312
0.66120731
0.66120731
0.66040416
0.66040416
0.65898490
0.65898490
0.65857622
0.65857622
0.65775467
0.65775467
0.65713489
0.65713489
0.65713489
0.65713489
0.65335234
0.65335234
0.65313906
0.65313906
0.65185262
0.65185262
0.64703957
0.64703957
0.64322226
0.64322226
0.64276783
0.64276783
0.64185569
0.64185569
0.64162698
0.64162698
0.63862983
0.63862983
0.62939297
0.62939297
0.62939297
0.62939297
0.62231875
0.62231875
0.61785527
0.61785527
0.61560574
0.61560574
0.61460252
0.61460252
0.61410016
0.61410016
0.61158131
0.61158131
0.61107622
0.61107622
0.60905179
0.60905179
0.60141379
0.60141379
0.59424597
0.59424597
0.58937852
0.58937852
0.58937852
0.58937852
0.57387537
0.57387537
0.56937604
0.56937604
0.56468397
0.56468397
0.55814097
0.55814097
0.55623493
0.55623493
0.55481623
0.55481623
0.55434547
0.55434547
0.55177625
0.55177625
0.54674678
0.54674678
0.54652185
0.54652185
0.54101253
0.54101253
0.53951135
0.53951135
0.53719153
0.53719153
0.53230681
0.53230681
0.53230681
0.53230681
0.53151754
0.53151754
0.52768440
0.52768440
0.52602350
0.52602350
0.52248286
0.52248286
0.52214057
0.52214057
0.51964412
0.51964412
0.51577172
0.51577172
0.51390706
0.51390706
0.51227989
0.51227989
0.51086968
0.51086968
0.51013392
0.51013392
0.50953907
0.50953907
0.50942211
0.50942211
0.50873452
0.50873452
0.50692002
0.50692002
0.50662061
0.50662061
0.50548640
0.50548640
0.50530731
0.50530731
0.50251741
0.50251741
0.50210316
0.50210316
0.50152645
0.50152645
0.50100156
0.50100156
0.50061667
0.50061667
0.50049964
0.50049964
0.50037060
0.50037060
0.50022221
0.50022221
0.70499810
0.70499810
0.70498403
0.70498403
0.70497458
0.70497458
0.70496293
0.70496293
0.70495629
0.70495629
0.70492424
0.70492424
0.70482012
0.70482012
0.70482012
0.70482012
0.70459155
0.70459155
0.70459155
0.70459155
0.70452570
0.70452570
0.70452570
0.70452570
0.70443025
0.70443025
0.70443025
0.70443025
0.70432609
0.70432609
0.70432609
0.70432609
0.70299727
0.70299727
0.70299727
0.70299727
0.70218177
0.70218177
0.70218177
0.70218177
0.70160230
0.70160230
0.70160230
0.70160230
0.70110026
0.70110026
0.70110026
0.70110026
0.70110026
0.70110026
0.70110026
0.70110026
0.69833760
0.69833760
0.69833760
0.69833760
0.69755713
0.69755713
0.69755713
0.69755713
0.69577203
0.69577203
0.69577203
0.69577203
0.69246503
0.69246503
0.69246503
0.69246503
0.69141483
0.69141483
0.69141483
0.69141483
0.68776112
0.68776112
0.68776112
0.68776112
0.68735999
0.68735999
0.68735999
0.68735999
0.68341154
0.68341154
0.68341154
0.68341154
0.68160828
0.68160828
0.68160828
0.68160828
0.67780769
0.67780769
0.67780769
0.67780769
0.67019577
0.67019577
0.67019577
0.67019577
0.66220312
0.66220312
0.66220312
0.66220312
0.66120731
0.66120731
0.66120731
0.66120731
0.66040416
0.66040416
0.66040416
0.66040416
0.65898490
0.65898490
0.65898490
0.65898490
0.65857622
0.65857622
0.65857622
0.65857622
0.65775467
0.65775467
0.65775467
0.65775467
0.65713489
0.65713489
0.65713489
0.65713489
0.65713489
0.65713489
0.65713489
0.65713489
0.65335234
0.65335234
0.65335234
0.65335234
0.65313906
0.65313906
0.65313906
0.65313906
0.65185262
0.65185262
0.65185262
0.65185262
0.64703957
0.64703957
0.64703957
0.64703957
0.64322226
0.64322226
0.64322226
0.64322226
0.64276783
0.64276783
0.64276783
0.64276783
0.64185569
0.64185569
0.64185569
0.64185569
0.64162698
0.64162698
0.64162698
0.64162698
0.63862983
0.63862983
0.63862983
0.63862983
0.62939297
0.62939297
0.62939297
0.62939297
0.62939297
0.62939297
0.62939297
0.62939297
0.62231875
0.62231875
0.62231875
0.62231875
0.61785527
0.61785527
0.61785527
0.61785527
0.61560574
0.61560574
0.61560574
0.61560574
0.61460252
0.61460252
0.61460252
0.61460252
0.61410016
0.61410016
0.61410016
0.61410016
0.61158131
0.61158131
0.61158131
0.61158131
0.61107622
0.61107622
0.61107622
0.61107622
0.60905179
0.60905179
0.60905179
0.60905179
0.60141379
0.60141379
0.60141379
0.60141379
0.59424597
0.59424597
0.59424597
0.59424597
0.58937852
0.58937852
0.58937852
0.58937852
0.58937852
0.58937852
0.58937852
0.58937852
0.57387537
0.57387537
0.57387537
0.57387537
0.56937604
0.56937604
0.56937604
0.56937604
0.56468397
0.56468397
0.56468397
0.56468397
0.55814097
0.55814097
0.55814097
0.55814097
0.55623493
0.55623493
0.55623493
0.55623493
0.55481623
0.55481623
0.55481623
0.55481623
0.55434547
0.55434547
0.55434547
0.55434547
0.55177625
0.55177625
0.55177625
0.55177625
0.54674678
0.54674678
0.54674678
0.54674678
0.54652185
0.54652185
0.54652185
0.54652185
0.54101253
0.54101253
0.54101253
0.54101253
0.53951135
0.53951135
0.53951135
0.53951135
0.53719153
0.53719153
0.53719153
0.53719153
0.53230681
0.53230681
0.53230681
0.53230681
0.53230681
0.53230681
0.53230681
0.53230681
0.53151754
0.53151754
0.53151754
0.53151754
0.52768440
0.52768440
0.52768440
0.52768440
0.52602350
0.52602350
0.52602350
0.52602350
0.52248286
0.52248286
0.52248286
0.52248286
0.52214057
0.52214057
0.52214057
0.52214057
0.51964412
0.51964412
0.51964412
0.51964412
0.51577172
0.51577172
0.51577172
0.51577172
0.51390706
0.51390706
0.51390706
0.51390706
0.51227989
0.51227989
0.51227989
0.51227989
0.51086968
0.51086968
0.51086968
0.51086968
0.51013392
0.51013392
0.51013392
0.51013392
0.50953907
0.50953907
0.50953907
0.50953907
0.50942211
0.50942211
0.50942211
0.50942211
0.50873452
0.50873452
0.50873452
0.50873452
0.50692002
0.50692002
0.50692002
0.50692002
0.50662061
0.50662061
0.50662061
0.50662061
0.50548640
0.50548640
0.50548640
0.50548640
0.50530731
0.50530731
0.50530731
0.50530731
0.50251741
0.50251741
0.50251741
0.50251741
0.50210316
0.50210316
0.50210316
0.50210316
0.50152645
0.50152645
0.50152645
0.50152645
0.50100156
0.50100156
0.50100156
0.50100156
0.50061667
0.50061667
0.50061667
0.50061667
0.50049964
0.50049964
0.50049964
0.50049964
0.50037060
0.50037060
0.50037060
0.50037060
0.50022221
0.50022221
0.50022221
0.50022221
