0.51150092
0.67714961
0.62404039
0.51547807
0.51996966
0.53370550
0.57462964
0.66571143
0.66983077
0.56127124
0.68735999
0.50030239
0.70396131
0.63886193
0.69269295
0.51461186
0.57943100
0.54058169
0.59962397
0.62157838
0.50028119
0.51112021
0.50007564
0.61158131
0.50965670
0.66513517
0.63886193
0.70499927
0.51475468
0.50039487
0.56394927
0.70326751
0.50221778
0.66160673
0.64770453
0.51376798
0.70443025
0.50052775
0.50557702
0.66140720
0.56443888
0.50942211
0.50157511
0.59962397
0.66647442
0.51805095
0.65567677
0.68399797
0.54833047
0.52657259
0.65163709
0.62453072
0.65206783
0.62769997
0.50405580
0.70326751
0.63203296
0.56591237
0.51636632
0.68893865
0.54584911
0.69931253
0.50317245
0.65077184
0.50495771
0.54058169
0.52214057
0.54992989
0.56788744
0.62550923
0.50245599
0.69664075
0.61910009
0.52938554
0.50020408
0.62108398
0.70497458
0.52976891
0.50193685
0.58401072
0.66513517
0.69577203
0.60447638
0.66685361
0.70499130
0.53972464
0.66891126
0.66020247
0.55599782
0.70070137
0.70129252
0.65055474
0.69235032
0.70359755
0.66816852
0.50007564
0.50034710
0.53553564
0.50000039
0.55576098
0.50000039
0.70499927
0.70499130
0.70497458
0.70443025
0.70396131
0.70359755
0.70326751
0.70326751
0.70129252
0.70070137
0.69931253
0.69664075
0.69577203
0.69269295
0.69235032
0.68893865
0.68735999
0.68399797
0.67714961
0.66983077
0.66891126
0.66816852
0.66685361
0.66647442
0.66571143
0.66513517
0.66513517
0.66160673
0.66140720
0.66020247
0.65567677
0.65206783
0.65163709
0.65077184
0.65055474
0.64770453
0.63886193
0.63886193
0.63203296
0.62769997
0.62550923
0.62453072
0.62404039
0.62157838
0.62108398
0.61910009
0.61158131
0.60447638
0.59962397
0.59962397
0.58401072
0.57943100
0.57462964
0.56788744
0.56591237
0.56443888
0.56394927
0.56127124
0.55599782
0.55576098
0.54992989
0.54833047
0.54584911
0.54058169
0.54058169
0.53972464
0.53553564
0.53370550
0.52976891
0.52938554
0.52657259
0.52214057
0.51996966
0.51805095
0.51636632
0.51547807
0.51475468
0.51461186
0.51376798
0.51150092
0.51112021
0.50965670
0.50942211
0.50557702
0.50495771
0.50405580
0.50317245
0.50245599
0.50221778
0.50193685
0.50157511
0.50052775
0.50039487
0.50034710
0.50030239
0.50028119
0.50020408
0.50007564
0.50007564
0.50000039
0.50000039
0.70499927
0.70499927
0.70499130
0.70499130
0.70497458
0.70497458
0.70443025
0.70443025
0.70396131
0.70396131
0.70359755
0.70359755
0.70326751
0.70326751
0.70326751
0.70326751
0.70129252
0.70129252
0.70070137
0.70070137
0.69931253
0.69931253
0.69664075
0.69664075
0.69577203
0.69577203
0.69269295
0.69269295
0.69235032
0.69235032
0.68893865
0.68893865
0.68735999
0.68735999
0.68399797
0.68399797
0.67714961
0.67714961
0.66983077
0.66983077
0.66891126
0.66891126
0.66816852
0.66816852
0.66685361
0.66685361
0.66647442
0.66647442
0.66571143
0.66571143
0.66513517
0.66513517
0.66513517
0.66513517
0.66160673
0.66160673
0.66140720
0.66140720
0.66020247
0.66020247
0.65567677
0.65567677
0.65206783
0.65206783
0.65163709
0.65163709
0.65077184
0.65077184
0.65055474
0.65055474
0.64770453
0.64770453
0.63886193
0.63886193
0.63886193
0.63886193
0.63203296
0.63203296
0.62769997
0.62769997
0.62550923
0.62550923
0.62453072
0.62453072
0.62404039
0.62404039
0.62157838
0.62157838
0.62108398
0.62108398
0.61910009
0.61910009
0.61158131
0.61158131
0.60447638
0.60447638
0.59962397
0.59962397
0.59962397
0.59962397
0.58401072
0.58401072
0.57943100
0.57943100
0.57462964
0.57462964
0.56788744
0.56788744
0.56591237
0.56591237
0.56443888
0.56443888
0.56394927
0.56394927
0.56127124
0.56127124
0.55599782
0.55599782
0.55576098
0.55576098
0.54992989
0.54992989
0.54833047
0.54833047
0.54584911
0.54584911
0.54058169
0.54058169
0.54058169
0.54058169
0.53972464
0.53972464
0.53553564
0.53553564
0.53370550
0.53370550
0.52976891
0.52976891
0.52938554
0.52938554
0.52657259
0.52657259
0.52214057
0.52214057
0.51996966
0.51996966
0.51805095
0.51805095
0.51636632
0.51636632
0.51547807
0.51547807
0.51475468
0.51475468
0.51461186
0.51461186
0.51376798
0.51376798
0.51150092
0.51150092
0.51112021
0.51112021
0.50965670
0.50965670
0.50942211
0.50942211
0.50557702
0.50557702
0.50495771
0.50495771
0.50405580
0.50405580
0.50317245
0.50317245
0.50245599
0.50245599
0.50221778
0.50221778
0.50193685
0.50193685
0.50157511
0.50157511
0.50052775
0.50052775
0.50039487
0.50039487
0.50034710
0.50034710
0.50030239
0.50030239
0.50028119
0.50028119
0.50020408
0.50020408
0.50007564
0.50007564
0.50007564
0.50007564
0.50000039
0.50000039
0.50000039
0.50000039
0.70499927
0.70499927
0.70499927
0.70499927
0.70499130
0.70499130
0.70499130
0.70499130
0.70497458
0.70497458
0.70497458
0.70497458
0.70443025
0.70443025
0.70443025
0.70443025
0.70396131
0.70396131
0.70396131
0.70396131
0.70359755
0.70359755
0.70359755
0.70359755
0.70326751
0.70326751
0.70326751
0.70326751
0.70326751
0.70326751
0.70326751
0.70326751
0.70129252
0.70129252
0.70129252
0.70129252
0.70070137
0.70070137
0.70070137
0.70070137
0.69931253
0.69931253
0.69931253
0.69931253
0.69664075
0.69664075
0.69664075
0.69664075
0.69577203
0.69577203
0.69577203
0.69577203
0.69269295
0.69269295
0.69269295
0.69269295
0.69235032
0.69235032
0.69235032
0.69235032
0.68893865
0.68893865
0.68893865
0.68893865
0.68735999
0.68735999
0.68735999
0.68735999
0.68399797
0.68399797
0.68399797
0.68399797
0.67714961
0.67714961
0.67714961
0.67714961
0.66983077
0.66983077
0.66983077
0.66983077
0.66891126
0.66891126
0.66891126
0.66891126
0.66816852
0.66816852
0.66816852
0.66816852
0.66685361
0.66685361
0.66685361
0.66685361
0.66647442
0.66647442
0.66647442
0.66647442
0.66571143
0.66571143
0.66571143
0.66571143
0.66513517
0.66513517
0.66513517
0.66513517
0.66513517
0.66513517
0.66513517
0.66513517
0.66160673
0.66160673
0.66160673
0.66160673
0.66140720
0.66140720
0.66140720
0.66140720
0.66020247
0.66020247
0.66020247
0.66020247
0.65567677
0.65567677
0.65567677
0.65567677
0.65206783
0.65206783
0.65206783
0.65206783
0.65163709
0.65163709
0.65163709
0.65163709
0.65077184
0.65077184
0.65077184
0.65077184
0.65055474
0.65055474
0.65055474
0.65055474
0.64770453
0.64770453
0.64770453
0.64770453
0.63886193
0.63886193
0.63886193
0.63886193
0.63886193
0.63886193
0.63886193
0.63886193
0.63203296
0.63203296
0.63203296
0.63203296
0.62769997
0.62769997
0.62769997
0.62769997
0.62550923
0.62550923
0.62550923
0.62550923
0.62453072
0.62453072
0.62453072
0.62453072
0.62404039
0.62404039
0.62404039
0.62404039
0.62157838
0.62157838
0.62157838
0.62157838
0.62108398
0.62108398
0.62108398
0.62108398
0.61910009
0.61910009
0.61910009
0.61910009
0.61158131
0.61158131
0.61158131
0.61158131
0.60447638
0.60447638
0.60447638
0.60447638
0.59962397
0.59962397
0.59962397
0.59962397
0.59962397
0.59962397
0.59962397
0.59962397
0.58401072
0.58401072
0.58401072
0.58401072
0.57943100
0.57943100
0.57943100
0.57943100
0.57462964
0.57462964
0.57462964
0.57462964
0.56788744
0.56788744
0.56788744
0.56788744
0.56591237
0.56591237
0.56591237
0.56591237
0.56443888
0.56443888
0.56443888
0.56443888
0.56394927
0.56394927
0.56394927
0.56394927
0.56127124
0.56127124
0.56127124
0.56127124
0.55599782
0.55599782
0.55599782
0.55599782
0.55576098
0.55576098
0.55576098
0.55576098
0.54992989
0.54992989
0.54992989
0.54992989
0.54833047
0.54833047
0.54833047
0.54833047
0.54584911
0.54584911
0.54584911
0.54584911
0.54058169
0.54058169
0.54058169
0.54058169
0.54058169
0.54058169
0.54058169
0.54058169
0.53972464
0.53972464
0.53972464
0.53972464
0.53553564
0.53553564
0.53553564
0.53553564
0.53370550
0.53370550
0.53370550
0.53370550
0.52976891
0.52976891
0.52976891
0.52976891
0.52938554
0.52938554
0.52938554
0.52938554
0.52657259
0.52657259
0.52657259
0.52657259
0.52214057
0.52214057
0.52214057
0.52214057
0.51996966
0.51996966
0.51996966
0.51996966
0.51805095
0.51805095
0.51805095
0.51805095
0.51636632
0.51636632
0.51636632
0.51636632
0.51547807
0.51547807
0.51547807
0.51547807
0.51475468
0.51475468
0.51475468
0.51475468
0.51461186
0.51461186
0.51461186
0.51461186
0.51376798
0.51376798
0.51376798
0.51376798
0.51150092
0.51150092
0.51150092
0.51150092
0.51112021
0.51112021
0.51112021
0.51112021
0.50965670
0.50965670
0.50965670
0.50965670
0.50942211
0.50942211
0.50942211
0.50942211
0.50557702
0.50557702
0.50557702
0.50557702
0.50495771
0.50495771
0.50495771
0.50495771
0.50405580
0.50405580
0.50405580
0.50405580
0.50317245
0.50317245
0.50317245
0.50317245
0.50245599
0.50245599
0.50245599
0.50245599
0.50221778
0.50221778
0.50221778
0.50221778
0.50193685
0.50193685
0.50193685
0.50193685
0.50157511
0.50157511
0.50157511
0.50157511
0.50052775
0.50052775
0.50052775
0.50052775
0.50039487
0.50039487
0.50039487
0.50039487
0.50034710
0.50034710
0.50034710
0.50034710
0.50030239
0.50030239
0.50030239
0.50030239
0.50028119
0.50028119
0.50028119
0.50028119
0.50020408
0.50020408
0.50020408
0.50020408
0.50007564
0.50007564
0.50007564
0.50007564
0.50007564
0.50007564
0.50007564
0.50007564
0.50000039
0.50000039
0.50000039
0.50000039
0.50000039
0.50000039
0.50000039
0.50000039
