0.51712313
0.68341154
0.63369930
0.52180046
0.52694118
0.54209627
0.58477623
0.67305734
0.67681797
0.57112010
0.69235032
0.50177730
0.70487186
0.64792560
0.69682815
0.52079344
0.58963456
0.54947135
0.60981168
0.63131552
0.50172562
0.51666724
0.50112254
0.62157838
0.51489813
0.67252879
0.64792560
0.50055662
0.52095989
0.50199154
0.57387537
0.70457015
0.50513108
0.66928026
0.65630371
0.51980661
0.70499130
0.50227622
0.50977500
0.66909596
0.57437809
0.51461186
0.50413417
0.60981168
0.67375626
0.52476030
0.66377732
0.68944946
0.55766295
0.53431162
0.66000043
0.63417337
0.66040416
0.63723198
0.50774908
0.70457015
0.64139800
0.57588926
0.52282733
0.69369387
0.55505202
0.70201355
0.50652221
0.65918871
0.50896101
0.54947135
0.52938554
0.55934024
0.57791061
0.63511874
0.50548640
0.69999415
0.62891026
0.53740039
0.50152645
0.63083615
0.50034710
0.53781935
0.50470306
0.59424597
0.67252879
0.69931253
0.61460252
0.67410322
0.50044572
0.54855801
0.67598133
0.66798184
0.56566631
0.70299727
0.70339533
0.65898490
0.69654627
0.70472610
0.67530432
0.50112254
0.50188292
0.54407025
0.50064784
0.56542044
0.50064784
0.50055662
0.50044572
0.50034710
0.70499130
0.70487186
0.70472610
0.70457015
0.70457015
0.70339533
0.70299727
0.70201355
0.69999415
0.69931253
0.69682815
0.69654627
0.69369387
0.69235032
0.68944946
0.68341154
0.67681797
0.67598133
0.67530432
0.67410322
0.67375626
0.67305734
0.67252879
0.67252879
0.66928026
0.66909596
0.66798184
0.66377732
0.66040416
0.66000043
0.65918871
0.65898490
0.65630371
0.64792560
0.64792560
0.64139800
0.63723198
0.63511874
0.63417337
0.63369930
0.63131552
0.63083615
0.62891026
0.62157838
0.61460252
0.60981168
0.60981168
0.59424597
0.58963456
0.58477623
0.57791061
0.57588926
0.57437809
0.57387537
0.57112010
0.56566631
0.56542044
0.55934024
0.55766295
0.55505202
0.54947135
0.54947135
0.54855801
0.54407025
0.54209627
0.53781935
0.53740039
0.53431162
0.52938554
0.52694118
0.52476030
0.52282733
0.52180046
0.52095989
0.52079344
0.51980661
0.51712313
0.51666724
0.51489813
0.51461186
0.50977500
0.50896101
0.50774908
0.50652221
0.50548640
0.50513108
0.50470306
0.50413417
0.50227622
0.50199154
0.50188292
0.50177730
0.50172562
0.50152645
0.50112254
0.50112254
0.50064784
0.50064784
0.50055662
0.50055662
0.50044572
0.50044572
0.50034710
0.50034710
0.70499130
0.70499130
0.70487186
0.70487186
0.70472610
0.70472610
0.70457015
0.70457015
0.70457015
0.70457015
0.70339533
0.70339533
0.70299727
0.70299727
0.70201355
0.70201355
0.69999415
0.69999415
0.69931253
0.69931253
0.69682815
0.69682815
0.69654627
0.69654627
0.69369387
0.69369387
0.69235032
0.69235032
0.68944946
0.68944946
0.68341154
0.68341154
0.67681797
0.67681797
0.67598133
0.67598133
0.67530432
0.67530432
0.67410322
0.67410322
0.67375626
0.67375626
0.67305734
0.67305734
0.67252879
0.67252879
0.67252879
0.67252879
0.66928026
0.66928026
0.66909596
0.66909596
0.66798184
0.66798184
0.66377732
0.66377732
0.66040416
0.66040416
0.66000043
0.66000043
0.65918871
0.65918871
0.65898490
0.65898490
0.65630371
0.65630371
0.64792560
0.64792560
0.64792560
0.64792560
0.64139800
0.64139800
0.63723198
0.63723198
0.63511874
0.63511874
0.63417337
0.63417337
0.63369930
0.63369930
0.63131552
0.63131552
0.63083615
0.63083615
0.62891026
0.62891026
0.62157838
0.62157838
0.61460252
0.61460252
0.60981168
0.60981168
0.60981168
0.60981168
0.59424597
0.59424597
0.58963456
0.58963456
0.58477623
0.58477623
0.57791061
0.57791061
0.57588926
0.57588926
0.57437809
0.57437809
0.57387537
0.57387537
0.57112010
0.57112010
0.56566631
0.56566631
0.56542044
0.56542044
0.55934024
0.55934024
0.55766295
0.55766295
0.55505202
0.55505202
0.54947135
0.54947135
0.54947135
0.54947135
0.54855801
0.54855801
0.54407025
0.54407025
0.54209627
0.54209627
0.53781935
0.53781935
0.53740039
0.53740039
0.53431162
0.53431162
0.52938554
0.52938554
0.52694118
0.52694118
0.52476030
0.52476030
0.52282733
0.52282733
0.52180046
0.52180046
0.52095989
0.52095989
0.52079344
0.52079344
0.51980661
0.51980661
0.51712313
0.51712313
0.51666724
0.51666724
0.51489813
0.51489813
0.51461186
0.51461186
0.50977500
0.50977500
0.50896101
0.50896101
0.50774908
0.50774908
0.50652221
0.50652221
0.50548640
0.50548640
0.50513108
0.50513108
0.50470306
0.50470306
0.50413417
0.50413417
0.50227622
0.50227622
0.50199154
0.50199154
0.50188292
0.50188292
0.50177730
0.50177730
0.50172562
0.50172562
0.50152645
0.50152645
0.50112254
0.50112254
0.50112254
0.50112254
0.50064784
0.50064784
0.50064784
0.50064784
0.50055662
0.50055662
0.50055662
0.50055662
0.50044572
0.50044572
0.50044572
0.50044572
0.50034710
0.50034710
0.50034710
0.50034710
0.70499130
0.70499130
0.70499130
0.70499130
0.70487186
0.70487186
0.70487186
0.70487186
0.70472610
0.70472610
0.70472610
0.70472610
0.70457015
0.70457015
0.70457015
0.70457015
0.70457015
0.70457015
0.70457015
0.70457015
0.70339533
0.70339533
0.70339533
0.70339533
0.70299727
0.70299727
0.70299727
0.70299727
0.70201355
0.70201355
0.70201355
0.70201355
0.69999415
0.69999415
0.69999415
0.69999415
0.69931253
0.69931253
0.69931253
0.69931253
0.69682815
0.69682815
0.69682815
0.69682815
0.69654627
0.69654627
0.69654627
0.69654627
0.69369387
0.69369387
0.69369387
0.69369387
0.69235032
0.69235032
0.69235032
0.69235032
0.68944946
0.68944946
0.68944946
0.68944946
0.68341154
0.68341154
0.68341154
0.68341154
0.67681797
0.67681797
0.67681797
0.67681797
0.67598133
0.67598133
0.67598133
0.67598133
0.67530432
0.67530432
0.67530432
0.67530432
0.67410322
0.67410322
0.67410322
0.67410322
0.67375626
0.67375626
0.67375626
0.67375626
0.67305734
0.67305734
0.67305734
0.67305734
0.67252879
0.67252879
0.67252879
0.67252879
0.67252879
0.67252879
0.67252879
0.67252879
0.66928026
0.66928026
0.66928026
0.66928026
0.66909596
0.66909596
0.66909596
0.66909596
0.66798184
0.66798184
0.66798184
0.66798184
0.66377732
0.66377732
0.66377732
0.66377732
0.66040416
0.66040416
0.66040416
0.66040416
0.66000043
0.66000043
0.66000043
0.66000043
0.65918871
0.65918871
0.65918871
0.65918871
0.65898490
0.65898490
0.65898490
0.65898490
0.65630371
0.65630371
0.65630371
0.65630371
0.64792560
0.64792560
0.64792560
0.64792560
0.64792560
0.64792560
0.64792560
0.64792560
0.64139800
0.64139800
0.64139800
0.64139800
0.63723198
0.63723198
0.63723198
0.63723198
0.63511874
0.63511874
0.63511874
0.63511874
0.63417337
0.63417337
0.63417337
0.63417337
0.63369930
0.63369930
0.63369930
0.63369930
0.63131552
0.63131552
0.63131552
0.63131552
0.63083615
0.63083615
0.63083615
0.63083615
0.62891026
0.62891026
0.62891026
0.62891026
0.62157838
0.62157838
0.62157838
0.62157838
0.61460252
0.61460252
0.61460252
0.61460252
0.60981168
0.60981168
0.60981168
0.60981168
0.60981168
0.60981168
0.60981168
0.60981168
0.59424597
0.59424597
0.59424597
0.59424597
0.58963456
0.58963456
0.58963456
0.58963456
0.58477623
0.58477623
0.58477623
0.58477623
0.57791061
0.57791061
0.57791061
0.57791061
0.57588926
0.57588926
0.57588926
0.57588926
0.57437809
0.57437809
0.57437809
0.57437809
0.57387537
0.57387537
0.57387537
0.57387537
0.57112010
0.57112010
0.57112010
0.57112010
0.56566631
0.56566631
0.56566631
0.56566631
0.56542044
0.56542044
0.56542044
0.56542044
0.55934024
0.55934024
0.55934024
0.55934024
0.55766295
0.55766295
0.55766295
0.55766295
0.55505202
0.55505202
0.55505202
0.55505202
0.54947135
0.54947135
0.54947135
0.54947135
0.54947135
0.54947135
0.54947135
0.54947135
0.54855801
0.54855801
0.54855801
0.54855801
0.54407025
0.54407025
0.54407025
0.54407025
0.54209627
0.54209627
0.54209627
0.54209627
0.53781935
0.53781935
0.53781935
0.53781935
0.53740039
0.53740039
0.53740039
0.53740039
0.53431162
0.53431162
0.53431162
0.53431162
0.52938554
0.52938554
0.52938554
0.52938554
0.52694118
0.52694118
0.52694118
0.52694118
0.52476030
0.52476030
0.52476030
0.52476030
0.52282733
0.52282733
0.52282733
0.52282733
0.52180046
0.52180046
0.52180046
0.52180046
0.52095989
0.52095989
0.52095989
0.52095989
0.52079344
0.52079344
0.52079344
0.52079344
0.51980661
0.51980661
0.51980661
0.51980661
0.51712313
0.51712313
0.51712313
0.51712313
0.51666724
0.51666724
0.51666724
0.51666724
0.51489813
0.51489813
0.51489813
0.51489813
0.51461186
0.51461186
0.51461186
0.51461186
0.50977500
0.50977500
0.50977500
0.50977500
0.50896101
0.50896101
0.50896101
0.50896101
0.50774908
0.50774908
0.50774908
0.50774908
0.50652221
0.50652221
0.50652221
0.50652221
0.50548640
0.50548640
0.50548640
0.50548640
0.50513108
0.50513108
0.50513108
0.50513108
0.50470306
0.50470306
0.50470306
0.50470306
0.50413417
0.50413417
0.50413417
0.50413417
0.50227622
0.50227622
0.50227622
0.50227622
0.50199154
0.50199154
0.50199154
0.50199154
0.50188292
0.50188292
0.50188292
0.50188292
0.50177730
0.50177730
0.50177730
0.50177730
0.50172562
0.50172562
0.50172562
0.50172562
0.50152645
0.50152645
0.50152645
0.50152645
0.50112254
0.50112254
0.50112254
0.50112254
0.50112254
0.50112254
0.50112254
0.50112254
0.50064784
0.50064784
0.50064784
0.50064784
0.50064784
0.50064784
0.50064784
0.50064784
0.50055662
0.50055662
0.50055662
0.50055662
0.50055662
0.50055662
0.50055662
0.50055662
0.50044572
0.50044572
0.50044572
0.50044572
0.50044572
0.50044572
0.50044572
0.50044572
0.50034710
0.50034710
0.50034710
0.50034710
0.50034710
0.50034710
0.50034710
0.50034710
