0.51562459
0.68191337
0.63131552
0.52013329
0.52511863
0.53993832
0.58222678
0.67128110
0.67513400
0.56863098
0.69117602
0.50129448
0.70472610
0.64570172
0.69587060
0.51916010
0.58707567
0.54719762
0.60727554
0.62891026
0.50125035
0.51518687
0.50074594
0.61910009
0.51349171
0.67074026
0.64570172
0.50030239
0.51932086
0.50147854
0.57136987
0.70432609
0.50429308
0.66741948
0.65420221
0.51820765
0.70493307
0.50172562
0.50862229
0.66723124
0.57186984
0.51321796
0.50338338
0.60727554
0.67199653
0.52300038
0.66180589
0.68815795
0.55528807
0.53230681
0.65796058
0.63179403
0.65837135
0.63488274
0.50671971
0.70432609
0.63909377
0.57337317
0.52112689
0.69257924
0.55270653
0.70141803
0.50557702
0.65713489
0.50785583
0.54719762
0.52749785
0.55694780
0.57538505
0.63274844
0.50461962
0.69923416
0.62648479
0.53533056
0.50108145
0.62842674
0.50015433
0.53574115
0.50390125
0.59168360
0.67074026
0.69850531
0.61208598
0.67235178
0.50022221
0.54629727
0.67427607
0.66609369
0.56321638
0.70250372
0.70295034
0.65692761
0.69557335
0.70452570
0.67358216
0.50074594
0.50138499
0.54187877
0.50037060
0.56297250
0.50037060
0.50030239
0.50022221
0.50015433
0.70493307
0.70472610
0.70452570
0.70432609
0.70432609
0.70295034
0.70250372
0.70141803
0.69923416
0.69850531
0.69587060
0.69557335
0.69257924
0.69117602
0.68815795
0.68191337
0.67513400
0.67427607
0.67358216
0.67235178
0.67199653
0.67128110
0.67074026
0.67074026
0.66741948
0.66723124
0.66609369
0.66180589
0.65837135
0.65796058
0.65713489
0.65692761
0.65420221
0.64570172
0.64570172
0.63909377
0.63488274
0.63274844
0.63179403
0.63131552
0.62891026
0.62842674
0.62648479
0.61910009
0.61208598
0.60727554
0.60727554
0.59168360
0.58707567
0.58222678
0.57538505
0.57337317
0.57186984
0.57136987
0.56863098
0.56321638
0.56297250
0.55694780
0.55528807
0.55270653
0.54719762
0.54719762
0.54629727
0.54187877
0.53993832
0.53574115
0.53533056
0.53230681
0.52749785
0.52511863
0.52300038
0.52112689
0.52013329
0.51932086
0.51916010
0.51820765
0.51562459
0.51518687
0.51349171
0.51321796
0.50862229
0.50785583
0.50671971
0.50557702
0.50461962
0.50429308
0.50390125
0.50338338
0.50172562
0.50147854
0.50138499
0.50129448
0.50125035
0.50108145
0.50074594
0.50074594
0.50037060
0.50037060
0.50030239
0.50030239
0.50022221
0.50022221
0.50015433
0.50015433
0.70493307
0.70493307
0.70472610
0.70472610
0.70452570
0.70452570
0.70432609
0.70432609
0.70432609
0.70432609
0.70295034
0.70295034
0.70250372
0.70250372
0.70141803
0.70141803
0.69923416
0.69923416
0.69850531
0.69850531
0.69587060
0.69587060
0.69557335
0.69557335
0.69257924
0.69257924
0.69117602
0.69117602
0.68815795
0.68815795
0.68191337
0.68191337
0.67513400
0.67513400
0.67427607
0.67427607
0.67358216
0.67358216
0.67235178
0.67235178
0.67199653
0.67199653
0.67128110
0.67128110
0.67074026
0.67074026
0.67074026
0.67074026
0.66741948
0.66741948
0.66723124
0.66723124
0.66609369
0.66609369
0.66180589
0.66180589
0.65837135
0.65837135
0.65796058
0.65796058
0.65713489
0.65713489
0.65692761
0.65692761
0.65420221
0.65420221
0.64570172
0.64570172
0.64570172
0.64570172
0.63909377
0.63909377
0.63488274
0.63488274
0.63274844
0.63274844
0.63179403
0.63179403
0.63131552
0.63131552
0.62891026
0.62891026
0.62842674
0.62842674
0.62648479
0.62648479
0.61910009
0.61910009
0.61208598
0.61208598
0.60727554
0.60727554
0.60727554
0.60727554
0.59168360
0.59168360
0.58707567
0.58707567
0.58222678
0.58222678
0.57538505
0.57538505
0.57337317
0.57337317
0.57186984
0.57186984
0.57136987
0.57136987
0.56863098
0.56863098
0.56321638
0.56321638
0.56297250
0.56297250
0.55694780
0.55694780
0.55528807
0.55528807
0.55270653
0.55270653
0.54719762
0.54719762
0.54719762
0.54719762
0.54629727
0.54629727
0.54187877
0.54187877
0.53993832
0.53993832
0.53574115
0.53574115
0.53533056
0.53533056
0.53230681
0.53230681
0.52749785
0.52749785
0.52511863
0.52511863
0.52300038
0.52300038
0.52112689
0.52112689
0.52013329
0.52013329
0.51932086
0.51932086
0.51916010
0.51916010
0.51820765
0.51820765
0.51562459
0.51562459
0.51518687
0.51518687
0.51349171
0.51349171
0.51321796
0.51321796
0.50862229
0.50862229
0.50785583
0.50785583
0.50671971
0.50671971
0.50557702
0.50557702
0.50461962
0.50461962
0.50429308
0.50429308
0.50390125
0.50390125
0.50338338
0.50338338
0.50172562
0.50172562
0.50147854
0.50147854
0.50138499
0.50138499
0.50129448
0.50129448
0.50125035
0.50125035
0.50108145
0.50108145
0.50074594
0.50074594
0.50074594
0.50074594
0.50037060
0.50037060
0.50037060
0.50037060
0.50030239
0.50030239
0.50030239
0.50030239
0.50022221
0.50022221
0.50022221
0.50022221
0.50015433
0.50015433
0.50015433
0.50015433
0.70493307
0.70493307
0.70493307
0.70493307
0.70472610
0.70472610
0.70472610
0.70472610
0.70452570
0.70452570
0.70452570
0.70452570
0.70432609
0.70432609
0.70432609
0.70432609
0.70432609
0.70432609
0.70432609
0.70432609
0.70295034
0.70295034
0.70295034
0.70295034
0.70250372
0.70250372
0.70250372
0.70250372
0.70141803
0.70141803
0.70141803
0.70141803
0.69923416
0.69923416
0.69923416
0.69923416
0.69850531
0.69850531
0.69850531
0.69850531
0.69587060
0.69587060
0.69587060
0.69587060
0.69557335
0.69557335
0.69557335
0.69557335
0.69257924
0.69257924
0.69257924
0.69257924
0.69117602
0.69117602
0.69117602
0.69117602
0.68815795
0.68815795
0.68815795
0.68815795
0.68191337
0.68191337
0.68191337
0.68191337
0.67513400
0.67513400
0.67513400
0.67513400
0.67427607
0.67427607
0.67427607
0.67427607
0.67358216
0.67358216
0.67358216
0.67358216
0.67235178
0.67235178
0.67235178
0.67235178
0.67199653
0.67199653
0.67199653
0.67199653
0.67128110
0.67128110
0.67128110
0.67128110
0.67074026
0.67074026
0.67074026
0.67074026
0.67074026
0.67074026
0.67074026
0.67074026
0.66741948
0.66741948
0.66741948
0.66741948
0.66723124
0.66723124
0.66723124
0.66723124
0.66609369
0.66609369
0.66609369
0.66609369
0.66180589
0.66180589
0.66180589
0.66180589
0.65837135
0.65837135
0.65837135
0.65837135
0.65796058
0.65796058
0.65796058
0.65796058
0.65713489
0.65713489
0.65713489
0.65713489
0.65692761
0.65692761
0.65692761
0.65692761
0.65420221
0.65420221
0.65420221
0.65420221
0.64570172
0.64570172
0.64570172
0.64570172
0.64570172
0.64570172
0.64570172
0.64570172
0.63909377
0.63909377
0.63909377
0.63909377
0.63488274
0.63488274
0.63488274
0.63488274
0.63274844
0.63274844
0.63274844
0.63274844
0.63179403
0.63179403
0.63179403
0.63179403
0.63131552
0.63131552
0.63131552
0.63131552
0.62891026
0.62891026
0.62891026
0.62891026
0.62842674
0.62842674
0.62842674
0.62842674
0.62648479
0.62648479
0.62648479
0.62648479
0.61910009
0.61910009
0.61910009
0.61910009
0.61208598
0.61208598
0.61208598
0.61208598
0.60727554
0.60727554
0.60727554
0.60727554
0.60727554
0.60727554
0.60727554
0.60727554
0.59168360
0.59168360
0.59168360
0.59168360
0.58707567
0.58707567
0.58707567
0.58707567
0.58222678
0.58222678
0.58222678
0.58222678
0.57538505
0.57538505
0.57538505
0.57538505
0.57337317
0.57337317
0.57337317
0.57337317
0.57186984
0.57186984
0.57186984
0.57186984
0.57136987
0.57136987
0.57136987
0.57136987
0.56863098
0.56863098
0.56863098
0.56863098
0.56321638
0.56321638
0.56321638
0.56321638
0.56297250
0.56297250
0.56297250
0.56297250
0.55694780
0.55694780
0.55694780
0.55694780
0.55528807
0.55528807
0.55528807
0.55528807
0.55270653
0.55270653
0.55270653
0.55270653
0.54719762
0.54719762
0.54719762
0.54719762
0.54719762
0.54719762
0.54719762
0.54719762
0.54629727
0.54629727
0.54629727
0.54629727
0.54187877
0.54187877
0.54187877
0.54187877
0.53993832
0.53993832
0.53993832
0.53993832
0.53574115
0.53574115
0.53574115
0.53574115
0.53533056
0.53533056
0.53533056
0.53533056
0.53230681
0.53230681
0.53230681
0.53230681
0.52749785
0.52749785
0.52749785
0.52749785
0.52511863
0.52511863
0.52511863
0.52511863
0.52300038
0.52300038
0.52300038
0.52300038
0.52112689
0.52112689
0.52112689
0.52112689
0.52013329
0.52013329
0.52013329
0.52013329
0.51932086
0.51932086
0.51932086
0.51932086
0.51916010
0.51916010
0.51916010
0.51916010
0.51820765
0.51820765
0.51820765
0.51820765
0.51562459
0.51562459
0.51562459
0.51562459
0.51518687
0.51518687
0.51518687
0.51518687
0.51349171
0.51349171
0.51349171
0.51349171
0.51321796
0.51321796
0.51321796
0.51321796
0.50862229
0.50862229
0.50862229
0.50862229
0.50785583
0.50785583
0.50785583
0.50785583
0.50671971
0.50671971
0.50671971
0.50671971
0.50557702
0.50557702
0.50557702
0.50557702
0.50461962
0.50461962
0.50461962
0.50461962
0.50429308
0.50429308
0.50429308
0.50429308
0.50390125
0.50390125
0.50390125
0.50390125
0.50338338
0.50338338
0.50338338
0.50338338
0.50172562
0.50172562
0.50172562
0.50172562
0.50147854
0.50147854
0.50147854
0.50147854
0.50138499
0.50138499
0.50138499
0.50138499
0.50129448
0.50129448
0.50129448
0.50129448
0.50125035
0.50125035
0.50125035
0.50125035
0.50108145
0.50108145
0.50108145
0.50108145
0.50074594
0.50074594
0.50074594
0.50074594
0.50074594
0.50074594
0.50074594
0.50074594
0.50037060
0.50037060
0.50037060
0.50037060
0.50037060
0.50037060
0.50037060
0.50037060
0.50030239
0.50030239
0.50030239
0.50030239
0.50030239
0.50030239
0.50030239
0.50030239
0.50022221
0.50022221
0.50022221
0.50022221
0.50022221
0.50022221
0.50022221
0.50022221
0.50015433
0.50015433
0.50015433
0.50015433
0.50015433
0.50015433
0.50015433
0.50015433
