0.52197024
0.68762788
0.64070948
0.52712623
0.53270418
0.54878587
0.59245225
0.67813412
0.68160828
0.57867037
0.69557335
0.50367491
0.50002470
0.65441385
0.69939037
0.52602350
0.59732023
0.55647230
0.61735633
0.63839748
0.50360092
0.52146257
0.50270613
0.62891026
0.51948220
0.67764382
0.65441385
0.50177730
0.52620602
0.50397816
0.58146332
0.70497458
0.50807139
0.67462051
0.66240119
0.52493920
0.50022221
0.50437363
0.51362953
0.67444850
0.58197222
0.51916010
0.50681952
0.61735633
0.67878173
0.53034754
0.66946416
0.69303109
0.56492927
0.54058169
0.66590275
0.64116876
0.66628425
0.64412782
0.51124646
0.70497458
0.64814636
0.58350069
0.52824703
0.69673470
0.56224210
0.70347784
0.50977500
0.66513517
0.51267808
0.55647230
0.53533056
0.56665167
0.58554225
0.64208413
0.50851074
0.70195640
0.63606036
0.54384947
0.50331233
0.63793203
0.50138499
0.54429138
0.50753765
0.60192476
0.67764382
0.70141803
0.62207212
0.67910290
0.50157511
0.55552439
0.68083765
0.67340764
0.57312227
0.70415349
0.70440503
0.66494232
0.69915527
0.70499927
0.68021306
0.50270613
0.50382507
0.55085066
0.50193685
0.57287150
0.50193685
0.50177730
0.50157511
0.50138499
0.50022221
0.50002470
0.70499927
0.70497458
0.70497458
0.70440503
0.70415349
0.70347784
0.70195640
0.70141803
0.69939037
0.69915527
0.69673470
0.69557335
0.69303109
0.68762788
0.68160828
0.68083765
0.68021306
0.67910290
0.67878173
0.67813412
0.67764382
0.67764382
0.67462051
0.67444850
0.67340764
0.66946416
0.66628425
0.66590275
0.66513517
0.66494232
0.66240119
0.65441385
0.65441385
0.64814636
0.64412782
0.64208413
0.64116876
0.64070948
0.63839748
0.63793203
0.63606036
0.62891026
0.62207212
0.61735633
0.61735633
0.60192476
0.59732023
0.59245225
0.58554225
0.58350069
0.58197222
0.58146332
0.57867037
0.57312227
0.57287150
0.56665167
0.56492927
0.56224210
0.55647230
0.55647230
0.55552439
0.55085066
0.54878587
0.54429138
0.54384947
0.54058169
0.53533056
0.53270418
0.53034754
0.52824703
0.52712623
0.52620602
0.52602350
0.52493920
0.52197024
0.52146257
0.51948220
0.51916010
0.51362953
0.51267808
0.51124646
0.50977500
0.50851074
0.50807139
0.50753765
0.50681952
0.50437363
0.50397816
0.50382507
0.50367491
0.50360092
0.50331233
0.50270613
0.50270613
0.50193685
0.50193685
0.50177730
0.50177730
0.50157511
0.50157511
0.50138499
0.50138499
0.50022221
0.50022221
0.50002470
0.50002470
0.70499927
0.70499927
0.70497458
0.70497458
0.70497458
0.70497458
0.70440503
0.70440503
0.70415349
0.70415349
0.70347784
0.70347784
0.70195640
0.70195640
0.70141803
0.70141803
0.69939037
0.69939037
0.69915527
0.69915527
0.69673470
0.69673470
0.69557335
0.69557335
0.69303109
0.69303109
0.68762788
0.68762788
0.68160828
0.68160828
0.68083765
0.68083765
0.68021306
0.68021306
0.67910290
0.67910290
0.67878173
0.67878173
0.67813412
0.67813412
0.67764382
0.67764382
0.67764382
0.67764382
0.67462051
0.67462051
0.67444850
0.67444850
0.67340764
0.67340764
0.66946416
0.66946416
0.66628425
0.66628425
0.66590275
0.66590275
0.66513517
0.66513517
0.66494232
0.66494232
0.66240119
0.66240119
0.65441385
0.65441385
0.65441385
0.65441385
0.64814636
0.64814636
0.64412782
0.64412782
0.64208413
0.64208413
0.64116876
0.64116876
0.64070948
0.64070948
0.63839748
0.63839748
0.63793203
0.63793203
0.63606036
0.63606036
0.62891026
0.62891026
0.62207212
0.62207212
0.61735633
0.61735633
0.61735633
0.61735633
0.60192476
0.60192476
0.59732023
0.59732023
0.59245225
0.59245225
0.58554225
0.58554225
0.58350069
0.58350069
0.58197222
0.58197222
0.58146332
0.58146332
0.57867037
0.57867037
0.57312227
0.57312227
0.57287150
0.57287150
0.56665167
0.56665167
0.56492927
0.56492927
0.56224210
0.56224210
0.55647230
0.55647230
0.55647230
0.55647230
0.55552439
0.55552439
0.55085066
0.55085066
0.54878587
0.54878587
0.54429138
0.54429138
0.54384947
0.54384947
0.54058169
0.54058169
0.53533056
0.53533056
0.53270418
0.53270418
0.53034754
0.53034754
0.52824703
0.52824703
0.52712623
0.52712623
0.52620602
0.52620602
0.52602350
0.52602350
0.52493920
0.52493920
0.52197024
0.52197024
0.52146257
0.52146257
0.51948220
0.51948220
0.51916010
0.51916010
0.51362953
0.51362953
0.51267808
0.51267808
0.51124646
0.51124646
0.50977500
0.50977500
0.50851074
0.50851074
0.50807139
0.50807139
0.50753765
0.50753765
0.50681952
0.50681952
0.50437363
0.50437363
0.50397816
0.50397816
0.50382507
0.50382507
0.50367491
0.50367491
0.50360092
0.50360092
0.50331233
0.50331233
0.50270613
0.50270613
0.50270613
0.50270613
0.50193685
0.50193685
0.50193685
0.50193685
0.50177730
0.50177730
0.50177730
0.50177730
0.50157511
0.50157511
0.50157511
0.50157511
0.50138499
0.50138499
0.50138499
0.50138499
0.50022221
0.50022221
0.50022221
0.50022221
0.50002470
0.50002470
0.50002470
0.50002470
0.70499927
0.70499927
0.70499927
0.70499927
0.70497458
0.70497458
0.70497458
0.70497458
0.70497458
0.70497458
0.70497458
0.70497458
0.70440503
0.70440503
0.70440503
0.70440503
0.70415349
0.70415349
0.70415349
0.70415349
0.70347784
0.70347784
0.70347784
0.70347784
0.70195640
0.70195640
0.70195640
0.70195640
0.70141803
0.70141803
0.70141803
0.70141803
0.69939037
0.69939037
0.69939037
0.69939037
0.69915527
0.69915527
0.69915527
0.69915527
0.69673470
0.69673470
0.69673470
0.69673470
0.69557335
0.69557335
0.69557335
0.69557335
0.69303109
0.69303109
0.69303109
0.69303109
0.68762788
0.68762788
0.68762788
0.68762788
0.68160828
0.68160828
0.68160828
0.68160828
0.68083765
0.68083765
0.68083765
0.68083765
0.68021306
0.68021306
0.68021306
0.68021306
0.67910290
0.67910290
0.67910290
0.67910290
0.67878173
0.67878173
0.67878173
0.67878173
0.67813412
0.67813412
0.67813412
0.67813412
0.67764382
0.67764382
0.67764382
0.67764382
0.67764382
0.67764382
0.67764382
0.67764382
0.67462051
0.67462051
0.67462051
0.67462051
0.67444850
0.67444850
0.67444850
0.67444850
0.67340764
0.67340764
0.67340764
0.67340764
0.66946416
0.66946416
0.66946416
0.66946416
0.66628425
0.66628425
0.66628425
0.66628425
0.66590275
0.66590275
0.66590275
0.66590275
0.66513517
0.66513517
0.66513517
0.66513517
0.66494232
0.66494232
0.66494232
0.66494232
0.66240119
0.66240119
0.66240119
0.66240119
0.65441385
0.65441385
0.65441385
0.65441385
0.65441385
0.65441385
0.65441385
0.65441385
0.64814636
0.64814636
0.64814636
0.64814636
0.64412782
0.64412782
0.64412782
0.64412782
0.64208413
0.64208413
0.64208413
0.64208413
0.64116876
0.64116876
0.64116876
0.64116876
0.64070948
0.64070948
0.64070948
0.64070948
0.63839748
0.63839748
0.63839748
0.63839748
0.63793203
0.63793203
0.63793203
0.63793203
0.63606036
0.63606036
0.63606036
0.63606036
0.62891026
0.62891026
0.62891026
0.62891026
0.62207212
0.62207212
0.62207212
0.62207212
0.61735633
0.61735633
0.61735633
0.61735633
0.61735633
0.61735633
0.61735633
0.61735633
0.60192476
0.60192476
0.60192476
0.60192476
0.59732023
0.59732023
0.59732023
0.59732023
0.59245225
0.59245225
0.59245225
0.59245225
0.58554225
0.58554225
0.58554225
0.58554225
0.58350069
0.58350069
0.58350069
0.58350069
0.58197222
0.58197222
0.58197222
0.58197222
0.58146332
0.58146332
0.58146332
0.58146332
0.57867037
0.57867037
0.57867037
0.57867037
0.57312227
0.57312227
0.57312227
0.57312227
0.57287150
0.57287150
0.57287150
0.57287150
0.56665167
0.56665167
0.56665167
0.56665167
0.56492927
0.56492927
0.56492927
0.56492927
0.56224210
0.56224210
0.56224210
0.56224210
0.55647230
0.55647230
0.55647230
0.55647230
0.55647230
0.55647230
0.55647230
0.55647230
0.55552439
0.55552439
0.55552439
0.55552439
0.55085066
0.55085066
0.55085066
0.55085066
0.54878587
0.54878587
0.54878587
0.54878587
0.54429138
0.54429138
0.54429138
0.54429138
0.54384947
0.54384947
0.54384947
0.54384947
0.54058169
0.54058169
0.54058169
0.54058169
0.53533056
0.53533056
0.53533056
0.53533056
0.53270418
0.53270418
0.53270418
0.53270418
0.53034754
0.53034754
0.53034754
0.53034754
0.52824703
0.52824703
0.52824703
0.52824703
0.52712623
0.52712623
0.52712623
0.52712623
0.52620602
0.52620602
0.52620602
0.52620602
0.52602350
0.52602350
0.52602350
0.52602350
0.52493920
0.52493920
0.52493920
0.52493920
0.52197024
0.52197024
0.52197024
0.52197024
0.52146257
0.52146257
0.52146257
0.52146257
0.51948220
0.51948220
0.51948220
0.51948220
0.51916010
0.51916010
0.51916010
0.51916010
0.51362953
0.51362953
0.51362953
0.51362953
0.51267808
0.51267808
0.51267808
0.51267808
0.51124646
0.51124646
0.51124646
0.51124646
0.50977500
0.50977500
0.50977500
0.50977500
0.50851074
0.50851074
0.50851074
0.50851074
0.50807139
0.50807139
0.50807139
0.50807139
0.50753765
0.50753765
0.50753765
0.50753765
0.50681952
0.50681952
0.50681952
0.50681952
0.50437363
0.50437363
0.50437363
0.50437363
0.50397816
0.50397816
0.50397816
0.50397816
0.50382507
0.50382507
0.50382507
0.50382507
0.50367491
0.50367491
0.50367491
0.50367491
0.50360092
0.50360092
0.50360092
0.50360092
0.50331233
0.50331233
0.50331233
0.50331233
0.50270613
0.50270613
0.50270613
0.50270613
0.50270613
0.50270613
0.50270613
0.50270613
0.50193685
0.50193685
0.50193685
0.50193685
0.50193685
0.50193685
0.50193685
0.50193685
0.50177730
0.50177730
0.50177730
0.50177730
0.50177730
0.50177730
0.50177730
0.50177730
0.50157511
0.50157511
0.50157511
0.50157511
0.50157511
0.50157511
0.50157511
0.50157511
0.50138499
0.50138499
0.50138499
0.50138499
0.50138499
0.50138499
0.50138499
0.50138499
0.50022221
0.50022221
0.50022221
0.50022221
0.50022221
0.50022221
0.50022221
0.50022221
0.50002470
0.50002470
0.50002470
0.50002470
0.50002470
0.50002470
0.50002470
0.50002470
