0.52731179
0.69141483
0.64748317
0.53290355
0.53887385
0.55576098
0.60013555
0.68281775
0.68599202
0.58630875
0.69833760
0.50623123
0.50055662
0.66060549
0.70147999
0.53171417
0.60498597
0.56370477
0.62477562
0.64525345
0.50613565
0.52675663
0.50495771
0.63606036
0.52458193
0.68236761
0.66060549
0.50367491
0.53191126
0.50662061
0.58912252
0.50015433
0.51162912
0.67958135
0.66816852
0.53054137
0.50112254
0.50712311
0.51805095
0.67942231
0.58963456
0.52422675
0.51013392
0.62477562
0.68341154
0.53636022
0.67479209
0.69616325
0.57237039
0.54719762
0.67146057
0.64792560
0.67181828
0.65077184
0.51533217
0.50015433
0.65462517
0.59117123
0.53410914
0.69931253
0.56962472
0.70445493
0.51362953
0.67074026
0.51697057
0.56370477
0.54166165
0.57412666
0.59322097
0.64880685
0.51214844
0.70343686
0.64299518
0.55062001
0.50576039
0.64480405
0.50310361
0.55108161
0.51099462
0.60955848
0.68236761
0.70304366
0.62939297
0.68370568
0.50338338
0.56272882
0.68529036
0.67845880
0.58070056
0.70482012
0.70492424
0.67055916
0.70129252
0.50030239
0.68472061
0.50495771
0.50642452
0.55790184
0.50390125
0.58044647
0.50390125
0.50367491
0.50338338
0.50310361
0.50112254
0.50055662
0.50030239
0.50015433
0.50015433
0.70492424
0.70482012
0.70445493
0.70343686
0.70304366
0.70147999
0.70129252
0.69931253
0.69833760
0.69616325
0.69141483
0.68599202
0.68529036
0.68472061
0.68370568
0.68341154
0.68281775
0.68236761
0.68236761
0.67958135
0.67942231
0.67845880
0.67479209
0.67181828
0.67146057
0.67074026
0.67055916
0.66816852
0.66060549
0.66060549
0.65462517
0.65077184
0.64880685
0.64792560
0.64748317
0.64525345
0.64480405
0.64299518
0.63606036
0.62939297
0.62477562
0.62477562
0.60955848
0.60498597
0.60013555
0.59322097
0.59117123
0.58963456
0.58912252
0.58630875
0.58070056
0.58044647
0.57412666
0.57237039
0.56962472
0.56370477
0.56370477
0.56272882
0.55790184
0.55576098
0.55108161
0.55062001
0.54719762
0.54166165
0.53887385
0.53636022
0.53410914
0.53290355
0.53191126
0.53171417
0.53054137
0.52731179
0.52675663
0.52458193
0.52422675
0.51805095
0.51697057
0.51533217
0.51362953
0.51214844
0.51162912
0.51099462
0.51013392
0.50712311
0.50662061
0.50642452
0.50623123
0.50613565
0.50576039
0.50495771
0.50495771
0.50390125
0.50390125
0.50367491
0.50367491
0.50338338
0.50338338
0.50310361
0.50310361
0.50112254
0.50112254
0.50055662
0.50055662
0.50030239
0.50030239
0.50015433
0.50015433
0.50015433
0.50015433
0.70492424
0.70492424
0.70482012
0.70482012
0.70445493
0.70445493
0.70343686
0.70343686
0.70304366
0.70304366
0.70147999
0.70147999
0.70129252
0.70129252
0.69931253
0.69931253
0.69833760
0.69833760
0.69616325
0.69616325
0.69141483
0.69141483
0.68599202
0.68599202
0.68529036
0.68529036
0.68472061
0.68472061
0.68370568
0.68370568
0.68341154
0.68341154
0.68281775
0.68281775
0.68236761
0.68236761
0.68236761
0.68236761
0.67958135
0.67958135
0.67942231
0.67942231
0.67845880
0.67845880
0.67479209
0.67479209
0.67181828
0.67181828
0.67146057
0.67146057
0.67074026
0.67074026
0.67055916
0.67055916
0.66816852
0.66816852
0.66060549
0.66060549
0.66060549
0.66060549
0.65462517
0.65462517
0.65077184
0.65077184
0.64880685
0.64880685
0.64792560
0.64792560
0.64748317
0.64748317
0.64525345
0.64525345
0.64480405
0.64480405
0.64299518
0.64299518
0.63606036
0.63606036
0.62939297
0.62939297
0.62477562
0.62477562
0.62477562
0.62477562
0.60955848
0.60955848
0.60498597
0.60498597
0.60013555
0.60013555
0.59322097
0.59322097
0.59117123
0.59117123
0.58963456
0.58963456
0.58912252
0.58912252
0.58630875
0.58630875
0.58070056
0.58070056
0.58044647
0.58044647
0.57412666
0.57412666
0.57237039
0.57237039
0.56962472
0.56962472
0.56370477
0.56370477
0.56370477
0.56370477
0.56272882
0.56272882
0.55790184
0.55790184
0.55576098
0.55576098
0.55108161
0.55108161
0.55062001
0.55062001
0.54719762
0.54719762
0.54166165
0.54166165
0.53887385
0.53887385
0.53636022
0.53636022
0.53410914
0.53410914
0.53290355
0.53290355
0.53191126
0.53191126
0.53171417
0.53171417
0.53054137
0.53054137
0.52731179
0.52731179
0.52675663
0.52675663
0.52458193
0.52458193
0.52422675
0.52422675
0.51805095
0.51805095
0.51697057
0.51697057
0.51533217
0.51533217
0.51362953
0.51362953
0.51214844
0.51214844
0.51162912
0.51162912
0.51099462
0.51099462
0.51013392
0.51013392
0.50712311
0.50712311
0.50662061
0.50662061
0.50642452
0.50642452
0.50623123
0.50623123
0.50613565
0.50613565
0.50576039
0.50576039
0.50495771
0.50495771
0.50495771
0.50495771
0.50390125
0.50390125
0.50390125
0.50390125
0.50367491
0.50367491
0.50367491
0.50367491
0.50338338
0.50338338
0.50338338
0.50338338
0.50310361
0.50310361
0.50310361
0.50310361
0.50112254
0.50112254
0.50112254
0.50112254
0.50055662
0.50055662
0.50055662
0.50055662
0.50030239
0.50030239
0.50030239
0.50030239
0.50015433
0.50015433
0.50015433
0.50015433
0.50015433
0.50015433
0.50015433
0.50015433
0.70492424
0.70492424
0.70492424
0.70492424
0.70482012
0.70482012
0.70482012
0.70482012
0.70445493
0.70445493
0.70445493
0.70445493
0.70343686
0.70343686
0.70343686
0.70343686
0.70304366
0.70304366
0.70304366
0.70304366
0.70147999
0.70147999
0.70147999
0.70147999
0.70129252
0.70129252
0.70129252
0.70129252
0.69931253
0.69931253
0.69931253
0.69931253
0.69833760
0.69833760
0.69833760
0.69833760
0.69616325
0.69616325
0.69616325
0.69616325
0.69141483
0.69141483
0.69141483
0.69141483
0.68599202
0.68599202
0.68599202
0.68599202
0.68529036
0.68529036
0.68529036
0.68529036
0.68472061
0.68472061
0.68472061
0.68472061
0.68370568
0.68370568
0.68370568
0.68370568
0.68341154
0.68341154
0.68341154
0.68341154
0.68281775
0.68281775
0.68281775
0.68281775
0.68236761
0.68236761
0.68236761
0.68236761
0.68236761
0.68236761
0.68236761
0.68236761
0.67958135
0.67958135
0.67958135
0.67958135
0.67942231
0.67942231
0.67942231
0.67942231
0.67845880
0.67845880
0.67845880
0.67845880
0.67479209
0.67479209
0.67479209
0.67479209
0.67181828
0.67181828
0.67181828
0.67181828
0.67146057
0.67146057
0.67146057
0.67146057
0.67074026
0.67074026
0.67074026
0.67074026
0.67055916
0.67055916
0.67055916
0.67055916
0.66816852
0.66816852
0.66816852
0.66816852
0.66060549
0.66060549
0.66060549
0.66060549
0.66060549
0.66060549
0.66060549
0.66060549
0.65462517
0.65462517
0.65462517
0.65462517
0.65077184
0.65077184
0.65077184
0.65077184
0.64880685
0.64880685
0.64880685
0.64880685
0.64792560
0.64792560
0.64792560
0.64792560
0.64748317
0.64748317
0.64748317
0.64748317
0.64525345
0.64525345
0.64525345
0.64525345
0.64480405
0.64480405
0.64480405
0.64480405
0.64299518
0.64299518
0.64299518
0.64299518
0.63606036
0.63606036
0.63606036
0.63606036
0.62939297
0.62939297
0.62939297
0.62939297
0.62477562
0.62477562
0.62477562
0.62477562
0.62477562
0.62477562
0.62477562
0.62477562
0.60955848
0.60955848
0.60955848
0.60955848
0.60498597
0.60498597
0.60498597
0.60498597
0.60013555
0.60013555
0.60013555
0.60013555
0.59322097
0.59322097
0.59322097
0.59322097
0.59117123
0.59117123
0.59117123
0.59117123
0.58963456
0.58963456
0.58963456
0.58963456
0.58912252
0.58912252
0.58912252
0.58912252
0.58630875
0.58630875
0.58630875
0.58630875
0.58070056
0.58070056
0.58070056
0.58070056
0.58044647
0.58044647
0.58044647
0.58044647
0.57412666
0.57412666
0.57412666
0.57412666
0.57237039
0.57237039
0.57237039
0.57237039
0.56962472
0.56962472
0.56962472
0.56962472
0.56370477
0.56370477
0.56370477
0.56370477
0.56370477
0.56370477
0.56370477
0.56370477
0.56272882
0.56272882
0.56272882
0.56272882
0.55790184
0.55790184
0.55790184
0.55790184
0.55576098
0.55576098
0.55576098
0.55576098
0.55108161
0.55108161
0.55108161
0.55108161
0.55062001
0.55062001
0.55062001
0.55062001
0.54719762
0.54719762
0.54719762
0.54719762
0.54166165
0.54166165
0.54166165
0.54166165
0.53887385
0.53887385
0.53887385
0.53887385
0.53636022
0.53636022
0.53636022
0.53636022
0.53410914
0.53410914
0.53410914
0.53410914
0.53290355
0.53290355
0.53290355
0.53290355
0.53191126
0.53191126
0.53191126
0.53191126
0.53171417
0.53171417
0.53171417
0.53171417
0.53054137
0.53054137
0.53054137
0.53054137
0.52731179
0.52731179
0.52731179
0.52731179
0.52675663
0.52675663
0.52675663
0.52675663
0.52458193
0.52458193
0.52458193
0.52458193
0.52422675
0.52422675
0.52422675
0.52422675
0.51805095
0.51805095
0.51805095
0.51805095
0.51697057
0.51697057
0.51697057
0.51697057
0.51533217
0.51533217
0.51533217
0.51533217
0.51362953
0.51362953
0.51362953
0.51362953
0.51214844
0.51214844
0.51214844
0.51214844
0.51162912
0.51162912
0.51162912
0.51162912
0.51099462
0.51099462
0.51099462
0.51099462
0.51013392
0.51013392
0.51013392
0.51013392
0.50712311
0.50712311
0.50712311
0.50712311
0.50662061
0.50662061
0.50662061
0.50662061
0.50642452
0.50642452
0.50642452
0.50642452
0.50623123
0.50623123
0.50623123
0.50623123
0.50613565
0.50613565
0.50613565
0.50613565
0.50576039
0.50576039
0.50576039
0.50576039
0.50495771
0.50495771
0.50495771
0.50495771
0.50495771
0.50495771
0.50495771
0.50495771
0.50390125
0.50390125
0.50390125
0.50390125
0.50390125
0.50390125
0.50390125
0.50390125
0.50367491
0.50367491
0.50367491
0.50367491
0.50367491
0.50367491
0.50367491
0.50367491
0.50338338
0.50338338
0.50338338
0.50338338
0.50338338
0.50338338
0.50338338
0.50338338
0.50310361
0.50310361
0.50310361
0.50310361
0.50310361
0.50310361
0.50310361
0.50310361
0.50112254
0.50112254
0.50112254
0.50112254
0.50112254
0.50112254
0.50112254
0.50112254
0.50055662
0.50055662
0.50055662
0.50055662
0.50055662
0.50055662
0.50055662
0.50055662
0.50030239
0.50030239
0.50030239
0.50030239
0.50030239
0.50030239
0.50030239
0.50030239
0.50015433
0.50015433
0.50015433
0.50015433
0.50015433
0.50015433
0.50015433
0.50015433
0.50015433
0.50015433
0.50015433
0.50015433
0.50015433
0.50015433
0.50015433
0.50015433
