0.51418711
0.68036988
0.62891026
0.51852281
0.52334810
0.53781935
0.57968474
0.66946416
0.67340764
0.56615862
0.68995253
0.50088744
0.70452570
0.64344907
0.69486194
0.51758438
0.58452100
0.54495689
0.60473121
0.62648479
0.50085092
0.51376798
0.50044572
0.61660689
0.51214844
0.66891126
0.64344907
0.50012502
0.51773931
0.50104113
0.56887917
0.70402755
0.50352767
0.66551972
0.65206783
0.51666724
0.70482012
0.50125035
0.50753765
0.66532764
0.56937604
0.51188749
0.50270613
0.60473121
0.67019577
0.52129445
0.65979803
0.68681848
0.55293982
0.53034754
0.65588609
0.62939297
0.65630371
0.63251017
0.50576039
0.70402755
0.63676406
0.57087049
0.51948220
0.69141483
0.55038967
0.70076918
0.50470306
0.65504681
0.50681952
0.54495689
0.52566000
0.55458072
0.57287150
0.63035592
0.50382507
0.69842171
0.62404039
0.53330363
0.50071248
0.62599738
0.50003859
0.53370550
0.50317245
0.58912252
0.66891126
0.69764592
0.60955848
0.67055916
0.50007564
0.54407025
0.67252879
0.66416716
0.56078713
0.70195640
0.70245140
0.65483616
0.69454944
0.70427073
0.67181828
0.50044572
0.50096276
0.53972464
0.50017015
0.56054541
0.50017015
0.50012502
0.50007564
0.50003859
0.70482012
0.70452570
0.70427073
0.70402755
0.70402755
0.70245140
0.70195640
0.70076918
0.69842171
0.69764592
0.69486194
0.69454944
0.69141483
0.68995253
0.68681848
0.68036988
0.67340764
0.67252879
0.67181828
0.67055916
0.67019577
0.66946416
0.66891126
0.66891126
0.66551972
0.66532764
0.66416716
0.65979803
0.65630371
0.65588609
0.65504681
0.65483616
0.65206783
0.64344907
0.64344907
0.63676406
0.63251017
0.63035592
0.62939297
0.62891026
0.62648479
0.62599738
0.62404039
0.61660689
0.60955848
0.60473121
0.60473121
0.58912252
0.58452100
0.57968474
0.57287150
0.57087049
0.56937604
0.56887917
0.56615862
0.56078713
0.56054541
0.55458072
0.55293982
0.55038967
0.54495689
0.54495689
0.54407025
0.53972464
0.53781935
0.53370550
0.53330363
0.53034754
0.52566000
0.52334810
0.52129445
0.51948220
0.51852281
0.51773931
0.51758438
0.51666724
0.51418711
0.51376798
0.51214844
0.51188749
0.50753765
0.50681952
0.50576039
0.50470306
0.50382507
0.50352767
0.50317245
0.50270613
0.50125035
0.50104113
0.50096276
0.50088744
0.50085092
0.50071248
0.50044572
0.50044572
0.50017015
0.50017015
0.50012502
0.50012502
0.50007564
0.50007564
0.50003859
0.50003859
0.70482012
0.70482012
0.70452570
0.70452570
0.70427073
0.70427073
0.70402755
0.70402755
0.70402755
0.70402755
0.70245140
0.70245140
0.70195640
0.70195640
0.70076918
0.70076918
0.69842171
0.69842171
0.69764592
0.69764592
0.69486194
0.69486194
0.69454944
0.69454944
0.69141483
0.69141483
0.68995253
0.68995253
0.68681848
0.68681848
0.68036988
0.68036988
0.67340764
0.67340764
0.67252879
0.67252879
0.67181828
0.67181828
0.67055916
0.67055916
0.67019577
0.67019577
0.66946416
0.66946416
0.66891126
0.66891126
0.66891126
0.66891126
0.66551972
0.66551972
0.66532764
0.66532764
0.66416716
0.66416716
0.65979803
0.65979803
0.65630371
0.65630371
0.65588609
0.65588609
0.65504681
0.65504681
0.65483616
0.65483616
0.65206783
0.65206783
0.64344907
0.64344907
0.64344907
0.64344907
0.63676406
0.63676406
0.63251017
0.63251017
0.63035592
0.63035592
0.62939297
0.62939297
0.62891026
0.62891026
0.62648479
0.62648479
0.62599738
0.62599738
0.62404039
0.62404039
0.61660689
0.61660689
0.60955848
0.60955848
0.60473121
0.60473121
0.60473121
0.60473121
0.58912252
0.58912252
0.58452100
0.58452100
0.57968474
0.57968474
0.57287150
0.57287150
0.57087049
0.57087049
0.56937604
0.56937604
0.56887917
0.56887917
0.56615862
0.56615862
0.56078713
0.56078713
0.56054541
0.56054541
0.55458072
0.55458072
0.55293982
0.55293982
0.55038967
0.55038967
0.54495689
0.54495689
0.54495689
0.54495689
0.54407025
0.54407025
0.53972464
0.53972464
0.53781935
0.53781935
0.53370550
0.53370550
0.53330363
0.53330363
0.53034754
0.53034754
0.52566000
0.52566000
0.52334810
0.52334810
0.52129445
0.52129445
0.51948220
0.51948220
0.51852281
0.51852281
0.51773931
0.51773931
0.51758438
0.51758438
0.51666724
0.51666724
0.51418711
0.51418711
0.51376798
0.51376798
0.51214844
0.51214844
0.51188749
0.51188749
0.50753765
0.50753765
0.50681952
0.50681952
0.50576039
0.50576039
0.50470306
0.50470306
0.50382507
0.50382507
0.50352767
0.50352767
0.50317245
0.50317245
0.50270613
0.50270613
0.50125035
0.50125035
0.50104113
0.50104113
0.50096276
0.50096276
0.50088744
0.50088744
0.50085092
0.50085092
0.50071248
0.50071248
0.50044572
0.50044572
0.50044572
0.50044572
0.50017015
0.50017015
0.50017015
0.50017015
0.50012502
0.50012502
0.50012502
0.50012502
0.50007564
0.50007564
0.50007564
0.50007564
0.50003859
0.50003859
0.50003859
0.50003859
0.70482012
0.70482012
0.70482012
0.70482012
0.70452570
0.70452570
0.70452570
0.70452570
0.70427073
0.70427073
0.70427073
0.70427073
0.70402755
0.70402755
0.70402755
0.70402755
0.70402755
0.70402755
0.70402755
0.70402755
0.70245140
0.70245140
0.70245140
0.70245140
0.70195640
0.70195640
0.70195640
0.70195640
0.70076918
0.70076918
0.70076918
0.70076918
0.69842171
0.69842171
0.69842171
0.69842171
0.69764592
0.69764592
0.69764592
0.69764592
0.69486194
0.69486194
0.69486194
0.69486194
0.69454944
0.69454944
0.69454944
0.69454944
0.69141483
0.69141483
0.69141483
0.69141483
0.68995253
0.68995253
0.68995253
0.68995253
0.68681848
0.68681848
0.68681848
0.68681848
0.68036988
0.68036988
0.68036988
0.68036988
0.67340764
0.67340764
0.67340764
0.67340764
0.67252879
0.67252879
0.67252879
0.67252879
0.67181828
0.67181828
0.67181828
0.67181828
0.67055916
0.67055916
0.67055916
0.67055916
0.67019577
0.67019577
0.67019577
0.67019577
0.66946416
0.66946416
0.66946416
0.66946416
0.66891126
0.66891126
0.66891126
0.66891126
0.66891126
0.66891126
0.66891126
0.66891126
0.66551972
0.66551972
0.66551972
0.66551972
0.66532764
0.66532764
0.66532764
0.66532764
0.66416716
0.66416716
0.66416716
0.66416716
0.65979803
0.65979803
0.65979803
0.65979803
0.65630371
0.65630371
0.65630371
0.65630371
0.65588609
0.65588609
0.65588609
0.65588609
0.65504681
0.65504681
0.65504681
0.65504681
0.65483616
0.65483616
0.65483616
0.65483616
0.65206783
0.65206783
0.65206783
0.65206783
0.64344907
0.64344907
0.64344907
0.64344907
0.64344907
0.64344907
0.64344907
0.64344907
0.63676406
0.63676406
0.63676406
0.63676406
0.63251017
0.63251017
0.63251017
0.63251017
0.63035592
0.63035592
0.63035592
0.63035592
0.62939297
0.62939297
0.62939297
0.62939297
0.62891026
0.62891026
0.62891026
0.62891026
0.62648479
0.62648479
0.62648479
0.62648479
0.62599738
0.62599738
0.62599738
0.62599738
0.62404039
0.62404039
0.62404039
0.62404039
0.61660689
0.61660689
0.61660689
0.61660689
0.60955848
0.60955848
0.60955848
0.60955848
0.60473121
0.60473121
0.60473121
0.60473121
0.60473121
0.60473121
0.60473121
0.60473121
0.58912252
0.58912252
0.58912252
0.58912252
0.58452100
0.58452100
0.58452100
0.58452100
0.57968474
0.57968474
0.57968474
0.57968474
0.57287150
0.57287150
0.57287150
0.57287150
0.57087049
0.57087049
0.57087049
0.57087049
0.56937604
0.56937604
0.56937604
0.56937604
0.56887917
0.56887917
0.56887917
0.56887917
0.56615862
0.56615862
0.56615862
0.56615862
0.56078713
0.56078713
0.56078713
0.56078713
0.56054541
0.56054541
0.56054541
0.56054541
0.55458072
0.55458072
0.55458072
0.55458072
0.55293982
0.55293982
0.55293982
0.55293982
0.55038967
0.55038967
0.55038967
0.55038967
0.54495689
0.54495689
0.54495689
0.54495689
0.54495689
0.54495689
0.54495689
0.54495689
0.54407025
0.54407025
0.54407025
0.54407025
0.53972464
0.53972464
0.53972464
0.53972464
0.53781935
0.53781935
0.53781935
0.53781935
0.53370550
0.53370550
0.53370550
0.53370550
0.53330363
0.53330363
0.53330363
0.53330363
0.53034754
0.53034754
0.53034754
0.53034754
0.52566000
0.52566000
0.52566000
0.52566000
0.52334810
0.52334810
0.52334810
0.52334810
0.52129445
0.52129445
0.52129445
0.52129445
0.51948220
0.51948220
0.51948220
0.51948220
0.51852281
0.51852281
0.51852281
0.51852281
0.51773931
0.51773931
0.51773931
0.51773931
0.51758438
0.51758438
0.51758438
0.51758438
0.51666724
0.51666724
0.51666724
0.51666724
0.51418711
0.51418711
0.51418711
0.51418711
0.51376798
0.51376798
0.51376798
0.51376798
0.51214844
0.51214844
0.51214844
0.51214844
0.51188749
0.51188749
0.51188749
0.51188749
0.50753765
0.50753765
0.50753765
0.50753765
0.50681952
0.50681952
0.50681952
0.50681952
0.50576039
0.50576039
0.50576039
0.50576039
0.50470306
0.50470306
0.50470306
0.50470306
0.50382507
0.50382507
0.50382507
0.50382507
0.50352767
0.50352767
0.50352767
0.50352767
0.50317245
0.50317245
0.50317245
0.50317245
0.50270613
0.50270613
0.50270613
0.50270613
0.50125035
0.50125035
0.50125035
0.50125035
0.50104113
0.50104113
0.50104113
0.50104113
0.50096276
0.50096276
0.50096276
0.50096276
0.50088744
0.50088744
0.50088744
0.50088744
0.50085092
0.50085092
0.50085092
0.50085092
0.50071248
0.50071248
0.50071248
0.50071248
0.50044572
0.50044572
0.50044572
0.50044572
0.50044572
0.50044572
0.50044572
0.50044572
0.50017015
0.50017015
0.50017015
0.50017015
0.50017015
0.50017015
0.50017015
0.50017015
0.50012502
0.50012502
0.50012502
0.50012502
0.50012502
0.50012502
0.50012502
0.50012502
0.50007564
0.50007564
0.50007564
0.50007564
0.50007564
0.50007564
0.50007564
0.50007564
0.50003859
0.50003859
0.50003859
0.50003859
0.50003859
0.50003859
0.50003859
0.50003859
