0.63582531
0.51932086
0.70485975
0.64254020
0.64902640
0.66455549
0.69223512
0.51025489
0.51308203
0.68529036
0.53151754
0.59936812
0.57639393
0.50058626
0.54036685
0.64116876
0.69433857
0.67074026
0.70110026
0.70470852
0.59911224
0.63511874
0.59578333
0.70355819
0.63227168
0.50989397
0.50058626
0.59168360
0.64139800
0.60039128
0.68681848
0.57186984
0.61158131
0.50785583
0.50233540
0.63978777
0.58044647
0.60166930
0.62281150
0.50774908
0.68709018
0.63179403
0.60854473
0.70110026
0.51074540
0.64637195
0.50504403
0.52694118
0.67681797
0.65713489
0.50352767
0.70488343
0.50367491
0.70498403
0.61835363
0.57186984
0.50003859
0.68789387
0.64390184
0.53390710
0.67496326
0.55599782
0.61535513
0.50324202
0.62108398
0.67074026
0.65185262
0.67797112
0.68893865
0.70492424
0.61259022
0.54878587
0.70450265
0.66020247
0.59808840
0.70467171
0.58963456
0.66060549
0.61031780
0.69616325
0.50989397
0.54674678
0.70223677
0.51099462
0.59065893
0.67001347
0.51241198
0.50712311
0.68206524
0.56054541
0.56272882
0.50317245
0.53972464
0.57387537
0.51188749
0.59578333
0.59987978
0.66628425
0.59245225
0.68191337
0.59245225
0.59168360
0.59065893
0.58963456
0.58044647
0.57639393
0.57387537
0.57186984
0.57186984
0.56272882
0.56054541
0.55599782
0.54878587
0.54674678
0.54036685
0.53972464
0.53390710
0.53151754
0.52694118
0.51932086
0.51308203
0.51241198
0.51188749
0.51099462
0.51074540
0.51025489
0.50989397
0.50989397
0.50785583
0.50774908
0.50712311
0.50504403
0.50367491
0.50352767
0.50324202
0.50317245
0.50233540
0.50058626
0.50058626
0.50003859
0.70498403
0.70492424
0.70488343
0.70485975
0.70470852
0.70467171
0.70450265
0.70355819
0.70223677
0.70110026
0.70110026
0.69616325
0.69433857
0.69223512
0.68893865
0.68789387
0.68709018
0.68681848
0.68529036
0.68206524
0.68191337
0.67797112
0.67681797
0.67496326
0.67074026
0.67074026
0.67001347
0.66628425
0.66455549
0.66060549
0.66020247
0.65713489
0.65185262
0.64902640
0.64637195
0.64390184
0.64254020
0.64139800
0.64116876
0.63978777
0.63582531
0.63511874
0.63227168
0.63179403
0.62281150
0.62108398
0.61835363
0.61535513
0.61259022
0.61158131
0.61031780
0.60854473
0.60166930
0.60039128
0.59987978
0.59936812
0.59911224
0.59808840
0.59578333
0.59578333
0.59245225
0.59245225
0.59168360
0.59168360
0.59065893
0.59065893
0.58963456
0.58963456
0.58044647
0.58044647
0.57639393
0.57639393
0.57387537
0.57387537
0.57186984
0.57186984
0.57186984
0.57186984
0.56272882
0.56272882
0.56054541
0.56054541
0.55599782
0.55599782
0.54878587
0.54878587
0.54674678
0.54674678
0.54036685
0.54036685
0.53972464
0.53972464
0.53390710
0.53390710
0.53151754
0.53151754
0.52694118
0.52694118
0.51932086
0.51932086
0.51308203
0.51308203
0.51241198
0.51241198
0.51188749
0.51188749
0.51099462
0.51099462
0.51074540
0.51074540
0.51025489
0.51025489
0.50989397
0.50989397
0.50989397
0.50989397
0.50785583
0.50785583
0.50774908
0.50774908
0.50712311
0.50712311
0.50504403
0.50504403
0.50367491
0.50367491
0.50352767
0.50352767
0.50324202
0.50324202
0.50317245
0.50317245
0.50233540
0.50233540
0.50058626
0.50058626
0.50058626
0.50058626
0.50003859
0.50003859
