0.53719153
0.69673470
0.65816614
0.54340899
0.54992989
0.56788744
0.61284216
0.68970197
0.69235032
0.59911224
0.70189872
0.51188749
0.50296816
0.67019577
0.70389290
0.54209627
0.61760587
0.57614154
0.63676406
0.65609507
0.51175798
0.53656742
0.51013392
0.64748317
0.53410914
0.68932249
0.67019577
0.50828970
0.54231413
0.51241198
0.60192476
0.50188292
0.51884029
0.68695457
0.67698400
0.54079692
0.50413417
0.51308203
0.52657259
0.68681848
0.60243554
0.53370550
0.51697057
0.63676406
0.69020114
0.54719762
0.68281775
0.70035437
0.58503151
0.55885981
0.67989810
0.65857622
0.68021306
0.66120731
0.52334810
0.50188292
0.66474910
0.60396653
0.54473470
0.70255549
0.58222678
0.50000965
0.52129445
0.67926283
0.52529857
0.57614154
0.55293982
0.58681998
0.60600430
0.65939217
0.51948220
0.70482012
0.65399023
0.56248536
0.51124646
0.65567677
0.50743298
0.56297250
0.51805095
0.62207212
0.68932249
0.70467171
0.64116876
0.69044780
0.50785583
0.57513312
0.69176935
0.68599202
0.59347722
0.50022221
0.50041991
0.67910290
0.70378621
0.50233540
0.69129567
0.51013392
0.51214844
0.57012256
0.50862229
0.59322097
0.50862229
0.50828970
0.50785583
0.50743298
0.50413417
0.50296816
0.50233540
0.50188292
0.50188292
0.50041991
0.50022221
0.50000965
0.70482012
0.70467171
0.70389290
0.70378621
0.70255549
0.70189872
0.70035437
0.69673470
0.69235032
0.69176935
0.69129567
0.69044780
0.69020114
0.68970197
0.68932249
0.68932249
0.68695457
0.68681848
0.68599202
0.68281775
0.68021306
0.67989810
0.67926283
0.67910290
0.67698400
0.67019577
0.67019577
0.66474910
0.66120731
0.65939217
0.65857622
0.65816614
0.65609507
0.65567677
0.65399023
0.64748317
0.64116876
0.63676406
0.63676406
0.62207212
0.61760587
0.61284216
0.60600430
0.60396653
0.60243554
0.60192476
0.59911224
0.59347722
0.59322097
0.58681998
0.58503151
0.58222678
0.57614154
0.57614154
0.57513312
0.57012256
0.56788744
0.56297250
0.56248536
0.55885981
0.55293982
0.54992989
0.54719762
0.54473470
0.54340899
0.54231413
0.54209627
0.54079692
0.53719153
0.53656742
0.53410914
0.53370550
0.52657259
0.52529857
0.52334810
0.52129445
0.51948220
0.51884029
0.51805095
0.51697057
0.51308203
0.51241198
0.51214844
0.51188749
0.51175798
0.51124646
0.51013392
0.51013392
0.50862229
0.50862229
0.50828970
0.50828970
0.50785583
0.50785583
0.50743298
0.50743298
0.50413417
0.50413417
0.50296816
0.50296816
0.50233540
0.50233540
0.50188292
0.50188292
0.50188292
0.50188292
0.50041991
0.50041991
0.50022221
0.50022221
0.50000965
0.50000965
0.70482012
0.70482012
0.70467171
0.70467171
0.70389290
0.70389290
0.70378621
0.70378621
0.70255549
0.70255549
0.70189872
0.70189872
0.70035437
0.70035437
0.69673470
0.69673470
0.69235032
0.69235032
0.69176935
0.69176935
0.69129567
0.69129567
0.69044780
0.69044780
0.69020114
0.69020114
0.68970197
0.68970197
0.68932249
0.68932249
0.68932249
0.68932249
0.68695457
0.68695457
0.68681848
0.68681848
0.68599202
0.68599202
0.68281775
0.68281775
0.68021306
0.68021306
0.67989810
0.67989810
0.67926283
0.67926283
0.67910290
0.67910290
0.67698400
0.67698400
0.67019577
0.67019577
0.67019577
0.67019577
0.66474910
0.66474910
0.66120731
0.66120731
0.65939217
0.65939217
0.65857622
0.65857622
0.65816614
0.65816614
0.65609507
0.65609507
0.65567677
0.65567677
0.65399023
0.65399023
0.64748317
0.64748317
0.64116876
0.64116876
0.63676406
0.63676406
0.63676406
0.63676406
0.62207212
0.62207212
0.61760587
0.61760587
0.61284216
0.61284216
0.60600430
0.60600430
0.60396653
0.60396653
0.60243554
0.60243554
0.60192476
0.60192476
0.59911224
0.59911224
0.59347722
0.59347722
0.59322097
0.59322097
0.58681998
0.58681998
0.58503151
0.58503151
0.58222678
0.58222678
0.57614154
0.57614154
0.57614154
0.57614154
0.57513312
0.57513312
0.57012256
0.57012256
0.56788744
0.56788744
0.56297250
0.56297250
0.56248536
0.56248536
0.55885981
0.55885981
0.55293982
0.55293982
0.54992989
0.54992989
0.54719762
0.54719762
0.54473470
0.54473470
0.54340899
0.54340899
0.54231413
0.54231413
0.54209627
0.54209627
0.54079692
0.54079692
0.53719153
0.53719153
0.53656742
0.53656742
0.53410914
0.53410914
0.53370550
0.53370550
0.52657259
0.52657259
0.52529857
0.52529857
0.52334810
0.52334810
0.52129445
0.52129445
0.51948220
0.51948220
0.51884029
0.51884029
0.51805095
0.51805095
0.51697057
0.51697057
0.51308203
0.51308203
0.51241198
0.51241198
0.51214844
0.51214844
0.51188749
0.51188749
0.51175798
0.51175798
0.51124646
0.51124646
0.51013392
0.51013392
0.51013392
0.51013392
0.50862229
0.50862229
0.50862229
0.50862229
0.50828970
0.50828970
0.50828970
0.50828970
0.50785583
0.50785583
0.50785583
0.50785583
0.50743298
0.50743298
0.50743298
0.50743298
0.50413417
0.50413417
0.50413417
0.50413417
0.50296816
0.50296816
0.50296816
0.50296816
0.50233540
0.50233540
0.50233540
0.50233540
0.50188292
0.50188292
0.50188292
0.50188292
0.50188292
0.50188292
0.50188292
0.50188292
0.50041991
0.50041991
0.50041991
0.50041991
0.50022221
0.50022221
0.50022221
0.50022221
0.50000965
0.50000965
0.50000965
0.50000965
0.70482012
0.70482012
0.70482012
0.70482012
0.70467171
0.70467171
0.70467171
0.70467171
0.70389290
0.70389290
0.70389290
0.70389290
0.70378621
0.70378621
0.70378621
0.70378621
0.70255549
0.70255549
0.70255549
0.70255549
0.70189872
0.70189872
0.70189872
0.70189872
0.70035437
0.70035437
0.70035437
0.70035437
0.69673470
0.69673470
0.69673470
0.69673470
0.69235032
0.69235032
0.69235032
0.69235032
0.69176935
0.69176935
0.69176935
0.69176935
0.69129567
0.69129567
0.69129567
0.69129567
0.69044780
0.69044780
0.69044780
0.69044780
0.69020114
0.69020114
0.69020114
0.69020114
0.68970197
0.68970197
0.68970197
0.68970197
0.68932249
0.68932249
0.68932249
0.68932249
0.68932249
0.68932249
0.68932249
0.68932249
0.68695457
0.68695457
0.68695457
0.68695457
0.68681848
0.68681848
0.68681848
0.68681848
0.68599202
0.68599202
0.68599202
0.68599202
0.68281775
0.68281775
0.68281775
0.68281775
0.68021306
0.68021306
0.68021306
0.68021306
0.67989810
0.67989810
0.67989810
0.67989810
0.67926283
0.67926283
0.67926283
0.67926283
0.67910290
0.67910290
0.67910290
0.67910290
0.67698400
0.67698400
0.67698400
0.67698400
0.67019577
0.67019577
0.67019577
0.67019577
0.67019577
0.67019577
0.67019577
0.67019577
0.66474910
0.66474910
0.66474910
0.66474910
0.66120731
0.66120731
0.66120731
0.66120731
0.65939217
0.65939217
0.65939217
0.65939217
0.65857622
0.65857622
0.65857622
0.65857622
0.65816614
0.65816614
0.65816614
0.65816614
0.65609507
0.65609507
0.65609507
0.65609507
0.65567677
0.65567677
0.65567677
0.65567677
0.65399023
0.65399023
0.65399023
0.65399023
0.64748317
0.64748317
0.64748317
0.64748317
0.64116876
0.64116876
0.64116876
0.64116876
0.63676406
0.63676406
0.63676406
0.63676406
0.63676406
0.63676406
0.63676406
0.63676406
0.62207212
0.62207212
0.62207212
0.62207212
0.61760587
0.61760587
0.61760587
0.61760587
0.61284216
0.61284216
0.61284216
0.61284216
0.60600430
0.60600430
0.60600430
0.60600430
0.60396653
0.60396653
0.60396653
0.60396653
0.60243554
0.60243554
0.60243554
0.60243554
0.60192476
0.60192476
0.60192476
0.60192476
0.59911224
0.59911224
0.59911224
0.59911224
0.59347722
0.59347722
0.59347722
0.59347722
0.59322097
0.59322097
0.59322097
0.59322097
0.58681998
0.58681998
0.58681998
0.58681998
0.58503151
0.58503151
0.58503151
0.58503151
0.58222678
0.58222678
0.58222678
0.58222678
0.57614154
0.57614154
0.57614154
0.57614154
0.57614154
0.57614154
0.57614154
0.57614154
0.57513312
0.57513312
0.57513312
0.57513312
0.57012256
0.57012256
0.57012256
0.57012256
0.56788744
0.56788744
0.56788744
0.56788744
0.56297250
0.56297250
0.56297250
0.56297250
0.56248536
0.56248536
0.56248536
0.56248536
0.55885981
0.55885981
0.55885981
0.55885981
0.55293982
0.55293982
0.55293982
0.55293982
0.54992989
0.54992989
0.54992989
0.54992989
0.54719762
0.54719762
0.54719762
0.54719762
0.54473470
0.54473470
0.54473470
0.54473470
0.54340899
0.54340899
0.54340899
0.54340899
0.54231413
0.54231413
0.54231413
0.54231413
0.54209627
0.54209627
0.54209627
0.54209627
0.54079692
0.54079692
0.54079692
0.54079692
0.53719153
0.53719153
0.53719153
0.53719153
0.53656742
0.53656742
0.53656742
0.53656742
0.53410914
0.53410914
0.53410914
0.53410914
0.53370550
0.53370550
0.53370550
0.53370550
0.52657259
0.52657259
0.52657259
0.52657259
0.52529857
0.52529857
0.52529857
0.52529857
0.52334810
0.52334810
0.52334810
0.52334810
0.52129445
0.52129445
0.52129445
0.52129445
0.51948220
0.51948220
0.51948220
0.51948220
0.51884029
0.51884029
0.51884029
0.51884029
0.51805095
0.51805095
0.51805095
0.51805095
0.51697057
0.51697057
0.51697057
0.51697057
0.51308203
0.51308203
0.51308203
0.51308203
0.51241198
0.51241198
0.51241198
0.51241198
0.51214844
0.51214844
0.51214844
0.51214844
0.51188749
0.51188749
0.51188749
0.51188749
0.51175798
0.51175798
0.51175798
0.51175798
0.51124646
0.51124646
0.51124646
0.51124646
0.51013392
0.51013392
0.51013392
0.51013392
0.51013392
0.51013392
0.51013392
0.51013392
0.50862229
0.50862229
0.50862229
0.50862229
0.50862229
0.50862229
0.50862229
0.50862229
0.50828970
0.50828970
0.50828970
0.50828970
0.50828970
0.50828970
0.50828970
0.50828970
0.50785583
0.50785583
0.50785583
0.50785583
0.50785583
0.50785583
0.50785583
0.50785583
0.50743298
0.50743298
0.50743298
0.50743298
0.50743298
0.50743298
0.50743298
0.50743298
0.50413417
0.50413417
0.50413417
0.50413417
0.50413417
0.50413417
0.50413417
0.50413417
0.50296816
0.50296816
0.50296816
0.50296816
0.50296816
0.50296816
0.50296816
0.50296816
0.50233540
0.50233540
0.50233540
0.50233540
0.50233540
0.50233540
0.50233540
0.50233540
0.50188292
0.50188292
0.50188292
0.50188292
0.50188292
0.50188292
0.50188292
0.50188292
0.50188292
0.50188292
0.50188292
0.50188292
0.50188292
0.50188292
0.50188292
0.50188292
0.50041991
0.50041991
0.50041991
0.50041991
0.50041991
0.50041991
0.50041991
0.50041991
0.50022221
0.50022221
0.50022221
0.50022221
0.50022221
0.50022221
0.50022221
0.50022221
0.50000965
0.50000965
0.50000965
0.50000965
0.50000965
0.50000965
0.50000965
0.50000965
