0.54144490
0.69850531
0.66220312
0.54787636
0.55458072
0.57287150
0.61785527
0.69211942
0.69454944
0.60422149
0.70295034
0.51461186
0.50445490
0.67375626
0.70447907
0.54652185
0.62256521
0.58120898
0.64139800
0.66020247
0.51446965
0.54079692
0.51267808
0.65185262
0.53823994
0.69176935
0.67375626
0.51062178
0.54674678
0.51518687
0.60702145
0.50310361
0.52214057
0.68957596
0.68021306
0.54517943
0.50585314
0.51591946
0.53034754
0.68944946
0.60752955
0.53781935
0.52013329
0.64139800
0.69257924
0.55177625
0.68571276
0.70166265
0.59014670
0.56370477
0.68296688
0.66259888
0.68326378
0.66513517
0.52694118
0.50310361
0.66854068
0.60905179
0.54924254
0.70347784
0.58733139
0.50024110
0.52476030
0.68236761
0.52900409
0.58120898
0.55766295
0.59193981
0.61107622
0.66338599
0.52282733
0.70499130
0.65816614
0.56739260
0.51390706
0.65979803
0.50965670
0.56788744
0.52129445
0.62697144
0.69176935
0.70494136
0.64570172
0.69280616
0.51013392
0.58019247
0.69401849
0.68868034
0.59860038
0.50074594
0.50108145
0.68221665
0.70440503
0.50367491
0.69358466
0.51267808
0.51489813
0.57513312
0.51099462
0.59834441
0.51099462
0.51062178
0.51013392
0.50965670
0.50585314
0.50445490
0.50367491
0.50310361
0.50310361
0.50108145
0.50074594
0.50024110
0.70499130
0.70494136
0.70447907
0.70440503
0.70347784
0.70295034
0.70166265
0.69850531
0.69454944
0.69401849
0.69358466
0.69280616
0.69257924
0.69211942
0.69176935
0.69176935
0.68957596
0.68944946
0.68868034
0.68571276
0.68326378
0.68296688
0.68236761
0.68221665
0.68021306
0.67375626
0.67375626
0.66854068
0.66513517
0.66338599
0.66259888
0.66220312
0.66020247
0.65979803
0.65816614
0.65185262
0.64570172
0.64139800
0.64139800
0.62697144
0.62256521
0.61785527
0.61107622
0.60905179
0.60752955
0.60702145
0.60422149
0.59860038
0.59834441
0.59193981
0.59014670
0.58733139
0.58120898
0.58120898
0.58019247
0.57513312
0.57287150
0.56788744
0.56739260
0.56370477
0.55766295
0.55458072
0.55177625
0.54924254
0.54787636
0.54674678
0.54652185
0.54517943
0.54144490
0.54079692
0.53823994
0.53781935
0.53034754
0.52900409
0.52694118
0.52476030
0.52282733
0.52214057
0.52129445
0.52013329
0.51591946
0.51518687
0.51489813
0.51461186
0.51446965
0.51390706
0.51267808
0.51267808
0.51099462
0.51099462
0.51062178
0.51062178
0.51013392
0.51013392
0.50965670
0.50965670
0.50585314
0.50585314
0.50445490
0.50445490
0.50367491
0.50367491
0.50310361
0.50310361
0.50310361
0.50310361
0.50108145
0.50108145
0.50074594
0.50074594
0.50024110
0.50024110
0.70499130
0.70499130
0.70494136
0.70494136
0.70447907
0.70447907
0.70440503
0.70440503
0.70347784
0.70347784
0.70295034
0.70295034
0.70166265
0.70166265
0.69850531
0.69850531
0.69454944
0.69454944
0.69401849
0.69401849
0.69358466
0.69358466
0.69280616
0.69280616
0.69257924
0.69257924
0.69211942
0.69211942
0.69176935
0.69176935
0.69176935
0.69176935
0.68957596
0.68957596
0.68944946
0.68944946
0.68868034
0.68868034
0.68571276
0.68571276
0.68326378
0.68326378
0.68296688
0.68296688
0.68236761
0.68236761
0.68221665
0.68221665
0.68021306
0.68021306
0.67375626
0.67375626
0.67375626
0.67375626
0.66854068
0.66854068
0.66513517
0.66513517
0.66338599
0.66338599
0.66259888
0.66259888
0.66220312
0.66220312
0.66020247
0.66020247
0.65979803
0.65979803
0.65816614
0.65816614
0.65185262
0.65185262
0.64570172
0.64570172
0.64139800
0.64139800
0.64139800
0.64139800
0.62697144
0.62697144
0.62256521
0.62256521
0.61785527
0.61785527
0.61107622
0.61107622
0.60905179
0.60905179
0.60752955
0.60752955
0.60702145
0.60702145
0.60422149
0.60422149
0.59860038
0.59860038
0.59834441
0.59834441
0.59193981
0.59193981
0.59014670
0.59014670
0.58733139
0.58733139
0.58120898
0.58120898
0.58120898
0.58120898
0.58019247
0.58019247
0.57513312
0.57513312
0.57287150
0.57287150
0.56788744
0.56788744
0.56739260
0.56739260
0.56370477
0.56370477
0.55766295
0.55766295
0.55458072
0.55458072
0.55177625
0.55177625
0.54924254
0.54924254
0.54787636
0.54787636
0.54674678
0.54674678
0.54652185
0.54652185
0.54517943
0.54517943
0.54144490
0.54144490
0.54079692
0.54079692
0.53823994
0.53823994
0.53781935
0.53781935
0.53034754
0.53034754
0.52900409
0.52900409
0.52694118
0.52694118
0.52476030
0.52476030
0.52282733
0.52282733
0.52214057
0.52214057
0.52129445
0.52129445
0.52013329
0.52013329
0.51591946
0.51591946
0.51518687
0.51518687
0.51489813
0.51489813
0.51461186
0.51461186
0.51446965
0.51446965
0.51390706
0.51390706
0.51267808
0.51267808
0.51267808
0.51267808
0.51099462
0.51099462
0.51099462
0.51099462
0.51062178
0.51062178
0.51062178
0.51062178
0.51013392
0.51013392
0.51013392
0.51013392
0.50965670
0.50965670
0.50965670
0.50965670
0.50585314
0.50585314
0.50585314
0.50585314
0.50445490
0.50445490
0.50445490
0.50445490
0.50367491
0.50367491
0.50367491
0.50367491
0.50310361
0.50310361
0.50310361
0.50310361
0.50310361
0.50310361
0.50310361
0.50310361
0.50108145
0.50108145
0.50108145
0.50108145
0.50074594
0.50074594
0.50074594
0.50074594
0.50024110
0.50024110
0.50024110
0.50024110
0.70499130
0.70499130
0.70499130
0.70499130
0.70494136
0.70494136
0.70494136
0.70494136
0.70447907
0.70447907
0.70447907
0.70447907
0.70440503
0.70440503
0.70440503
0.70440503
0.70347784
0.70347784
0.70347784
0.70347784
0.70295034
0.70295034
0.70295034
0.70295034
0.70166265
0.70166265
0.70166265
0.70166265
0.69850531
0.69850531
0.69850531
0.69850531
0.69454944
0.69454944
0.69454944
0.69454944
0.69401849
0.69401849
0.69401849
0.69401849
0.69358466
0.69358466
0.69358466
0.69358466
0.69280616
0.69280616
0.69280616
0.69280616
0.69257924
0.69257924
0.69257924
0.69257924
0.69211942
0.69211942
0.69211942
0.69211942
0.69176935
0.69176935
0.69176935
0.69176935
0.69176935
0.69176935
0.69176935
0.69176935
0.68957596
0.68957596
0.68957596
0.68957596
0.68944946
0.68944946
0.68944946
0.68944946
0.68868034
0.68868034
0.68868034
0.68868034
0.68571276
0.68571276
0.68571276
0.68571276
0.68326378
0.68326378
0.68326378
0.68326378
0.68296688
0.68296688
0.68296688
0.68296688
0.68236761
0.68236761
0.68236761
0.68236761
0.68221665
0.68221665
0.68221665
0.68221665
0.68021306
0.68021306
0.68021306
0.68021306
0.67375626
0.67375626
0.67375626
0.67375626
0.67375626
0.67375626
0.67375626
0.67375626
0.66854068
0.66854068
0.66854068
0.66854068
0.66513517
0.66513517
0.66513517
0.66513517
0.66338599
0.66338599
0.66338599
0.66338599
0.66259888
0.66259888
0.66259888
0.66259888
0.66220312
0.66220312
0.66220312
0.66220312
0.66020247
0.66020247
0.66020247
0.66020247
0.65979803
0.65979803
0.65979803
0.65979803
0.65816614
0.65816614
0.65816614
0.65816614
0.65185262
0.65185262
0.65185262
0.65185262
0.64570172
0.64570172
0.64570172
0.64570172
0.64139800
0.64139800
0.64139800
0.64139800
0.64139800
0.64139800
0.64139800
0.64139800
0.62697144
0.62697144
0.62697144
0.62697144
0.62256521
0.62256521
0.62256521
0.62256521
0.61785527
0.61785527
0.61785527
0.61785527
0.61107622
0.61107622
0.61107622
0.61107622
0.60905179
0.60905179
0.60905179
0.60905179
0.60752955
0.60752955
0.60752955
0.60752955
0.60702145
0.60702145
0.60702145
0.60702145
0.60422149
0.60422149
0.60422149
0.60422149
0.59860038
0.59860038
0.59860038
0.59860038
0.59834441
0.59834441
0.59834441
0.59834441
0.59193981
0.59193981
0.59193981
0.59193981
0.59014670
0.59014670
0.59014670
0.59014670
0.58733139
0.58733139
0.58733139
0.58733139
0.58120898
0.58120898
0.58120898
0.58120898
0.58120898
0.58120898
0.58120898
0.58120898
0.58019247
0.58019247
0.58019247
0.58019247
0.57513312
0.57513312
0.57513312
0.57513312
0.57287150
0.57287150
0.57287150
0.57287150
0.56788744
0.56788744
0.56788744
0.56788744
0.56739260
0.56739260
0.56739260
0.56739260
0.56370477
0.56370477
0.56370477
0.56370477
0.55766295
0.55766295
0.55766295
0.55766295
0.55458072
0.55458072
0.55458072
0.55458072
0.55177625
0.55177625
0.55177625
0.55177625
0.54924254
0.54924254
0.54924254
0.54924254
0.54787636
0.54787636
0.54787636
0.54787636
0.54674678
0.54674678
0.54674678
0.54674678
0.54652185
0.54652185
0.54652185
0.54652185
0.54517943
0.54517943
0.54517943
0.54517943
0.54144490
0.54144490
0.54144490
0.54144490
0.54079692
0.54079692
0.54079692
0.54079692
0.53823994
0.53823994
0.53823994
0.53823994
0.53781935
0.53781935
0.53781935
0.53781935
0.53034754
0.53034754
0.53034754
0.53034754
0.52900409
0.52900409
0.52900409
0.52900409
0.52694118
0.52694118
0.52694118
0.52694118
0.52476030
0.52476030
0.52476030
0.52476030
0.52282733
0.52282733
0.52282733
0.52282733
0.52214057
0.52214057
0.52214057
0.52214057
0.52129445
0.52129445
0.52129445
0.52129445
0.52013329
0.52013329
0.52013329
0.52013329
0.51591946
0.51591946
0.51591946
0.51591946
0.51518687
0.51518687
0.51518687
0.51518687
0.51489813
0.51489813
0.51489813
0.51489813
0.51461186
0.51461186
0.51461186
0.51461186
0.51446965
0.51446965
0.51446965
0.51446965
0.51390706
0.51390706
0.51390706
0.51390706
0.51267808
0.51267808
0.51267808
0.51267808
0.51267808
0.51267808
0.51267808
0.51267808
0.51099462
0.51099462
0.51099462
0.51099462
0.51099462
0.51099462
0.51099462
0.51099462
0.51062178
0.51062178
0.51062178
0.51062178
0.51062178
0.51062178
0.51062178
0.51062178
0.51013392
0.51013392
0.51013392
0.51013392
0.51013392
0.51013392
0.51013392
0.51013392
0.50965670
0.50965670
0.50965670
0.50965670
0.50965670
0.50965670
0.50965670
0.50965670
0.50585314
0.50585314
0.50585314
0.50585314
0.50585314
0.50585314
0.50585314
0.50585314
0.50445490
0.50445490
0.50445490
0.50445490
0.50445490
0.50445490
0.50445490
0.50445490
0.50367491
0.50367491
0.50367491
0.50367491
0.50367491
0.50367491
0.50367491
0.50367491
0.50310361
0.50310361
0.50310361
0.50310361
0.50310361
0.50310361
0.50310361
0.50310361
0.50310361
0.50310361
0.50310361
0.50310361
0.50310361
0.50310361
0.50310361
0.50310361
0.50108145
0.50108145
0.50108145
0.50108145
0.50108145
0.50108145
0.50108145
0.50108145
0.50074594
0.50074594
0.50074594
0.50074594
0.50074594
0.50074594
0.50074594
0.50074594
0.50024110
0.50024110
0.50024110
0.50024110
0.50024110
0.50024110
0.50024110
0.50024110
