0.53929846
0.69764592
0.66020247
0.54562554
0.55224081
0.57037171
0.61535513
0.69093524
0.69347495
0.60166930
0.70245140
0.51321796
0.50367491
0.67199653
0.70421320
0.54429138
0.62009327
0.57867037
0.63909377
0.65816614
0.51308203
0.53866215
0.51137336
0.64968325
0.53615344
0.69057039
0.67199653
0.50942211
0.54451287
0.51376798
0.60447638
0.50245599
0.52046224
0.68828926
0.67862049
0.54296995
0.50495771
0.51446965
0.52843557
0.68815795
0.60498597
0.53574115
0.51852281
0.63909377
0.69141483
0.54947135
0.68428842
0.70103510
0.58758716
0.56127124
0.68145505
0.66060549
0.68176105
0.66318977
0.52511863
0.50245599
0.66666421
0.60651303
0.54697203
0.70304366
0.58477623
0.50008683
0.52300038
0.68083765
0.52712623
0.57867037
0.55528807
0.58937852
0.60854473
0.66140720
0.52112689
0.70493307
0.65609507
0.56492927
0.51254471
0.65775467
0.50851074
0.56542044
0.51964412
0.62453072
0.69057039
0.70483388
0.64344907
0.69165167
0.50896101
0.57765757
0.69291888
0.68735999
0.59603952
0.50044572
0.50071248
0.68068217
0.70412282
0.50296816
0.69246503
0.51137336
0.51349171
0.57262087
0.50977500
0.59578333
0.50977500
0.50942211
0.50896101
0.50851074
0.50495771
0.50367491
0.50296816
0.50245599
0.50245599
0.50071248
0.50044572
0.50008683
0.70493307
0.70483388
0.70421320
0.70412282
0.70304366
0.70245140
0.70103510
0.69764592
0.69347495
0.69291888
0.69246503
0.69165167
0.69141483
0.69093524
0.69057039
0.69057039
0.68828926
0.68815795
0.68735999
0.68428842
0.68176105
0.68145505
0.68083765
0.68068217
0.67862049
0.67199653
0.67199653
0.66666421
0.66318977
0.66140720
0.66060549
0.66020247
0.65816614
0.65775467
0.65609507
0.64968325
0.64344907
0.63909377
0.63909377
0.62453072
0.62009327
0.61535513
0.60854473
0.60651303
0.60498597
0.60447638
0.60166930
0.59603952
0.59578333
0.58937852
0.58758716
0.58477623
0.57867037
0.57867037
0.57765757
0.57262087
0.57037171
0.56542044
0.56492927
0.56127124
0.55528807
0.55224081
0.54947135
0.54697203
0.54562554
0.54451287
0.54429138
0.54296995
0.53929846
0.53866215
0.53615344
0.53574115
0.52843557
0.52712623
0.52511863
0.52300038
0.52112689
0.52046224
0.51964412
0.51852281
0.51446965
0.51376798
0.51349171
0.51321796
0.51308203
0.51254471
0.51137336
0.51137336
0.50977500
0.50977500
0.50942211
0.50942211
0.50896101
0.50896101
0.50851074
0.50851074
0.50495771
0.50495771
0.50367491
0.50367491
0.50296816
0.50296816
0.50245599
0.50245599
0.50245599
0.50245599
0.50071248
0.50071248
0.50044572
0.50044572
0.50008683
0.50008683
0.70493307
0.70493307
0.70483388
0.70483388
0.70421320
0.70421320
0.70412282
0.70412282
0.70304366
0.70304366
0.70245140
0.70245140
0.70103510
0.70103510
0.69764592
0.69764592
0.69347495
0.69347495
0.69291888
0.69291888
0.69246503
0.69246503
0.69165167
0.69165167
0.69141483
0.69141483
0.69093524
0.69093524
0.69057039
0.69057039
0.69057039
0.69057039
0.68828926
0.68828926
0.68815795
0.68815795
0.68735999
0.68735999
0.68428842
0.68428842
0.68176105
0.68176105
0.68145505
0.68145505
0.68083765
0.68083765
0.68068217
0.68068217
0.67862049
0.67862049
0.67199653
0.67199653
0.67199653
0.67199653
0.66666421
0.66666421
0.66318977
0.66318977
0.66140720
0.66140720
0.66060549
0.66060549
0.66020247
0.66020247
0.65816614
0.65816614
0.65775467
0.65775467
0.65609507
0.65609507
0.64968325
0.64968325
0.64344907
0.64344907
0.63909377
0.63909377
0.63909377
0.63909377
0.62453072
0.62453072
0.62009327
0.62009327
0.61535513
0.61535513
0.60854473
0.60854473
0.60651303
0.60651303
0.60498597
0.60498597
0.60447638
0.60447638
0.60166930
0.60166930
0.59603952
0.59603952
0.59578333
0.59578333
0.58937852
0.58937852
0.58758716
0.58758716
0.58477623
0.58477623
0.57867037
0.57867037
0.57867037
0.57867037
0.57765757
0.57765757
0.57262087
0.57262087
0.57037171
0.57037171
0.56542044
0.56542044
0.56492927
0.56492927
0.56127124
0.56127124
0.55528807
0.55528807
0.55224081
0.55224081
0.54947135
0.54947135
0.54697203
0.54697203
0.54562554
0.54562554
0.54451287
0.54451287
0.54429138
0.54429138
0.54296995
0.54296995
0.53929846
0.53929846
0.53866215
0.53866215
0.53615344
0.53615344
0.53574115
0.53574115
0.52843557
0.52843557
0.52712623
0.52712623
0.52511863
0.52511863
0.52300038
0.52300038
0.52112689
0.52112689
0.52046224
0.52046224
0.51964412
0.51964412
0.51852281
0.51852281
0.51446965
0.51446965
0.51376798
0.51376798
0.51349171
0.51349171
0.51321796
0.51321796
0.51308203
0.51308203
0.51254471
0.51254471
0.51137336
0.51137336
0.51137336
0.51137336
0.50977500
0.50977500
0.50977500
0.50977500
0.50942211
0.50942211
0.50942211
0.50942211
0.50896101
0.50896101
0.50896101
0.50896101
0.50851074
0.50851074
0.50851074
0.50851074
0.50495771
0.50495771
0.50495771
0.50495771
0.50367491
0.50367491
0.50367491
0.50367491
0.50296816
0.50296816
0.50296816
0.50296816
0.50245599
0.50245599
0.50245599
0.50245599
0.50245599
0.50245599
0.50245599
0.50245599
0.50071248
0.50071248
0.50071248
0.50071248
0.50044572
0.50044572
0.50044572
0.50044572
0.50008683
0.50008683
0.50008683
0.50008683
0.70493307
0.70493307
0.70493307
0.70493307
0.70483388
0.70483388
0.70483388
0.70483388
0.70421320
0.70421320
0.70421320
0.70421320
0.70412282
0.70412282
0.70412282
0.70412282
0.70304366
0.70304366
0.70304366
0.70304366
0.70245140
0.70245140
0.70245140
0.70245140
0.70103510
0.70103510
0.70103510
0.70103510
0.69764592
0.69764592
0.69764592
0.69764592
0.69347495
0.69347495
0.69347495
0.69347495
0.69291888
0.69291888
0.69291888
0.69291888
0.69246503
0.69246503
0.69246503
0.69246503
0.69165167
0.69165167
0.69165167
0.69165167
0.69141483
0.69141483
0.69141483
0.69141483
0.69093524
0.69093524
0.69093524
0.69093524
0.69057039
0.69057039
0.69057039
0.69057039
0.69057039
0.69057039
0.69057039
0.69057039
0.68828926
0.68828926
0.68828926
0.68828926
0.68815795
0.68815795
0.68815795
0.68815795
0.68735999
0.68735999
0.68735999
0.68735999
0.68428842
0.68428842
0.68428842
0.68428842
0.68176105
0.68176105
0.68176105
0.68176105
0.68145505
0.68145505
0.68145505
0.68145505
0.68083765
0.68083765
0.68083765
0.68083765
0.68068217
0.68068217
0.68068217
0.68068217
0.67862049
0.67862049
0.67862049
0.67862049
0.67199653
0.67199653
0.67199653
0.67199653
0.67199653
0.67199653
0.67199653
0.67199653
0.66666421
0.66666421
0.66666421
0.66666421
0.66318977
0.66318977
0.66318977
0.66318977
0.66140720
0.66140720
0.66140720
0.66140720
0.66060549
0.66060549
0.66060549
0.66060549
0.66020247
0.66020247
0.66020247
0.66020247
0.65816614
0.65816614
0.65816614
0.65816614
0.65775467
0.65775467
0.65775467
0.65775467
0.65609507
0.65609507
0.65609507
0.65609507
0.64968325
0.64968325
0.64968325
0.64968325
0.64344907
0.64344907
0.64344907
0.64344907
0.63909377
0.63909377
0.63909377
0.63909377
0.63909377
0.63909377
0.63909377
0.63909377
0.62453072
0.62453072
0.62453072
0.62453072
0.62009327
0.62009327
0.62009327
0.62009327
0.61535513
0.61535513
0.61535513
0.61535513
0.60854473
0.60854473
0.60854473
0.60854473
0.60651303
0.60651303
0.60651303
0.60651303
0.60498597
0.60498597
0.60498597
0.60498597
0.60447638
0.60447638
0.60447638
0.60447638
0.60166930
0.60166930
0.60166930
0.60166930
0.59603952
0.59603952
0.59603952
0.59603952
0.59578333
0.59578333
0.59578333
0.59578333
0.58937852
0.58937852
0.58937852
0.58937852
0.58758716
0.58758716
0.58758716
0.58758716
0.58477623
0.58477623
0.58477623
0.58477623
0.57867037
0.57867037
0.57867037
0.57867037
0.57867037
0.57867037
0.57867037
0.57867037
0.57765757
0.57765757
0.57765757
0.57765757
0.57262087
0.57262087
0.57262087
0.57262087
0.57037171
0.57037171
0.57037171
0.57037171
0.56542044
0.56542044
0.56542044
0.56542044
0.56492927
0.56492927
0.56492927
0.56492927
0.56127124
0.56127124
0.56127124
0.56127124
0.55528807
0.55528807
0.55528807
0.55528807
0.55224081
0.55224081
0.55224081
0.55224081
0.54947135
0.54947135
0.54947135
0.54947135
0.54697203
0.54697203
0.54697203
0.54697203
0.54562554
0.54562554
0.54562554
0.54562554
0.54451287
0.54451287
0.54451287
0.54451287
0.54429138
0.54429138
0.54429138
0.54429138
0.54296995
0.54296995
0.54296995
0.54296995
0.53929846
0.53929846
0.53929846
0.53929846
0.53866215
0.53866215
0.53866215
0.53866215
0.53615344
0.53615344
0.53615344
0.53615344
0.53574115
0.53574115
0.53574115
0.53574115
0.52843557
0.52843557
0.52843557
0.52843557
0.52712623
0.52712623
0.52712623
0.52712623
0.52511863
0.52511863
0.52511863
0.52511863
0.52300038
0.52300038
0.52300038
0.52300038
0.52112689
0.52112689
0.52112689
0.52112689
0.52046224
0.52046224
0.52046224
0.52046224
0.51964412
0.51964412
0.51964412
0.51964412
0.51852281
0.51852281
0.51852281
0.51852281
0.51446965
0.51446965
0.51446965
0.51446965
0.51376798
0.51376798
0.51376798
0.51376798
0.51349171
0.51349171
0.51349171
0.51349171
0.51321796
0.51321796
0.51321796
0.51321796
0.51308203
0.51308203
0.51308203
0.51308203
0.51254471
0.51254471
0.51254471
0.51254471
0.51137336
0.51137336
0.51137336
0.51137336
0.51137336
0.51137336
0.51137336
0.51137336
0.50977500
0.50977500
0.50977500
0.50977500
0.50977500
0.50977500
0.50977500
0.50977500
0.50942211
0.50942211
0.50942211
0.50942211
0.50942211
0.50942211
0.50942211
0.50942211
0.50896101
0.50896101
0.50896101
0.50896101
0.50896101
0.50896101
0.50896101
0.50896101
0.50851074
0.50851074
0.50851074
0.50851074
0.50851074
0.50851074
0.50851074
0.50851074
0.50495771
0.50495771
0.50495771
0.50495771
0.50495771
0.50495771
0.50495771
0.50495771
0.50367491
0.50367491
0.50367491
0.50367491
0.50367491
0.50367491
0.50367491
0.50367491
0.50296816
0.50296816
0.50296816
0.50296816
0.50296816
0.50296816
0.50296816
0.50296816
0.50245599
0.50245599
0.50245599
0.50245599
0.50245599
0.50245599
0.50245599
0.50245599
0.50245599
0.50245599
0.50245599
0.50245599
0.50245599
0.50245599
0.50245599
0.50245599
0.50071248
0.50071248
0.50071248
0.50071248
0.50071248
0.50071248
0.50071248
0.50071248
0.50044572
0.50044572
0.50044572
0.50044572
0.50044572
0.50044572
0.50044572
0.50044572
0.50008683
0.50008683
0.50008683
0.50008683
0.50008683
0.50008683
0.50008683
0.50008683
