0.53512590
0.69577203
0.65609507
0.54122853
0.54764978
0.56542044
0.61031780
0.68842010
0.69117602
0.59655186
0.70129252
0.51062178
0.50233540
0.66835479
0.70351829
0.53993832
0.61510438
0.57362420
0.63441006
0.65399023
0.51049882
0.53451454
0.50896101
0.64525345
0.53210880
0.68802615
0.66835479
0.50722571
0.54015239
0.51112021
0.59936812
0.50138499
0.51727629
0.68557243
0.67530432
0.53866215
0.50338338
0.51175798
0.52476030
0.68543163
0.59987978
0.53171417
0.51547807
0.63441006
0.68893865
0.54495689
0.68130138
0.69962073
0.58248142
0.55647230
0.67829668
0.65651202
0.67862049
0.65918871
0.52163124
0.50138499
0.66279622
0.60141379
0.54253237
0.70201355
0.57968474
0.70499411
0.51964412
0.67764382
0.52352276
0.57362420
0.55062001
0.58426583
0.60345643
0.65734183
0.51789484
0.70465249
0.65185262
0.56006265
0.51001361
0.65356530
0.50642452
0.56054541
0.51651648
0.61959698
0.68802615
0.70445493
0.63886193
0.68919502
0.50681952
0.57262087
0.69057039
0.68457701
0.59091507
0.50007564
0.50020408
0.67747952
0.70339533
0.50177730
0.69007707
0.50896101
0.51086968
0.56763993
0.50753765
0.59065893
0.50753765
0.50722571
0.50681952
0.50642452
0.50338338
0.50233540
0.50177730
0.50138499
0.50138499
0.50020408
0.50007564
0.70499411
0.70465249
0.70445493
0.70351829
0.70339533
0.70201355
0.70129252
0.69962073
0.69577203
0.69117602
0.69057039
0.69007707
0.68919502
0.68893865
0.68842010
0.68802615
0.68802615
0.68557243
0.68543163
0.68457701
0.68130138
0.67862049
0.67829668
0.67764382
0.67747952
0.67530432
0.66835479
0.66835479
0.66279622
0.65918871
0.65734183
0.65651202
0.65609507
0.65399023
0.65356530
0.65185262
0.64525345
0.63886193
0.63441006
0.63441006
0.61959698
0.61510438
0.61031780
0.60345643
0.60141379
0.59987978
0.59936812
0.59655186
0.59091507
0.59065893
0.58426583
0.58248142
0.57968474
0.57362420
0.57362420
0.57262087
0.56763993
0.56542044
0.56054541
0.56006265
0.55647230
0.55062001
0.54764978
0.54495689
0.54253237
0.54122853
0.54015239
0.53993832
0.53866215
0.53512590
0.53451454
0.53210880
0.53171417
0.52476030
0.52352276
0.52163124
0.51964412
0.51789484
0.51727629
0.51651648
0.51547807
0.51175798
0.51112021
0.51086968
0.51062178
0.51049882
0.51001361
0.50896101
0.50896101
0.50753765
0.50753765
0.50722571
0.50722571
0.50681952
0.50681952
0.50642452
0.50642452
0.50338338
0.50338338
0.50233540
0.50233540
0.50177730
0.50177730
0.50138499
0.50138499
0.50138499
0.50138499
0.50020408
0.50020408
0.50007564
0.50007564
0.70499411
0.70499411
0.70465249
0.70465249
0.70445493
0.70445493
0.70351829
0.70351829
0.70339533
0.70339533
0.70201355
0.70201355
0.70129252
0.70129252
0.69962073
0.69962073
0.69577203
0.69577203
0.69117602
0.69117602
0.69057039
0.69057039
0.69007707
0.69007707
0.68919502
0.68919502
0.68893865
0.68893865
0.68842010
0.68842010
0.68802615
0.68802615
0.68802615
0.68802615
0.68557243
0.68557243
0.68543163
0.68543163
0.68457701
0.68457701
0.68130138
0.68130138
0.67862049
0.67862049
0.67829668
0.67829668
0.67764382
0.67764382
0.67747952
0.67747952
0.67530432
0.67530432
0.66835479
0.66835479
0.66835479
0.66835479
0.66279622
0.66279622
0.65918871
0.65918871
0.65734183
0.65734183
0.65651202
0.65651202
0.65609507
0.65609507
0.65399023
0.65399023
0.65356530
0.65356530
0.65185262
0.65185262
0.64525345
0.64525345
0.63886193
0.63886193
0.63441006
0.63441006
0.63441006
0.63441006
0.61959698
0.61959698
0.61510438
0.61510438
0.61031780
0.61031780
0.60345643
0.60345643
0.60141379
0.60141379
0.59987978
0.59987978
0.59936812
0.59936812
0.59655186
0.59655186
0.59091507
0.59091507
0.59065893
0.59065893
0.58426583
0.58426583
0.58248142
0.58248142
0.57968474
0.57968474
0.57362420
0.57362420
0.57362420
0.57362420
0.57262087
0.57262087
0.56763993
0.56763993
0.56542044
0.56542044
0.56054541
0.56054541
0.56006265
0.56006265
0.55647230
0.55647230
0.55062001
0.55062001
0.54764978
0.54764978
0.54495689
0.54495689
0.54253237
0.54253237
0.54122853
0.54122853
0.54015239
0.54015239
0.53993832
0.53993832
0.53866215
0.53866215
0.53512590
0.53512590
0.53451454
0.53451454
0.53210880
0.53210880
0.53171417
0.53171417
0.52476030
0.52476030
0.52352276
0.52352276
0.52163124
0.52163124
0.51964412
0.51964412
0.51789484
0.51789484
0.51727629
0.51727629
0.51651648
0.51651648
0.51547807
0.51547807
0.51175798
0.51175798
0.51112021
0.51112021
0.51086968
0.51086968
0.51062178
0.51062178
0.51049882
0.51049882
0.51001361
0.51001361
0.50896101
0.50896101
0.50896101
0.50896101
0.50753765
0.50753765
0.50753765
0.50753765
0.50722571
0.50722571
0.50722571
0.50722571
0.50681952
0.50681952
0.50681952
0.50681952
0.50642452
0.50642452
0.50642452
0.50642452
0.50338338
0.50338338
0.50338338
0.50338338
0.50233540
0.50233540
0.50233540
0.50233540
0.50177730
0.50177730
0.50177730
0.50177730
0.50138499
0.50138499
0.50138499
0.50138499
0.50138499
0.50138499
0.50138499
0.50138499
0.50020408
0.50020408
0.50020408
0.50020408
0.50007564
0.50007564
0.50007564
0.50007564
0.70499411
0.70499411
0.70499411
0.70499411
0.70465249
0.70465249
0.70465249
0.70465249
0.70445493
0.70445493
0.70445493
0.70445493
0.70351829
0.70351829
0.70351829
0.70351829
0.70339533
0.70339533
0.70339533
0.70339533
0.70201355
0.70201355
0.70201355
0.70201355
0.70129252
0.70129252
0.70129252
0.70129252
0.69962073
0.69962073
0.69962073
0.69962073
0.69577203
0.69577203
0.69577203
0.69577203
0.69117602
0.69117602
0.69117602
0.69117602
0.69057039
0.69057039
0.69057039
0.69057039
0.69007707
0.69007707
0.69007707
0.69007707
0.68919502
0.68919502
0.68919502
0.68919502
0.68893865
0.68893865
0.68893865
0.68893865
0.68842010
0.68842010
0.68842010
0.68842010
0.68802615
0.68802615
0.68802615
0.68802615
0.68802615
0.68802615
0.68802615
0.68802615
0.68557243
0.68557243
0.68557243
0.68557243
0.68543163
0.68543163
0.68543163
0.68543163
0.68457701
0.68457701
0.68457701
0.68457701
0.68130138
0.68130138
0.68130138
0.68130138
0.67862049
0.67862049
0.67862049
0.67862049
0.67829668
0.67829668
0.67829668
0.67829668
0.67764382
0.67764382
0.67764382
0.67764382
0.67747952
0.67747952
0.67747952
0.67747952
0.67530432
0.67530432
0.67530432
0.67530432
0.66835479
0.66835479
0.66835479
0.66835479
0.66835479
0.66835479
0.66835479
0.66835479
0.66279622
0.66279622
0.66279622
0.66279622
0.65918871
0.65918871
0.65918871
0.65918871
0.65734183
0.65734183
0.65734183
0.65734183
0.65651202
0.65651202
0.65651202
0.65651202
0.65609507
0.65609507
0.65609507
0.65609507
0.65399023
0.65399023
0.65399023
0.65399023
0.65356530
0.65356530
0.65356530
0.65356530
0.65185262
0.65185262
0.65185262
0.65185262
0.64525345
0.64525345
0.64525345
0.64525345
0.63886193
0.63886193
0.63886193
0.63886193
0.63441006
0.63441006
0.63441006
0.63441006
0.63441006
0.63441006
0.63441006
0.63441006
0.61959698
0.61959698
0.61959698
0.61959698
0.61510438
0.61510438
0.61510438
0.61510438
0.61031780
0.61031780
0.61031780
0.61031780
0.60345643
0.60345643
0.60345643
0.60345643
0.60141379
0.60141379
0.60141379
0.60141379
0.59987978
0.59987978
0.59987978
0.59987978
0.59936812
0.59936812
0.59936812
0.59936812
0.59655186
0.59655186
0.59655186
0.59655186
0.59091507
0.59091507
0.59091507
0.59091507
0.59065893
0.59065893
0.59065893
0.59065893
0.58426583
0.58426583
0.58426583
0.58426583
0.58248142
0.58248142
0.58248142
0.58248142
0.57968474
0.57968474
0.57968474
0.57968474
0.57362420
0.57362420
0.57362420
0.57362420
0.57362420
0.57362420
0.57362420
0.57362420
0.57262087
0.57262087
0.57262087
0.57262087
0.56763993
0.56763993
0.56763993
0.56763993
0.56542044
0.56542044
0.56542044
0.56542044
0.56054541
0.56054541
0.56054541
0.56054541
0.56006265
0.56006265
0.56006265
0.56006265
0.55647230
0.55647230
0.55647230
0.55647230
0.55062001
0.55062001
0.55062001
0.55062001
0.54764978
0.54764978
0.54764978
0.54764978
0.54495689
0.54495689
0.54495689
0.54495689
0.54253237
0.54253237
0.54253237
0.54253237
0.54122853
0.54122853
0.54122853
0.54122853
0.54015239
0.54015239
0.54015239
0.54015239
0.53993832
0.53993832
0.53993832
0.53993832
0.53866215
0.53866215
0.53866215
0.53866215
0.53512590
0.53512590
0.53512590
0.53512590
0.53451454
0.53451454
0.53451454
0.53451454
0.53210880
0.53210880
0.53210880
0.53210880
0.53171417
0.53171417
0.53171417
0.53171417
0.52476030
0.52476030
0.52476030
0.52476030
0.52352276
0.52352276
0.52352276
0.52352276
0.52163124
0.52163124
0.52163124
0.52163124
0.51964412
0.51964412
0.51964412
0.51964412
0.51789484
0.51789484
0.51789484
0.51789484
0.51727629
0.51727629
0.51727629
0.51727629
0.51651648
0.51651648
0.51651648
0.51651648
0.51547807
0.51547807
0.51547807
0.51547807
0.51175798
0.51175798
0.51175798
0.51175798
0.51112021
0.51112021
0.51112021
0.51112021
0.51086968
0.51086968
0.51086968
0.51086968
0.51062178
0.51062178
0.51062178
0.51062178
0.51049882
0.51049882
0.51049882
0.51049882
0.51001361
0.51001361
0.51001361
0.51001361
0.50896101
0.50896101
0.50896101
0.50896101
0.50896101
0.50896101
0.50896101
0.50896101
0.50753765
0.50753765
0.50753765
0.50753765
0.50753765
0.50753765
0.50753765
0.50753765
0.50722571
0.50722571
0.50722571
0.50722571
0.50722571
0.50722571
0.50722571
0.50722571
0.50681952
0.50681952
0.50681952
0.50681952
0.50681952
0.50681952
0.50681952
0.50681952
0.50642452
0.50642452
0.50642452
0.50642452
0.50642452
0.50642452
0.50642452
0.50642452
0.50338338
0.50338338
0.50338338
0.50338338
0.50338338
0.50338338
0.50338338
0.50338338
0.50233540
0.50233540
0.50233540
0.50233540
0.50233540
0.50233540
0.50233540
0.50233540
0.50177730
0.50177730
0.50177730
0.50177730
0.50177730
0.50177730
0.50177730
0.50177730
0.50138499
0.50138499
0.50138499
0.50138499
0.50138499
0.50138499
0.50138499
0.50138499
0.50138499
0.50138499
0.50138499
0.50138499
0.50138499
0.50138499
0.50138499
0.50138499
0.50020408
0.50020408
0.50020408
0.50020408
0.50020408
0.50020408
0.50020408
0.50020408
0.50007564
0.50007564
0.50007564
0.50007564
0.50007564
0.50007564
0.50007564
0.50007564
