0.56962472
0.70467171
0.68311556
0.57689906
0.58426583
0.60345643
0.64637195
0.70234516
0.70339533
0.63393645
0.50041991
0.53574115
0.51916010
0.69141483
0.50221778
0.57538505
0.65055474
0.61183370
0.66666421
0.68160828
0.53553564
0.56887917
0.53290355
0.67513400
0.56591237
0.70218177
0.69141483
0.52976891
0.57563709
0.53656742
0.63652973
0.51636632
0.54607302
0.70110026
0.69567294
0.57387537
0.52180046
0.53760967
0.55647230
0.70103510
0.63699814
0.56542044
0.54340899
0.66666421
0.70255549
0.58120898
0.69899592
0.50003126
0.62058894
0.59398972
0.69737798
0.68341154
0.69755713
0.68529036
0.55224081
0.51636632
0.68776112
0.63839748
0.57841702
0.50078017
0.61785527
0.50796327
0.54947135
0.69701349
0.55481623
0.61183370
0.58758716
0.62231875
0.64024914
0.68399797
0.54697203
0.50495771
0.68005580
0.59783237
0.53471789
0.68130138
0.52824703
0.59834441
0.54495689
0.65441385
0.70218177
0.50421326
0.67019577
0.70265744
0.52900409
0.61082351
0.70317959
0.70063303
0.62866860
0.51013392
0.51124646
0.69692108
0.50204698
0.51758438
0.70299727
0.53290355
0.53615344
0.60574983
0.53034754
0.62842674
0.53034754
0.52976891
0.52900409
0.52824703
0.52180046
0.51916010
0.51758438
0.51636632
0.51636632
0.51124646
0.51013392
0.50796327
0.50495771
0.50421326
0.50221778
0.50204698
0.50078017
0.50041991
0.50003126
0.70467171
0.70339533
0.70317959
0.70299727
0.70265744
0.70255549
0.70234516
0.70218177
0.70218177
0.70110026
0.70103510
0.70063303
0.69899592
0.69755713
0.69737798
0.69701349
0.69692108
0.69567294
0.69141483
0.69141483
0.68776112
0.68529036
0.68399797
0.68341154
0.68311556
0.68160828
0.68130138
0.68005580
0.67513400
0.67019577
0.66666421
0.66666421
0.65441385
0.65055474
0.64637195
0.64024914
0.63839748
0.63699814
0.63652973
0.63393645
0.62866860
0.62842674
0.62231875
0.62058894
0.61785527
0.61183370
0.61183370
0.61082351
0.60574983
0.60345643
0.59834441
0.59783237
0.59398972
0.58758716
0.58426583
0.58120898
0.57841702
0.57689906
0.57563709
0.57538505
0.57387537
0.56962472
0.56887917
0.56591237
0.56542044
0.55647230
0.55481623
0.55224081
0.54947135
0.54697203
0.54607302
0.54495689
0.54340899
0.53760967
0.53656742
0.53615344
0.53574115
0.53553564
0.53471789
0.53290355
0.53290355
0.53034754
0.53034754
0.52976891
0.52976891
0.52900409
0.52900409
0.52824703
0.52824703
0.52180046
0.52180046
0.51916010
0.51916010
0.51758438
0.51758438
0.51636632
0.51636632
0.51636632
0.51636632
0.51124646
0.51124646
0.51013392
0.51013392
0.50796327
0.50796327
0.50495771
0.50495771
0.50421326
0.50421326
0.50221778
0.50221778
0.50204698
0.50204698
0.50078017
0.50078017
0.50041991
0.50041991
0.50003126
0.50003126
0.70467171
0.70467171
0.70339533
0.70339533
0.70317959
0.70317959
0.70299727
0.70299727
0.70265744
0.70265744
0.70255549
0.70255549
0.70234516
0.70234516
0.70218177
0.70218177
0.70218177
0.70218177
0.70110026
0.70110026
0.70103510
0.70103510
0.70063303
0.70063303
0.69899592
0.69899592
0.69755713
0.69755713
0.69737798
0.69737798
0.69701349
0.69701349
0.69692108
0.69692108
0.69567294
0.69567294
0.69141483
0.69141483
0.69141483
0.69141483
0.68776112
0.68776112
0.68529036
0.68529036
0.68399797
0.68399797
0.68341154
0.68341154
0.68311556
0.68311556
0.68160828
0.68160828
0.68130138
0.68130138
0.68005580
0.68005580
0.67513400
0.67513400
0.67019577
0.67019577
0.66666421
0.66666421
0.66666421
0.66666421
0.65441385
0.65441385
0.65055474
0.65055474
0.64637195
0.64637195
0.64024914
0.64024914
0.63839748
0.63839748
0.63699814
0.63699814
0.63652973
0.63652973
0.63393645
0.63393645
0.62866860
0.62866860
0.62842674
0.62842674
0.62231875
0.62231875
0.62058894
0.62058894
0.61785527
0.61785527
0.61183370
0.61183370
0.61183370
0.61183370
0.61082351
0.61082351
0.60574983
0.60574983
0.60345643
0.60345643
0.59834441
0.59834441
0.59783237
0.59783237
0.59398972
0.59398972
0.58758716
0.58758716
0.58426583
0.58426583
0.58120898
0.58120898
0.57841702
0.57841702
0.57689906
0.57689906
0.57563709
0.57563709
0.57538505
0.57538505
0.57387537
0.57387537
0.56962472
0.56962472
0.56887917
0.56887917
0.56591237
0.56591237
0.56542044
0.56542044
0.55647230
0.55647230
0.55481623
0.55481623
0.55224081
0.55224081
0.54947135
0.54947135
0.54697203
0.54697203
0.54607302
0.54607302
0.54495689
0.54495689
0.54340899
0.54340899
0.53760967
0.53760967
0.53656742
0.53656742
0.53615344
0.53615344
0.53574115
0.53574115
0.53553564
0.53553564
0.53471789
0.53471789
0.53290355
0.53290355
0.53290355
0.53290355
0.53034754
0.53034754
0.53034754
0.53034754
0.52976891
0.52976891
0.52976891
0.52976891
0.52900409
0.52900409
0.52900409
0.52900409
0.52824703
0.52824703
0.52824703
0.52824703
0.52180046
0.52180046
0.52180046
0.52180046
0.51916010
0.51916010
0.51916010
0.51916010
0.51758438
0.51758438
0.51758438
0.51758438
0.51636632
0.51636632
0.51636632
0.51636632
0.51636632
0.51636632
0.51636632
0.51636632
0.51124646
0.51124646
0.51124646
0.51124646
0.51013392
0.51013392
0.51013392
0.51013392
0.50796327
0.50796327
0.50796327
0.50796327
0.50495771
0.50495771
0.50495771
0.50495771
0.50421326
0.50421326
0.50421326
0.50421326
0.50221778
0.50221778
0.50221778
0.50221778
0.50204698
0.50204698
0.50204698
0.50204698
0.50078017
0.50078017
0.50078017
0.50078017
0.50041991
0.50041991
0.50041991
0.50041991
0.50003126
0.50003126
0.50003126
0.50003126
0.70467171
0.70467171
0.70467171
0.70467171
0.70339533
0.70339533
0.70339533
0.70339533
0.70317959
0.70317959
0.70317959
0.70317959
0.70299727
0.70299727
0.70299727
0.70299727
0.70265744
0.70265744
0.70265744
0.70265744
0.70255549
0.70255549
0.70255549
0.70255549
0.70234516
0.70234516
0.70234516
0.70234516
0.70218177
0.70218177
0.70218177
0.70218177
0.70218177
0.70218177
0.70218177
0.70218177
0.70110026
0.70110026
0.70110026
0.70110026
0.70103510
0.70103510
0.70103510
0.70103510
0.70063303
0.70063303
0.70063303
0.70063303
0.69899592
0.69899592
0.69899592
0.69899592
0.69755713
0.69755713
0.69755713
0.69755713
0.69737798
0.69737798
0.69737798
0.69737798
0.69701349
0.69701349
0.69701349
0.69701349
0.69692108
0.69692108
0.69692108
0.69692108
0.69567294
0.69567294
0.69567294
0.69567294
0.69141483
0.69141483
0.69141483
0.69141483
0.69141483
0.69141483
0.69141483
0.69141483
0.68776112
0.68776112
0.68776112
0.68776112
0.68529036
0.68529036
0.68529036
0.68529036
0.68399797
0.68399797
0.68399797
0.68399797
0.68341154
0.68341154
0.68341154
0.68341154
0.68311556
0.68311556
0.68311556
0.68311556
0.68160828
0.68160828
0.68160828
0.68160828
0.68130138
0.68130138
0.68130138
0.68130138
0.68005580
0.68005580
0.68005580
0.68005580
0.67513400
0.67513400
0.67513400
0.67513400
0.67019577
0.67019577
0.67019577
0.67019577
0.66666421
0.66666421
0.66666421
0.66666421
0.66666421
0.66666421
0.66666421
0.66666421
0.65441385
0.65441385
0.65441385
0.65441385
0.65055474
0.65055474
0.65055474
0.65055474
0.64637195
0.64637195
0.64637195
0.64637195
0.64024914
0.64024914
0.64024914
0.64024914
0.63839748
0.63839748
0.63839748
0.63839748
0.63699814
0.63699814
0.63699814
0.63699814
0.63652973
0.63652973
0.63652973
0.63652973
0.63393645
0.63393645
0.63393645
0.63393645
0.62866860
0.62866860
0.62866860
0.62866860
0.62842674
0.62842674
0.62842674
0.62842674
0.62231875
0.62231875
0.62231875
0.62231875
0.62058894
0.62058894
0.62058894
0.62058894
0.61785527
0.61785527
0.61785527
0.61785527
0.61183370
0.61183370
0.61183370
0.61183370
0.61183370
0.61183370
0.61183370
0.61183370
0.61082351
0.61082351
0.61082351
0.61082351
0.60574983
0.60574983
0.60574983
0.60574983
0.60345643
0.60345643
0.60345643
0.60345643
0.59834441
0.59834441
0.59834441
0.59834441
0.59783237
0.59783237
0.59783237
0.59783237
0.59398972
0.59398972
0.59398972
0.59398972
0.58758716
0.58758716
0.58758716
0.58758716
0.58426583
0.58426583
0.58426583
0.58426583
0.58120898
0.58120898
0.58120898
0.58120898
0.57841702
0.57841702
0.57841702
0.57841702
0.57689906
0.57689906
0.57689906
0.57689906
0.57563709
0.57563709
0.57563709
0.57563709
0.57538505
0.57538505
0.57538505
0.57538505
0.57387537
0.57387537
0.57387537
0.57387537
0.56962472
0.56962472
0.56962472
0.56962472
0.56887917
0.56887917
0.56887917
0.56887917
0.56591237
0.56591237
0.56591237
0.56591237
0.56542044
0.56542044
0.56542044
0.56542044
0.55647230
0.55647230
0.55647230
0.55647230
0.55481623
0.55481623
0.55481623
0.55481623
0.55224081
0.55224081
0.55224081
0.55224081
0.54947135
0.54947135
0.54947135
0.54947135
0.54697203
0.54697203
0.54697203
0.54697203
0.54607302
0.54607302
0.54607302
0.54607302
0.54495689
0.54495689
0.54495689
0.54495689
0.54340899
0.54340899
0.54340899
0.54340899
0.53760967
0.53760967
0.53760967
0.53760967
0.53656742
0.53656742
0.53656742
0.53656742
0.53615344
0.53615344
0.53615344
0.53615344
0.53574115
0.53574115
0.53574115
0.53574115
0.53553564
0.53553564
0.53553564
0.53553564
0.53471789
0.53471789
0.53471789
0.53471789
0.53290355
0.53290355
0.53290355
0.53290355
0.53290355
0.53290355
0.53290355
0.53290355
0.53034754
0.53034754
0.53034754
0.53034754
0.53034754
0.53034754
0.53034754
0.53034754
0.52976891
0.52976891
0.52976891
0.52976891
0.52976891
0.52976891
0.52976891
0.52976891
0.52900409
0.52900409
0.52900409
0.52900409
0.52900409
0.52900409
0.52900409
0.52900409
0.52824703
0.52824703
0.52824703
0.52824703
0.52824703
0.52824703
0.52824703
0.52824703
0.52180046
0.52180046
0.52180046
0.52180046
0.52180046
0.52180046
0.52180046
0.52180046
0.51916010
0.51916010
0.51916010
0.51916010
0.51916010
0.51916010
0.51916010
0.51916010
0.51758438
0.51758438
0.51758438
0.51758438
0.51758438
0.51758438
0.51758438
0.51758438
0.51636632
0.51636632
0.51636632
0.51636632
0.51636632
0.51636632
0.51636632
0.51636632
0.51636632
0.51636632
0.51636632
0.51636632
0.51636632
0.51636632
0.51636632
0.51636632
0.51124646
0.51124646
0.51124646
0.51124646
0.51124646
0.51124646
0.51124646
0.51124646
0.51013392
0.51013392
0.51013392
0.51013392
0.51013392
0.51013392
0.51013392
0.51013392
0.50796327
0.50796327
0.50796327
0.50796327
0.50796327
0.50796327
0.50796327
0.50796327
0.50495771
0.50495771
0.50495771
0.50495771
0.50495771
0.50495771
0.50495771
0.50495771
0.50421326
0.50421326
0.50421326
0.50421326
0.50421326
0.50421326
0.50421326
0.50421326
0.50221778
0.50221778
0.50221778
0.50221778
0.50221778
0.50221778
0.50221778
0.50221778
0.50204698
0.50204698
0.50204698
0.50204698
0.50204698
0.50204698
0.50204698
0.50204698
0.50078017
0.50078017
0.50078017
0.50078017
0.50078017
0.50078017
0.50078017
0.50078017
0.50041991
0.50041991
0.50041991
0.50041991
0.50041991
0.50041991
0.50041991
0.50041991
0.50003126
0.50003126
0.50003126
0.50003126
0.50003126
0.50003126
0.50003126
0.50003126
