0.56468397
0.70418362
0.68005580
0.57186984
0.57917736
0.59834441
0.64185569
0.70116488
0.70245140
0.62915172
0.50006522
0.53171417
0.51606781
0.68893865
0.50120699
0.57037171
0.64614883
0.60676728
0.66279622
0.67845880
0.53151754
0.56394927
0.52900409
0.67163963
0.56102907
0.70096942
0.68893865
0.52602350
0.57062102
0.53250527
0.63179403
0.51349171
0.54166165
0.69969647
0.69358466
0.56887917
0.51852281
0.53350434
0.55177625
0.69962073
0.63227168
0.56054541
0.53908595
0.66279622
0.70141803
0.57614154
0.69728763
0.70496903
0.61560574
0.58886654
0.69547325
0.68036988
0.69567294
0.68236761
0.54764978
0.51349171
0.68500642
0.63369930
0.57337317
0.50024110
0.61284216
0.50594660
0.54495689
0.69506774
0.55015962
0.60676728
0.58248142
0.61735633
0.63559002
0.68099267
0.54253237
0.50338338
0.67681797
0.59270849
0.53073567
0.67813412
0.52458193
0.59322097
0.54058169
0.65011962
0.70096942
0.50277053
0.66647442
0.70154141
0.52529857
0.60574983
0.70218177
0.69915527
0.62379496
0.50785583
0.50884742
0.69496510
0.50108145
0.51461186
0.70195640
0.52900409
0.53210880
0.60064698
0.52657259
0.62354935
0.52657259
0.52602350
0.52529857
0.52458193
0.51852281
0.51606781
0.51461186
0.51349171
0.51349171
0.50884742
0.50785583
0.50594660
0.50338338
0.50277053
0.50120699
0.50108145
0.50024110
0.50006522
0.70496903
0.70418362
0.70245140
0.70218177
0.70195640
0.70154141
0.70141803
0.70116488
0.70096942
0.70096942
0.69969647
0.69962073
0.69915527
0.69728763
0.69567294
0.69547325
0.69506774
0.69496510
0.69358466
0.68893865
0.68893865
0.68500642
0.68236761
0.68099267
0.68036988
0.68005580
0.67845880
0.67813412
0.67681797
0.67163963
0.66647442
0.66279622
0.66279622
0.65011962
0.64614883
0.64185569
0.63559002
0.63369930
0.63227168
0.63179403
0.62915172
0.62379496
0.62354935
0.61735633
0.61560574
0.61284216
0.60676728
0.60676728
0.60574983
0.60064698
0.59834441
0.59322097
0.59270849
0.58886654
0.58248142
0.57917736
0.57614154
0.57337317
0.57186984
0.57062102
0.57037171
0.56887917
0.56468397
0.56394927
0.56102907
0.56054541
0.55177625
0.55015962
0.54764978
0.54495689
0.54253237
0.54166165
0.54058169
0.53908595
0.53350434
0.53250527
0.53210880
0.53171417
0.53151754
0.53073567
0.52900409
0.52900409
0.52657259
0.52657259
0.52602350
0.52602350
0.52529857
0.52529857
0.52458193
0.52458193
0.51852281
0.51852281
0.51606781
0.51606781
0.51461186
0.51461186
0.51349171
0.51349171
0.51349171
0.51349171
0.50884742
0.50884742
0.50785583
0.50785583
0.50594660
0.50594660
0.50338338
0.50338338
0.50277053
0.50277053
0.50120699
0.50120699
0.50108145
0.50108145
0.50024110
0.50024110
0.50006522
0.50006522
0.70496903
0.70496903
0.70418362
0.70418362
0.70245140
0.70245140
0.70218177
0.70218177
0.70195640
0.70195640
0.70154141
0.70154141
0.70141803
0.70141803
0.70116488
0.70116488
0.70096942
0.70096942
0.70096942
0.70096942
0.69969647
0.69969647
0.69962073
0.69962073
0.69915527
0.69915527
0.69728763
0.69728763
0.69567294
0.69567294
0.69547325
0.69547325
0.69506774
0.69506774
0.69496510
0.69496510
0.69358466
0.69358466
0.68893865
0.68893865
0.68893865
0.68893865
0.68500642
0.68500642
0.68236761
0.68236761
0.68099267
0.68099267
0.68036988
0.68036988
0.68005580
0.68005580
0.67845880
0.67845880
0.67813412
0.67813412
0.67681797
0.67681797
0.67163963
0.67163963
0.66647442
0.66647442
0.66279622
0.66279622
0.66279622
0.66279622
0.65011962
0.65011962
0.64614883
0.64614883
0.64185569
0.64185569
0.63559002
0.63559002
0.63369930
0.63369930
0.63227168
0.63227168
0.63179403
0.63179403
0.62915172
0.62915172
0.62379496
0.62379496
0.62354935
0.62354935
0.61735633
0.61735633
0.61560574
0.61560574
0.61284216
0.61284216
0.60676728
0.60676728
0.60676728
0.60676728
0.60574983
0.60574983
0.60064698
0.60064698
0.59834441
0.59834441
0.59322097
0.59322097
0.59270849
0.59270849
0.58886654
0.58886654
0.58248142
0.58248142
0.57917736
0.57917736
0.57614154
0.57614154
0.57337317
0.57337317
0.57186984
0.57186984
0.57062102
0.57062102
0.57037171
0.57037171
0.56887917
0.56887917
0.56468397
0.56468397
0.56394927
0.56394927
0.56102907
0.56102907
0.56054541
0.56054541
0.55177625
0.55177625
0.55015962
0.55015962
0.54764978
0.54764978
0.54495689
0.54495689
0.54253237
0.54253237
0.54166165
0.54166165
0.54058169
0.54058169
0.53908595
0.53908595
0.53350434
0.53350434
0.53250527
0.53250527
0.53210880
0.53210880
0.53171417
0.53171417
0.53151754
0.53151754
0.53073567
0.53073567
0.52900409
0.52900409
0.52900409
0.52900409
0.52657259
0.52657259
0.52657259
0.52657259
0.52602350
0.52602350
0.52602350
0.52602350
0.52529857
0.52529857
0.52529857
0.52529857
0.52458193
0.52458193
0.52458193
0.52458193
0.51852281
0.51852281
0.51852281
0.51852281
0.51606781
0.51606781
0.51606781
0.51606781
0.51461186
0.51461186
0.51461186
0.51461186
0.51349171
0.51349171
0.51349171
0.51349171
0.51349171
0.51349171
0.51349171
0.51349171
0.50884742
0.50884742
0.50884742
0.50884742
0.50785583
0.50785583
0.50785583
0.50785583
0.50594660
0.50594660
0.50594660
0.50594660
0.50338338
0.50338338
0.50338338
0.50338338
0.50277053
0.50277053
0.50277053
0.50277053
0.50120699
0.50120699
0.50120699
0.50120699
0.50108145
0.50108145
0.50108145
0.50108145
0.50024110
0.50024110
0.50024110
0.50024110
0.50006522
0.50006522
0.50006522
0.50006522
0.70496903
0.70496903
0.70496903
0.70496903
0.70418362
0.70418362
0.70418362
0.70418362
0.70245140
0.70245140
0.70245140
0.70245140
0.70218177
0.70218177
0.70218177
0.70218177
0.70195640
0.70195640
0.70195640
0.70195640
0.70154141
0.70154141
0.70154141
0.70154141
0.70141803
0.70141803
0.70141803
0.70141803
0.70116488
0.70116488
0.70116488
0.70116488
0.70096942
0.70096942
0.70096942
0.70096942
0.70096942
0.70096942
0.70096942
0.70096942
0.69969647
0.69969647
0.69969647
0.69969647
0.69962073
0.69962073
0.69962073
0.69962073
0.69915527
0.69915527
0.69915527
0.69915527
0.69728763
0.69728763
0.69728763
0.69728763
0.69567294
0.69567294
0.69567294
0.69567294
0.69547325
0.69547325
0.69547325
0.69547325
0.69506774
0.69506774
0.69506774
0.69506774
0.69496510
0.69496510
0.69496510
0.69496510
0.69358466
0.69358466
0.69358466
0.69358466
0.68893865
0.68893865
0.68893865
0.68893865
0.68893865
0.68893865
0.68893865
0.68893865
0.68500642
0.68500642
0.68500642
0.68500642
0.68236761
0.68236761
0.68236761
0.68236761
0.68099267
0.68099267
0.68099267
0.68099267
0.68036988
0.68036988
0.68036988
0.68036988
0.68005580
0.68005580
0.68005580
0.68005580
0.67845880
0.67845880
0.67845880
0.67845880
0.67813412
0.67813412
0.67813412
0.67813412
0.67681797
0.67681797
0.67681797
0.67681797
0.67163963
0.67163963
0.67163963
0.67163963
0.66647442
0.66647442
0.66647442
0.66647442
0.66279622
0.66279622
0.66279622
0.66279622
0.66279622
0.66279622
0.66279622
0.66279622
0.65011962
0.65011962
0.65011962
0.65011962
0.64614883
0.64614883
0.64614883
0.64614883
0.64185569
0.64185569
0.64185569
0.64185569
0.63559002
0.63559002
0.63559002
0.63559002
0.63369930
0.63369930
0.63369930
0.63369930
0.63227168
0.63227168
0.63227168
0.63227168
0.63179403
0.63179403
0.63179403
0.63179403
0.62915172
0.62915172
0.62915172
0.62915172
0.62379496
0.62379496
0.62379496
0.62379496
0.62354935
0.62354935
0.62354935
0.62354935
0.61735633
0.61735633
0.61735633
0.61735633
0.61560574
0.61560574
0.61560574
0.61560574
0.61284216
0.61284216
0.61284216
0.61284216
0.60676728
0.60676728
0.60676728
0.60676728
0.60676728
0.60676728
0.60676728
0.60676728
0.60574983
0.60574983
0.60574983
0.60574983
0.60064698
0.60064698
0.60064698
0.60064698
0.59834441
0.59834441
0.59834441
0.59834441
0.59322097
0.59322097
0.59322097
0.59322097
0.59270849
0.59270849
0.59270849
0.59270849
0.58886654
0.58886654
0.58886654
0.58886654
0.58248142
0.58248142
0.58248142
0.58248142
0.57917736
0.57917736
0.57917736
0.57917736
0.57614154
0.57614154
0.57614154
0.57614154
0.57337317
0.57337317
0.57337317
0.57337317
0.57186984
0.57186984
0.57186984
0.57186984
0.57062102
0.57062102
0.57062102
0.57062102
0.57037171
0.57037171
0.57037171
0.57037171
0.56887917
0.56887917
0.56887917
0.56887917
0.56468397
0.56468397
0.56468397
0.56468397
0.56394927
0.56394927
0.56394927
0.56394927
0.56102907
0.56102907
0.56102907
0.56102907
0.56054541
0.56054541
0.56054541
0.56054541
0.55177625
0.55177625
0.55177625
0.55177625
0.55015962
0.55015962
0.55015962
0.55015962
0.54764978
0.54764978
0.54764978
0.54764978
0.54495689
0.54495689
0.54495689
0.54495689
0.54253237
0.54253237
0.54253237
0.54253237
0.54166165
0.54166165
0.54166165
0.54166165
0.54058169
0.54058169
0.54058169
0.54058169
0.53908595
0.53908595
0.53908595
0.53908595
0.53350434
0.53350434
0.53350434
0.53350434
0.53250527
0.53250527
0.53250527
0.53250527
0.53210880
0.53210880
0.53210880
0.53210880
0.53171417
0.53171417
0.53171417
0.53171417
0.53151754
0.53151754
0.53151754
0.53151754
0.53073567
0.53073567
0.53073567
0.53073567
0.52900409
0.52900409
0.52900409
0.52900409
0.52900409
0.52900409
0.52900409
0.52900409
0.52657259
0.52657259
0.52657259
0.52657259
0.52657259
0.52657259
0.52657259
0.52657259
0.52602350
0.52602350
0.52602350
0.52602350
0.52602350
0.52602350
0.52602350
0.52602350
0.52529857
0.52529857
0.52529857
0.52529857
0.52529857
0.52529857
0.52529857
0.52529857
0.52458193
0.52458193
0.52458193
0.52458193
0.52458193
0.52458193
0.52458193
0.52458193
0.51852281
0.51852281
0.51852281
0.51852281
0.51852281
0.51852281
0.51852281
0.51852281
0.51606781
0.51606781
0.51606781
0.51606781
0.51606781
0.51606781
0.51606781
0.51606781
0.51461186
0.51461186
0.51461186
0.51461186
0.51461186
0.51461186
0.51461186
0.51461186
0.51349171
0.51349171
0.51349171
0.51349171
0.51349171
0.51349171
0.51349171
0.51349171
0.51349171
0.51349171
0.51349171
0.51349171
0.51349171
0.51349171
0.51349171
0.51349171
0.50884742
0.50884742
0.50884742
0.50884742
0.50884742
0.50884742
0.50884742
0.50884742
0.50785583
0.50785583
0.50785583
0.50785583
0.50785583
0.50785583
0.50785583
0.50785583
0.50594660
0.50594660
0.50594660
0.50594660
0.50594660
0.50594660
0.50594660
0.50594660
0.50338338
0.50338338
0.50338338
0.50338338
0.50338338
0.50338338
0.50338338
0.50338338
0.50277053
0.50277053
0.50277053
0.50277053
0.50277053
0.50277053
0.50277053
0.50277053
0.50120699
0.50120699
0.50120699
0.50120699
0.50120699
0.50120699
0.50120699
0.50120699
0.50108145
0.50108145
0.50108145
0.50108145
0.50108145
0.50108145
0.50108145
0.50108145
0.50024110
0.50024110
0.50024110
0.50024110
0.50024110
0.50024110
0.50024110
0.50024110
0.50006522
0.50006522
0.50006522
0.50006522
0.50006522
0.50006522
0.50006522
0.50006522
