0.55505202
0.70255549
0.67340764
0.56199906
0.56912752
0.58809881
0.63251017
0.69816780
0.69992052
0.61934861
0.70480582
0.52422675
0.51062178
0.68341154
0.50009879
0.56054541
0.63699814
0.59655186
0.65462517
0.67163963
0.52404996
0.55434547
0.52180046
0.66416716
0.55154441
0.69790920
0.68341154
0.51916010
0.56078713
0.52493920
0.62207212
0.50851074
0.53330363
0.69625977
0.68880973
0.55909991
0.51267808
0.52584150
0.54275098
0.69616325
0.62256521
0.55108161
0.53093044
0.65462517
0.69850531
0.56615862
0.69325402
0.70429868
0.60549528
0.57867037
0.69105588
0.67375626
0.69129567
0.67598133
0.53887385
0.50851074
0.67894254
0.62404039
0.56346048
0.70494136
0.60269085
0.50277053
0.53636022
0.69057039
0.54122853
0.59655186
0.57237039
0.60727554
0.62599738
0.67444850
0.53410914
0.50112254
0.66983077
0.58248142
0.52334810
0.67128110
0.51789484
0.58299092
0.53230681
0.64116876
0.69790920
0.50078017
0.65857622
0.69867094
0.51852281
0.59552713
0.69954447
0.69557335
0.61384880
0.50413417
0.50487211
0.69044780
0.50006522
0.50942211
0.69923416
0.52180046
0.52458193
0.59040280
0.51964412
0.61359731
0.51964412
0.51916010
0.51852281
0.51789484
0.51267808
0.51062178
0.50942211
0.50851074
0.50851074
0.50487211
0.50413417
0.50277053
0.50112254
0.50078017
0.50009879
0.50006522
0.70494136
0.70480582
0.70429868
0.70255549
0.69992052
0.69954447
0.69923416
0.69867094
0.69850531
0.69816780
0.69790920
0.69790920
0.69625977
0.69616325
0.69557335
0.69325402
0.69129567
0.69105588
0.69057039
0.69044780
0.68880973
0.68341154
0.68341154
0.67894254
0.67598133
0.67444850
0.67375626
0.67340764
0.67163963
0.67128110
0.66983077
0.66416716
0.65857622
0.65462517
0.65462517
0.64116876
0.63699814
0.63251017
0.62599738
0.62404039
0.62256521
0.62207212
0.61934861
0.61384880
0.61359731
0.60727554
0.60549528
0.60269085
0.59655186
0.59655186
0.59552713
0.59040280
0.58809881
0.58299092
0.58248142
0.57867037
0.57237039
0.56912752
0.56615862
0.56346048
0.56199906
0.56078713
0.56054541
0.55909991
0.55505202
0.55434547
0.55154441
0.55108161
0.54275098
0.54122853
0.53887385
0.53636022
0.53410914
0.53330363
0.53230681
0.53093044
0.52584150
0.52493920
0.52458193
0.52422675
0.52404996
0.52334810
0.52180046
0.52180046
0.51964412
0.51964412
0.51916010
0.51916010
0.51852281
0.51852281
0.51789484
0.51789484
0.51267808
0.51267808
0.51062178
0.51062178
0.50942211
0.50942211
0.50851074
0.50851074
0.50851074
0.50851074
0.50487211
0.50487211
0.50413417
0.50413417
0.50277053
0.50277053
0.50112254
0.50112254
0.50078017
0.50078017
0.50009879
0.50009879
0.50006522
0.50006522
0.70494136
0.70494136
0.70480582
0.70480582
0.70429868
0.70429868
0.70255549
0.70255549
0.69992052
0.69992052
0.69954447
0.69954447
0.69923416
0.69923416
0.69867094
0.69867094
0.69850531
0.69850531
0.69816780
0.69816780
0.69790920
0.69790920
0.69790920
0.69790920
0.69625977
0.69625977
0.69616325
0.69616325
0.69557335
0.69557335
0.69325402
0.69325402
0.69129567
0.69129567
0.69105588
0.69105588
0.69057039
0.69057039
0.69044780
0.69044780
0.68880973
0.68880973
0.68341154
0.68341154
0.68341154
0.68341154
0.67894254
0.67894254
0.67598133
0.67598133
0.67444850
0.67444850
0.67375626
0.67375626
0.67340764
0.67340764
0.67163963
0.67163963
0.67128110
0.67128110
0.66983077
0.66983077
0.66416716
0.66416716
0.65857622
0.65857622
0.65462517
0.65462517
0.65462517
0.65462517
0.64116876
0.64116876
0.63699814
0.63699814
0.63251017
0.63251017
0.62599738
0.62599738
0.62404039
0.62404039
0.62256521
0.62256521
0.62207212
0.62207212
0.61934861
0.61934861
0.61384880
0.61384880
0.61359731
0.61359731
0.60727554
0.60727554
0.60549528
0.60549528
0.60269085
0.60269085
0.59655186
0.59655186
0.59655186
0.59655186
0.59552713
0.59552713
0.59040280
0.59040280
0.58809881
0.58809881
0.58299092
0.58299092
0.58248142
0.58248142
0.57867037
0.57867037
0.57237039
0.57237039
0.56912752
0.56912752
0.56615862
0.56615862
0.56346048
0.56346048
0.56199906
0.56199906
0.56078713
0.56078713
0.56054541
0.56054541
0.55909991
0.55909991
0.55505202
0.55505202
0.55434547
0.55434547
0.55154441
0.55154441
0.55108161
0.55108161
0.54275098
0.54275098
0.54122853
0.54122853
0.53887385
0.53887385
0.53636022
0.53636022
0.53410914
0.53410914
0.53330363
0.53330363
0.53230681
0.53230681
0.53093044
0.53093044
0.52584150
0.52584150
0.52493920
0.52493920
0.52458193
0.52458193
0.52422675
0.52422675
0.52404996
0.52404996
0.52334810
0.52334810
0.52180046
0.52180046
0.52180046
0.52180046
0.51964412
0.51964412
0.51964412
0.51964412
0.51916010
0.51916010
0.51916010
0.51916010
0.51852281
0.51852281
0.51852281
0.51852281
0.51789484
0.51789484
0.51789484
0.51789484
0.51267808
0.51267808
0.51267808
0.51267808
0.51062178
0.51062178
0.51062178
0.51062178
0.50942211
0.50942211
0.50942211
0.50942211
0.50851074
0.50851074
0.50851074
0.50851074
0.50851074
0.50851074
0.50851074
0.50851074
0.50487211
0.50487211
0.50487211
0.50487211
0.50413417
0.50413417
0.50413417
0.50413417
0.50277053
0.50277053
0.50277053
0.50277053
0.50112254
0.50112254
0.50112254
0.50112254
0.50078017
0.50078017
0.50078017
0.50078017
0.50009879
0.50009879
0.50009879
0.50009879
0.50006522
0.50006522
0.50006522
0.50006522
0.70494136
0.70494136
0.70494136
0.70494136
0.70480582
0.70480582
0.70480582
0.70480582
0.70429868
0.70429868
0.70429868
0.70429868
0.70255549
0.70255549
0.70255549
0.70255549
0.69992052
0.69992052
0.69992052
0.69992052
0.69954447
0.69954447
0.69954447
0.69954447
0.69923416
0.69923416
0.69923416
0.69923416
0.69867094
0.69867094
0.69867094
0.69867094
0.69850531
0.69850531
0.69850531
0.69850531
0.69816780
0.69816780
0.69816780
0.69816780
0.69790920
0.69790920
0.69790920
0.69790920
0.69790920
0.69790920
0.69790920
0.69790920
0.69625977
0.69625977
0.69625977
0.69625977
0.69616325
0.69616325
0.69616325
0.69616325
0.69557335
0.69557335
0.69557335
0.69557335
0.69325402
0.69325402
0.69325402
0.69325402
0.69129567
0.69129567
0.69129567
0.69129567
0.69105588
0.69105588
0.69105588
0.69105588
0.69057039
0.69057039
0.69057039
0.69057039
0.69044780
0.69044780
0.69044780
0.69044780
0.68880973
0.68880973
0.68880973
0.68880973
0.68341154
0.68341154
0.68341154
0.68341154
0.68341154
0.68341154
0.68341154
0.68341154
0.67894254
0.67894254
0.67894254
0.67894254
0.67598133
0.67598133
0.67598133
0.67598133
0.67444850
0.67444850
0.67444850
0.67444850
0.67375626
0.67375626
0.67375626
0.67375626
0.67340764
0.67340764
0.67340764
0.67340764
0.67163963
0.67163963
0.67163963
0.67163963
0.67128110
0.67128110
0.67128110
0.67128110
0.66983077
0.66983077
0.66983077
0.66983077
0.66416716
0.66416716
0.66416716
0.66416716
0.65857622
0.65857622
0.65857622
0.65857622
0.65462517
0.65462517
0.65462517
0.65462517
0.65462517
0.65462517
0.65462517
0.65462517
0.64116876
0.64116876
0.64116876
0.64116876
0.63699814
0.63699814
0.63699814
0.63699814
0.63251017
0.63251017
0.63251017
0.63251017
0.62599738
0.62599738
0.62599738
0.62599738
0.62404039
0.62404039
0.62404039
0.62404039
0.62256521
0.62256521
0.62256521
0.62256521
0.62207212
0.62207212
0.62207212
0.62207212
0.61934861
0.61934861
0.61934861
0.61934861
0.61384880
0.61384880
0.61384880
0.61384880
0.61359731
0.61359731
0.61359731
0.61359731
0.60727554
0.60727554
0.60727554
0.60727554
0.60549528
0.60549528
0.60549528
0.60549528
0.60269085
0.60269085
0.60269085
0.60269085
0.59655186
0.59655186
0.59655186
0.59655186
0.59655186
0.59655186
0.59655186
0.59655186
0.59552713
0.59552713
0.59552713
0.59552713
0.59040280
0.59040280
0.59040280
0.59040280
0.58809881
0.58809881
0.58809881
0.58809881
0.58299092
0.58299092
0.58299092
0.58299092
0.58248142
0.58248142
0.58248142
0.58248142
0.57867037
0.57867037
0.57867037
0.57867037
0.57237039
0.57237039
0.57237039
0.57237039
0.56912752
0.56912752
0.56912752
0.56912752
0.56615862
0.56615862
0.56615862
0.56615862
0.56346048
0.56346048
0.56346048
0.56346048
0.56199906
0.56199906
0.56199906
0.56199906
0.56078713
0.56078713
0.56078713
0.56078713
0.56054541
0.56054541
0.56054541
0.56054541
0.55909991
0.55909991
0.55909991
0.55909991
0.55505202
0.55505202
0.55505202
0.55505202
0.55434547
0.55434547
0.55434547
0.55434547
0.55154441
0.55154441
0.55154441
0.55154441
0.55108161
0.55108161
0.55108161
0.55108161
0.54275098
0.54275098
0.54275098
0.54275098
0.54122853
0.54122853
0.54122853
0.54122853
0.53887385
0.53887385
0.53887385
0.53887385
0.53636022
0.53636022
0.53636022
0.53636022
0.53410914
0.53410914
0.53410914
0.53410914
0.53330363
0.53330363
0.53330363
0.53330363
0.53230681
0.53230681
0.53230681
0.53230681
0.53093044
0.53093044
0.53093044
0.53093044
0.52584150
0.52584150
0.52584150
0.52584150
0.52493920
0.52493920
0.52493920
0.52493920
0.52458193
0.52458193
0.52458193
0.52458193
0.52422675
0.52422675
0.52422675
0.52422675
0.52404996
0.52404996
0.52404996
0.52404996
0.52334810
0.52334810
0.52334810
0.52334810
0.52180046
0.52180046
0.52180046
0.52180046
0.52180046
0.52180046
0.52180046
0.52180046
0.51964412
0.51964412
0.51964412
0.51964412
0.51964412
0.51964412
0.51964412
0.51964412
0.51916010
0.51916010
0.51916010
0.51916010
0.51916010
0.51916010
0.51916010
0.51916010
0.51852281
0.51852281
0.51852281
0.51852281
0.51852281
0.51852281
0.51852281
0.51852281
0.51789484
0.51789484
0.51789484
0.51789484
0.51789484
0.51789484
0.51789484
0.51789484
0.51267808
0.51267808
0.51267808
0.51267808
0.51267808
0.51267808
0.51267808
0.51267808
0.51062178
0.51062178
0.51062178
0.51062178
0.51062178
0.51062178
0.51062178
0.51062178
0.50942211
0.50942211
0.50942211
0.50942211
0.50942211
0.50942211
0.50942211
0.50942211
0.50851074
0.50851074
0.50851074
0.50851074
0.50851074
0.50851074
0.50851074
0.50851074
0.50851074
0.50851074
0.50851074
0.50851074
0.50851074
0.50851074
0.50851074
0.50851074
0.50487211
0.50487211
0.50487211
0.50487211
0.50487211
0.50487211
0.50487211
0.50487211
0.50413417
0.50413417
0.50413417
0.50413417
0.50413417
0.50413417
0.50413417
0.50413417
0.50277053
0.50277053
0.50277053
0.50277053
0.50277053
0.50277053
0.50277053
0.50277053
0.50112254
0.50112254
0.50112254
0.50112254
0.50112254
0.50112254
0.50112254
0.50112254
0.50078017
0.50078017
0.50078017
0.50078017
0.50078017
0.50078017
0.50078017
0.50078017
0.50009879
0.50009879
0.50009879
0.50009879
0.50009879
0.50009879
0.50009879
0.50009879
0.50006522
0.50006522
0.50006522
0.50006522
0.50006522
0.50006522
0.50006522
0.50006522
