0.55270653
0.70201355
0.67163963
0.55958081
0.56665167
0.58554225
0.63011550
0.69728763
0.69915527
0.61685684
0.70463272
0.52248286
0.50942211
0.68191337
0.50001389
0.55814097
0.63464652
0.59398972
0.65249728
0.66983077
0.52231144
0.55200838
0.52013329
0.66220312
0.54924254
0.69701349
0.68191337
0.51758438
0.55838034
0.52317397
0.61959698
0.50743298
0.53132137
0.69527151
0.68749417
0.55670992
0.51137336
0.52404996
0.54058169
0.69516988
0.62009327
0.54878587
0.52900409
0.65249728
0.69764592
0.56370477
0.69211942
0.70399470
0.60294610
0.57614154
0.68982749
0.67199653
0.69007707
0.67427607
0.53677504
0.50743298
0.67731478
0.62157838
0.56102907
0.70483388
0.60013555
0.50216010
0.53431162
0.68932249
0.53908595
0.59398972
0.56987356
0.60473121
0.62354935
0.67270539
0.53210880
0.50074594
0.66798184
0.57993856
0.52163124
0.66946416
0.51636632
0.58044647
0.53034754
0.63886193
0.69701349
0.50047230
0.65651202
0.69782196
0.51697057
0.59296473
0.69875297
0.69454944
0.61132882
0.50338338
0.50405580
0.68919502
0.50000347
0.50828970
0.69842171
0.52013329
0.52282733
0.58784296
0.51805095
0.61107622
0.51805095
0.51758438
0.51697057
0.51636632
0.51137336
0.50942211
0.50828970
0.50743298
0.50743298
0.50405580
0.50338338
0.50216010
0.50074594
0.50047230
0.50001389
0.50000347
0.70483388
0.70463272
0.70399470
0.70201355
0.69915527
0.69875297
0.69842171
0.69782196
0.69764592
0.69728763
0.69701349
0.69701349
0.69527151
0.69516988
0.69454944
0.69211942
0.69007707
0.68982749
0.68932249
0.68919502
0.68749417
0.68191337
0.68191337
0.67731478
0.67427607
0.67270539
0.67199653
0.67163963
0.66983077
0.66946416
0.66798184
0.66220312
0.65651202
0.65249728
0.65249728
0.63886193
0.63464652
0.63011550
0.62354935
0.62157838
0.62009327
0.61959698
0.61685684
0.61132882
0.61107622
0.60473121
0.60294610
0.60013555
0.59398972
0.59398972
0.59296473
0.58784296
0.58554225
0.58044647
0.57993856
0.57614154
0.56987356
0.56665167
0.56370477
0.56102907
0.55958081
0.55838034
0.55814097
0.55670992
0.55270653
0.55200838
0.54924254
0.54878587
0.54058169
0.53908595
0.53677504
0.53431162
0.53210880
0.53132137
0.53034754
0.52900409
0.52404996
0.52317397
0.52282733
0.52248286
0.52231144
0.52163124
0.52013329
0.52013329
0.51805095
0.51805095
0.51758438
0.51758438
0.51697057
0.51697057
0.51636632
0.51636632
0.51137336
0.51137336
0.50942211
0.50942211
0.50828970
0.50828970
0.50743298
0.50743298
0.50743298
0.50743298
0.50405580
0.50405580
0.50338338
0.50338338
0.50216010
0.50216010
0.50074594
0.50074594
0.50047230
0.50047230
0.50001389
0.50001389
0.50000347
0.50000347
0.70483388
0.70483388
0.70463272
0.70463272
0.70399470
0.70399470
0.70201355
0.70201355
0.69915527
0.69915527
0.69875297
0.69875297
0.69842171
0.69842171
0.69782196
0.69782196
0.69764592
0.69764592
0.69728763
0.69728763
0.69701349
0.69701349
0.69701349
0.69701349
0.69527151
0.69527151
0.69516988
0.69516988
0.69454944
0.69454944
0.69211942
0.69211942
0.69007707
0.69007707
0.68982749
0.68982749
0.68932249
0.68932249
0.68919502
0.68919502
0.68749417
0.68749417
0.68191337
0.68191337
0.68191337
0.68191337
0.67731478
0.67731478
0.67427607
0.67427607
0.67270539
0.67270539
0.67199653
0.67199653
0.67163963
0.67163963
0.66983077
0.66983077
0.66946416
0.66946416
0.66798184
0.66798184
0.66220312
0.66220312
0.65651202
0.65651202
0.65249728
0.65249728
0.65249728
0.65249728
0.63886193
0.63886193
0.63464652
0.63464652
0.63011550
0.63011550
0.62354935
0.62354935
0.62157838
0.62157838
0.62009327
0.62009327
0.61959698
0.61959698
0.61685684
0.61685684
0.61132882
0.61132882
0.61107622
0.61107622
0.60473121
0.60473121
0.60294610
0.60294610
0.60013555
0.60013555
0.59398972
0.59398972
0.59398972
0.59398972
0.59296473
0.59296473
0.58784296
0.58784296
0.58554225
0.58554225
0.58044647
0.58044647
0.57993856
0.57993856
0.57614154
0.57614154
0.56987356
0.56987356
0.56665167
0.56665167
0.56370477
0.56370477
0.56102907
0.56102907
0.55958081
0.55958081
0.55838034
0.55838034
0.55814097
0.55814097
0.55670992
0.55670992
0.55270653
0.55270653
0.55200838
0.55200838
0.54924254
0.54924254
0.54878587
0.54878587
0.54058169
0.54058169
0.53908595
0.53908595
0.53677504
0.53677504
0.53431162
0.53431162
0.53210880
0.53210880
0.53132137
0.53132137
0.53034754
0.53034754
0.52900409
0.52900409
0.52404996
0.52404996
0.52317397
0.52317397
0.52282733
0.52282733
0.52248286
0.52248286
0.52231144
0.52231144
0.52163124
0.52163124
0.52013329
0.52013329
0.52013329
0.52013329
0.51805095
0.51805095
0.51805095
0.51805095
0.51758438
0.51758438
0.51758438
0.51758438
0.51697057
0.51697057
0.51697057
0.51697057
0.51636632
0.51636632
0.51636632
0.51636632
0.51137336
0.51137336
0.51137336
0.51137336
0.50942211
0.50942211
0.50942211
0.50942211
0.50828970
0.50828970
0.50828970
0.50828970
0.50743298
0.50743298
0.50743298
0.50743298
0.50743298
0.50743298
0.50743298
0.50743298
0.50405580
0.50405580
0.50405580
0.50405580
0.50338338
0.50338338
0.50338338
0.50338338
0.50216010
0.50216010
0.50216010
0.50216010
0.50074594
0.50074594
0.50074594
0.50074594
0.50047230
0.50047230
0.50047230
0.50047230
0.50001389
0.50001389
0.50001389
0.50001389
0.50000347
0.50000347
0.50000347
0.50000347
0.70483388
0.70483388
0.70483388
0.70483388
0.70463272
0.70463272
0.70463272
0.70463272
0.70399470
0.70399470
0.70399470
0.70399470
0.70201355
0.70201355
0.70201355
0.70201355
0.69915527
0.69915527
0.69915527
0.69915527
0.69875297
0.69875297
0.69875297
0.69875297
0.69842171
0.69842171
0.69842171
0.69842171
0.69782196
0.69782196
0.69782196
0.69782196
0.69764592
0.69764592
0.69764592
0.69764592
0.69728763
0.69728763
0.69728763
0.69728763
0.69701349
0.69701349
0.69701349
0.69701349
0.69701349
0.69701349
0.69701349
0.69701349
0.69527151
0.69527151
0.69527151
0.69527151
0.69516988
0.69516988
0.69516988
0.69516988
0.69454944
0.69454944
0.69454944
0.69454944
0.69211942
0.69211942
0.69211942
0.69211942
0.69007707
0.69007707
0.69007707
0.69007707
0.68982749
0.68982749
0.68982749
0.68982749
0.68932249
0.68932249
0.68932249
0.68932249
0.68919502
0.68919502
0.68919502
0.68919502
0.68749417
0.68749417
0.68749417
0.68749417
0.68191337
0.68191337
0.68191337
0.68191337
0.68191337
0.68191337
0.68191337
0.68191337
0.67731478
0.67731478
0.67731478
0.67731478
0.67427607
0.67427607
0.67427607
0.67427607
0.67270539
0.67270539
0.67270539
0.67270539
0.67199653
0.67199653
0.67199653
0.67199653
0.67163963
0.67163963
0.67163963
0.67163963
0.66983077
0.66983077
0.66983077
0.66983077
0.66946416
0.66946416
0.66946416
0.66946416
0.66798184
0.66798184
0.66798184
0.66798184
0.66220312
0.66220312
0.66220312
0.66220312
0.65651202
0.65651202
0.65651202
0.65651202
0.65249728
0.65249728
0.65249728
0.65249728
0.65249728
0.65249728
0.65249728
0.65249728
0.63886193
0.63886193
0.63886193
0.63886193
0.63464652
0.63464652
0.63464652
0.63464652
0.63011550
0.63011550
0.63011550
0.63011550
0.62354935
0.62354935
0.62354935
0.62354935
0.62157838
0.62157838
0.62157838
0.62157838
0.62009327
0.62009327
0.62009327
0.62009327
0.61959698
0.61959698
0.61959698
0.61959698
0.61685684
0.61685684
0.61685684
0.61685684
0.61132882
0.61132882
0.61132882
0.61132882
0.61107622
0.61107622
0.61107622
0.61107622
0.60473121
0.60473121
0.60473121
0.60473121
0.60294610
0.60294610
0.60294610
0.60294610
0.60013555
0.60013555
0.60013555
0.60013555
0.59398972
0.59398972
0.59398972
0.59398972
0.59398972
0.59398972
0.59398972
0.59398972
0.59296473
0.59296473
0.59296473
0.59296473
0.58784296
0.58784296
0.58784296
0.58784296
0.58554225
0.58554225
0.58554225
0.58554225
0.58044647
0.58044647
0.58044647
0.58044647
0.57993856
0.57993856
0.57993856
0.57993856
0.57614154
0.57614154
0.57614154
0.57614154
0.56987356
0.56987356
0.56987356
0.56987356
0.56665167
0.56665167
0.56665167
0.56665167
0.56370477
0.56370477
0.56370477
0.56370477
0.56102907
0.56102907
0.56102907
0.56102907
0.55958081
0.55958081
0.55958081
0.55958081
0.55838034
0.55838034
0.55838034
0.55838034
0.55814097
0.55814097
0.55814097
0.55814097
0.55670992
0.55670992
0.55670992
0.55670992
0.55270653
0.55270653
0.55270653
0.55270653
0.55200838
0.55200838
0.55200838
0.55200838
0.54924254
0.54924254
0.54924254
0.54924254
0.54878587
0.54878587
0.54878587
0.54878587
0.54058169
0.54058169
0.54058169
0.54058169
0.53908595
0.53908595
0.53908595
0.53908595
0.53677504
0.53677504
0.53677504
0.53677504
0.53431162
0.53431162
0.53431162
0.53431162
0.53210880
0.53210880
0.53210880
0.53210880
0.53132137
0.53132137
0.53132137
0.53132137
0.53034754
0.53034754
0.53034754
0.53034754
0.52900409
0.52900409
0.52900409
0.52900409
0.52404996
0.52404996
0.52404996
0.52404996
0.52317397
0.52317397
0.52317397
0.52317397
0.52282733
0.52282733
0.52282733
0.52282733
0.52248286
0.52248286
0.52248286
0.52248286
0.52231144
0.52231144
0.52231144
0.52231144
0.52163124
0.52163124
0.52163124
0.52163124
0.52013329
0.52013329
0.52013329
0.52013329
0.52013329
0.52013329
0.52013329
0.52013329
0.51805095
0.51805095
0.51805095
0.51805095
0.51805095
0.51805095
0.51805095
0.51805095
0.51758438
0.51758438
0.51758438
0.51758438
0.51758438
0.51758438
0.51758438
0.51758438
0.51697057
0.51697057
0.51697057
0.51697057
0.51697057
0.51697057
0.51697057
0.51697057
0.51636632
0.51636632
0.51636632
0.51636632
0.51636632
0.51636632
0.51636632
0.51636632
0.51137336
0.51137336
0.51137336
0.51137336
0.51137336
0.51137336
0.51137336
0.51137336
0.50942211
0.50942211
0.50942211
0.50942211
0.50942211
0.50942211
0.50942211
0.50942211
0.50828970
0.50828970
0.50828970
0.50828970
0.50828970
0.50828970
0.50828970
0.50828970
0.50743298
0.50743298
0.50743298
0.50743298
0.50743298
0.50743298
0.50743298
0.50743298
0.50743298
0.50743298
0.50743298
0.50743298
0.50743298
0.50743298
0.50743298
0.50743298
0.50405580
0.50405580
0.50405580
0.50405580
0.50405580
0.50405580
0.50405580
0.50405580
0.50338338
0.50338338
0.50338338
0.50338338
0.50338338
0.50338338
0.50338338
0.50338338
0.50216010
0.50216010
0.50216010
0.50216010
0.50216010
0.50216010
0.50216010
0.50216010
0.50074594
0.50074594
0.50074594
0.50074594
0.50074594
0.50074594
0.50074594
0.50074594
0.50047230
0.50047230
0.50047230
0.50047230
0.50047230
0.50047230
0.50047230
0.50047230
0.50001389
0.50001389
0.50001389
0.50001389
0.50001389
0.50001389
0.50001389
0.50001389
0.50000347
0.50000347
0.50000347
0.50000347
0.50000347
0.50000347
0.50000347
0.50000347
