0.56224210
0.70385788
0.67845880
0.56937604
0.57664644
0.59578333
0.63955669
0.70049476
0.70189872
0.62672821
0.50000347
0.52976891
0.51461186
0.68762788
0.50081516
0.56788744
0.64390184
0.60422149
0.66080646
0.67681797
0.52957698
0.56151363
0.52712623
0.66983077
0.55861996
0.70028339
0.68762788
0.52422675
0.56813511
0.53054137
0.62939297
0.51214844
0.53951135
0.69891546
0.69246503
0.56640505
0.51697057
0.53151754
0.54947135
0.69883448
0.62987486
0.55814097
0.53698308
0.66080646
0.70076918
0.57362420
0.69635579
0.70488343
0.61309400
0.58630875
0.69444426
0.67878173
0.69465411
0.68083765
0.54540231
0.51214844
0.68355884
0.63131552
0.57087049
0.50008683
0.61031780
0.50504403
0.54275098
0.69401849
0.54787636
0.60422149
0.57993856
0.61485351
0.63322432
0.67942231
0.54036685
0.50270613
0.67513400
0.59014670
0.52881410
0.67648460
0.52282733
0.59065893
0.53845084
0.64792560
0.70028339
0.50216010
0.66455549
0.70090320
0.52352276
0.60320130
0.70160230
0.69833760
0.62133126
0.50681952
0.50774908
0.69391079
0.50071248
0.51321796
0.70135554
0.52712623
0.53015419
0.59808840
0.52476030
0.62108398
0.52476030
0.52422675
0.52352276
0.52282733
0.51697057
0.51461186
0.51321796
0.51214844
0.51214844
0.50774908
0.50681952
0.50504403
0.50270613
0.50216010
0.50081516
0.50071248
0.50008683
0.50000347
0.70488343
0.70385788
0.70189872
0.70160230
0.70135554
0.70090320
0.70076918
0.70049476
0.70028339
0.70028339
0.69891546
0.69883448
0.69833760
0.69635579
0.69465411
0.69444426
0.69401849
0.69391079
0.69246503
0.68762788
0.68762788
0.68355884
0.68083765
0.67942231
0.67878173
0.67845880
0.67681797
0.67648460
0.67513400
0.66983077
0.66455549
0.66080646
0.66080646
0.64792560
0.64390184
0.63955669
0.63322432
0.63131552
0.62987486
0.62939297
0.62672821
0.62133126
0.62108398
0.61485351
0.61309400
0.61031780
0.60422149
0.60422149
0.60320130
0.59808840
0.59578333
0.59065893
0.59014670
0.58630875
0.57993856
0.57664644
0.57362420
0.57087049
0.56937604
0.56813511
0.56788744
0.56640505
0.56224210
0.56151363
0.55861996
0.55814097
0.54947135
0.54787636
0.54540231
0.54275098
0.54036685
0.53951135
0.53845084
0.53698308
0.53151754
0.53054137
0.53015419
0.52976891
0.52957698
0.52881410
0.52712623
0.52712623
0.52476030
0.52476030
0.52422675
0.52422675
0.52352276
0.52352276
0.52282733
0.52282733
0.51697057
0.51697057
0.51461186
0.51461186
0.51321796
0.51321796
0.51214844
0.51214844
0.51214844
0.51214844
0.50774908
0.50774908
0.50681952
0.50681952
0.50504403
0.50504403
0.50270613
0.50270613
0.50216010
0.50216010
0.50081516
0.50081516
0.50071248
0.50071248
0.50008683
0.50008683
0.50000347
0.50000347
0.70488343
0.70488343
0.70385788
0.70385788
0.70189872
0.70189872
0.70160230
0.70160230
0.70135554
0.70135554
0.70090320
0.70090320
0.70076918
0.70076918
0.70049476
0.70049476
0.70028339
0.70028339
0.70028339
0.70028339
0.69891546
0.69891546
0.69883448
0.69883448
0.69833760
0.69833760
0.69635579
0.69635579
0.69465411
0.69465411
0.69444426
0.69444426
0.69401849
0.69401849
0.69391079
0.69391079
0.69246503
0.69246503
0.68762788
0.68762788
0.68762788
0.68762788
0.68355884
0.68355884
0.68083765
0.68083765
0.67942231
0.67942231
0.67878173
0.67878173
0.67845880
0.67845880
0.67681797
0.67681797
0.67648460
0.67648460
0.67513400
0.67513400
0.66983077
0.66983077
0.66455549
0.66455549
0.66080646
0.66080646
0.66080646
0.66080646
0.64792560
0.64792560
0.64390184
0.64390184
0.63955669
0.63955669
0.63322432
0.63322432
0.63131552
0.63131552
0.62987486
0.62987486
0.62939297
0.62939297
0.62672821
0.62672821
0.62133126
0.62133126
0.62108398
0.62108398
0.61485351
0.61485351
0.61309400
0.61309400
0.61031780
0.61031780
0.60422149
0.60422149
0.60422149
0.60422149
0.60320130
0.60320130
0.59808840
0.59808840
0.59578333
0.59578333
0.59065893
0.59065893
0.59014670
0.59014670
0.58630875
0.58630875
0.57993856
0.57993856
0.57664644
0.57664644
0.57362420
0.57362420
0.57087049
0.57087049
0.56937604
0.56937604
0.56813511
0.56813511
0.56788744
0.56788744
0.56640505
0.56640505
0.56224210
0.56224210
0.56151363
0.56151363
0.55861996
0.55861996
0.55814097
0.55814097
0.54947135
0.54947135
0.54787636
0.54787636
0.54540231
0.54540231
0.54275098
0.54275098
0.54036685
0.54036685
0.53951135
0.53951135
0.53845084
0.53845084
0.53698308
0.53698308
0.53151754
0.53151754
0.53054137
0.53054137
0.53015419
0.53015419
0.52976891
0.52976891
0.52957698
0.52957698
0.52881410
0.52881410
0.52712623
0.52712623
0.52712623
0.52712623
0.52476030
0.52476030
0.52476030
0.52476030
0.52422675
0.52422675
0.52422675
0.52422675
0.52352276
0.52352276
0.52352276
0.52352276
0.52282733
0.52282733
0.52282733
0.52282733
0.51697057
0.51697057
0.51697057
0.51697057
0.51461186
0.51461186
0.51461186
0.51461186
0.51321796
0.51321796
0.51321796
0.51321796
0.51214844
0.51214844
0.51214844
0.51214844
0.51214844
0.51214844
0.51214844
0.51214844
0.50774908
0.50774908
0.50774908
0.50774908
0.50681952
0.50681952
0.50681952
0.50681952
0.50504403
0.50504403
0.50504403
0.50504403
0.50270613
0.50270613
0.50270613
0.50270613
0.50216010
0.50216010
0.50216010
0.50216010
0.50081516
0.50081516
0.50081516
0.50081516
0.50071248
0.50071248
0.50071248
0.50071248
0.50008683
0.50008683
0.50008683
0.50008683
0.50000347
0.50000347
0.50000347
0.50000347
0.70488343
0.70488343
0.70488343
0.70488343
0.70385788
0.70385788
0.70385788
0.70385788
0.70189872
0.70189872
0.70189872
0.70189872
0.70160230
0.70160230
0.70160230
0.70160230
0.70135554
0.70135554
0.70135554
0.70135554
0.70090320
0.70090320
0.70090320
0.70090320
0.70076918
0.70076918
0.70076918
0.70076918
0.70049476
0.70049476
0.70049476
0.70049476
0.70028339
0.70028339
0.70028339
0.70028339
0.70028339
0.70028339
0.70028339
0.70028339
0.69891546
0.69891546
0.69891546
0.69891546
0.69883448
0.69883448
0.69883448
0.69883448
0.69833760
0.69833760
0.69833760
0.69833760
0.69635579
0.69635579
0.69635579
0.69635579
0.69465411
0.69465411
0.69465411
0.69465411
0.69444426
0.69444426
0.69444426
0.69444426
0.69401849
0.69401849
0.69401849
0.69401849
0.69391079
0.69391079
0.69391079
0.69391079
0.69246503
0.69246503
0.69246503
0.69246503
0.68762788
0.68762788
0.68762788
0.68762788
0.68762788
0.68762788
0.68762788
0.68762788
0.68355884
0.68355884
0.68355884
0.68355884
0.68083765
0.68083765
0.68083765
0.68083765
0.67942231
0.67942231
0.67942231
0.67942231
0.67878173
0.67878173
0.67878173
0.67878173
0.67845880
0.67845880
0.67845880
0.67845880
0.67681797
0.67681797
0.67681797
0.67681797
0.67648460
0.67648460
0.67648460
0.67648460
0.67513400
0.67513400
0.67513400
0.67513400
0.66983077
0.66983077
0.66983077
0.66983077
0.66455549
0.66455549
0.66455549
0.66455549
0.66080646
0.66080646
0.66080646
0.66080646
0.66080646
0.66080646
0.66080646
0.66080646
0.64792560
0.64792560
0.64792560
0.64792560
0.64390184
0.64390184
0.64390184
0.64390184
0.63955669
0.63955669
0.63955669
0.63955669
0.63322432
0.63322432
0.63322432
0.63322432
0.63131552
0.63131552
0.63131552
0.63131552
0.62987486
0.62987486
0.62987486
0.62987486
0.62939297
0.62939297
0.62939297
0.62939297
0.62672821
0.62672821
0.62672821
0.62672821
0.62133126
0.62133126
0.62133126
0.62133126
0.62108398
0.62108398
0.62108398
0.62108398
0.61485351
0.61485351
0.61485351
0.61485351
0.61309400
0.61309400
0.61309400
0.61309400
0.61031780
0.61031780
0.61031780
0.61031780
0.60422149
0.60422149
0.60422149
0.60422149
0.60422149
0.60422149
0.60422149
0.60422149
0.60320130
0.60320130
0.60320130
0.60320130
0.59808840
0.59808840
0.59808840
0.59808840
0.59578333
0.59578333
0.59578333
0.59578333
0.59065893
0.59065893
0.59065893
0.59065893
0.59014670
0.59014670
0.59014670
0.59014670
0.58630875
0.58630875
0.58630875
0.58630875
0.57993856
0.57993856
0.57993856
0.57993856
0.57664644
0.57664644
0.57664644
0.57664644
0.57362420
0.57362420
0.57362420
0.57362420
0.57087049
0.57087049
0.57087049
0.57087049
0.56937604
0.56937604
0.56937604
0.56937604
0.56813511
0.56813511
0.56813511
0.56813511
0.56788744
0.56788744
0.56788744
0.56788744
0.56640505
0.56640505
0.56640505
0.56640505
0.56224210
0.56224210
0.56224210
0.56224210
0.56151363
0.56151363
0.56151363
0.56151363
0.55861996
0.55861996
0.55861996
0.55861996
0.55814097
0.55814097
0.55814097
0.55814097
0.54947135
0.54947135
0.54947135
0.54947135
0.54787636
0.54787636
0.54787636
0.54787636
0.54540231
0.54540231
0.54540231
0.54540231
0.54275098
0.54275098
0.54275098
0.54275098
0.54036685
0.54036685
0.54036685
0.54036685
0.53951135
0.53951135
0.53951135
0.53951135
0.53845084
0.53845084
0.53845084
0.53845084
0.53698308
0.53698308
0.53698308
0.53698308
0.53151754
0.53151754
0.53151754
0.53151754
0.53054137
0.53054137
0.53054137
0.53054137
0.53015419
0.53015419
0.53015419
0.53015419
0.52976891
0.52976891
0.52976891
0.52976891
0.52957698
0.52957698
0.52957698
0.52957698
0.52881410
0.52881410
0.52881410
0.52881410
0.52712623
0.52712623
0.52712623
0.52712623
0.52712623
0.52712623
0.52712623
0.52712623
0.52476030
0.52476030
0.52476030
0.52476030
0.52476030
0.52476030
0.52476030
0.52476030
0.52422675
0.52422675
0.52422675
0.52422675
0.52422675
0.52422675
0.52422675
0.52422675
0.52352276
0.52352276
0.52352276
0.52352276
0.52352276
0.52352276
0.52352276
0.52352276
0.52282733
0.52282733
0.52282733
0.52282733
0.52282733
0.52282733
0.52282733
0.52282733
0.51697057
0.51697057
0.51697057
0.51697057
0.51697057
0.51697057
0.51697057
0.51697057
0.51461186
0.51461186
0.51461186
0.51461186
0.51461186
0.51461186
0.51461186
0.51461186
0.51321796
0.51321796
0.51321796
0.51321796
0.51321796
0.51321796
0.51321796
0.51321796
0.51214844
0.51214844
0.51214844
0.51214844
0.51214844
0.51214844
0.51214844
0.51214844
0.51214844
0.51214844
0.51214844
0.51214844
0.51214844
0.51214844
0.51214844
0.51214844
0.50774908
0.50774908
0.50774908
0.50774908
0.50774908
0.50774908
0.50774908
0.50774908
0.50681952
0.50681952
0.50681952
0.50681952
0.50681952
0.50681952
0.50681952
0.50681952
0.50504403
0.50504403
0.50504403
0.50504403
0.50504403
0.50504403
0.50504403
0.50504403
0.50270613
0.50270613
0.50270613
0.50270613
0.50270613
0.50270613
0.50270613
0.50270613
0.50216010
0.50216010
0.50216010
0.50216010
0.50216010
0.50216010
0.50216010
0.50216010
0.50081516
0.50081516
0.50081516
0.50081516
0.50081516
0.50081516
0.50081516
0.50081516
0.50071248
0.50071248
0.50071248
0.50071248
0.50071248
0.50071248
0.50071248
0.50071248
0.50008683
0.50008683
0.50008683
0.50008683
0.50008683
0.50008683
0.50008683
0.50008683
0.50000347
0.50000347
0.50000347
0.50000347
0.50000347
0.50000347
0.50000347
0.50000347
