0.57968474
0.50000965
0.68868034
0.58707567
0.59450221
0.61359731
0.65504681
0.70405985
0.70463272
0.64322226
0.50204698
0.54429138
0.52602350
0.69577203
0.50513108
0.58554225
0.65898490
0.62182533
0.67392995
0.68735999
0.54407025
0.57892382
0.54122853
0.68160828
0.57588926
0.70396131
0.69577203
0.53781935
0.58579770
0.54517943
0.64570172
0.52282733
0.55528807
0.70326751
0.69923416
0.58401072
0.52900409
0.54629727
0.56615862
0.70322382
0.64614883
0.57538505
0.55247352
0.67392995
0.70418362
0.59142741
0.70178176
0.50092472
0.63035592
0.60422149
0.70056416
0.68893865
0.70070137
0.69057039
0.56175624
0.52282733
0.69269295
0.64748317
0.58861060
0.50277053
0.62769997
0.51281209
0.55885981
0.70028339
0.56443888
0.62182533
0.59783237
0.63203296
0.64924566
0.68944946
0.55623493
0.50896101
0.68599202
0.60803731
0.54318929
0.68709018
0.53615344
0.60854473
0.55411050
0.66259888
0.70396131
0.50796327
0.67714961
0.70424224
0.53698308
0.62083654
0.70452570
0.70295034
0.63816488
0.51547807
0.51681861
0.70021187
0.50487211
0.52422675
0.70443025
0.54122853
0.54473470
0.61585623
0.53845084
0.63793203
0.53845084
0.53781935
0.53698308
0.53615344
0.52900409
0.52602350
0.52422675
0.52282733
0.52282733
0.51681861
0.51547807
0.51281209
0.50896101
0.50796327
0.50513108
0.50487211
0.50277053
0.50204698
0.50092472
0.50000965
0.70463272
0.70452570
0.70443025
0.70424224
0.70418362
0.70405985
0.70396131
0.70396131
0.70326751
0.70322382
0.70295034
0.70178176
0.70070137
0.70056416
0.70028339
0.70021187
0.69923416
0.69577203
0.69577203
0.69269295
0.69057039
0.68944946
0.68893865
0.68868034
0.68735999
0.68709018
0.68599202
0.68160828
0.67714961
0.67392995
0.67392995
0.66259888
0.65898490
0.65504681
0.64924566
0.64748317
0.64614883
0.64570172
0.64322226
0.63816488
0.63793203
0.63203296
0.63035592
0.62769997
0.62182533
0.62182533
0.62083654
0.61585623
0.61359731
0.60854473
0.60803731
0.60422149
0.59783237
0.59450221
0.59142741
0.58861060
0.58707567
0.58579770
0.58554225
0.58401072
0.57968474
0.57892382
0.57588926
0.57538505
0.56615862
0.56443888
0.56175624
0.55885981
0.55623493
0.55528807
0.55411050
0.55247352
0.54629727
0.54517943
0.54473470
0.54429138
0.54407025
0.54318929
0.54122853
0.54122853
0.53845084
0.53845084
0.53781935
0.53781935
0.53698308
0.53698308
0.53615344
0.53615344
0.52900409
0.52900409
0.52602350
0.52602350
0.52422675
0.52422675
0.52282733
0.52282733
0.52282733
0.52282733
0.51681861
0.51681861
0.51547807
0.51547807
0.51281209
0.51281209
0.50896101
0.50896101
0.50796327
0.50796327
0.50513108
0.50513108
0.50487211
0.50487211
0.50277053
0.50277053
0.50204698
0.50204698
0.50092472
0.50092472
0.50000965
0.50000965
0.70463272
0.70463272
0.70452570
0.70452570
0.70443025
0.70443025
0.70424224
0.70424224
0.70418362
0.70418362
0.70405985
0.70405985
0.70396131
0.70396131
0.70396131
0.70396131
0.70326751
0.70326751
0.70322382
0.70322382
0.70295034
0.70295034
0.70178176
0.70178176
0.70070137
0.70070137
0.70056416
0.70056416
0.70028339
0.70028339
0.70021187
0.70021187
0.69923416
0.69923416
0.69577203
0.69577203
0.69577203
0.69577203
0.69269295
0.69269295
0.69057039
0.69057039
0.68944946
0.68944946
0.68893865
0.68893865
0.68868034
0.68868034
0.68735999
0.68735999
0.68709018
0.68709018
0.68599202
0.68599202
0.68160828
0.68160828
0.67714961
0.67714961
0.67392995
0.67392995
0.67392995
0.67392995
0.66259888
0.66259888
0.65898490
0.65898490
0.65504681
0.65504681
0.64924566
0.64924566
0.64748317
0.64748317
0.64614883
0.64614883
0.64570172
0.64570172
0.64322226
0.64322226
0.63816488
0.63816488
0.63793203
0.63793203
0.63203296
0.63203296
0.63035592
0.63035592
0.62769997
0.62769997
0.62182533
0.62182533
0.62182533
0.62182533
0.62083654
0.62083654
0.61585623
0.61585623
0.61359731
0.61359731
0.60854473
0.60854473
0.60803731
0.60803731
0.60422149
0.60422149
0.59783237
0.59783237
0.59450221
0.59450221
0.59142741
0.59142741
0.58861060
0.58861060
0.58707567
0.58707567
0.58579770
0.58579770
0.58554225
0.58554225
0.58401072
0.58401072
0.57968474
0.57968474
0.57892382
0.57892382
0.57588926
0.57588926
0.57538505
0.57538505
0.56615862
0.56615862
0.56443888
0.56443888
0.56175624
0.56175624
0.55885981
0.55885981
0.55623493
0.55623493
0.55528807
0.55528807
0.55411050
0.55411050
0.55247352
0.55247352
0.54629727
0.54629727
0.54517943
0.54517943
0.54473470
0.54473470
0.54429138
0.54429138
0.54407025
0.54407025
0.54318929
0.54318929
0.54122853
0.54122853
0.54122853
0.54122853
0.53845084
0.53845084
0.53845084
0.53845084
0.53781935
0.53781935
0.53781935
0.53781935
0.53698308
0.53698308
0.53698308
0.53698308
0.53615344
0.53615344
0.53615344
0.53615344
0.52900409
0.52900409
0.52900409
0.52900409
0.52602350
0.52602350
0.52602350
0.52602350
0.52422675
0.52422675
0.52422675
0.52422675
0.52282733
0.52282733
0.52282733
0.52282733
0.52282733
0.52282733
0.52282733
0.52282733
0.51681861
0.51681861
0.51681861
0.51681861
0.51547807
0.51547807
0.51547807
0.51547807
0.51281209
0.51281209
0.51281209
0.51281209
0.50896101
0.50896101
0.50896101
0.50896101
0.50796327
0.50796327
0.50796327
0.50796327
0.50513108
0.50513108
0.50513108
0.50513108
0.50487211
0.50487211
0.50487211
0.50487211
0.50277053
0.50277053
0.50277053
0.50277053
0.50204698
0.50204698
0.50204698
0.50204698
0.50092472
0.50092472
0.50092472
0.50092472
0.50000965
0.50000965
0.50000965
0.50000965
0.70463272
0.70463272
0.70463272
0.70463272
0.70452570
0.70452570
0.70452570
0.70452570
0.70443025
0.70443025
0.70443025
0.70443025
0.70424224
0.70424224
0.70424224
0.70424224
0.70418362
0.70418362
0.70418362
0.70418362
0.70405985
0.70405985
0.70405985
0.70405985
0.70396131
0.70396131
0.70396131
0.70396131
0.70396131
0.70396131
0.70396131
0.70396131
0.70326751
0.70326751
0.70326751
0.70326751
0.70322382
0.70322382
0.70322382
0.70322382
0.70295034
0.70295034
0.70295034
0.70295034
0.70178176
0.70178176
0.70178176
0.70178176
0.70070137
0.70070137
0.70070137
0.70070137
0.70056416
0.70056416
0.70056416
0.70056416
0.70028339
0.70028339
0.70028339
0.70028339
0.70021187
0.70021187
0.70021187
0.70021187
0.69923416
0.69923416
0.69923416
0.69923416
0.69577203
0.69577203
0.69577203
0.69577203
0.69577203
0.69577203
0.69577203
0.69577203
0.69269295
0.69269295
0.69269295
0.69269295
0.69057039
0.69057039
0.69057039
0.69057039
0.68944946
0.68944946
0.68944946
0.68944946
0.68893865
0.68893865
0.68893865
0.68893865
0.68868034
0.68868034
0.68868034
0.68868034
0.68735999
0.68735999
0.68735999
0.68735999
0.68709018
0.68709018
0.68709018
0.68709018
0.68599202
0.68599202
0.68599202
0.68599202
0.68160828
0.68160828
0.68160828
0.68160828
0.67714961
0.67714961
0.67714961
0.67714961
0.67392995
0.67392995
0.67392995
0.67392995
0.67392995
0.67392995
0.67392995
0.67392995
0.66259888
0.66259888
0.66259888
0.66259888
0.65898490
0.65898490
0.65898490
0.65898490
0.65504681
0.65504681
0.65504681
0.65504681
0.64924566
0.64924566
0.64924566
0.64924566
0.64748317
0.64748317
0.64748317
0.64748317
0.64614883
0.64614883
0.64614883
0.64614883
0.64570172
0.64570172
0.64570172
0.64570172
0.64322226
0.64322226
0.64322226
0.64322226
0.63816488
0.63816488
0.63816488
0.63816488
0.63793203
0.63793203
0.63793203
0.63793203
0.63203296
0.63203296
0.63203296
0.63203296
0.63035592
0.63035592
0.63035592
0.63035592
0.62769997
0.62769997
0.62769997
0.62769997
0.62182533
0.62182533
0.62182533
0.62182533
0.62182533
0.62182533
0.62182533
0.62182533
0.62083654
0.62083654
0.62083654
0.62083654
0.61585623
0.61585623
0.61585623
0.61585623
0.61359731
0.61359731
0.61359731
0.61359731
0.60854473
0.60854473
0.60854473
0.60854473
0.60803731
0.60803731
0.60803731
0.60803731
0.60422149
0.60422149
0.60422149
0.60422149
0.59783237
0.59783237
0.59783237
0.59783237
0.59450221
0.59450221
0.59450221
0.59450221
0.59142741
0.59142741
0.59142741
0.59142741
0.58861060
0.58861060
0.58861060
0.58861060
0.58707567
0.58707567
0.58707567
0.58707567
0.58579770
0.58579770
0.58579770
0.58579770
0.58554225
0.58554225
0.58554225
0.58554225
0.58401072
0.58401072
0.58401072
0.58401072
0.57968474
0.57968474
0.57968474
0.57968474
0.57892382
0.57892382
0.57892382
0.57892382
0.57588926
0.57588926
0.57588926
0.57588926
0.57538505
0.57538505
0.57538505
0.57538505
0.56615862
0.56615862
0.56615862
0.56615862
0.56443888
0.56443888
0.56443888
0.56443888
0.56175624
0.56175624
0.56175624
0.56175624
0.55885981
0.55885981
0.55885981
0.55885981
0.55623493
0.55623493
0.55623493
0.55623493
0.55528807
0.55528807
0.55528807
0.55528807
0.55411050
0.55411050
0.55411050
0.55411050
0.55247352
0.55247352
0.55247352
0.55247352
0.54629727
0.54629727
0.54629727
0.54629727
0.54517943
0.54517943
0.54517943
0.54517943
0.54473470
0.54473470
0.54473470
0.54473470
0.54429138
0.54429138
0.54429138
0.54429138
0.54407025
0.54407025
0.54407025
0.54407025
0.54318929
0.54318929
0.54318929
0.54318929
0.54122853
0.54122853
0.54122853
0.54122853
0.54122853
0.54122853
0.54122853
0.54122853
0.53845084
0.53845084
0.53845084
0.53845084
0.53845084
0.53845084
0.53845084
0.53845084
0.53781935
0.53781935
0.53781935
0.53781935
0.53781935
0.53781935
0.53781935
0.53781935
0.53698308
0.53698308
0.53698308
0.53698308
0.53698308
0.53698308
0.53698308
0.53698308
0.53615344
0.53615344
0.53615344
0.53615344
0.53615344
0.53615344
0.53615344
0.53615344
0.52900409
0.52900409
0.52900409
0.52900409
0.52900409
0.52900409
0.52900409
0.52900409
0.52602350
0.52602350
0.52602350
0.52602350
0.52602350
0.52602350
0.52602350
0.52602350
0.52422675
0.52422675
0.52422675
0.52422675
0.52422675
0.52422675
0.52422675
0.52422675
0.52282733
0.52282733
0.52282733
0.52282733
0.52282733
0.52282733
0.52282733
0.52282733
0.52282733
0.52282733
0.52282733
0.52282733
0.52282733
0.52282733
0.52282733
0.52282733
0.51681861
0.51681861
0.51681861
0.51681861
0.51681861
0.51681861
0.51681861
0.51681861
0.51547807
0.51547807
0.51547807
0.51547807
0.51547807
0.51547807
0.51547807
0.51547807
0.51281209
0.51281209
0.51281209
0.51281209
0.51281209
0.51281209
0.51281209
0.51281209
0.50896101
0.50896101
0.50896101
0.50896101
0.50896101
0.50896101
0.50896101
0.50896101
0.50796327
0.50796327
0.50796327
0.50796327
0.50796327
0.50796327
0.50796327
0.50796327
0.50513108
0.50513108
0.50513108
0.50513108
0.50513108
0.50513108
0.50513108
0.50513108
0.50487211
0.50487211
0.50487211
0.50487211
0.50487211
0.50487211
0.50487211
0.50487211
0.50277053
0.50277053
0.50277053
0.50277053
0.50277053
0.50277053
0.50277053
0.50277053
0.50204698
0.50204698
0.50204698
0.50204698
0.50204698
0.50204698
0.50204698
0.50204698
0.50092472
0.50092472
0.50092472
0.50092472
0.50092472
0.50092472
0.50092472
0.50092472
0.50000965
0.50000965
0.50000965
0.50000965
0.50000965
0.50000965
0.50000965
0.50000965
