0.58477623
0.50024110
0.69117602
0.59219603
0.59962397
0.61860260
0.65918871
0.70459155
0.70492424
0.64770453
0.50331233
0.54878587
0.52976891
0.69764592
0.50702122
0.59065893
0.66299318
0.62672821
0.67731478
0.68995253
0.54855801
0.58401072
0.54562554
0.68457701
0.58095473
0.70452570
0.69764592
0.54209627
0.59091507
0.54970046
0.65011962
0.52638905
0.56006265
0.70402755
0.70070137
0.58912252
0.53290355
0.55085066
0.57112010
0.70399470
0.65055474
0.58044647
0.55718593
0.67731478
0.70467171
0.59655186
0.70285486
0.50182973
0.63511874
0.60930518
0.70184051
0.69141483
0.70195640
0.69291888
0.56665167
0.52638905
0.69486194
0.65185262
0.59373347
0.50421326
0.63251017
0.51562459
0.56370477
0.70160230
0.56937604
0.62672821
0.60294610
0.63676406
0.65356530
0.69188654
0.56102907
0.51137336
0.68868034
0.61309400
0.54764978
0.68970197
0.54036685
0.61359731
0.55885981
0.66647442
0.70452570
0.51025489
0.68036988
0.70470852
0.54122853
0.62575340
0.70487186
0.70378621
0.64276783
0.51852281
0.51996966
0.70154141
0.50671971
0.52787145
0.70482012
0.54562554
0.54924254
0.62083654
0.54275098
0.64254020
0.54275098
0.54209627
0.54122853
0.54036685
0.53290355
0.52976891
0.52787145
0.52638905
0.52638905
0.51996966
0.51852281
0.51562459
0.51137336
0.51025489
0.50702122
0.50671971
0.50421326
0.50331233
0.50182973
0.50024110
0.70492424
0.70487186
0.70482012
0.70470852
0.70467171
0.70459155
0.70452570
0.70452570
0.70402755
0.70399470
0.70378621
0.70285486
0.70195640
0.70184051
0.70160230
0.70154141
0.70070137
0.69764592
0.69764592
0.69486194
0.69291888
0.69188654
0.69141483
0.69117602
0.68995253
0.68970197
0.68868034
0.68457701
0.68036988
0.67731478
0.67731478
0.66647442
0.66299318
0.65918871
0.65356530
0.65185262
0.65055474
0.65011962
0.64770453
0.64276783
0.64254020
0.63676406
0.63511874
0.63251017
0.62672821
0.62672821
0.62575340
0.62083654
0.61860260
0.61359731
0.61309400
0.60930518
0.60294610
0.59962397
0.59655186
0.59373347
0.59219603
0.59091507
0.59065893
0.58912252
0.58477623
0.58401072
0.58095473
0.58044647
0.57112010
0.56937604
0.56665167
0.56370477
0.56102907
0.56006265
0.55885981
0.55718593
0.55085066
0.54970046
0.54924254
0.54878587
0.54855801
0.54764978
0.54562554
0.54562554
0.54275098
0.54275098
0.54209627
0.54209627
0.54122853
0.54122853
0.54036685
0.54036685
0.53290355
0.53290355
0.52976891
0.52976891
0.52787145
0.52787145
0.52638905
0.52638905
0.52638905
0.52638905
0.51996966
0.51996966
0.51852281
0.51852281
0.51562459
0.51562459
0.51137336
0.51137336
0.51025489
0.51025489
0.50702122
0.50702122
0.50671971
0.50671971
0.50421326
0.50421326
0.50331233
0.50331233
0.50182973
0.50182973
0.50024110
0.50024110
0.70492424
0.70492424
0.70487186
0.70487186
0.70482012
0.70482012
0.70470852
0.70470852
0.70467171
0.70467171
0.70459155
0.70459155
0.70452570
0.70452570
0.70452570
0.70452570
0.70402755
0.70402755
0.70399470
0.70399470
0.70378621
0.70378621
0.70285486
0.70285486
0.70195640
0.70195640
0.70184051
0.70184051
0.70160230
0.70160230
0.70154141
0.70154141
0.70070137
0.70070137
0.69764592
0.69764592
0.69764592
0.69764592
0.69486194
0.69486194
0.69291888
0.69291888
0.69188654
0.69188654
0.69141483
0.69141483
0.69117602
0.69117602
0.68995253
0.68995253
0.68970197
0.68970197
0.68868034
0.68868034
0.68457701
0.68457701
0.68036988
0.68036988
0.67731478
0.67731478
0.67731478
0.67731478
0.66647442
0.66647442
0.66299318
0.66299318
0.65918871
0.65918871
0.65356530
0.65356530
0.65185262
0.65185262
0.65055474
0.65055474
0.65011962
0.65011962
0.64770453
0.64770453
0.64276783
0.64276783
0.64254020
0.64254020
0.63676406
0.63676406
0.63511874
0.63511874
0.63251017
0.63251017
0.62672821
0.62672821
0.62672821
0.62672821
0.62575340
0.62575340
0.62083654
0.62083654
0.61860260
0.61860260
0.61359731
0.61359731
0.61309400
0.61309400
0.60930518
0.60930518
0.60294610
0.60294610
0.59962397
0.59962397
0.59655186
0.59655186
0.59373347
0.59373347
0.59219603
0.59219603
0.59091507
0.59091507
0.59065893
0.59065893
0.58912252
0.58912252
0.58477623
0.58477623
0.58401072
0.58401072
0.58095473
0.58095473
0.58044647
0.58044647
0.57112010
0.57112010
0.56937604
0.56937604
0.56665167
0.56665167
0.56370477
0.56370477
0.56102907
0.56102907
0.56006265
0.56006265
0.55885981
0.55885981
0.55718593
0.55718593
0.55085066
0.55085066
0.54970046
0.54970046
0.54924254
0.54924254
0.54878587
0.54878587
0.54855801
0.54855801
0.54764978
0.54764978
0.54562554
0.54562554
0.54562554
0.54562554
0.54275098
0.54275098
0.54275098
0.54275098
0.54209627
0.54209627
0.54209627
0.54209627
0.54122853
0.54122853
0.54122853
0.54122853
0.54036685
0.54036685
0.54036685
0.54036685
0.53290355
0.53290355
0.53290355
0.53290355
0.52976891
0.52976891
0.52976891
0.52976891
0.52787145
0.52787145
0.52787145
0.52787145
0.52638905
0.52638905
0.52638905
0.52638905
0.52638905
0.52638905
0.52638905
0.52638905
0.51996966
0.51996966
0.51996966
0.51996966
0.51852281
0.51852281
0.51852281
0.51852281
0.51562459
0.51562459
0.51562459
0.51562459
0.51137336
0.51137336
0.51137336
0.51137336
0.51025489
0.51025489
0.51025489
0.51025489
0.50702122
0.50702122
0.50702122
0.50702122
0.50671971
0.50671971
0.50671971
0.50671971
0.50421326
0.50421326
0.50421326
0.50421326
0.50331233
0.50331233
0.50331233
0.50331233
0.50182973
0.50182973
0.50182973
0.50182973
0.50024110
0.50024110
0.50024110
0.50024110
0.70492424
0.70492424
0.70492424
0.70492424
0.70487186
0.70487186
0.70487186
0.70487186
0.70482012
0.70482012
0.70482012
0.70482012
0.70470852
0.70470852
0.70470852
0.70470852
0.70467171
0.70467171
0.70467171
0.70467171
0.70459155
0.70459155
0.70459155
0.70459155
0.70452570
0.70452570
0.70452570
0.70452570
0.70452570
0.70452570
0.70452570
0.70452570
0.70402755
0.70402755
0.70402755
0.70402755
0.70399470
0.70399470
0.70399470
0.70399470
0.70378621
0.70378621
0.70378621
0.70378621
0.70285486
0.70285486
0.70285486
0.70285486
0.70195640
0.70195640
0.70195640
0.70195640
0.70184051
0.70184051
0.70184051
0.70184051
0.70160230
0.70160230
0.70160230
0.70160230
0.70154141
0.70154141
0.70154141
0.70154141
0.70070137
0.70070137
0.70070137
0.70070137
0.69764592
0.69764592
0.69764592
0.69764592
0.69764592
0.69764592
0.69764592
0.69764592
0.69486194
0.69486194
0.69486194
0.69486194
0.69291888
0.69291888
0.69291888
0.69291888
0.69188654
0.69188654
0.69188654
0.69188654
0.69141483
0.69141483
0.69141483
0.69141483
0.69117602
0.69117602
0.69117602
0.69117602
0.68995253
0.68995253
0.68995253
0.68995253
0.68970197
0.68970197
0.68970197
0.68970197
0.68868034
0.68868034
0.68868034
0.68868034
0.68457701
0.68457701
0.68457701
0.68457701
0.68036988
0.68036988
0.68036988
0.68036988
0.67731478
0.67731478
0.67731478
0.67731478
0.67731478
0.67731478
0.67731478
0.67731478
0.66647442
0.66647442
0.66647442
0.66647442
0.66299318
0.66299318
0.66299318
0.66299318
0.65918871
0.65918871
0.65918871
0.65918871
0.65356530
0.65356530
0.65356530
0.65356530
0.65185262
0.65185262
0.65185262
0.65185262
0.65055474
0.65055474
0.65055474
0.65055474
0.65011962
0.65011962
0.65011962
0.65011962
0.64770453
0.64770453
0.64770453
0.64770453
0.64276783
0.64276783
0.64276783
0.64276783
0.64254020
0.64254020
0.64254020
0.64254020
0.63676406
0.63676406
0.63676406
0.63676406
0.63511874
0.63511874
0.63511874
0.63511874
0.63251017
0.63251017
0.63251017
0.63251017
0.62672821
0.62672821
0.62672821
0.62672821
0.62672821
0.62672821
0.62672821
0.62672821
0.62575340
0.62575340
0.62575340
0.62575340
0.62083654
0.62083654
0.62083654
0.62083654
0.61860260
0.61860260
0.61860260
0.61860260
0.61359731
0.61359731
0.61359731
0.61359731
0.61309400
0.61309400
0.61309400
0.61309400
0.60930518
0.60930518
0.60930518
0.60930518
0.60294610
0.60294610
0.60294610
0.60294610
0.59962397
0.59962397
0.59962397
0.59962397
0.59655186
0.59655186
0.59655186
0.59655186
0.59373347
0.59373347
0.59373347
0.59373347
0.59219603
0.59219603
0.59219603
0.59219603
0.59091507
0.59091507
0.59091507
0.59091507
0.59065893
0.59065893
0.59065893
0.59065893
0.58912252
0.58912252
0.58912252
0.58912252
0.58477623
0.58477623
0.58477623
0.58477623
0.58401072
0.58401072
0.58401072
0.58401072
0.58095473
0.58095473
0.58095473
0.58095473
0.58044647
0.58044647
0.58044647
0.58044647
0.57112010
0.57112010
0.57112010
0.57112010
0.56937604
0.56937604
0.56937604
0.56937604
0.56665167
0.56665167
0.56665167
0.56665167
0.56370477
0.56370477
0.56370477
0.56370477
0.56102907
0.56102907
0.56102907
0.56102907
0.56006265
0.56006265
0.56006265
0.56006265
0.55885981
0.55885981
0.55885981
0.55885981
0.55718593
0.55718593
0.55718593
0.55718593
0.55085066
0.55085066
0.55085066
0.55085066
0.54970046
0.54970046
0.54970046
0.54970046
0.54924254
0.54924254
0.54924254
0.54924254
0.54878587
0.54878587
0.54878587
0.54878587
0.54855801
0.54855801
0.54855801
0.54855801
0.54764978
0.54764978
0.54764978
0.54764978
0.54562554
0.54562554
0.54562554
0.54562554
0.54562554
0.54562554
0.54562554
0.54562554
0.54275098
0.54275098
0.54275098
0.54275098
0.54275098
0.54275098
0.54275098
0.54275098
0.54209627
0.54209627
0.54209627
0.54209627
0.54209627
0.54209627
0.54209627
0.54209627
0.54122853
0.54122853
0.54122853
0.54122853
0.54122853
0.54122853
0.54122853
0.54122853
0.54036685
0.54036685
0.54036685
0.54036685
0.54036685
0.54036685
0.54036685
0.54036685
0.53290355
0.53290355
0.53290355
0.53290355
0.53290355
0.53290355
0.53290355
0.53290355
0.52976891
0.52976891
0.52976891
0.52976891
0.52976891
0.52976891
0.52976891
0.52976891
0.52787145
0.52787145
0.52787145
0.52787145
0.52787145
0.52787145
0.52787145
0.52787145
0.52638905
0.52638905
0.52638905
0.52638905
0.52638905
0.52638905
0.52638905
0.52638905
0.52638905
0.52638905
0.52638905
0.52638905
0.52638905
0.52638905
0.52638905
0.52638905
0.51996966
0.51996966
0.51996966
0.51996966
0.51996966
0.51996966
0.51996966
0.51996966
0.51852281
0.51852281
0.51852281
0.51852281
0.51852281
0.51852281
0.51852281
0.51852281
0.51562459
0.51562459
0.51562459
0.51562459
0.51562459
0.51562459
0.51562459
0.51562459
0.51137336
0.51137336
0.51137336
0.51137336
0.51137336
0.51137336
0.51137336
0.51137336
0.51025489
0.51025489
0.51025489
0.51025489
0.51025489
0.51025489
0.51025489
0.51025489
0.50702122
0.50702122
0.50702122
0.50702122
0.50702122
0.50702122
0.50702122
0.50702122
0.50671971
0.50671971
0.50671971
0.50671971
0.50671971
0.50671971
0.50671971
0.50671971
0.50421326
0.50421326
0.50421326
0.50421326
0.50421326
0.50421326
0.50421326
0.50421326
0.50331233
0.50331233
0.50331233
0.50331233
0.50331233
0.50331233
0.50331233
0.50331233
0.50182973
0.50182973
0.50182973
0.50182973
0.50182973
0.50182973
0.50182973
0.50182973
0.50024110
0.50024110
0.50024110
0.50024110
0.50024110
0.50024110
0.50024110
0.50024110
