0.64276783
0.52440408
0.50001891
0.64924566
0.65546712
0.67019577
0.69547325
0.51418711
0.51743004
0.68932249
0.53760967
0.60702145
0.58401072
0.50182973
0.54697203
0.64792560
0.69728763
0.67598133
0.70280631
0.70499810
0.60676728
0.64208413
0.60345643
0.70450265
0.63932536
0.51376798
0.50182973
0.59936812
0.64814636
0.60803731
0.69069250
0.57943100
0.61910009
0.51137336
0.50445490
0.64659478
0.58809881
0.60930518
0.63011550
0.51124646
0.69093524
0.63886193
0.61610658
0.70280631
0.51475468
0.65292546
0.50796327
0.53270418
0.68160828
0.66318977
0.50604077
0.50003126
0.50623123
0.50018673
0.62575340
0.57943100
0.50061667
0.69165167
0.65055474
0.54015239
0.67989810
0.56321638
0.62281150
0.50566835
0.62842674
0.67598133
0.65816614
0.68266816
0.69257924
0.50006522
0.62009327
0.55576098
0.70495629
0.66609369
0.60574983
0.70499411
0.59732023
0.66647442
0.61785527
0.69883448
0.51376798
0.55364139
0.70363636
0.51504219
0.59834441
0.67530432
0.51666724
0.51049882
0.68640738
0.56788744
0.57012256
0.50557702
0.54629727
0.58146332
0.51606781
0.60345643
0.60752955
0.67181828
0.60013555
0.68626940
0.60013555
0.59936812
0.59834441
0.59732023
0.58809881
0.58401072
0.58146332
0.57943100
0.57943100
0.57012256
0.56788744
0.56321638
0.55576098
0.55364139
0.54697203
0.54629727
0.54015239
0.53760967
0.53270418
0.52440408
0.51743004
0.51666724
0.51606781
0.51504219
0.51475468
0.51418711
0.51376798
0.51376798
0.51137336
0.51124646
0.51049882
0.50796327
0.50623123
0.50604077
0.50566835
0.50557702
0.50445490
0.50182973
0.50182973
0.50061667
0.50018673
0.50006522
0.50003126
0.50001891
0.70499810
0.70499411
0.70495629
0.70450265
0.70363636
0.70280631
0.70280631
0.69883448
0.69728763
0.69547325
0.69257924
0.69165167
0.69093524
0.69069250
0.68932249
0.68640738
0.68626940
0.68266816
0.68160828
0.67989810
0.67598133
0.67598133
0.67530432
0.67181828
0.67019577
0.66647442
0.66609369
0.66318977
0.65816614
0.65546712
0.65292546
0.65055474
0.64924566
0.64814636
0.64792560
0.64659478
0.64276783
0.64208413
0.63932536
0.63886193
0.63011550
0.62842674
0.62575340
0.62281150
0.62009327
0.61910009
0.61785527
0.61610658
0.60930518
0.60803731
0.60752955
0.60702145
0.60676728
0.60574983
0.60345643
0.60345643
0.60013555
0.60013555
0.59936812
0.59936812
0.59834441
0.59834441
0.59732023
0.59732023
0.58809881
0.58809881
0.58401072
0.58401072
0.58146332
0.58146332
0.57943100
0.57943100
0.57943100
0.57943100
0.57012256
0.57012256
0.56788744
0.56788744
0.56321638
0.56321638
0.55576098
0.55576098
0.55364139
0.55364139
0.54697203
0.54697203
0.54629727
0.54629727
0.54015239
0.54015239
0.53760967
0.53760967
0.53270418
0.53270418
0.52440408
0.52440408
0.51743004
0.51743004
0.51666724
0.51666724
0.51606781
0.51606781
0.51504219
0.51504219
0.51475468
0.51475468
0.51418711
0.51418711
0.51376798
0.51376798
0.51376798
0.51376798
0.51137336
0.51137336
0.51124646
0.51124646
0.51049882
0.51049882
0.50796327
0.50796327
0.50623123
0.50623123
0.50604077
0.50604077
0.50566835
0.50566835
0.50557702
0.50557702
0.50445490
0.50445490
0.50182973
0.50182973
0.50182973
0.50182973
0.50061667
0.50061667
0.50018673
0.50018673
0.50006522
0.50006522
0.50003126
0.50003126
0.50001891
0.50001891
