0.61031780
0.50594660
0.70063303
0.61760587
0.62477562
0.64254020
0.67764382
0.50143139
0.50264248
0.66816852
0.51390706
0.57287150
0.55108161
0.70385788
0.52046224
0.61610658
0.68068217
0.64990159
0.69153350
0.69992052
0.57262087
0.60955848
0.56937604
0.69654627
0.60651303
0.50129448
0.70385788
0.56542044
0.61635680
0.57387537
0.67019577
0.54697203
0.58503151
0.50061667
0.70482012
0.61460252
0.55481623
0.57513312
0.59655186
0.50058626
0.67055916
0.60600430
0.58197222
0.69153350
0.50162453
0.62182533
0.50004670
0.51074540
0.65734183
0.63393645
0.70498403
0.70076918
0.70499130
0.70160230
0.59193981
0.54697203
0.70260673
0.67163963
0.61910009
0.51562459
0.65504681
0.53310337
0.58886654
0.70496293
0.59475845
0.64990159
0.62794243
0.65878073
0.67305734
0.70103510
0.58605320
0.52712623
0.69915527
0.63746558
0.57161978
0.69977168
0.56346048
0.63793203
0.58375567
0.68341154
0.50129448
0.52547903
0.69369387
0.50172562
0.56443888
0.64902640
0.50233540
0.50041991
0.66397243
0.53698308
0.53887385
0.70495629
0.51996966
0.54878587
0.50210316
0.56937604
0.57337317
0.64457892
0.56615862
0.66377732
0.56615862
0.56542044
0.56443888
0.56346048
0.55481623
0.55108161
0.54878587
0.54697203
0.54697203
0.53887385
0.53698308
0.53310337
0.52712623
0.52547903
0.52046224
0.51996966
0.51562459
0.51390706
0.51074540
0.50594660
0.50264248
0.50233540
0.50210316
0.50172562
0.50162453
0.50143139
0.50129448
0.50129448
0.50061667
0.50058626
0.50041991
0.50004670
0.70499130
0.70498403
0.70496293
0.70495629
0.70482012
0.70385788
0.70385788
0.70260673
0.70160230
0.70103510
0.70076918
0.70063303
0.69992052
0.69977168
0.69915527
0.69654627
0.69369387
0.69153350
0.69153350
0.68341154
0.68068217
0.67764382
0.67305734
0.67163963
0.67055916
0.67019577
0.66816852
0.66397243
0.66377732
0.65878073
0.65734183
0.65504681
0.64990159
0.64990159
0.64902640
0.64457892
0.64254020
0.63793203
0.63746558
0.63393645
0.62794243
0.62477562
0.62182533
0.61910009
0.61760587
0.61635680
0.61610658
0.61460252
0.61031780
0.60955848
0.60651303
0.60600430
0.59655186
0.59475845
0.59193981
0.58886654
0.58605320
0.58503151
0.58375567
0.58197222
0.57513312
0.57387537
0.57337317
0.57287150
0.57262087
0.57161978
0.56937604
0.56937604
0.56615862
0.56615862
0.56542044
0.56542044
0.56443888
0.56443888
0.56346048
0.56346048
0.55481623
0.55481623
0.55108161
0.55108161
0.54878587
0.54878587
0.54697203
0.54697203
0.54697203
0.54697203
0.53887385
0.53887385
0.53698308
0.53698308
0.53310337
0.53310337
0.52712623
0.52712623
0.52547903
0.52547903
0.52046224
0.52046224
0.51996966
0.51996966
0.51562459
0.51562459
0.51390706
0.51390706
0.51074540
0.51074540
0.50594660
0.50594660
0.50264248
0.50264248
0.50233540
0.50233540
0.50210316
0.50210316
0.50172562
0.50172562
0.50162453
0.50162453
0.50143139
0.50143139
0.50129448
0.50129448
0.50129448
0.50129448
0.50061667
0.50061667
0.50058626
0.50058626
0.50041991
0.50041991
0.50004670
0.50004670
0.70499130
0.70499130
0.70498403
0.70498403
0.70496293
0.70496293
0.70495629
0.70495629
0.70482012
0.70482012
0.70385788
0.70385788
0.70385788
0.70385788
0.70260673
0.70260673
0.70160230
0.70160230
0.70103510
0.70103510
0.70076918
0.70076918
0.70063303
0.70063303
0.69992052
0.69992052
0.69977168
0.69977168
0.69915527
0.69915527
0.69654627
0.69654627
0.69369387
0.69369387
0.69153350
0.69153350
0.69153350
0.69153350
0.68341154
0.68341154
0.68068217
0.68068217
0.67764382
0.67764382
0.67305734
0.67305734
0.67163963
0.67163963
0.67055916
0.67055916
0.67019577
0.67019577
0.66816852
0.66816852
0.66397243
0.66397243
0.66377732
0.66377732
0.65878073
0.65878073
0.65734183
0.65734183
0.65504681
0.65504681
0.64990159
0.64990159
0.64990159
0.64990159
0.64902640
0.64902640
0.64457892
0.64457892
0.64254020
0.64254020
0.63793203
0.63793203
0.63746558
0.63746558
0.63393645
0.63393645
0.62794243
0.62794243
0.62477562
0.62477562
0.62182533
0.62182533
0.61910009
0.61910009
0.61760587
0.61760587
0.61635680
0.61635680
0.61610658
0.61610658
0.61460252
0.61460252
0.61031780
0.61031780
0.60955848
0.60955848
0.60651303
0.60651303
0.60600430
0.60600430
0.59655186
0.59655186
0.59475845
0.59475845
0.59193981
0.59193981
0.58886654
0.58886654
0.58605320
0.58605320
0.58503151
0.58503151
0.58375567
0.58375567
0.58197222
0.58197222
0.57513312
0.57513312
0.57387537
0.57387537
0.57337317
0.57337317
0.57287150
0.57287150
0.57262087
0.57262087
0.57161978
0.57161978
0.56937604
0.56937604
0.56937604
0.56937604
0.56615862
0.56615862
0.56615862
0.56615862
0.56542044
0.56542044
0.56542044
0.56542044
0.56443888
0.56443888
0.56443888
0.56443888
0.56346048
0.56346048
0.56346048
0.56346048
0.55481623
0.55481623
0.55481623
0.55481623
0.55108161
0.55108161
0.55108161
0.55108161
0.54878587
0.54878587
0.54878587
0.54878587
0.54697203
0.54697203
0.54697203
0.54697203
0.54697203
0.54697203
0.54697203
0.54697203
0.53887385
0.53887385
0.53887385
0.53887385
0.53698308
0.53698308
0.53698308
0.53698308
0.53310337
0.53310337
0.53310337
0.53310337
0.52712623
0.52712623
0.52712623
0.52712623
0.52547903
0.52547903
0.52547903
0.52547903
0.52046224
0.52046224
0.52046224
0.52046224
0.51996966
0.51996966
0.51996966
0.51996966
0.51562459
0.51562459
0.51562459
0.51562459
0.51390706
0.51390706
0.51390706
0.51390706
0.51074540
0.51074540
0.51074540
0.51074540
0.50594660
0.50594660
0.50594660
0.50594660
0.50264248
0.50264248
0.50264248
0.50264248
0.50233540
0.50233540
0.50233540
0.50233540
0.50210316
0.50210316
0.50210316
0.50210316
0.50172562
0.50172562
0.50172562
0.50172562
0.50162453
0.50162453
0.50162453
0.50162453
0.50143139
0.50143139
0.50143139
0.50143139
0.50129448
0.50129448
0.50129448
0.50129448
0.50129448
0.50129448
0.50129448
0.50129448
0.50061667
0.50061667
0.50061667
0.50061667
0.50058626
0.50058626
0.50058626
0.50058626
0.50041991
0.50041991
0.50041991
0.50041991
0.50004670
0.50004670
0.50004670
0.50004670
0.70499130
0.70499130
0.70499130
0.70499130
0.70498403
0.70498403
0.70498403
0.70498403
0.70496293
0.70496293
0.70496293
0.70496293
0.70495629
0.70495629
0.70495629
0.70495629
0.70482012
0.70482012
0.70482012
0.70482012
0.70385788
0.70385788
0.70385788
0.70385788
0.70385788
0.70385788
0.70385788
0.70385788
0.70260673
0.70260673
0.70260673
0.70260673
0.70160230
0.70160230
0.70160230
0.70160230
0.70103510
0.70103510
0.70103510
0.70103510
0.70076918
0.70076918
0.70076918
0.70076918
0.70063303
0.70063303
0.70063303
0.70063303
0.69992052
0.69992052
0.69992052
0.69992052
0.69977168
0.69977168
0.69977168
0.69977168
0.69915527
0.69915527
0.69915527
0.69915527
0.69654627
0.69654627
0.69654627
0.69654627
0.69369387
0.69369387
0.69369387
0.69369387
0.69153350
0.69153350
0.69153350
0.69153350
0.69153350
0.69153350
0.69153350
0.69153350
0.68341154
0.68341154
0.68341154
0.68341154
0.68068217
0.68068217
0.68068217
0.68068217
0.67764382
0.67764382
0.67764382
0.67764382
0.67305734
0.67305734
0.67305734
0.67305734
0.67163963
0.67163963
0.67163963
0.67163963
0.67055916
0.67055916
0.67055916
0.67055916
0.67019577
0.67019577
0.67019577
0.67019577
0.66816852
0.66816852
0.66816852
0.66816852
0.66397243
0.66397243
0.66397243
0.66397243
0.66377732
0.66377732
0.66377732
0.66377732
0.65878073
0.65878073
0.65878073
0.65878073
0.65734183
0.65734183
0.65734183
0.65734183
0.65504681
0.65504681
0.65504681
0.65504681
0.64990159
0.64990159
0.64990159
0.64990159
0.64990159
0.64990159
0.64990159
0.64990159
0.64902640
0.64902640
0.64902640
0.64902640
0.64457892
0.64457892
0.64457892
0.64457892
0.64254020
0.64254020
0.64254020
0.64254020
0.63793203
0.63793203
0.63793203
0.63793203
0.63746558
0.63746558
0.63746558
0.63746558
0.63393645
0.63393645
0.63393645
0.63393645
0.62794243
0.62794243
0.62794243
0.62794243
0.62477562
0.62477562
0.62477562
0.62477562
0.62182533
0.62182533
0.62182533
0.62182533
0.61910009
0.61910009
0.61910009
0.61910009
0.61760587
0.61760587
0.61760587
0.61760587
0.61635680
0.61635680
0.61635680
0.61635680
0.61610658
0.61610658
0.61610658
0.61610658
0.61460252
0.61460252
0.61460252
0.61460252
0.61031780
0.61031780
0.61031780
0.61031780
0.60955848
0.60955848
0.60955848
0.60955848
0.60651303
0.60651303
0.60651303
0.60651303
0.60600430
0.60600430
0.60600430
0.60600430
0.59655186
0.59655186
0.59655186
0.59655186
0.59475845
0.59475845
0.59475845
0.59475845
0.59193981
0.59193981
0.59193981
0.59193981
0.58886654
0.58886654
0.58886654
0.58886654
0.58605320
0.58605320
0.58605320
0.58605320
0.58503151
0.58503151
0.58503151
0.58503151
0.58375567
0.58375567
0.58375567
0.58375567
0.58197222
0.58197222
0.58197222
0.58197222
0.57513312
0.57513312
0.57513312
0.57513312
0.57387537
0.57387537
0.57387537
0.57387537
0.57337317
0.57337317
0.57337317
0.57337317
0.57287150
0.57287150
0.57287150
0.57287150
0.57262087
0.57262087
0.57262087
0.57262087
0.57161978
0.57161978
0.57161978
0.57161978
0.56937604
0.56937604
0.56937604
0.56937604
0.56937604
0.56937604
0.56937604
0.56937604
0.56615862
0.56615862
0.56615862
0.56615862
0.56615862
0.56615862
0.56615862
0.56615862
0.56542044
0.56542044
0.56542044
0.56542044
0.56542044
0.56542044
0.56542044
0.56542044
0.56443888
0.56443888
0.56443888
0.56443888
0.56443888
0.56443888
0.56443888
0.56443888
0.56346048
0.56346048
0.56346048
0.56346048
0.56346048
0.56346048
0.56346048
0.56346048
0.55481623
0.55481623
0.55481623
0.55481623
0.55481623
0.55481623
0.55481623
0.55481623
0.55108161
0.55108161
0.55108161
0.55108161
0.55108161
0.55108161
0.55108161
0.55108161
0.54878587
0.54878587
0.54878587
0.54878587
0.54878587
0.54878587
0.54878587
0.54878587
0.54697203
0.54697203
0.54697203
0.54697203
0.54697203
0.54697203
0.54697203
0.54697203
0.54697203
0.54697203
0.54697203
0.54697203
0.54697203
0.54697203
0.54697203
0.54697203
0.53887385
0.53887385
0.53887385
0.53887385
0.53887385
0.53887385
0.53887385
0.53887385
0.53698308
0.53698308
0.53698308
0.53698308
0.53698308
0.53698308
0.53698308
0.53698308
0.53310337
0.53310337
0.53310337
0.53310337
0.53310337
0.53310337
0.53310337
0.53310337
0.52712623
0.52712623
0.52712623
0.52712623
0.52712623
0.52712623
0.52712623
0.52712623
0.52547903
0.52547903
0.52547903
0.52547903
0.52547903
0.52547903
0.52547903
0.52547903
0.52046224
0.52046224
0.52046224
0.52046224
0.52046224
0.52046224
0.52046224
0.52046224
0.51996966
0.51996966
0.51996966
0.51996966
0.51996966
0.51996966
0.51996966
0.51996966
0.51562459
0.51562459
0.51562459
0.51562459
0.51562459
0.51562459
0.51562459
0.51562459
0.51390706
0.51390706
0.51390706
0.51390706
0.51390706
0.51390706
0.51390706
0.51390706
0.51074540
0.51074540
0.51074540
0.51074540
0.51074540
0.51074540
0.51074540
0.51074540
0.50594660
0.50594660
0.50594660
0.50594660
0.50594660
0.50594660
0.50594660
0.50594660
0.50264248
0.50264248
0.50264248
0.50264248
0.50264248
0.50264248
0.50264248
0.50264248
0.50233540
0.50233540
0.50233540
0.50233540
0.50233540
0.50233540
0.50233540
0.50233540
0.50210316
0.50210316
0.50210316
0.50210316
0.50210316
0.50210316
0.50210316
0.50210316
0.50172562
0.50172562
0.50172562
0.50172562
0.50172562
0.50172562
0.50172562
0.50172562
0.50162453
0.50162453
0.50162453
0.50162453
0.50162453
0.50162453
0.50162453
0.50162453
0.50143139
0.50143139
0.50143139
0.50143139
0.50143139
0.50143139
0.50143139
0.50143139
0.50129448
0.50129448
0.50129448
0.50129448
0.50129448
0.50129448
0.50129448
0.50129448
0.50129448
0.50129448
0.50129448
0.50129448
0.50129448
0.50129448
0.50129448
0.50129448
0.50061667
0.50061667
0.50061667
0.50061667
0.50061667
0.50061667
0.50061667
0.50061667
0.50058626
0.50058626
0.50058626
0.50058626
0.50058626
0.50058626
0.50058626
0.50058626
0.50041991
0.50041991
0.50041991
0.50041991
0.50041991
0.50041991
0.50041991
0.50041991
0.50004670
0.50004670
0.50004670
0.50004670
0.50004670
0.50004670
0.50004670
0.50004670
