0.61284216
0.50692002
0.70129252
0.62009327
0.62721448
0.64480405
0.67926283
0.50193685
0.50331233
0.67001347
0.51533217
0.57538505
0.55340725
0.70418362
0.52214057
0.61860260
0.68221665
0.65206783
0.69269295
0.70063303
0.57513312
0.61208598
0.57186984
0.69746781
0.60905179
0.50177730
0.70418362
0.56788744
0.61885142
0.57639393
0.67199653
0.54924254
0.58758716
0.50096276
0.70493307
0.61710665
0.55718593
0.57765757
0.59911224
0.50092472
0.67235178
0.60854473
0.58452100
0.69269295
0.50216010
0.62428564
0.50017015
0.51201764
0.65939217
0.63629516
0.50000154
0.70141803
0.50000618
0.70218177
0.59450221
0.54924254
0.70308951
0.67340764
0.62157838
0.51712313
0.65713489
0.53512590
0.59142741
0.70499927
0.59732023
0.65206783
0.63035592
0.66080646
0.67479209
0.70166265
0.58861060
0.52900409
0.69992052
0.63978777
0.57412666
0.70049476
0.56591237
0.64024914
0.58630875
0.68486375
0.50177730
0.52731179
0.69475828
0.50227622
0.56689846
0.65120510
0.50296816
0.50071248
0.66590275
0.53908595
0.54101253
0.70499810
0.52163124
0.55108161
0.50270613
0.57186984
0.57588926
0.64681732
0.56863098
0.66571143
0.56863098
0.56788744
0.56689846
0.56591237
0.55718593
0.55340725
0.55108161
0.54924254
0.54924254
0.54101253
0.53908595
0.53512590
0.52900409
0.52731179
0.52214057
0.52163124
0.51712313
0.51533217
0.51201764
0.50692002
0.50331233
0.50296816
0.50270613
0.50227622
0.50216010
0.50193685
0.50177730
0.50177730
0.50096276
0.50092472
0.50071248
0.50017015
0.50000618
0.50000154
0.70499927
0.70499810
0.70493307
0.70418362
0.70418362
0.70308951
0.70218177
0.70166265
0.70141803
0.70129252
0.70063303
0.70049476
0.69992052
0.69746781
0.69475828
0.69269295
0.69269295
0.68486375
0.68221665
0.67926283
0.67479209
0.67340764
0.67235178
0.67199653
0.67001347
0.66590275
0.66571143
0.66080646
0.65939217
0.65713489
0.65206783
0.65206783
0.65120510
0.64681732
0.64480405
0.64024914
0.63978777
0.63629516
0.63035592
0.62721448
0.62428564
0.62157838
0.62009327
0.61885142
0.61860260
0.61710665
0.61284216
0.61208598
0.60905179
0.60854473
0.59911224
0.59732023
0.59450221
0.59142741
0.58861060
0.58758716
0.58630875
0.58452100
0.57765757
0.57639393
0.57588926
0.57538505
0.57513312
0.57412666
0.57186984
0.57186984
0.56863098
0.56863098
0.56788744
0.56788744
0.56689846
0.56689846
0.56591237
0.56591237
0.55718593
0.55718593
0.55340725
0.55340725
0.55108161
0.55108161
0.54924254
0.54924254
0.54924254
0.54924254
0.54101253
0.54101253
0.53908595
0.53908595
0.53512590
0.53512590
0.52900409
0.52900409
0.52731179
0.52731179
0.52214057
0.52214057
0.52163124
0.52163124
0.51712313
0.51712313
0.51533217
0.51533217
0.51201764
0.51201764
0.50692002
0.50692002
0.50331233
0.50331233
0.50296816
0.50296816
0.50270613
0.50270613
0.50227622
0.50227622
0.50216010
0.50216010
0.50193685
0.50193685
0.50177730
0.50177730
0.50177730
0.50177730
0.50096276
0.50096276
0.50092472
0.50092472
0.50071248
0.50071248
0.50017015
0.50017015
0.50000618
0.50000618
0.50000154
0.50000154
0.70499927
0.70499927
0.70499810
0.70499810
0.70493307
0.70493307
0.70418362
0.70418362
0.70418362
0.70418362
0.70308951
0.70308951
0.70218177
0.70218177
0.70166265
0.70166265
0.70141803
0.70141803
0.70129252
0.70129252
0.70063303
0.70063303
0.70049476
0.70049476
0.69992052
0.69992052
0.69746781
0.69746781
0.69475828
0.69475828
0.69269295
0.69269295
0.69269295
0.69269295
0.68486375
0.68486375
0.68221665
0.68221665
0.67926283
0.67926283
0.67479209
0.67479209
0.67340764
0.67340764
0.67235178
0.67235178
0.67199653
0.67199653
0.67001347
0.67001347
0.66590275
0.66590275
0.66571143
0.66571143
0.66080646
0.66080646
0.65939217
0.65939217
0.65713489
0.65713489
0.65206783
0.65206783
0.65206783
0.65206783
0.65120510
0.65120510
0.64681732
0.64681732
0.64480405
0.64480405
0.64024914
0.64024914
0.63978777
0.63978777
0.63629516
0.63629516
0.63035592
0.63035592
0.62721448
0.62721448
0.62428564
0.62428564
0.62157838
0.62157838
0.62009327
0.62009327
0.61885142
0.61885142
0.61860260
0.61860260
0.61710665
0.61710665
0.61284216
0.61284216
0.61208598
0.61208598
0.60905179
0.60905179
0.60854473
0.60854473
0.59911224
0.59911224
0.59732023
0.59732023
0.59450221
0.59450221
0.59142741
0.59142741
0.58861060
0.58861060
0.58758716
0.58758716
0.58630875
0.58630875
0.58452100
0.58452100
0.57765757
0.57765757
0.57639393
0.57639393
0.57588926
0.57588926
0.57538505
0.57538505
0.57513312
0.57513312
0.57412666
0.57412666
0.57186984
0.57186984
0.57186984
0.57186984
0.56863098
0.56863098
0.56863098
0.56863098
0.56788744
0.56788744
0.56788744
0.56788744
0.56689846
0.56689846
0.56689846
0.56689846
0.56591237
0.56591237
0.56591237
0.56591237
0.55718593
0.55718593
0.55718593
0.55718593
0.55340725
0.55340725
0.55340725
0.55340725
0.55108161
0.55108161
0.55108161
0.55108161
0.54924254
0.54924254
0.54924254
0.54924254
0.54924254
0.54924254
0.54924254
0.54924254
0.54101253
0.54101253
0.54101253
0.54101253
0.53908595
0.53908595
0.53908595
0.53908595
0.53512590
0.53512590
0.53512590
0.53512590
0.52900409
0.52900409
0.52900409
0.52900409
0.52731179
0.52731179
0.52731179
0.52731179
0.52214057
0.52214057
0.52214057
0.52214057
0.52163124
0.52163124
0.52163124
0.52163124
0.51712313
0.51712313
0.51712313
0.51712313
0.51533217
0.51533217
0.51533217
0.51533217
0.51201764
0.51201764
0.51201764
0.51201764
0.50692002
0.50692002
0.50692002
0.50692002
0.50331233
0.50331233
0.50331233
0.50331233
0.50296816
0.50296816
0.50296816
0.50296816
0.50270613
0.50270613
0.50270613
0.50270613
0.50227622
0.50227622
0.50227622
0.50227622
0.50216010
0.50216010
0.50216010
0.50216010
0.50193685
0.50193685
0.50193685
0.50193685
0.50177730
0.50177730
0.50177730
0.50177730
0.50177730
0.50177730
0.50177730
0.50177730
0.50096276
0.50096276
0.50096276
0.50096276
0.50092472
0.50092472
0.50092472
0.50092472
0.50071248
0.50071248
0.50071248
0.50071248
0.50017015
0.50017015
0.50017015
0.50017015
0.50000618
0.50000618
0.50000618
0.50000618
0.50000154
0.50000154
0.50000154
0.50000154
0.70499927
0.70499927
0.70499927
0.70499927
0.70499810
0.70499810
0.70499810
0.70499810
0.70493307
0.70493307
0.70493307
0.70493307
0.70418362
0.70418362
0.70418362
0.70418362
0.70418362
0.70418362
0.70418362
0.70418362
0.70308951
0.70308951
0.70308951
0.70308951
0.70218177
0.70218177
0.70218177
0.70218177
0.70166265
0.70166265
0.70166265
0.70166265
0.70141803
0.70141803
0.70141803
0.70141803
0.70129252
0.70129252
0.70129252
0.70129252
0.70063303
0.70063303
0.70063303
0.70063303
0.70049476
0.70049476
0.70049476
0.70049476
0.69992052
0.69992052
0.69992052
0.69992052
0.69746781
0.69746781
0.69746781
0.69746781
0.69475828
0.69475828
0.69475828
0.69475828
0.69269295
0.69269295
0.69269295
0.69269295
0.69269295
0.69269295
0.69269295
0.69269295
0.68486375
0.68486375
0.68486375
0.68486375
0.68221665
0.68221665
0.68221665
0.68221665
0.67926283
0.67926283
0.67926283
0.67926283
0.67479209
0.67479209
0.67479209
0.67479209
0.67340764
0.67340764
0.67340764
0.67340764
0.67235178
0.67235178
0.67235178
0.67235178
0.67199653
0.67199653
0.67199653
0.67199653
0.67001347
0.67001347
0.67001347
0.67001347
0.66590275
0.66590275
0.66590275
0.66590275
0.66571143
0.66571143
0.66571143
0.66571143
0.66080646
0.66080646
0.66080646
0.66080646
0.65939217
0.65939217
0.65939217
0.65939217
0.65713489
0.65713489
0.65713489
0.65713489
0.65206783
0.65206783
0.65206783
0.65206783
0.65206783
0.65206783
0.65206783
0.65206783
0.65120510
0.65120510
0.65120510
0.65120510
0.64681732
0.64681732
0.64681732
0.64681732
0.64480405
0.64480405
0.64480405
0.64480405
0.64024914
0.64024914
0.64024914
0.64024914
0.63978777
0.63978777
0.63978777
0.63978777
0.63629516
0.63629516
0.63629516
0.63629516
0.63035592
0.63035592
0.63035592
0.63035592
0.62721448
0.62721448
0.62721448
0.62721448
0.62428564
0.62428564
0.62428564
0.62428564
0.62157838
0.62157838
0.62157838
0.62157838
0.62009327
0.62009327
0.62009327
0.62009327
0.61885142
0.61885142
0.61885142
0.61885142
0.61860260
0.61860260
0.61860260
0.61860260
0.61710665
0.61710665
0.61710665
0.61710665
0.61284216
0.61284216
0.61284216
0.61284216
0.61208598
0.61208598
0.61208598
0.61208598
0.60905179
0.60905179
0.60905179
0.60905179
0.60854473
0.60854473
0.60854473
0.60854473
0.59911224
0.59911224
0.59911224
0.59911224
0.59732023
0.59732023
0.59732023
0.59732023
0.59450221
0.59450221
0.59450221
0.59450221
0.59142741
0.59142741
0.59142741
0.59142741
0.58861060
0.58861060
0.58861060
0.58861060
0.58758716
0.58758716
0.58758716
0.58758716
0.58630875
0.58630875
0.58630875
0.58630875
0.58452100
0.58452100
0.58452100
0.58452100
0.57765757
0.57765757
0.57765757
0.57765757
0.57639393
0.57639393
0.57639393
0.57639393
0.57588926
0.57588926
0.57588926
0.57588926
0.57538505
0.57538505
0.57538505
0.57538505
0.57513312
0.57513312
0.57513312
0.57513312
0.57412666
0.57412666
0.57412666
0.57412666
0.57186984
0.57186984
0.57186984
0.57186984
0.57186984
0.57186984
0.57186984
0.57186984
0.56863098
0.56863098
0.56863098
0.56863098
0.56863098
0.56863098
0.56863098
0.56863098
0.56788744
0.56788744
0.56788744
0.56788744
0.56788744
0.56788744
0.56788744
0.56788744
0.56689846
0.56689846
0.56689846
0.56689846
0.56689846
0.56689846
0.56689846
0.56689846
0.56591237
0.56591237
0.56591237
0.56591237
0.56591237
0.56591237
0.56591237
0.56591237
0.55718593
0.55718593
0.55718593
0.55718593
0.55718593
0.55718593
0.55718593
0.55718593
0.55340725
0.55340725
0.55340725
0.55340725
0.55340725
0.55340725
0.55340725
0.55340725
0.55108161
0.55108161
0.55108161
0.55108161
0.55108161
0.55108161
0.55108161
0.55108161
0.54924254
0.54924254
0.54924254
0.54924254
0.54924254
0.54924254
0.54924254
0.54924254
0.54924254
0.54924254
0.54924254
0.54924254
0.54924254
0.54924254
0.54924254
0.54924254
0.54101253
0.54101253
0.54101253
0.54101253
0.54101253
0.54101253
0.54101253
0.54101253
0.53908595
0.53908595
0.53908595
0.53908595
0.53908595
0.53908595
0.53908595
0.53908595
0.53512590
0.53512590
0.53512590
0.53512590
0.53512590
0.53512590
0.53512590
0.53512590
0.52900409
0.52900409
0.52900409
0.52900409
0.52900409
0.52900409
0.52900409
0.52900409
0.52731179
0.52731179
0.52731179
0.52731179
0.52731179
0.52731179
0.52731179
0.52731179
0.52214057
0.52214057
0.52214057
0.52214057
0.52214057
0.52214057
0.52214057
0.52214057
0.52163124
0.52163124
0.52163124
0.52163124
0.52163124
0.52163124
0.52163124
0.52163124
0.51712313
0.51712313
0.51712313
0.51712313
0.51712313
0.51712313
0.51712313
0.51712313
0.51533217
0.51533217
0.51533217
0.51533217
0.51533217
0.51533217
0.51533217
0.51533217
0.51201764
0.51201764
0.51201764
0.51201764
0.51201764
0.51201764
0.51201764
0.51201764
0.50692002
0.50692002
0.50692002
0.50692002
0.50692002
0.50692002
0.50692002
0.50692002
0.50331233
0.50331233
0.50331233
0.50331233
0.50331233
0.50331233
0.50331233
0.50331233
0.50296816
0.50296816
0.50296816
0.50296816
0.50296816
0.50296816
0.50296816
0.50296816
0.50270613
0.50270613
0.50270613
0.50270613
0.50270613
0.50270613
0.50270613
0.50270613
0.50227622
0.50227622
0.50227622
0.50227622
0.50227622
0.50227622
0.50227622
0.50227622
0.50216010
0.50216010
0.50216010
0.50216010
0.50216010
0.50216010
0.50216010
0.50216010
0.50193685
0.50193685
0.50193685
0.50193685
0.50193685
0.50193685
0.50193685
0.50193685
0.50177730
0.50177730
0.50177730
0.50177730
0.50177730
0.50177730
0.50177730
0.50177730
0.50177730
0.50177730
0.50177730
0.50177730
0.50177730
0.50177730
0.50177730
0.50177730
0.50096276
0.50096276
0.50096276
0.50096276
0.50096276
0.50096276
0.50096276
0.50096276
0.50092472
0.50092472
0.50092472
0.50092472
0.50092472
0.50092472
0.50092472
0.50092472
0.50071248
0.50071248
0.50071248
0.50071248
0.50071248
0.50071248
0.50071248
0.50071248
0.50017015
0.50017015
0.50017015
0.50017015
0.50017015
0.50017015
0.50017015
0.50017015
0.50000618
0.50000618
0.50000618
0.50000618
0.50000618
0.50000618
0.50000618
0.50000618
0.50000154
0.50000154
0.50000154
0.50000154
0.50000154
0.50000154
0.50000154
0.50000154
