0.62034118
0.51025489
0.70295034
0.62745732
0.63441006
0.65142125
0.68385205
0.50390125
0.50576039
0.67530432
0.51996966
0.58299092
0.56054541
0.70483388
0.52749785
0.62599738
0.68654488
0.65837135
0.69587060
0.70245140
0.58273613
0.61959698
0.57943100
0.69992052
0.61660689
0.50367491
0.70483388
0.57538505
0.62624118
0.58401072
0.67714961
0.55623493
0.59527091
0.50245599
0.50007564
0.62453072
0.56443888
0.58528686
0.60676728
0.50239532
0.67747952
0.61610658
0.59219603
0.69587060
0.50421326
0.63155488
0.50100156
0.51621676
0.66532764
0.64322226
0.50039487
0.70304366
0.50044572
0.70359755
0.60218018
0.55623493
0.70421320
0.67845880
0.62891026
0.52197024
0.66318977
0.54144490
0.59911224
0.50030239
0.60498597
0.65837135
0.63746558
0.66666421
0.67973994
0.70322382
0.59629570
0.53492168
0.70189872
0.64659478
0.58171773
0.70234516
0.57337317
0.64703957
0.59398972
0.68893865
0.50367491
0.53310337
0.69764592
0.50437363
0.57437809
0.65754842
0.50530731
0.50204698
0.67146057
0.54562554
0.54764978
0.50028119
0.52694118
0.55814097
0.50495771
0.57943100
0.58350069
0.65335234
0.57614154
0.67128110
0.57614154
0.57538505
0.57437809
0.57337317
0.56443888
0.56054541
0.55814097
0.55623493
0.55623493
0.54764978
0.54562554
0.54144490
0.53492168
0.53310337
0.52749785
0.52694118
0.52197024
0.51996966
0.51621676
0.51025489
0.50576039
0.50530731
0.50495771
0.50437363
0.50421326
0.50390125
0.50367491
0.50367491
0.50245599
0.50239532
0.50204698
0.50100156
0.50044572
0.50039487
0.50030239
0.50028119
0.50007564
0.70483388
0.70483388
0.70421320
0.70359755
0.70322382
0.70304366
0.70295034
0.70245140
0.70234516
0.70189872
0.69992052
0.69764592
0.69587060
0.69587060
0.68893865
0.68654488
0.68385205
0.67973994
0.67845880
0.67747952
0.67714961
0.67530432
0.67146057
0.67128110
0.66666421
0.66532764
0.66318977
0.65837135
0.65837135
0.65754842
0.65335234
0.65142125
0.64703957
0.64659478
0.64322226
0.63746558
0.63441006
0.63155488
0.62891026
0.62745732
0.62624118
0.62599738
0.62453072
0.62034118
0.61959698
0.61660689
0.61610658
0.60676728
0.60498597
0.60218018
0.59911224
0.59629570
0.59527091
0.59398972
0.59219603
0.58528686
0.58401072
0.58350069
0.58299092
0.58273613
0.58171773
0.57943100
0.57943100
0.57614154
0.57614154
0.57538505
0.57538505
0.57437809
0.57437809
0.57337317
0.57337317
0.56443888
0.56443888
0.56054541
0.56054541
0.55814097
0.55814097
0.55623493
0.55623493
0.55623493
0.55623493
0.54764978
0.54764978
0.54562554
0.54562554
0.54144490
0.54144490
0.53492168
0.53492168
0.53310337
0.53310337
0.52749785
0.52749785
0.52694118
0.52694118
0.52197024
0.52197024
0.51996966
0.51996966
0.51621676
0.51621676
0.51025489
0.51025489
0.50576039
0.50576039
0.50530731
0.50530731
0.50495771
0.50495771
0.50437363
0.50437363
0.50421326
0.50421326
0.50390125
0.50390125
0.50367491
0.50367491
0.50367491
0.50367491
0.50245599
0.50245599
0.50239532
0.50239532
0.50204698
0.50204698
0.50100156
0.50100156
0.50044572
0.50044572
0.50039487
0.50039487
0.50030239
0.50030239
0.50028119
0.50028119
0.50007564
0.50007564
0.70483388
0.70483388
0.70483388
0.70483388
0.70421320
0.70421320
0.70359755
0.70359755
0.70322382
0.70322382
0.70304366
0.70304366
0.70295034
0.70295034
0.70245140
0.70245140
0.70234516
0.70234516
0.70189872
0.70189872
0.69992052
0.69992052
0.69764592
0.69764592
0.69587060
0.69587060
0.69587060
0.69587060
0.68893865
0.68893865
0.68654488
0.68654488
0.68385205
0.68385205
0.67973994
0.67973994
0.67845880
0.67845880
0.67747952
0.67747952
0.67714961
0.67714961
0.67530432
0.67530432
0.67146057
0.67146057
0.67128110
0.67128110
0.66666421
0.66666421
0.66532764
0.66532764
0.66318977
0.66318977
0.65837135
0.65837135
0.65837135
0.65837135
0.65754842
0.65754842
0.65335234
0.65335234
0.65142125
0.65142125
0.64703957
0.64703957
0.64659478
0.64659478
0.64322226
0.64322226
0.63746558
0.63746558
0.63441006
0.63441006
0.63155488
0.63155488
0.62891026
0.62891026
0.62745732
0.62745732
0.62624118
0.62624118
0.62599738
0.62599738
0.62453072
0.62453072
0.62034118
0.62034118
0.61959698
0.61959698
0.61660689
0.61660689
0.61610658
0.61610658
0.60676728
0.60676728
0.60498597
0.60498597
0.60218018
0.60218018
0.59911224
0.59911224
0.59629570
0.59629570
0.59527091
0.59527091
0.59398972
0.59398972
0.59219603
0.59219603
0.58528686
0.58528686
0.58401072
0.58401072
0.58350069
0.58350069
0.58299092
0.58299092
0.58273613
0.58273613
0.58171773
0.58171773
0.57943100
0.57943100
0.57943100
0.57943100
0.57614154
0.57614154
0.57614154
0.57614154
0.57538505
0.57538505
0.57538505
0.57538505
0.57437809
0.57437809
0.57437809
0.57437809
0.57337317
0.57337317
0.57337317
0.57337317
0.56443888
0.56443888
0.56443888
0.56443888
0.56054541
0.56054541
0.56054541
0.56054541
0.55814097
0.55814097
0.55814097
0.55814097
0.55623493
0.55623493
0.55623493
0.55623493
0.55623493
0.55623493
0.55623493
0.55623493
0.54764978
0.54764978
0.54764978
0.54764978
0.54562554
0.54562554
0.54562554
0.54562554
0.54144490
0.54144490
0.54144490
0.54144490
0.53492168
0.53492168
0.53492168
0.53492168
0.53310337
0.53310337
0.53310337
0.53310337
0.52749785
0.52749785
0.52749785
0.52749785
0.52694118
0.52694118
0.52694118
0.52694118
0.52197024
0.52197024
0.52197024
0.52197024
0.51996966
0.51996966
0.51996966
0.51996966
0.51621676
0.51621676
0.51621676
0.51621676
0.51025489
0.51025489
0.51025489
0.51025489
0.50576039
0.50576039
0.50576039
0.50576039
0.50530731
0.50530731
0.50530731
0.50530731
0.50495771
0.50495771
0.50495771
0.50495771
0.50437363
0.50437363
0.50437363
0.50437363
0.50421326
0.50421326
0.50421326
0.50421326
0.50390125
0.50390125
0.50390125
0.50390125
0.50367491
0.50367491
0.50367491
0.50367491
0.50367491
0.50367491
0.50367491
0.50367491
0.50245599
0.50245599
0.50245599
0.50245599
0.50239532
0.50239532
0.50239532
0.50239532
0.50204698
0.50204698
0.50204698
0.50204698
0.50100156
0.50100156
0.50100156
0.50100156
0.50044572
0.50044572
0.50044572
0.50044572
0.50039487
0.50039487
0.50039487
0.50039487
0.50030239
0.50030239
0.50030239
0.50030239
0.50028119
0.50028119
0.50028119
0.50028119
0.50007564
0.50007564
0.50007564
0.50007564
0.70483388
0.70483388
0.70483388
0.70483388
0.70483388
0.70483388
0.70483388
0.70483388
0.70421320
0.70421320
0.70421320
0.70421320
0.70359755
0.70359755
0.70359755
0.70359755
0.70322382
0.70322382
0.70322382
0.70322382
0.70304366
0.70304366
0.70304366
0.70304366
0.70295034
0.70295034
0.70295034
0.70295034
0.70245140
0.70245140
0.70245140
0.70245140
0.70234516
0.70234516
0.70234516
0.70234516
0.70189872
0.70189872
0.70189872
0.70189872
0.69992052
0.69992052
0.69992052
0.69992052
0.69764592
0.69764592
0.69764592
0.69764592
0.69587060
0.69587060
0.69587060
0.69587060
0.69587060
0.69587060
0.69587060
0.69587060
0.68893865
0.68893865
0.68893865
0.68893865
0.68654488
0.68654488
0.68654488
0.68654488
0.68385205
0.68385205
0.68385205
0.68385205
0.67973994
0.67973994
0.67973994
0.67973994
0.67845880
0.67845880
0.67845880
0.67845880
0.67747952
0.67747952
0.67747952
0.67747952
0.67714961
0.67714961
0.67714961
0.67714961
0.67530432
0.67530432
0.67530432
0.67530432
0.67146057
0.67146057
0.67146057
0.67146057
0.67128110
0.67128110
0.67128110
0.67128110
0.66666421
0.66666421
0.66666421
0.66666421
0.66532764
0.66532764
0.66532764
0.66532764
0.66318977
0.66318977
0.66318977
0.66318977
0.65837135
0.65837135
0.65837135
0.65837135
0.65837135
0.65837135
0.65837135
0.65837135
0.65754842
0.65754842
0.65754842
0.65754842
0.65335234
0.65335234
0.65335234
0.65335234
0.65142125
0.65142125
0.65142125
0.65142125
0.64703957
0.64703957
0.64703957
0.64703957
0.64659478
0.64659478
0.64659478
0.64659478
0.64322226
0.64322226
0.64322226
0.64322226
0.63746558
0.63746558
0.63746558
0.63746558
0.63441006
0.63441006
0.63441006
0.63441006
0.63155488
0.63155488
0.63155488
0.63155488
0.62891026
0.62891026
0.62891026
0.62891026
0.62745732
0.62745732
0.62745732
0.62745732
0.62624118
0.62624118
0.62624118
0.62624118
0.62599738
0.62599738
0.62599738
0.62599738
0.62453072
0.62453072
0.62453072
0.62453072
0.62034118
0.62034118
0.62034118
0.62034118
0.61959698
0.61959698
0.61959698
0.61959698
0.61660689
0.61660689
0.61660689
0.61660689
0.61610658
0.61610658
0.61610658
0.61610658
0.60676728
0.60676728
0.60676728
0.60676728
0.60498597
0.60498597
0.60498597
0.60498597
0.60218018
0.60218018
0.60218018
0.60218018
0.59911224
0.59911224
0.59911224
0.59911224
0.59629570
0.59629570
0.59629570
0.59629570
0.59527091
0.59527091
0.59527091
0.59527091
0.59398972
0.59398972
0.59398972
0.59398972
0.59219603
0.59219603
0.59219603
0.59219603
0.58528686
0.58528686
0.58528686
0.58528686
0.58401072
0.58401072
0.58401072
0.58401072
0.58350069
0.58350069
0.58350069
0.58350069
0.58299092
0.58299092
0.58299092
0.58299092
0.58273613
0.58273613
0.58273613
0.58273613
0.58171773
0.58171773
0.58171773
0.58171773
0.57943100
0.57943100
0.57943100
0.57943100
0.57943100
0.57943100
0.57943100
0.57943100
0.57614154
0.57614154
0.57614154
0.57614154
0.57614154
0.57614154
0.57614154
0.57614154
0.57538505
0.57538505
0.57538505
0.57538505
0.57538505
0.57538505
0.57538505
0.57538505
0.57437809
0.57437809
0.57437809
0.57437809
0.57437809
0.57437809
0.57437809
0.57437809
0.57337317
0.57337317
0.57337317
0.57337317
0.57337317
0.57337317
0.57337317
0.57337317
0.56443888
0.56443888
0.56443888
0.56443888
0.56443888
0.56443888
0.56443888
0.56443888
0.56054541
0.56054541
0.56054541
0.56054541
0.56054541
0.56054541
0.56054541
0.56054541
0.55814097
0.55814097
0.55814097
0.55814097
0.55814097
0.55814097
0.55814097
0.55814097
0.55623493
0.55623493
0.55623493
0.55623493
0.55623493
0.55623493
0.55623493
0.55623493
0.55623493
0.55623493
0.55623493
0.55623493
0.55623493
0.55623493
0.55623493
0.55623493
0.54764978
0.54764978
0.54764978
0.54764978
0.54764978
0.54764978
0.54764978
0.54764978
0.54562554
0.54562554
0.54562554
0.54562554
0.54562554
0.54562554
0.54562554
0.54562554
0.54144490
0.54144490
0.54144490
0.54144490
0.54144490
0.54144490
0.54144490
0.54144490
0.53492168
0.53492168
0.53492168
0.53492168
0.53492168
0.53492168
0.53492168
0.53492168
0.53310337
0.53310337
0.53310337
0.53310337
0.53310337
0.53310337
0.53310337
0.53310337
0.52749785
0.52749785
0.52749785
0.52749785
0.52749785
0.52749785
0.52749785
0.52749785
0.52694118
0.52694118
0.52694118
0.52694118
0.52694118
0.52694118
0.52694118
0.52694118
0.52197024
0.52197024
0.52197024
0.52197024
0.52197024
0.52197024
0.52197024
0.52197024
0.51996966
0.51996966
0.51996966
0.51996966
0.51996966
0.51996966
0.51996966
0.51996966
0.51621676
0.51621676
0.51621676
0.51621676
0.51621676
0.51621676
0.51621676
0.51621676
0.51025489
0.51025489
0.51025489
0.51025489
0.51025489
0.51025489
0.51025489
0.51025489
0.50576039
0.50576039
0.50576039
0.50576039
0.50576039
0.50576039
0.50576039
0.50576039
0.50530731
0.50530731
0.50530731
0.50530731
0.50530731
0.50530731
0.50530731
0.50530731
0.50495771
0.50495771
0.50495771
0.50495771
0.50495771
0.50495771
0.50495771
0.50495771
0.50437363
0.50437363
0.50437363
0.50437363
0.50437363
0.50437363
0.50437363
0.50437363
0.50421326
0.50421326
0.50421326
0.50421326
0.50421326
0.50421326
0.50421326
0.50421326
0.50390125
0.50390125
0.50390125
0.50390125
0.50390125
0.50390125
0.50390125
0.50390125
0.50367491
0.50367491
0.50367491
0.50367491
0.50367491
0.50367491
0.50367491
0.50367491
0.50367491
0.50367491
0.50367491
0.50367491
0.50367491
0.50367491
0.50367491
0.50367491
0.50245599
0.50245599
0.50245599
0.50245599
0.50245599
0.50245599
0.50245599
0.50245599
0.50239532
0.50239532
0.50239532
0.50239532
0.50239532
0.50239532
0.50239532
0.50239532
0.50204698
0.50204698
0.50204698
0.50204698
0.50204698
0.50204698
0.50204698
0.50204698
0.50100156
0.50100156
0.50100156
0.50100156
0.50100156
0.50100156
0.50100156
0.50100156
0.50044572
0.50044572
0.50044572
0.50044572
0.50044572
0.50044572
0.50044572
0.50044572
0.50039487
0.50039487
0.50039487
0.50039487
0.50039487
0.50039487
0.50039487
0.50039487
0.50030239
0.50030239
0.50030239
0.50030239
0.50030239
0.50030239
0.50030239
0.50030239
0.50028119
0.50028119
0.50028119
0.50028119
0.50028119
0.50028119
0.50028119
0.50028119
0.50007564
0.50007564
0.50007564
0.50007564
0.50007564
0.50007564
0.50007564
0.50007564
