0.62769997
0.51418711
0.70412282
0.63464652
0.64139800
0.65775467
0.68802615
0.50652221
0.50884742
0.68021306
0.52511863
0.59065893
0.56788744
0.50000965
0.53330363
0.63322432
0.69044780
0.66436151
0.69858839
0.70378621
0.59040280
0.62697144
0.58707567
0.70189872
0.62404039
0.50623123
0.50000965
0.58299092
0.63346192
0.59168360
0.68191337
0.56346048
0.60294610
0.50461962
0.50074594
0.63179403
0.57186984
0.59296473
0.61435140
0.50453690
0.68221665
0.62354935
0.59987978
0.69858839
0.50692002
0.63862983
0.50251741
0.52095989
0.67092094
0.64990159
0.50147854
0.70418362
0.50157511
0.70452570
0.60981168
0.56346048
0.70484709
0.68311556
0.63606036
0.52731179
0.66891126
0.54810325
0.60676728
0.50129448
0.61259022
0.66436151
0.64435351
0.67217436
0.68428842
0.70429868
0.60396653
0.54122853
0.70339533
0.65313906
0.58937852
0.70371237
0.58095473
0.65356530
0.60166930
0.69257924
0.50623123
0.53929846
0.70006725
0.50712311
0.58197222
0.66358184
0.50828970
0.50405580
0.67665150
0.55247352
0.55458072
0.50125035
0.53270418
0.56542044
0.50785583
0.58707567
0.59117123
0.65959528
0.58375567
0.67648460
0.58375567
0.58299092
0.58197222
0.58095473
0.57186984
0.56788744
0.56542044
0.56346048
0.56346048
0.55458072
0.55247352
0.54810325
0.54122853
0.53929846
0.53330363
0.53270418
0.52731179
0.52511863
0.52095989
0.51418711
0.50884742
0.50828970
0.50785583
0.50712311
0.50692002
0.50652221
0.50623123
0.50623123
0.50461962
0.50453690
0.50405580
0.50251741
0.50157511
0.50147854
0.50129448
0.50125035
0.50074594
0.50000965
0.50000965
0.70484709
0.70452570
0.70429868
0.70418362
0.70412282
0.70378621
0.70371237
0.70339533
0.70189872
0.70006725
0.69858839
0.69858839
0.69257924
0.69044780
0.68802615
0.68428842
0.68311556
0.68221665
0.68191337
0.68021306
0.67665150
0.67648460
0.67217436
0.67092094
0.66891126
0.66436151
0.66436151
0.66358184
0.65959528
0.65775467
0.65356530
0.65313906
0.64990159
0.64435351
0.64139800
0.63862983
0.63606036
0.63464652
0.63346192
0.63322432
0.63179403
0.62769997
0.62697144
0.62404039
0.62354935
0.61435140
0.61259022
0.60981168
0.60676728
0.60396653
0.60294610
0.60166930
0.59987978
0.59296473
0.59168360
0.59117123
0.59065893
0.59040280
0.58937852
0.58707567
0.58707567
0.58375567
0.58375567
0.58299092
0.58299092
0.58197222
0.58197222
0.58095473
0.58095473
0.57186984
0.57186984
0.56788744
0.56788744
0.56542044
0.56542044
0.56346048
0.56346048
0.56346048
0.56346048
0.55458072
0.55458072
0.55247352
0.55247352
0.54810325
0.54810325
0.54122853
0.54122853
0.53929846
0.53929846
0.53330363
0.53330363
0.53270418
0.53270418
0.52731179
0.52731179
0.52511863
0.52511863
0.52095989
0.52095989
0.51418711
0.51418711
0.50884742
0.50884742
0.50828970
0.50828970
0.50785583
0.50785583
0.50712311
0.50712311
0.50692002
0.50692002
0.50652221
0.50652221
0.50623123
0.50623123
0.50623123
0.50623123
0.50461962
0.50461962
0.50453690
0.50453690
0.50405580
0.50405580
0.50251741
0.50251741
0.50157511
0.50157511
0.50147854
0.50147854
0.50129448
0.50129448
0.50125035
0.50125035
0.50074594
0.50074594
0.50000965
0.50000965
0.50000965
0.50000965
0.70484709
0.70484709
0.70452570
0.70452570
0.70429868
0.70429868
0.70418362
0.70418362
0.70412282
0.70412282
0.70378621
0.70378621
0.70371237
0.70371237
0.70339533
0.70339533
0.70189872
0.70189872
0.70006725
0.70006725
0.69858839
0.69858839
0.69858839
0.69858839
0.69257924
0.69257924
0.69044780
0.69044780
0.68802615
0.68802615
0.68428842
0.68428842
0.68311556
0.68311556
0.68221665
0.68221665
0.68191337
0.68191337
0.68021306
0.68021306
0.67665150
0.67665150
0.67648460
0.67648460
0.67217436
0.67217436
0.67092094
0.67092094
0.66891126
0.66891126
0.66436151
0.66436151
0.66436151
0.66436151
0.66358184
0.66358184
0.65959528
0.65959528
0.65775467
0.65775467
0.65356530
0.65356530
0.65313906
0.65313906
0.64990159
0.64990159
0.64435351
0.64435351
0.64139800
0.64139800
0.63862983
0.63862983
0.63606036
0.63606036
0.63464652
0.63464652
0.63346192
0.63346192
0.63322432
0.63322432
0.63179403
0.63179403
0.62769997
0.62769997
0.62697144
0.62697144
0.62404039
0.62404039
0.62354935
0.62354935
0.61435140
0.61435140
0.61259022
0.61259022
0.60981168
0.60981168
0.60676728
0.60676728
0.60396653
0.60396653
0.60294610
0.60294610
0.60166930
0.60166930
0.59987978
0.59987978
0.59296473
0.59296473
0.59168360
0.59168360
0.59117123
0.59117123
0.59065893
0.59065893
0.59040280
0.59040280
0.58937852
0.58937852
0.58707567
0.58707567
0.58707567
0.58707567
0.58375567
0.58375567
0.58375567
0.58375567
0.58299092
0.58299092
0.58299092
0.58299092
0.58197222
0.58197222
0.58197222
0.58197222
0.58095473
0.58095473
0.58095473
0.58095473
0.57186984
0.57186984
0.57186984
0.57186984
0.56788744
0.56788744
0.56788744
0.56788744
0.56542044
0.56542044
0.56542044
0.56542044
0.56346048
0.56346048
0.56346048
0.56346048
0.56346048
0.56346048
0.56346048
0.56346048
0.55458072
0.55458072
0.55458072
0.55458072
0.55247352
0.55247352
0.55247352
0.55247352
0.54810325
0.54810325
0.54810325
0.54810325
0.54122853
0.54122853
0.54122853
0.54122853
0.53929846
0.53929846
0.53929846
0.53929846
0.53330363
0.53330363
0.53330363
0.53330363
0.53270418
0.53270418
0.53270418
0.53270418
0.52731179
0.52731179
0.52731179
0.52731179
0.52511863
0.52511863
0.52511863
0.52511863
0.52095989
0.52095989
0.52095989
0.52095989
0.51418711
0.51418711
0.51418711
0.51418711
0.50884742
0.50884742
0.50884742
0.50884742
0.50828970
0.50828970
0.50828970
0.50828970
0.50785583
0.50785583
0.50785583
0.50785583
0.50712311
0.50712311
0.50712311
0.50712311
0.50692002
0.50692002
0.50692002
0.50692002
0.50652221
0.50652221
0.50652221
0.50652221
0.50623123
0.50623123
0.50623123
0.50623123
0.50623123
0.50623123
0.50623123
0.50623123
0.50461962
0.50461962
0.50461962
0.50461962
0.50453690
0.50453690
0.50453690
0.50453690
0.50405580
0.50405580
0.50405580
0.50405580
0.50251741
0.50251741
0.50251741
0.50251741
0.50157511
0.50157511
0.50157511
0.50157511
0.50147854
0.50147854
0.50147854
0.50147854
0.50129448
0.50129448
0.50129448
0.50129448
0.50125035
0.50125035
0.50125035
0.50125035
0.50074594
0.50074594
0.50074594
0.50074594
0.50000965
0.50000965
0.50000965
0.50000965
0.50000965
0.50000965
0.50000965
0.50000965
0.70484709
0.70484709
0.70484709
0.70484709
0.70452570
0.70452570
0.70452570
0.70452570
0.70429868
0.70429868
0.70429868
0.70429868
0.70418362
0.70418362
0.70418362
0.70418362
0.70412282
0.70412282
0.70412282
0.70412282
0.70378621
0.70378621
0.70378621
0.70378621
0.70371237
0.70371237
0.70371237
0.70371237
0.70339533
0.70339533
0.70339533
0.70339533
0.70189872
0.70189872
0.70189872
0.70189872
0.70006725
0.70006725
0.70006725
0.70006725
0.69858839
0.69858839
0.69858839
0.69858839
0.69858839
0.69858839
0.69858839
0.69858839
0.69257924
0.69257924
0.69257924
0.69257924
0.69044780
0.69044780
0.69044780
0.69044780
0.68802615
0.68802615
0.68802615
0.68802615
0.68428842
0.68428842
0.68428842
0.68428842
0.68311556
0.68311556
0.68311556
0.68311556
0.68221665
0.68221665
0.68221665
0.68221665
0.68191337
0.68191337
0.68191337
0.68191337
0.68021306
0.68021306
0.68021306
0.68021306
0.67665150
0.67665150
0.67665150
0.67665150
0.67648460
0.67648460
0.67648460
0.67648460
0.67217436
0.67217436
0.67217436
0.67217436
0.67092094
0.67092094
0.67092094
0.67092094
0.66891126
0.66891126
0.66891126
0.66891126
0.66436151
0.66436151
0.66436151
0.66436151
0.66436151
0.66436151
0.66436151
0.66436151
0.66358184
0.66358184
0.66358184
0.66358184
0.65959528
0.65959528
0.65959528
0.65959528
0.65775467
0.65775467
0.65775467
0.65775467
0.65356530
0.65356530
0.65356530
0.65356530
0.65313906
0.65313906
0.65313906
0.65313906
0.64990159
0.64990159
0.64990159
0.64990159
0.64435351
0.64435351
0.64435351
0.64435351
0.64139800
0.64139800
0.64139800
0.64139800
0.63862983
0.63862983
0.63862983
0.63862983
0.63606036
0.63606036
0.63606036
0.63606036
0.63464652
0.63464652
0.63464652
0.63464652
0.63346192
0.63346192
0.63346192
0.63346192
0.63322432
0.63322432
0.63322432
0.63322432
0.63179403
0.63179403
0.63179403
0.63179403
0.62769997
0.62769997
0.62769997
0.62769997
0.62697144
0.62697144
0.62697144
0.62697144
0.62404039
0.62404039
0.62404039
0.62404039
0.62354935
0.62354935
0.62354935
0.62354935
0.61435140
0.61435140
0.61435140
0.61435140
0.61259022
0.61259022
0.61259022
0.61259022
0.60981168
0.60981168
0.60981168
0.60981168
0.60676728
0.60676728
0.60676728
0.60676728
0.60396653
0.60396653
0.60396653
0.60396653
0.60294610
0.60294610
0.60294610
0.60294610
0.60166930
0.60166930
0.60166930
0.60166930
0.59987978
0.59987978
0.59987978
0.59987978
0.59296473
0.59296473
0.59296473
0.59296473
0.59168360
0.59168360
0.59168360
0.59168360
0.59117123
0.59117123
0.59117123
0.59117123
0.59065893
0.59065893
0.59065893
0.59065893
0.59040280
0.59040280
0.59040280
0.59040280
0.58937852
0.58937852
0.58937852
0.58937852
0.58707567
0.58707567
0.58707567
0.58707567
0.58707567
0.58707567
0.58707567
0.58707567
0.58375567
0.58375567
0.58375567
0.58375567
0.58375567
0.58375567
0.58375567
0.58375567
0.58299092
0.58299092
0.58299092
0.58299092
0.58299092
0.58299092
0.58299092
0.58299092
0.58197222
0.58197222
0.58197222
0.58197222
0.58197222
0.58197222
0.58197222
0.58197222
0.58095473
0.58095473
0.58095473
0.58095473
0.58095473
0.58095473
0.58095473
0.58095473
0.57186984
0.57186984
0.57186984
0.57186984
0.57186984
0.57186984
0.57186984
0.57186984
0.56788744
0.56788744
0.56788744
0.56788744
0.56788744
0.56788744
0.56788744
0.56788744
0.56542044
0.56542044
0.56542044
0.56542044
0.56542044
0.56542044
0.56542044
0.56542044
0.56346048
0.56346048
0.56346048
0.56346048
0.56346048
0.56346048
0.56346048
0.56346048
0.56346048
0.56346048
0.56346048
0.56346048
0.56346048
0.56346048
0.56346048
0.56346048
0.55458072
0.55458072
0.55458072
0.55458072
0.55458072
0.55458072
0.55458072
0.55458072
0.55247352
0.55247352
0.55247352
0.55247352
0.55247352
0.55247352
0.55247352
0.55247352
0.54810325
0.54810325
0.54810325
0.54810325
0.54810325
0.54810325
0.54810325
0.54810325
0.54122853
0.54122853
0.54122853
0.54122853
0.54122853
0.54122853
0.54122853
0.54122853
0.53929846
0.53929846
0.53929846
0.53929846
0.53929846
0.53929846
0.53929846
0.53929846
0.53330363
0.53330363
0.53330363
0.53330363
0.53330363
0.53330363
0.53330363
0.53330363
0.53270418
0.53270418
0.53270418
0.53270418
0.53270418
0.53270418
0.53270418
0.53270418
0.52731179
0.52731179
0.52731179
0.52731179
0.52731179
0.52731179
0.52731179
0.52731179
0.52511863
0.52511863
0.52511863
0.52511863
0.52511863
0.52511863
0.52511863
0.52511863
0.52095989
0.52095989
0.52095989
0.52095989
0.52095989
0.52095989
0.52095989
0.52095989
0.51418711
0.51418711
0.51418711
0.51418711
0.51418711
0.51418711
0.51418711
0.51418711
0.50884742
0.50884742
0.50884742
0.50884742
0.50884742
0.50884742
0.50884742
0.50884742
0.50828970
0.50828970
0.50828970
0.50828970
0.50828970
0.50828970
0.50828970
0.50828970
0.50785583
0.50785583
0.50785583
0.50785583
0.50785583
0.50785583
0.50785583
0.50785583
0.50712311
0.50712311
0.50712311
0.50712311
0.50712311
0.50712311
0.50712311
0.50712311
0.50692002
0.50692002
0.50692002
0.50692002
0.50692002
0.50692002
0.50692002
0.50692002
0.50652221
0.50652221
0.50652221
0.50652221
0.50652221
0.50652221
0.50652221
0.50652221
0.50623123
0.50623123
0.50623123
0.50623123
0.50623123
0.50623123
0.50623123
0.50623123
0.50623123
0.50623123
0.50623123
0.50623123
0.50623123
0.50623123
0.50623123
0.50623123
0.50461962
0.50461962
0.50461962
0.50461962
0.50461962
0.50461962
0.50461962
0.50461962
0.50453690
0.50453690
0.50453690
0.50453690
0.50453690
0.50453690
0.50453690
0.50453690
0.50405580
0.50405580
0.50405580
0.50405580
0.50405580
0.50405580
0.50405580
0.50405580
0.50251741
0.50251741
0.50251741
0.50251741
0.50251741
0.50251741
0.50251741
0.50251741
0.50157511
0.50157511
0.50157511
0.50157511
0.50157511
0.50157511
0.50157511
0.50157511
0.50147854
0.50147854
0.50147854
0.50147854
0.50147854
0.50147854
0.50147854
0.50147854
0.50129448
0.50129448
0.50129448
0.50129448
0.50129448
0.50129448
0.50129448
0.50129448
0.50125035
0.50125035
0.50125035
0.50125035
0.50125035
0.50125035
0.50125035
0.50125035
0.50074594
0.50074594
0.50074594
0.50074594
0.50074594
0.50074594
0.50074594
0.50074594
0.50000965
0.50000965
0.50000965
0.50000965
0.50000965
0.50000965
0.50000965
0.50000965
0.50000965
0.50000965
0.50000965
0.50000965
0.50000965
0.50000965
0.50000965
0.50000965
