0.65163709
0.53191126
0.50085092
0.65775467
0.66358184
0.67714961
0.69907586
0.52029748
0.52404996
0.69401849
0.54629727
0.61710665
0.59424597
0.50453690
0.55623493
0.65651202
0.70049476
0.68236761
0.70432609
0.50052775
0.61685684
0.65098862
0.61359731
0.70499810
0.64836682
0.51980661
0.50453690
0.60955848
0.65671998
0.61810452
0.69516988
0.58963456
0.62891026
0.51697057
0.50828970
0.65525713
0.59834441
0.61934861
0.63955669
0.51681861
0.69537263
0.64792560
0.62599738
0.70432609
0.52095989
0.66120731
0.51281209
0.54101253
0.68735999
0.67074026
0.51037652
0.50092472
0.51062178
0.50147854
0.63535450
0.58963456
0.50245599
0.69596866
0.65898490
0.54901405
0.68585263
0.57312227
0.63251017
0.50989397
0.63793203
0.68236761
0.66609369
0.68828926
0.69673470
0.50108145
0.62987486
0.56542044
0.50028119
0.67340764
0.61585623
0.50047230
0.60752955
0.67375626
0.62769997
0.70166265
0.51980661
0.56321638
0.70474314
0.52129445
0.60854473
0.68176105
0.52317397
0.51591946
0.69153350
0.57791061
0.58019247
0.50977500
0.55552439
0.59168360
0.52248286
0.61359731
0.61760587
0.67862049
0.61031780
0.69141483
0.61031780
0.60955848
0.60854473
0.60752955
0.59834441
0.59424597
0.59168360
0.58963456
0.58963456
0.58019247
0.57791061
0.57312227
0.56542044
0.56321638
0.55623493
0.55552439
0.54901405
0.54629727
0.54101253
0.53191126
0.52404996
0.52317397
0.52248286
0.52129445
0.52095989
0.52029748
0.51980661
0.51980661
0.51697057
0.51681861
0.51591946
0.51281209
0.51062178
0.51037652
0.50989397
0.50977500
0.50828970
0.50453690
0.50453690
0.50245599
0.50147854
0.50108145
0.50092472
0.50085092
0.50052775
0.50047230
0.50028119
0.70499810
0.70474314
0.70432609
0.70432609
0.70166265
0.70049476
0.69907586
0.69673470
0.69596866
0.69537263
0.69516988
0.69401849
0.69153350
0.69141483
0.68828926
0.68735999
0.68585263
0.68236761
0.68236761
0.68176105
0.67862049
0.67714961
0.67375626
0.67340764
0.67074026
0.66609369
0.66358184
0.66120731
0.65898490
0.65775467
0.65671998
0.65651202
0.65525713
0.65163709
0.65098862
0.64836682
0.64792560
0.63955669
0.63793203
0.63535450
0.63251017
0.62987486
0.62891026
0.62769997
0.62599738
0.61934861
0.61810452
0.61760587
0.61710665
0.61685684
0.61585623
0.61359731
0.61359731
0.61031780
0.61031780
0.60955848
0.60955848
0.60854473
0.60854473
0.60752955
0.60752955
0.59834441
0.59834441
0.59424597
0.59424597
0.59168360
0.59168360
0.58963456
0.58963456
0.58963456
0.58963456
0.58019247
0.58019247
0.57791061
0.57791061
0.57312227
0.57312227
0.56542044
0.56542044
0.56321638
0.56321638
0.55623493
0.55623493
0.55552439
0.55552439
0.54901405
0.54901405
0.54629727
0.54629727
0.54101253
0.54101253
0.53191126
0.53191126
0.52404996
0.52404996
0.52317397
0.52317397
0.52248286
0.52248286
0.52129445
0.52129445
0.52095989
0.52095989
0.52029748
0.52029748
0.51980661
0.51980661
0.51980661
0.51980661
0.51697057
0.51697057
0.51681861
0.51681861
0.51591946
0.51591946
0.51281209
0.51281209
0.51062178
0.51062178
0.51037652
0.51037652
0.50989397
0.50989397
0.50977500
0.50977500
0.50828970
0.50828970
0.50453690
0.50453690
0.50453690
0.50453690
0.50245599
0.50245599
0.50147854
0.50147854
0.50108145
0.50108145
0.50092472
0.50092472
0.50085092
0.50085092
0.50052775
0.50052775
0.50047230
0.50047230
0.50028119
0.50028119
