0.65377793
0.53390710
0.50125035
0.65979803
0.66551972
0.67878173
0.69984637
0.52197024
0.52584150
0.69506774
0.54855801
0.61959698
0.59680800
0.50539650
0.55861996
0.65857622
0.70116488
0.68385205
0.70457015
0.50085092
0.61934861
0.65313906
0.61610658
0.50001891
0.65055474
0.52146257
0.50539650
0.61208598
0.65878073
0.62058894
0.69616325
0.59219603
0.63131552
0.51852281
0.50942211
0.65734183
0.60090262
0.62182533
0.64185569
0.51836494
0.69635579
0.65011962
0.62842674
0.70457015
0.52265482
0.66318977
0.51418711
0.54318929
0.68868034
0.67252879
0.51162912
0.50133936
0.51188749
0.50199154
0.63769893
0.59219603
0.50310361
0.69692108
0.66100707
0.55131286
0.68722532
0.57563709
0.63488274
0.51112021
0.64024914
0.68385205
0.66798184
0.68957596
0.69764592
0.50152645
0.63227168
0.56788744
0.50052775
0.67513400
0.61835363
0.50078017
0.61006479
0.67547421
0.63011550
0.70223677
0.52146257
0.56566631
0.70488343
0.52300038
0.61107622
0.68326378
0.52493920
0.51743004
0.69269295
0.58044647
0.58273613
0.51099462
0.55790184
0.59424597
0.52422675
0.61610658
0.62009327
0.68021306
0.61284216
0.69257924
0.61284216
0.61208598
0.61107622
0.61006479
0.60090262
0.59680800
0.59424597
0.59219603
0.59219603
0.58273613
0.58044647
0.57563709
0.56788744
0.56566631
0.55861996
0.55790184
0.55131286
0.54855801
0.54318929
0.53390710
0.52584150
0.52493920
0.52422675
0.52300038
0.52265482
0.52197024
0.52146257
0.52146257
0.51852281
0.51836494
0.51743004
0.51418711
0.51188749
0.51162912
0.51112021
0.51099462
0.50942211
0.50539650
0.50539650
0.50310361
0.50199154
0.50152645
0.50133936
0.50125035
0.50085092
0.50078017
0.50052775
0.50001891
0.70488343
0.70457015
0.70457015
0.70223677
0.70116488
0.69984637
0.69764592
0.69692108
0.69635579
0.69616325
0.69506774
0.69269295
0.69257924
0.68957596
0.68868034
0.68722532
0.68385205
0.68385205
0.68326378
0.68021306
0.67878173
0.67547421
0.67513400
0.67252879
0.66798184
0.66551972
0.66318977
0.66100707
0.65979803
0.65878073
0.65857622
0.65734183
0.65377793
0.65313906
0.65055474
0.65011962
0.64185569
0.64024914
0.63769893
0.63488274
0.63227168
0.63131552
0.63011550
0.62842674
0.62182533
0.62058894
0.62009327
0.61959698
0.61934861
0.61835363
0.61610658
0.61610658
0.61284216
0.61284216
0.61208598
0.61208598
0.61107622
0.61107622
0.61006479
0.61006479
0.60090262
0.60090262
0.59680800
0.59680800
0.59424597
0.59424597
0.59219603
0.59219603
0.59219603
0.59219603
0.58273613
0.58273613
0.58044647
0.58044647
0.57563709
0.57563709
0.56788744
0.56788744
0.56566631
0.56566631
0.55861996
0.55861996
0.55790184
0.55790184
0.55131286
0.55131286
0.54855801
0.54855801
0.54318929
0.54318929
0.53390710
0.53390710
0.52584150
0.52584150
0.52493920
0.52493920
0.52422675
0.52422675
0.52300038
0.52300038
0.52265482
0.52265482
0.52197024
0.52197024
0.52146257
0.52146257
0.52146257
0.52146257
0.51852281
0.51852281
0.51836494
0.51836494
0.51743004
0.51743004
0.51418711
0.51418711
0.51188749
0.51188749
0.51162912
0.51162912
0.51112021
0.51112021
0.51099462
0.51099462
0.50942211
0.50942211
0.50539650
0.50539650
0.50539650
0.50539650
0.50310361
0.50310361
0.50199154
0.50199154
0.50152645
0.50152645
0.50133936
0.50133936
0.50125035
0.50125035
0.50085092
0.50085092
0.50078017
0.50078017
0.50052775
0.50052775
0.50001891
0.50001891
