0.65796058
0.53802944
0.50227622
0.66377732
0.66928026
0.68191337
0.70122896
0.52547903
0.52957698
0.69701349
0.55317339
0.62453072
0.60192476
0.50732900
0.56346048
0.66259888
0.70234516
0.68668192
0.70489445
0.50172562
0.62428564
0.65734183
0.62108398
0.50028119
0.65483616
0.52493920
0.50732900
0.61710665
0.66279622
0.62550923
0.69799592
0.59732023
0.63606036
0.52180046
0.51188749
0.66140720
0.60600430
0.62672821
0.64637195
0.52163124
0.69816780
0.65441385
0.63322432
0.70489445
0.52620602
0.66704262
0.51712313
0.54764978
0.69117602
0.67598133
0.51432807
0.50239532
0.51461186
0.50324202
0.64231230
0.59732023
0.50461962
0.69867094
0.66494232
0.55599782
0.68982749
0.58070056
0.63955669
0.51376798
0.64480405
0.68668192
0.67163963
0.69200323
0.69931253
0.50264248
0.63699814
0.57287150
0.50125035
0.67845880
0.62330357
0.50162453
0.61510438
0.67878173
0.63488274
0.70322382
0.52493920
0.57062102
0.70499989
0.52657259
0.61610658
0.68613094
0.52862459
0.52062756
0.69486194
0.58554225
0.58784296
0.51362953
0.56272882
0.59936812
0.52787145
0.62108398
0.62502034
0.68326378
0.61785527
0.69475828
0.61785527
0.61710665
0.61610658
0.61510438
0.60600430
0.60192476
0.59936812
0.59732023
0.59732023
0.58784296
0.58554225
0.58070056
0.57287150
0.57062102
0.56346048
0.56272882
0.55599782
0.55317339
0.54764978
0.53802944
0.52957698
0.52862459
0.52787145
0.52657259
0.52620602
0.52547903
0.52493920
0.52493920
0.52180046
0.52163124
0.52062756
0.51712313
0.51461186
0.51432807
0.51376798
0.51362953
0.51188749
0.50732900
0.50732900
0.50461962
0.50324202
0.50264248
0.50239532
0.50227622
0.50172562
0.50162453
0.50125035
0.50028119
0.70499989
0.70489445
0.70489445
0.70322382
0.70234516
0.70122896
0.69931253
0.69867094
0.69816780
0.69799592
0.69701349
0.69486194
0.69475828
0.69200323
0.69117602
0.68982749
0.68668192
0.68668192
0.68613094
0.68326378
0.68191337
0.67878173
0.67845880
0.67598133
0.67163963
0.66928026
0.66704262
0.66494232
0.66377732
0.66279622
0.66259888
0.66140720
0.65796058
0.65734183
0.65483616
0.65441385
0.64637195
0.64480405
0.64231230
0.63955669
0.63699814
0.63606036
0.63488274
0.63322432
0.62672821
0.62550923
0.62502034
0.62453072
0.62428564
0.62330357
0.62108398
0.62108398
0.61785527
0.61785527
0.61710665
0.61710665
0.61610658
0.61610658
0.61510438
0.61510438
0.60600430
0.60600430
0.60192476
0.60192476
0.59936812
0.59936812
0.59732023
0.59732023
0.59732023
0.59732023
0.58784296
0.58784296
0.58554225
0.58554225
0.58070056
0.58070056
0.57287150
0.57287150
0.57062102
0.57062102
0.56346048
0.56346048
0.56272882
0.56272882
0.55599782
0.55599782
0.55317339
0.55317339
0.54764978
0.54764978
0.53802944
0.53802944
0.52957698
0.52957698
0.52862459
0.52862459
0.52787145
0.52787145
0.52657259
0.52657259
0.52620602
0.52620602
0.52547903
0.52547903
0.52493920
0.52493920
0.52493920
0.52493920
0.52180046
0.52180046
0.52163124
0.52163124
0.52062756
0.52062756
0.51712313
0.51712313
0.51461186
0.51461186
0.51432807
0.51432807
0.51376798
0.51376798
0.51362953
0.51362953
0.51188749
0.51188749
0.50732900
0.50732900
0.50732900
0.50732900
0.50461962
0.50461962
0.50324202
0.50324202
0.50264248
0.50264248
0.50239532
0.50239532
0.50227622
0.50227622
0.50172562
0.50172562
0.50162453
0.50162453
0.50125035
0.50125035
0.50028119
0.50028119
