0.66590275
0.54674678
0.50521883
0.67128110
0.67631727
0.68762788
0.70335327
0.53310337
0.53760967
0.70028339
0.56272882
0.63417337
0.61208598
0.51201764
0.57337317
0.67019577
0.70405985
0.69176935
0.50015433
0.50437363
0.63393645
0.66532764
0.63083615
0.50172562
0.66299318
0.53250527
0.51201764
0.62697144
0.67037767
0.63511874
0.70103510
0.60752955
0.64525345
0.52900409
0.51758438
0.66909596
0.61610658
0.63629516
0.65504681
0.52881410
0.70116488
0.66259888
0.64254020
0.50015433
0.53390710
0.67427607
0.52369796
0.55694780
0.69557335
0.68236761
0.52046224
0.50539650
0.52079344
0.50662061
0.65120510
0.60752955
0.50851074
0.70154141
0.67235178
0.56566631
0.69444426
0.59091507
0.64858699
0.51980661
0.65356530
0.69176935
0.67845880
0.69625977
0.70201355
0.50576039
0.64614883
0.58299092
0.50360092
0.68457701
0.63298649
0.50421326
0.62502034
0.68486375
0.64412782
0.70454819
0.53250527
0.58070056
0.50058626
0.53431162
0.62599738
0.69129567
0.53656742
0.52768440
0.69858839
0.59578333
0.59808840
0.51964412
0.57262087
0.60955848
0.53574115
0.63083615
0.63464652
0.68880973
0.62769997
0.69850531
0.62769997
0.62697144
0.62599738
0.62502034
0.61610658
0.61208598
0.60955848
0.60752955
0.60752955
0.59808840
0.59578333
0.59091507
0.58299092
0.58070056
0.57337317
0.57262087
0.56566631
0.56272882
0.55694780
0.54674678
0.53760967
0.53656742
0.53574115
0.53431162
0.53390710
0.53310337
0.53250527
0.53250527
0.52900409
0.52881410
0.52768440
0.52369796
0.52079344
0.52046224
0.51980661
0.51964412
0.51758438
0.51201764
0.51201764
0.50851074
0.50662061
0.50576039
0.50539650
0.50521883
0.50437363
0.50421326
0.50360092
0.50172562
0.50058626
0.50015433
0.50015433
0.70454819
0.70405985
0.70335327
0.70201355
0.70154141
0.70116488
0.70103510
0.70028339
0.69858839
0.69850531
0.69625977
0.69557335
0.69444426
0.69176935
0.69176935
0.69129567
0.68880973
0.68762788
0.68486375
0.68457701
0.68236761
0.67845880
0.67631727
0.67427607
0.67235178
0.67128110
0.67037767
0.67019577
0.66909596
0.66590275
0.66532764
0.66299318
0.66259888
0.65504681
0.65356530
0.65120510
0.64858699
0.64614883
0.64525345
0.64412782
0.64254020
0.63629516
0.63511874
0.63464652
0.63417337
0.63393645
0.63298649
0.63083615
0.63083615
0.62769997
0.62769997
0.62697144
0.62697144
0.62599738
0.62599738
0.62502034
0.62502034
0.61610658
0.61610658
0.61208598
0.61208598
0.60955848
0.60955848
0.60752955
0.60752955
0.60752955
0.60752955
0.59808840
0.59808840
0.59578333
0.59578333
0.59091507
0.59091507
0.58299092
0.58299092
0.58070056
0.58070056
0.57337317
0.57337317
0.57262087
0.57262087
0.56566631
0.56566631
0.56272882
0.56272882
0.55694780
0.55694780
0.54674678
0.54674678
0.53760967
0.53760967
0.53656742
0.53656742
0.53574115
0.53574115
0.53431162
0.53431162
0.53390710
0.53390710
0.53310337
0.53310337
0.53250527
0.53250527
0.53250527
0.53250527
0.52900409
0.52900409
0.52881410
0.52881410
0.52768440
0.52768440
0.52369796
0.52369796
0.52079344
0.52079344
0.52046224
0.52046224
0.51980661
0.51980661
0.51964412
0.51964412
0.51758438
0.51758438
0.51201764
0.51201764
0.51201764
0.51201764
0.50851074
0.50851074
0.50662061
0.50662061
0.50576039
0.50576039
0.50539650
0.50539650
0.50521883
0.50521883
0.50437363
0.50437363
0.50421326
0.50421326
0.50360092
0.50360092
0.50172562
0.50172562
0.50058626
0.50058626
0.50015433
0.50015433
0.50015433
0.50015433
