0.66779478
0.54901405
0.50613565
0.67305734
0.67797112
0.68893865
0.70374956
0.53512590
0.53972464
0.70096942
0.56517476
0.63652973
0.61460252
0.51335452
0.57588926
0.67199653
0.70435295
0.69291888
0.50034710
0.50521883
0.63629516
0.66723124
0.63322432
0.50227622
0.66494232
0.53451454
0.51335452
0.62939297
0.67217436
0.63746558
0.70166265
0.61006479
0.64748317
0.53093044
0.51916010
0.67092094
0.61860260
0.63862983
0.65713489
0.53073567
0.70178176
0.66455549
0.64480405
0.50034710
0.53594708
0.67598133
0.52547903
0.55934024
0.69654627
0.68385205
0.52214057
0.50632752
0.52248286
0.50764302
0.65335234
0.61006479
0.50965670
0.70212623
0.67410322
0.56813511
0.69547325
0.59347722
0.65077184
0.52146257
0.65567677
0.69291888
0.68005580
0.69719677
0.70255549
0.50671971
0.64836682
0.58554225
0.50437363
0.68599202
0.63535450
0.50504403
0.62745732
0.68626940
0.64637195
0.70474314
0.53451454
0.58324577
0.50092472
0.53636022
0.62842674
0.69246503
0.53866215
0.52957698
0.69939037
0.59834441
0.60064698
0.52129445
0.57513312
0.61208598
0.53781935
0.63322432
0.63699814
0.69007707
0.63011550
0.69931253
0.63011550
0.62939297
0.62842674
0.62745732
0.61860260
0.61460252
0.61208598
0.61006479
0.61006479
0.60064698
0.59834441
0.59347722
0.58554225
0.58324577
0.57588926
0.57513312
0.56813511
0.56517476
0.55934024
0.54901405
0.53972464
0.53866215
0.53781935
0.53636022
0.53594708
0.53512590
0.53451454
0.53451454
0.53093044
0.53073567
0.52957698
0.52547903
0.52248286
0.52214057
0.52146257
0.52129445
0.51916010
0.51335452
0.51335452
0.50965670
0.50764302
0.50671971
0.50632752
0.50613565
0.50521883
0.50504403
0.50437363
0.50227622
0.50092472
0.50034710
0.50034710
0.70474314
0.70435295
0.70374956
0.70255549
0.70212623
0.70178176
0.70166265
0.70096942
0.69939037
0.69931253
0.69719677
0.69654627
0.69547325
0.69291888
0.69291888
0.69246503
0.69007707
0.68893865
0.68626940
0.68599202
0.68385205
0.68005580
0.67797112
0.67598133
0.67410322
0.67305734
0.67217436
0.67199653
0.67092094
0.66779478
0.66723124
0.66494232
0.66455549
0.65713489
0.65567677
0.65335234
0.65077184
0.64836682
0.64748317
0.64637195
0.64480405
0.63862983
0.63746558
0.63699814
0.63652973
0.63629516
0.63535450
0.63322432
0.63322432
0.63011550
0.63011550
0.62939297
0.62939297
0.62842674
0.62842674
0.62745732
0.62745732
0.61860260
0.61860260
0.61460252
0.61460252
0.61208598
0.61208598
0.61006479
0.61006479
0.61006479
0.61006479
0.60064698
0.60064698
0.59834441
0.59834441
0.59347722
0.59347722
0.58554225
0.58554225
0.58324577
0.58324577
0.57588926
0.57588926
0.57513312
0.57513312
0.56813511
0.56813511
0.56517476
0.56517476
0.55934024
0.55934024
0.54901405
0.54901405
0.53972464
0.53972464
0.53866215
0.53866215
0.53781935
0.53781935
0.53636022
0.53636022
0.53594708
0.53594708
0.53512590
0.53512590
0.53451454
0.53451454
0.53451454
0.53451454
0.53093044
0.53093044
0.53073567
0.53073567
0.52957698
0.52957698
0.52547903
0.52547903
0.52248286
0.52248286
0.52214057
0.52214057
0.52146257
0.52146257
0.52129445
0.52129445
0.51916010
0.51916010
0.51335452
0.51335452
0.51335452
0.51335452
0.50965670
0.50965670
0.50764302
0.50764302
0.50671971
0.50671971
0.50632752
0.50632752
0.50613565
0.50613565
0.50521883
0.50521883
0.50504403
0.50504403
0.50437363
0.50437363
0.50227622
0.50227622
0.50092472
0.50092472
0.50034710
0.50034710
0.50034710
0.50034710
