0.67989810
0.56566631
0.51446965
0.68428842
0.68828926
0.69673470
0.50000154
0.55038967
0.55552439
0.70427073
0.58273613
0.65228271
0.63179403
0.52440408
0.59373347
0.68341154
0.50017015
0.69954447
0.50382507
0.51308203
0.65206783
0.67942231
0.64924566
0.50818020
0.67747952
0.54970046
0.52440408
0.64570172
0.68355884
0.65313906
0.70454819
0.62745732
0.66220312
0.54562554
0.53171417
0.68251811
0.63559002
0.65420221
0.67074026
0.54540231
0.70459155
0.67714961
0.65979803
0.50382507
0.55131286
0.68668192
0.53929846
0.57664644
0.70189872
0.69291888
0.53533056
0.51475468
0.53574115
0.51666724
0.66741948
0.62745732
0.51948220
0.70470852
0.68514862
0.58579770
0.70122896
0.61132882
0.66513517
0.53451454
0.66946416
0.69954447
0.68995253
0.70229123
0.70483388
0.51533217
0.66299318
0.60345643
0.51175798
0.69454944
0.65120510
0.51281209
0.64390184
0.69475828
0.66120731
0.50058626
0.54970046
0.60115823
0.50539650
0.55177625
0.64480405
0.69923416
0.55434547
0.54407025
0.70351829
0.61610658
0.61835363
0.53431162
0.59296473
0.62939297
0.55340725
0.64924566
0.65271153
0.69755713
0.64637195
0.70347784
0.64637195
0.64570172
0.64480405
0.64390184
0.63559002
0.63179403
0.62939297
0.62745732
0.62745732
0.61835363
0.61610658
0.61132882
0.60345643
0.60115823
0.59373347
0.59296473
0.58579770
0.58273613
0.57664644
0.56566631
0.55552439
0.55434547
0.55340725
0.55177625
0.55131286
0.55038967
0.54970046
0.54970046
0.54562554
0.54540231
0.54407025
0.53929846
0.53574115
0.53533056
0.53451454
0.53431162
0.53171417
0.52440408
0.52440408
0.51948220
0.51666724
0.51533217
0.51475468
0.51446965
0.51308203
0.51281209
0.51175798
0.50818020
0.50539650
0.50382507
0.50382507
0.50058626
0.50017015
0.50000154
0.70483388
0.70470852
0.70459155
0.70454819
0.70427073
0.70351829
0.70347784
0.70229123
0.70189872
0.70122896
0.69954447
0.69954447
0.69923416
0.69755713
0.69673470
0.69475828
0.69454944
0.69291888
0.68995253
0.68828926
0.68668192
0.68514862
0.68428842
0.68355884
0.68341154
0.68251811
0.67989810
0.67942231
0.67747952
0.67714961
0.67074026
0.66946416
0.66741948
0.66513517
0.66299318
0.66220312
0.66120731
0.65979803
0.65420221
0.65313906
0.65271153
0.65228271
0.65206783
0.65120510
0.64924566
0.64924566
0.64637195
0.64637195
0.64570172
0.64570172
0.64480405
0.64480405
0.64390184
0.64390184
0.63559002
0.63559002
0.63179403
0.63179403
0.62939297
0.62939297
0.62745732
0.62745732
0.62745732
0.62745732
0.61835363
0.61835363
0.61610658
0.61610658
0.61132882
0.61132882
0.60345643
0.60345643
0.60115823
0.60115823
0.59373347
0.59373347
0.59296473
0.59296473
0.58579770
0.58579770
0.58273613
0.58273613
0.57664644
0.57664644
0.56566631
0.56566631
0.55552439
0.55552439
0.55434547
0.55434547
0.55340725
0.55340725
0.55177625
0.55177625
0.55131286
0.55131286
0.55038967
0.55038967
0.54970046
0.54970046
0.54970046
0.54970046
0.54562554
0.54562554
0.54540231
0.54540231
0.54407025
0.54407025
0.53929846
0.53929846
0.53574115
0.53574115
0.53533056
0.53533056
0.53451454
0.53451454
0.53431162
0.53431162
0.53171417
0.53171417
0.52440408
0.52440408
0.52440408
0.52440408
0.51948220
0.51948220
0.51666724
0.51666724
0.51533217
0.51533217
0.51475468
0.51475468
0.51446965
0.51446965
0.51308203
0.51308203
0.51281209
0.51281209
0.51175798
0.51175798
0.50818020
0.50818020
0.50539650
0.50539650
0.50382507
0.50382507
0.50382507
0.50382507
0.50058626
0.50058626
0.50017015
0.50017015
0.50000154
0.50000154
