0.68722532
0.57816377
0.52231144
0.69093524
0.69423238
0.70076918
0.50104113
0.56224210
0.56763993
0.70499927
0.59552713
0.66259888
0.64344907
0.53390710
0.60651303
0.69020114
0.50193685
0.70270760
0.50851074
0.52062756
0.66240119
0.68681848
0.65979803
0.51446965
0.68514862
0.56151363
0.53390710
0.65651202
0.69032471
0.66338599
0.50003126
0.63932536
0.67163963
0.55718593
0.54209627
0.68944946
0.64703957
0.66436151
0.67926283
0.55694780
0.50004670
0.68486375
0.66946416
0.50851074
0.56321638
0.69291888
0.55038967
0.58937852
0.70412282
0.69790920
0.54607302
0.52265482
0.54652185
0.52493920
0.67631727
0.63932536
0.52824703
0.50011152
0.69165167
0.59860038
0.70374956
0.62379496
0.67427607
0.54517943
0.67813412
0.70270760
0.69557335
0.70432609
0.50024110
0.52334810
0.67235178
0.61610658
0.51899991
0.69915527
0.66160673
0.52029748
0.65483616
0.69931253
0.67074026
0.50303551
0.56151363
0.61384880
0.51074540
0.56370477
0.65567677
0.70250372
0.56640505
0.55552439
0.70484709
0.62842674
0.63059614
0.54495689
0.60574983
0.64116876
0.56542044
0.65979803
0.66299318
0.70135554
0.65713489
0.70483388
0.65713489
0.65651202
0.65567677
0.65483616
0.64703957
0.64344907
0.64116876
0.63932536
0.63932536
0.63059614
0.62842674
0.62379496
0.61610658
0.61384880
0.60651303
0.60574983
0.59860038
0.59552713
0.58937852
0.57816377
0.56763993
0.56640505
0.56542044
0.56370477
0.56321638
0.56224210
0.56151363
0.56151363
0.55718593
0.55694780
0.55552439
0.55038967
0.54652185
0.54607302
0.54517943
0.54495689
0.54209627
0.53390710
0.53390710
0.52824703
0.52493920
0.52334810
0.52265482
0.52231144
0.52062756
0.52029748
0.51899991
0.51446965
0.51074540
0.50851074
0.50851074
0.50303551
0.50193685
0.50104113
0.50024110
0.50011152
0.50004670
0.50003126
0.70499927
0.70484709
0.70483388
0.70432609
0.70412282
0.70374956
0.70270760
0.70270760
0.70250372
0.70135554
0.70076918
0.69931253
0.69915527
0.69790920
0.69557335
0.69423238
0.69291888
0.69165167
0.69093524
0.69032471
0.69020114
0.68944946
0.68722532
0.68681848
0.68514862
0.68486375
0.67926283
0.67813412
0.67631727
0.67427607
0.67235178
0.67163963
0.67074026
0.66946416
0.66436151
0.66338599
0.66299318
0.66259888
0.66240119
0.66160673
0.65979803
0.65979803
0.65713489
0.65713489
0.65651202
0.65651202
0.65567677
0.65567677
0.65483616
0.65483616
0.64703957
0.64703957
0.64344907
0.64344907
0.64116876
0.64116876
0.63932536
0.63932536
0.63932536
0.63932536
0.63059614
0.63059614
0.62842674
0.62842674
0.62379496
0.62379496
0.61610658
0.61610658
0.61384880
0.61384880
0.60651303
0.60651303
0.60574983
0.60574983
0.59860038
0.59860038
0.59552713
0.59552713
0.58937852
0.58937852
0.57816377
0.57816377
0.56763993
0.56763993
0.56640505
0.56640505
0.56542044
0.56542044
0.56370477
0.56370477
0.56321638
0.56321638
0.56224210
0.56224210
0.56151363
0.56151363
0.56151363
0.56151363
0.55718593
0.55718593
0.55694780
0.55694780
0.55552439
0.55552439
0.55038967
0.55038967
0.54652185
0.54652185
0.54607302
0.54607302
0.54517943
0.54517943
0.54495689
0.54495689
0.54209627
0.54209627
0.53390710
0.53390710
0.53390710
0.53390710
0.52824703
0.52824703
0.52493920
0.52493920
0.52334810
0.52334810
0.52265482
0.52265482
0.52231144
0.52231144
0.52062756
0.52062756
0.52029748
0.52029748
0.51899991
0.51899991
0.51446965
0.51446965
0.51074540
0.51074540
0.50851074
0.50851074
0.50851074
0.50851074
0.50303551
0.50303551
0.50193685
0.50193685
0.50104113
0.50104113
0.50024110
0.50024110
0.50011152
0.50011152
0.50004670
0.50004670
0.50003126
0.50003126
