0.68982749
0.58324577
0.52584150
0.69325402
0.69625977
0.70201355
0.50199154
0.56714544
0.57262087
0.50012502
0.60064698
0.66647442
0.64792560
0.53802944
0.61158131
0.69257924
0.50317245
0.70359755
0.51086968
0.52404996
0.66628425
0.68944946
0.66377732
0.51743004
0.68789387
0.56640505
0.53802944
0.66060549
0.69269295
0.66723124
0.50032436
0.64390184
0.67513400
0.56199906
0.54652185
0.69188654
0.65142125
0.66816852
0.68236761
0.56175624
0.50037060
0.68762788
0.67305734
0.51086968
0.56813511
0.69506774
0.55505202
0.59450221
0.70463272
0.69954447
0.55062001
0.52620602
0.55108161
0.52862459
0.67958135
0.64390184
0.53210880
0.50052775
0.69391079
0.60371151
0.70437926
0.62866860
0.67764382
0.54970046
0.68130138
0.70359755
0.69746781
0.70475963
0.50078017
0.52694118
0.67581272
0.62108398
0.52231144
0.70063303
0.66551972
0.52369796
0.65898490
0.70076918
0.67427607
0.50453690
0.56640505
0.61885142
0.51335452
0.56863098
0.65979803
0.70343686
0.57136987
0.56030392
0.70499638
0.63322432
0.63535450
0.54947135
0.61082351
0.64570172
0.57037171
0.66377732
0.66685361
0.70250372
0.66120731
0.70499411
0.66120731
0.66060549
0.65979803
0.65898490
0.65142125
0.64792560
0.64570172
0.64390184
0.64390184
0.63535450
0.63322432
0.62866860
0.62108398
0.61885142
0.61158131
0.61082351
0.60371151
0.60064698
0.59450221
0.58324577
0.57262087
0.57136987
0.57037171
0.56863098
0.56813511
0.56714544
0.56640505
0.56640505
0.56199906
0.56175624
0.56030392
0.55505202
0.55108161
0.55062001
0.54970046
0.54947135
0.54652185
0.53802944
0.53802944
0.53210880
0.52862459
0.52694118
0.52620602
0.52584150
0.52404996
0.52369796
0.52231144
0.51743004
0.51335452
0.51086968
0.51086968
0.50453690
0.50317245
0.50199154
0.50078017
0.50052775
0.50037060
0.50032436
0.50012502
0.70499638
0.70499411
0.70475963
0.70463272
0.70437926
0.70359755
0.70359755
0.70343686
0.70250372
0.70201355
0.70076918
0.70063303
0.69954447
0.69746781
0.69625977
0.69506774
0.69391079
0.69325402
0.69269295
0.69257924
0.69188654
0.68982749
0.68944946
0.68789387
0.68762788
0.68236761
0.68130138
0.67958135
0.67764382
0.67581272
0.67513400
0.67427607
0.67305734
0.66816852
0.66723124
0.66685361
0.66647442
0.66628425
0.66551972
0.66377732
0.66377732
0.66120731
0.66120731
0.66060549
0.66060549
0.65979803
0.65979803
0.65898490
0.65898490
0.65142125
0.65142125
0.64792560
0.64792560
0.64570172
0.64570172
0.64390184
0.64390184
0.64390184
0.64390184
0.63535450
0.63535450
0.63322432
0.63322432
0.62866860
0.62866860
0.62108398
0.62108398
0.61885142
0.61885142
0.61158131
0.61158131
0.61082351
0.61082351
0.60371151
0.60371151
0.60064698
0.60064698
0.59450221
0.59450221
0.58324577
0.58324577
0.57262087
0.57262087
0.57136987
0.57136987
0.57037171
0.57037171
0.56863098
0.56863098
0.56813511
0.56813511
0.56714544
0.56714544
0.56640505
0.56640505
0.56640505
0.56640505
0.56199906
0.56199906
0.56175624
0.56175624
0.56030392
0.56030392
0.55505202
0.55505202
0.55108161
0.55108161
0.55062001
0.55062001
0.54970046
0.54970046
0.54947135
0.54947135
0.54652185
0.54652185
0.53802944
0.53802944
0.53802944
0.53802944
0.53210880
0.53210880
0.52862459
0.52862459
0.52694118
0.52694118
0.52620602
0.52620602
0.52584150
0.52584150
0.52404996
0.52404996
0.52369796
0.52369796
0.52231144
0.52231144
0.51743004
0.51743004
0.51335452
0.51335452
0.51086968
0.51086968
0.51086968
0.51086968
0.50453690
0.50453690
0.50317245
0.50317245
0.50199154
0.50199154
0.50078017
0.50078017
0.50052775
0.50052775
0.50037060
0.50037060
0.50032436
0.50032436
0.50012502
0.50012502
