0.69105588
0.58579770
0.52768440
0.69433857
0.69719677
0.70255549
0.50257958
0.56962472
0.57513312
0.50030239
0.60320130
0.66835479
0.65011962
0.54015239
0.61410016
0.69369387
0.50390125
0.70396131
0.51214844
0.52584150
0.66816852
0.69069250
0.66571143
0.51899991
0.68919502
0.56887917
0.54015239
0.66259888
0.69380258
0.66909596
0.50058626
0.64614883
0.67681797
0.56443888
0.54878587
0.69303109
0.65356530
0.67001347
0.68385205
0.56419397
0.50064784
0.68893865
0.67479209
0.51214844
0.57062102
0.69606621
0.55742432
0.59706413
0.70480582
0.70028339
0.55293982
0.52805900
0.55340725
0.53054137
0.68114725
0.64614883
0.53410914
0.50085092
0.69496510
0.60625871
0.70461241
0.63107594
0.67926283
0.55200838
0.68281775
0.70396131
0.69833760
0.70489445
0.50116438
0.52881410
0.67747952
0.62354935
0.52404996
0.70129252
0.66741948
0.52547903
0.66100707
0.70141803
0.67598133
0.50539650
0.56887917
0.62133126
0.51475468
0.57112010
0.66180589
0.70382232
0.57387537
0.56272882
0.50001389
0.63559002
0.63769893
0.55177625
0.61334571
0.64792560
0.57287150
0.66571143
0.66872617
0.70299727
0.66318977
0.50000965
0.66318977
0.66259888
0.66180589
0.66100707
0.65356530
0.65011962
0.64792560
0.64614883
0.64614883
0.63769893
0.63559002
0.63107594
0.62354935
0.62133126
0.61410016
0.61334571
0.60625871
0.60320130
0.59706413
0.58579770
0.57513312
0.57387537
0.57287150
0.57112010
0.57062102
0.56962472
0.56887917
0.56887917
0.56443888
0.56419397
0.56272882
0.55742432
0.55340725
0.55293982
0.55200838
0.55177625
0.54878587
0.54015239
0.54015239
0.53410914
0.53054137
0.52881410
0.52805900
0.52768440
0.52584150
0.52547903
0.52404996
0.51899991
0.51475468
0.51214844
0.51214844
0.50539650
0.50390125
0.50257958
0.50116438
0.50085092
0.50064784
0.50058626
0.50030239
0.50001389
0.50000965
0.70489445
0.70480582
0.70461241
0.70396131
0.70396131
0.70382232
0.70299727
0.70255549
0.70141803
0.70129252
0.70028339
0.69833760
0.69719677
0.69606621
0.69496510
0.69433857
0.69380258
0.69369387
0.69303109
0.69105588
0.69069250
0.68919502
0.68893865
0.68385205
0.68281775
0.68114725
0.67926283
0.67747952
0.67681797
0.67598133
0.67479209
0.67001347
0.66909596
0.66872617
0.66835479
0.66816852
0.66741948
0.66571143
0.66571143
0.66318977
0.66318977
0.66259888
0.66259888
0.66180589
0.66180589
0.66100707
0.66100707
0.65356530
0.65356530
0.65011962
0.65011962
0.64792560
0.64792560
0.64614883
0.64614883
0.64614883
0.64614883
0.63769893
0.63769893
0.63559002
0.63559002
0.63107594
0.63107594
0.62354935
0.62354935
0.62133126
0.62133126
0.61410016
0.61410016
0.61334571
0.61334571
0.60625871
0.60625871
0.60320130
0.60320130
0.59706413
0.59706413
0.58579770
0.58579770
0.57513312
0.57513312
0.57387537
0.57387537
0.57287150
0.57287150
0.57112010
0.57112010
0.57062102
0.57062102
0.56962472
0.56962472
0.56887917
0.56887917
0.56887917
0.56887917
0.56443888
0.56443888
0.56419397
0.56419397
0.56272882
0.56272882
0.55742432
0.55742432
0.55340725
0.55340725
0.55293982
0.55293982
0.55200838
0.55200838
0.55177625
0.55177625
0.54878587
0.54878587
0.54015239
0.54015239
0.54015239
0.54015239
0.53410914
0.53410914
0.53054137
0.53054137
0.52881410
0.52881410
0.52805900
0.52805900
0.52768440
0.52768440
0.52584150
0.52584150
0.52547903
0.52547903
0.52404996
0.52404996
0.51899991
0.51899991
0.51475468
0.51475468
0.51214844
0.51214844
0.51214844
0.51214844
0.50539650
0.50539650
0.50390125
0.50390125
0.50257958
0.50257958
0.50116438
0.50116438
0.50085092
0.50085092
0.50064784
0.50064784
0.50058626
0.50058626
0.50030239
0.50030239
0.50001389
0.50001389
0.50000965
0.50000965
