0.69223512
0.58835469
0.52957698
0.69537263
0.69808212
0.70304366
0.50324202
0.57212004
0.57765757
0.50055662
0.60574983
0.67019577
0.65228271
0.54231413
0.61660689
0.69475828
0.50470306
0.70427073
0.51349171
0.52768440
0.67001347
0.69188654
0.66760733
0.52062756
0.69044780
0.57136987
0.54231413
0.66455549
0.69486194
0.67092094
0.50092472
0.64836682
0.67845880
0.56689846
0.55108161
0.69412569
0.65567677
0.67181828
0.68529036
0.56665167
0.50100156
0.69020114
0.67648460
0.51349171
0.57312227
0.69701349
0.55982162
0.59962397
0.70492424
0.70096942
0.55528807
0.52996131
0.55576098
0.53250527
0.68266816
0.64836682
0.53615344
0.50125035
0.69596866
0.60879830
0.70479097
0.63346192
0.68083765
0.55434547
0.68428842
0.70427073
0.69915527
0.70497458
0.50162453
0.53073567
0.67910290
0.62599738
0.52584150
0.70189872
0.66928026
0.52731179
0.66299318
0.70201355
0.67764382
0.50632752
0.57136987
0.62379496
0.51621676
0.57362420
0.66377732
0.70415349
0.57639393
0.56517476
0.50009879
0.63793203
0.64001858
0.55411050
0.61585623
0.65011962
0.57538505
0.66760733
0.67055916
0.70343686
0.66513517
0.50008683
0.66513517
0.66455549
0.66377732
0.66299318
0.65567677
0.65228271
0.65011962
0.64836682
0.64836682
0.64001858
0.63793203
0.63346192
0.62599738
0.62379496
0.61660689
0.61585623
0.60879830
0.60574983
0.59962397
0.58835469
0.57765757
0.57639393
0.57538505
0.57362420
0.57312227
0.57212004
0.57136987
0.57136987
0.56689846
0.56665167
0.56517476
0.55982162
0.55576098
0.55528807
0.55434547
0.55411050
0.55108161
0.54231413
0.54231413
0.53615344
0.53250527
0.53073567
0.52996131
0.52957698
0.52768440
0.52731179
0.52584150
0.52062756
0.51621676
0.51349171
0.51349171
0.50632752
0.50470306
0.50324202
0.50162453
0.50125035
0.50100156
0.50092472
0.50055662
0.50009879
0.50008683
0.70497458
0.70492424
0.70479097
0.70427073
0.70427073
0.70415349
0.70343686
0.70304366
0.70201355
0.70189872
0.70096942
0.69915527
0.69808212
0.69701349
0.69596866
0.69537263
0.69486194
0.69475828
0.69412569
0.69223512
0.69188654
0.69044780
0.69020114
0.68529036
0.68428842
0.68266816
0.68083765
0.67910290
0.67845880
0.67764382
0.67648460
0.67181828
0.67092094
0.67055916
0.67019577
0.67001347
0.66928026
0.66760733
0.66760733
0.66513517
0.66513517
0.66455549
0.66455549
0.66377732
0.66377732
0.66299318
0.66299318
0.65567677
0.65567677
0.65228271
0.65228271
0.65011962
0.65011962
0.64836682
0.64836682
0.64836682
0.64836682
0.64001858
0.64001858
0.63793203
0.63793203
0.63346192
0.63346192
0.62599738
0.62599738
0.62379496
0.62379496
0.61660689
0.61660689
0.61585623
0.61585623
0.60879830
0.60879830
0.60574983
0.60574983
0.59962397
0.59962397
0.58835469
0.58835469
0.57765757
0.57765757
0.57639393
0.57639393
0.57538505
0.57538505
0.57362420
0.57362420
0.57312227
0.57312227
0.57212004
0.57212004
0.57136987
0.57136987
0.57136987
0.57136987
0.56689846
0.56689846
0.56665167
0.56665167
0.56517476
0.56517476
0.55982162
0.55982162
0.55576098
0.55576098
0.55528807
0.55528807
0.55434547
0.55434547
0.55411050
0.55411050
0.55108161
0.55108161
0.54231413
0.54231413
0.54231413
0.54231413
0.53615344
0.53615344
0.53250527
0.53250527
0.53073567
0.53073567
0.52996131
0.52996131
0.52957698
0.52957698
0.52768440
0.52768440
0.52731179
0.52731179
0.52584150
0.52584150
0.52062756
0.52062756
0.51621676
0.51621676
0.51349171
0.51349171
0.51349171
0.51349171
0.50632752
0.50632752
0.50470306
0.50470306
0.50324202
0.50324202
0.50162453
0.50162453
0.50125035
0.50125035
0.50100156
0.50100156
0.50092472
0.50092472
0.50055662
0.50055662
0.50009879
0.50009879
0.50008683
0.50008683
