0.69547325
0.59603952
0.53553564
0.69816780
0.70042483
0.70418362
0.50566835
0.57968474
0.58528686
0.50177730
0.61334571
0.67547421
0.65857622
0.54901405
0.62404039
0.69764592
0.50753765
0.70487186
0.51789484
0.53350434
0.67530432
0.69516988
0.67305734
0.52584150
0.69391079
0.57892382
0.54901405
0.67019577
0.69773420
0.67614951
0.50239532
0.65483616
0.68311556
0.57437809
0.55814097
0.69710539
0.66180589
0.67698400
0.68932249
0.57412666
0.50251741
0.69369387
0.68130138
0.51789484
0.58070056
0.69954447
0.56714544
0.60727554
0.50006522
0.70270760
0.56248536
0.53594708
0.56297250
0.53866215
0.68695457
0.65483616
0.54253237
0.50290154
0.69867094
0.61635680
0.50000154
0.64047944
0.68529036
0.56151363
0.68842010
0.70487186
0.70129252
0.50015433
0.50345516
0.53677504
0.68370568
0.63322432
0.53151754
0.70339533
0.67462051
0.53310337
0.66872617
0.70347784
0.68236761
0.50953907
0.57892382
0.63107594
0.52095989
0.58120898
0.66946416
0.70482012
0.58401072
0.57262087
0.50081516
0.64480405
0.64681732
0.56127124
0.62330357
0.65651202
0.58299092
0.67305734
0.67581272
0.70443025
0.67074026
0.50078017
0.67074026
0.67019577
0.66946416
0.66872617
0.66180589
0.65857622
0.65651202
0.65483616
0.65483616
0.64681732
0.64480405
0.64047944
0.63322432
0.63107594
0.62404039
0.62330357
0.61635680
0.61334571
0.60727554
0.59603952
0.58528686
0.58401072
0.58299092
0.58120898
0.58070056
0.57968474
0.57892382
0.57892382
0.57437809
0.57412666
0.57262087
0.56714544
0.56297250
0.56248536
0.56151363
0.56127124
0.55814097
0.54901405
0.54901405
0.54253237
0.53866215
0.53677504
0.53594708
0.53553564
0.53350434
0.53310337
0.53151754
0.52584150
0.52095989
0.51789484
0.51789484
0.50953907
0.50753765
0.50566835
0.50345516
0.50290154
0.50251741
0.50239532
0.50177730
0.50081516
0.50078017
0.50015433
0.50006522
0.50000154
0.70487186
0.70487186
0.70482012
0.70443025
0.70418362
0.70347784
0.70339533
0.70270760
0.70129252
0.70042483
0.69954447
0.69867094
0.69816780
0.69773420
0.69764592
0.69710539
0.69547325
0.69516988
0.69391079
0.69369387
0.68932249
0.68842010
0.68695457
0.68529036
0.68370568
0.68311556
0.68236761
0.68130138
0.67698400
0.67614951
0.67581272
0.67547421
0.67530432
0.67462051
0.67305734
0.67305734
0.67074026
0.67074026
0.67019577
0.67019577
0.66946416
0.66946416
0.66872617
0.66872617
0.66180589
0.66180589
0.65857622
0.65857622
0.65651202
0.65651202
0.65483616
0.65483616
0.65483616
0.65483616
0.64681732
0.64681732
0.64480405
0.64480405
0.64047944
0.64047944
0.63322432
0.63322432
0.63107594
0.63107594
0.62404039
0.62404039
0.62330357
0.62330357
0.61635680
0.61635680
0.61334571
0.61334571
0.60727554
0.60727554
0.59603952
0.59603952
0.58528686
0.58528686
0.58401072
0.58401072
0.58299092
0.58299092
0.58120898
0.58120898
0.58070056
0.58070056
0.57968474
0.57968474
0.57892382
0.57892382
0.57892382
0.57892382
0.57437809
0.57437809
0.57412666
0.57412666
0.57262087
0.57262087
0.56714544
0.56714544
0.56297250
0.56297250
0.56248536
0.56248536
0.56151363
0.56151363
0.56127124
0.56127124
0.55814097
0.55814097
0.54901405
0.54901405
0.54901405
0.54901405
0.54253237
0.54253237
0.53866215
0.53866215
0.53677504
0.53677504
0.53594708
0.53594708
0.53553564
0.53553564
0.53350434
0.53350434
0.53310337
0.53310337
0.53151754
0.53151754
0.52584150
0.52584150
0.52095989
0.52095989
0.51789484
0.51789484
0.51789484
0.51789484
0.50953907
0.50953907
0.50753765
0.50753765
0.50566835
0.50566835
0.50345516
0.50345516
0.50290154
0.50290154
0.50251741
0.50251741
0.50239532
0.50239532
0.50177730
0.50177730
0.50081516
0.50081516
0.50078017
0.50078017
0.50015433
0.50015433
0.50006522
0.50006522
0.50000154
0.50000154
