0.69737798
0.60115823
0.53972464
0.69977168
0.70172247
0.70467171
0.50764302
0.58477623
0.59040280
0.50296816
0.61835363
0.67878173
0.66259888
0.55364139
0.62891026
0.69931253
0.50977500
0.70499927
0.52112689
0.53760967
0.67862049
0.69710539
0.67648460
0.52957698
0.69596866
0.58401072
0.55364139
0.67375626
0.69939037
0.67942231
0.50374963
0.65898490
0.68599202
0.57943100
0.56297250
0.69883448
0.66571143
0.68021306
0.69176935
0.57917736
0.50390125
0.69577203
0.68428842
0.52112689
0.58579770
0.70096942
0.57212004
0.61233816
0.50041991
0.70359755
0.56739260
0.54015239
0.56788744
0.54296995
0.68957596
0.65898490
0.54697203
0.50437363
0.70021187
0.62133126
0.50018673
0.64502889
0.68802615
0.56640505
0.69093524
0.70499927
0.70245140
0.50061667
0.50504403
0.54101253
0.68654488
0.63793203
0.53553564
0.70412282
0.67797112
0.53719153
0.67235178
0.70418362
0.68529036
0.51201764
0.58401072
0.63582531
0.52440408
0.58630875
0.67305734
0.70499130
0.58912252
0.57765757
0.50167470
0.64924566
0.65120510
0.56615862
0.62818468
0.66060549
0.58809881
0.67648460
0.67910290
0.70482012
0.67427607
0.50162453
0.67427607
0.67375626
0.67305734
0.67235178
0.66571143
0.66259888
0.66060549
0.65898490
0.65898490
0.65120510
0.64924566
0.64502889
0.63793203
0.63582531
0.62891026
0.62818468
0.62133126
0.61835363
0.61233816
0.60115823
0.59040280
0.58912252
0.58809881
0.58630875
0.58579770
0.58477623
0.58401072
0.58401072
0.57943100
0.57917736
0.57765757
0.57212004
0.56788744
0.56739260
0.56640505
0.56615862
0.56297250
0.55364139
0.55364139
0.54697203
0.54296995
0.54101253
0.54015239
0.53972464
0.53760967
0.53719153
0.53553564
0.52957698
0.52440408
0.52112689
0.52112689
0.51201764
0.50977500
0.50764302
0.50504403
0.50437363
0.50390125
0.50374963
0.50296816
0.50167470
0.50162453
0.50061667
0.50041991
0.50018673
0.70499927
0.70499927
0.70499130
0.70482012
0.70467171
0.70418362
0.70412282
0.70359755
0.70245140
0.70172247
0.70096942
0.70021187
0.69977168
0.69939037
0.69931253
0.69883448
0.69737798
0.69710539
0.69596866
0.69577203
0.69176935
0.69093524
0.68957596
0.68802615
0.68654488
0.68599202
0.68529036
0.68428842
0.68021306
0.67942231
0.67910290
0.67878173
0.67862049
0.67797112
0.67648460
0.67648460
0.67427607
0.67427607
0.67375626
0.67375626
0.67305734
0.67305734
0.67235178
0.67235178
0.66571143
0.66571143
0.66259888
0.66259888
0.66060549
0.66060549
0.65898490
0.65898490
0.65898490
0.65898490
0.65120510
0.65120510
0.64924566
0.64924566
0.64502889
0.64502889
0.63793203
0.63793203
0.63582531
0.63582531
0.62891026
0.62891026
0.62818468
0.62818468
0.62133126
0.62133126
0.61835363
0.61835363
0.61233816
0.61233816
0.60115823
0.60115823
0.59040280
0.59040280
0.58912252
0.58912252
0.58809881
0.58809881
0.58630875
0.58630875
0.58579770
0.58579770
0.58477623
0.58477623
0.58401072
0.58401072
0.58401072
0.58401072
0.57943100
0.57943100
0.57917736
0.57917736
0.57765757
0.57765757
0.57212004
0.57212004
0.56788744
0.56788744
0.56739260
0.56739260
0.56640505
0.56640505
0.56615862
0.56615862
0.56297250
0.56297250
0.55364139
0.55364139
0.55364139
0.55364139
0.54697203
0.54697203
0.54296995
0.54296995
0.54101253
0.54101253
0.54015239
0.54015239
0.53972464
0.53972464
0.53760967
0.53760967
0.53719153
0.53719153
0.53553564
0.53553564
0.52957698
0.52957698
0.52440408
0.52440408
0.52112689
0.52112689
0.52112689
0.52112689
0.51201764
0.51201764
0.50977500
0.50977500
0.50764302
0.50764302
0.50504403
0.50504403
0.50437363
0.50437363
0.50390125
0.50390125
0.50374963
0.50374963
0.50296816
0.50296816
0.50167470
0.50167470
0.50162453
0.50162453
0.50061667
0.50061667
0.50041991
0.50041991
0.50018673
0.50018673
