0.69907586
0.60625871
0.54407025
0.70116488
0.70280631
0.70494136
0.50989397
0.58989061
0.59552713
0.50445490
0.62330357
0.68191337
0.66647442
0.55838034
0.63369930
0.70076918
0.51227989
0.50012502
0.52458193
0.54187877
0.68176105
0.69883448
0.67973994
0.53350434
0.69782196
0.58912252
0.55838034
0.67714961
0.70083646
0.68251811
0.50539650
0.66299318
0.68868034
0.58452100
0.56788744
0.70035437
0.66946416
0.68326378
0.69401849
0.58426583
0.50557702
0.69764592
0.68709018
0.52458193
0.59091507
0.70218177
0.57715179
0.61735633
0.50108145
0.70427073
0.57237039
0.54451287
0.57287150
0.54742354
0.69200323
0.66299318
0.55154441
0.50613565
0.70154141
0.62624118
0.50067978
0.64946461
0.69057039
0.57136987
0.69325402
0.50012502
0.70339533
0.50138499
0.50692002
0.54540231
0.68919502
0.64254020
0.53972464
0.70463272
0.68114725
0.54144490
0.67581272
0.70467171
0.68802615
0.51475468
0.58912252
0.64047944
0.52805900
0.59142741
0.67648460
0.50007564
0.59424597
0.58273613
0.50283566
0.65356530
0.65546712
0.57112010
0.63298649
0.66455549
0.59322097
0.67973994
0.68221665
0.70499130
0.67764382
0.50277053
0.67764382
0.67714961
0.67648460
0.67581272
0.66946416
0.66647442
0.66455549
0.66299318
0.66299318
0.65546712
0.65356530
0.64946461
0.64254020
0.64047944
0.63369930
0.63298649
0.62624118
0.62330357
0.61735633
0.60625871
0.59552713
0.59424597
0.59322097
0.59142741
0.59091507
0.58989061
0.58912252
0.58912252
0.58452100
0.58426583
0.58273613
0.57715179
0.57287150
0.57237039
0.57136987
0.57112010
0.56788744
0.55838034
0.55838034
0.55154441
0.54742354
0.54540231
0.54451287
0.54407025
0.54187877
0.54144490
0.53972464
0.53350434
0.52805900
0.52458193
0.52458193
0.51475468
0.51227989
0.50989397
0.50692002
0.50613565
0.50557702
0.50539650
0.50445490
0.50283566
0.50277053
0.50138499
0.50108145
0.50067978
0.50012502
0.50012502
0.50007564
0.70499130
0.70494136
0.70467171
0.70463272
0.70427073
0.70339533
0.70280631
0.70218177
0.70154141
0.70116488
0.70083646
0.70076918
0.70035437
0.69907586
0.69883448
0.69782196
0.69764592
0.69401849
0.69325402
0.69200323
0.69057039
0.68919502
0.68868034
0.68802615
0.68709018
0.68326378
0.68251811
0.68221665
0.68191337
0.68176105
0.68114725
0.67973994
0.67973994
0.67764382
0.67764382
0.67714961
0.67714961
0.67648460
0.67648460
0.67581272
0.67581272
0.66946416
0.66946416
0.66647442
0.66647442
0.66455549
0.66455549
0.66299318
0.66299318
0.66299318
0.66299318
0.65546712
0.65546712
0.65356530
0.65356530
0.64946461
0.64946461
0.64254020
0.64254020
0.64047944
0.64047944
0.63369930
0.63369930
0.63298649
0.63298649
0.62624118
0.62624118
0.62330357
0.62330357
0.61735633
0.61735633
0.60625871
0.60625871
0.59552713
0.59552713
0.59424597
0.59424597
0.59322097
0.59322097
0.59142741
0.59142741
0.59091507
0.59091507
0.58989061
0.58989061
0.58912252
0.58912252
0.58912252
0.58912252
0.58452100
0.58452100
0.58426583
0.58426583
0.58273613
0.58273613
0.57715179
0.57715179
0.57287150
0.57287150
0.57237039
0.57237039
0.57136987
0.57136987
0.57112010
0.57112010
0.56788744
0.56788744
0.55838034
0.55838034
0.55838034
0.55838034
0.55154441
0.55154441
0.54742354
0.54742354
0.54540231
0.54540231
0.54451287
0.54451287
0.54407025
0.54407025
0.54187877
0.54187877
0.54144490
0.54144490
0.53972464
0.53972464
0.53350434
0.53350434
0.52805900
0.52805900
0.52458193
0.52458193
0.52458193
0.52458193
0.51475468
0.51475468
0.51227989
0.51227989
0.50989397
0.50989397
0.50692002
0.50692002
0.50613565
0.50613565
0.50557702
0.50557702
0.50539650
0.50539650
0.50445490
0.50445490
0.50283566
0.50283566
0.50277053
0.50277053
0.50138499
0.50138499
0.50108145
0.50108145
0.50067978
0.50067978
0.50012502
0.50012502
0.50012502
0.50012502
0.50007564
0.50007564
