0.70056416
0.61132882
0.54855801
0.70234516
0.70367464
0.50000965
0.51241198
0.59501469
0.60064698
0.50623123
0.62818468
0.68486375
0.67019577
0.56321638
0.63839748
0.70201355
0.51504219
0.50055662
0.52824703
0.54629727
0.68472061
0.70035437
0.68281775
0.53760967
0.69946768
0.59424597
0.56321638
0.68036988
0.70207016
0.68543163
0.50732900
0.66685361
0.69117602
0.58963456
0.57287150
0.70166265
0.67305734
0.68613094
0.69606621
0.58937852
0.50753765
0.69931253
0.68970197
0.52824703
0.59603952
0.70317959
0.58222678
0.62231875
0.50204698
0.70472610
0.57740462
0.54901405
0.57791061
0.55200838
0.69423238
0.66685361
0.55623493
0.50818020
0.70265744
0.63107594
0.50147854
0.65377793
0.69291888
0.57639393
0.69537263
0.50055662
0.70412282
0.50245599
0.50907527
0.54992989
0.69165167
0.64703957
0.54407025
0.70492424
0.68414343
0.54584911
0.67910290
0.70494136
0.69057039
0.51773931
0.59424597
0.64502889
0.53191126
0.59655186
0.67973994
0.50044572
0.59936812
0.58784296
0.50429308
0.65775467
0.65959528
0.57614154
0.63769893
0.66835479
0.59834441
0.68281775
0.68514862
0.50007564
0.68083765
0.50421326
0.68083765
0.68036988
0.67973994
0.67910290
0.67305734
0.67019577
0.66835479
0.66685361
0.66685361
0.65959528
0.65775467
0.65377793
0.64703957
0.64502889
0.63839748
0.63769893
0.63107594
0.62818468
0.62231875
0.61132882
0.60064698
0.59936812
0.59834441
0.59655186
0.59603952
0.59501469
0.59424597
0.59424597
0.58963456
0.58937852
0.58784296
0.58222678
0.57791061
0.57740462
0.57639393
0.57614154
0.57287150
0.56321638
0.56321638
0.55623493
0.55200838
0.54992989
0.54901405
0.54855801
0.54629727
0.54584911
0.54407025
0.53760967
0.53191126
0.52824703
0.52824703
0.51773931
0.51504219
0.51241198
0.50907527
0.50818020
0.50753765
0.50732900
0.50623123
0.50429308
0.50421326
0.50245599
0.50204698
0.50147854
0.50055662
0.50055662
0.50044572
0.50007564
0.50000965
0.70494136
0.70492424
0.70472610
0.70412282
0.70367464
0.70317959
0.70265744
0.70234516
0.70207016
0.70201355
0.70166265
0.70056416
0.70035437
0.69946768
0.69931253
0.69606621
0.69537263
0.69423238
0.69291888
0.69165167
0.69117602
0.69057039
0.68970197
0.68613094
0.68543163
0.68514862
0.68486375
0.68472061
0.68414343
0.68281775
0.68281775
0.68083765
0.68083765
0.68036988
0.68036988
0.67973994
0.67973994
0.67910290
0.67910290
0.67305734
0.67305734
0.67019577
0.67019577
0.66835479
0.66835479
0.66685361
0.66685361
0.66685361
0.66685361
0.65959528
0.65959528
0.65775467
0.65775467
0.65377793
0.65377793
0.64703957
0.64703957
0.64502889
0.64502889
0.63839748
0.63839748
0.63769893
0.63769893
0.63107594
0.63107594
0.62818468
0.62818468
0.62231875
0.62231875
0.61132882
0.61132882
0.60064698
0.60064698
0.59936812
0.59936812
0.59834441
0.59834441
0.59655186
0.59655186
0.59603952
0.59603952
0.59501469
0.59501469
0.59424597
0.59424597
0.59424597
0.59424597
0.58963456
0.58963456
0.58937852
0.58937852
0.58784296
0.58784296
0.58222678
0.58222678
0.57791061
0.57791061
0.57740462
0.57740462
0.57639393
0.57639393
0.57614154
0.57614154
0.57287150
0.57287150
0.56321638
0.56321638
0.56321638
0.56321638
0.55623493
0.55623493
0.55200838
0.55200838
0.54992989
0.54992989
0.54901405
0.54901405
0.54855801
0.54855801
0.54629727
0.54629727
0.54584911
0.54584911
0.54407025
0.54407025
0.53760967
0.53760967
0.53191126
0.53191126
0.52824703
0.52824703
0.52824703
0.52824703
0.51773931
0.51773931
0.51504219
0.51504219
0.51241198
0.51241198
0.50907527
0.50907527
0.50818020
0.50818020
0.50753765
0.50753765
0.50732900
0.50732900
0.50623123
0.50623123
0.50429308
0.50429308
0.50421326
0.50421326
0.50245599
0.50245599
0.50204698
0.50204698
0.50147854
0.50147854
0.50055662
0.50055662
0.50055662
0.50055662
0.50044572
0.50044572
0.50007564
0.50007564
0.50000965
0.50000965
