0.70491486
0.63816488
0.57513312
0.50004670
0.50061667
0.50504403
0.53054137
0.62281150
0.62818468
0.52079344
0.65335234
0.69764592
0.68762788
0.59091507
0.66220312
0.50000965
0.53431162
0.50828970
0.55154441
0.57262087
0.69755713
0.70488343
0.69635579
0.56272882
0.70470852
0.62207212
0.59091507
0.69475828
0.50001389
0.69799592
0.52265482
0.68514862
0.70129252
0.61760587
0.60090262
0.70499989
0.68970197
0.69842171
0.70359755
0.61735633
0.52300038
0.70467171
0.70049476
0.55154441
0.62379496
0.50030239
0.61031780
0.64814636
0.51254471
0.50233540
0.60549528
0.57563709
0.60600430
0.57892382
0.70280631
0.68514862
0.58350069
0.52404996
0.50011152
0.65588609
0.51112021
0.67496326
0.70218177
0.60447638
0.70331066
0.50828970
0.50108145
0.51349171
0.52547903
0.57664644
0.70154141
0.66946416
0.57012256
0.50331233
0.69719677
0.57212004
0.69391079
0.50345516
0.70096942
0.53802944
0.62207212
0.66779478
0.55599782
0.62428564
0.69433857
0.50785583
0.62697144
0.61585623
0.51727629
0.67813412
0.67958135
0.60422149
0.66160673
0.68626940
0.62599738
0.69635579
0.69782196
0.50585314
0.69506774
0.51712313
0.69506774
0.69475828
0.69433857
0.69391079
0.68970197
0.68762788
0.68626940
0.68514862
0.68514862
0.67958135
0.67813412
0.67496326
0.66946416
0.66779478
0.66220312
0.66160673
0.65588609
0.65335234
0.64814636
0.63816488
0.62818468
0.62697144
0.62599738
0.62428564
0.62379496
0.62281150
0.62207212
0.62207212
0.61760587
0.61735633
0.61585623
0.61031780
0.60600430
0.60549528
0.60447638
0.60422149
0.60090262
0.59091507
0.59091507
0.58350069
0.57892382
0.57664644
0.57563709
0.57513312
0.57262087
0.57212004
0.57012256
0.56272882
0.55599782
0.55154441
0.55154441
0.53802944
0.53431162
0.53054137
0.52547903
0.52404996
0.52300038
0.52265482
0.52079344
0.51727629
0.51712313
0.51349171
0.51254471
0.51112021
0.50828970
0.50828970
0.50785583
0.50585314
0.50504403
0.50345516
0.50331233
0.50233540
0.50108145
0.50061667
0.50030239
0.50011152
0.50004670
0.50001389
0.50000965
0.70499989
0.70491486
0.70488343
0.70470852
0.70467171
0.70359755
0.70331066
0.70280631
0.70218177
0.70154141
0.70129252
0.70096942
0.70049476
0.69842171
0.69799592
0.69782196
0.69764592
0.69755713
0.69719677
0.69635579
0.69635579
0.69506774
0.69506774
0.69475828
0.69475828
0.69433857
0.69433857
0.69391079
0.69391079
0.68970197
0.68970197
0.68762788
0.68762788
0.68626940
0.68626940
0.68514862
0.68514862
0.68514862
0.68514862
0.67958135
0.67958135
0.67813412
0.67813412
0.67496326
0.67496326
0.66946416
0.66946416
0.66779478
0.66779478
0.66220312
0.66220312
0.66160673
0.66160673
0.65588609
0.65588609
0.65335234
0.65335234
0.64814636
0.64814636
0.63816488
0.63816488
0.62818468
0.62818468
0.62697144
0.62697144
0.62599738
0.62599738
0.62428564
0.62428564
0.62379496
0.62379496
0.62281150
0.62281150
0.62207212
0.62207212
0.62207212
0.62207212
0.61760587
0.61760587
0.61735633
0.61735633
0.61585623
0.61585623
0.61031780
0.61031780
0.60600430
0.60600430
0.60549528
0.60549528
0.60447638
0.60447638
0.60422149
0.60422149
0.60090262
0.60090262
0.59091507
0.59091507
0.59091507
0.59091507
0.58350069
0.58350069
0.57892382
0.57892382
0.57664644
0.57664644
0.57563709
0.57563709
0.57513312
0.57513312
0.57262087
0.57262087
0.57212004
0.57212004
0.57012256
0.57012256
0.56272882
0.56272882
0.55599782
0.55599782
0.55154441
0.55154441
0.55154441
0.55154441
0.53802944
0.53802944
0.53431162
0.53431162
0.53054137
0.53054137
0.52547903
0.52547903
0.52404996
0.52404996
0.52300038
0.52300038
0.52265482
0.52265482
0.52079344
0.52079344
0.51727629
0.51727629
0.51712313
0.51712313
0.51349171
0.51349171
0.51254471
0.51254471
0.51112021
0.51112021
0.50828970
0.50828970
0.50828970
0.50828970
0.50785583
0.50785583
0.50585314
0.50585314
0.50504403
0.50504403
0.50345516
0.50345516
0.50331233
0.50331233
0.50233540
0.50233540
0.50108145
0.50108145
0.50061667
0.50061667
0.50030239
0.50030239
0.50011152
0.50011152
0.50004670
0.50004670
0.50001389
0.50001389
0.50000965
0.50000965
