0.52396766
0.68909316
0.64329532
0.52928778
0.53493961
0.55142316
0.59527052
0.67995716
0.68330495
0.58140706
0.69668089
0.50455020
0.50013929
0.65679084
0.70022751
0.52801054
0.60014915
0.55920006
0.62018776
0.64087547
0.50449255
0.52336978
0.50347865
0.63158668
0.52131781
0.67938400
0.65665708
0.50239532
0.52821224
0.50489941
0.58426816
0.50000039
0.50934879
0.67645123
0.66452308
0.52704902
0.50047230
0.50531751
0.51526944
0.67638021
0.58490957
0.52106614
0.50793982
0.62014303
0.68048276
0.53250400
0.67156489
0.69424897
0.56774678
0.54298456
0.66802012
0.64365760
0.66842123
0.64668933
0.51263079
0.50000039
0.65048126
0.58624512
0.53037505
0.69773786
0.56488881
0.70389141
0.51110793
0.66718089
0.51420938
0.55909072
0.53757032
0.56947014
0.58842649
0.64468211
0.50981415
0.70256038
0.63865038
0.54625209
0.50417547
0.64058461
0.50193685
0.54677804
0.50880402
0.60468995
0.67942775
0.70207792
0.62478665
0.68089639
0.50216010
0.55828817
0.68246619
0.67536666
0.57596031
0.70446312
0.70465964
0.66707351
0.69998930
0.50003126
0.68199501
0.50343267
0.50468944
0.55344085
0.50257958
0.57578108
0.50257958
0.50239532
0.50216010
0.50193685
0.50047230
0.50013929
0.50003126
0.50000039
0.50000039
