0.50147854
0.65588609
0.59552713
0.50317245
0.50548640
0.51418711
0.54742354
0.64185569
0.64681732
0.53574115
0.66928026
0.70304366
0.69673470
0.61132882
0.67681797
0.50277053
0.55177625
0.51916010
0.57087049
0.59296473
0.70299727
0.50133936
0.70234516
0.58273613
0.50085092
0.64116876
0.61132882
0.70141803
0.50283566
0.70322382
0.53802944
0.69496510
0.70463272
0.63699814
0.62108398
0.50239532
0.69816780
0.70343686
0.50002470
0.63676406
0.53845084
0.50078017
0.70435295
0.57087049
0.64276783
0.50445490
0.63011550
0.66474910
0.52511863
0.50942211
0.62550923
0.59603952
0.62599738
0.59936812
0.70497458
0.69496510
0.60396653
0.53972464
0.50360092
0.67146057
0.52317397
0.68722532
0.70487186
0.62453072
0.50000039
0.51916010
0.50671971
0.52638905
0.54144490
0.59706413
0.70470852
0.68281775
0.59040280
0.51124646
0.70280631
0.59245225
0.70090320
0.51150092
0.70452570
0.55599782
0.64116876
0.68145505
0.57563709
0.64322226
0.70116488
0.51852281
0.64570172
0.63535450
0.53132137
0.68970197
0.69081412
0.62428564
0.67631727
0.69577203
0.64480405
0.70234516
0.70313482
0.51547807
0.70160230
0.53112567
0.70160230
0.70141803
0.70116488
0.70090320
0.69816780
0.69673470
0.69577203
0.69496510
0.69496510
0.69081412
0.68970197
0.68722532
0.68281775
0.68145505
0.67681797
0.67631727
0.67146057
0.66928026
0.66474910
0.65588609
0.64681732
0.64570172
0.64480405
0.64322226
0.64276783
0.64185569
0.64116876
0.64116876
0.63699814
0.63676406
0.63535450
0.63011550
0.62599738
0.62550923
0.62453072
0.62428564
0.62108398
0.61132882
0.61132882
0.60396653
0.59936812
0.59706413
0.59603952
0.59552713
0.59296473
0.59245225
0.59040280
0.58273613
0.57563709
0.57087049
0.57087049
0.55599782
0.55177625
0.54742354
0.54144490
0.53972464
0.53845084
0.53802944
0.53574115
0.53132137
0.53112567
0.52638905
0.52511863
0.52317397
0.51916010
0.51916010
0.51852281
0.51547807
0.51418711
0.51150092
0.51124646
0.50942211
0.50671971
0.50548640
0.50445490
0.50360092
0.50317245
0.50283566
0.50277053
0.50239532
0.50147854
0.50133936
0.50085092
0.50078017
0.50002470
0.50000039
0.70497458
0.70487186
0.70470852
0.70463272
0.70452570
0.70435295
0.70343686
0.70322382
0.70313482
0.70304366
0.70299727
0.70280631
0.70234516
0.70234516
0.70160230
0.70160230
0.70141803
0.70141803
0.70116488
0.70116488
0.70090320
0.70090320
0.69816780
0.69816780
0.69673470
0.69673470
0.69577203
0.69577203
0.69496510
0.69496510
0.69496510
0.69496510
0.69081412
0.69081412
0.68970197
0.68970197
0.68722532
0.68722532
0.68281775
0.68281775
0.68145505
0.68145505
0.67681797
0.67681797
0.67631727
0.67631727
0.67146057
0.67146057
0.66928026
0.66928026
0.66474910
0.66474910
0.65588609
0.65588609
0.64681732
0.64681732
0.64570172
0.64570172
0.64480405
0.64480405
0.64322226
0.64322226
0.64276783
0.64276783
0.64185569
0.64185569
0.64116876
0.64116876
0.64116876
0.64116876
0.63699814
0.63699814
0.63676406
0.63676406
0.63535450
0.63535450
0.63011550
0.63011550
0.62599738
0.62599738
0.62550923
0.62550923
0.62453072
0.62453072
0.62428564
0.62428564
0.62108398
0.62108398
0.61132882
0.61132882
0.61132882
0.61132882
0.60396653
0.60396653
0.59936812
0.59936812
0.59706413
0.59706413
0.59603952
0.59603952
0.59552713
0.59552713
0.59296473
0.59296473
0.59245225
0.59245225
0.59040280
0.59040280
0.58273613
0.58273613
0.57563709
0.57563709
0.57087049
0.57087049
0.57087049
0.57087049
0.55599782
0.55599782
0.55177625
0.55177625
0.54742354
0.54742354
0.54144490
0.54144490
0.53972464
0.53972464
0.53845084
0.53845084
0.53802944
0.53802944
0.53574115
0.53574115
0.53132137
0.53132137
0.53112567
0.53112567
0.52638905
0.52638905
0.52511863
0.52511863
0.52317397
0.52317397
0.51916010
0.51916010
0.51916010
0.51916010
0.51852281
0.51852281
0.51547807
0.51547807
0.51418711
0.51418711
0.51150092
0.51150092
0.51124646
0.51124646
0.50942211
0.50942211
0.50671971
0.50671971
0.50548640
0.50548640
0.50445490
0.50445490
0.50360092
0.50360092
0.50317245
0.50317245
0.50283566
0.50283566
0.50277053
0.50277053
0.50239532
0.50239532
0.50147854
0.50147854
0.50133936
0.50133936
0.50085092
0.50085092
0.50078017
0.50078017
0.50002470
0.50002470
0.50000039
0.50000039
