0.50199154
0.65796058
0.59808840
0.50390125
0.50642452
0.51562459
0.54970046
0.64412782
0.64902640
0.53781935
0.67110123
0.70347784
0.69764592
0.61384880
0.67845880
0.50345516
0.55411050
0.52079344
0.57337317
0.59552713
0.70343686
0.50182973
0.70285486
0.58528686
0.50125035
0.64344907
0.61384880
0.70201355
0.50352767
0.70363636
0.54015239
0.69596866
0.70480582
0.63932536
0.62354935
0.50303551
0.69899592
0.70382232
0.50012502
0.63909377
0.54058169
0.50116438
0.70459155
0.57337317
0.64502889
0.50530731
0.63251017
0.66666421
0.52694118
0.51062178
0.62794243
0.59860038
0.62842674
0.60192476
0.50000000
0.69596866
0.60651303
0.54187877
0.50437363
0.67323270
0.52493920
0.68855046
0.70496293
0.62697144
0.50004670
0.52079344
0.50774908
0.52824703
0.54362905
0.59962397
0.70485975
0.68428842
0.59296473
0.51254471
0.70326751
0.59501469
0.70154141
0.51281209
0.70472610
0.55838034
0.64344907
0.68296688
0.57816377
0.64547773
0.70178176
0.52013329
0.64792560
0.63769893
0.53330363
0.69093524
0.69200323
0.62672821
0.67797112
0.69673470
0.64703957
0.70285486
0.70355819
0.51697057
0.70218177
0.53310337
0.70218177
0.70201355
0.70178176
0.70154141
0.69899592
0.69764592
0.69673470
0.69596866
0.69596866
0.69200323
0.69093524
0.68855046
0.68428842
0.68296688
0.67845880
0.67797112
0.67323270
0.67110123
0.66666421
0.65796058
0.64902640
0.64792560
0.64703957
0.64547773
0.64502889
0.64412782
0.64344907
0.64344907
0.63932536
0.63909377
0.63769893
0.63251017
0.62842674
0.62794243
0.62697144
0.62672821
0.62354935
0.61384880
0.61384880
0.60651303
0.60192476
0.59962397
0.59860038
0.59808840
0.59552713
0.59501469
0.59296473
0.58528686
0.57816377
0.57337317
0.57337317
0.55838034
0.55411050
0.54970046
0.54362905
0.54187877
0.54058169
0.54015239
0.53781935
0.53330363
0.53310337
0.52824703
0.52694118
0.52493920
0.52079344
0.52079344
0.52013329
0.51697057
0.51562459
0.51281209
0.51254471
0.51062178
0.50774908
0.50642452
0.50530731
0.50437363
0.50390125
0.50352767
0.50345516
0.50303551
0.50199154
0.50182973
0.50125035
0.50116438
0.50012502
0.50004670
0.50000000
0.70496293
0.70485975
0.70480582
0.70472610
0.70459155
0.70382232
0.70363636
0.70355819
0.70347784
0.70343686
0.70326751
0.70285486
0.70285486
0.70218177
0.70218177
0.70201355
0.70201355
0.70178176
0.70178176
0.70154141
0.70154141
0.69899592
0.69899592
0.69764592
0.69764592
0.69673470
0.69673470
0.69596866
0.69596866
0.69596866
0.69596866
0.69200323
0.69200323
0.69093524
0.69093524
0.68855046
0.68855046
0.68428842
0.68428842
0.68296688
0.68296688
0.67845880
0.67845880
0.67797112
0.67797112
0.67323270
0.67323270
0.67110123
0.67110123
0.66666421
0.66666421
0.65796058
0.65796058
0.64902640
0.64902640
0.64792560
0.64792560
0.64703957
0.64703957
0.64547773
0.64547773
0.64502889
0.64502889
0.64412782
0.64412782
0.64344907
0.64344907
0.64344907
0.64344907
0.63932536
0.63932536
0.63909377
0.63909377
0.63769893
0.63769893
0.63251017
0.63251017
0.62842674
0.62842674
0.62794243
0.62794243
0.62697144
0.62697144
0.62672821
0.62672821
0.62354935
0.62354935
0.61384880
0.61384880
0.61384880
0.61384880
0.60651303
0.60651303
0.60192476
0.60192476
0.59962397
0.59962397
0.59860038
0.59860038
0.59808840
0.59808840
0.59552713
0.59552713
0.59501469
0.59501469
0.59296473
0.59296473
0.58528686
0.58528686
0.57816377
0.57816377
0.57337317
0.57337317
0.57337317
0.57337317
0.55838034
0.55838034
0.55411050
0.55411050
0.54970046
0.54970046
0.54362905
0.54362905
0.54187877
0.54187877
0.54058169
0.54058169
0.54015239
0.54015239
0.53781935
0.53781935
0.53330363
0.53330363
0.53310337
0.53310337
0.52824703
0.52824703
0.52694118
0.52694118
0.52493920
0.52493920
0.52079344
0.52079344
0.52079344
0.52079344
0.52013329
0.52013329
0.51697057
0.51697057
0.51562459
0.51562459
0.51281209
0.51281209
0.51254471
0.51254471
0.51062178
0.51062178
0.50774908
0.50774908
0.50642452
0.50642452
0.50530731
0.50530731
0.50437363
0.50437363
0.50390125
0.50390125
0.50352767
0.50352767
0.50345516
0.50345516
0.50303551
0.50303551
0.50199154
0.50199154
0.50182973
0.50182973
0.50125035
0.50125035
0.50116438
0.50116438
0.50012502
0.50012502
0.50004670
0.50004670
0.50000000
0.50000000
