0.50566835
0.66779478
0.61082351
0.50862229
0.51214844
0.52369796
0.56151363
0.65504681
0.65959528
0.54878587
0.67958135
0.70483388
0.70141803
0.62624118
0.68599202
0.50796327
0.56615862
0.52976891
0.58605320
0.60829106
0.70482012
0.50539650
0.70459155
0.59808840
0.50437363
0.65441385
0.62624118
0.70418362
0.50807139
0.70488343
0.55131286
0.70021187
0.50020408
0.65055474
0.63559002
0.50732900
0.70234516
0.70493307
0.50177730
0.65033733
0.55177625
0.50421326
0.50004670
0.58605320
0.65588609
0.51062178
0.64412782
0.67564367
0.53677504
0.51758438
0.63978777
0.61132882
0.64024914
0.61460252
0.50096276
0.70021187
0.61910009
0.55317339
0.50930582
0.68145505
0.53451454
0.69444426
0.50055662
0.63886193
0.50143139
0.52976891
0.51390706
0.53823994
0.55505202
0.61233816
0.50028119
0.69093524
0.60574983
0.51996966
0.70475963
0.60778347
0.70392738
0.52029748
0.50012502
0.57062102
0.65441385
0.68982749
0.59091507
0.65630371
0.70405985
0.52900409
0.65857622
0.64902640
0.54384947
0.69635579
0.69719677
0.63862983
0.68557243
0.70076918
0.65775467
0.70459155
0.70485975
0.52529857
0.70427073
0.54362905
0.70427073
0.70418362
0.70405985
0.70392738
0.70234516
0.70141803
0.70076918
0.70021187
0.70021187
0.69719677
0.69635579
0.69444426
0.69093524
0.68982749
0.68599202
0.68557243
0.68145505
0.67958135
0.67564367
0.66779478
0.65959528
0.65857622
0.65775467
0.65630371
0.65588609
0.65504681
0.65441385
0.65441385
0.65055474
0.65033733
0.64902640
0.64412782
0.64024914
0.63978777
0.63886193
0.63862983
0.63559002
0.62624118
0.62624118
0.61910009
0.61460252
0.61233816
0.61132882
0.61082351
0.60829106
0.60778347
0.60574983
0.59808840
0.59091507
0.58605320
0.58605320
0.57062102
0.56615862
0.56151363
0.55505202
0.55317339
0.55177625
0.55131286
0.54878587
0.54384947
0.54362905
0.53823994
0.53677504
0.53451454
0.52976891
0.52976891
0.52900409
0.52529857
0.52369796
0.52029748
0.51996966
0.51758438
0.51390706
0.51214844
0.51062178
0.50930582
0.50862229
0.50807139
0.50796327
0.50732900
0.50566835
0.50539650
0.50437363
0.50421326
0.50177730
0.50143139
0.50096276
0.50055662
0.50028119
0.50020408
0.50012502
0.50004670
0.70493307
0.70488343
0.70485975
0.70483388
0.70482012
0.70475963
0.70459155
0.70459155
0.70427073
0.70427073
0.70418362
0.70418362
0.70405985
0.70405985
0.70392738
0.70392738
0.70234516
0.70234516
0.70141803
0.70141803
0.70076918
0.70076918
0.70021187
0.70021187
0.70021187
0.70021187
0.69719677
0.69719677
0.69635579
0.69635579
0.69444426
0.69444426
0.69093524
0.69093524
0.68982749
0.68982749
0.68599202
0.68599202
0.68557243
0.68557243
0.68145505
0.68145505
0.67958135
0.67958135
0.67564367
0.67564367
0.66779478
0.66779478
0.65959528
0.65959528
0.65857622
0.65857622
0.65775467
0.65775467
0.65630371
0.65630371
0.65588609
0.65588609
0.65504681
0.65504681
0.65441385
0.65441385
0.65441385
0.65441385
0.65055474
0.65055474
0.65033733
0.65033733
0.64902640
0.64902640
0.64412782
0.64412782
0.64024914
0.64024914
0.63978777
0.63978777
0.63886193
0.63886193
0.63862983
0.63862983
0.63559002
0.63559002
0.62624118
0.62624118
0.62624118
0.62624118
0.61910009
0.61910009
0.61460252
0.61460252
0.61233816
0.61233816
0.61132882
0.61132882
0.61082351
0.61082351
0.60829106
0.60829106
0.60778347
0.60778347
0.60574983
0.60574983
0.59808840
0.59808840
0.59091507
0.59091507
0.58605320
0.58605320
0.58605320
0.58605320
0.57062102
0.57062102
0.56615862
0.56615862
0.56151363
0.56151363
0.55505202
0.55505202
0.55317339
0.55317339
0.55177625
0.55177625
0.55131286
0.55131286
0.54878587
0.54878587
0.54384947
0.54384947
0.54362905
0.54362905
0.53823994
0.53823994
0.53677504
0.53677504
0.53451454
0.53451454
0.52976891
0.52976891
0.52976891
0.52976891
0.52900409
0.52900409
0.52529857
0.52529857
0.52369796
0.52369796
0.52029748
0.52029748
0.51996966
0.51996966
0.51758438
0.51758438
0.51390706
0.51390706
0.51214844
0.51214844
0.51062178
0.51062178
0.50930582
0.50930582
0.50862229
0.50862229
0.50807139
0.50807139
0.50796327
0.50796327
0.50732900
0.50732900
0.50566835
0.50566835
0.50539650
0.50539650
0.50437363
0.50437363
0.50421326
0.50421326
0.50177730
0.50177730
0.50143139
0.50143139
0.50096276
0.50096276
0.50055662
0.50055662
0.50028119
0.50028119
0.50020408
0.50020408
0.50012502
0.50012502
0.50004670
0.50004670
