0.50662061
0.66964766
0.61334571
0.50977500
0.51349171
0.52547903
0.56394927
0.65713489
0.66160673
0.55108161
0.68114725
0.70494136
0.70201355
0.62866860
0.68735999
0.50907527
0.56863098
0.53171417
0.58861060
0.61082351
0.70493307
0.50632752
0.70477557
0.60064698
0.50521883
0.65651202
0.62866860
0.70445493
0.50919021
0.70496903
0.55364139
0.70090320
0.50041991
0.65271153
0.63793203
0.50839988
0.70285486
0.70499130
0.50233540
0.65249728
0.55411050
0.50504403
0.50017015
0.58861060
0.65796058
0.51188749
0.64637195
0.67731478
0.53887385
0.51916010
0.64208413
0.61384880
0.64254020
0.61710665
0.50138499
0.70090320
0.62157838
0.55552439
0.51049882
0.68296688
0.53656742
0.69547325
0.50088744
0.64116876
0.50193685
0.53171417
0.51533217
0.54036685
0.55742432
0.61485351
0.50052775
0.69211942
0.60829106
0.52163124
0.70489445
0.61031780
0.70424224
0.52197024
0.50030239
0.57312227
0.65651202
0.69105588
0.59347722
0.65837135
0.70435295
0.53093044
0.66060549
0.65120510
0.54607302
0.69728763
0.69808212
0.64093925
0.68695457
0.70141803
0.65979803
0.70477557
0.70495629
0.52712623
0.70452570
0.54584911
0.70452570
0.70445493
0.70435295
0.70424224
0.70285486
0.70201355
0.70141803
0.70090320
0.70090320
0.69808212
0.69728763
0.69547325
0.69211942
0.69105588
0.68735999
0.68695457
0.68296688
0.68114725
0.67731478
0.66964766
0.66160673
0.66060549
0.65979803
0.65837135
0.65796058
0.65713489
0.65651202
0.65651202
0.65271153
0.65249728
0.65120510
0.64637195
0.64254020
0.64208413
0.64116876
0.64093925
0.63793203
0.62866860
0.62866860
0.62157838
0.61710665
0.61485351
0.61384880
0.61334571
0.61082351
0.61031780
0.60829106
0.60064698
0.59347722
0.58861060
0.58861060
0.57312227
0.56863098
0.56394927
0.55742432
0.55552439
0.55411050
0.55364139
0.55108161
0.54607302
0.54584911
0.54036685
0.53887385
0.53656742
0.53171417
0.53171417
0.53093044
0.52712623
0.52547903
0.52197024
0.52163124
0.51916010
0.51533217
0.51349171
0.51188749
0.51049882
0.50977500
0.50919021
0.50907527
0.50839988
0.50662061
0.50632752
0.50521883
0.50504403
0.50233540
0.50193685
0.50138499
0.50088744
0.50052775
0.50041991
0.50030239
0.50017015
0.70499130
0.70496903
0.70495629
0.70494136
0.70493307
0.70489445
0.70477557
0.70477557
0.70452570
0.70452570
0.70445493
0.70445493
0.70435295
0.70435295
0.70424224
0.70424224
0.70285486
0.70285486
0.70201355
0.70201355
0.70141803
0.70141803
0.70090320
0.70090320
0.70090320
0.70090320
0.69808212
0.69808212
0.69728763
0.69728763
0.69547325
0.69547325
0.69211942
0.69211942
0.69105588
0.69105588
0.68735999
0.68735999
0.68695457
0.68695457
0.68296688
0.68296688
0.68114725
0.68114725
0.67731478
0.67731478
0.66964766
0.66964766
0.66160673
0.66160673
0.66060549
0.66060549
0.65979803
0.65979803
0.65837135
0.65837135
0.65796058
0.65796058
0.65713489
0.65713489
0.65651202
0.65651202
0.65651202
0.65651202
0.65271153
0.65271153
0.65249728
0.65249728
0.65120510
0.65120510
0.64637195
0.64637195
0.64254020
0.64254020
0.64208413
0.64208413
0.64116876
0.64116876
0.64093925
0.64093925
0.63793203
0.63793203
0.62866860
0.62866860
0.62866860
0.62866860
0.62157838
0.62157838
0.61710665
0.61710665
0.61485351
0.61485351
0.61384880
0.61384880
0.61334571
0.61334571
0.61082351
0.61082351
0.61031780
0.61031780
0.60829106
0.60829106
0.60064698
0.60064698
0.59347722
0.59347722
0.58861060
0.58861060
0.58861060
0.58861060
0.57312227
0.57312227
0.56863098
0.56863098
0.56394927
0.56394927
0.55742432
0.55742432
0.55552439
0.55552439
0.55411050
0.55411050
0.55364139
0.55364139
0.55108161
0.55108161
0.54607302
0.54607302
0.54584911
0.54584911
0.54036685
0.54036685
0.53887385
0.53887385
0.53656742
0.53656742
0.53171417
0.53171417
0.53171417
0.53171417
0.53093044
0.53093044
0.52712623
0.52712623
0.52547903
0.52547903
0.52197024
0.52197024
0.52163124
0.52163124
0.51916010
0.51916010
0.51533217
0.51533217
0.51349171
0.51349171
0.51188749
0.51188749
0.51049882
0.51049882
0.50977500
0.50977500
0.50919021
0.50919021
0.50907527
0.50907527
0.50839988
0.50839988
0.50662061
0.50662061
0.50632752
0.50632752
0.50521883
0.50521883
0.50504403
0.50504403
0.50233540
0.50233540
0.50193685
0.50193685
0.50138499
0.50138499
0.50088744
0.50088744
0.50052775
0.50052775
0.50041991
0.50041991
0.50030239
0.50030239
0.50017015
0.50017015
