0.51980661
0.68585263
0.63769893
0.52476030
0.53015419
0.54584911
0.58912252
0.67598133
0.67958135
0.57538505
0.69423238
0.50277053
0.70499411
0.65163709
0.69833760
0.52369796
0.59398972
0.55340725
0.61410016
0.63535450
0.50270613
0.51932086
0.50193685
0.62575340
0.51743004
0.67547421
0.65163709
0.50116438
0.52387369
0.50303551
0.57816377
0.70485975
0.50671971
0.67235178
0.65979803
0.52265482
0.50004670
0.50338338
0.51188749
0.67217436
0.57867037
0.51712313
0.50557702
0.61410016
0.67665150
0.52787145
0.66704262
0.69153350
0.56175624
0.53781935
0.66338599
0.63816488
0.66377732
0.64116876
0.50965670
0.70485975
0.64525345
0.58019247
0.52584150
0.69547325
0.55909991
0.70290287
0.50828970
0.66259888
0.51099462
0.55340725
0.53270418
0.56346048
0.58222678
0.63909377
0.50712311
0.70116488
0.63298649
0.54101253
0.50245599
0.63488274
0.50085092
0.54144490
0.50623123
0.59860038
0.67547421
0.70056416
0.61885142
0.67698400
0.50100156
0.55247352
0.67878173
0.67110123
0.56987356
0.70371237
0.70402755
0.66240119
0.69808212
0.70494136
0.67813412
0.50193685
0.50290154
0.54787636
0.50129448
0.56962472
0.50129448
0.50116438
0.50100156
0.50085092
0.50004670
0.70499411
0.70494136
0.70485975
0.70485975
0.70402755
0.70371237
0.70290287
0.70116488
0.70056416
0.69833760
0.69808212
0.69547325
0.69423238
0.69153350
0.68585263
0.67958135
0.67878173
0.67813412
0.67698400
0.67665150
0.67598133
0.67547421
0.67547421
0.67235178
0.67217436
0.67110123
0.66704262
0.66377732
0.66338599
0.66259888
0.66240119
0.65979803
0.65163709
0.65163709
0.64525345
0.64116876
0.63909377
0.63816488
0.63769893
0.63535450
0.63488274
0.63298649
0.62575340
0.61885142
0.61410016
0.61410016
0.59860038
0.59398972
0.58912252
0.58222678
0.58019247
0.57867037
0.57816377
0.57538505
0.56987356
0.56962472
0.56346048
0.56175624
0.55909991
0.55340725
0.55340725
0.55247352
0.54787636
0.54584911
0.54144490
0.54101253
0.53781935
0.53270418
0.53015419
0.52787145
0.52584150
0.52476030
0.52387369
0.52369796
0.52265482
0.51980661
0.51932086
0.51743004
0.51712313
0.51188749
0.51099462
0.50965670
0.50828970
0.50712311
0.50671971
0.50623123
0.50557702
0.50338338
0.50303551
0.50290154
0.50277053
0.50270613
0.50245599
0.50193685
0.50193685
0.50129448
0.50129448
0.50116438
0.50116438
0.50100156
0.50100156
0.50085092
0.50085092
0.50004670
0.50004670
0.70499411
0.70499411
0.70494136
0.70494136
0.70485975
0.70485975
0.70485975
0.70485975
0.70402755
0.70402755
0.70371237
0.70371237
0.70290287
0.70290287
0.70116488
0.70116488
0.70056416
0.70056416
0.69833760
0.69833760
0.69808212
0.69808212
0.69547325
0.69547325
0.69423238
0.69423238
0.69153350
0.69153350
0.68585263
0.68585263
0.67958135
0.67958135
0.67878173
0.67878173
0.67813412
0.67813412
0.67698400
0.67698400
0.67665150
0.67665150
0.67598133
0.67598133
0.67547421
0.67547421
0.67547421
0.67547421
0.67235178
0.67235178
0.67217436
0.67217436
0.67110123
0.67110123
0.66704262
0.66704262
0.66377732
0.66377732
0.66338599
0.66338599
0.66259888
0.66259888
0.66240119
0.66240119
0.65979803
0.65979803
0.65163709
0.65163709
0.65163709
0.65163709
0.64525345
0.64525345
0.64116876
0.64116876
0.63909377
0.63909377
0.63816488
0.63816488
0.63769893
0.63769893
0.63535450
0.63535450
0.63488274
0.63488274
0.63298649
0.63298649
0.62575340
0.62575340
0.61885142
0.61885142
0.61410016
0.61410016
0.61410016
0.61410016
0.59860038
0.59860038
0.59398972
0.59398972
0.58912252
0.58912252
0.58222678
0.58222678
0.58019247
0.58019247
0.57867037
0.57867037
0.57816377
0.57816377
0.57538505
0.57538505
0.56987356
0.56987356
0.56962472
0.56962472
0.56346048
0.56346048
0.56175624
0.56175624
0.55909991
0.55909991
0.55340725
0.55340725
0.55340725
0.55340725
0.55247352
0.55247352
0.54787636
0.54787636
0.54584911
0.54584911
0.54144490
0.54144490
0.54101253
0.54101253
0.53781935
0.53781935
0.53270418
0.53270418
0.53015419
0.53015419
0.52787145
0.52787145
0.52584150
0.52584150
0.52476030
0.52476030
0.52387369
0.52387369
0.52369796
0.52369796
0.52265482
0.52265482
0.51980661
0.51980661
0.51932086
0.51932086
0.51743004
0.51743004
0.51712313
0.51712313
0.51188749
0.51188749
0.51099462
0.51099462
0.50965670
0.50965670
0.50828970
0.50828970
0.50712311
0.50712311
0.50671971
0.50671971
0.50623123
0.50623123
0.50557702
0.50557702
0.50338338
0.50338338
0.50303551
0.50303551
0.50290154
0.50290154
0.50277053
0.50277053
0.50270613
0.50270613
0.50245599
0.50245599
0.50193685
0.50193685
0.50193685
0.50193685
0.50129448
0.50129448
0.50129448
0.50129448
0.50116438
0.50116438
0.50116438
0.50116438
0.50100156
0.50100156
0.50100156
0.50100156
0.50085092
0.50085092
0.50085092
0.50085092
0.50004670
0.50004670
0.50004670
0.50004670
