0.52146257
0.68722532
0.64001858
0.52657259
0.53210880
0.54810325
0.59168360
0.67764382
0.68114725
0.57791061
0.69527151
0.50345516
0.50000965
0.65377793
0.69915527
0.52547903
0.59655186
0.55576098
0.61660689
0.63769893
0.50338338
0.52095989
0.50251741
0.62818468
0.51899991
0.67714961
0.65377793
0.50162453
0.52566000
0.50374963
0.58070056
0.70495629
0.50774908
0.67410322
0.66180589
0.52440408
0.50017015
0.50413417
0.51321796
0.67392995
0.58120898
0.51868126
0.50652221
0.61660689
0.67829668
0.52976891
0.66891126
0.69269295
0.56419397
0.53993832
0.66532764
0.64047944
0.66571143
0.64344907
0.51086968
0.70495629
0.64748317
0.58273613
0.52768440
0.69645129
0.56151363
0.70335327
0.50942211
0.66455549
0.51227989
0.55576098
0.53471789
0.56591237
0.58477623
0.64139800
0.50818020
0.70178176
0.63535450
0.54318929
0.50310361
0.63723198
0.50125035
0.54362905
0.50722571
0.60115823
0.67714961
0.70122896
0.62133126
0.67862049
0.50143139
0.55481623
0.68036988
0.67288157
0.57237039
0.70405985
0.70432609
0.66436151
0.69891546
0.70499411
0.67973994
0.50251741
0.50360092
0.55015962
0.50177730
0.57212004
0.50177730
0.50162453
0.50143139
0.50125035
0.50017015
0.50000965
0.70499411
0.70495629
0.70495629
0.70432609
0.70405985
0.70335327
0.70178176
0.70122896
0.69915527
0.69891546
0.69645129
0.69527151
0.69269295
0.68722532
0.68114725
0.68036988
0.67973994
0.67862049
0.67829668
0.67764382
0.67714961
0.67714961
0.67410322
0.67392995
0.67288157
0.66891126
0.66571143
0.66532764
0.66455549
0.66436151
0.66180589
0.65377793
0.65377793
0.64748317
0.64344907
0.64139800
0.64047944
0.64001858
0.63769893
0.63723198
0.63535450
0.62818468
0.62133126
0.61660689
0.61660689
0.60115823
0.59655186
0.59168360
0.58477623
0.58273613
0.58120898
0.58070056
0.57791061
0.57237039
0.57212004
0.56591237
0.56419397
0.56151363
0.55576098
0.55576098
0.55481623
0.55015962
0.54810325
0.54362905
0.54318929
0.53993832
0.53471789
0.53210880
0.52976891
0.52768440
0.52657259
0.52566000
0.52547903
0.52440408
0.52146257
0.52095989
0.51899991
0.51868126
0.51321796
0.51227989
0.51086968
0.50942211
0.50818020
0.50774908
0.50722571
0.50652221
0.50413417
0.50374963
0.50360092
0.50345516
0.50338338
0.50310361
0.50251741
0.50251741
0.50177730
0.50177730
0.50162453
0.50162453
0.50143139
0.50143139
0.50125035
0.50125035
0.50017015
0.50017015
0.50000965
0.50000965
0.70499411
0.70499411
0.70495629
0.70495629
0.70495629
0.70495629
0.70432609
0.70432609
0.70405985
0.70405985
0.70335327
0.70335327
0.70178176
0.70178176
0.70122896
0.70122896
0.69915527
0.69915527
0.69891546
0.69891546
0.69645129
0.69645129
0.69527151
0.69527151
0.69269295
0.69269295
0.68722532
0.68722532
0.68114725
0.68114725
0.68036988
0.68036988
0.67973994
0.67973994
0.67862049
0.67862049
0.67829668
0.67829668
0.67764382
0.67764382
0.67714961
0.67714961
0.67714961
0.67714961
0.67410322
0.67410322
0.67392995
0.67392995
0.67288157
0.67288157
0.66891126
0.66891126
0.66571143
0.66571143
0.66532764
0.66532764
0.66455549
0.66455549
0.66436151
0.66436151
0.66180589
0.66180589
0.65377793
0.65377793
0.65377793
0.65377793
0.64748317
0.64748317
0.64344907
0.64344907
0.64139800
0.64139800
0.64047944
0.64047944
0.64001858
0.64001858
0.63769893
0.63769893
0.63723198
0.63723198
0.63535450
0.63535450
0.62818468
0.62818468
0.62133126
0.62133126
0.61660689
0.61660689
0.61660689
0.61660689
0.60115823
0.60115823
0.59655186
0.59655186
0.59168360
0.59168360
0.58477623
0.58477623
0.58273613
0.58273613
0.58120898
0.58120898
0.58070056
0.58070056
0.57791061
0.57791061
0.57237039
0.57237039
0.57212004
0.57212004
0.56591237
0.56591237
0.56419397
0.56419397
0.56151363
0.56151363
0.55576098
0.55576098
0.55576098
0.55576098
0.55481623
0.55481623
0.55015962
0.55015962
0.54810325
0.54810325
0.54362905
0.54362905
0.54318929
0.54318929
0.53993832
0.53993832
0.53471789
0.53471789
0.53210880
0.53210880
0.52976891
0.52976891
0.52768440
0.52768440
0.52657259
0.52657259
0.52566000
0.52566000
0.52547903
0.52547903
0.52440408
0.52440408
0.52146257
0.52146257
0.52095989
0.52095989
0.51899991
0.51899991
0.51868126
0.51868126
0.51321796
0.51321796
0.51227989
0.51227989
0.51086968
0.51086968
0.50942211
0.50942211
0.50818020
0.50818020
0.50774908
0.50774908
0.50722571
0.50722571
0.50652221
0.50652221
0.50413417
0.50413417
0.50374963
0.50374963
0.50360092
0.50360092
0.50345516
0.50345516
0.50338338
0.50338338
0.50310361
0.50310361
0.50251741
0.50251741
0.50251741
0.50251741
0.50177730
0.50177730
0.50177730
0.50177730
0.50162453
0.50162453
0.50162453
0.50162453
0.50143139
0.50143139
0.50143139
0.50143139
0.50125035
0.50125035
0.50125035
0.50125035
0.50017015
0.50017015
0.50017015
0.50017015
0.50000965
0.50000965
0.50000965
0.50000965
