5.10000000
5.20000000
5.30000000
5.40000000
5.50000000
5.60000000
5.70000000
5.80000000
5.90000000
6.00000000
6.10000000
6.20000000
6.30000000
6.40000000
6.50000000
6.60000000
6.70000000
6.80000000
6.90000000
7.00000000
7.10000000
7.20000000
7.30000000
7.40000000
7.50000000
7.60000000
7.70000000
7.80000000
7.90000000
8.00000000
8.10000000
8.20000000
8.30000000
8.40000000
8.50000000
8.60000000
8.70000000
8.80000000
8.90000000
9.00000000
9.10000000
9.20000000
9.30000000
9.40000000
9.50000000
9.60000000
9.70000000
9.80000000
9.90000000
10.00000000
