25.10000000
25.20000000
25.30000000
25.40000000
25.50000000
25.60000000
25.70000000
25.80000000
25.90000000
26.00000000
26.10000000
26.20000000
26.30000000
26.40000000
26.50000000
26.60000000
26.70000000
26.80000000
26.90000000
27.00000000
27.10000000
27.20000000
27.30000000
27.40000000
27.50000000
27.60000000
27.70000000
27.80000000
27.90000000
28.00000000
28.10000000
28.20000000
28.30000000
28.40000000
28.50000000
28.60000000
28.70000000
28.80000000
28.90000000
29.00000000
29.10000000
29.20000000
29.30000000
29.40000000
29.50000000
29.60000000
29.70000000
29.80000000
29.90000000
30.00000000
