-4.51742171
3.74698752
-1.33204554
-11.71625365
-1.81432317
0.65502907
-2.97917606
-0.78014087
-0.08768217
-5.66518948
1.04738293
-2.20708966
0.01756473
0.39723410
2.58992495
2.20579731
5.75217973
5.78648066
0.44188809
1.07765631
-11.50174966
-6.10551014
0.53249654
-2.08474480
-3.69534117
-2.88033253
-5.67485197
3.45889139
8.57439972
-9.41966210
-0.96189707
-1.53062335
9.59821149
1.23567064
-0.94633612
-3.73415993
-1.80268345
-7.93696384
-0.18648194
-2.41575573
-10.06765175
-8.56396053
0.12641143
10.65425377
7.02375480
7.52982141
4.98273856
-1.12730016
-0.24736024
-1.46485921
1.89589049
-2.88858467
16.64477639
-9.03831236
7.90839855
2.91530572
2.30169754
-0.28460907
-4.51332056
0.78648662
-7.80372955
-8.96713806
-5.77750815
5.47757667
0.54883367
-1.94332458
1.15147815
0.40181385
5.30791701
1.63999564
11.25936278
-7.95245004
0.00714334
0.28203571
4.34306635
4.03995543
-0.06624448
-2.58468005
1.97705171
-0.41103959
-12.29941239
-12.85896083
4.70638335
0.66682238
-5.52666819
-1.69936424
6.02326420
-0.93597455
-6.88078337
-1.38624558
-1.13383998
5.56733229
0.97611590
7.84573218
-0.00172476
-0.82159912
-0.88706310
-2.60752244
0.32440142
-10.13061185
-3.89585681
-3.23419847
-3.25611111
-4.67429200
4.96162664
5.08445224
0.21237895
-1.94910990
-5.54583692
-7.08858487
-1.05311838
4.67591965
0.19773757
-8.21368207
-0.49806947
0.00260008
-1.84043117
3.15168180
-2.25935862
-1.59362188
0.09726638
-1.07857421
-0.86481534
0.01137078
-0.51624415
-0.35128822
7.95032075
-0.04906653
1.10741770
-3.57998909
0.45386787
2.89406173
5.27336901
-0.66673569
9.38730992
-3.36564951
1.92575058
13.60051931
-4.33922598
-1.10964474
2.96904924
0.54966442
-5.50702972
-1.54708786
-4.45645755
-1.97671648
1.90193621
10.19356762
1.31707815
0.92006975
-6.57370889
-1.46973236
11.28959775
9.64964995
-13.08095189
3.35375038
2.76784022
-0.41428478
-2.35699822
-9.45725755
-1.19174031
3.39146445
-10.04713458
2.40299923
-4.42476777
-0.13652023
-4.15283684
2.17347277
0.27460479
2.78092251
-1.26885440
-1.22436558
12.27382987
-0.67918073
-4.25038054
-3.01844295
-4.93506814
1.85541041
0.27225958
-0.64247119
-6.87848168
7.57877302
8.28722440
8.64711018
-1.95749669
-0.33814712
0.12783990
4.31377101
12.18892354
-13.99463774
-6.28840322
-0.05984599
6.59452656
12.78663236
-0.00427914
2.40672403
-2.97656497
-1.25169836
3.61494189
1.37664286
1.19438670
0.45894281
-5.85612511
2.42037104
7.36214189
13.31759953
-1.15155082
6.77679735
-9.04419379
2.58475786
-0.99491082
-1.03277207
-6.92242175
-0.66972211
-0.42625577
2.36356381
3.84183122
6.50995560
-10.78002471
0.80567353
1.55542600
-0.96756905
-3.72905436
0.89870777
-1.05394848
-0.05410445
-4.61522062
-4.13232468
-2.18392054
0.53091362
-0.73279243
-1.66913524
1.59808855
3.80432146
3.68029850
-0.14727495
-1.14219558
-4.11096590
5.43477551
2.24291281
0.38510189
-0.81599625
-5.71347175
0.44379604
0.12502788
0.67612709
0.01159844
1.34336659
-4.56331763
-2.57589261
-0.31169047
3.45071739
5.92144730
10.91710068
-4.21511546
-4.70330284
0.71368143
1.06571436
2.21414231
-2.20939165
-0.56432466
-0.08899210
-0.00471800
-3.42361487
-0.70991686
-4.89397155
-0.83973573
-1.43650029
2.47310291
-2.46656024
2.10320264
-1.63479530
-0.84997812
-1.28270678
-13.66224878
-8.21246713
-5.49417534
11.30759834
1.07962465
4.33593807
13.03967399
-3.87491261
0.03200905
-1.05243189
2.82818220
0.01289663
-1.40561143
5.59246164
5.36060737
1.23318932
-7.19269132
-2.75342087
-0.21471868
0.00917711
-11.60230918
-9.84630378
-6.41748798
4.60330617
-1.98712319
-4.09591208
0.01078501
-2.47382241
0.38084932
0.17609123
-9.72590617
4.91567218
5.57877383
-11.55586321
-6.71051046
15.67112519
-0.33859100
-3.14812922
6.44048436
9.35358420
-0.07174000
0.96785023
1.81304992
-6.41052418
10.11979181
0.77169003
4.05507903
6.57751534
-2.46378983
1.02644907
7.53290129
10.35014953
5.03581550
-7.22145789
-13.84770774
-7.08559652
-4.30931986
-3.97985478
2.26742142
2.23598975
2.72836325
-6.53912554
0.91766409
0.96636285
8.67987588
-2.03324175
0.44931091
2.28114400
5.93975804
10.11844268
4.03412446
-8.37637297
-0.25444956
3.39702454
-2.69891290
-3.86413572
0.02456912
2.83421129
6.71741254
0.11760868
-7.64666856
-0.37740408
-0.38047596
-1.53695969
2.59439955
1.26654628
5.72837378
-8.01056244
1.36284989
-2.02220595
8.33604266
-5.26898004
9.96561281
-4.86985668
-2.53066173
0.00029522
2.25773499
0.53129547
-11.27040788
0.93008084
0.06809186
-7.24554667
-8.29869710
-1.11285573
-1.80566360
13.03281615
-1.95091513
1.32105675
-3.65247736
3.00130895
-2.42661506
-4.64836858
5.63663136
-6.95270814
1.23455306
4.13823415
1.15128247
-0.01035365
7.98246210
6.15204056
-4.08207814
-3.42448904
7.79217163
2.87385897
-7.23095501
-2.47327599
-0.34264794
-0.81209342
-0.89019626
-0.75829274
4.17657023
0.45122776
1.68128913
0.22003859
6.14114626
-17.28595661
-2.12098229
-1.90133015
-3.99766852
6.34907209
-1.58554019
1.66355078
-6.38136034
1.88140040
3.10348908
-8.50591297
11.02276802
-2.57191528
8.59664828
4.85710191
-4.59143182
6.77711103
1.00984267
-3.68670221
-3.74153106
-3.11055595
1.44811815
5.97280753
5.27068777
-0.71522049
-0.00805610
-2.89425544
10.21789171
-2.22434413
2.34748883
-8.91761670
2.54302061
-4.76308294
6.98502020
-5.38696632
7.24516064
-0.35956329
3.26843382
-0.80589631
5.14737529
-2.79969016
-4.13418394
0.05455988
16.44070420
1.76697116
0.67483947
8.54632631
4.24288297
0.47268645
1.20649145
0.27487532
-0.96863004
-1.54572445
-0.03859798
-1.87636887
-0.05503607
0.54900489
-1.48437019
-4.35242742
-9.54877154
-0.05719095
-2.19957748
10.67837745
4.73604228
3.92655469
-4.63152217
0.59464933
-3.70205594
0.00438523
-5.38976739
2.13508750
-0.08768217
0.09726638
0.38510189
-0.81599625
