11.68319666
4.40226016
-2.10897083
0.00471067
-1.32612197
0.09521316
-1.38027765
0.31740694
4.56825096
-1.25020306
5.43215726
-1.59771182
-4.57426043
49.12882647
3.40305187
-0.64384950
6.69743197
4.39817956
-5.02156772
3.83539178
-6.46837596
8.93622833
0.24525246
-11.69164874
-5.50278872
-5.81856651
34.27242263
4.18701379
18.18246927
4.46442560
-1.27097489
-0.26007516
10.40779707
1.15634157
-1.60946724
-3.21459444
-5.82998142
6.87488781
-0.14174886
-1.35999951
-17.93299012
4.58849416
2.46720031
-2.09107440
1.08794012
4.70051483
-4.44854156
-7.73877652
9.74183639
-1.31463590
-3.44734733
-5.07337452
-9.95291122
-15.61234693
4.52499709
2.35500223
-2.22729176
-2.45452306
-1.17202334
-0.00804692
3.69278568
-7.17007880
-4.93052233
4.10469673
-1.48566626
-0.82801152
3.57130030
1.46675807
7.57947819
-3.69393530
9.07746635
-12.65940495
-1.31397738
1.84594608
8.02988658
-4.10489792
2.87562852
-7.01855932
-2.22010674
-0.04272389
1.86306811
-0.19894765
-4.56199705
0.02002609
-5.87571278
4.30136486
-5.32363770
-2.62795317
-12.77389773
7.66885642
7.71832622
-12.14771893
-2.77216114
5.83815930
-0.46836989
2.19143789
2.65128716
1.89386026
0.82221273
-8.90754117
2.30134795
-2.47001966
-2.57470521
-11.17340948
-12.22135237
9.64082407
-4.10082330
-1.64662006
-4.98997094
13.53696539
8.32972369
7.51994174
3.60977287
14.75704519
0.32005431
0.01449906
1.35401085
4.67744836
7.65814770
-2.42793845
-0.38241018
6.79276938
-4.59597016
0.48633723
0.77807123
5.07088111
-26.44887458
-0.40378229
1.11930218
3.75907311
-0.39599237
5.03630799
3.71982507
-5.93255448
1.60791632
6.92912854
1.72564185
53.17077929
35.41450422
-0.83200829
1.39837965
0.69486909
-1.87842957
1.66462089
-0.00709236
0.02716648
-3.67417676
13.74131988
-1.13456897
0.70971432
-11.00511602
-0.16356047
7.16215736
6.64239586
-13.05872970
4.62286273
2.30334584
0.22822687
-0.74957225
-4.12895515
-8.24810932
6.04168233
-2.50066827
-2.63694456
-5.04928073
-7.51170395
-4.18252762
-2.22698255
-0.01041434
2.44414907
2.06250943
-9.09065732
21.41956982
-0.92515750
1.95309300
1.45338992
-4.64521672
-2.59849338
-0.13486135
4.21878207
-4.43401489
-17.62887716
2.80887070
-0.58198814
-1.43319195
0.73800938
6.49563456
-4.92312871
9.34792802
0.47722427
6.49116114
-0.00117030
-18.58217531
9.92612314
0.10584053
3.27136047
-0.59120224
-1.56769569
-7.45508010
-2.72884020
3.03900271
-1.46747868
-9.02122605
2.09829262
4.21352987
16.23537900
4.70966667
10.06035984
-8.73526924
1.36123254
0.89136829
6.61802384
-15.94913652
3.77979451
-8.10831768
4.16794315
2.65054106
11.66728375
6.99432607
1.72967150
-0.71167693
-9.30466616
-11.17874765
-8.20338995
-2.20470126
0.12703201
8.15721467
7.67057040
-0.90979270
0.66409627
-3.17180602
-2.06231626
-0.58568358
0.06217487
-5.90174164
6.83411960
-2.86246974
6.79418824
0.70427718
2.75029666
3.51495771
-2.39686867
-2.46623905
5.64502711
-0.73722250
-4.06951624
1.61889208
1.18712138
-5.32679720
13.91644642
0.59965090
-0.33289391
-8.89513858
14.31792610
-2.38627884
3.21653657
2.22044777
0.32529601
-20.91539395
-2.25183312
-0.64367003
0.00202713
-0.22085449
1.17474359
4.07797962
0.39192821
0.76745722
-1.90593631
3.75288354
-0.64332559
8.47629484
11.26083902
-4.52535163
1.86390062
-22.75440838
-5.50183356
4.81151891
-47.40459511
1.66596745
3.45017132
13.58666033
0.50935576
1.52870142
0.83255268
0.99268992
5.72034913
-2.11806535
6.17526393
-11.27092803
8.10102093
2.33333466
1.66950497
-0.10034225
-1.16555574
-16.11466852
-12.78891561
4.51945006
0.80883672
0.58935042
-1.07031531
-0.75870409
11.31102254
-0.28897154
-1.25522829
-5.51266546
8.98912118
5.93632959
-7.77224271
-8.44331546
20.75126088
3.59205293
-7.94140015
17.87709761
-6.51213223
0.01258894
0.48341575
7.04484654
-5.82714736
13.66927250
3.79064686
7.78339604
7.32629509
0.56974860
-5.96345550
-10.53123175
-0.25063845
-3.89633711
-8.11379603
-11.06669065
14.76263311
-3.14607770
6.75904595
-9.08316578
0.00894014
1.86332953
7.26106668
0.44654793
0.32992559
7.02694135
-7.87476610
-1.24303318
4.03229036
-10.67748074
-3.17362175
-7.85540214
-10.79055531
0.00793654
4.09144342
-1.15079841
2.74062171
4.86274557
-1.42543016
-2.50228437
5.31999114
-17.15994999
-1.39497095
-1.90839180
-0.74870426
-4.17784390
-5.27435383
10.78721266
9.82275233
-3.38094832
3.36413652
8.49042910
-2.26303344
13.13406439
-9.89436827
-1.79027971
-0.33047044
4.91653384
-0.00751183
-19.13746928
2.24329393
2.72949855
3.80151795
-9.42055277
-1.92360769
-3.14499419
-2.88749531
-3.99263582
-7.64167490
-3.17927120
-0.29104591
9.17302373
0.35206962
-0.40349544
-7.10224535
0.09200895
1.37275199
0.15310763
-1.39006265
7.51803174
4.35877281
-1.36441383
-3.27534966
-4.18048027
0.96131797
-3.55758696
-0.09219884
0.01569569
1.91277096
-1.69615152
-0.82353870
5.35512581
-1.13497603
2.85934804
1.68686645
10.65967142
-21.98625449
-7.07025395
-4.28081508
-6.48667240
10.50280590
-6.10442154
1.25241471
0.64705263
-0.12399432
7.76566828
11.29722990
11.03833346
-0.91371245
9.52864610
-7.63874911
-8.43127239
13.08445802
7.26625067
-5.00667169
-2.42994814
-4.55536815
3.15950288
13.29493799
3.57926092
8.38906900
-0.00564007
-1.51690912
-14.90500558
-16.66916856
-5.30773362
-5.97441304
-2.25772259
-7.21460974
-3.04369586
0.37903541
7.80151334
9.80947640
6.55199381
3.02128472
8.97884340
-3.24067860
-7.05078685
-0.30103916
-3.53525987
-8.99360367
-6.54448969
-14.02009178
2.30772779
-3.16710448
0.92863987
1.71466406
-0.15031586
-2.32891542
0.17442658
0.91057411
0.27616848
0.26576649
-0.88526770
-3.16659998
-9.94024231
-5.99108570
3.29913736
8.74559451
8.32554458
-4.48479280
-6.80100220
1.20814685
-3.98575227
1.00269871
1.54105958
-0.97724851
-6.00277672
1.00242532
1.38999034
0.89188171
0.61477408
-1.23825007
-6.94202159
-1.62460035
-0.54250537
0.44817216
0.54073279
0.01635229
0.60482850
0.92765389
-0.35110895
-1.53165272
7.83005780
-0.94928742
-5.59395242
1.44992388
-0.53600692
0.91294849
0.47977613
3.49618714
1.80756083
-8.81950789
45.06717071
0.81214564
3.83803448
-13.66689412
4.44671952
-5.51710938
1.08496268
0.33836706
-0.00496944
1.63384693
-1.28206910
4.22132209
-2.62469261
-13.40727624
1.60675246
0.39291693
1.93398813
-0.38744670
4.45802966
-2.64162582
1.72837144
0.02551159
9.93845832
5.57219960
-8.72700569
0.07740940
2.38805231
5.05560054
-0.43444929
1.34439985
0.83418011
-10.08658686
-3.49116522
0.34318184
8.81619498
-9.64492804
-6.29758707
-0.67483485
0.00017754
-5.52991383
1.05763968
-1.18806273
-49.01966608
-15.65318101
-41.46853906
-35.01629458
12.07966512
-2.22504707
-9.98491597
48.03648986
