-12.63079688
2.84230297
-3.78078687
1.93943436
0.03988976
0.88586733
-0.86653093
3.48217150
3.50092056
9.52036033
4.88371605
0.81310628
-11.24354794
-2.20906026
1.93958095
1.93017275
0.33191921
-8.67884751
-8.51540198
1.27708301
6.41325894
5.85523024
4.47994404
-0.27699569
5.11776173
-2.65371287
9.14653589
-3.78037965
4.87721753
-11.12700493
0.00969313
0.19725434
-0.15094301
0.82753843
-1.28493823
-1.85591241
-1.10894126
2.39078546
-0.68728269
0.54176333
-17.35291009
0.61876760
1.82551208
-3.90878423
-5.68140431
6.82048166
8.45894073
-5.80225001
4.56588187
6.89686786
3.99229016
-3.72566683
-5.16670122
10.54686983
1.39521394
2.51391902
-1.61241695
-0.98975797
-1.30986632
-0.86800137
0.25421908
8.33701785
-11.67903467
2.02325610
-3.10911045
7.50015315
-9.18305751
3.00534390
-4.05448388
8.64624795
-2.39248899
-4.75145941
0.10133775
-6.32840762
-8.14707247
-4.42673064
-6.35503157
9.17053644
-8.65732687
0.10759161
-6.09333320
-0.24518338
3.04619395
0.42388193
0.99575532
4.35326420
2.41171842
4.48772602
9.67994699
4.89685416
5.23193842
14.67608260
-2.92485696
-13.95683392
-0.52579384
3.63233297
-0.86631742
0.01367961
-1.05641515
-9.73032889
0.01137257
5.61384085
5.15631665
16.17524027
-9.25310151
-5.29550105
22.71625762
3.56980429
-9.49128157
-17.19188574
14.15020652
5.67686307
3.43663341
17.24167397
-0.68261370
0.01378341
-0.08948848
-0.20383510
5.55091668
-1.97729337
4.04347945
1.37767327
7.17372558
1.83959510
-2.06022099
-3.53351704
-4.92966947
4.70524012
0.05444886
4.43823850
-0.26598491
2.06536409
6.54534544
2.61506499
-13.20713037
-6.03605853
3.53527381
16.40309054
-1.34649843
2.33094403
2.29594531
12.99197145
-1.31703158
-2.01788993
10.62785140
-1.30627369
0.39813343
11.31910056
8.00506514
1.66517440
9.84915495
-0.82057921
-0.10908789
-10.73292454
14.43547381
2.56415070
14.72811062
0.06774791
8.90999879
-1.95087296
-3.44615262
5.00712524
1.54894746
-6.24405940
0.43600191
-6.65713812
-1.30321662
0.89198406
-0.00359864
-3.75887240
1.40506021
1.46695954
17.99262422
-1.03125205
1.44842686
1.93179348
1.04815220
3.60714265
-0.00667090
2.47808908
-5.95256780
-12.24184448
-4.75403623
6.96403944
-0.41408703
0.13183678
-4.80243967
-5.03652380
19.36665373
-17.43240741
11.31010900
-0.00265580
8.55887622
-0.94739161
1.59377677
-3.94268530
4.15633306
-4.03609846
-15.01098880
4.42860672
1.06919748
-0.18434239
5.36266328
-1.47167380
0.01447980
-13.14456808
0.28240945
6.04033012
-9.38224139
-0.66059264
-0.14431860
-8.77880154
-18.73773250
-5.63053361
10.85500766
-9.42496220
0.77646277
9.92242594
9.24605054
14.94707210
3.18045011
-1.63544793
-4.79635834
-14.62425853
0.00562591
0.49494290
0.86471640
-0.60645666
1.49229217
-0.00896421
-3.47794851
-1.37613361
0.38318361
-6.51113867
-2.70072193
-1.41086677
-3.19277720
6.96425785
-9.10041128
4.57959626
0.78636715
-0.09014660
8.41732713
8.64226308
0.69711224
4.46856030
-1.82565742
0.50286159
-0.45576804
-1.01936143
0.04731937
5.67185941
9.70262540
0.11430177
-3.66709281
2.75514986
0.96761671
0.74744863
-3.49528662
-7.88460290
-0.01387471
-0.05001080
-0.51852916
2.50956533
-5.38252158
-1.16740412
-3.29938427
-6.64639715
7.20720104
-13.10067670
-0.68093628
-16.77243531
-5.51419571
-3.84576546
4.30628985
5.55788081
-1.25984664
1.93094568
0.06171278
-2.92162224
7.51359053
10.91660275
1.86332326
2.98555579
7.17830212
-2.56423913
-0.02297743
-1.90000403
0.64473875
10.08250013
-1.50353319
-0.38126791
-0.85603925
0.00917270
2.96241448
-13.44737062
3.06606157
-1.62805023
0.70435543
5.42044878
-0.36422634
7.95184861
-0.28081633
-0.03669032
3.42130941
-5.05239404
0.86912887
1.69094611
10.88670726
-21.44269786
1.53293445
-5.80096588
-7.05924502
-10.93048099
-0.30838734
-0.92934476
9.69880123
11.55482465
-5.45146269
-3.56943206
-2.01186543
10.54744279
-5.31655391
1.57806070
-11.40086071
3.12441821
7.06225594
-2.08227214
5.21287834
7.70293775
4.80569063
9.42385580
-7.42677763
-3.43633134
2.13314304
9.35620610
0.88112228
0.09394307
-1.84671873
-8.05698286
9.68499542
-7.89883894
-12.68976807
15.61051575
2.80816230
-21.96343369
-0.29169340
0.87962671
-4.19569393
-6.18175521
-3.54228939
-0.92215464
-4.62773598
8.96743020
6.30469203
8.09695959
-3.00250946
-0.72621191
-3.76641088
-3.88665048
3.64883366
-17.73668758
2.46363819
-0.96365548
3.11646012
0.89647521
14.99931366
-4.55508443
-0.20881235
-0.68365933
-6.09252313
0.48278991
-21.21663512
-1.97959555
10.76398154
2.04792795
-5.47649355
7.98299689
-4.37848240
7.98720776
2.41970362
-2.75852676
2.53381678
-0.43086969
2.23895862
-7.45557430
-6.72516975
-15.50678500
1.31535507
0.00245713
0.03482273
-0.42216822
0.26526729
-11.68190766
2.18397901
6.05478912
-3.24072780
-5.55747751
4.73346958
2.99922385
-1.05317957
-0.15882415
-2.24075532
-0.53072613
-7.98846468
2.91183097
-3.41329511
0.09924701
-2.16439342
21.36455674
9.28843823
-1.40325131
9.05910656
-13.28594825
9.93859106
-16.35656601
2.72590431
2.88789921
5.67302282
8.81105259
-8.34159739
4.83745434
-7.74933161
8.28434854
16.29925892
1.29663771
6.47825602
-11.29309906
-1.13527265
0.91623576
-4.97628519
14.63803234
-4.54352228
2.82641575
-0.01085738
8.88944627
-18.67500960
14.09582703
-5.68324342
-13.49210604
-6.14951228
-15.27813900
-1.36001000
-6.22427913
-12.69664445
8.31813707
5.41952695
10.15811020
4.33624071
-3.51149919
-6.08133286
-1.57975290
4.43123572
-10.57374540
-18.19665857
16.37208037
-2.01531076
3.66653636
-0.17013643
-0.05468996
-0.19775222
-1.27733480
0.22426493
4.06292160
0.85935826
9.33385633
3.42006888
-5.83755257
8.66661426
1.74567355
-0.61002625
-13.87071466
3.30137609
-2.29198967
-1.43435639
-0.48081244
-3.26429083
0.69955319
5.43926188
-5.15905723
-3.93031860
3.40292443
2.28950137
1.56654105
3.64820441
-7.99721674
-0.95027485
-8.84240629
0.50977819
0.00683995
-1.04554150
1.52729984
0.07513752
-0.39617777
1.28780161
1.17425634
3.43180389
-1.71610179
-0.33375457
-2.20985487
-1.99626330
2.39249408
-0.58866897
1.42357181
4.09798106
-8.09069165
4.74998639
4.24735491
11.97402543
-2.52342090
2.09597960
-4.74466952
-0.24473319
-0.01108048
1.49623312
0.71325389
0.77681681
-3.82361390
1.03432034
8.96622982
-4.61158645
1.81750895
-2.57958388
-1.19816340
-6.07963884
-0.19166414
1.55390993
-1.19138902
7.08121976
2.23573538
8.73584260
2.17611096
2.33740096
-2.66185564
-0.65998684
2.57953643
-1.91898309
-3.74482454
0.72881759
10.78441630
-17.44844416
5.77375298
-9.86037126
5.18279344
-0.78606038
-5.51147268
1.91984215
0.01522435
-7.37550127
-10.01416584
-2.16644118
-3.69250506
-2.09076204
-13.89285247
-18.78179909
-6.09884991
2.91384650
1.75907093
1.42446791
-3.11764366
-12.24269428
0.30400931
3.43056029
4.26301004
-0.18779744
-9.61155821
-0.82618724
1.20553590
-1.75300808
-3.12033707
6.63846445
3.06815796
4.32747426
1.64411247
2.57439144
1.25120970
7.67249338
-4.24334843
-0.64943970
-13.04108497
1.01483724
0.00371813
3.45391235
-0.15816164
-0.10466204
-8.07416952
0.34872611
-3.87926427
5.54596529
9.45213727
-2.52753604
-2.52144814
-3.87373961
-9.96901721
-0.00582828
0.00020271
