5.11733236
0.12725502
0.73126958
1.66127569
-1.36463535
0.09201121
-1.69500933
0.98790281
-0.05750823
0.61042662
-1.65133020
-0.64969198
-0.05598756
-5.23552729
0.38825635
-0.30822778
-1.00499311
-0.32325921
-0.64294661
-0.88525277
0.13988485
-0.91638988
0.36268445
3.15772565
1.01915383
-6.72366725
-5.86565770
-0.44538350
3.63055711
-1.44513074
-0.20013371
0.86271713
-0.35883736
0.33907598
0.01567465
0.17035126
0.94781170
9.79660423
-0.14349028
-0.87100461
9.18032162
-3.29256319
-0.22998114
5.82606479
0.85694724
-2.09935132
2.19542482
0.27805062
4.84959960
0.73310582
0.36737623
-0.56949569
7.39266809
-16.83904321
-0.60943551
0.63769611
0.29879474
0.28222025
-0.27887701
0.04330713
0.31557962
2.16083215
-0.38556413
0.64690371
0.01535403
-0.02478110
-1.28113858
-1.26345912
-2.30675793
1.02159908
9.08731864
-0.38879416
-0.58972048
0.59385923
-0.04477568
-1.23792182
-0.02309235
1.24632608
0.05974865
-0.00114888
-9.62164047
-5.62903219
-1.58456895
0.58051943
0.96586981
1.17223732
-0.43422639
0.01336604
0.11475083
-0.69448415
-1.17934536
-0.82300689
0.00249150
-0.77030623
0.00019136
-0.12629096
0.29605468
1.69624549
-0.59532066
-5.47853092
-0.18434747
0.42716647
-0.07251242
0.19234280
0.36054912
-0.86861447
1.82696677
-0.31590404
-1.26780087
1.14725377
-0.97147929
0.19220841
0.00118076
5.69091416
