-15.85674865
0.66495971
7.71876505
-2.80636942
-0.49511991
-0.88905768
0.40638067
-1.87143242
-3.50819335
4.35671965
8.88986416
-2.76645683
-14.09766544
15.10488098
0.81229830
1.34444288
-2.54285125
-0.57189983
4.52970925
-19.69497440
0.17296794
4.31273970
9.06231983
-5.96400137
-3.40940864
17.55325254
15.13399770
7.20576328
-11.72733426
-0.46646755
-0.20366527
0.26679531
1.08613299
0.19898897
-0.79053423
9.52197833
-7.65955359
10.23178538
-0.00915922
3.88738436
9.91725878
-5.99466728
-0.58199685
13.58684870
-2.31616004
13.49228105
13.43704771
7.70508185
-2.68023702
6.05500900
5.32770617
-5.60249785
-0.68791171
17.22168018
-0.59853686
1.10243840
-1.61272527
-0.37678879
-4.97890890
-0.03427688
-9.51449063
12.36690674
1.83062355
-0.07195874
-0.83084258
8.74451139
-2.50963196
0.70768852
-21.58834675
6.53528928
-7.49340311
-5.39408997
0.13513198
-5.16245893
-5.07154517
-8.35483273
5.23345389
7.74524501
-4.18629245
0.65440068
16.06703293
8.44314722
3.75236171
-0.25956625
-8.01570220
4.89437137
-1.08428770
10.64701842
6.54394626
6.52703930
4.00306462
11.47452835
-1.36187190
-25.45070792
-0.46150903
4.33734904
-0.72235159
-9.31364052
-1.21413033
-4.23324621
-0.10094988
-1.20332261
13.88890626
3.45745809
3.74523670
-17.67702947
10.87811773
2.70490607
-2.83366825
-10.74573225
20.55874542
13.82118888
4.72621189
-5.68345497
1.60598330
-1.56877630
15.18087547
-0.96903552
1.86559455
0.64669851
-3.19835251
3.72632405
7.86999666
4.48731392
3.04605112
-0.87339623
-17.36196947
2.89409568
-0.38027984
7.43594371
-0.15810410
8.38469137
19.27566195
8.62661941
-0.45343150
-16.70469120
-0.40507662
-13.99875254
-1.44789763
1.24618069
-1.78394743
4.09101582
1.08782532
7.66585825
6.75853064
0.39702193
-1.29496987
-8.97334843
1.69732450
-0.44418794
-9.72949672
-3.57481086
2.11579186
-2.55160334
-18.62848161
1.10846249
-12.92791553
1.61931587
13.01650529
0.22189758
7.31543145
4.99241689
-4.93714709
-1.12935289
4.47585761
17.08453146
4.99739128
-3.92170062
-0.00009644
-0.12875983
2.43882732
-0.20614390
21.48750698
-3.21017000
-3.75380492
1.03827211
0.87796664
-19.57385196
-0.63811276
-8.82980007
-16.04817607
-7.25877998
0.52229249
-10.99999129
0.60765549
-1.47575147
-14.75989091
0.45137727
11.18452627
8.52632152
6.37173995
0.49818374
-9.70755888
2.69932295
2.71396514
-0.18748956
6.80196380
-8.42215366
-16.99319744
2.70997487
-0.42262300
-2.80472387
-6.85774887
0.47897584
4.79516159
-5.90939129
1.07758410
-0.75594235
1.66432710
-6.48981316
-2.54740300
-3.27548831
0.16467531
-32.63383314
4.55450755
4.00512178
-0.42430393
5.26285982
12.00499690
12.18993221
12.71090676
-2.09354106
-2.24979770
-0.36553802
1.26274265
0.41642002
3.47396712
18.11508806
-0.05450517
-0.00643386
-2.00485618
-0.20957640
-4.30334151
-6.66077092
1.25357172
8.22868334
-2.09097152
-5.05489295
-3.42045984
1.85878190
0.88657935
0.80379171
7.17397732
1.78174723
1.27711070
1.43463952
0.66106924
1.62619531
0.22116920
7.15957474
3.56917890
0.40593197
4.65028471
-17.77008455
-2.60701080
2.23086478
2.46243619
0.50173150
-8.43279114
-12.31014012
-2.54442369
-0.01238943
-1.15656772
-13.90871041
-3.65494175
-14.80566595
-4.44266457
0.20160573
16.82869946
-19.32642045
-11.80279371
-8.57831828
-6.01241505
-0.06353005
2.47772447
-4.81127539
11.65669690
-5.88323102
0.52311675
4.01445263
11.45603463
-0.39913829
-0.22890360
0.75780958
8.75716804
-5.17627530
1.50518230
5.04772037
-12.09036466
15.58231790
2.05135580
3.35493900
0.01032317
-1.10298736
3.25585524
2.06504859
5.72635736
2.17960212
-2.21058557
-4.00327814
0.12103975
12.74911779
0.00053394
0.01875677
10.96958816
-8.92680667
-1.84082622
2.41748788
3.93656498
-3.14827664
-3.13259162
-4.95792248
-12.68999331
-12.14922328
0.69439434
-0.79565103
2.95751872
18.70012666
-15.74757738
-1.11203712
1.54020426
4.67910962
-0.31566707
-0.85767031
8.08735999
-5.27186097
-21.71044141
7.00030509
-3.00666175
17.93427144
0.02178578
-1.98060254
-0.95679055
-0.46063478
-19.33462716
6.39748237
-0.70559223
2.88062631
-3.58992860
-9.19365550
7.07844062
-9.57900299
-17.91508077
10.44258286
28.33750054
-14.22309302
-1.25468041
2.82754068
3.96913207
-3.69441224
-6.52690247
-0.47788558
-5.50545363
2.87327354
-2.42755945
22.57875634
-1.57204480
-0.33670870
-4.09740161
4.99980066
-1.75596692
25.58518923
0.13161679
1.03337958
5.26530293
-1.27402670
-3.20492365
1.60258192
-1.53803518
-0.33641469
-7.56087919
1.04295936
-16.33908959
5.93017560
-3.84055213
1.99246892
-6.33463033
5.03356753
-0.82218594
1.90802462
-0.59980569
-4.71878764
0.17262132
-0.98294603
3.85563722
18.40788675
-5.75998091
-0.46720069
1.04571528
1.47747303
1.17025606
0.07533619
-4.71623485
1.82772250
0.25097653
1.60033305
-0.44182868
-1.01306375
0.23273107
9.28582880
-1.29054709
4.01056809
0.91271965
-0.53375537
-1.72578439
-0.29090255
-0.47678286
1.82519203
-4.47703061
-2.11636481
30.17136223
-9.60964852
-1.95061014
1.32485690
4.19343353
-9.99080139
2.61630944
11.17535232
4.85249746
-3.48540540
-3.48876049
9.18610591
-0.85649936
6.39553712
13.50434534
-3.33493558
9.51052731
-7.18697469
2.22122505
-2.12162745
-4.57662336
1.50232164
-0.61631929
0.82817226
0.09702517
-6.64598248
-19.67699354
7.85170371
-1.27156248
1.84500153
-12.01098453
-23.82471613
-5.20587773
-19.17078113
-17.77472224
-3.44217606
1.69884437
3.56726658
7.83524252
-2.78612248
-8.27664580
-1.93694157
-17.98128916
0.35643583
16.02734559
-19.54313591
-0.53875041
0.31543397
0.79680249
0.11889300
-0.53969944
-2.17374789
0.91410277
-3.43139585
1.46999096
9.46942032
5.13820015
-4.70033442
-12.55291048
-6.03528653
9.14219590
11.83755390
-0.00861179
2.66430505
-2.53360717
-8.46584551
-2.85627436
-0.50054812
-0.40453689
-2.86456493
-1.80127553
4.72207231
-2.95410739
4.93920040
8.69488069
-4.87025261
4.52381931
1.77275773
0.79372755
-2.28566839
-0.80050431
11.37037810
0.97577574
1.10580429
3.56435138
-6.80578460
4.10280859
-5.00732503
-3.49950087
-2.39523048
3.83640721
-0.92340547
3.05204765
-1.07457547
-15.14684124
6.31460525
11.48244092
-13.34498835
-0.12826024
-7.59217027
-1.48492608
-3.39407136
2.77649327
1.42074408
1.00781166
1.22030003
1.38638169
-10.38431601
0.41408517
16.68275651
-11.16763787
2.29664758
-4.25781167
-2.22354815
-11.97656546
-5.02602383
-0.28388907
2.89633818
9.65086486
-0.49684925
5.34376944
-5.58017505
-2.02808357
-10.12950263
-0.64254234
0.58365096
-1.36389077
8.15286099
-1.59103371
20.36894561
-8.02293224
18.15494644
-18.16479952
4.08107409
-1.05598261
-4.34201139
1.61224892
-1.46824082
-4.46216832
-14.20006635
13.50790349
-5.11307001
-2.52059153
-8.59957213
17.24584404
3.62223463
3.75847954
-4.04744244
1.45227115
1.51595524
-12.01471472
3.68098226
0.58195839
-17.70499591
-7.51302375
1.11592457
-0.66696688
-0.07268849
-9.38602319
-4.92825689
13.41305550
12.95808700
-3.76524692
-2.15341701
1.03828970
-1.26807575
15.31697603
-4.90331011
5.19716050
-9.05714013
-2.92978439
-3.81583151
9.60770912
-2.73793968
0.01000137
7.05558942
-1.57394582
1.50111406
-7.55970711
2.44480440
5.71030538
-9.58315054
-3.49760370
0.00288251
-9.45215743
-2.60673533
-2.85477996
-12.21188919
-0.23401288
-13.42917710
4.33625425
10.43139891
-0.12967783
-0.79140700
-2.12808772
1.92707387
4.14750041
-2.00990778
3.46325672
-1.01304968
-1.50474927
8.01049128
1.95111220
3.46060108
-1.30960494
-3.50639882
15.51922424
11.45861797
-6.72702527
15.00057437
-7.20069328
2.39253710
7.79212815
1.96527364
-9.76778248
9.14542454
-8.94847904
14.47728177
0.01781829
-1.68420873
-0.77707739
0.05871079
8.02984897
-6.67529646
1.80253931
-13.13190419
3.49678966
1.89649439
9.84039130
9.50733502
-6.21430217
-8.72410174
-6.98344183
-3.32429385
0.28120283
3.50320345
-0.74917510
-1.10828508
-6.70067789
0.14437387
-5.96191193
4.65578833
4.03695166
5.54301087
20.54815833
0.98820864
-1.52366316
-24.06347490
-3.72442480
-25.10366827
-6.42406072
14.68547247
4.93222007
3.27399601
-0.09839205
-6.71912467
3.77613886
-6.66122928
-7.60155191
13.61418460
22.28179963
-9.41209023
1.00711989
-0.00352568
2.93471852
-2.92001621
