-8.78944897
0.30511424
0.48499376
-1.49846765
-1.48662794
0.61581805
2.91106102
0.73185831
3.21933477
-6.18720722
-9.00216169
-1.83430867
-0.04743865
5.65734692
3.45134894
-4.10284226
6.73139830
0.10388258
2.74094254
2.11288389
-4.44849254
-1.02262265
5.63152665
-0.96896969
-5.32318759
9.22277203
-6.89277721
-1.18427934
8.11926628
-4.35965266
-0.23679202
1.66311068
6.66784388
0.26552593
-1.16505295
-4.82187920
-6.44660569
3.88974775
-0.00042507
-0.13992770
-1.72750489
4.60743186
0.12163098
6.17411510
6.85308799
-1.53947562
1.11081405
-0.60608613
-14.74993599
-0.48872870
-1.56670414
-2.29526687
-13.84108802
1.04132999
-10.60466268
-1.08083505
1.24989377
-7.31029376
-0.75375068
0.20475042
-0.65989571
4.88985282
15.39250373
-1.22636921
-0.48328180
-4.13860243
4.26617206
0.92446317
-2.83166785
0.12675019
1.93006764
-4.45550192
0.01199671
2.07801229
1.76388970
-0.71234771
1.36323862
-4.73002864
2.27960026
0.08506167
-12.55041898
11.12007750
-0.83319968
0.17201015
4.97178141
7.68539989
-1.06376859
0.94493396
2.86900808
13.84673337
5.30108253
-0.57214008
-0.25528189
7.68333890
0.00468628
0.16178559
1.07051247
1.23510709
0.01072646
7.31099923
-2.62797119
3.32408116
5.03494443
-0.44502372
-3.74149582
6.23096359
-1.12188777
-0.52887817
-4.69309216
-8.97921905
46.16464119
0.37370138
-1.11931681
7.43440291
0.50728675
-0.74525695
1.11651000
10.24680211
-1.51109146
-0.99207871
0.91238527
0.00862758
-0.04065637
0.23451183
-1.80398985
-0.95493510
1.57442493
-7.15412811
0.51980641
-4.67694566
-0.39622498
-1.64195901
0.25210249
1.31987641
-7.44237504
-7.40230410
-2.56833177
12.73671225
-7.08614162
1.51530739
-1.39810090
-1.20006391
2.99484483
-4.42664839
3.50177525
-0.62562682
2.72882545
10.80116458
0.27142505
1.16153135
-3.77015784
-0.45955147
9.24803750
-1.71728189
1.36066722
0.54483383
8.10867579
0.99155207
2.51915448
8.55304809
-6.53188440
4.47306694
5.61241301
-5.12337716
-0.64516805
0.28306118
-8.70397704
-0.78214305
0.72890684
-2.90254409
-0.41690411
-0.91572394
1.53154043
-0.03362326
2.49403814
-2.95439439
-3.08429673
-0.49442795
0.17140576
2.90486678
11.97644726
0.41275737
-1.48014988
9.02371831
1.32831615
0.00260291
-0.45377005
-3.91392493
9.06984960
-13.13229911
-6.17460645
-0.14604668
9.86770819
14.09819698
1.27099824
0.26531981
-3.33912276
1.64840618
-38.42097690
0.52380376
-1.83238407
0.63184509
-2.38807016
-0.64994597
4.15488907
0.20664957
0.52547340
-5.91203193
-2.19937779
2.55484568
4.04398167
0.53650216
-3.08293663
-0.22004555
1.34529561
-0.02826414
-0.59112594
0.21303661
-8.90394392
2.19049370
18.70409056
-7.48797826
0.97620514
2.24731688
1.13813024
-0.40301288
-2.86203112
-1.26531343
-0.10651430
0.50384347
-1.41542320
1.49123810
-0.14879226
0.71789946
-8.37289175
1.89553525
7.65336631
8.89965278
4.78387612
-3.56104060
-1.20498877
-0.04965646
-6.01129937
2.61000745
0.58947282
-0.88016911
0.56463886
0.12421435
-0.81665418
1.02213788
0.16618993
-1.87633004
0.17904258
15.95547743
0.35699900
8.54703806
1.03847999
-0.06265331
2.56418403
-1.64304629
0.88983618
0.11101117
0.32020385
-1.88543222
-4.24213080
7.91623798
-0.41659682
5.04777466
0.20390332
-1.26293755
0.38873821
-1.97659918
0.95958411
-1.56994654
-16.37322531
-8.64119533
-3.83373742
8.53983754
0.05099294
-2.12991152
-15.20958484
6.76914023
0.80827792
0.84661929
0.74297566
4.57755007
-0.38693560
2.69721896
-13.34206991
-14.17585163
3.14085692
-2.78272829
-1.31196509
-1.82549288
-7.61493410
-10.71411713
-0.55720193
-1.03382914
-2.35205033
-8.24174974
-1.05917078
-11.51479767
-0.00182941
-1.34611291
-6.86673105
2.16490355
-1.63372732
0.09553797
5.67691701
-4.28348670
7.64872033
-2.65419993
5.16752474
-12.51512137
1.00234140
-1.08011363
0.51917201
-4.08810750
-6.94829452
-0.30924875
1.47126244
-4.14536761
-2.46548468
0.79583538
9.88644846
0.33359886
-0.90894845
0.66491429
-6.75240737
13.69389671
-2.64164526
-0.42024534
-9.69252823
10.37670244
-1.24696131
4.76258908
-0.01374867
0.46131866
8.67968848
-0.54963066
-1.04430494
0.10131374
6.47643386
9.69963506
1.15480570
-2.37753395
-0.28457145
-1.89903103
-0.99460941
9.99672603
-0.25759568
2.28440263
-0.53460878
-0.43601419
-10.65304908
2.14804289
2.35078589
-1.55438480
6.31449814
-1.66157957
9.44005475
-0.70192571
1.68801751
-1.48243931
3.26813240
-0.15152794
4.97278412
-2.28727984
0.79652977
-1.15265998
2.87631312
0.03174358
-2.85432519
5.05151378
-14.89050797
3.81506314
-8.37269081
-4.27736337
-4.45366501
13.12934799
-0.92234786
-9.57233867
-1.77314043
-1.42092269
-9.93638362
-3.59489992
7.23486901
-10.85816012
-0.00291082
-2.25234072
2.45470181
-0.00140720
4.65319701
4.24899017
4.21884285
2.12312170
0.07744728
0.05739057
-3.68834505
-0.20865752
-0.79053825
-1.91869803
1.09264449
-0.48965921
-3.40302263
-0.24629758
2.04436269
0.43245305
-8.99431405
2.63890647
-6.52930183
-4.51959026
3.34744009
-1.99131114
2.78037150
3.76399943
3.52477289
1.47862968
1.71170244
-5.46299504
8.76836653
-7.36890173
4.92605740
2.18922016
-7.04767087
3.17617779
-0.64963477
-0.07768156
-0.31462182
1.97025622
0.45442890
0.97180841
2.97852684
-0.27409113
0.58306079
0.71638678
-9.22507527
8.30233033
9.05172390
7.94408950
-29.02856941
-11.61891801
-1.99009796
2.01939625
