6.42095841
4.10763267
-2.96360240
1.92417766
-0.38779503
0.21998541
0.10750806
-4.06294302
-0.91561641
9.82875656
6.67653714
-2.93631940
-7.63572411
0.94469818
-0.70308438
-0.44526374
7.34973056
8.95484336
1.01965274
-3.28787988
-2.05520405
8.97647370
11.80787034
-2.43869151
-18.58046497
0.54907051
12.25579052
-6.61996528
-4.05982987
-4.39081197
0.00854543
0.56915739
0.16215120
1.96543209
-0.59949971
-4.52509161
-14.25154710
11.54912125
-0.33895493
-0.31807683
-20.99062023
10.94998960
-0.79868579
-0.07794569
-2.12413851
3.21812707
7.23764704
6.10582577
6.93309127
4.45442226
8.06515072
-6.27009957
-3.19201572
1.68691049
1.31817621
1.82691607
-2.23927571
0.15765919
2.77297562
-0.32085730
0.84941034
11.43478048
-12.50040707
2.00569863
-0.24346365
4.46338722
-5.21499810
1.76846828
0.73933479
4.27494498
-0.57117680
-4.51765305
1.00275190
-6.04004818
-11.76068693
-5.33405833
-3.83246391
8.13762797
-10.87693606
0.21786030
-2.79057913
3.45446736
0.76642477
0.92432200
1.95383212
7.37362734
-2.70109497
5.76445604
5.53148206
1.39471784
-0.14694336
15.90911976
-1.11666311
-7.95877577
1.77747117
3.77862676
-0.55861217
-1.67360848
-1.15740804
-11.49119438
2.48628723
5.15062820
-3.85523249
9.69415476
-13.71645118
-12.54001607
14.88277483
7.74658625
-6.76612313
-11.41416661
15.42635336
2.25818228
1.79216969
20.22394864
-0.71823532
0.01191676
-1.53048600
4.42286859
-3.16041843
0.92503319
3.73626971
5.10759636
6.66719138
0.86251402
-0.94500053
-1.54980098
-13.82788156
8.83512910
1.18995825
4.48895480
0.46236059
10.13450625
8.06931495
5.29240609
-14.14751571
-11.70725419
3.01677387
-20.03799298
-8.47141356
5.31596888
6.70558157
6.23574281
-0.58054510
0.00520289
9.54875687
-3.18146546
0.90143783
4.43587887
1.93371243
0.96117342
0.39064983
-2.01320875
-5.52667333
-13.09041476
8.70033089
2.95641225
17.47433502
-1.40638049
11.29880787
-2.03301051
-2.99353335
3.85412446
-3.93459468
-9.52642412
-4.14676580
-11.17678427
2.05800491
-2.36817765
0.15193603
-5.80747671
1.69994852
-3.61534780
15.16244862
-2.88885727
-2.04908227
0.27499192
1.12462524
-24.49225060
-0.13580039
-1.04388798
22.61556815
-11.76950341
0.68129637
5.69211526
0.82000133
-0.87154443
-6.45996551
-5.81615874
14.33564140
-15.97648574
14.91673587
0.83207897
2.08758046
10.25643561
1.57464205
-1.48487125
-10.61086322
-5.34757244
-19.73491436
4.05987227
0.17654926
-1.41935402
7.48511679
-0.75064496
-3.74101439
-14.17992081
-0.32869331
3.86179928
-0.12024709
7.50056258
0.09827186
-2.49215307
-11.49512133
-6.57209242
14.46736497
-8.95560798
-1.57023591
7.55625473
14.21109943
8.66316875
5.76851380
4.41648405
-7.05217205
-12.07617510
2.18250241
0.74570094
2.92461108
-10.13877378
4.23983252
0.89382161
-2.98868869
-1.73216471
-1.38772578
-3.42919428
12.36957040
-5.14946316
-2.57342967
-17.43752605
-0.22635466
2.40776331
3.85256111
0.22183334
15.62910240
12.91735520
1.68687178
4.03317706
-0.22533775
2.23239058
0.24742342
-9.27156790
2.59101543
2.08122135
1.07735555
0.90617960
5.87044006
-0.65991014
-3.11061305
0.39277146
-3.48534934
-8.76313272
-0.35885659
-0.03062516
-3.32709641
-8.39170062
-5.72474546
-8.38125638
-4.92203986
-3.29764059
9.18795503
-14.40477848
-5.02730037
-18.61701386
-4.75868822
0.32866792
-7.23861990
1.07316792
11.51131439
3.61243341
-0.01236936
6.78926976
-8.54038066
13.12992313
0.64595435
1.06041601
10.39004806
-2.33359277
-1.64998752
-3.23028022
-1.53722985
2.07530049
-2.35977697
0.41090503
-1.23391634
0.00326181
-10.52531147
-8.38653794
0.13413313
2.68480813
-3.30358781
-10.77474664
0.03130486
9.00193490
-0.00433383
-1.72269785
-8.38298175
18.87491784
-3.98641802
2.16884967
12.64014409
-21.24629644
0.62863179
-6.77967236
8.42579442
-1.81557955
0.06006177
0.68622495
9.18003921
12.12149588
-2.58732232
-1.27398960
-3.84292419
11.23058885
-2.38521993
0.87492489
0.71451303
-4.14527402
7.31867665
1.10985804
-5.94208186
7.05539285
-5.10348058
14.02262833
-4.14037289
-5.77583535
2.55678535
7.49618789
1.34876773
1.06540545
-1.66315861
-8.35785471
7.96689835
-7.44134972
-6.63039837
5.99920462
2.01415598
-19.06044617
-0.61980774
-1.17170554
6.85105749
2.38981212
-2.60297286
-0.30836358
-5.30524704
5.91808053
4.53695168
10.81631406
-2.45729968
-0.62979865
7.12320878
1.64479599
-6.07922788
-21.56636320
-2.19552533
-0.41810072
13.28102381
-10.02759942
6.30369153
-8.27276799
0.04647992
-0.21793139
-6.80471265
0.16683839
-16.74398305
-1.89797087
10.99108822
4.85999232
-2.50437894
7.78171146
-8.21296449
11.19654079
3.45736746
-3.97081024
0.39801399
-0.98684876
1.30704944
-7.71476514
-7.74367525
-15.02075455
0.99700052
0.15152647
2.80025713
0.29221465
7.44756114
10.49415011
1.60167806
3.09393999
-3.23623643
-5.78404295
4.83192008
6.19742937
-1.85388462
1.74229747
-0.62167243
-0.60006556
-6.44091057
5.32108971
-5.02938282
0.30362300
-1.12531268
18.66144530
1.18023341
9.32692019
3.96934720
-7.09200365
10.31144459
-15.54852404
5.76616984
-3.46631901
5.73608800
5.47801680
-4.41575870
7.83279848
-10.93960269
6.05497757
12.16661588
-2.88608928
9.70813842
-6.08329621
0.32087132
-0.40775966
-5.32531900
8.66400280
-6.66081388
2.27492425
-0.00544903
9.14691204
-18.27150402
16.59601327
-0.17513040
-10.92993143
-8.72251688
-16.49021298
-4.23898314
-11.47434622
-17.17263694
5.09869245
1.22791525
11.53805748
2.88202858
-3.01882477
-3.83608865
-2.89283688
-2.72641634
-14.18927341
-13.28847363
10.06100013
-5.35341670
2.07515624
-0.01303989
-0.24142646
-0.51031485
-1.24038510
0.17006244
5.28339619
0.89825667
7.67298715
2.40264004
-5.57269400
12.27725520
-7.41563650
-3.28596801
-0.21236623
1.46664624
11.07506012
4.71713725
4.06082680
-4.45642338
-0.82703443
2.59097750
-0.04661713
-5.64886438
3.26349867
3.45928513
-2.54160854
5.08962319
-7.29832427
-2.17990812
-4.91488673
-0.92787846
-0.06062769
-0.79021741
1.10602409
0.04994039
-0.00223098
-0.71248188
0.70193020
-2.09586724
-3.37569668
-2.14432493
4.52591593
7.47454756
-0.11575144
2.64723311
-5.64496754
1.63239640
-8.02217790
4.73425737
0.40636137
11.61986052
-7.98261311
-8.42807587
-4.69598634
1.52178617
-0.00709122
1.91140825
1.32093130
0.52012208
5.79417282
-0.30294422
1.27658136
-2.83972287
2.03182730
-4.79455776
-1.15347264
-5.20357605
-7.84944323
-0.08735900
5.68693790
6.78239326
0.19827784
12.24905123
9.24775802
-2.38366431
-6.55864413
-0.41889964
1.70095361
-3.07275713
1.75121795
0.33083749
11.80933300
-18.93096036
8.84546967
-8.87571941
4.62584132
-0.72575395
-6.98575806
1.34619231
-1.41547039
-2.36205599
-10.18759122
1.21971622
2.20640186
13.74428497
-15.82635834
21.06611300
-2.82871829
2.51999428
-3.64367740
1.87982073
-2.66744018
1.23685887
-3.39544956
-2.85912627
1.87236869
-3.22223248
-1.37385895
-0.50669487
0.21047440
-5.36041687
-4.50281387
7.16540815
7.28834002
1.94905268
-2.35033442
4.99199094
3.31520424
13.69541696
-1.88419986
-3.85512205
-11.38760421
0.22872806
0.57782137
5.30538177
-3.80157416
-1.55710463
-9.01078714
0.85143793
-2.82589275
-2.50311299
12.33639894
-4.60844797
12.92159894
2.36310834
-2.30248351
-2.95244397
1.19866925
-1.57118864
-5.59278066
0.03537211
-1.49257285
5.33552961
18.19834188
0.08463679
-5.97525189
-0.00046083
-0.85028244
2.35714983
-0.42539482
-1.47345277
0.89397674
2.91469344
-13.45826771
0.46238966
16.00509904
-0.40441813
-1.78264404
