-14.15264967
0.20161175
9.25440871
-2.36614889
-0.32339116
-0.33687029
0.51843340
-0.86861501
-3.74305610
2.22516419
9.86760442
-2.18561512
-13.79261579
15.76882217
0.57615899
0.62206838
-2.51322711
-1.04877244
4.47607899
-19.98141575
0.24470721
4.38597073
7.37436292
-5.42463617
-3.39469259
17.92266246
13.80960073
7.54595286
-11.42209967
-0.46004592
-0.18775660
0.15929127
1.78465549
0.04632233
-0.68386813
9.24039939
-7.49538712
9.18406236
-0.02476116
3.52329932
9.08773901
-6.90647560
-0.52254619
13.27802532
-2.55087538
14.58476710
12.62190441
7.39360080
-3.04911021
6.89254103
5.59533462
-5.37130702
-0.32008403
16.75504551
-0.73450404
1.14961884
-1.82816901
-0.10951825
1.35784814
-0.01727447
-9.53104371
11.63987107
2.42604494
-4.12765280
-1.16867001
8.25474943
-3.04132933
0.65545581
-19.64112154
6.17231212
-7.46205186
-6.69471924
0.11878980
-6.40454592
-5.70992485
-8.11989937
5.95037319
7.14182188
-3.64772896
0.73067380
15.49227358
8.67461560
1.22250073
-0.24211163
-9.06635588
3.90420705
-0.51971006
10.07101841
7.16401407
5.78107507
3.62409291
11.48932542
-1.33391910
-24.37330864
-0.27378235
5.30691504
-0.69767909
0.20352559
-1.18177812
-4.14548208
-0.01096592
-0.34571009
12.80385241
2.13179451
2.52417516
-17.60527234
10.85502385
2.34959313
-1.58275844
-13.63770642
18.74565184
13.03436401
4.58058118
-2.86886744
1.54315201
-1.46853337
9.58177155
-1.07821677
1.20771801
-0.07779498
-3.98058697
4.01833163
7.62400935
2.34155095
2.94713541
-0.57728602
-16.13894603
-2.90959808
-0.91824331
8.16466328
-0.72359990
4.82216853
18.86051066
9.53958322
1.22125761
-15.46033490
-0.92382806
-14.98682311
-0.47972666
1.38476084
-1.17342198
3.54531361
3.03766523
7.46201106
7.30260882
0.37375179
-1.48208501
-8.50045829
1.28162391
-0.42378498
-9.75176484
-3.29928055
2.32487163
-2.78861400
-17.79995016
1.03110223
-12.17741917
1.28606775
12.35845218
0.32594624
7.63929556
4.84570830
-4.89561778
-1.56356878
4.36995886
15.84917909
5.91866712
-3.60605576
-0.00003681
-7.50534469
2.70391228
-0.15183568
20.95873154
-3.16500630
-5.15769481
1.03617556
0.82422286
-19.42578156
-0.27380968
-9.74844072
-15.42283100
-7.57150917
0.89757661
-10.93899915
0.62045294
-1.46377354
-16.44474700
0.71327027
7.92910338
8.44599128
5.49590642
0.38121491
-9.98808620
1.37185234
2.65168053
-0.07899847
4.61697437
-8.34081549
-15.56481558
0.60529019
-0.09475874
-2.63284826
-7.95980149
0.16840446
4.83447546
-6.69081862
2.30713601
-1.57039264
-0.13187506
-6.32145151
-1.83346354
-2.57540637
1.37421074
-31.84562190
4.51402464
3.11394609
-0.11155019
5.13612687
11.75497134
12.72794869
12.71574769
-1.51297756
-4.41553877
-0.02882749
1.27467648
0.62867230
1.79276329
17.21561495
-0.05352019
-0.00653673
-2.21948600
-0.29948118
-1.68386784
-9.11045468
2.45248854
7.77890457
-2.08032407
-5.38545195
-4.31940260
2.25297450
0.51827145
0.71283905
7.32221205
2.62818879
1.10253792
0.47165356
0.89553387
1.22418908
0.35963588
6.83994867
2.20984691
0.04343916
4.98330548
-17.44483005
-3.24103981
2.14196411
3.36996326
0.75738356
-8.09243767
-10.90718551
-2.47553142
-0.00210767
-0.61024580
-14.41087676
-4.06241133
-14.38690789
-4.97188632
0.86077656
12.62709110
-15.77303789
-9.89035061
-7.38864842
-5.58291306
-0.07715550
2.23206380
-6.05774094
13.00339000
-6.35040207
0.55274852
3.31618988
11.10273012
-0.98908972
-0.49704112
0.73406620
8.66803127
-5.68060150
2.44105615
6.41425232
-10.92342862
14.99820172
2.14879195
3.30571988
0.00929223
-1.15954394
5.12565803
0.27517530
5.24073252
2.07073213
-2.29996930
-4.08224778
0.08404409
13.54475341
-0.00119461
-0.22916069
11.55270623
-11.24326479
-1.65036793
2.55074491
4.79162915
-3.48837024
-1.24528562
-4.56188762
-12.22344519
-12.49170611
0.43266380
-0.79640595
3.55227678
19.14293555
-17.09532297
-1.31919274
1.02914143
5.09478472
-0.29930447
-1.01374599
8.66320935
-5.29788545
-21.96598707
6.04294907
-2.70186919
21.42392575
0.19572197
-1.66828563
-4.30706792
-0.00545015
-13.28438507
2.95296335
-0.87861164
1.79102948
-3.57615531
-7.27214631
9.93262699
-9.91517380
-17.70875586
9.65424546
27.70531019
-13.91539632
-1.24027093
2.68016100
4.04095081
-3.47669425
-6.07716085
-0.33393364
-6.53615670
3.20546890
-2.68430081
22.71702721
-1.17675536
-0.34993071
-3.34045412
5.54050058
-2.31526922
25.14727484
0.07957036
0.83257646
5.66037000
-2.05504274
0.46427330
2.17678102
-1.52409202
-0.29129933
-6.75134301
1.03088982
-11.72942453
6.19026636
-3.78553763
2.45808430
-5.66359823
4.19096041
0.58357607
2.19771616
-0.92884682
-4.15154165
-0.13855129
-0.91833654
3.12267122
19.34607194
-6.03324995
-1.35030868
0.96379193
1.26487893
1.00430001
0.00089522
-3.59013082
1.82307641
0.92808605
2.01825317
-0.35635150
0.40607175
0.52077896
9.22213946
-1.27084141
3.85931408
0.83580728
-0.54894530
-2.68359839
-1.03152096
-0.37152661
1.65750196
-4.13885030
-1.04897171
28.89763397
-9.52281463
-2.26478470
1.44209184
4.09598117
-8.53563687
3.08902938
11.54504530
5.47272492
-2.55416464
-2.48862439
8.49151369
0.22136290
6.24706758
12.74311592
-3.18129829
8.71539063
-6.54310651
2.10627550
-2.33397637
-4.46277792
4.20867613
-0.64072169
0.29544203
0.08055894
-4.71972008
-19.26172504
10.34122498
-1.25928446
2.32044247
-11.59141231
-21.20255611
-5.92958891
-18.97542467
-17.08207765
-2.67305787
2.62973582
2.33266920
8.33446586
-2.61990151
-8.47186412
-1.92849864
-17.98149228
0.04485936
14.75259067
-19.60333869
-0.29298963
0.34635599
0.70616566
0.84214011
-0.58873933
-1.84898731
0.82500858
-3.63988489
0.52403918
9.79498805
-1.10744922
1.38233687
-12.66447419
-6.70507602
5.34300788
12.31108044
-0.09494842
3.03245900
-1.43893755
-7.17653372
-3.00194672
-0.34548814
0.28443004
-4.51075739
-1.38588497
3.66440608
1.05920026
0.81885744
9.08252361
-5.27595878
3.38781484
1.86393023
0.59077291
-2.25560080
-0.64054433
8.91958203
1.21687972
0.60679903
3.00586005
-4.23370626
4.22657191
-5.12753513
-3.69355015
-2.21127492
3.60851204
-0.79877206
3.70074154
-0.77471505
-15.13311015
6.25445553
10.15781004
-11.04665549
0.22028868
2.55059995
1.04835529
-3.71436037
2.89857138
1.72522775
1.08168060
0.45857635
0.39574723
-10.93661744
0.49493432
15.49599189
-11.10032745
1.81174592
-2.93611861
-2.50975258
-9.90377723
-3.42107198
-0.12609615
3.34827267
10.43270094
-0.48774589
6.39816571
-6.00305492
-1.56475202
-10.37613431
-0.85296484
2.61076816
-6.43466600
6.63213678
11.63659294
17.63220743
-7.32204446
18.61522141
-15.66604079
3.98626807
-1.17584702
-3.68485208
1.33865715
-1.38293931
-4.19345279
-12.96831787
13.96238164
-5.42901145
-2.54679431
-6.68319664
17.03699676
5.26001770
3.56918946
-3.75976844
1.63051158
0.84080046
-11.23188038
3.45104971
0.67813909
-17.88633619
-7.06607501
1.65510528
-0.59390297
-0.11332624
-8.97530846
-5.59875110
12.79859639
11.64375304
-4.46310685
-1.98479728
0.27517642
-2.32404619
14.61074963
-5.57184209
4.75568890
-8.32571703
-3.09070522
-3.81617260
9.56112230
-2.77055457
0.01000090
7.72370366
-1.57759546
1.62729145
-8.66171497
2.34956424
6.56203325
-11.10421020
1.40212241
0.32775770
-8.69856010
-2.09596108
-2.80963264
-13.61142341
-0.31487323
-15.06354578
4.62684498
10.81895604
-0.09486158
-0.66570455
-2.08915233
1.49661332
4.21244133
-1.86958629
2.94551277
-2.44294594
-1.19545161
9.88187076
1.69082377
3.45679511
-1.25298195
-3.79365314
15.10345204
9.96286180
-6.45637902
13.60023604
-8.02322641
2.18734402
7.59205731
1.11072695
-8.87686800
7.96591293
-8.77562036
15.29505754
0.01708152
-1.33721778
-0.60953332
0.18656471
7.73742654
-6.11558750
1.12454018
-13.67693083
3.76281546
1.86478824
10.69456393
9.36008474
-6.09410560
-9.36408589
-7.28705333
-4.68137098
0.20909900
2.59439300
-0.95721581
-1.31525833
-7.08673329
0.19927661
-6.61780230
3.90132843
4.94411595
5.82601302
17.84339772
1.83954744
-1.09792179
-22.96065082
-3.61374854
-24.80252583
-4.48041504
14.07425736
6.83925354
-4.72460659
1.08952042
-6.44321301
1.24007671
-7.19464922
-17.32633807
11.04073452
15.72874178
-5.57593625
0.65323835
0.00116328
2.09785575
-0.72462554
