8.41973781
0.30041201
8.72765268
-1.76763937
-0.04822529
-0.10903189
1.50769858
3.09615841
-4.33363037
-1.91015577
10.26745930
-1.13839079
-14.68582052
18.07167078
-1.81714233
-2.33831272
-1.66495428
-0.49205541
-2.43054128
-14.45918993
-1.07871260
4.13433408
3.41960898
-6.13305657
-0.22308277
16.80567179
-13.61891363
5.95365463
-15.91345645
5.54184264
-0.25762071
-0.03250921
3.20303244
1.08939787
-1.31713106
-3.12873250
-7.11183013
3.77414728
-0.24289573
-0.56794246
14.20179468
-4.47246293
0.25476312
10.99311065
-0.23838930
-27.00087463
11.67568470
1.10406263
-2.21111389
-15.46878068
4.82749178
-8.18538087
-2.37255279
17.11491994
0.23980312
-4.16849124
-2.33184154
-0.32272916
-13.91895262
-0.00688550
-10.41860187
-6.23327850
3.04978597
-0.13278148
0.83615746
12.41314468
16.05950903
2.71629308
-11.92376367
3.69756268
-7.11570835
-0.04868941
-2.39158602
-8.39947852
-5.57251507
-7.38911708
7.22650026
6.32778764
-8.33833712
-0.12462049
15.34262019
11.40550294
5.11178786
2.35212628
-6.68028359
3.72547860
-0.65747163
4.91574130
0.99350727
-2.19301630
1.15063788
10.73610837
-0.74853865
-20.64045423
-1.75162348
2.39508001
-0.36004941
0.82660439
-1.75525353
-9.86452801
1.21172198
0.53910008
16.68889111
0.50737162
3.61131647
-17.62209744
-23.21072123
1.88750034
-0.68473957
-17.47508534
10.46300352
13.80228152
2.74426586
-6.38640990
0.66667105
-0.96517088
0.32903524
-1.06207494
2.28957754
-2.39534228
-2.38842965
0.67202738
2.41112403
-0.55156717
-5.23243367
-2.18209737
-4.05496402
-5.77422410
-1.22138254
-14.81495242
-0.73333936
3.28304805
21.55742481
-1.57191260
-0.49196508
-15.22239816
-0.90772899
-26.56409902
-0.79143822
1.60586908
1.53517945
3.05022311
3.69941870
6.81251869
2.79420332
-0.00761394
-3.80246905
-2.95511976
1.15208746
0.42630304
-7.25995148
0.40445029
3.11034082
-1.54949582
-20.68303247
1.64208889
-16.88350081
0.43838784
11.13522299
4.56613826
9.75519181
5.13523566
-5.29001293
17.05980240
2.54652973
15.75019020
9.58212757
-8.68914080
0.36178198
8.68187633
-0.40567093
1.58471845
-6.96585304
0.67217954
-31.65312599
0.17382274
0.75375176
-15.75481554
0.25585606
-6.94250349
0.21406808
-5.75616913
0.80510022
-11.96625851
-2.29136252
-0.56428009
-19.05272822
1.23407493
1.78639444
8.00413644
9.06984508
0.02535561
16.39014525
1.55955264
1.83641754
0.11451340
0.10915498
-10.99901396
-12.40301898
-0.57281247
3.96231912
-1.23082829
-8.75235207
0.22781750
-1.23053296
13.06446081
2.08718260
-6.61612240
-1.15369242
3.54917315
-2.89194579
-1.45326087
2.58372107
-16.46547404
4.56883634
-6.74320153
-0.07814492
-7.68286045
10.41079290
13.26684896
15.19178569
7.01840109
-0.30975474
-1.61415559
0.91029333
-0.53686008
8.70493591
4.89429377
-0.02011680
-0.00145755
-2.18199178
-0.22485137
-0.15346657
-7.90502282
5.91659272
5.81813419
-4.22823892
-1.18114804
-4.93721445
3.85783921
0.28227679
0.86331577
5.07054173
0.44992053
0.94400415
1.88192480
0.92093558
0.78530156
-2.59464106
-8.31929207
0.36344229
4.24316119
1.94045194
-14.33173109
-4.29635628
5.15632968
-0.64845989
1.32389833
9.26633238
10.92280510
-0.78465676
0.47818960
-1.18000934
11.88595010
0.02460670
-18.12584935
-3.20689883
0.70516637
18.15713777
-17.50982134
-10.24974037
1.24019991
-1.61770454
-0.58361508
20.09481808
12.72414160
18.72762300
4.86247344
0.57912624
-0.02123911
10.65940357
-4.76301422
-1.36446749
1.40822321
10.44539470
3.24275577
3.25178855
7.97093987
-9.66515029
-3.68598674
1.41262279
2.20167991
0.01114188
-1.40291927
8.85486855
-2.81779188
4.95922987
7.28797826
-1.22546799
0.88515176
0.07398904
14.21179989
0.00099208
-2.85425461
13.42593516
-15.52224965
-3.23731454
6.07465036
-2.50326431
-4.62481975
-6.08458092
-5.33154457
-11.41660383
-15.44422445
0.92748044
0.00174252
-5.21842448
15.46943833
-15.14994984
5.17084705
1.35167268
11.39637220
0.19197811
3.03068910
10.22095160
2.81199960
-4.59312773
-6.59563541
-3.09384481
21.76754219
-1.46739810
1.00250106
-6.54189146
-0.14614392
-4.76967681
1.81043616
-0.73542285
-0.00889675
-4.41622567
-10.66955285
-7.92949132
-4.82206432
11.81973882
-19.39964314
5.29048411
-24.54421560
-1.16297694
-2.92657362
4.69605828
24.81677743
-1.78998944
0.03796342
-5.32673961
3.22239736
-3.34339388
21.35681824
-0.61212198
-0.64437211
0.43144804
8.17137569
-7.50029255
17.15230002
-2.23740496
-1.45988356
4.64510439
-1.22441330
3.11463551
7.11161820
1.83332412
-1.36401110
-2.26879058
1.16076251
-4.72198825
4.92572812
-4.51919516
1.64523019
-6.87548345
3.17216406
2.42808512
4.35431399
1.15104248
2.02191432
-1.13491931
-0.72384558
-6.32889142
6.46708104
-0.23271097
-4.42815180
0.95393499
0.69788980
1.28664936
-0.03744245
-3.44996100
1.99229891
3.78728564
0.65052053
1.70493733
-1.31814496
-1.94881841
7.98201259
-0.09896718
-1.38295301
-5.49518275
-0.71073435
-3.27517355
0.06746213
-1.73411854
1.47281839
-2.40420955
-18.80896292
15.74501014
-13.65377542
-3.53786750
1.72187587
5.03685890
-2.41195238
5.12565706
-10.26110548
5.11578069
-4.01846721
9.72037189
10.59428369
1.91129754
26.41967644
7.06674889
8.41862897
9.56778019
1.72646407
2.97361096
3.74138193
-4.89827209
1.39492439
-0.90015042
-2.38341948
0.06910590
2.83614152
-22.79787756
12.08865159
3.15052438
3.66973372
-12.78932522
-4.55267066
-3.23676398
-21.83618182
-7.03422093
1.82267234
-3.46623910
-0.82596943
6.04222697
-1.00211483
-6.12033889
-1.07158408
-21.21257550
10.28649939
12.23123384
-18.23423387
0.08373851
0.61869325
0.86163716
0.94050770
-0.74396022
-2.47404063
-0.04089874
-6.69181147
0.38568493
14.23367262
-1.23626278
0.37973425
-10.73172580
-7.71278010
-1.04400058
11.03595197
2.54742780
3.97832740
0.43138681
-8.52409758
-3.56938351
0.21503612
1.30409453
-7.28878960
-2.85534370
2.64072378
2.78369820
-1.86821837
9.71461596
-1.50531323
2.98339596
-2.60264344
1.14879881
-1.65427507
-1.24968809
9.13514935
1.13167793
0.26599318
-2.98396773
1.63566810
3.21600663
1.39917839
-0.46175470
0.84205872
-2.06243975
1.36163276
4.29868872
0.32345267
-11.81414662
4.03523696
-18.71109686
-10.21914500
1.80235752
8.97980953
0.68337091
-9.00391473
2.51827935
1.24475036
1.68423536
0.19262450
-5.15548410
11.54363087
3.26988141
-15.78928817
-3.99012378
-0.33111301
1.44893180
-0.73679026
-9.00057863
-4.73925728
1.28115021
5.03638394
12.11861980
-8.19714367
5.58068635
-9.35551552
-2.09648009
-1.96747034
-0.55168095
-2.00388709
4.41296567
8.10184010
-1.92830015
13.34821175
-11.34411682
23.21837283
-11.84487831
-0.59577428
-0.51770812
-0.55130632
1.01133516
0.23768957
13.90095207
13.64401034
20.44577075
-4.12732294
-5.86338562
-6.89425778
18.34382084
-12.36993910
3.26299257
-0.72350755
1.93422938
2.33585430
-18.30826027
2.52730529
25.02608507
-11.64886340
-3.91933407
0.62097446
0.49651215
4.41183038
-8.57443920
-6.63916847
9.80905072
10.06539912
-2.86609929
-1.70211543
3.03365964
-4.08207891
7.61799032
-9.72236219
3.42410686
6.60999156
-1.71224958
-2.68130707
7.21405574
1.85360434
0.01308683
11.18511970
-1.71914874
1.95949036
-5.52840388
1.12887067
6.84199329
-14.31123360
-8.04014069
-0.67196108
-10.97961279
-1.29914708
0.42761162
-15.17527942
0.10431311
-16.74249266
2.42806924
9.51156522
1.18733256
-34.58800879
-0.15367245
0.47799698
1.02876272
0.20938633
0.67664172
-7.55915811
0.21306409
13.27063157
1.23085282
0.30560080
-2.20380547
-7.37522402
1.29946349
11.95704161
8.35888474
21.04913491
-10.77185252
0.76643714
8.53054937
4.14774475
-14.07904835
13.24806393
-14.82547385
12.64950142
0.08868460
-0.75586914
-0.78678306
-0.62320507
12.39434129
-3.88068186
2.24298691
-14.43247298
1.30654878
1.69885783
15.09990629
4.17634711
-5.33891125
-7.33242841
-7.74625599
-7.68132973
-0.13634819
1.92767121
-2.11184979
-2.02111371
-8.48657697
-2.96164900
-4.92101758
2.33560807
12.57484358
-10.35395602
-1.20907685
-24.00236745
0.32730416
-8.46808269
-2.67349991
-24.93242920
0.95490230
14.40387911
8.90431958
-5.68507850
1.94237904
-9.34150171
2.27511088
-11.07424929
-6.81774894
10.08385468
6.48420904
-3.89887526
1.10261410
0.04930433
2.26608347
1.90282002
1.88800016
0.86505532
4.05591067
9.14589575
7.14182962
0.71356340
-0.14476457
3.56232946
9.17583292
1.52368863
9.93953278
6.77324099
-14.01432527
12.87064922
12.18808940
15.37990839
-2.45728896
-2.86277615
1.14631873
-3.40066223
41.11685930
6.50446367
-18.98915511
-6.02700185
