-5.61701161
4.41557718
-1.90475252
-0.47541033
0.05342097
0.18059772
-2.44249989
0.83349493
4.96288877
5.19354788
5.18954535
-1.48381274
-4.77492850
11.94502330
3.43873501
-1.05529647
8.45132469
1.79798851
-6.46882125
-0.04230643
-5.74004816
6.68980803
-14.44937143
-14.64694261
-6.34956459
-3.64510778
13.54075276
4.00179205
-0.47455825
9.81609858
-1.42419502
-0.45164942
5.90720954
1.04301835
-2.06249852
-3.20160092
-7.63259064
20.24118520
-0.23011032
0.05055297
-9.56833276
3.53116150
3.01830962
-5.03265486
-4.62187590
10.59925732
-4.85943522
-7.62109948
9.80661737
-5.90099880
-3.27438080
-5.33690263
-4.90739112
4.60393869
1.57520238
2.40132074
-1.73543629
-2.07826344
-1.03854206
0.99145510
11.31270805
-6.58873613
-4.49695522
4.66560104
-1.58303795
-1.79175627
2.45302734
1.38889115
4.53463200
-2.94624340
9.29786729
-13.06568574
-1.51346068
2.28985808
7.74578596
-4.22160247
1.40301916
-8.06730749
-4.86799093
-0.05343953
4.18901709
-1.12751586
-3.93410212
0.00623526
-2.09378991
4.39141819
-5.24725293
-3.13283339
-10.33496292
8.91032150
8.03555252
-11.24900983
-2.74581372
7.40618492
-0.43739345
-1.60106915
1.67559262
2.87343288
0.25827461
-7.33258555
2.98523156
-2.47679716
3.91578792
-9.64013225
-8.69769637
10.92781323
-3.52847466
-1.81444439
-5.29139012
9.36011795
8.93069444
10.27193048
3.33430374
13.29104547
0.44261057
0.01373724
3.00357213
4.17479286
8.81104086
-2.51788645
-0.61819946
6.46144448
-5.04674830
0.19149497
0.79929491
5.34673245
-16.15672333
-0.91420334
1.05698948
-0.49197690
0.00052955
6.21663243
5.78392440
-5.57618956
1.90743786
7.68487662
1.78088704
11.87784139
10.21880928
-0.83713565
6.38010494
0.71795120
-1.94958770
2.03785538
-0.00322610
0.01880076
-4.33727424
12.29777132
-0.82586193
0.49469521
2.49951845
-0.15055645
6.59622373
7.92274352
-12.66768543
4.16151147
-9.40476068
0.28833158
-0.46534386
-4.68432970
-6.50655138
5.32332770
4.37963625
-7.99359534
-4.42295574
-6.57871473
-3.62652716
-1.92152331
-0.01344458
4.90267795
2.27515437
-5.65388130
19.12461035
-2.70002709
-3.60536847
1.30710279
-4.92744990
8.01529814
-0.03615206
4.23769299
-0.03614438
-16.44583649
1.97550789
-10.57944180
-1.26331622
0.66142532
6.46595384
-5.35508603
12.95976120
3.89647110
8.78155671
0.00033772
-6.22428649
6.36894988
0.06379856
3.27742778
-0.64506184
-2.21627951
-11.59886365
-1.74894306
0.44583518
-2.84478353
-9.52812915
2.14817010
3.49080696
16.02538145
3.86160607
10.77236146
-9.35741763
0.35778673
0.90450902
6.67717594
-17.31360142
0.95444325
-8.82408611
4.18966827
2.24948114
12.13485346
8.20485902
4.03757842
-0.38341676
-7.66775410
-12.01904570
-8.82762956
-1.56615825
0.15557365
11.43821835
15.17727063
-0.73690316
0.57716255
-2.99733717
-1.92043061
1.62453730
0.70229664
-8.05964818
9.78247075
-3.29643006
8.27628734
-2.83588396
3.01598184
4.28227745
-2.33965296
-2.11671553
7.85442721
-0.66053088
-4.33528722
1.17480535
0.23894267
-1.17107707
5.75365807
0.88543770
0.07221824
-10.67855536
14.35210345
2.76413480
-3.79187673
2.44727296
0.51098674
-6.61717236
-13.23253498
-0.88968010
0.99413371
-1.04311469
1.09125754
3.45131498
-3.66957823
0.76619563
1.00744320
5.35278903
-2.39447344
8.24746913
8.55009794
-5.44179858
1.48363078
0.62006632
7.58703254
-3.09194151
2.58008259
1.62508133
3.49699231
5.54090583
-7.17541865
1.29755644
0.12880574
1.01691577
3.12588041
-2.34455120
6.30758293
-20.63289856
7.43687744
3.59621284
2.04899753
-0.23508674
-1.29947038
-12.92188582
-7.60579013
3.72270060
2.43521085
1.80767414
-0.59181307
-0.40562827
10.03921411
-0.29642642
-1.37654136
-4.14062040
3.93829092
6.13497809
-7.78790898
-9.50660013
19.36259736
3.20047465
-7.29229880
-1.28891062
3.53245309
0.14672348
0.13958997
5.10894467
-5.96014711
10.67695494
5.02968239
4.68317396
6.99464892
0.29249779
-5.09224099
-9.12611417
-0.55275714
-9.84114197
-5.96727190
-11.37487651
12.37486429
-0.25223916
8.45021735
-8.32826273
0.78072003
-0.05962334
6.71795911
0.76286092
0.40343546
6.85294503
-6.18175883
-2.61674780
4.45587768
-8.51113245
6.20624258
-4.31326978
-14.80789720
-0.87898082
5.67187075
-1.86633116
-4.00197612
4.46135327
-1.33815858
-2.38450716
5.91412971
3.17378259
-2.07264979
-1.93648080
-0.99301004
-8.24655747
-5.64966792
21.57102703
17.06933223
-2.25720377
4.02011843
8.92102718
-0.50105938
7.74668445
-8.18326902
-2.18630819
-0.63982993
5.16127526
-0.00741086
-20.26819105
1.33288704
2.60878463
4.24204037
-11.15092014
-1.35687848
-11.84726646
-3.54864184
-0.01371925
-7.14621725
-3.02105036
0.62050860
12.73027697
1.47982601
-3.35630652
-4.28013281
0.42737045
2.06841825
0.16972684
-1.57155896
7.65028009
4.39946461
-1.63604812
-3.40256759
-6.23858614
3.54276289
7.16133283
-3.31821421
-1.25327067
1.66304647
0.05844529
-0.41190504
5.47722942
-1.03783529
2.94051851
1.63513413
5.53892095
-20.68573316
-3.81426129
-10.33040802
-6.95886864
10.81828016
-4.68594934
2.07733606
1.85230381
1.45380669
7.87973945
10.87621981
8.52786744
-1.33619704
9.98434056
-7.83416685
-9.23676564
14.85083112
2.79640995
-4.91318922
-2.55999168
-4.28072469
3.75263157
13.75929273
3.92676624
7.81075877
0.17894716
-1.80091237
-16.83029859
-14.10460882
-5.13417296
-6.51950952
-4.79833608
-4.85814561
-3.54919628
-0.00416056
6.69200420
9.42207965
5.88994758
3.75791106
8.44537187
-2.99450263
-6.54129581
-0.48831125
-8.26271331
-10.50828312
-7.93173673
-18.71632195
2.36902625
-3.32415695
0.80697166
1.61045628
-0.13817752
-2.14096513
0.16103683
1.00450962
0.04243819
0.18772960
-1.36837044
-4.19978149
-2.53611425
-5.51982118
6.36737073
6.23353932
6.10874669
-3.87740345
-5.02889301
1.44565610
-4.39257513
1.16611588
2.70957758
-1.05497817
-6.53682212
1.19750909
1.42690710
0.80796234
0.54759742
-2.31971251
-5.58543931
-2.38392646
-0.56190878
0.48171914
0.56039804
0.01587432
0.79227799
1.40799091
-0.38763754
-1.92095043
4.11838723
-0.96618689
-2.62937418
-0.76500219
-1.24920774
1.03299721
0.26753026
3.35196745
-2.26634650
-8.61098838
14.25143076
0.48475890
4.50946447
-14.58134684
-7.77497196
-0.01006797
1.10848941
0.36064208
-0.00580198
1.26894988
7.75461038
-0.85951547
-4.52967706
12.84227002
2.43650404
-1.01916643
2.55501697
0.20530012
5.49051304
-2.58942933
4.59968993
-0.02997386
5.56399356
3.85657180
-3.99736802
0.15100042
1.82285987
4.79732769
-0.47545636
-3.81485438
1.25521252
-9.26894895
-2.46332937
-0.00018923
9.56174979
-9.87413862
-5.96075718
0.83289440
-0.01095442
-7.86743780
1.33103824
-1.33665033
-16.82173307
-15.34646294
-2.99504707
-13.16152629
6.68860296
1.72917552
-11.54085856
-5.87577012
