-3.97811260
-0.49677879
-0.35174797
-1.15033787
-2.71441525
0.70013494
3.22587406
0.05511976
4.32669971
-8.57640941
0.02462658
-1.80903417
-0.27284433
-0.58548677
2.82426471
-2.21742421
4.35658508
-0.02413896
10.01399140
1.95864474
4.60839074
-4.83000774
2.17530124
-3.27342403
5.05596533
6.61201975
-6.55005829
2.50208626
11.24768302
-12.81192758
-0.77124198
2.21097013
19.32700819
1.00009513
-1.39558798
-8.30067323
-4.16012843
-6.81442130
-0.32702882
-5.30157199
-7.24864851
-8.91664770
0.50157299
12.72797422
9.01674307
1.98057030
6.70603535
13.63617824
-15.29793905
0.14185526
-1.06148187
-2.79370724
15.77952401
-8.06576134
5.71720277
2.06858777
0.23100003
-2.17730970
-3.02441348
0.70818874
-9.58287766
-13.55306075
-6.72059271
5.86621780
1.13936370
-4.11112515
0.32624463
0.97195460
3.31225696
-1.19431498
10.06582146
-7.60422391
0.00716810
0.52393890
6.36688807
3.07093719
0.29828919
-4.25946074
1.72814777
-0.51215069
-13.65662234
-14.76040541
2.37017009
0.28697665
-2.67763342
-1.56644640
-2.59498297
-1.41059874
-4.36326168
-0.00718101
-0.54671236
8.86992828
0.97953205
4.04827659
-0.23420649
-1.03457997
2.21415703
-1.86701012
0.57746579
-9.82708142
-3.61903193
3.77353073
-1.78620413
-3.67536881
4.98466083
5.43871806
3.82973677
-1.52385640
-7.20410644
-5.74123090
-0.58999488
6.34997670
1.13708919
-7.82885792
-0.29333521
0.00074287
-0.16587797
-8.20326368
-2.31517908
-1.06032746
-0.82059585
3.81833565
-1.07413399
-0.00452459
-1.86708969
5.73232001
6.81392209
-0.43008850
1.08064123
-3.16642280
0.03246459
-3.29075500
2.63398649
-2.87887493
11.18734722
-7.77107779
2.29676799
15.50373722
-4.35155331
2.24099579
4.86079283
-0.18177108
-5.86662142
-3.97641424
-4.04306065
-1.03984891
0.46038590
-4.09626153
1.86483157
4.30000959
-5.63289927
-0.18300003
8.62755184
1.42389665
-10.36699491
2.64267682
1.22618848
1.06498896
-1.46886704
3.82008575
-2.11065780
4.22531050
6.16559736
6.60686279
0.13802474
0.90724532
-5.41421535
4.58357904
0.83627247
-0.72074605
-0.56947835
-2.30739518
10.75929173
1.47852078
3.80201856
-0.99771202
-5.55610901
1.31770716
0.36568723
-1.34924703
-8.52795235
8.05309634
-0.70066849
9.58078054
-2.39635814
-0.00056720
-1.75937062
-4.43344618
12.01745968
-15.71600514
-7.35560414
-0.00259147
8.07103089
11.49229187
0.00299311
0.84575433
0.49717633
1.80389007
3.07873375
2.04619238
2.12360505
-0.08927947
-4.28828796
-0.98680399
3.42528716
16.74454991
1.27198335
-3.38717455
0.46427684
4.50037558
2.03150178
3.01217890
-5.25766974
-1.25256174
-1.09890974
0.10162426
-0.94547713
3.91330181
-5.75117858
-0.91405235
0.97612786
-1.87251588
1.08833479
1.88929177
-0.22002078
-0.12651352
-1.35063334
5.39802334
-6.11974555
0.87268126
-1.35231065
-1.12418724
1.86074334
6.45069313
6.00481381
-1.80170600
7.09178608
-14.97601897
4.54020332
-3.35734428
-0.70979246
-1.40007442
-7.44977413
1.55534416
-0.00973186
0.00701656
-0.02930883
0.03932372
-5.44205248
0.19078571
3.13388649
-5.68390287
6.62941746
12.17098845
-6.60883267
-2.62709223
1.43110233
0.90267081
5.75626907
-1.74658107
0.37719084
-0.10730642
2.35628302
-8.82744798
-1.57405068
-0.92586925
-0.31739077
2.65491556
4.17633097
-3.55545910
2.02473296
-2.36038194
0.98191731
-1.33597634
-16.19401443
-7.70437731
-7.25716212
10.13188760
0.11991210
-3.84726204
11.39222195
-6.20473149
0.76827256
-0.09353724
5.83244932
1.22287025
-0.69839884
6.11727272
4.04252446
-0.60498038
-3.20254652
-2.04237984
-0.11031146
-0.82851761
-0.73978100
-6.37595989
-4.22998212
2.85973160
-8.26090836
-5.96536835
-0.27304102
-6.84885488
-0.16800585
0.62815646
-7.08277754
5.66042768
2.57616102
-3.74352860
-8.55113552
14.33912777
1.51552651
-3.24497672
7.06992051
10.84892107
0.42508090
-1.79696983
1.82175389
-4.99379925
1.52046561
0.02099547
3.44128456
6.37787481
-3.04907931
2.62838671
11.09207732
2.52552654
-0.30669693
-6.62344905
-7.73613703
-8.12579535
-2.43494855
-3.11824600
6.14454178
3.41025863
1.21686542
-8.43944551
-0.00635963
1.06630797
7.77833492
2.16717275
0.96733347
1.52766957
7.36199915
8.94421162
5.51035111
-9.96742442
0.01274212
-5.58606472
-2.35921151
-3.26371656
2.93003359
0.38218010
-0.36122861
-2.92591261
-8.81722764
3.60411781
2.19710392
-2.48209267
10.25937952
1.38038618
5.53590001
-0.95458333
0.99838174
-3.21613277
3.79264054
-1.16510503
6.34382466
0.15026069
1.33234184
0.00757381
1.34392831
-0.77883665
-11.53455741
4.63991338
0.02310749
-0.16647813
-11.68030248
-0.47810562
-2.71716596
14.85152181
-1.54744663
1.94565869
-3.20456620
-2.23185044
-5.77593104
-5.60306560
6.33176116
-4.56877406
0.04823634
2.60196597
2.98055140
0.00195029
-8.77983528
-2.62780489
-3.70755892
4.84187174
8.38395338
1.88420817
-9.87766384
-1.26355837
-0.35520499
-0.81504052
-2.02209573
-0.57087875
-0.67804632
-0.67310977
1.51072659
0.45590723
4.56146274
-18.53914139
-2.49448479
-1.53990991
-4.08596801
6.44012911
1.64248498
-0.87357730
2.61214662
2.29692623
-1.19700121
-13.29267171
11.58886810
-4.17178665
6.00237279
2.41894807
-0.36670281
0.95281366
2.36177248
-0.84171362
-1.88663765
-3.39058302
0.27934120
2.57862575
6.41361923
-2.04236314
0.40852778
-2.44861594
7.64301799
-3.24405176
2.14648153
-4.81019845
1.96036039
-5.28955789
2.85139517
-3.45007376
9.32256603
-1.25095108
-4.22922893
-1.73090424
6.17706185
-2.83239766
-3.48639086
-0.31357726
16.21718946
4.95426360
-0.74332155
-3.87537880
6.37580098
1.05994937
1.89969570
0.33626322
-0.97090086
-1.38540857
0.00181172
0.46804037
-0.01138146
-1.13110982
-1.44383906
-6.41678246
-15.73421888
3.64315977
-3.93198132
10.92311742
-3.20097453
11.33591955
-17.41779319
0.37767078
