0.80397984
0.17140224
8.85925784
-1.72239258
-0.84413822
-0.09693017
1.30435455
2.98206275
-4.28863456
-2.17981691
10.77774665
-1.44228036
-13.89107396
18.94285989
-0.16136639
0.21903585
-1.25812973
-0.34459397
3.63876754
-15.73163702
0.07771804
4.56966571
4.37467636
-6.14920662
-0.73274027
17.59180225
-16.02233544
5.82869606
-15.85033246
3.80141783
-0.26843435
-0.01247704
3.12519946
1.22560800
-0.25904052
-3.89518365
-6.99743669
2.17892601
-0.01074084
1.86189333
1.71871207
-5.12883741
0.43319215
11.30064158
-1.83802018
12.48036083
11.90380378
3.91883306
-1.92435197
-17.77942807
4.72513083
-8.52399316
-2.05947392
19.51729392
0.14571835
-3.15904582
-2.32521867
-0.19989753
-13.59608691
-0.00656601
-6.78716579
-1.14559468
3.39434283
0.94552106
0.93789152
10.71249995
18.51306161
2.38831815
-11.25694254
3.95856872
-6.74629611
0.02750701
-2.33023716
-8.25613309
-5.13689887
-6.75704807
7.90116415
6.15884799
-4.57357551
-0.04492982
15.35930414
11.14166684
5.01539042
1.15962635
-8.13458884
4.33421475
-0.88629153
5.44910085
1.07974728
2.13564094
0.16949690
10.51038204
-0.85655450
-23.07256325
-1.73013251
2.50949853
-0.39964465
1.10934941
-2.39321604
-9.58559670
0.56586935
0.60518338
15.45843655
0.18434429
3.70931049
-17.54917235
-23.83556732
2.11102515
0.38266723
-18.44453807
5.69276393
13.95966627
2.97765184
-6.79302227
1.54142186
-1.00159046
0.09728467
-1.55179330
3.02567507
-2.35613111
-2.21303063
1.20740583
2.64765666
-0.94681301
-9.37813224
-2.02525217
-1.81939035
-6.77918832
-1.16338328
-14.90736649
-0.74862910
3.08568273
20.13864370
-2.35696089
-0.45958438
-15.01835205
0.13351700
-28.06791198
-1.14531865
2.22263732
1.91469985
3.39977243
3.24231193
6.76930184
3.74575913
0.21081310
-3.81267682
-2.54307487
1.15072528
-0.40340419
-7.10765144
0.19793569
3.10642058
-1.90166555
-19.95217419
1.47477004
-12.34164552
0.50775781
11.24184480
4.37436514
9.43885625
5.30379670
-4.90365860
17.22458292
2.52725061
16.51677379
8.64975662
-8.21328701
0.32088957
9.18487570
-0.54021126
0.31207277
-12.77328064
9.70032763
1.08864334
0.11308599
0.52009508
-15.57495008
-0.29999316
-9.37404075
-0.88355331
-6.22007638
0.87714336
-11.77874393
0.55473100
-0.52345329
-19.66212670
0.86456923
1.91182563
10.95447316
4.23172591
-0.00759967
16.39386858
2.10388690
2.45567410
0.09690375
0.44644562
-10.83461260
-5.20152607
-0.57928254
9.04239755
-2.20862041
-8.55265242
0.30568595
5.59662585
11.23161800
2.00623450
-6.76033660
-2.27724004
4.10344265
-3.21649992
-1.62845247
3.22151645
-23.18734593
4.81520229
-5.31553045
-0.09706177
-8.21544200
-1.36366507
13.51007915
13.03319681
2.85843940
0.54385604
-0.09987106
0.78810446
-0.43234145
7.76109819
4.78897206
0.03605999
-0.00435938
-2.33044835
-0.25727027
-0.19329803
-7.80234038
5.94966686
5.63100753
-4.09760367
-2.70633830
-4.85674441
3.82064034
0.28282896
0.56560989
5.68534534
-0.24640235
0.88700292
2.41097010
1.07072970
0.68285826
-1.31336530
-16.20611939
0.33523660
2.20756890
4.28150710
-14.57518551
-5.24258001
4.74155883
-0.95314575
1.25614913
16.58215727
10.53569171
-0.94387999
0.22539086
-0.96793673
-14.64487525
-0.25916904
-18.53195340
-3.21665682
0.90273097
18.09134936
-17.62944872
-9.64863970
1.61632936
-3.49797181
-0.52860911
20.04020686
14.90067470
19.53394535
8.86441407
0.51169863
1.61721909
11.50082771
-5.37156191
-0.67793596
1.11399180
10.59364208
4.03022066
3.07467171
7.65186574
-11.26034211
-3.93826038
1.70627067
2.23134413
0.01067384
-1.36015045
8.17503130
-4.10258806
4.92798539
5.00844428
-0.57959675
-3.78289957
0.02446430
15.21954784
-0.00132404
-2.91144297
13.40014299
-15.28905636
-2.98976724
5.88720366
-3.01507825
-2.07935498
-5.78768652
-5.35671513
-10.29556530
-4.35798854
0.98269218
0.00163541
-6.98480277
15.06035202
-15.09273004
2.08632533
1.47580235
11.05444948
0.04658712
2.76361904
9.60124858
-8.35409980
-1.96276397
-1.04094491
-3.17030025
20.01391680
-1.09863243
2.32040081
-7.45296302
0.04595773
-4.00924482
2.12017543
-0.78153449
-0.00908596
-4.29389772
-10.74447057
-8.39217789
-4.77071372
14.85486904
-19.37691498
-12.86657209
-23.99344018
0.09572604
-10.47120323
3.66563878
-2.49889255
-2.09671600
0.02264451
-5.51088086
4.39759067
-2.26351614
21.54370762
-1.39289948
-0.52283433
0.82051880
7.99601815
-7.23048669
16.35535659
0.19536048
-1.45456113
5.21922572
-1.59550325
4.67141867
7.55833508
24.56804820
-4.22569641
-2.91569646
1.17295366
-4.77484281
5.12659547
-4.65745100
1.93871711
-6.82210304
3.31862145
2.37737085
2.69842200
1.19069202
-1.30954170
-1.37357898
-0.72710809
-7.49765930
9.67346655
0.66326517
-2.16545376
0.71865865
0.79494474
1.53866562
-0.03366444
-2.79381698
1.77767485
2.44841428
0.75521686
2.01066627
-1.15915286
-1.81425427
7.82831133
0.02737225
2.36301192
1.77872678
-0.61059126
-3.18041144
0.26569351
-1.72423725
1.43801733
-3.49722353
-18.89698523
20.23335573
-13.31137316
-3.44902778
1.59462528
4.82504362
-2.24675538
3.98640448
-10.31767643
5.50357385
-4.58920753
10.49376193
11.06298353
1.53701887
7.11417453
8.30566819
9.39426797
10.90351792
-0.23555713
2.84920419
2.97658422
-4.89834007
1.55932080
-1.01599095
-2.20746760
0.07396362
1.21363221
-19.42830185
11.11988000
5.30089410
3.12649671
-11.01917797
-2.44141790
-4.29749678
-20.09206151
-10.05422454
0.57913021
-2.51441980
-1.38916011
6.15864964
-1.07189005
-6.57463368
-1.02232466
-20.79224645
9.68600266
12.45948147
-16.60982847
-0.33491669
0.37481985
0.83360674
1.01365996
-0.80902819
-2.30080418
-0.01827976
-6.18694194
0.37366330
12.71433330
-1.37398094
0.81608622
-10.31251346
-8.06430909
-1.45432681
11.74820295
1.92902491
3.51693742
1.06058146
-1.34392660
-3.48315701
0.22438082
1.11629448
-7.01489603
-2.63883585
2.62498420
2.87291159
-1.80149113
9.58237486
-2.32031184
3.00938204
-1.53177472
1.10957906
-1.67304857
-1.10776198
9.08119858
1.32130784
0.57191381
-0.40728171
1.62209321
3.68091271
4.29944822
2.63106360
1.63843287
-0.67393393
-0.48504943
4.25459639
-0.70205165
-12.69598283
3.91469266
-20.05152634
-9.33965688
-1.51737278
8.76815832
1.33011925
-9.02722653
2.54857727
1.30238961
1.68887353
0.19857504
-5.79191193
16.17225486
3.33021731
-16.38136074
-4.09872176
0.39690883
0.88552574
-0.92667263
-9.29342527
-4.56417582
0.90965137
4.41694373
11.88764188
-6.88117106
5.50363393
-8.68305819
-1.99277143
-1.72623912
-0.70698446
-2.03629092
5.08811044
7.51282497
-2.79327376
14.07401481
-11.46850114
23.40793959
-12.55713791
-1.02668971
-1.16654012
-2.96301754
0.47393187
-1.73523954
13.94329278
13.60982100
21.14078508
-5.59276097
-5.74843079
-9.92307277
18.12909495
-14.80722498
3.41161550
-3.07557146
1.93485663
2.36714230
-19.52632671
-0.57208702
21.63276086
-6.78863845
-4.31357111
0.28527645
0.53366125
3.15721044
-8.57465428
-6.70250238
9.94736633
9.60165470
-3.22584402
-1.50867846
3.26545641
-3.77452719
9.71909651
-11.57868418
4.29381765
7.03446971
-2.77936435
-2.70830587
7.60939653
1.64097041
0.01314830
10.78756535
-1.75302348
1.84735895
-7.12172236
0.39353858
6.20335784
-14.30933644
-6.61831329
-0.56714956
-10.04393939
-1.13739822
-4.32455453
-15.62392997
0.03401158
-18.09961911
2.59800294
9.44776126
0.44331599
-0.18740249
-0.36756996
0.56258608
1.33268971
0.17280165
0.67743604
-7.57696187
0.52262459
12.77890762
1.20500550
0.73604009
-2.08963411
-7.17788552
1.02170690
11.67766218
8.77998890
20.08908371
-10.35196572
1.21622273
8.17040644
3.62304338
-18.04418892
13.62043006
-18.74762772
13.38117730
0.08843962
-0.73057255
-0.82303335
-0.64780365
10.98756447
-3.99084497
3.71164971
-14.14432350
2.33995871
1.66087536
14.57143808
6.26329247
-5.05772810
-7.60999686
-7.66763958
-7.64708418
-0.03292519
2.30985578
-1.99599098
-2.10107394
-8.50982655
-2.39563434
-5.08485802
2.06135819
11.46597310
-8.20460452
-5.53437791
-23.33922932
0.27703498
12.61484061
-2.56931921
-23.78588727
0.74366981
-1.90538526
8.48059850
-5.81195480
1.85771912
-8.64361483
2.64383534
-11.22794541
-6.92611744
9.65298335
6.19261932
-4.54593458
1.10620288
0.24889615
1.88603610
2.03290879
1.84610254
0.70988674
3.69613308
9.66713098
7.09249918
0.75401048
-0.45505391
3.75311392
12.28597561
2.94637357
9.94624633
6.99836775
-10.29647271
19.46970270
20.41549553
19.29248751
-34.42723085
-8.73472694
-5.51232485
-5.38305658
