-0.60686276
2.49610931
-4.82910737
1.93808102
0.02295885
0.32560943
3.03038176
1.09031356
2.93790036
8.49482399
-0.68021609
0.57044157
-9.58625190
8.66803862
-3.00882289
3.75155364
0.79466739
-7.23494413
-8.84664671
0.86013245
7.21712820
7.21789503
9.70850369
0.95634798
3.49479446
4.87764919
9.75707420
-3.35330177
-1.70687242
-1.46130288
0.00757865
0.09213469
-2.39229619
0.23037317
-1.24853667
-0.02298747
-1.76653952
4.28644162
-0.69735460
0.74586602
-21.07981634
-0.77591222
0.71058190
-3.23760681
-4.41695118
-1.63480570
9.54007218
-6.36893628
2.67505465
6.23602209
3.69764409
-2.89812749
-3.01232338
11.77191087
1.08562343
0.89501931
-1.52617252
-0.98712081
-1.49293311
-0.36939030
1.08052051
8.61995280
-12.56453803
1.89367003
-2.96461116
8.03135100
-11.40480888
3.00939918
-1.03138697
3.02190397
-0.19450319
-4.07130045
-0.89897655
-6.51563090
-9.01733989
-4.70167352
-5.68857572
10.18601546
-10.21226557
0.03231235
-4.63711885
3.75093493
0.62844606
-0.02315208
1.15560467
5.46928249
-0.98608316
6.07517064
8.10232494
2.83608052
1.74896221
16.27069032
-2.78070441
-12.65032256
-0.73241598
3.75730480
0.83751088
-1.74905311
-1.22330415
-10.64569925
1.42204339
4.52921979
-0.53298794
11.87136519
-6.95356963
-8.83904433
23.51675437
-1.69680449
-7.56533520
-15.02192659
15.71495710
3.51928211
3.42221683
18.64833958
-0.69863098
0.01170826
-0.96598848
-0.39240755
-2.87105526
-1.75282624
5.07853357
2.18832818
7.48744428
-0.00470161
-1.32462717
-1.17770704
-7.32138931
6.42231567
1.48502519
2.04884238
0.24714261
7.24206944
7.86040455
3.10168573
-12.77470597
-12.04161404
2.70303664
8.96425250
-7.06221405
2.76540512
7.47813658
7.62808161
-0.68736032
-2.79683220
9.77397512
-2.70301584
-0.30228355
9.24317790
3.74655126
0.55993712
-9.15784638
-0.95708813
0.04252410
-6.53394206
12.04268556
0.13490840
16.04997658
0.16249015
14.03993304
-3.33346121
-4.10198012
1.87117523
2.37658160
-10.20428687
0.24038728
-2.94482558
2.56080917
2.07451293
-0.00490032
-3.81482205
2.26032574
-1.41263776
19.25866227
-2.51035708
-3.04975039
1.96139740
6.71649828
-27.61748669
-0.90877187
5.78875683
11.88043397
-13.35558268
-3.23163652
6.32385314
-0.21927848
-1.06506186
-5.73022995
-4.66299142
17.12754988
-16.42252734
13.74088512
-0.01111121
10.79645297
-1.48526860
0.63743138
-2.69884140
2.70588264
-5.76317723
-18.68023922
4.33997128
1.32925711
-1.57487455
9.64947742
-0.88676956
-3.68005009
-13.22989316
-1.66588377
5.10314757
-8.67048562
-0.02996065
-2.76400091
-7.88250813
2.26580026
-8.37426331
4.97450749
-10.71477506
1.64872601
8.82296902
12.08056801
14.79862910
5.61039526
1.71759660
-5.45961236
-10.94866705
-0.33019033
0.66765783
1.30528903
-5.10279317
0.62666936
0.93897478
-3.01491428
-0.76443310
-1.65180790
-5.49472054
2.51970954
-5.29763098
-2.26101660
-0.27723837
-5.73272403
4.23677412
4.80766993
0.22545855
12.49677552
9.74758622
1.36309337
3.77191809
-0.49717244
1.74134160
-0.28549082
-5.86520267
2.05363631
4.23489155
-3.99206154
1.20439190
-9.70908032
2.18517636
3.70039381
0.35852479
-2.40712523
-8.16395936
-0.65282910
-0.06249534
-1.23505667
-4.15265847
-5.88579083
-1.90233073
-3.22028730
-6.35369634
6.92987519
-10.91161813
-5.47600284
-18.59230794
-5.45565593
2.33057687
0.76217154
3.36451373
9.94178587
3.31683032
0.07951586
4.92063726
4.51322333
10.10011469
1.36140721
1.37628022
10.47652022
-1.38746660
-1.68477350
-4.71189454
3.38079618
13.43789542
-1.46244825
-0.80467798
-1.14447727
-0.01074454
2.51202322
-11.27377500
-0.06071069
0.07484804
1.00513396
-17.22828070
0.42188793
7.57384748
-0.09199936
0.44899791
0.87057147
-4.65178287
0.46287539
-0.29646666
10.97312786
-21.04150240
1.63873259
-3.09824208
-5.85127464
-7.53608118
-0.22111791
-0.86861409
3.28691605
17.12285762
-4.48380137
-2.68599405
-2.25054299
11.45610274
-5.15533562
2.16423216
-8.22308973
3.83981680
5.03742236
-1.15740322
4.02107190
3.95043761
4.96952227
10.33686065
-5.35653921
-6.04181760
2.96440861
4.81155744
-0.48631170
0.87459503
-3.76834175
-9.90365362
8.97919245
-8.39097571
-13.96731404
10.19049966
3.78772728
-20.21964593
-0.47257636
1.89037079
7.69053369
5.00783022
-2.81418968
-1.06249582
-0.76356907
-4.84658971
2.94868584
12.73697261
-2.89246469
-0.44588596
4.76283225
-2.42450559
-2.07858086
-20.42998667
-4.07407766
4.37808676
2.01599081
1.70659370
12.66575746
-3.82695690
-0.22565503
-0.13323735
-5.77867384
0.53448087
-18.59553963
-2.90502604
11.29541692
1.85268664
-4.73557332
8.12507944
-7.51617269
7.18128719
3.48142813
-2.17463314
0.81883119
-4.48809214
6.37918553
-13.47377004
-9.70553146
-16.46432306
0.70597965
-1.09034440
0.01635124
0.09006116
-0.21027937
-10.08828473
2.76141948
1.33998131
-4.51940655
-6.18278954
6.34562531
6.30090894
-1.52983259
-0.41310632
-1.75865211
-0.42152596
-8.67279732
-0.44428851
-3.67196586
0.05520843
-3.23332644
20.11619039
7.72409353
6.12801522
6.89038160
-10.88200873
11.31864050
-17.33526543
-4.55407419
3.55851368
7.00474140
8.68470263
-5.84362371
7.99047028
-14.49061240
10.22873924
17.90359970
-14.98773496
8.37425245
-7.18395217
3.47346405
2.53196076
-7.05674813
11.82931460
-0.58681182
1.55781830
0.00282199
10.20211141
-17.83188056
13.09396515
-0.00509773
-11.56145051
-7.98968868
-15.76696787
-1.29468664
-9.65652292
-14.55398574
4.96869829
2.97097976
8.82651331
3.45177502
-3.36925478
-5.13187237
-1.82028947
-0.53309028
-10.94510472
-15.01759954
11.31097324
0.95522919
1.38895538
-0.00191625
-0.11572044
-0.20070308
-1.08629644
0.22599442
3.18428300
1.23867810
7.47003879
3.07713953
-3.64100334
10.73571990
7.01327184
4.32137306
-13.44809515
9.84145494
3.60914324
-7.49169342
-1.95260362
-4.50647218
0.36978177
4.14106269
-2.26120612
-5.35423504
4.74349238
2.30843081
-1.62007816
4.95842833
-6.38040967
-2.18622921
-2.90796482
0.74126969
-0.21312395
-1.75331937
2.72152371
0.03775244
-0.00263652
0.46530003
1.24323729
0.23345962
-2.58263490
-1.16864575
0.20095837
-4.44627723
4.13867043
2.46265045
-0.00580603
4.60743432
-9.36337828
0.77630408
0.06990156
13.00038372
-5.59765726
1.16759462
-5.30270122
1.03303063
-0.01186375
0.84855557
1.11597029
0.49270532
2.78930836
1.62642224
3.47157906
-4.23617931
1.98059954
-3.79693363
-1.30912246
-7.51705948
-4.97379014
-0.71978976
3.33790819
7.07855977
0.00276917
10.55981104
2.67784302
2.10713017
-3.17727192
-0.80024288
2.49929481
-2.76267858
2.58561942
0.20621413
9.45801401
-18.88881367
7.44311379
-7.23377760
4.98743436
-0.71721649
-4.96893234
1.43903304
-1.70907737
-14.35969248
-10.02120193
-2.42187157
0.91941753
7.76185676
-16.17994117
11.96918178
-3.04132312
4.04714944
-0.80890323
1.41435356
-0.94141127
-13.46101302
-4.06619434
1.36155852
4.86709992
-1.55195012
-2.32825323
-0.61195680
-0.78606518
-3.80442817
-3.99039757
4.89295981
8.37339594
4.15545637
1.52750798
3.90208342
4.39538603
10.76194696
-0.27215169
-3.38979706
-15.74714198
1.93341965
0.76057351
3.74012005
0.90942824
-0.74933385
-7.84571803
0.72374613
-3.01627581
6.56955038
8.32687003
-2.75513192
-1.64508241
-0.27800366
-4.28624510
0.02370285
0.46282365
8.88306629
-2.61493787
0.55384678
4.36468691
-0.01419836
20.29564328
1.36538839
-6.63020085
