0.68631984
3.68243785
-0.80019968
-2.15750304
-1.39827012
-0.02684463
-0.63989708
0.64617685
2.94010028
-1.65049748
3.69586656
-1.35568666
-3.48586492
-6.26239826
4.63790654
12.76639788
8.68430494
5.25667221
-3.74103288
4.17103298
-8.53577514
15.78481414
-1.21874196
-10.26232767
-5.65877105
-7.84919823
2.85862484
4.00693261
7.84844436
5.24633403
-1.16450243
-0.27864849
14.92171467
1.06036490
-52.17925610
-1.71828840
-6.66063598
8.57992081
-0.26136708
-0.41995367
-13.12636564
2.35298149
2.27755492
11.35349991
0.66860948
5.40742903
-6.27247995
-6.83225521
13.63861843
-3.99919339
-2.84432618
-6.59320987
-18.15839881
-12.16445921
3.72631461
1.85215954
1.67523630
-1.88515801
-5.99442165
-0.01887243
2.68019320
-9.11731183
-8.53111563
-0.42230296
-2.65638385
0.94624201
2.01424263
3.39908876
10.51986991
-4.02084949
10.63971861
-12.39629811
-2.08188836
2.58835897
5.68864954
-5.79249501
3.01185479
-10.55695017
-2.26195805
-0.00648789
2.35424705
2.31393830
-4.92220985
0.03847811
-5.71205521
4.32734264
-2.41609759
-2.96296416
-9.08289783
9.39367506
3.68123727
-19.20073533
0.30878947
5.67456081
-0.91041137
8.36229914
1.58831380
5.59943798
0.45215141
-15.93578254
2.86050899
-2.53302060
-11.01699703
-10.77422146
-7.72202890
10.72334407
-4.43482876
-1.79639937
-7.10163500
17.80777107
7.08497792
1.23485277
0.20717832
14.40787199
0.34484525
0.01495610
2.78496124
4.58128077
8.06923598
0.74121765
1.42314431
10.34011411
-6.47622115
1.05883215
0.30347900
4.63900216
-7.68713065
-1.31527685
0.06218146
6.68027472
-1.54476283
3.70273243
1.09590074
-9.01283079
7.54018815
13.83808060
28.52898951
14.89899672
5.55443675
-0.59345425
2.95999437
0.03829692
3.80321699
-1.08120015
0.01854028
0.07152869
-6.22919971
12.52240929
-1.16652700
0.87595862
-3.07704015
0.02490521
8.95600992
5.96658448
-16.63726266
4.75103728
9.87308653
-1.62014970
-1.32574437
-3.07391215
-6.88693592
7.73947777
-8.61824014
-6.53260550
-4.93847822
-6.20310140
-5.39174021
6.16558306
0.58750711
6.22461914
5.24896184
-6.99766155
13.65711858
-0.26328892
-3.66376019
1.41515922
-4.81592687
-9.06126102
-1.78430566
2.66456053
-3.62398529
-11.13183485
2.83530262
-1.60887155
-27.63686306
-0.68466914
11.52467477
-4.90723337
6.84802428
-4.08850847
5.32056825
-0.00213759
-1.70175404
11.55287077
0.02236601
3.13005854
-1.82524986
-0.84532804
-7.12782363
-5.58722436
3.56455551
-2.25235847
-7.03308055
2.19456595
0.60097706
16.11000325
0.69696712
8.97626691
-9.40227178
1.19092809
1.88860904
9.19952218
-16.02943373
3.24089170
-6.03679696
-0.08013031
3.01777460
8.66921346
11.77111651
-4.02121100
0.00553032
-11.37452983
-11.68166254
-7.73118279
-0.26384733
0.05127310
11.39019903
-4.47860326
-0.66881328
0.58737083
-3.51831720
-2.14688173
-3.90841677
-1.07828095
-5.67396028
5.27833295
-1.72432811
7.76974705
3.41137066
1.70319419
-0.48040547
-2.41618738
-1.55503158
1.77800542
0.51813740
-5.16897594
1.30430418
2.63523462
1.37464417
-2.36730617
0.89818828
0.09490441
-10.58078463
15.86232189
-0.19366821
1.78698704
1.32310114
-0.06417813
-4.78876371
2.25267366
-2.71287757
0.00421210
-0.58628132
0.61799317
2.24192988
-0.84934263
-0.50659491
2.79553848
-8.10333181
6.35838696
14.12057713
17.65655624
-33.93895149
-31.23421003
-9.87786637
-10.61110678
1.18605369
8.48325163
0.71889288
2.36121892
12.14807259
-1.52732869
1.47275246
1.01668332
-0.09523335
10.97382312
-1.74529207
5.29344358
-14.54410080
-1.28773726
4.03130545
2.47701644
-0.01330776
-1.26948973
-14.81531245
-12.50406525
5.00595242
-0.06768079
-0.23640215
-4.97084085
-1.31045496
0.98208120
-0.09962082
-2.02814170
-7.96718789
9.36794798
5.56697166
-8.11232366
-8.37159819
23.41517065
3.32027199
-8.88247501
8.98904612
-4.91057524
-0.32639498
1.28526031
7.17558629
-4.62259719
12.92740640
1.64638028
5.96115114
12.90781444
-2.96497322
-0.49670226
-3.71332132
5.79684312
8.10328645
-8.53027845
-12.90775171
12.81431643
-3.92467936
7.30830406
-12.34707474
2.13547337
-2.04411345
9.76086378
1.17548943
-0.00666136
12.24013223
1.11262664
-6.06716856
4.49784381
2.40977352
7.67183410
-7.88643647
-6.82434142
0.00975276
3.96473999
-1.26751868
-1.80934560
6.51926894
-0.81929256
0.11431445
3.64306347
-8.71980763
1.94307413
-4.03668291
1.80772821
-3.79316608
-3.66297515
13.14888614
-4.52866905
29.73337655
21.15139981
7.39259117
-2.28835094
11.71964677
-8.32304354
-2.24428690
-0.91170539
6.13239861
0.68206398
-22.18239900
-6.31860726
5.01943418
4.95041737
-9.36500930
-1.05801109
-1.26838641
-1.65636075
-3.68762627
-7.52403943
-3.56915846
-0.22364553
10.06473523
1.03595673
1.75866250
-7.35754859
1.07303300
4.19005194
0.20153188
-1.23638271
7.62238578
7.28572176
-3.40978064
-1.83628657
-0.30422253
0.26208590
-2.77532726
-0.02659223
0.01779331
2.70103307
-2.18507212
-0.49332089
3.72113082
-0.31653240
2.70750283
0.32357840
10.42117064
-21.85740742
-6.39262593
6.17384251
-4.31952588
8.82547922
-4.31891040
1.06137442
-1.61760839
-0.21542600
5.85691433
7.34166139
11.28717620
-0.57086516
7.65825626
-8.88142094
-8.15855565
11.44286635
5.98888825
-3.67392360
-2.67302900
-5.13562957
2.58394177
16.74097870
3.35376309
1.59779419
-0.00728156
3.65358524
-13.95338170
-18.85546392
-2.36157189
0.30860340
-3.62377567
-12.33395520
-5.35651228
0.30577350
8.50770915
12.16640704
11.82640477
0.00203957
9.90502745
-2.63472499
-6.19256581
-0.33172190
-4.56834546
-8.77635799
-8.94921137
2.43477633
1.70197247
-3.18512737
0.74429999
1.67462257
-0.39720443
-2.18715452
0.09047108
0.99783290
1.23222551
0.63604813
-0.01377306
3.76936736
-14.92674925
-3.99826683
1.27948046
11.16919940
8.89105995
-6.13790571
-7.97898412
0.63077457
-3.39654183
-1.00970965
-2.73273462
3.10662975
-0.80326155
-0.46673651
-0.16668589
1.30318372
-0.77084350
-0.37293596
-11.32961244
-0.98299446
-0.31461096
0.08631985
-0.58105073
0.01556742
0.48151355
0.44763507
0.06200050
-1.51679494
-5.15152637
-0.71018763
-5.45526592
3.22251807
-0.70664124
0.18056326
-0.59948174
4.03759275
1.50311391
-7.94203384
9.34781314
0.86644932
3.92010178
-15.22057888
0.04338807
-8.13678714
0.76872062
0.00075962
-0.00183852
3.07383698
-3.45675008
-7.26487202
-1.56983474
-4.29422545
0.44793501
1.96016422
4.80593962
-2.28651915
6.08212513
-2.04308166
2.10002579
-0.02041817
19.27548783
10.95460573
-4.87060770
0.41880896
0.41181184
5.69751487
-0.00708618
-7.36135609
4.46421983
-19.01143061
-5.22059243
-2.12344039
13.56623622
-18.21042312
-11.91424816
-2.69113248
-0.20579395
-13.48925097
52.02435344
-0.34946928
