16.91438117
5.99898894
6.77484068
-1.56475081
-2.10742740
0.18582368
2.97284281
-2.41971891
-1.38426471
1.79646155
7.63426956
-1.02814901
-15.69201794
5.93562118
0.95696264
0.62347019
-9.78130189
-2.80054149
3.40096353
-9.85389151
0.91794687
8.39369799
7.49259877
-12.55916348
-8.34475371
8.44408173
15.57778275
9.89206505
-6.30502110
-8.79985968
0.13924627
0.16886068
9.51217290
0.16653477
-0.46257778
-2.06858946
2.93996887
19.55898356
0.01371732
1.50568523
4.86672406
11.21806379
1.78030383
-2.94928358
-6.40551284
12.13709397
11.75575407
9.96819510
12.42003194
3.60426161
8.23542196
-5.52056525
-1.67044996
9.52415172
3.81407351
1.43790899
-2.46487001
-0.57908973
-6.17342634
-0.39276117
7.65174464
11.44248391
9.77822849
4.81520161
-0.40078203
-6.95357136
0.66971674
1.51886850
-5.59959116
3.46594630
7.84524758
-7.60143728
-2.96645033
-5.85310138
-13.40819371
-13.07960062
-6.11938611
8.25087251
-6.93267151
0.57190961
-3.40804254
-0.65516490
1.93144705
1.44672669
-12.15316284
5.96847373
-7.28180843
8.87376561
10.08980161
1.13134152
-0.14736421
14.77082404
-0.76247410
-12.41548566
0.37760980
4.50540243
1.00709611
-5.59164904
-0.51205737
10.78716410
-0.43178003
2.41245875
12.57576248
3.74335721
-10.56248690
-21.52466652
13.86312777
5.07680654
-6.82908575
5.55884597
10.24399394
14.71778166
1.81305301
17.19297645
0.67764003
-0.86298211
1.06691013
-0.14976163
-5.67532608
-2.32725145
-1.92674373
7.18551893
7.93002801
1.16405203
0.37536223
-2.67699776
-23.53725585
10.89992558
-0.39268313
5.90453506
0.31964500
9.60422207
18.04245631
6.62002494
0.54416878
-14.33322052
3.02105555
-21.95962354
-8.48808254
4.32266297
1.75441622
-0.34515795
-1.59778154
4.57859681
3.49400609
-2.39095936
-5.87732640
12.45968594
1.51980931
-0.45577036
-2.89760029
-2.57376089
-1.89163778
-4.38647321
-18.20279702
-4.84075704
-15.82377288
-1.32438028
18.88327868
-3.22844254
2.89446854
2.38046669
-14.22110098
1.47927230
0.09246687
-10.48336177
-7.11351258
-1.48369342
0.43902437
1.96512989
2.34402763
-8.05211717
14.14727270
-3.61781727
-1.31897264
1.44104981
0.06588487
-30.27385230
0.26168203
-5.32099985
-11.86373545
-11.53037709
0.62606341
6.14000356
0.70913042
-0.72090958
-15.14909721
8.95491805
23.15873252
10.22815807
8.21847504
-0.21273988
5.01963687
17.01663759
2.29937231
-0.72129267
-0.84204564
-13.07819193
-12.10465633
4.10629221
-1.88918965
-4.84470105
-2.13844866
0.66018598
12.27249090
-5.18178259
-2.13977920
3.65451943
-1.08545633
-0.79810750
-1.89823207
-4.24314091
0.37465552
-7.42756221
7.06533332
-7.22059336
-1.29101057
10.19639288
-16.42293976
-12.22888706
13.30877561
-1.36113908
-9.72137482
-7.23830534
3.40843273
1.52569123
9.91005652
-0.20182912
1.03273305
0.50234425
-1.57892341
0.88550910
-2.32126861
-2.13531545
17.10487015
8.41664486
-3.31384646
-21.36225873
-2.41401730
1.56086404
3.47669136
0.94368772
13.68905434
12.57364345
1.25038135
4.80062728
-0.11743673
2.14920642
-1.26094177
-10.57933666
2.24019192
3.89469654
10.68346662
-0.18714313
11.09513580
11.71473770
4.63496681
0.92807385
-4.15024505
-9.52573286
-1.84028706
-0.00528581
-3.98782611
-12.32600953
6.83395091
-4.30099801
-4.31893645
-0.55772180
8.07884283
-16.42218378
-6.62029558
-13.51631039
-5.23433136
0.72605538
0.06162250
-4.31845946
11.97504573
1.97706510
0.08247047
6.97179618
2.71635281
5.99740093
0.66329402
-1.67466795
10.53277287
-0.49490285
0.02654397
2.51054698
-21.83385765
-0.27720308
9.88502867
3.26128281
-0.08844493
-1.31565065
-5.92394973
-11.12651480
3.31228430
1.83378163
-0.78509342
-5.62532948
0.57276554
7.66318866
-0.00516089
-0.86044212
-3.06003522
7.82429597
-3.16490882
3.64652498
-1.72465872
-1.24077472
-0.11975223
-7.62030132
-8.68709728
15.77613881
0.41269109
-0.17404454
7.55313614
15.45950687
-16.66772884
-6.67560280
1.54772188
1.67116595
-2.13391086
4.65370003
8.80177364
-8.43937047
-2.11586370
1.95564256
-4.24509085
-5.80448560
1.16838128
-7.92310972
-6.30766311
2.96356943
3.94791566
10.09878960
1.75381291
0.71695139
-0.40072875
-12.21511089
7.29063040
-8.89260143
-11.04615891
-4.30689607
1.21613308
-17.23006280
-1.35248318
2.02375979
3.94586413
-0.10799159
-6.30862415
-1.40435955
-5.11098187
4.76407785
0.16029894
22.85857535
0.45880041
-1.30992097
-0.45049074
3.00067618
-12.80027826
26.98645079
-1.86109963
2.28553200
9.47835662
-2.08667719
4.95325940
-7.66085947
-0.35188569
-0.84070702
-9.09501280
0.21853130
-24.24585337
6.54281605
-15.10136307
-2.48743670
-16.36336007
5.59574857
5.09978972
-8.74251091
1.81972123
-4.20779197
-1.28452118
-0.59341179
1.14406495
2.64959048
-5.87472745
-13.19492213
0.52528692
-1.32461910
1.42418852
-0.02224140
0.32911510
3.27696167
4.38040744
1.65341946
-6.35645897
-4.04834546
9.00969639
8.65333569
-2.33920846
2.92519613
2.40465340
0.01500234
-9.60826472
-3.68038304
0.91101549
1.20472054
-0.43086712
-13.49805576
13.29949286
-15.38354542
-1.28403035
3.67560998
18.07737068
-5.09939795
0.21053919
-0.34041345
4.21778462
6.79914880
-0.28251758
13.55347941
-14.98308900
6.78209996
8.64267183
-9.30069149
10.00150634
-6.20334289
2.79377971
-3.52445942
-4.10131456
9.42321133
-2.93623821
3.59961244
0.14421799
6.31280645
21.34129536
-1.23947737
2.54151377
1.60651585
-9.88525040
-9.19164599
-5.15809338
-19.18717986
-17.49499139
8.36894448
-6.25843207
0.54471674
5.43084177
-3.07541707
-3.59316640
-4.31423065
-3.90789547
-13.53581928
-1.82334154
-12.52968999
-2.92580941
2.97154368
0.59797666
-0.16610151
-0.46856528
0.17617158
0.59175317
-4.77038224
0.72692628
4.32057248
1.29732046
-0.88719931
-10.46166521
-7.66829931
-3.16626072
9.19868734
2.27634973
13.20097558
2.28138781
3.53162297
-4.28328155
0.33941574
2.06652320
-2.94511665
-5.76712001
3.08216550
1.45945760
0.25324810
14.45048614
2.46843967
-0.53763540
-8.79603180
0.16780762
0.66157599
-1.04236246
7.68704058
1.16946774
-0.00510943
-1.35967788
0.42430700
3.85627302
-4.09645099
-2.84227614
2.64471196
6.19364339
-1.11634111
2.48012350
-7.42626654
-15.15814236
-2.04476754
1.52988028
-5.46103937
0.76898108
3.24242551
-15.58312334
-10.03209130
1.96760004
1.19480474
0.72835605
0.18607722
0.28052355
1.29501340
-0.24984399
9.96257577
-5.20043254
2.77601367
-4.88811193
-2.54309563
-8.15731616
-1.75703948
1.54967695
5.09707207
1.40268051
3.42123569
-18.80554498
-11.00091811
-5.21301197
-8.46425336
-1.17283514
0.01228683
-3.94336422
0.60261888
-0.45441782
13.87911638
-15.18302560
16.46393199
-12.24496226
2.89099727
-1.21702966
-6.79742406
0.83665363
-1.41369679
3.27712032
-12.06876166
5.16933659
-0.11517423
1.54592926
-11.08451169
24.28932081
1.66703978
4.59440610
-3.77992777
2.42335050
0.60510498
-0.41455558
4.00911618
-3.33681142
-14.37003106
-4.43890257
2.13503660
-0.25880432
5.05425636
-8.65378194
-4.81614497
9.80528978
11.49149926
-3.10941514
-1.67813424
1.40054608
-0.02325745
18.31367903
-12.34314774
9.94175663
3.60991911
4.47339648
-3.19562172
9.11223323
3.00101188
0.01671885
4.48055402
-1.36524721
1.25647402
-7.00941243
8.56913765
-10.60832737
8.02575472
0.71080879
-2.41061605
-5.27177731
2.97422528
-3.15991550
-4.26481926
0.00055765
-0.96181754
3.21269784
14.40496355
-0.41554658
-5.66181423
-0.01149424
1.56854485
2.00486657
-0.51917510
5.60487417
0.06094342
-0.28288984
-8.94015697
-0.67069632
6.75140513
-1.99346341
-5.78972887
-8.80920082
8.93529399
14.32194645
23.93732793
-0.89297389
4.76581920
2.08219762
1.71796181
-6.61233189
4.46259233
-6.46521757
4.95160058
-0.13447943
0.79596596
-0.24398025
-2.08383611
7.74342010
-10.84505074
-7.84966462
-5.83032788
7.79392990
3.09887544
7.94564329
13.35667449
-9.98283066
-7.68879760
2.79605636
-4.53935325
