-0.46915524
0.09715891
8.71626965
-1.70129796
-1.52315489
-0.31909591
1.16128177
2.06091414
-4.23065800
-3.35626546
11.24540329
-1.70756115
-12.28888852
18.83990885
-0.05531108
1.64461547
-0.84471387
-0.14004691
3.69149237
-14.76570784
0.77633497
5.01372905
6.70441639
-6.44873374
-1.35080079
19.35588115
-17.49203726
5.71293781
-14.17868761
3.44943759
-0.27388335
0.00749236
3.16078675
1.31270730
-0.30124511
-4.80192779
-6.96766362
5.13249761
-2.54611893
1.97654494
-5.15370119
-5.88164824
0.53246909
11.41274977
-1.41868672
11.77004587
12.11945727
4.82914473
-2.36710305
-18.56395139
4.78523505
-9.00597977
-1.96396030
20.72322883
0.21350069
0.27915087
-2.31735371
-0.27018159
-14.00031136
-0.00646098
-7.24856524
7.11026969
3.87764771
2.26931765
1.15384357
6.58987759
12.83270333
0.90431444
-14.02441900
4.44401844
-6.82895361
0.24831715
-1.41311356
-8.11838022
-4.56557276
-6.78039478
7.32684235
5.96768064
-1.82356394
0.07001519
15.27267272
10.48029106
4.00664821
-0.22574434
-9.42093184
4.27604832
-0.82344392
5.34760331
2.57113225
2.15929574
-1.53183743
10.04737778
-1.00031091
-26.69351309
-1.59893314
2.38053786
-0.45321199
0.90709040
-0.96290281
-9.21816402
0.44332757
0.57232538
13.04725595
0.11981056
3.88616305
-16.65537251
-21.65513341
2.18339112
2.49843686
-17.71913833
8.16647639
13.49285974
3.30607548
-6.09938529
1.66362973
-1.07843934
1.61435375
-1.64446313
3.09104457
-2.39161192
-1.65245948
2.22227273
3.31504190
-1.18286549
-8.28660931
-1.96267890
-4.06662270
-9.72404888
-1.03164088
-10.66999304
-0.75407267
3.12875795
19.74751740
-2.30785140
-0.07061408
-14.18059824
-2.40961181
-28.09564503
-3.60495029
2.35255434
2.11836858
3.73561281
2.96767386
6.19302552
5.31816459
0.25297583
-3.02248844
-3.35159185
1.11035566
-0.46047568
-8.69688575
-0.37115182
3.32363279
-2.21850818
-19.86135098
1.33738639
-11.94078929
0.59965181
11.14296141
3.31510802
9.30643573
5.38485405
-4.88252823
16.29955338
2.72642764
14.84133103
9.22109780
-7.97274177
0.29628110
9.12097558
-0.80027035
0.16475487
-13.58594478
-0.72292814
2.02372214
0.05545278
0.64899453
-15.03481029
-1.16694698
-10.02971574
-1.67940156
-6.74610000
0.82894945
-12.44176388
0.86896331
-0.49486244
-20.02082920
0.88201773
1.89398622
10.90544478
0.54731591
-0.02874729
17.18016613
2.42415972
2.59998310
0.08196956
0.66793307
-10.16031368
-6.81491422
-0.59604289
2.79053967
-2.46116369
-8.66427592
0.34872641
9.97053667
3.66835667
2.07150677
-4.51824998
-3.01504035
3.72421115
-1.51295632
-2.01163983
4.67462969
-31.85861877
4.97858918
-0.58338839
-0.10266676
-8.74436293
-1.00944357
12.01549979
12.94305663
3.17683973
0.93064032
2.73616630
1.20076778
-0.27561639
6.79057160
3.98671516
0.00142161
-0.00650813
-2.12083878
-0.28493273
0.03711308
-8.10063661
5.40601945
5.88773101
-4.14707676
-3.33908575
-4.89257151
3.84674541
0.28068129
0.36223379
5.95923526
-0.43955462
0.87635077
2.61713751
1.16401866
0.26322322
1.03729724
-16.18998536
0.90837633
1.71476960
5.71531051
-13.41478162
-1.55198893
5.02840617
-1.16008887
1.14886599
7.08558132
6.06152181
-1.28548520
0.30752141
-1.09629720
-14.02230240
-0.69737546
-18.52860442
-3.33294283
1.20209942
18.14054351
-18.13117721
-10.14389625
2.23975875
-4.05518963
-0.45915189
16.86177208
16.32993267
20.16894064
8.44524996
0.51141762
2.65165380
12.44385661
-5.60923907
-0.42299123
0.66478634
11.10638455
-3.51025753
3.06273604
7.53265022
-14.52815514
-3.17255570
1.80449897
2.40831472
0.01057839
-1.41206589
7.75929599
-5.53465261
5.29008749
3.07578838
-0.81206170
-3.30768757
0.02579275
15.99579663
-0.00227395
-2.94273186
13.60618809
-14.76295636
-2.75178027
5.55851296
4.40123357
-1.50030160
-5.49659627
-5.26882213
-8.67470481
-10.13431882
1.01701241
0.00139755
-5.14572442
17.13706060
-14.87462604
-0.62816136
1.72082219
10.63255507
-0.12256161
2.23567386
10.18349786
-9.01561079
-4.00513913
1.15462194
-3.20082009
14.42461570
-0.99677280
2.06298849
-6.98083478
-0.08138704
-4.92006315
2.67954305
-0.82158451
-0.00849754
-3.51774294
-11.31073732
-8.94605418
-4.58949309
15.94390114
-18.28063622
-18.29365217
-17.63845920
-0.51253382
-3.23417128
3.17426960
-2.30954814
-2.11120982
0.01199313
-6.05102107
4.16037159
-2.66864292
21.40727838
-1.47201889
-0.51393320
2.13541018
7.74329707
-8.10453267
15.02449764
0.24234318
-0.85376645
5.73044679
-1.71041041
6.08821819
8.39006647
1.03458524
-0.96776991
-3.82401512
1.12635589
-4.95352624
5.22826872
-5.04476005
1.90511464
-7.40124140
3.82622723
1.91860377
2.37702560
-2.49905630
-3.07840590
-1.54601608
-0.73182161
-7.68627562
9.29953319
-0.69155386
-4.01160610
0.51869694
1.24885197
1.72491611
-0.03654170
-2.48148166
1.75528608
0.59149183
0.96105365
2.14158971
-1.18954989
-2.07606212
8.08393343
-0.67391624
3.20970103
-1.75708729
-0.60677444
-3.11560769
0.40422757
-1.55885018
1.42691147
-3.68578937
-11.66431702
24.93587541
-12.87272912
-3.20033478
1.37338845
4.66526375
-5.12143679
2.12937503
-10.55703463
6.28658907
-4.65118896
7.81437467
8.18377807
1.70560353
6.29463112
12.28186675
9.21570848
6.68812216
3.30576885
2.72327516
-0.87607283
-4.94607976
0.67165458
-1.04980466
-1.93846216
0.07583580
-2.55620138
-13.36373243
11.43575468
2.92119775
3.41416372
-10.96250548
-4.41036971
-4.36599020
-19.74373913
-13.36387844
-1.83217211
-0.94156081
-1.87807748
6.21258773
-1.25896748
-7.66613087
-1.15730672
-20.09434617
9.43294366
12.58512578
-14.31916401
-0.28020486
0.35656027
0.87006291
1.06173299
-0.82484847
-2.22928217
0.06530343
-5.82833562
0.27568365
12.24508435
-1.50701685
1.04435733
-10.36019300
-8.21328238
-1.26409591
11.87419689
1.95315930
3.26371513
1.11176756
-0.84680613
-3.38396420
0.19841421
0.80275508
-6.44060867
-2.56391252
2.37341437
2.79519125
-1.40315384
9.22602261
-3.06975022
2.69633062
-0.00527777
1.07152513
-1.93931191
-0.96502982
9.43543599
1.28173645
1.00346731
2.43163280
0.95190018
4.86018475
2.40059943
-6.48264383
6.67628649
0.50768232
-0.76663086
4.19938696
-0.54802424
-14.07539255
3.87131837
-21.94883975
-6.68213339
-0.87305443
9.89933528
1.43396248
-8.91649750
2.58858419
1.31846720
1.72292858
0.25655982
-4.84062354
16.16179588
4.58580188
-15.95982610
-4.33492920
0.18369503
1.34766945
-0.93412830
-9.50820835
-4.20747330
0.18881162
4.01675295
12.27603845
-6.83318820
5.62690974
-8.17454989
-2.15813958
-2.41368824
-0.82753608
-1.88670748
5.66483389
7.68425569
-4.16582918
15.02518487
-11.60104912
22.35946712
-13.36210642
1.98900486
-0.91707967
-3.78154429
0.59968090
-1.67237820
13.14703277
13.53702376
20.70151048
-5.08886586
-7.12461965
-12.34182236
19.38615790
-16.36676979
3.41171660
-3.90246381
1.93629409
1.84308182
-18.67696407
-5.38892180
15.22734783
-1.90017876
-4.97786695
0.58897391
0.37583364
1.41482297
-8.85230033
-6.89551310
10.14547304
9.43744139
-3.41184869
-1.42595869
3.40618993
-3.78735092
12.21991860
-13.00492851
4.34542269
6.87404779
-3.03463761
-2.92627720
7.88527006
-0.09620228
0.01127350
10.47641686
-1.74362231
1.90426758
-8.15638036
1.71880707
6.02016805
-14.52744434
-4.34019150
-0.58438699
-9.51850427
-1.18600807
-3.98524199
-14.95475247
-0.01326020
-18.85194565
2.91522778
8.18403919
0.35384130
-0.35886541
-0.64419569
0.64599500
2.21112444
0.07021852
1.28979273
-7.65084306
0.90892272
12.25668251
1.24612150
1.25144615
-1.96993125
-6.91408622
7.12531820
10.98878490
3.08421820
18.03168795
-10.13174341
1.47571987
8.23496020
3.41247827
9.62286088
5.04989243
-20.59481026
15.67214722
0.08604827
-0.68732475
-0.83159045
-0.67223955
8.73813724
-4.22282366
6.49710667
-13.66470361
2.91478889
1.91538400
13.78148540
7.71244454
-5.31016581
-7.70290196
-7.50612008
-7.71689553
0.04231765
2.23986811
-1.88493012
-2.12691942
-9.17388121
-1.71909258
-5.17011989
2.29669817
13.28085255
-5.47159978
-5.01249871
-20.64849906
-0.06894823
17.17843726
-2.48814624
-21.52996452
0.68030327
-1.27704189
8.22869546
-4.65354288
1.88540155
-9.42644624
2.75099222
-11.48277670
-6.90479984
9.53954604
6.61700837
-4.71735924
1.10421206
0.41378718
1.64051250
1.96140861
2.38078332
0.73709984
3.78094874
9.97061816
7.20851169
0.82520949
-0.05248825
3.23067342
13.94709494
4.11057706
10.12037615
8.24098451
-8.82728351
3.43310230
24.67814261
22.69252625
