-0.99994144
4.09586856
7.92052807
-5.40113711
-0.72239162
0.07882982
7.44249477
-0.02894271
-1.95648994
0.57664431
2.51584394
-3.11403547
-14.69771901
6.35718744
1.69068900
3.14426018
-1.86140912
0.94565934
4.06908712
-18.55960570
0.32773240
4.41737247
6.21416257
-10.58351444
-6.70868163
18.45942958
16.27025521
8.52409184
-15.32631388
-8.56988202
-1.03160672
0.46432596
-0.64200389
0.11153048
-1.01239799
13.55768796
-7.16211288
13.87004167
0.01907226
3.28253185
-14.40306708
3.11190426
7.45785438
4.76547926
-1.57330706
11.33703792
11.15231843
9.15952510
1.14540354
5.76815329
6.81243416
-4.88465124
-1.70448054
18.81569264
12.55859795
2.41867668
-1.47201602
0.02846465
-7.23639879
-0.45360316
-1.45509941
14.18813831
0.69839156
3.25105334
-0.49806347
0.69180326
-1.24296080
-2.42608884
-21.46912303
5.73834694
-1.31681051
-3.42667991
-0.31049356
-3.66800889
-9.41386946
-7.98913868
1.46202358
10.66095872
-4.91334659
0.60648050
19.61609090
5.16508964
-0.71271108
1.59561527
-9.01030906
-6.91085020
-3.63162409
9.69072825
11.99096540
7.07644016
3.96072242
6.73737456
-1.47639985
-24.14832266
-0.24553302
4.51749723
-0.78647051
-5.81025786
-1.40220433
-6.97550814
-0.78379102
-3.10027496
16.71034580
4.44362735
-6.17223965
-18.23020217
9.42607992
4.83244636
15.07977478
-9.39571386
21.32573618
11.76770645
5.50142073
-7.28937356
1.71209254
-1.89949284
3.44314702
-1.00619135
0.85857358
2.24491798
-3.69954772
8.87766740
7.72864737
2.60693873
3.40249603
-2.55898651
-18.40901261
8.10371464
-1.21625927
5.19661291
0.01491391
7.76850862
22.64625386
9.13369605
0.00030585
-13.46710111
0.64392516
-11.34926613
0.68581358
1.45043100
-2.30090814
-1.83375886
-1.96736057
6.77597374
5.81204565
0.48651578
-1.30576222
-8.60938916
1.72755257
-0.41791815
-2.69172444
-3.40594679
-0.68869422
-2.76750874
-17.66326512
-3.77024182
4.93856831
5.59324040
16.08250210
-0.12699411
11.68275947
4.22780017
-9.29223838
-6.28378936
-15.65965085
35.44662567
19.47924677
-3.59640111
0.50781551
6.19806102
2.12400144
-3.99478065
20.09298175
-3.33633569
-1.32248704
1.40634102
1.21452065
-20.33520327
-1.35310817
-8.14078663
-3.97489200
-7.86020316
1.33941155
3.43292416
0.33102561
-0.43843310
-11.03363148
-0.67966037
18.07549417
10.37466146
7.05659126
-0.59284725
-6.36046603
16.89254396
2.62306088
-0.03587899
5.32747478
-9.59776392
-18.01508179
5.03966322
-1.74409840
-3.38416798
0.87719356
0.97985499
4.04059042
-8.95298793
-0.30190132
2.53343562
-1.22841358
-6.26548351
-4.14897507
-1.25966873
1.16104853
-28.79921151
6.43466550
10.79588741
-1.70198351
6.18168408
14.02445062
12.58428921
11.95286852
-3.18701063
-7.64406377
-3.54082213
2.26088990
0.85231895
8.20024871
16.92062817
0.37303659
-0.00644940
-0.65094276
1.09109549
-2.36841982
0.19226794
0.20810724
7.38143388
-1.80055333
-5.82108216
-2.55644108
5.52694874
3.13467018
0.41788854
9.45527244
7.85507168
0.91891176
2.66755809
0.08210335
0.99691056
0.35816208
8.38464403
0.99958357
2.67021080
8.89196908
-28.64739762
0.85959810
17.41109416
2.50462867
0.79940764
-8.26500124
-12.66336848
-1.50636621
-0.01274671
-1.99370688
-13.78296702
2.84997406
-11.99691034
-5.23997112
3.03531049
8.07207086
-18.41675885
-3.61493819
-3.41121829
-7.58464877
-0.12536104
-2.08152978
-2.97002542
11.83923679
-6.34770529
0.49155478
4.89285620
9.39581913
-7.25601429
0.28196084
-1.37221052
9.73425502
0.50240684
0.31844659
2.20996530
-14.11404715
15.67919979
1.00971213
3.17907856
-0.81516114
-1.20287586
-7.58103062
-2.78241272
0.48114154
0.92552984
-2.50133021
-3.52554104
0.35558260
5.80678531
0.00078946
-0.34906272
13.30456747
8.20286532
-3.97435719
3.76520745
2.02658835
-3.20398744
8.57224910
-6.83832122
-13.28128463
12.95464701
1.33185790
0.03362749
1.50585754
18.35083365
-13.29945674
-3.95760321
-12.36721000
7.18142236
-1.81402100
-9.41218340
10.14895638
-5.22977841
-20.42413637
4.22341494
-15.20288668
18.22423633
0.93379783
-2.16228561
11.53567911
-23.93544184
1.07697444
6.15033489
1.94566356
0.28398776
-5.34984089
-16.51653374
5.71456813
-8.98955211
-18.15349587
1.61988218
29.28502986
-16.38827221
-1.55126415
3.45783375
3.50973050
-4.81235229
-7.19721824
-1.05376136
0.43766721
1.42291969
2.70084351
20.65280914
-5.05448833
-0.08734788
-5.46854562
4.54840304
-4.23785405
3.57231999
0.13037588
0.48985346
17.57174423
-1.85930097
3.85387349
-6.01168180
-1.58254228
-0.44264920
-7.75165941
0.00455529
-22.64525075
-0.04950101
-5.22186113
1.83288808
-9.60986560
5.84540143
-3.12077391
0.58768425
0.17720694
-5.55575618
-7.72706995
-0.89029415
2.79789298
13.42728796
-3.51933088
-7.67623265
0.64853910
0.72606116
8.61546824
0.91185643
-4.00101303
-0.10785373
0.87987042
1.98844596
-0.28843740
-3.63097933
0.31051375
7.89774766
-1.34745979
4.80005187
1.97790241
-0.30690326
-1.79018714
-1.05054785
-2.02232602
2.64259526
-1.97428263
-5.04833466
29.82028356
-12.56288439
-1.56619688
2.20438742
6.75232063
-10.74017130
3.57640966
9.12375701
4.78104477
2.71542267
-1.75432963
11.30597060
-9.85490694
6.78746540
12.27672831
-2.44526336
11.38047813
-9.56963325
5.62255055
-7.31949980
-5.33811846
5.20199884
-1.30315416
0.51877209
0.13913739
-19.82420215
-17.22137435
5.21769389
1.03266333
-6.88980422
-11.40077172
-26.93301240
-4.09004423
-19.79205779
-14.74175474
1.80063416
-2.31852338
3.62752990
7.38863683
-3.73709134
-8.36751858
-3.64487538
-16.08878941
-0.85168363
16.33355821
-24.08286177
-1.79817517
1.67224826
0.87880453
0.92347882
-0.28660205
-0.34653216
1.59448403
-5.21068568
0.72920083
4.99637841
2.09367484
-1.56815993
-11.38397699
0.99051400
15.47131922
8.80449688
1.15809813
3.24966021
-5.03683029
-14.24699590
-6.67887673
-1.96907713
-1.56872458
-5.57368965
-5.25329493
3.89208656
0.49448919
1.13706836
8.88636260
4.24080825
-2.12237488
-5.64569845
0.55413617
-1.75144730
-0.62984042
12.42061718
1.38167549
0.05567876
-1.73677787
-1.12722534
3.55851788
-5.02297247
-2.72031797
-3.27022980
3.99003733
-1.20719657
1.52430089
-2.53050750
-15.87094532
2.43086748
13.47075933
-12.99671866
-1.28004512
-13.22095083
-10.41843264
-11.13178348
2.01408372
1.94829673
0.65521948
-0.15785313
3.33676584
-7.69098111
-0.03802504
17.30238003
-8.16393215
2.34263555
-3.96163341
-2.49186900
-8.46632552
-2.61826323
0.85767911
3.90185281
4.80314273
0.03601513
-1.73999014
-9.92551902
-5.10310313
-10.95517723
-0.67696522
-1.22495981
-1.91621713
1.60586106
0.76445457
16.38706772
-6.40833758
16.60523158
-14.77931564
0.82147244
-1.00236825
-5.85672848
2.09770874
-1.42513452
-10.77380466
-16.26530393
11.12752294
-5.52779170
2.08678351
-10.86088389
14.89438429
2.26675280
3.82325182
-3.94434039
1.34489253
2.32004233
-12.70466083
10.09753765
0.57220908
6.70579243
-4.91999700
1.03551915
-0.20155776
4.94313423
-8.66763904
-3.93497992
10.45730946
7.38254573
-3.65579420
-2.42426507
2.80145139
-0.03017587
13.83380471
-3.59460471
5.06466628
-11.79958160
-2.06969875
-3.60546143
9.18710229
-0.88341704
0.01187214
7.46447775
-1.52342731
1.42452622
-5.95375119
4.07108179
-1.88105554
-6.49232670
4.58279735
-2.21900595
-5.16478000
4.81503111
-2.32123411
-9.25174093
-0.10610096
2.78658076
2.53461068
11.13020337
-0.28733958
-0.63404731
-1.92027340
2.12135757
3.67316371
-1.37927835
4.36815978
-4.08384555
0.86994714
0.52177996
-0.98739178
7.34694394
-4.20152030
-11.00933384
15.84563939
9.74885545
-7.12067409
14.88456878
-9.02382148
4.78924046
9.82827199
-6.89609908
-9.07845545
5.40241060
-6.92901993
0.08156311
-0.00467911
-5.51951263
-1.04517976
-10.58062284
12.46891717
-8.86184286
3.25116633
-10.62258608
4.97027053
2.51282823
6.74625116
9.49407783
-3.35492072
-12.82517649
-1.35689152
-3.11448082
1.34341838
-7.93626046
1.30774602
-2.40156992
-12.19906672
-1.35258342
-0.35137308
10.06487029
1.07541900
5.14669050
24.27237933
3.64849658
8.81398533
-26.71743317
10.84534745
-36.75057499
-1.33471783
16.98977710
0.96747347
10.00413128
17.04102442
-5.43480984
-0.41898486
-4.91105068
