-8.92142766
-0.00871976
0.86094178
-4.87865420
-2.17458615
0.55995921
2.99859987
0.65061955
2.89513907
-9.63929230
-9.31392369
-1.58635108
-0.13148442
2.31561096
2.82706047
-2.17385432
5.16016591
0.00444706
2.79320916
1.41288618
-5.37223185
-3.33699197
4.07825652
-1.77415136
-5.77124758
8.71356674
-7.54617267
-1.16875746
9.89333746
-4.41261198
-0.59540030
1.97201111
7.05809755
0.17680267
-0.98324231
-6.46874994
-4.02256522
2.43270516
0.00306258
-0.74628555
-0.71565764
4.43089256
0.29408190
2.32160244
11.13946037
-1.93125515
2.70923759
-0.50107031
-13.73953167
-0.51710853
-3.88761675
-3.44108326
-11.34987956
2.06578307
-7.86408161
-0.98416350
2.09124223
4.97522261
-0.12466821
0.46578562
0.29062730
-15.63408983
1.51535223
-2.78704129
-0.99266820
-4.14401456
1.06485348
-1.82883115
4.35538171
-0.34061347
5.92758867
-4.33638035
-0.28823617
3.57704991
13.29834212
2.45798453
0.56875167
-7.64535818
1.52366834
-0.53718331
-7.70806267
11.55202867
-5.73269457
-0.01515731
5.90767714
5.70778662
2.03769588
1.02162906
0.08588926
-2.27586128
0.25355985
6.08806809
-0.38435917
5.75553474
-0.46828069
-0.34730616
-0.61106540
2.55307213
0.33182273
7.18203880
-2.97677265
4.28755196
-9.49258477
-0.12191937
-2.56590226
2.39721760
1.90544137
-0.39490957
-3.24767129
-1.97967224
2.91242213
-4.87442072
-1.82251516
-0.07181506
0.82333397
-0.91425712
0.90540629
11.39782028
-0.77492170
-0.88252823
0.51574805
6.64125228
-0.42828153
1.61736577
-2.08930738
-1.33432953
1.96625021
-0.98468122
0.44091005
-5.42618574
-0.17180905
-2.24803355
-2.35187830
-2.40201608
14.72532008
-8.86674862
-2.70409613
11.67844482
-6.50638346
-1.63142424
-3.91833567
-3.15184675
1.36185166
-4.37053802
3.80404206
-1.66718379
-1.52428252
10.12641594
-3.12097033
1.02453888
0.29167403
-0.79981143
9.17852249
2.08890711
-2.36229257
0.36424798
4.76387290
0.88117914
2.59979968
10.80872404
7.86922695
3.00616408
7.29419068
-5.18950830
-0.90297794
0.27970795
-7.34680963
7.20012403
0.60881527
-0.78034446
-0.06982950
-0.77950176
2.30489342
0.98157463
2.78028418
-0.63937042
-2.56654845
-2.09912524
0.34468465
0.75009803
12.18777112
5.47721000
-1.22667427
10.09790682
1.16239718
-0.24475346
-0.44198647
0.11891857
7.39735711
-13.18454194
-7.14333829
-0.36049049
9.19654866
14.05682166
-0.01173858
0.70892883
-2.21209731
3.22166837
-2.23202010
1.13946162
2.89390598
0.52618334
-1.99102020
-0.76107511
-0.00486695
1.66388728
-1.47555149
-7.66352426
-1.00942599
3.33895639
1.33792389
1.28626865
-0.71718247
-0.57010350
1.09860300
-0.72772617
-0.74318208
0.33066466
-9.57676556
-3.79732762
-1.79295936
-1.73234068
6.45672607
-0.38459362
2.01208333
-0.22678805
-2.22884820
-0.39686302
-0.09947932
0.38036330
0.15763775
-3.24815659
0.70452395
-0.94589797
-9.12727818
2.73296317
7.03963981
8.92793563
5.28988917
-3.87164743
-1.00377097
-0.14755386
-16.11946914
3.28810071
0.33570213
-0.90778405
1.59728703
0.62992430
-5.59037451
-0.02449531
0.00523272
-0.10789162
0.78726381
8.29392019
-1.04108848
2.11628321
1.09255157
-0.00218918
4.07364974
-1.94460503
0.13584827
-0.02099258
0.28000723
-4.23096117
0.68454579
1.52109037
0.28000500
7.23902896
-0.84765455
0.11185361
-5.89791053
-4.62290292
0.64394303
-1.60480976
-15.34155060
-10.23661566
0.36935916
10.99462860
1.64125076
6.85399672
-14.13836310
6.87713931
1.13766600
2.70424080
1.64259741
8.11138224
-0.07891296
2.60593539
-12.08798137
-15.40387649
-2.30869734
-1.57660684
0.01542083
0.00394007
-8.78606793
-10.34133207
5.40588281
-0.09497941
-2.65200325
-3.36498954
-0.96760943
-12.50561432
-0.03410029
0.51846594
-7.33458465
2.97654457
-1.51501588
-1.59260145
-12.06193767
0.51895208
-8.63858360
-2.36435752
4.31902733
-7.46194530
1.11303265
-1.14928292
0.94299879
-5.34409398
-9.26256044
-1.41027786
-4.83346487
-5.99402544
1.56793377
-1.34856634
9.11381629
0.37087537
-0.78623290
0.81608950
-7.82208278
6.17152987
-2.38091700
-7.07086374
-8.68763295
9.16461927
-0.95126836
-8.24677751
-0.02146873
0.44874935
9.00968657
-0.85169644
-1.41440697
-0.00386532
8.09921882
10.58998332
4.28130795
-3.56172410
0.01109156
-1.76559800
-3.56402605
9.80448851
2.21520154
-0.07856674
1.45835085
-0.54709304
-10.77903001
2.37647997
2.91172650
-2.63206347
8.35870453
-0.24116883
9.34161828
-0.59870271
1.83674813
-2.50953367
4.69979087
-0.15660878
6.55024719
-2.49516553
0.74213110
-1.23898439
2.56773327
0.64853138
-0.68799965
3.92513312
1.17063443
-0.00106549
-6.46145304
-1.86017364
-6.53565162
13.18003209
-1.96768672
5.10753742
-2.24844190
-1.61634174
-7.87697809
-3.60516446
6.73390648
-10.00471777
0.79853473
5.47496002
2.36193811
0.00634750
5.71671639
3.28461433
-6.99961315
-5.79713621
-0.01632081
1.16588157
-4.29833424
-0.37164781
-0.19326477
-2.36130813
-1.91433867
-0.65669431
-3.80544412
-0.49397828
1.62803341
0.47463293
-6.96568052
-0.44425678
0.11851973
11.27298272
2.64708753
-0.91273847
3.73952979
0.27843421
2.04727113
1.61981406
-0.60799780
-9.23523567
9.51106640
-3.07638152
3.90153265
4.39625058
-3.75303441
1.18370692
-3.49164756
-0.70604865
-0.17446614
2.46406017
0.24432811
-1.44331672
2.64259477
0.37537028
0.73260666
0.76695830
5.27883949
2.12498721
10.53125928
4.44977077
-0.55205093
-0.89209534
0.37083069
4.62597049
15.56047341
3.68433729
-4.73828952
-4.46806521
