-6.61612595
0.79014199
0.54091129
-1.85528964
-1.17481253
0.59341368
3.09720079
0.06418265
3.31708925
-5.02268756
-8.80985929
-0.42180391
0.04769967
5.50194398
3.95237997
-4.98691820
7.68875020
0.08333681
1.91336414
4.18502011
-4.14738227
-0.92606673
5.73924250
-0.45671249
-5.02608347
8.46842016
-6.50019251
-0.76173855
7.13620589
-4.75738253
-0.00645585
1.16849638
6.22249936
0.30420044
-1.35571040
-4.55433088
-7.50229703
2.66662157
-0.00042291
0.03635978
-7.15026331
3.83156046
-0.95932080
5.79056112
5.82941031
-1.14810739
1.07277632
-0.36881205
-14.67564838
-0.25375972
0.32912318
-3.30169461
-10.85399823
1.08290936
-1.90039774
-1.71297854
1.10442739
-7.63692846
-0.63816241
0.27403847
-0.74276583
5.28498917
4.70029222
-1.40772557
-0.62846049
-1.38683726
2.41466962
1.33159530
-3.35932316
0.11838482
5.56281518
-3.94925896
0.01171300
2.34477791
2.81752607
-0.91801886
0.91540452
-4.58444069
2.16732660
0.08330461
-7.21846226
10.50273143
-1.24912296
0.11124850
-1.98324546
5.28963762
-0.24168206
1.53736258
3.61433290
1.53946609
9.58479288
2.71900510
-0.35754082
11.01108433
0.00420008
0.21243591
0.93425023
1.45657515
0.00298502
5.79671821
-2.45204617
2.46442912
3.12299491
-0.42631566
-3.12269684
6.71017284
1.18247568
-0.63857144
-7.10277528
-1.94318498
-0.69465793
-3.28789211
-0.70595442
-5.01046156
0.21866194
-0.26337351
1.14554120
9.92757711
-1.88803253
-1.10537060
0.99048245
-0.00097114
0.85937991
0.15400395
-1.90300744
0.51730372
1.38096455
-3.04296192
0.53471935
-4.48966243
-0.44542491
-1.47303759
2.52455683
0.53018184
-9.53523396
0.63288021
-2.74808006
9.24311085
-7.15856487
1.56706491
-4.77512539
-1.09874818
5.69397798
-4.63289213
-0.10573998
-0.58387921
2.80082790
11.43814025
0.45366041
1.15035198
-4.47883283
-0.38924582
8.86862956
-1.66409832
-1.18079948
0.09005738
5.14954591
1.10461424
1.95609193
4.48236129
-6.74444565
4.12733413
5.42402960
-5.11723790
-0.93513176
8.14772764
-8.75447960
-0.42159710
0.81760176
-1.48914988
-0.44919883
-0.77755320
6.24743036
-0.31362356
2.17225411
-2.80491051
-3.43335946
-0.78212543
0.10547514
3.56714683
10.58584099
0.97745998
-1.69697319
8.71324211
1.39299187
0.00235635
-6.59367575
-3.56050413
8.61698997
-12.82679264
-5.56126164
0.24894475
9.74645207
13.95291844
1.00284145
-0.16007538
-2.82358548
1.45424280
-0.59557145
0.47974902
-2.24492851
0.59333585
-2.42594544
-0.44455224
15.69496708
-4.72842810
1.24501368
-4.26645842
-1.82220460
2.52510748
4.60306302
0.42567564
-3.94570683
2.55553742
1.55864511
0.67718817
-0.24057125
0.29948924
-8.70641803
0.81552960
-1.48944731
-0.69391751
1.30013059
5.44576223
0.32808117
-0.23951374
-3.15057049
1.42621015
-0.06442702
0.57289150
-1.56645625
1.48120335
-0.37018748
0.57661178
-8.49799097
1.74592707
7.61688974
8.93577275
4.00136836
-3.11411859
-1.37893653
-0.00590094
-6.43242511
2.95206459
0.58850416
-0.77064289
0.61016135
0.20161331
-0.15474626
1.14994314
0.61417789
-2.43137977
-0.31280849
7.24002959
1.01659968
-1.39155636
0.99790925
-0.10342429
2.44483356
-1.84897888
0.90004235
0.15493483
0.39022718
-1.71109221
-0.15535325
6.89265878
-1.13272314
2.65477881
0.54364482
-1.70413889
1.86442905
0.90249108
1.23466122
-0.54374261
-14.83149889
-8.44253970
-0.74111285
7.98223578
0.08697077
-2.37056338
-10.55187867
1.22550993
0.63772138
1.20767113
-4.76827099
2.24433039
-0.50990324
2.82691872
-8.04863504
-11.93167336
2.19607433
-2.57425207
-1.34104794
-1.99874637
-7.56057606
-10.66254581
-0.72415865
-1.30184837
-1.99105036
-9.14840944
-1.36597062
-11.06064193
-0.00180170
-0.96945544
-6.76778690
1.77077119
-1.89509268
0.18886485
5.84564428
0.16688844
7.97181393
-2.48856989
4.86350901
-0.11539559
0.82750765
-1.07502917
0.57926858
-3.45191597
-1.54176835
-1.59953829
1.65804622
-3.84152236
-1.91243614
0.38256500
9.38422762
0.31482695
-0.66627672
-2.14203849
-6.18726406
4.74293693
-2.23455405
-17.68811912
-10.53364667
11.23207782
-1.40391141
4.96998749
-0.00762673
0.50833879
8.27391968
-0.50020937
-0.97308272
-0.83501797
6.07509804
9.40147320
-4.11255585
-4.05975991
-0.36864054
-1.76540887
-0.91983875
9.45190027
-0.30681096
2.39474402
-0.45316767
-0.59817049
-9.98067725
2.08902998
2.24475082
-1.33195231
5.77955420
-2.02504403
8.22840125
-0.11949372
-0.39638091
-0.45668320
2.56162931
-0.12071408
4.90270861
-2.71327556
0.83419204
-1.20161703
2.79872919
0.15915971
-3.37700349
7.53577394
-4.34159793
-3.56577097
-12.99981398
-2.64388591
-3.89234241
12.66099218
-0.89484617
1.94467324
-0.13744675
-1.03441474
-9.25404916
-5.90968595
8.33993651
-10.89705656
-0.00230144
-1.83709689
0.83272265
-0.00127844
3.58743197
4.17538393
2.81291911
2.29275480
1.82193724
-0.08066853
-2.68654430
-0.14668145
-0.86765810
-1.81750698
1.25467079
-0.46304030
-2.93903732
-0.17362099
2.04058953
0.30968098
2.28607992
1.19349853
-12.36645321
-1.99949771
3.54257925
-1.98862251
1.54669474
5.15380426
4.10838618
1.57149453
1.25582498
-5.57118714
8.32392731
-8.09522061
4.90375255
2.25017064
-8.20509965
3.89001031
0.82218130
0.41338508
-0.44740664
2.49166189
0.64559875
2.56805018
3.14959965
-0.41475227
0.23812981
0.44415432
9.58479288
-1.94318498
-8.70641803
0.81552960
