-10.54148202
0.02755781
-0.40712956
-7.11941344
-2.89261586
0.52606029
2.02637782
-0.82195558
3.42755853
-9.30256698
-2.55933975
-1.70834802
-0.79200401
0.27510848
-0.40124198
-1.88236229
5.54076649
-0.01370389
-1.94354633
0.01393004
-6.08982165
-4.07854300
1.64389340
-2.15554841
-4.56767350
2.36059134
-7.83965401
0.86587905
9.98032467
-12.96745869
-0.65320079
1.93920862
9.12212329
0.74332039
-1.24503913
-8.74121980
-3.46094140
-4.68405369
-0.28054093
-5.92841953
-5.45154225
5.38279393
0.48007937
2.56409065
9.16003403
-4.21473940
4.39577003
1.11211409
-9.86292118
-0.32510806
-1.70645720
-2.33507544
15.47023351
4.31467647
5.87891432
0.08173580
0.17188217
-2.83631080
-1.46821340
0.20135497
-9.38375603
-3.79693857
-6.76870952
7.19697052
-0.74394349
-4.13156382
0.03936794
1.34669826
4.42577976
0.48788915
9.25643200
-7.94711154
0.00932122
1.32119043
4.87759265
4.15467035
0.74567186
-4.34946799
0.79307589
-0.22966054
-15.07886172
-16.25635332
0.46739338
0.96127014
2.57845251
-1.64662241
-4.04868311
-1.14404858
0.98088268
-0.00521736
-4.57334632
9.87861346
0.38826018
3.88254100
-0.32331601
0.11849093
2.15170790
-3.01866572
0.65078423
-10.15076536
-3.08984173
4.47297615
-1.06788429
-1.44419728
-5.39710579
0.94675962
5.50158819
-1.32624401
-7.88213438
-6.90765771
-0.86132358
-5.34182215
1.64850087
-5.63928613
-0.06043748
0.00139348
-2.92506793
5.33309257
-1.93151294
-0.82878801
-0.00539788
3.10161918
-0.94805082
0.60889851
-2.05864296
2.14235784
5.30584093
0.27320152
1.06447915
-3.25377878
0.43344010
-2.75345674
1.11919262
-2.12486624
12.75337142
-6.85284141
2.43345188
15.80653743
-6.40260046
1.93460925
2.40563816
0.43492934
-7.10559793
-3.89514777
6.23379341
-1.66952959
0.47087840
6.63972321
-0.20390875
0.15846856
-1.43997829
1.62283626
8.53593436
4.68514262
-8.65938705
1.94753291
0.13680849
0.82791142
0.87316159
11.39757589
-1.45620007
4.82666086
10.27685126
4.34549816
-0.41141348
3.27424461
-7.38933098
9.46490040
0.65539499
-1.47680550
-0.61481440
0.97707931
9.98834381
1.44070403
4.21425839
2.00865615
-1.10239404
-2.26062686
0.38077006
2.29201694
1.55495677
6.70877934
0.59154745
11.78415400
-2.55849584
-0.16571861
-3.22235211
-1.50078977
11.75287970
-16.57926236
-4.65054376
-0.12250662
8.55303699
11.75131702
0.15834140
0.77914343
-3.13621541
0.99219220
0.93336964
2.11144022
3.31922462
-0.24513944
-4.18373932
-0.95438856
2.98355877
7.22381338
1.24676018
-6.14639345
-0.47294705
4.08623572
1.22593952
2.27782084
-3.08133675
-0.26226326
0.56952851
0.20771920
-0.56639821
4.64328053
-5.27093433
-0.90930122
1.26481655
-0.50354731
10.71530013
3.24614618
0.12303031
-0.18551039
-1.26300724
8.50009352
-0.85815075
0.28588927
-1.73364413
-0.51815363
2.15349188
10.69165381
-4.86676298
0.75326433
-0.49604806
9.57954329
4.72564379
-3.91645663
-0.10038047
-0.66909424
-5.65549547
2.19312899
0.01733930
-0.20817750
2.03327815
0.32353286
-6.23229063
1.29777316
0.76493058
-1.48061624
9.32181291
10.76532570
-2.21798437
-1.55975401
1.33865916
0.39940942
6.05701096
-1.26589154
-1.13583688
-0.50189665
-0.00964251
-6.50641940
-2.82407118
-2.71952707
-0.23675608
3.85907478
5.31848683
-4.59758818
1.74720064
-3.22556777
0.78770736
-1.35618744
-15.85997334
-8.75568755
-1.94733345
11.34659508
0.11910009
-3.42384183
-8.17951929
-2.90902987
1.07401302
-0.93653791
5.24885865
1.62490340
-0.47419341
5.39769626
-6.12924356
-16.33881303
-4.85459139
-2.49776158
-0.13896266
-1.19007295
-10.55398499
-12.18432691
-6.48493946
4.91976680
5.84382651
-1.95240664
1.88710066
-8.00646962
-1.15372542
0.49195463
-6.84423614
7.26890698
0.13777486
-5.25051089
-10.37402702
7.21528988
1.91885904
-3.27425880
3.19990542
6.11075613
0.57310994
-1.36457039
-0.26150523
-6.92606686
-10.21558499
-0.22980874
4.03475440
5.54878569
-2.51896145
1.39853657
7.27977637
-3.31156863
-3.68996053
-0.75618919
-8.51245132
-5.94736813
-2.62605779
-4.63230273
5.98125351
4.73021129
1.63032615
-11.77829909
-0.01795900
0.73066256
7.19412773
1.25966571
0.76527259
1.53136340
8.68420412
9.82078614
4.67501302
-8.75761920
0.01336254
-5.80544312
-2.80688635
9.82129304
2.27161181
-2.83743171
2.61359814
-1.83535616
-9.75482857
3.40671331
2.50581338
-2.69363830
11.95075161
0.07616762
9.44091678
6.61206997
1.26432177
-2.75309205
6.51178606
-0.66945406
7.32264633
-1.71074645
1.40057551
0.00681882
0.59099880
1.41245896
-11.61009033
5.76673075
-0.03953731
0.00425176
-12.53556001
-0.11433201
-12.95911115
17.43103913
-1.78197378
2.56350716
-3.06953747
-1.78532452
-5.08103012
-3.07965201
6.34005364
-6.19173201
-0.00422523
1.38174062
2.77756361
-0.00454614
8.20601765
2.42236546
-3.21117117
5.22531198
8.12350096
1.97611901
-8.75849596
-1.00605064
-0.30350375
-0.97161231
-2.00441570
-0.63985862
-1.88399273
-0.80658603
1.66213521
0.52981394
-2.04320136
-10.74087261
-3.39426566
3.01534995
-3.41239936
4.83055203
4.33383092
-1.43742516
1.93979187
2.72348301
-0.65099737
-9.00767721
12.28266221
-0.79367631
4.50185733
3.43342952
-1.23717582
-0.31709131
2.24853745
-0.02476296
-0.06635198
-3.32486279
-0.04096786
2.03672277
2.11414121
-0.41803323
0.35841533
-4.02661065
7.86353606
3.57181746
4.96642588
-3.77022983
1.25412885
-5.88579618
4.13813881
-3.75658647
6.47041105
-5.17046025
-5.18185195
-2.96780656
7.19820528
-1.58061791
-4.51377908
-0.37628507
17.55739004
5.94852413
2.48555173
-12.36490201
2.51485814
-0.06267466
0.56038981
0.17639448
-0.38434683
-1.15805961
0.00280517
0.89733227
-0.16236966
-0.47761296
-1.97258706
-9.66643638
-2.55933975
5.33309257
-4.86676298
0.75326433
