-6.09632457
4.87349435
-0.80768641
-10.34117937
1.35532060
0.15546503
-2.24725966
0.26930553
3.34053010
-6.85884129
1.61206134
-1.77354216
0.62975809
15.00998197
4.72710087
1.89898270
11.08213385
5.96982663
-3.07279280
-2.16427566
-13.82324857
-3.33320507
5.81965439
-8.50797939
-3.03804791
-14.20322290
-8.05994782
4.35576861
10.94716199
-6.29125268
-1.20252704
-1.06715445
16.58528234
0.64054786
-0.36437575
-11.13413413
-5.37632348
-13.65214378
-0.17642904
-1.44669942
-14.06827085
-6.51819834
0.82518315
9.43882199
-0.57269943
7.69040737
5.55161202
-5.75777208
21.60280792
-2.65431017
1.17658025
-8.00179939
17.59143287
-5.42561331
-6.95570724
2.83954007
2.23345440
-2.68052032
-2.72378985
1.08721210
-1.63807688
-10.55886882
-8.37396081
6.55166343
-1.56664770
-3.05136647
2.44814845
1.10325005
-1.72214973
-0.05340804
-0.86107946
-11.03466017
-1.39215652
0.66727133
4.26183886
-1.82324013
1.95585469
-5.31524480
-3.37287565
0.18357930
-26.10006802
-10.53198864
-2.31389237
0.08899484
-9.80287164
5.67758198
2.45482395
-0.98376722
-7.06051300
-1.74914041
3.64052637
8.31713826
1.06707170
7.92478454
-0.27634713
-1.05163108
-1.23508178
-2.49465269
0.50290655
-16.82700094
-2.79545504
-3.54986415
-5.09627635
-6.47070538
2.63809632
12.41169674
0.72686907
-1.50809040
-7.93205590
22.18922794
10.35388666
3.04585837
0.67590128
-13.16349877
0.14950718
-0.00126434
-0.96518455
2.76563341
1.39576013
1.07804876
1.35726188
4.34510390
-1.76845031
0.00481631
1.14681009
3.06020234
13.84133994
-0.09041088
0.90602073
-11.15836616
1.10726892
-0.01201901
-9.47443111
-0.66736436
12.37237759
-1.32500070
1.23606612
11.90663552
-11.64914771
-1.33906180
2.93682138
-0.35105159
-6.91960410
-0.79473168
-3.53807792
-0.98861342
-3.36726937
20.42155012
-0.05197413
-0.14470438
-2.97352413
0.84578781
11.01077797
8.17372928
7.18275245
3.31696705
7.01831944
-1.50609789
-3.39724280
-8.39325946
-6.83027371
4.10279380
-18.34804387
-1.94843245
-4.93871970
3.11214023
-1.71615031
4.20982303
1.33294939
0.89910996
4.73882529
-1.54134101
16.99523702
-2.58408160
-6.50675914
0.30202955
-7.04325772
7.72462578
-2.21642942
2.71064947
-3.30120786
7.03011258
6.33839727
10.87525156
-1.06187958
-0.36563979
-1.13607312
-3.18221465
18.99474516
-0.62326855
6.69529408
-0.11199963
1.68072871
5.88219077
0.00019320
3.10279023
-3.09990631
-3.98066523
-10.12981146
1.07874977
-0.02849514
0.39258545
-5.53964916
2.74216600
14.91779062
13.88064146
-0.24819777
10.27231020
-11.08739894
-1.61643847
-0.07641842
-3.64078515
-10.38896462
-1.18212569
-2.80267808
1.09261191
3.14479211
9.61413330
-14.43303743
-3.08339507
-6.50385926
2.11893945
-7.16616556
-1.92578411
0.38429637
0.00128193
-12.12041056
-4.27104159
-2.61055159
-0.28476744
-1.48802423
-1.65629037
2.07420538
3.10731303
2.85596676
1.89561436
-0.33536406
-2.70388634
2.35714782
2.14632849
-0.26164336
-1.86107488
-0.68221722
3.47896779
0.17792574
-0.02013113
0.46865405
0.18721716
-0.09317590
14.19233525
2.60260129
1.99974504
-11.94498276
22.81791087
-0.11329610
-0.44504608
0.47489616
0.25243149
2.07421865
1.45190589
-2.22772716
-0.06362141
-0.53955807
-2.50171212
2.08277864
-2.05789429
-1.10040865
-0.00343146
4.62182497
-3.90592508
3.86418730
-2.17263470
-1.65891823
-0.45515224
-6.56526632
-13.30195971
-10.23729957
12.70788910
1.31088653
3.92586878
12.39324465
-6.10332263
-0.30092289
0.45010741
5.99173549
-2.42993076
0.27780926
2.26225290
10.33107790
-3.22702041
-1.28102728
1.46383492
-0.21551649
-1.39963541
-10.71486368
-16.20066543
1.11281567
1.31015269
-2.14164290
-8.25378237
1.33259297
3.17305005
-0.45687150
0.44209121
-7.79556305
4.14012347
5.93075201
-11.05863491
-9.84969583
20.64063925
3.58288471
-4.49873290
1.57654336
8.87180787
-0.10619793
1.42727571
3.96864720
-7.14745225
13.75875606
2.11256652
6.67628462
5.78907015
-3.59052891
1.51186293
-5.72381588
18.42893865
7.15148804
-7.51376668
-14.82103647
-9.74876224
-4.82205743
-2.63703353
4.37676656
0.69841127
3.47739842
-11.22992109
-1.11099426
0.06595454
11.78065970
-3.56111505
0.44205628
1.23234903
8.48801584
11.53665891
6.70596770
-11.87534202
-1.44171490
6.87904320
-2.41183031
-3.67964409
-0.14938391
0.80504692
5.64861632
0.99195928
-10.03035438
-6.91037940
-5.37908171
2.31841115
9.39157148
-3.04874011
8.12550171
-11.54883241
-1.41296186
-1.75462782
7.77763978
-2.83229195
12.25822657
-8.92979355
-5.19108264
0.00710405
-2.19231137
0.35544070
-20.53328385
0.02253186
2.71615623
5.27223268
-15.65366538
1.14800499
2.05686280
-7.35863064
-2.18727134
-0.84476432
-4.51918689
2.36346986
12.53792034
-1.49083473
-2.52874643
-15.53111437
1.80449011
2.83150315
0.72371293
-0.01393147
9.16073271
7.87434514
-1.50529965
-2.95089085
-1.68728132
4.86195768
1.28557772
-3.43007632
-0.20535823
-0.12240811
-0.14523466
-0.96048221
4.75517422
0.36412860
3.05875153
0.29907932
6.39193853
-19.42398484
-2.91174242
1.43415387
-3.34817271
5.36324834
-2.64084776
2.12582398
-4.22305335
1.98758948
1.58474820
-5.25624863
14.08764846
-5.81915509
10.64402078
6.45357137
-5.47283963
8.18354155
2.15011164
-4.74402108
-3.29481164
-2.19872912
1.27294913
7.97570948
6.49364171
-3.27985954
-0.00811550
-1.77624335
11.70701421
-23.04606717
0.04375797
7.65174375
4.43739084
-11.88852494
0.13130603
4.64121376
9.29610755
8.15049385
3.66195369
0.34660081
7.54803247
-3.38016435
-7.17118310
-0.45082444
19.26853435
13.74703473
-0.50385425
15.49320067
3.76833387
-1.34262158
1.27584375
1.40622113
-1.06008984
-1.30647320
0.00242042
0.57642813
-0.01132976
0.00296371
-2.08801165
-5.36763849
-17.44665559
-0.36732386
-4.57732351
17.09065628
11.40043469
2.48123621
-11.04634643
1.04416184
-4.83798888
-1.16844228
-3.19452122
3.97527456
2.07869254
0.15537427
1.38569709
2.41372609
-0.09111536
-0.77342554
-8.14164128
0.03403377
0.27162129
2.43776601
-0.55545396
0.02229705
-0.09288297
0.19360115
0.61938280
0.15289419
-2.43531880
-3.71468948
0.92947379
-12.51627782
-3.71187829
0.12357121
0.81231088
3.78999459
9.38463703
-0.63415591
-15.99249902
11.39786024
12.83552807
-22.57836876
-2.38630387
-4.48803195
