-2.24823154
-0.01366738
9.07497555
-1.71086795
-1.03299192
-0.37149203
1.04304414
-0.22756764
-4.07198917
-3.15152983
11.06098921
-1.91069751
-12.45317217
19.05129870
-0.06970140
2.90821306
-0.70153630
-0.11373063
4.27924229
-18.95493554
1.20080880
4.66636601
8.24874806
-6.12294034
-2.06944859
19.85129860
-18.13255853
5.91509315
-11.28465541
3.64263405
-0.26526499
0.02786361
3.03992818
1.25423308
-0.33282486
-0.90224742
-6.75274570
7.42730126
-1.41299494
2.45626665
11.31400227
-2.52775375
0.57494179
12.56742957
-1.20646056
15.05840131
12.15328284
5.06435883
-2.98170377
-18.39105105
5.23374013
-9.09804977
-1.80259519
16.27853596
0.17005472
2.13284789
-2.30755338
-0.20929575
-14.52935318
-0.00627310
-6.29128966
8.79243396
4.23624913
3.20672119
1.15045114
6.94340369
-6.50937715
-0.07087303
-15.62447052
4.69853801
-7.07997439
-0.61600026
-0.16102982
-7.13148751
-4.70262166
-7.03204038
7.35196311
6.09624766
-2.33288373
0.36363123
15.18046815
9.84011536
1.39421896
-0.21806098
-7.88632189
4.88378062
-0.78009794
5.68865740
2.44131577
2.48451093
1.60015388
9.67026162
-1.11772940
-23.33816638
-1.73698959
2.27705455
-0.49127109
0.75006098
-1.06732257
-8.40815300
0.22050480
0.54894092
12.92805116
-0.01806872
4.15499732
-16.53941609
9.52582955
2.22151493
4.17109866
-15.75451573
10.69779790
12.65790493
3.66118680
-5.93130661
1.57775571
-1.17827683
3.00909503
-1.58166598
2.25728333
-2.42841810
-1.76555774
3.05104814
5.32698699
-0.44103704
-4.31980915
-0.71752803
-9.76706424
-12.91754334
-0.96332848
-11.77847473
-0.80940966
3.18525513
19.52762426
-0.70906202
0.16418404
-13.60760300
-3.09039597
-22.00621924
-3.48768278
2.26627182
2.08783391
3.52078848
1.97067350
6.27920092
6.55318120
0.29236492
-2.22044940
-5.51811835
0.91320930
-0.49466138
-10.31645894
-0.46156078
3.93052055
-2.48737497
-19.81420004
1.17378542
-15.11924835
0.75346119
11.20700651
3.43487614
9.12702079
5.31305406
-4.68082586
15.64662134
3.21489884
14.09451384
8.68284811
-7.81857421
0.26203283
8.27347296
-1.43954440
1.13957239
21.40304579
-1.72890358
-2.41642528
0.02432210
0.78728287
-16.05306463
-1.75565641
-10.86072937
-5.11969446
-6.45713546
0.67298599
-10.57015128
0.99296337
-0.08016145
-20.36325624
0.88494515
2.25367336
8.93678453
1.01262136
-0.04186841
10.99415310
2.28613340
2.62321671
0.06977988
1.00140606
-9.83234117
-8.54087361
-0.90877061
2.55051750
-2.63770146
-8.58081523
0.34273010
5.13554094
-0.83316096
2.26625786
-4.22012932
-3.37645247
3.68847682
-0.85035419
-2.30601602
3.85757753
-28.17922708
4.98958171
4.27257482
-0.11018309
-8.49627347
10.59629626
11.85288474
12.93154078
3.14684708
-1.90140066
2.65287499
1.43475119
0.07200089
5.82401819
8.65419792
-0.04296766
-0.00618069
-1.91041503
-0.33567554
0.31366955
-8.86871924
3.99185374
6.37085613
-3.92213911
-3.29884715
-4.98941980
3.74196653
0.27499757
0.27457755
6.45411162
0.82938267
0.88065156
3.99658004
1.10006226
0.15502544
1.18055492
-18.48226148
1.85655959
-0.23732838
3.73572939
-12.11008698
-0.88655465
4.81721872
-1.01344630
1.05737037
5.25087428
4.70972283
-1.85234669
-0.00063523
-1.35036390
-14.99414411
-1.16126081
-18.95324547
-3.86974389
1.83263608
18.27236450
-18.19872426
-9.57697449
2.18156428
-4.79191701
-0.64248996
3.33238313
18.25923909
16.40048941
9.92501344
0.51783952
2.73032021
13.06485407
-2.33202763
-0.65578614
0.46068731
11.37407262
-4.48951926
3.03300037
7.38263941
-12.00631263
-2.82422714
2.09234837
2.70550003
0.01021580
-1.41424053
7.62467285
-4.46562698
5.37629974
1.70232244
-2.04474842
-3.41658022
0.04771309
15.07515141
-0.00207478
-2.10203635
13.44436137
-13.88638260
-2.42180953
4.96995519
6.31742599
-2.49600042
-5.34985284
-5.38799573
-13.06642224
-14.54610429
1.03188394
0.00075516
-0.95521713
19.06949954
-15.13556208
-1.08092401
1.89916580
9.92835300
-0.20609734
-1.20343644
10.11448880
-6.80402808
-11.28460664
0.36869362
-3.10064866
19.41686638
-1.32920093
0.13987066
-7.64161102
0.04264131
-5.85665263
2.95135152
-0.84107069
-0.00726053
-3.12548095
-12.15071317
-9.71971063
-4.65891577
14.84266854
-15.33379849
24.66626722
-12.71441233
-0.77407878
-3.38003314
3.28307948
-2.85745503
-3.25578840
0.01117448
-6.35320347
3.61078174
-2.62583537
21.92400423
-1.52103840
-0.44900046
0.98398555
7.77342503
-8.63047725
19.21765318
0.40735376
0.19894213
6.06349552
-1.50176951
6.35739853
0.84475984
0.98014441
-0.53482983
-5.60406991
0.55829644
-5.72835153
5.20441343
-5.30859073
2.12295868
-7.18988551
4.60731804
1.19676865
3.00318821
-2.45121092
-2.95463355
-1.62886766
-0.73292141
-2.19727767
13.45798211
-3.86847310
-5.36717277
0.54287434
1.18603351
1.83879872
-0.04766321
-2.62042107
1.95117621
0.79420658
1.22815518
0.44356816
-0.82740312
-1.25083015
7.93675496
-0.84008918
3.52060643
-0.93569984
-0.60513695
-3.14140529
0.22525449
-1.52131729
1.43436333
-3.58638743
-5.99965331
24.55532185
-12.91538724
-3.08414355
1.49038880
4.55589238
-5.01111088
-0.46999396
-11.17212709
7.00888886
-5.61018702
3.31156835
6.89307671
1.56702824
6.06501540
9.00280078
-2.38009402
7.96486362
-5.44520448
2.60742983
-3.69801053
-4.93979538
0.71772285
-0.95104142
-0.68217982
0.07611246
-6.22453709
-15.83296516
10.94456749
-0.24397247
3.02824935
-10.91017687
-9.45496487
-4.99578537
-19.45051658
-14.41598721
-1.43510413
1.55027230
-1.58342138
6.58773333
-1.50646957
-8.17912897
-1.41324311
-19.83107471
8.74578539
13.48407542
-15.40193235
-0.23045122
0.41229904
0.87748395
0.69042991
-0.82611280
-2.13114121
0.16682535
-5.14386273
0.21116818
12.22936564
-1.70073461
1.27504111
-10.65692782
-7.97648573
-0.35139005
11.47375041
1.78386575
3.28770774
0.94337427
-1.83601284
-3.13603235
0.17935904
-0.03030407
-4.82639317
-2.51867178
2.01894555
2.89001328
-1.14870531
9.13575160
-4.05430299
2.07281011
0.99189082
1.29956183
-2.65671451
-0.85217315
10.11076073
1.31306154
0.96221390
3.32976512
-0.26317410
4.60368191
-2.12038905
-6.52610378
7.67632388
2.50597586
-0.69115085
4.05181556
0.13844582
-14.69347721
3.81434969
-13.64515975
-4.62006820
2.20861951
11.40388447
0.11339436
-8.83273351
2.66670814
1.34690378
1.78025530
0.46529317
-4.01617278
18.50428840
5.32881779
-16.22557897
-4.76477328
0.90379378
0.78590649
-0.97210453
-9.36520285
-3.92237247
-0.28823280
3.96706348
12.41433959
-6.04876900
5.48500306
-7.77074013
-2.28239765
-5.12396291
-0.90308239
-0.96734967
7.04218470
7.15185701
-5.43405699
15.76984658
-8.86955381
22.44824753
-14.00405297
2.16306794
-0.78180241
-3.61485093
0.80029584
-1.54405000
12.11537754
13.84073341
15.53823333
-6.33409839
-12.05397174
-13.43570913
16.46989824
-18.55872035
3.46884629
-3.88457493
1.94360896
1.46848686
-13.12606960
-1.46922115
13.95724324
-11.81710623
-5.46593897
1.04428907
0.31868984
0.64912587
-9.20838366
-6.21776158
10.11385416
8.65830594
-3.61183310
-1.43717471
3.48071270
-3.79045703
13.00904440
-13.78588869
4.71454495
5.63060185
-3.23550726
-3.26162396
8.37038416
-2.53354402
0.00713174
10.16080701
-1.77547841
1.92654637
-8.42612264
4.92224283
5.82930579
-14.53842330
0.87335891
-0.28925270
-8.83373555
-1.55779330
-3.19940462
-14.85817095
-0.03029225
-17.40966755
3.54117308
8.52336335
0.36060984
-0.21519978
-1.00408039
0.81145396
2.34799324
-0.39691066
1.12093438
-7.34335543
1.02451263
11.63502673
1.32303667
1.86048683
-1.85896243
-6.45697267
12.46840020
10.57043091
-3.83339545
15.50018114
-9.86600988
1.94770448
8.20963905
2.96422150
-7.44246424
8.75627647
-10.15812288
13.81923618
0.07966207
-0.65241847
-0.81521199
-0.67732999
6.75285321
-4.45144488
3.48793066
-13.67925153
3.41430139
1.99297128
12.93605628
8.20170125
-5.54179172
-8.14460167
-7.18941269
-7.53723426
0.10751493
2.87203175
-1.34593788
-1.01643799
-8.27919996
-0.63975978
-5.01311357
2.40822605
7.35559812
-2.29585850
5.74825995
-19.71705288
-0.70236378
-18.16444075
-2.51083744
-21.19382668
0.13930920
13.23498237
8.16637981
-6.50314245
1.67393871
-9.16988294
3.29146339
-11.70268081
-7.36004581
8.59167635
7.37355466
-4.59128048
1.17486440
0.66982084
1.35744815
1.72921946
2.99121400
0.88650985
3.74206743
9.85997050
6.98164025
1.46068481
3.18585758
-0.45847000
15.04274847
4.85620332
10.64351730
8.34542787
