5.80515689
4.05856924
-2.48564559
2.98679530
-0.20238130
0.19628704
-2.69728614
-3.56860654
-0.82044731
10.40972730
8.10254041
-2.98253846
-7.89998496
4.94172568
-3.07789660
-0.27954120
11.30308317
2.68013947
-3.47350547
-2.38352783
-1.88222518
9.12488261
11.97462558
-3.88324743
-23.14251324
0.50202802
11.65117008
-4.98186015
-4.11651843
-3.53282461
0.01664137
0.32455939
-1.49569822
1.16403345
-0.55365235
-4.76114948
-17.44878946
10.99792133
-0.78451912
-0.40176003
-20.41274228
9.22694279
-3.62693822
-0.04002990
0.00155273
-0.23738370
6.91112224
4.76807852
5.09368678
4.67862703
8.22185608
-6.01419956
-3.23339910
5.21829452
1.65194637
1.84128143
-2.16840031
-0.02832398
3.14188318
-0.34722969
0.57574894
11.16097582
-12.64070197
1.98296508
-0.46518133
5.62443890
-5.38924082
2.00833655
0.73937453
3.94721480
-0.33229270
-4.12128391
0.24326638
-6.15532894
-11.52587934
-5.60334117
-3.77040338
8.39797877
-10.59876072
0.18234111
-2.91728938
4.25671778
0.78628153
0.64764659
1.13069693
7.19109816
-2.80972891
5.85416366
6.21962464
1.27998106
0.44571611
16.03613318
-1.10313130
-7.46359211
1.74271845
3.84922755
-0.33125387
-1.79560545
-1.14228698
-11.60267978
2.43633242
5.21103810
-3.66679718
10.07870528
-15.09994966
-12.37455964
12.71933720
7.33025977
-6.72297040
-12.91010481
15.86043965
2.29593553
1.80603671
20.36999867
-0.97327568
0.01172596
-1.49620808
4.72417055
-2.67447724
1.02771385
3.43400444
4.64932324
6.69398668
0.63852120
-1.18654115
-1.46174612
-12.96351654
8.18297995
1.13531279
4.09274058
0.43622207
9.90806932
8.22768710
5.44253278
-13.86283446
-11.88337326
2.69064900
-14.24624658
-8.53288764
5.01110074
7.40055967
6.36428848
-0.55799168
-1.82451820
9.35938502
-3.32634073
0.51256512
4.13860252
2.22377017
1.24869161
-4.11605896
-2.03437358
-8.76098251
-16.47480874
8.79847026
2.40507538
17.19533660
-1.31824828
11.59781232
-1.86875805
-3.26925829
4.09986131
-0.56028373
-9.39801450
-0.50384109
-9.68439443
1.58875165
-1.64143604
0.12695503
-6.62698369
1.86903173
-3.10641625
14.31555928
-2.28763096
-1.00641003
0.31778098
3.96023739
-25.10417797
-0.21610672
-1.08662245
20.50163276
-12.44469488
-1.21403862
5.86146761
0.56413227
-0.92885315
-6.40727919
-5.82023356
14.43245613
-16.48037533
14.65446407
0.82449335
7.80792592
11.48898045
1.50997195
-3.37857044
-14.99740529
-5.48144509
-19.70981387
4.18303787
0.71247667
-1.29475495
7.14398048
-0.87323963
-2.11605144
-14.19642215
-0.29998106
3.90756657
-0.13076138
8.11118242
0.81883731
-6.48757340
-13.52778738
-6.51234193
19.04280243
-8.99720547
0.04528859
6.90426463
13.21878355
12.23609252
5.75459791
4.35345077
-5.86862297
-11.75066858
2.10999778
0.97076892
2.77860316
-9.54033152
3.96209012
0.99118088
-2.93544771
-1.49234920
-1.43851650
-3.86340550
10.17030285
-4.72643286
-3.27799494
-15.23794091
-0.38512114
2.20578675
3.89771651
0.09120494
15.52021714
11.52602567
1.88739040
3.84296118
-0.22869673
2.20453720
0.11449369
-9.20940677
2.35028411
2.29188042
-1.37123058
1.45955964
3.30320492
-0.48756430
-0.79771931
0.42121208
-3.16098830
-8.79062055
-0.40842907
-0.03828386
-3.33499278
-3.63397278
-5.83466026
-8.28779975
-5.15410828
-3.22499569
9.14605769
-14.08336684
-5.21851874
-18.83361904
-4.88453664
0.50606052
-6.37885105
1.66734322
13.41177723
3.51901955
-0.00899336
6.66562580
-2.97195156
12.36599025
0.58435939
1.36062238
10.60707899
-1.95959715
-1.86755154
-3.67972114
-1.02340926
5.57212202
-1.86703708
0.47641133
-1.24306105
0.00736083
-12.01045745
-8.98920898
0.04387641
2.75968263
-2.92119226
-10.84089051
0.21512317
9.16527363
-0.00412192
-1.52249442
-10.69704765
25.66707838
-2.85967354
-2.32400485
12.61590669
-21.25499027
0.75736661
-6.62639195
6.38559474
-2.10493776
-0.14705231
-0.21357207
9.31045105
12.32948628
-3.00005841
-1.23365445
-3.53965283
11.46147150
-2.76202129
1.17189225
-0.14545446
-3.43281982
7.25759912
1.04917710
0.78205278
6.30413522
-3.65301362
13.87812098
-4.24296091
-5.41287821
2.56191584
6.86908401
1.25609896
1.08445468
-1.85077950
-7.82336493
8.09628259
-7.55173609
-7.00457012
6.58967648
2.04301163
-18.11744599
-0.56533272
-3.14253248
7.10588142
2.50954843
-2.36504540
-0.29100821
-5.90528372
7.09863140
0.96011151
11.22857085
-2.56054007
-0.68764622
7.22578462
1.74548442
-5.97883919
-21.05012604
-2.23734928
-0.38814045
11.06434789
-9.38610102
8.03880300
-8.16597147
0.45114252
-0.02068805
-6.61558007
0.14739521
-16.89641096
-2.29051657
10.99913847
4.72177995
-3.05801195
7.95076248
-9.21677815
10.25035418
3.38817058
-3.49552685
2.24462810
-1.08990633
0.79159404
-10.00438955
-7.10999192
-16.65307087
0.95254409
-0.02834124
3.31986581
1.15495320
6.91440608
15.01946361
1.69212365
2.87471714
-2.54636821
-5.86530114
2.67703068
6.17191094
-1.72985912
1.03915497
-1.22803112
-0.66078341
-6.70435981
2.36887123
-4.70940432
0.28858492
-1.51332071
18.98917301
0.58856283
9.18412456
3.86259700
-7.13830314
10.38226045
-15.90466006
5.77379148
-3.12708860
6.45682777
5.68908531
-4.48590669
7.67421986
-11.19566222
5.39852037
12.13894344
0.38263664
9.83202893
-6.03823904
-1.00288593
-0.42331424
-7.67560657
8.91288329
-9.19789751
2.23967268
-0.01754577
8.80652055
-18.01284472
16.25462307
-0.90278713
-11.75961291
-8.51996940
-16.72946081
-4.11095777
-11.29820081
-17.46559642
4.68460779
1.80563747
11.12599666
2.85813739
-3.07030242
-3.62646428
-3.05108707
-2.54131608
-14.00798349
-13.58964839
10.02984249
-4.53811137
1.93742305
-0.00754472
-0.21660804
-0.54428909
-1.25391826
0.18073004
4.47199085
0.96736501
8.01962276
2.50463309
-5.36478592
13.72567682
-7.24235654
-2.97126772
-1.46993971
1.89785311
10.10342561
4.71417906
3.69712568
-4.16493231
-0.78190000
2.28887129
0.51888911
-5.64840805
3.26829264
3.50945699
-2.47114086
5.13920880
-7.52006724
-1.95783247
-4.10162043
-0.81903934
-0.08543688
-1.05312787
1.00581909
-0.00154812
-0.00200635
-0.42761821
0.88049302
-3.85436443
-3.08066574
-1.59870715
5.79536064
6.31382024
2.89566733
2.60170242
-4.67327892
5.18089947
-8.55981030
4.90612247
-1.09601223
12.87806486
-8.14627523
-7.50163621
-4.89051403
1.66169251
-0.00644693
1.93878984
1.17858176
0.54071885
6.51394716
-0.20919848
0.39004083
-3.02157525
1.99228000
-4.76418677
-1.19908043
-4.67705304
-7.89359961
-0.42442809
5.16063542
7.06741757
0.04003395
11.96009245
8.91322289
-2.38811477
-6.15720281
-0.62841537
1.66854743
-2.96112097
2.08785668
0.28444756
11.50531086
-19.01302694
8.83736148
-8.53666744
4.67117775
-0.73952761
-6.97241098
1.31273453
-1.52204358
-5.95227937
-10.09579507
13.25992871
2.38072269
1.14311307
-16.27618923
18.06514595
-3.02092595
2.63592532
-3.47580150
1.82444744
-2.53478489
-6.48590010
-3.42609553
-2.41887565
1.86243829
-2.91437769
-1.30562071
-0.46489502
0.05385374
-5.35448112
-4.46474647
6.84616826
7.33186873
1.73368410
1.37103435
4.71857086
3.63944354
14.20037872
-0.69890410
-3.99044025
-14.76231186
0.65448713
0.61310469
5.19266616
-2.18285209
-1.46769036
-8.95360536
0.86061601
-2.77999145
-1.08596501
13.01117546
-3.69565138
14.67099909
1.94017831
-2.61039606
-2.95091076
0.65441721
0.52530596
-5.50903744
0.03603254
-1.34333299
5.19605963
18.41989185
2.02729966
-5.89791099
-0.00064017
-0.94057573
2.21958662
-0.24575011
-4.90738764
-3.03264257
5.92364355
-16.87808084
2.57589992
20.37052939
2.12099992
2.35433212
