-4.23797931
34.44311178
-1.17060036
-10.97823690
-2.77621553
0.46252970
-1.86378487
0.27442370
-0.27914353
-7.00957896
0.97049850
1.90388120
0.12773005
1.61914295
3.00534446
-7.34939445
15.48387406
2.73044366
2.84095382
2.26647365
-11.01668786
-4.29634079
1.21434688
-2.97954310
-2.10756619
-5.62076933
-6.36295012
3.45283071
10.23231539
-10.76509051
-0.58550011
-1.27222074
10.62614809
1.32884752
-1.34783707
-5.57985299
-3.28665433
-6.98034106
-0.51972732
-4.75727339
-8.70474850
-8.31665581
-0.34398627
11.26933873
7.58036744
5.91678004
4.70303370
-0.18229441
2.76862964
-0.66553805
0.46048436
-2.35392373
16.31562053
-9.13088464
6.87282786
2.64619692
1.59883205
-1.48729519
-3.63492315
0.65390489
-8.19875525
-12.57194551
-5.65907222
4.53567948
0.15315961
-4.25782610
1.02994113
0.69418436
4.35963524
3.08135995
10.94015329
-5.97113607
0.00780478
0.36938724
5.72214175
3.49487845
-0.05776627
-2.43499244
2.24952477
-0.65599284
-13.41903254
-13.61692118
3.56706305
0.77704955
-4.83125131
-1.33087249
1.52170468
-1.54519904
-6.43908437
-0.01322496
-1.28195429
8.09096276
0.94150764
4.74444649
-0.00236931
-0.80156516
-1.19325778
-1.17589918
0.63628166
-11.04781177
-3.34168434
-3.50321294
-3.50688680
-4.96070160
4.65669709
5.62508509
-0.41046145
-1.23230969
-4.97724567
-6.78185750
-0.69833607
5.53448054
-0.50509606
-7.12059169
-0.64507094
-0.05138022
-0.08891246
5.32717786
-4.73905140
13.17747111
0.02573965
-2.78265319
-0.86810551
0.02576791
-1.16920983
-1.27144894
7.77583205
-0.40377175
1.06098591
-3.63641949
0.38763302
3.58407471
4.74849155
-1.78103044
10.26260264
-5.39093744
1.99781527
14.03398450
-4.82347151
0.03113625
4.95368146
0.79623144
-4.34180685
-2.30098306
-3.90698480
-1.49625135
1.52177021
9.55252789
1.66197644
1.29331214
-7.09965090
-1.65714403
12.39914256
6.06887614
-12.44450132
3.75808916
2.49252703
-2.44607839
-2.26794274
-7.14844023
-1.60058332
3.43438057
-12.06960850
3.38782802
-6.03104843
0.04852275
-4.66635907
2.28583007
0.34864172
1.56773802
-1.16948466
-2.09859416
11.16313939
1.68814130
-2.08886695
-3.40630564
-5.68307027
2.38469121
0.43700362
0.19864627
-7.67672901
7.77595620
5.92330933
9.44228506
-2.16427176
0.00000307
-0.27858431
3.29563988
12.51245070
-12.69758317
-7.05848285
0.00130424
6.13028448
11.53146050
0.00685420
0.59499014
-3.32245926
-0.78273206
3.67408037
1.76159592
1.47082035
-0.04427614
-5.68239267
2.59903078
5.22300645
16.30974667
-0.26778094
6.27500498
0.10975070
4.34695909
1.17422755
0.53591915
-7.08500278
-2.08461904
-0.54147021
0.90720007
1.73401210
3.90682162
-8.66229225
-0.13902641
1.87476462
-2.03517521
-5.61989391
1.16222157
-0.58659090
-0.10754263
-0.96096296
3.83565421
-2.13798241
0.69599898
-1.16220262
-1.50668933
1.65171854
5.00856038
1.44335201
-0.08094885
2.60467885
-4.87991152
46.96772118
-6.25872658
0.84670035
-1.22495717
-6.71203756
0.55693002
0.27292228
0.00321993
-0.03913988
0.01544064
-4.95241176
0.71514010
-0.89280426
2.39211588
7.28740984
11.70358245
-4.83760021
-4.40413531
0.84530982
0.98696682
5.63498992
-1.59739872
-0.09492342
-0.07215077
-0.06349352
-5.02258020
-0.27488913
-3.66918303
-0.64766755
-0.12052338
3.57934586
-3.32974786
2.47920241
-2.32956268
0.89717786
-1.07350626
-14.52118416
-7.85289811
-5.77650117
10.83715223
0.78733595
2.17820254
12.28560600
-5.85994384
0.08067551
-0.94443572
3.22765603
0.27150248
-1.60208148
5.77635732
4.14156557
-0.57593914
-6.14599207
-2.62348658
-0.02566830
-0.41873482
-10.77071409
-12.02643107
-5.66964619
3.75100961
-5.26501834
-3.99168189
-0.29234454
-2.09201836
0.57390125
0.23090430
-15.46888406
11.01861705
3.25526975
-9.19323611
-7.42918071
15.62354767
1.28436049
-3.67462333
6.97924391
10.25124344
0.12783401
2.63087526
2.43943824
-5.43172990
9.02588393
0.46181149
3.00406453
7.34239713
-2.88246463
2.87581414
7.04135372
11.66076718
1.75887082
-6.95572406
-10.28734035
-7.70990562
-5.38245662
-3.63749028
1.90319929
2.78381687
1.06962217
-7.37094275
0.96662119
0.86427655
8.17158893
-0.73821288
0.57389961
2.34557539
7.07681073
9.52080588
5.33827434
-7.50048509
0.01265283
-6.16833904
-1.49734240
-4.51460839
1.06259670
3.16360558
5.31364571
0.00643711
-8.37028714
0.04272433
0.30618881
-1.22406975
4.77017395
1.80651096
5.84213115
-2.89205672
0.16422901
-2.85474002
6.42894696
-4.25307933
5.82875547
-2.66626040
1.27753837
0.06092985
2.66386336
0.05719968
-11.75284661
1.29975579
0.00801946
-6.42766888
-11.76882543
-0.85180305
-2.92369420
12.40956664
-1.60992627
1.25603772
-2.75633924
2.49972786
-2.07460396
-5.51036229
5.90044871
-6.15598317
1.33817756
3.72636764
3.18336795
-0.00442634
8.18117104
4.65425459
-3.96376780
-0.10578412
7.70735474
1.57041180
-8.11587783
-1.26868241
-0.36707780
-0.86754892
-1.89775498
-0.62757112
4.29253367
0.56687959
1.78220953
0.20500239
5.28537285
-18.55690330
-0.15274249
-0.11642662
-3.62896226
5.71629832
-2.83824355
-0.36168632
4.03278636
1.76100784
-9.04382929
-12.93042152
11.75451143
-4.76947249
8.33846450
1.96070556
-1.01444052
5.50912890
2.87923176
-3.54111440
-2.07925502
-3.74480473
1.63232118
5.43466408
6.28598624
-1.90894933
-0.00040469
-1.64379601
8.99650630
-2.33486065
3.42916360
-5.73416714
1.94822274
-4.75322950
5.70182659
-5.18093191
8.28500459
1.16212527
4.91983729
-1.11776384
3.72283341
-2.34082452
-1.02024878
0.10828993
15.06347991
2.38010424
-1.43574500
-1.37801233
3.79576774
1.41423021
1.07660356
0.33765415
-0.93380006
-1.99393834
0.00159007
-0.72492321
-0.00756572
-0.03691936
-1.44746777
-5.51764425
-8.79214128
-0.53491053
0.39321048
10.79529259
5.88939588
6.01510461
-8.80497321
-1.14105127
-34.34534547
-13.46587957
-46.87506522
10.08246795
