15.39101887
0.54471131
9.45569611
-2.29960698
-0.00678677
-0.02879769
1.64006692
2.60316437
-3.89179997
-3.01541772
11.78236977
-0.82477324
-16.61599925
15.88709977
-2.62922863
-3.40938485
-1.90328350
-0.83345214
-3.27386235
-12.59981444
-2.21497096
3.57344106
3.27479929
-6.62276018
0.02718108
16.01168014
-7.36551331
6.80714734
-16.59407241
6.61717542
-0.25415902
-0.07333752
2.90910521
0.98979402
-1.10822883
4.53716529
-7.27204601
4.12451059
-1.34288336
-0.52670662
10.33896667
-4.24741180
0.16902595
3.52299296
0.20613283
-16.22744646
13.15807052
9.08031511
-4.34269231
-9.10363564
4.29427822
-7.97385482
-2.84918943
14.44554121
0.73500729
-4.06544583
-2.39352503
-0.33770662
-7.03396390
-0.00741983
-10.59476145
-5.96698830
3.25579884
-0.43720577
0.62893154
12.52840361
12.90686979
2.71343229
-12.14493632
3.73136175
-7.24460969
-0.15865337
-2.54063747
-8.57345990
-5.64190725
-9.07258467
6.24313318
5.91105647
-7.78070556
-0.38769622
14.98635153
11.83484632
5.11768857
2.24291493
-6.38814962
3.95345803
-0.25577719
4.69261798
0.13359813
-2.56242596
1.59795353
10.69328844
-0.66963650
-18.67638275
-1.68264752
2.22354753
-0.33244133
0.16871429
-1.07153374
-10.27769378
0.92715419
0.18596291
16.42392493
0.92202999
3.18783456
-15.76494286
-21.09480059
1.69726777
-2.71828535
-17.02780175
9.54851182
13.56114226
2.49641402
-5.15288161
0.49881999
-0.90268856
0.29014546
-0.38450962
2.66767048
-2.15031763
-2.79541503
0.58241343
2.32868968
-0.41826798
-5.29046052
-2.36627853
-5.30903359
-5.14308310
-1.60865780
-15.42071909
-0.71129002
5.22018839
22.07514349
-4.30222358
-0.48924300
-15.01404311
-3.01696274
-25.26855110
0.14576186
1.34589547
1.22434136
3.87617879
3.81093298
7.46061605
2.06899638
-2.78482125
-3.93065760
-3.37518510
1.18013717
0.86758619
-6.14311037
0.92435903
3.25146956
-1.18523519
-21.19498616
1.94142723
-17.94675269
0.39821948
12.45702505
5.32927216
9.97675929
5.05980727
-0.00727679
14.18720318
2.44019708
13.69647818
8.84526562
-9.04653936
0.43426072
8.53660993
-0.26738061
5.71424006
-1.84306934
0.46917111
-10.52411682
0.11418054
1.45270791
-14.39640387
0.04763480
-10.64201939
4.19922701
-5.33674064
0.70270558
-12.51864413
-1.58522273
-0.56270754
-18.81931562
1.39775339
1.90897316
6.95474456
7.77380283
0.04342888
17.84901388
1.43311865
1.39635504
0.12696961
-0.27342626
-11.35667262
-11.60370296
-0.59809684
2.92046164
-1.03041832
-9.40269415
0.09898501
-1.66956283
11.84468192
2.09621551
-5.33988438
-0.57068686
3.10922345
-4.59699513
-6.82068226
3.31401013
-14.36684797
4.61587908
-7.33870198
-0.01851328
-6.49761234
9.10753883
12.72536205
15.50193279
6.99442924
-0.02451535
-0.58137301
0.98667506
-0.59814336
9.01767794
2.34873972
0.38178516
-0.00253147
-2.11073567
-0.14112577
0.06409925
-7.28865154
10.97176108
5.46409103
-4.22593728
-1.25693742
-4.91295132
3.89208057
0.30454638
0.28003270
4.98859778
0.33140790
0.94167507
1.12541133
0.81011429
0.71215631
-2.00002995
-4.26558068
0.33019497
6.18684823
0.94381453
-13.57124978
-1.87908381
4.81131860
-0.37453208
1.50639929
9.34904432
11.38675128
-0.60180866
0.52946354
4.39997831
20.19731169
0.37200747
-18.39664055
-2.98769319
0.22269914
18.29173920
-17.66083603
-10.86974296
1.37219277
0.16448222
-0.43263738
20.96850918
10.39708597
17.96342726
2.55398157
0.62793044
-0.97351483
5.72727718
-5.50810065
-1.76011132
1.63500633
10.20481602
2.89791489
3.74369707
9.09753807
-6.63657795
-3.82669236
1.19734612
1.97988506
0.01141290
-1.44587190
8.89443061
-2.35661755
5.02680733
7.22007423
-3.49570812
7.34939668
0.30396422
16.89962835
0.02732701
-2.48351608
13.52743713
-15.45906303
-3.72596185
6.20932594
-2.12333695
-4.97851170
-6.69708169
-5.33723733
-14.17557629
-15.53550243
0.87429742
0.00190409
-4.24898380
17.70808817
-15.15887155
5.11169781
1.27587802
11.78545593
0.27249298
3.42726175
10.54787105
3.39725998
-3.64818569
-10.76768637
-3.14829080
21.84316892
-1.19253245
0.73776204
-7.16628362
0.05853609
-5.15207656
1.59561254
-0.69917654
-0.00965054
-4.37315223
-10.07270225
-7.54477076
-4.87390931
0.55693546
-18.49123147
4.88720893
-24.34467539
-0.83677466
-3.77230317
-2.36343812
11.00436221
0.04314098
0.01853284
-5.40393231
2.47089918
-4.08375781
19.50183444
-0.24456516
-0.73204672
3.65699928
9.82220844
-5.26849996
19.44432565
-2.12142299
-2.30071190
4.42579489
-0.91479664
2.69249196
7.41240668
1.22291186
-0.74848340
-1.65525787
1.10661543
-4.87449896
4.93524681
-4.71273187
1.23640774
-7.57031892
3.14136045
2.94683569
5.91437066
0.92356100
3.13214567
-0.96811498
-0.73671062
-5.96743045
2.46762133
0.17104014
-3.55177689
0.37328232
0.73277540
1.08388457
-0.03418644
-3.73356559
2.27858237
4.17691219
0.54022907
1.92524792
-1.43509104
-2.35199625
8.14163956
-0.46643822
-3.02888232
-5.56813633
-0.16433551
-3.34644579
-0.20541623
-1.50092395
1.69241092
-2.76804555
-17.59105507
12.77950055
-13.86236094
-3.60238711
2.19147717
5.71585757
-4.01629181
5.98788822
-10.69254652
4.76849665
-4.24146600
9.15472937
11.76412311
1.08290305
7.59445789
5.47356855
6.51131207
7.78674625
3.22602469
3.02983571
3.67443852
-5.13016836
2.68496263
-1.63057168
-2.86994018
0.05880248
4.40370373
-20.89008432
11.78143583
2.53232943
4.58335594
-13.23660114
-3.75725690
-2.21202903
-22.58782398
-6.82148169
1.55155289
-3.74635397
-1.66616321
6.04491522
-0.88456375
-5.89528809
-1.08368292
-21.12344545
9.90372516
12.63886345
-19.60210910
0.60616014
1.03500932
0.24136373
0.58075308
-0.62886428
-2.67000849
-0.12864138
-7.21531193
0.33005109
14.06944103
-1.11199985
0.03220486
-10.97023524
-7.81474537
-1.37464110
10.80446033
3.14003918
-2.86032699
-4.67548752
0.57211441
-3.94236130
0.08954113
1.49105011
-7.67442213
-3.25460873
3.15048586
2.53593416
-2.13521253
9.57139002
-1.32642697
3.00778745
-2.86574922
1.11092469
-1.66050129
-1.32950214
9.03208689
0.99705444
0.05455932
-3.12375012
1.86281660
2.55148382
2.01428625
0.88670840
-1.22232133
-2.22258961
1.00985457
4.52670637
0.04122972
-11.18268816
4.12816806
-18.38322645
-11.10072406
1.40881262
9.46908755
-1.77555247
-9.17293529
2.59317130
1.49614358
1.79236691
0.25640568
-5.14424320
10.83164507
5.81291340
-15.26185655
-3.89897988
-0.52469190
1.56283886
-0.49481085
-9.76664952
-7.05119582
0.69478869
-13.36548072
12.49197447
-8.46967466
5.41334349
-9.37459191
-2.00736291
-0.30884108
-0.38946672
-1.44173916
3.85412767
8.78469821
-1.81562344
12.94317905
-11.13957472
22.82631497
-11.43968122
-0.50816644
-0.13442916
-0.81224932
0.01612402
0.11226222
14.18473681
13.40118390
19.83226100
-4.68665763
-5.66286874
-6.43742313
18.86241572
-9.84079898
3.05146130
0.62882953
1.94367864
2.36866532
-17.20112905
2.74753075
26.42923422
-10.30144655
-3.77079283
-1.14201203
2.52576699
4.42229853
-8.48290212
-6.48829033
9.61042260
10.29778779
-2.85056828
1.42526748
3.18926285
-4.45733481
1.74803067
0.37345274
-0.82177496
4.76569623
3.08545460
-2.44749045
6.25104621
2.45013478
0.01317485
11.37463519
-1.68091263
2.03192740
-4.74233735
0.93677186
7.08769294
-14.36107741
-8.43749930
-0.74593227
-10.78659376
-1.25538833
3.04901358
2.94851088
0.07524221
-11.43082394
1.74649047
-11.98266819
1.37589526
-11.57254489
0.38231500
0.37440167
-0.18486583
-0.06013681
1.08570994
-7.44908020
-0.02252874
13.50716807
1.20260841
0.12010911
-2.22957257
-7.53515862
2.83156240
12.50896188
7.26367107
21.03413220
-10.85137893
0.26906414
8.71574531
4.43019311
-7.38486726
15.24450956
-11.48587298
14.82529252
0.09137964
-0.71124620
-0.76388101
-0.60584413
13.56275866
-4.43897265
1.84644776
-15.20511007
2.96388764
2.00708889
15.48829635
3.74814552
-5.66213597
-7.55964015
-7.82352127
-7.84824625
-0.25913023
2.55956801
-2.41055245
-1.98771677
-7.15975299
-3.91899757
-9.00219834
-9.15741562
13.63531574
-10.12581485
-2.51746600
-21.96603973
0.33516209
-5.12614106
-2.79493577
-22.27128677
1.10649473
9.97048456
8.92300487
-5.74942956
1.72203484
-8.59169530
2.62544924
-10.75116406
-6.11439159
10.20802320
6.84166790
-3.55826865
1.17282677
-0.13501083
2.80005147
2.00196842
1.99869400
1.28037783
4.20061013
8.13982881
7.21389974
0.64779831
-0.01156158
3.38908275
1.72256427
0.30223261
10.36649360
5.67193263
-13.99031448
5.87718585
12.15503793
11.55858064
-1.84380987
-1.78061613
0.82021089
-2.68669935
9.02175734
0.01676066
-4.85812678
-4.25162516
-7.03396390
0.11418054
0.04314098
0.01853284
