-18.00238286
-0.06767086
9.51713926
-1.94255763
-0.28239676
-0.55696428
1.00739941
-1.23707285
-3.78619462
-1.03437121
10.28383125
-2.73135450
-13.07162267
16.60519568
0.16141652
0.48231026
-2.09006674
-0.12391156
4.37334596
-20.87705661
0.73822249
4.35409367
2.43848968
-5.66938503
-3.12897722
18.31740097
-9.67364240
7.17191757
-11.16723543
-0.37100849
-0.15005553
0.07528860
2.49920675
0.04392009
-0.66784862
6.47960841
-7.04749703
8.53445193
-0.06051740
2.86701255
10.43857529
-11.89940108
0.13902943
12.59819288
-2.56376273
15.65286289
11.93264632
6.42299978
-3.18288687
27.52227893
5.88539529
-6.88394145
-0.67486460
16.99472693
0.01539347
3.18740709
-2.12521074
-0.66036926
-17.13062668
-0.01294049
-10.63134892
11.36395172
3.73745817
-1.55057145
1.14897043
7.30651368
-4.65773378
-0.87049246
-17.95493668
5.29535330
-7.71363935
-9.58720704
0.09848084
-3.49307163
-5.06018521
-7.35579671
7.15613752
13.38951002
-3.07913886
0.41646456
16.25888450
9.09046929
-0.40576436
-0.23385734
-8.29708898
4.84465058
-0.61610619
8.43947557
4.44292537
3.69167317
2.78671959
4.19563566
-1.58977173
-22.75084283
-1.78789096
3.42212423
-0.59048754
0.45032670
-1.19289804
-7.08548388
0.19271867
0.26469301
13.88743367
-0.09004024
1.68231732
-17.03487612
10.15374990
2.31389096
5.97797399
-12.94374351
16.11369807
12.27540337
4.92804913
-6.43634451
1.23814958
-1.48597299
5.30864099
-1.14785253
1.49574170
-2.44636761
-3.72973481
4.12969960
12.07134964
0.56528097
2.57073730
-0.11871678
-13.44511480
-15.08846236
-1.07379017
8.44319937
-0.30737051
3.39795353
18.48318481
1.70112710
0.36853297
-1.84591807
-1.02878013
-16.13633819
4.17670454
1.95820098
-0.47813453
3.28366305
2.55580571
7.24027833
8.31340524
0.32312928
-1.86821190
-7.53048600
0.80437613
-0.75451323
-9.86789767
-1.50176033
2.45219578
-2.88068723
-18.61488798
0.92366617
-14.08643436
0.98010559
11.53771091
2.72704168
8.09591151
4.47752930
-4.72400574
16.30404705
4.39563189
14.14650738
9.63624996
-6.06447099
0.24959697
8.36135039
-4.10939117
-11.93019517
21.32220715
-2.79951100
-6.11594052
0.15490969
0.95448881
-17.87078286
-0.16268207
-10.79653917
-11.58130944
-7.78863186
0.50819386
-9.80874734
0.89725137
1.12831230
-15.30880481
1.07387783
3.28880907
8.05971969
3.80783670
0.10606160
-7.76139135
1.49057081
2.54675721
0.00114893
2.88999201
-9.24418130
-13.35775972
-1.05708604
0.77121229
-2.36745526
-8.31327024
0.03825691
4.92834381
-5.39333869
2.56939848
-3.14295395
-1.70860441
-6.59274675
-1.62749567
-2.06813627
2.98584803
-29.29867318
4.59298287
8.03369826
-0.11061533
10.44434268
11.15384763
10.73948150
12.73925872
1.09604296
-5.28920257
2.31735632
1.52001084
0.36370062
2.91556943
16.03801579
0.05807545
-0.00550225
-1.97596322
-0.41866525
0.18875159
-11.27074214
3.47338224
7.14337302
-2.98479234
-5.25857476
-5.43556831
3.48461249
0.53635142
1.64900901
7.10569661
2.65566325
0.15271172
10.77083735
1.04573830
0.32308017
0.59617817
6.24339975
2.61593387
-0.26176214
5.47401075
-14.84857402
-3.11977077
5.67461421
2.68193523
1.00756172
-7.10000326
-8.81933486
-0.86134717
-0.01613561
-0.76713202
-14.69674817
-3.35570801
-17.55063038
-5.13165947
1.99487703
17.40513108
-16.75134183
-7.12635606
7.15299400
-5.52212463
-0.12593861
1.77176412
-10.83144217
14.62544452
-5.85224459
0.55824611
2.64259257
11.10623395
-2.01448940
-0.64439053
0.52158239
12.98216881
-3.07931000
3.11484376
7.11730246
-10.80014731
48.19575300
2.22526117
2.97209772
0.00908465
-1.34435411
6.50119244
-1.67273237
4.83033788
2.29033483
-2.58083511
-3.64818828
-0.00919851
13.82323625
0.00222083
-1.60813733
12.15888193
-13.06320134
-1.38804611
3.04933699
6.20718364
-2.83957109
-5.22749100
-5.90972691
-12.16803492
-13.16333990
1.13426270
-0.65034269
4.37220727
19.29353686
-16.01411443
-1.11428769
2.34286488
8.14971597
-0.68094577
-4.25728161
9.37379397
-5.27157465
-14.49344905
6.09553546
-2.94153131
20.77124368
-1.49957593
-0.69499163
-7.08756734
0.02532359
-8.19946216
3.29507353
-0.98422101
-0.01087541
0.21458341
-6.96908236
-8.52641709
-11.73615684
14.06963787
-10.91061863
25.61465856
-13.02886612
-1.05093900
2.14908980
3.60673042
-3.32465599
-9.79308185
-0.31435172
-6.82255538
3.19571735
-2.97116156
22.33954727
-1.22730334
-0.34235718
-2.22537596
6.73317768
6.42383890
24.29834927
-0.06169393
1.06176741
6.16465992
-1.40051689
3.40698594
2.92518493
-1.25507990
-0.26397304
-11.29097812
-0.44793938
-10.22127532
5.02320790
-4.90563241
2.33758896
-8.04228359
3.89279859
0.88745440
2.84565507
-1.32224411
-3.22317472
-1.28486755
-0.76905475
0.91015877
19.80972506
-4.78053486
-4.20908993
0.76608448
1.23262079
1.57643263
-0.07502660
-2.95269874
1.53022077
1.14305695
1.67876227
-0.41361738
-0.69098732
0.36234855
8.24968945
-1.05753456
3.46739241
0.23774937
-0.54874366
-3.18995745
-1.17469420
-0.86112861
1.52443333
-3.74097442
-2.35778614
25.71699954
-12.59386048
-2.80561881
1.67903457
4.32820380
-5.67508013
2.61462936
12.42855604
5.53073221
-1.51319498
-0.72480224
7.78092215
0.89882062
6.14765601
9.22738001
-2.58295272
8.23039822
-5.78216139
2.48113230
-5.88603439
-4.70912571
2.89169512
-0.72884598
3.73884808
0.07392811
-12.92332638
-17.77590857
10.26964316
-0.86689941
3.71981305
-11.18612793
-18.81987047
-5.73084550
-19.16237874
-15.87982342
-1.69825364
4.11654304
-0.90417176
10.28889691
-2.46789696
-10.05671985
-1.75071472
-19.68881716
5.64777499
15.38393552
-19.81234287
-0.21976001
0.33037942
0.68065026
0.61122352
-0.75370531
-1.82601117
0.65220659
-4.41243714
0.37952843
11.06618818
-2.06599668
1.99350152
-11.75084704
-7.13307217
1.80704465
11.47894806
1.09149339
3.47370727
-0.14543338
-4.52987974
-2.72004935
0.30257987
-0.03595671
-4.69778859
-2.04755175
2.99694309
2.92438068
-3.25653422
8.94375006
-4.84537061
1.59825106
1.58926820
0.80786804
-6.22911320
-0.18336507
13.24154400
1.34836648
0.87513525
2.63579467
-2.20843741
4.43443150
-4.90720307
-4.13705299
-1.81631279
3.50561447
-0.60637904
3.76856823
-0.16484780
-15.34481902
6.39685798
6.96874916
-4.07210441
1.49624691
13.20128783
0.59218986
-8.36931543
2.64445850
1.56953335
1.42548558
-0.06706649
0.03338236
-12.15041443
-0.06150022
14.20192272
-7.31525395
5.36051681
-4.49696989
-1.70539765
-9.33461998
-3.53131252
-0.06028521
3.71346484
13.40454521
-3.41653986
5.47973888
-6.48245217
-1.08668906
-6.95191926
-0.72456814
-5.05310562
8.15254454
4.72590764
0.57308096
16.68031567
-2.12143335
11.81798047
-13.90724790
-0.56142830
-1.23396751
-3.51906804
1.26724999
-1.35163375
-3.68834909
-11.71465423
14.52871297
-7.29009312
-2.74113396
-47.49989892
16.33422206
7.33350096
3.52950397
-3.51844627
1.84192272
0.98981866
-11.16053984
2.96483988
6.96265255
-16.86528465
-6.24239201
1.42006782
0.05093414
0.15514189
-9.21554388
-5.97562838
5.21991066
3.36493167
-3.84259541
-1.78794542
1.16070027
-3.31494724
14.23090561
1.86149022
3.33315130
-8.71951376
-3.23532438
-3.51289432
8.86681738
-2.82350604
0.00831705
9.04676779
-1.68450409
1.84157389
-8.39063178
1.86375404
7.46677029
-12.22850073
5.36970722
0.57043573
-7.99938797
-1.79261866
-2.94041353
-14.08400395
0.14346988
-15.23165081
4.51499833
9.27818538
0.29931729
-0.34346083
-1.24590043
1.75107627
2.50368205
-0.58817115
2.42044985
-6.12409783
-0.22532178
11.52077328
1.48834331
3.06614154
-1.73179334
-4.91706281
15.71823145
11.02524241
-9.28802068
13.24339417
-9.13591867
2.31046628
7.97181665
2.86385868
-8.73585129
8.92409147
-8.76679786
15.45993378
0.02809951
-0.56035146
-0.82596407
0.25301606
7.23072977
-5.08742244
-0.08686722
-13.74874601
3.57980679
2.27124654
12.06207214
8.70140472
-6.77509874
-8.67769065
-6.39196006
-6.76332235
0.20752964
4.97587732
-0.10895257
-0.00781080
-7.04653088
0.29641369
-6.19952897
2.76487812
9.18103048
-4.91775718
14.49435944
-9.38415248
-1.30545283
-19.45043209
-3.15455697
-21.96170431
-1.10923017
12.37030732
8.25524573
-8.01276031
1.25015180
-11.28541401
-0.50539258
-11.73503061
-13.31444705
8.61349064
10.89652385
-5.05829499
1.08361040
-0.25593177
2.53341234
2.62838150
-3.56013042
2.22887291
3.20825993
-5.56333027
7.55461226
4.19971967
5.88691695
-2.35292266
-16.15148657
33.35526762
-45.13822034
21.78490408
