17.21860032
2.94664875
2.01261989
-0.79424186
-1.66837736
0.29419872
2.83008342
-3.26887058
-1.13891386
-1.23580936
6.01280862
-3.80023666
-10.80182774
6.14398879
1.16336905
2.92732296
-11.49457567
-1.31894936
3.12112678
-16.68068539
-0.17642298
8.24930560
11.71303305
-13.79702346
-13.36467344
6.16287235
17.95861861
16.15965278
-1.99135901
-10.47856466
0.14966796
0.47576055
5.70527518
0.21003273
-0.92633718
-0.18257669
4.04077534
12.26125034
0.01405891
1.64065910
7.51500229
11.11160051
0.64535348
-1.32739480
-7.75860780
12.47938342
11.91333954
8.14204245
7.97705907
4.19224928
9.11929394
-5.54526030
-1.91306961
12.31946806
4.03858983
0.80790438
-1.68887672
-0.46773039
-8.01308474
-0.39085857
3.27630800
-11.51676333
-8.08304021
3.95676713
-0.01742615
-11.79399516
4.94150061
-3.44270520
12.20992480
4.74725543
-3.16566074
-5.19814328
-2.35562414
-5.16153239
-13.84912877
-10.82081290
-5.39319156
8.81997809
-8.55158083
-0.28687290
-0.63820267
5.90889507
0.74326775
1.52702670
-2.70908203
7.22866106
-3.83898549
7.98131025
-2.58590625
6.70446805
0.41391849
12.48716419
-2.47148162
-16.01108143
2.07713425
4.50580256
-0.55043793
-3.69410064
-0.42965566
-11.21570224
0.13159343
-6.71869011
-16.07414898
3.39366860
-11.28981504
-26.46652268
13.25754845
6.74366260
-8.42584636
-13.61679478
14.16042698
2.27733881
2.54632167
21.31115289
-1.08987114
-0.04505861
-1.02348860
3.00613317
-5.05768888
2.89053190
-0.66748464
6.00269384
7.96673598
1.40150068
-0.46348297
-1.31323794
-16.10418597
3.47151303
0.17062989
5.09620766
0.36024866
10.68000573
7.66751801
5.74446212
-0.12261294
-15.30486813
3.38913071
-20.71605742
-10.11924035
6.34547056
8.78995440
4.14901837
-0.86026704
5.06162814
10.08281825
-3.21394251
-2.54509647
11.88137111
1.50977864
1.62545720
-1.13236836
-2.30484781
-1.48076404
-7.62146194
-16.63049981
-2.00696955
-15.29946377
3.55918787
24.56462327
-8.19544822
-2.93500139
-12.03508871
-7.83794549
-5.38050383
1.60510477
-6.01304163
8.39432622
-4.16457029
0.24791495
1.95770458
2.06006084
-8.39638183
13.92241518
-3.65405958
-2.99914557
0.09679835
0.10875450
-30.85752059
-0.97225443
-2.74399057
12.83108269
-10.83276908
1.49311798
4.88552719
0.91357534
-0.68247047
-14.04159472
-0.56758241
22.17758678
-9.23083582
12.86073603
0.15707585
-7.76975714
17.67578739
2.44913432
-0.81038158
-4.49137750
-3.35780903
-16.22045676
3.13052160
-1.40173427
-4.58461013
2.40348595
2.77701769
5.52546820
21.72211839
-1.78242170
-1.68661564
-0.59580664
1.75581264
-6.85914096
-5.62884157
3.30681836
-9.05650634
9.43292322
-10.76725473
-1.65009172
10.43957221
-5.50047941
11.74153265
10.94819797
-7.61020107
-9.11706631
-4.74920720
4.49915080
-0.15203304
1.66010712
-12.36188349
3.55068274
1.02697856
0.05857828
0.29297432
-1.73428623
-0.31071839
14.19852222
7.18574808
-2.59981611
-19.10903910
-3.88932826
-0.02987791
3.50883003
2.26950127
16.30428242
15.46102941
0.91694602
5.94783406
-0.20296299
2.38880900
-0.26517638
-9.44036035
2.27767196
2.27360948
7.55008181
-5.29208273
9.75887309
0.63863317
6.36188024
0.75277790
-3.46030474
-8.63143831
-1.29393247
-0.00538000
-5.58637258
-12.91994560
-7.34006347
-7.22292079
-4.57115917
-0.97849603
11.07483848
-15.77910373
-7.31748379
-9.57973187
-6.60009759
0.03568017
2.96080740
-5.84798671
11.74100968
2.29300348
0.12254024
8.70367651
-6.74354361
7.28728478
0.94599261
-0.25715161
11.41802323
-0.44223529
-1.83912921
0.22811993
-12.21652254
1.97284007
0.27300264
0.10404272
-0.30676896
0.00780238
-2.76283801
-12.05703131
1.41908322
2.76548142
4.15114940
-6.03681506
-1.16771133
8.53505686
-0.00622376
-1.41707812
-2.01383452
8.98375297
-3.25419539
2.49519566
-2.78934067
-18.88085785
7.64161623
2.19901816
-6.53083610
22.14112248
1.32634692
-0.52917838
3.88862420
8.49860203
3.96907490
3.26458161
-4.71287201
7.57314102
-1.25879195
6.52361830
6.56167949
-7.52595400
8.82436852
0.47825365
-3.08471065
-11.39424050
1.92663770
-9.39641462
-5.65495671
-8.25136824
3.43510656
9.92791309
1.90868957
1.16225695
0.44576019
-14.02388892
6.88899977
-8.87267910
-11.29742645
-3.59961491
3.62166479
-20.17487439
-1.03614248
3.02023868
5.26840246
-1.53278583
-4.17102184
-0.48688158
-2.41031380
5.46772305
3.89065207
23.83132062
0.48667202
-1.21037733
-2.02604433
1.28502573
-20.75017711
8.07029447
-1.50250147
1.72349934
12.81138475
-7.42675844
3.98295205
-8.47227679
-0.80988508
-0.72965862
-8.87612313
0.47008045
-23.76808651
6.24519342
4.09520360
1.87205487
-12.79656584
2.70830233
-6.73381267
7.73600730
1.92902615
-5.73166497
-0.15711239
-1.50855990
5.44582382
9.22886742
-8.36627297
-12.85233085
1.21645602
0.20676424
4.11620996
-0.03657014
-5.17113285
5.90835314
1.54998004
3.36386390
-4.83948374
-4.93555290
8.44352223
7.96074721
-2.15965956
3.16124558
1.73771544
-0.08338763
-3.32274302
-4.67629922
-1.61438468
5.11184744
3.89487120
-25.16249286
11.17820852
9.13577219
-3.46985400
4.57425270
13.73534143
-2.40074385
0.42039269
-1.64374783
3.69362635
5.30785686
1.26957799
19.90070655
-18.26349793
7.65442219
18.27207712
-8.51013588
11.02093275
-8.72695824
2.66067551
-1.52555792
-4.74311558
12.02521557
-4.65372986
-1.63930573
0.08230648
10.06467956
18.22040178
19.92973920
0.71647289
-8.84078485
-11.24849839
-15.72485353
-5.05061735
-13.29588237
-3.44559660
5.73543687
-5.91757043
0.00480302
5.40723089
-0.76728226
-6.37190000
-2.27586029
-3.61814494
-17.24895680
-6.43294814
1.22631366
-4.61372819
2.23270318
-0.00951518
-0.31322182
-0.06703710
0.03994327
-0.59794514
0.77629469
0.69583412
6.79019826
1.95311248
-7.28768526
2.67472952
-6.19191195
-2.56560775
-3.40617993
2.69905750
11.19601601
3.09678188
3.46182064
-2.59874903
-1.56723507
2.71703874
-4.59676672
-5.77447582
4.24034576
3.24458033
-1.97119036
7.78036431
-2.24211304
-1.92888642
-5.92436830
-1.33518811
0.40724503
0.04810484
7.59240555
0.25713855
-0.00243794
-1.34500661
0.46315255
2.20123411
-3.20401721
-2.21491880
1.68426630
8.88659852
-0.66355836
2.95493091
-10.83631701
-9.07512458
-4.51371508
7.09668673
-7.95266339
9.41460180
10.63355030
-13.75146684
-5.88065585
2.06895224
0.22645685
-0.02369117
0.70779141
0.33347446
1.76739047
-0.64523873
7.07203009
-2.98002326
3.21182496
-5.57420896
-2.48319443
-8.24886670
-2.94070906
1.51843350
7.35882920
5.89086354
8.21608907
13.23646107
6.90953633
-6.54999053
-8.31474904
0.49400717
0.36695190
-4.15517973
0.65235413
0.17687298
13.12403631
-13.29385126
15.53815395
-10.13479484
3.47634024
-0.90063958
-6.90102272
2.01003406
-1.46885336
-6.12413887
-12.70062878
6.55614090
1.27537548
5.03920608
-11.72476875
22.04961733
1.64666158
3.88788497
-4.74389806
1.56196162
-2.25764129
3.25434419
-15.83391044
4.50449161
16.76833793
-4.33307181
-0.86059873
-0.70081741
0.89543540
-9.03319500
-6.26695697
7.90397760
11.99894435
1.09645749
-0.45421843
3.89732866
0.02277333
22.23561564
-6.74621914
2.93474285
-3.31211976
4.73781700
0.39556593
8.09166613
2.39259793
-0.48491788
-2.64032105
-0.92077060
-1.31126207
5.25641433
10.53490301
-11.42468245
7.22028605
3.35173165
-1.86907037
-4.32792363
2.45420214
-3.03054251
-6.47611689
0.00141436
-1.32114173
-1.95601236
16.43403561
-1.09435775
-4.91104185
0.33096797
-0.55778902
2.90089012
-1.52506041
6.54313622
0.00751788
0.59655578
-8.79125736
-0.48595587
11.38798223
-1.53963154
-4.35843930
-11.29476729
12.98084643
12.09888921
32.21012174
2.87879060
0.95319720
-5.89174829
-1.70262635
-11.24680742
4.29859208
-4.37985850
-19.39947223
-0.14243428
-3.55855281
-0.77250307
-4.57773824
1.60354857
-16.91756346
-9.49464928
-7.69544403
