-4.73437311
4.14837643
-0.28538135
-11.16299026
-1.85785044
0.88464502
-2.74732110
-3.89692887
-3.43766003
-6.37291072
0.86960735
-2.19084874
0.01574027
0.06978203
2.98485983
1.63603805
6.06789244
5.54735329
0.44882001
0.07057158
-11.68899513
-6.16184438
0.13614571
-1.86654666
-3.66683147
-1.19032008
-6.09337636
4.91344635
8.28749725
-9.33760290
-0.95004716
-1.41694709
9.72195631
0.75055845
-1.03223995
-5.93988908
-2.12520281
-7.97720110
-0.16152927
-2.44899862
-11.30912304
-8.73862052
0.22167371
10.04847719
6.74281733
6.44648349
11.28087074
-2.97173580
-2.96630967
-1.48048396
1.97497608
-7.66977077
16.41857714
-7.53041412
8.07468587
3.07043345
2.38397460
-0.34400424
-3.60967367
0.75895039
-7.96753176
-6.87809165
-5.47545018
5.74532611
10.61158504
-0.54607995
1.17756570
0.45955487
5.46113815
1.60851006
11.35532716
-8.57354248
0.00751617
0.01156957
6.12619632
3.97513889
-0.16987848
-2.75897333
2.11167824
-0.38059300
-12.91671231
-12.77166202
1.96483967
4.51202235
-18.33490975
-1.78018048
23.80340274
-0.85813901
-1.07021742
-1.40228577
-1.07714806
5.40917509
0.99039483
2.81263134
5.40659210
-0.78647929
-1.54093088
-3.10355371
0.06036839
-9.67246742
-4.31183365
-3.68064346
-3.32120405
-4.10905784
4.94632117
0.77523386
1.18146100
-1.90962900
-5.87278134
-7.10313428
-1.45816471
4.57911321
0.11684580
-8.70408552
-0.97601417
0.00208373
-7.68703117
3.08820107
-0.01689945
-1.42078251
1.49569070
7.62515150
-9.96610323
2.52936789
-0.68557472
-0.18679749
7.88232687
-0.04860559
0.54854775
-3.78284971
0.46693537
0.85631234
5.19373542
-0.48138471
9.20192960
-3.33034984
1.82397956
13.55193945
-4.57058778
5.11250149
2.85366412
14.73051985
-5.84180620
-1.61540613
-4.18486899
-1.93753845
2.19945100
10.74567411
-4.88640436
1.26366885
-6.39743869
-18.67976209
11.45389193
9.25619753
-13.11075148
3.27301877
2.61558469
-0.57549206
-3.68453478
-27.91725330
-1.37150243
3.40722072
-7.69151303
2.40679533
-4.57437389
0.45441239
-3.93973476
1.74099058
-0.30220055
2.75683338
10.86209498
-1.32918599
12.97740819
-0.41953619
-4.31532374
-2.62584941
-5.18134415
0.04504648
0.17500391
-1.99077466
-6.72582318
7.95992047
7.66440408
8.71316323
-1.81371784
10.64561775
0.20508935
4.53067486
12.20877252
-14.30219841
-7.04689925
-0.07140673
6.13066651
12.91542047
-0.01943676
2.37085037
-3.31466168
-2.39427502
4.62844966
1.37317173
0.73331565
0.77125999
-6.29256781
2.77583501
13.13904003
12.32284097
0.46808366
3.53387244
-9.02361351
2.62108525
1.65564728
-8.83074334
-8.04964846
-1.47303112
-0.48572798
2.18539971
3.70470356
7.11144984
-14.73136889
0.98680795
1.40029784
-0.87690833
-6.55254282
0.68849677
-1.07485087
-0.03758241
-5.09263376
-4.43220087
-2.21676092
1.00000076
-0.69311360
-1.65787370
1.66857444
8.65226042
0.80209386
-0.23073527
0.56089841
-1.90684378
4.93301375
2.43606870
0.06505125
-8.80246318
14.51718633
-6.82057749
-20.93765313
-0.34260570
2.40031390
1.65767473
-4.60276846
-2.21185219
1.80723544
6.84848763
5.38849089
10.88881465
-4.11115636
-4.73360409
0.68056962
-0.21980202
2.47095222
-2.06222702
-0.61425880
-0.07296109
1.62250219
-3.62273668
-0.74261782
-5.14835559
-0.90546010
-1.36966739
3.19828670
-3.20111518
2.11296376
-1.44017992
-0.34328396
-1.31348805
-13.26286357
-7.57000657
-5.32433676
11.36550393
0.85682118
-5.86012231
13.07525163
-3.46083033
-0.72987677
-2.60661729
2.97977818
-0.07966288
0.29939251
2.48445006
5.29800955
0.79456467
-7.01912421
-2.86691534
-0.29272045
0.02589911
-11.65840043
-9.96055086
-9.70778682
2.24290961
-4.59542156
-4.54689755
-0.24071509
-2.38838028
0.36703817
0.23606170
-9.56084522
5.11781249
5.60995014
-11.22675850
-6.53411280
15.36482435
-0.37632844
-3.04102150
5.77651544
8.83805360
-0.08278967
0.95783929
2.32185710
-5.40595764
27.25423496
-12.25131674
4.15608810
6.23587666
-2.73183124
0.99272578
7.57011522
9.87275485
5.57181298
-6.97596486
-13.88742539
-7.23814328
-4.36380978
-4.08863075
2.37420198
2.10941020
3.42321766
-6.75072330
0.05500841
0.26093300
8.59924855
-2.15895401
0.54951074
0.73958510
6.20505177
10.15133037
3.46362624
-9.42159713
-0.34611094
2.75038107
-2.47483252
-1.72745848
-0.13184846
14.52084220
6.40545222
0.05811124
-7.37286610
0.46897061
-1.75028802
-1.30410091
5.22610190
1.98374573
5.78280989
-8.24682638
1.38846449
-2.34547753
8.15694967
-4.44390603
10.07965996
-4.97136917
-2.13958093
-0.06595985
0.28970536
0.47971803
-11.19307582
1.09563609
-0.57662017
-7.47682611
-8.38898302
-1.23122686
-2.11829362
13.21067267
-1.73566550
1.44477546
-3.81847838
2.78433481
-2.47920691
-4.06064890
5.67725433
-6.98754531
2.21465496
9.99191382
1.24294151
-0.01017842
7.97589545
6.59703734
-7.79572326
14.75418537
8.03846613
3.05281534
-6.68029944
-2.70380418
-0.40462087
-0.72320671
-0.58107335
-0.80731035
4.51095770
0.37146036
2.59835799
0.26479971
3.37360434
-17.57295086
-1.09523582
-2.75998297
-3.83452049
7.78825991
-3.51575980
-1.85767829
-5.63898111
1.72240122
2.82123488
-8.79042932
12.54770525
-4.30208163
7.85599301
10.67261572
-0.71051671
6.52372325
1.22843939
-4.82339760
-3.74963622
-2.73931683
1.48023905
5.99234984
5.15023602
-0.63873387
-0.00821897
-2.79351079
10.76983015
-2.13307767
0.91628316
-9.12931427
2.77251775
-5.52759411
7.52582612
-5.50840289
4.31586007
2.66642742
-5.41435963
-0.42840895
5.58718264
-2.90087909
-4.83208780
0.03845348
16.75877979
2.16039318
1.11053356
9.23353611
4.05721627
0.70291036
1.16996861
0.81803167
-0.98340164
-1.41776191
-0.07399490
-1.87637268
-0.04305471
5.99265579
-1.58364339
-9.29605194
-9.83374570
0.02952109
-0.67956467
10.65044726
5.68894956
2.98048739
-6.23718016
0.81279154
-3.99084634
0.00401662
-4.88942283
2.92222782
3.61135749
0.97954036
-0.82664217
9.27347389
-24.06748426
-0.14120742
-4.50027885
6.92459125
0.08450044
20.49693460
-0.37124569
-14.69432209
