16.29524689
6.84270206
6.89284589
-1.52243042
-2.18482566
0.16947290
2.91051369
-1.89011955
-1.54988842
1.69952484
7.61377051
-0.77913889
-16.19301641
5.09088703
0.82508662
0.41785239
-8.47018993
-0.10284382
3.30474445
-9.45842760
1.40074660
8.07288101
5.81555547
-12.64264041
-7.31429944
8.37990860
14.61958075
10.04751424
-8.04121383
-8.41549477
0.12714596
0.20145841
9.06487283
0.15259169
-0.45025643
-4.57275615
2.60115565
20.82463139
0.01440489
0.75974901
-0.26477250
10.49155831
1.95983436
-3.45143610
-6.90849300
12.08441143
11.41288738
9.91425401
12.31726766
3.00629461
7.51306533
-5.20473216
-2.23257016
9.45746587
-5.00020784
1.56370815
-2.23659757
-7.12809376
-6.05684732
-0.41249617
8.56417841
14.89076301
8.96129991
4.61646835
-0.57587385
-10.91390389
3.61797567
4.34669586
-26.76991275
3.61687973
6.30900901
-15.12709413
-2.17154198
-5.84607889
-11.63210528
-12.21148144
-5.40258589
8.76932516
-4.11321840
0.51933732
-6.09199543
8.62951391
1.41949631
1.29673261
-11.22308573
8.71354902
-5.97966497
9.24674702
9.62762746
3.75741066
0.52618009
13.03833708
-0.15163206
-10.75648416
0.08265511
4.49125761
0.15983756
-5.63424052
-0.38679726
5.62929989
-0.54322458
1.45865858
24.72324944
3.40942485
-10.08078321
-20.97308303
10.78152873
4.61279813
-2.55088575
6.77357879
7.67202082
15.93183311
-2.18504440
14.90342510
0.85851556
-1.13238171
1.28869429
-0.50445794
-5.81692842
-2.69020396
-2.20914027
7.96636496
7.93883958
1.02925493
0.36985049
-3.00689465
-25.41457992
8.81120192
-0.41135787
5.85601154
0.31810858
9.27442738
18.87265659
6.71636059
-0.11174063
-14.25328783
2.61106968
-20.94760266
-8.13366046
3.25187900
1.57473462
0.88102438
-1.47030948
4.81609314
2.36287530
-2.22858343
-5.33033612
10.89782096
1.62003824
-0.18273015
-2.87747034
-2.67435146
-2.30582676
-3.71296125
-19.29368704
-0.01032513
-11.56478830
-2.69565203
18.65866007
-1.69394090
20.38517737
13.80223086
-14.66009489
1.61199272
-3.30335049
-11.93755262
1.00447241
-0.59307590
0.47396005
2.70768844
2.52610256
-7.60132721
11.76658747
-3.44244204
-1.17029134
1.73766748
0.00280565
-29.51903298
0.40770987
-5.78353730
-11.43064086
-11.22193314
0.47263460
5.75022314
0.78468828
-0.70765944
-15.11835883
3.66110677
21.13428188
10.26633787
5.50563959
-0.27169025
1.85291413
16.46327885
2.28109317
-0.51343090
0.06097896
-12.88249503
-8.00974004
4.41306207
-2.30572355
-4.02361633
-1.58340936
0.70937062
11.44669660
-6.79249922
-1.80535127
3.39765279
-1.74821506
-0.92149707
-2.44304824
-3.46751817
-0.00794153
-6.06434308
6.66532780
7.17701163
-1.33877429
13.70786305
-16.29889140
-17.95429155
11.05938867
-6.68736835
-9.70960392
-5.67800440
1.99615583
1.21752983
7.60431240
-1.07112622
0.62459138
0.31238838
0.11854735
-2.50788266
-2.21628683
-3.42539577
17.26514888
8.67679017
-3.42255701
-21.39077293
-1.40865040
2.53729416
3.56895381
0.69892844
12.17312429
11.56417801
1.14040883
4.49509347
-0.08778915
2.03396075
-1.01720155
-11.47214843
2.01424047
4.39442314
9.26608559
2.54678264
10.47880179
3.66584638
4.28323237
0.89729439
-3.59535706
-9.50758738
-2.01907815
-0.01046352
-3.59746232
-12.47148191
-6.63430071
-6.26197351
-4.47988791
2.71980401
7.13997841
-16.62453717
-5.47573720
-12.57672525
-5.16579026
0.73909493
0.71073317
-3.48310481
11.51898914
3.42909057
0.29752193
6.91417017
2.47087659
3.77466988
0.34630431
-2.07388766
10.28825560
-0.44686117
0.26773408
2.39586809
-23.24720672
-0.21320633
8.54855057
3.43147121
-0.21193755
-1.03199828
-6.19290018
-10.09067540
3.62383983
1.52136210
-1.53931128
-5.03165669
0.50967430
7.03779578
-0.00060456
-0.72136374
-3.44720191
7.63247200
-3.41254939
3.88796649
0.30458473
-2.14928417
-0.66189920
-23.17968927
-8.62428551
19.18792633
0.28571021
-1.12348097
7.03672712
16.24094027
-13.99958664
-6.11035824
-9.63341649
2.18249918
16.03978164
-23.48650414
8.53107238
-8.19618393
-1.84309272
1.17387310
-5.42813715
-3.65856817
-0.11183179
-8.36095156
-13.40961040
0.56218739
3.41827165
5.97437925
1.67120303
0.48180966
-1.56485220
-12.16900788
7.03926688
-8.83590692
-10.66324549
-4.78237525
1.48547002
-14.62670732
-1.52520273
1.71216199
3.54150797
-0.30174730
-6.42421230
-1.32552979
-5.10724806
4.31428635
-1.01028772
22.01058906
-0.43633498
-1.03080818
2.27042857
3.43174677
-12.22518010
26.10032857
-1.80026554
2.10990593
9.45770897
-1.98222100
5.36233047
-6.90044954
-0.25976580
-0.80572493
-8.99695248
0.11941848
-22.42513019
6.34345928
-13.79420148
0.68875794
-15.14055645
4.83840231
5.13134984
-8.46135933
0.90969979
-5.62429813
-1.64928601
-0.46388986
1.36329282
5.78994483
-4.73332449
-12.46215891
0.48654037
-0.11850591
1.49327046
-0.02101466
-0.16026663
2.50050825
2.58987759
1.20262003
-6.62393069
-4.10630165
9.26841340
8.89371008
-2.23778865
2.67899708
2.63452405
-0.02782477
-9.11366036
-3.29514355
0.41929522
1.43605057
-0.03089684
-11.90469555
12.81099648
-20.33931552
-1.02947345
3.82830441
15.67818681
-5.77896801
0.57971728
-0.88530516
4.24260460
7.65354559
-0.16145604
13.78666781
-14.30394474
6.66627055
7.87440173
-7.45132520
10.16216609
-6.22728401
2.60711674
5.32485790
-3.78175672
12.12589365
-2.59456822
15.98712792
0.15088198
0.83690730
21.63853308
1.95183088
1.46953292
13.18087858
-7.82659046
-6.71100388
-5.82826362
-16.44125768
-16.48648021
7.12088598
-5.68549446
2.88153846
4.18384686
-4.86625573
-1.07471255
-1.84462638
-3.22621795
-12.52565648
0.95499914
-12.26666011
-2.38413581
3.00389725
0.72462312
0.07310558
-0.30196146
-2.76377038
-2.58383571
-2.73137595
0.73518151
5.15270870
1.27907384
0.53752698
-10.34581557
-7.21611391
-2.91451443
8.68099545
2.22641678
13.41893434
2.07585781
4.33687493
-5.25406717
0.53146901
1.32501976
-2.56543995
-5.80575970
2.93185645
1.12251078
0.78558657
13.20458227
3.08806639
-0.96703340
-10.32830535
0.45710670
0.63360199
-1.10118397
7.71909739
1.74765938
-0.00451710
-1.22779987
0.43776053
4.53914581
-4.49452426
-2.85532196
2.66163972
5.64395418
-1.30617743
2.24726006
-6.68928741
-13.82234561
-0.38156009
4.76550535
-12.28845676
-0.30450825
4.59757866
-15.52073302
-5.27740312
1.92014083
1.11839621
0.66169151
0.10975543
0.28640774
1.22602062
0.01800937
10.51420047
-6.02832039
2.63298370
-4.81898554
-2.42976616
-7.81851219
-1.48739821
0.22857185
4.73007972
6.22340781
5.09498491
3.33616563
-12.34739330
-3.17265188
-8.45732461
-0.90291359
-0.35457796
-3.76405321
0.77901000
-0.25824689
14.57884892
-13.63437894
16.74105769
-12.27771468
3.25898225
-1.20489058
-6.54205739
0.72012644
-1.45603222
2.29125244
-11.66730570
5.51117672
-0.79284222
0.92298199
-9.60283604
24.40229946
0.56711284
5.26681569
-3.85912705
2.22744546
2.19498018
-1.66301993
4.24584560
-3.22850403
-13.19643256
-4.55123414
1.06739094
-0.08028805
6.59682598
-8.42159239
-4.66285222
10.07281591
10.57101469
-3.29314485
-1.97477136
1.37611000
-0.02399375
17.89155821
-13.80759758
11.85877918
4.72374156
3.82300193
-3.44041491
9.02860684
2.23263670
0.01496474
3.33265684
-0.21525207
0.62294700
-6.35231900
8.90861424
-9.97966722
7.90316806
1.53396873
-2.76066275
-5.25869632
2.69723951
-2.72618002
-3.10598993
-0.00044895
-0.21993123
3.27937205
13.78620841
-0.39924515
-5.30999410
-0.93966828
1.49676854
2.75177881
-0.70410727
4.98858935
0.15746579
-0.42061478
-8.34793960
-0.50626343
5.86239900
-1.88709263
-6.01502387
15.05777611
8.99257029
-0.20368128
22.83048556
-6.34636679
-7.08040328
6.04360738
11.47351061
-3.42748054
2.34324184
-6.78262526
3.25622699
-0.12315523
1.41753533
-0.18657094
1.49642766
9.25897215
-10.97603665
-7.26278432
-6.49320542
6.57502646
1.48797669
6.22260282
11.26090062
-5.75690135
-9.54045123
2.98246758
-8.72305700
-9.57177799
-16.22885210
-11.78623016
18.69939771
