-4.22559083
3.26874182
-1.21962936
-12.23899449
-2.41039673
0.53975207
-3.47898059
0.00360595
0.07383117
-6.17647885
0.38155462
-2.74904892
0.06802806
0.96016922
2.72971810
4.26613519
6.28133159
5.53328577
1.37735327
1.89673199
-11.40080896
-6.46036044
0.84959757
-2.33934090
-3.68237141
-4.15622019
-6.52326188
3.36777953
9.40444357
-9.99487431
-0.89190870
-1.82160316
10.78130547
1.27996869
-0.63043918
-4.64193942
-2.25584065
-7.69383737
-0.51900597
-3.11472693
-8.31241374
-8.50031710
0.26503052
10.88073411
7.32410752
6.84145311
5.02527132
-0.47444799
0.93100063
-1.19609701
1.11241206
-2.63861697
16.75783312
-9.20421624
7.53014769
2.45820081
2.05739326
-0.12698243
-4.54243881
0.82970829
-8.16644090
-10.69173587
-5.57345736
4.56115802
0.66283289
-4.01742872
1.21152248
0.54646879
4.80416894
2.33723105
11.01796480
-6.93033498
0.00685202
0.38508420
4.72666314
3.89243961
-0.05563765
-1.99810411
2.23541166
-0.48741026
-13.47386903
-13.51702565
4.14849881
0.75198875
-4.67738536
-1.55620464
6.46282385
-1.52579626
-7.12088553
-0.05730337
-1.24010446
6.11535379
0.84612079
6.73360290
-0.00194439
-0.90813143
-1.03447930
-2.26660801
0.71757595
-10.77278827
-3.57183492
-3.31351337
-3.59859129
-4.89787612
5.07541897
5.60427340
-0.25948394
-2.06760765
-5.08672179
-7.01966536
-0.86961840
4.88434107
-0.44984683
-7.38497556
-0.62816949
-0.00914534
-1.25557794
2.86274801
-3.47277662
0.81749928
0.07976142
-1.97851414
-0.82466764
0.03300593
-0.66894483
-0.63959105
7.95101321
-0.10159093
1.06845474
-4.28136112
0.41342845
2.96740720
4.95598009
-1.29417531
9.69354283
-3.34050155
2.26148581
13.76788813
-5.49192656
-1.33313221
4.66167021
0.66128270
-4.44411586
-2.06487921
-4.59792526
-1.83999603
1.72988448
9.05168967
1.45982847
1.09084339
-6.87536754
-1.56161098
10.06520374
10.17757095
-12.94415117
3.27815366
1.83495950
-0.52409453
-2.25732028
-9.49020770
-1.21481043
3.35244700
-11.52561859
2.95805668
-2.94662666
-0.26076604
-4.43056299
2.06308655
0.30545773
2.38515851
-1.62723305
-1.95015069
11.45327125
1.24808198
-3.30441290
-3.12582343
-5.42386086
2.70019104
0.38515320
-0.07643645
-7.58111490
7.47616964
9.20392499
9.00152661
-2.27385368
-0.12082941
-0.39997358
4.29296369
12.17123279
-14.18720220
-6.69288458
-0.03714465
6.99234733
13.11401881
0.00197488
2.92500461
-2.97818455
-1.11835966
3.68918637
1.49725702
1.60738333
0.08795903
-5.74363943
2.43389957
5.84977406
15.20684010
-0.94510688
6.44184703
-8.67716939
3.04863606
0.27232936
-0.47869305
-7.17127875
-1.24203794
-0.26693350
2.25780493
4.05696843
5.40179885
-9.55714998
0.46452332
1.61566624
-1.89553521
-4.64057912
1.04344592
-1.02039228
-0.09734688
-3.04030876
4.53340078
-2.43821599
0.67265138
-0.96528815
-1.58173931
1.29206025
4.54139544
3.36895961
-0.11552736
-0.01829026
-4.88751357
8.06735841
1.34491347
0.72643694
-1.47819729
-6.15608884
0.49179844
0.02458620
0.47478110
0.00762880
0.91625952
-5.05078114
1.44219750
-0.97302033
2.29870274
6.56215106
11.57934637
-4.27733252
-4.72486947
0.75736969
1.04478848
4.78907761
-2.07300300
-0.03106006
-0.10278665
-0.06673957
-4.17654748
-0.24789453
-4.42299268
-0.70126877
-0.98212942
3.27234921
-3.13375055
2.17823365
-2.04586870
-2.48984994
-1.35665823
-14.25826546
-8.12218888
-5.72570034
11.64940638
1.29690468
5.12948058
12.85666413
-5.28677908
0.03169565
-0.97660443
2.39600775
0.09895730
-1.51361881
5.67141116
4.89523415
0.66565370
-6.96644645
-2.67264038
-0.07842358
0.02456817
-11.92698414
-9.95783958
-6.02121024
4.12790988
-2.87685837
-4.10751918
-0.02260330
-2.52053202
0.42678706
0.56155053
-10.70888250
5.76745242
5.15155379
-11.66104779
-6.99111069
15.97722504
-0.49633376
-3.10320779
6.65715505
9.90656781
-0.28814787
0.52195254
1.93210929
-5.55526827
9.64684202
0.71522549
3.57692283
6.88667730
-2.47165137
1.51331151
7.55489157
11.19522846
1.68611618
-7.36439955
-13.11612962
-7.31897734
-4.08176679
-3.78816372
2.02454503
2.35652832
2.21342351
-6.84122063
0.86393245
0.94759906
8.70341942
-1.82339235
0.26575403
2.48840640
7.01626698
10.00385202
5.27639781
-7.76254555
0.01146740
-5.19064985
-2.16289851
-4.10173634
0.55149482
2.97295382
6.76982344
-0.00797338
-8.12802269
-0.75455703
-0.73123940
-2.16092669
3.96785766
1.65872574
6.11175571
-2.84048336
1.13265512
-1.27598607
7.85437190
-6.33852356
9.59737470
-3.62243098
0.48197438
-0.03078698
2.39186859
0.20962047
-11.44639944
0.75495142
0.13785797
-7.29209243
-8.52485040
-0.87355225
-2.21691920
13.43865597
-1.84564169
1.22972161
-3.56218925
3.47625335
-2.31476111
-5.41881724
5.96723382
-6.57041212
1.26160948
3.76968690
1.34546101
-0.00994168
7.75635848
5.74526243
-3.91475155
-4.62618150
7.71510969
1.90033403
-7.61589024
-1.23316892
-0.36570331
-0.86842150
-1.77003753
-0.82186900
4.14798267
0.50261296
1.67880127
0.25647968
6.11585485
-18.19772825
-1.56694945
-0.81419319
-3.85320339
6.01740887
-1.80011495
0.97729594
-7.21533522
1.94452324
3.52401828
-8.65414893
11.43248248
-3.75501837
8.43544851
3.39652404
-3.16526169
6.37953766
1.86248106
-3.83330194
-3.72516913
-3.54558622
1.51050833
5.93517579
6.07499322
-1.01454137
-0.00744030
-2.65715600
9.45243633
-2.24315527
2.94289013
-8.21597197
2.32312427
-4.65086425
6.64546373
-5.33430221
7.77567293
0.39220903
4.14425090
-0.98216814
3.94454254
-2.19962220
-1.80041249
0.09879243
16.64444851
1.82845730
-0.84026660
-1.57354089
4.70086628
0.83690997
1.31894157
0.33622363
-0.83942293
-1.73241761
0.00137694
-1.91584704
-0.00550481
0.32047429
-1.12801999
-5.08067345
-9.27048630
-0.00465064
-1.80846370
11.08987776
5.43361509
4.98369581
-6.44442884
-0.10712518
-3.43901015
-1.01387157
-8.00233638
2.78718092
