-3.19915223
4.61343524
-0.97200234
-11.28881752
2.61907304
-0.07487097
-2.54839590
0.55420343
2.81036742
-6.90027539
0.81776246
-1.90732106
0.00119348
16.87476927
3.01335696
1.68293115
9.14651246
5.88348263
1.67622596
-2.92092819
-11.92347655
-3.57407892
8.46500498
-4.99036918
-3.57485650
-37.26237536
-7.63133278
4.59729549
10.39566354
-9.44592516
-1.05753669
-2.27731286
14.05109140
0.82103774
-0.88438061
-8.40727290
-3.61432698
-18.78201868
-0.34902154
-0.56694550
-12.47488202
-9.33056270
0.66926874
10.05726951
1.29808537
4.15930535
6.97185810
9.21310736
42.69172579
-1.17009617
1.08830523
-9.94491923
21.88687033
-6.37659228
-6.59978389
3.12183280
2.50516009
-0.76079418
-2.52114306
1.09420642
-1.25646305
-8.67887050
-7.06473387
6.75496947
-2.00118313
-2.28844939
1.64391212
0.81479086
5.52984263
-0.47473806
9.80382856
-11.88069413
-0.68191401
0.49286203
4.89648794
0.45835639
1.52272099
-4.54301825
2.40359314
0.17588901
-26.06335643
-5.51409211
0.13001714
0.42829682
-9.21985967
5.91480254
1.91612599
-0.23329648
1.50400680
-0.79586418
0.72420857
11.55135925
1.07884193
-0.69768259
-0.33610328
-1.02270001
-1.15000483
-2.44078986
0.43474626
-17.78500868
-3.45762729
-4.01877197
-3.20854449
-6.70256228
3.38942752
10.29543042
0.20521816
-3.95117702
-8.46628260
26.06706753
6.13284560
3.66679130
0.47906653
-9.40970647
0.50578929
0.00127310
-0.02119712
2.61687728
-2.87367322
0.85607283
1.04206926
3.70790309
-2.06603486
0.00818267
6.65005343
12.91995170
20.12881049
-0.16071547
1.04734857
-5.33370384
1.60271209
-0.81493775
-7.58393545
-0.73505010
11.73501978
2.11034364
1.56279632
14.86202129
-14.68962857
-1.70662201
2.04834943
-2.20169071
-7.20779714
-1.99756242
-5.29890493
-1.26900031
0.23992227
20.02338212
1.60385792
-0.48790729
-1.83231485
1.12094543
11.23003671
8.53436689
-12.37474562
3.25848394
4.52471240
-1.41047010
-3.39252049
-6.43461889
-4.67879612
4.07856358
-23.65408514
-1.68669448
-4.62861532
10.11564543
-2.73203350
3.72372618
0.76366285
1.52991769
6.04774357
-1.29819080
15.24171387
-4.52933653
-6.40235337
0.44015093
-8.97313596
4.40207997
-1.18743368
2.05273451
-5.04441033
6.84631373
6.44403682
12.54960131
-1.35072399
-0.60476653
-2.92828549
0.04831683
17.21479227
-6.00420195
3.17859210
-0.09437043
3.38792235
10.14627939
0.00478235
2.75486516
-4.05706499
-3.87545716
-6.68984183
1.51176063
-0.76407453
0.79512361
-5.81221031
3.11279356
12.82386848
12.15721478
-0.51248904
9.66032512
-10.81023000
-0.83449724
0.73872213
-4.35823271
-9.55198175
-4.37610236
-1.50503813
2.03911866
4.69198018
9.87698813
-14.45662247
-10.21261560
-7.89506820
1.39839400
-6.85146919
-0.41688837
0.23386144
-0.00875351
2.01787262
-5.50803033
-8.03137440
-0.53365542
-1.11312224
-1.56315019
1.97476827
5.26409549
7.20507235
-0.10870330
-0.02819547
-8.45999620
3.95047734
2.28108338
-0.04909778
-1.31040818
1.92980678
0.21949456
0.47829787
0.00633825
-0.94488453
-1.62443267
0.13444406
20.84178014
6.03500795
2.53483727
-30.45929815
31.54463486
-2.39024761
0.55042652
0.73811263
0.42647951
-5.28694032
0.96551486
-3.19624695
-0.09752533
1.41009065
-2.74478667
1.77788139
-5.04216828
-0.91173210
-0.24993023
4.43653736
-2.97865192
-0.95229313
-4.91020444
-1.13590984
-0.92095350
-8.97343278
-12.90170176
-7.88721886
10.47098412
1.83159728
5.27463655
14.56825425
-2.97920596
-0.12150994
2.44196489
6.75552834
0.31115274
-1.13578340
4.51220447
14.44390953
-3.12774448
-4.30001591
-0.54238195
-0.46167309
-0.44792519
-11.07085787
-17.21682668
-3.10444375
0.51144178
-1.23544667
-5.94201090
6.14222910
3.95652403
-0.62313134
0.25907797
-8.89252996
5.74020868
5.67074652
-10.65017721
-7.74194922
24.18358447
0.55459290
-3.81391921
4.77605918
9.26740037
-0.07333770
1.28790763
3.33947023
-6.94390514
10.46962596
-3.45131201
4.49421641
5.70193880
-3.29063118
0.73061224
-8.37146538
23.17420319
6.35567516
-7.95974592
-13.91003069
-18.32729863
-5.03665650
-4.66742239
5.93998185
1.60733431
3.30275182
-10.07194601
-0.73128510
0.08235152
11.66952490
-3.86066661
0.39581556
1.16264941
8.10572259
10.65564924
11.45892218
-11.85136768
-2.58644430
12.42050133
-2.22749702
-1.44783929
-0.26814235
0.90831684
5.80357706
0.02920565
-9.68864041
-5.12624668
-4.73192095
1.51075198
12.32254186
-4.06405543
2.01945635
-12.14875043
-0.57184059
-1.64257560
7.44459931
-3.02101003
11.48913796
-7.05096501
-8.31817374
0.01801650
-2.87881267
0.59252033
-18.48333927
0.04555181
0.97641939
0.32605451
-12.40936372
1.05260658
-1.23971225
0.03819929
-3.38804266
-0.43100557
-4.17348646
2.61011368
11.08021798
-0.49086445
1.46286645
-21.53164843
2.21215690
1.77212474
0.84293016
-0.01206041
8.47999594
8.00901970
-0.13489361
-4.81183493
-1.89325595
4.16040670
0.70081720
-3.48040499
-0.12249468
-1.01892700
0.14127712
-1.22732027
4.97532888
0.40064082
2.46018664
0.34746256
2.85888012
-17.10181684
1.80786595
-2.63320770
-4.72372687
6.71167034
-2.28192459
-2.59174686
-4.47144879
2.86516527
2.12887943
-6.25736357
13.04854403
-4.41869171
9.25144818
5.63415182
3.64053688
8.33885436
2.87436127
-2.73805779
-4.35476076
-2.23909363
1.99109835
8.45022500
6.83612222
-2.32690175
-0.00812586
-3.50381884
15.22217813
-21.20783536
2.78955377
7.83940484
5.21479966
-9.53323029
4.87354261
5.30045860
6.90863832
6.56000652
5.47486056
-1.15252085
6.98431045
-3.32445875
-6.80817809
-0.31683793
-12.15157442
10.06917253
-1.50180762
12.83510502
8.27735028
-5.62758356
1.92176998
6.04557488
-1.07151192
-1.12755975
-0.03666310
-1.26710115
-0.00967753
0.00294399
-1.98550967
-6.54772691
-13.83832993
0.36733058
-6.60224436
13.66358761
2.59050637
2.98360519
-9.08493049
0.67617665
-4.52125011
-0.95959399
-3.91339865
3.50520043
5.48886102
-0.01552281
-1.99181257
3.25122259
0.14994624
1.64847799
-8.53567060
1.34743853
0.33019731
3.16740518
-0.78371360
-0.00567858
-0.44779421
0.62730258
2.06069243
0.61850833
-2.69721600
-6.61214939
0.00572303
-19.47903257
-8.99196768
-11.90648167
2.38077586
-2.26987953
22.15857341
-3.53436799
-20.15896263
11.80929395
19.66279645
-23.77555374
-1.11531787
-8.57622148
