17.35259161
0.72366815
8.74694310
-20.19529711
0.02006783
0.02710502
1.65598717
2.00037846
-3.34336301
-2.82507966
16.48186863
-0.22860380
-15.80258335
16.26307706
11.24726822
-3.92983066
-2.01881429
-1.11469982
-13.64906606
-10.43322851
-5.36221030
3.34086523
3.14996999
-7.33583473
-3.91148757
14.56915534
-4.47000817
7.21194600
-14.38415610
10.60166763
-0.23810250
-0.07416288
2.00968416
0.68110508
-1.02214358
5.35285914
-7.49094503
-1.51397795
-1.45373394
0.01119397
8.17254001
-3.06599781
0.14517738
5.09082636
2.50648658
-10.75733166
10.98061657
6.31506650
-4.48940618
-1.86109805
8.07473806
-6.33836304
-2.64644787
13.85555666
0.65869291
-4.16854469
-2.38051330
-0.28270063
16.10968036
-0.00759286
-10.36534740
-6.88151334
3.09335478
-0.24480528
-0.95572663
13.60796356
16.88284229
2.65678739
-12.79504198
3.80613164
-7.37846279
-1.87511654
-2.59727764
-12.79590797
-5.64024710
-9.04839289
5.87475552
6.33020628
-7.43035171
-2.62489541
14.93265058
11.81024296
4.99473872
2.17469898
-6.64380152
3.82307678
0.20810202
3.95876097
-0.03488823
-2.89235728
2.09746091
10.62379160
-0.76699121
-17.75719352
-1.50536757
2.31676324
-0.35068005
-0.58220125
-1.30524325
-10.75496836
0.51554356
-0.29392444
17.94652475
0.74825153
1.93372150
-15.67202978
-19.77873412
1.74193568
-5.78094332
-17.16954418
9.24425595
13.33025090
2.42904219
-4.11071024
0.27198005
-0.80209027
1.03620895
2.96211155
2.00775346
-1.98326565
-2.22183749
0.78935604
-4.19231018
-0.34829237
-3.77508432
-2.64588884
-2.00380722
-8.42860772
-1.34400533
-14.65305315
-0.74943099
5.37232316
22.34112924
11.66257859
-0.44303890
-17.09157625
-3.08726666
-26.18383119
-1.51185060
1.42070799
-2.13159890
3.61390779
5.15655864
5.87990236
-1.92905685
-2.26351713
-4.28253543
-3.25860787
1.18998325
3.66070526
-6.25797835
0.79534011
3.47358892
0.34818395
-21.71698213
2.56661303
-17.10755741
0.37064575
11.98905711
5.89233014
10.29451065
4.89967435
-2.32747630
12.29603592
2.16408396
11.45507460
10.17050305
-10.06311629
0.43244152
10.49045928
0.82509995
5.21239517
-2.07029145
0.30972678
-7.70144782
1.80800047
8.66193183
-15.87030845
0.10511887
-9.66435304
2.02066353
-5.18888112
0.72149917
-13.48337519
-1.58711041
-0.81438427
-18.81734587
1.45153348
1.71089149
7.04861645
8.74228511
0.04793560
22.08470405
1.12245961
1.23259445
0.11873728
-0.59255626
-11.80624283
-12.86756873
-0.65430475
1.73999239
0.74429876
-9.78758164
-0.02577453
-1.70003784
12.18640203
2.10239048
-4.33955624
-0.42594552
1.89884360
-1.51496952
-4.88471184
4.24350336
-15.30203176
7.37575219
-8.04189742
-0.31465606
-3.79059450
8.63726583
12.69341139
15.62509016
7.33400611
0.04858654
-1.27001404
1.57933268
-0.64938261
9.06756290
0.40553403
4.31582835
-0.00369054
-2.04648758
-0.03428823
-0.69483912
-6.96777024
13.97058478
5.98392600
-12.41901924
-2.72161828
-4.85162427
3.74034184
0.20465953
0.52136211
4.96053027
0.35485046
1.14823392
-18.07948063
0.82121643
1.24642386
-2.31654310
2.52171826
0.06681530
9.77666871
-0.06546754
-15.31507618
-2.21211294
5.51043476
0.45286223
1.35830684
9.42357174
11.01759341
-1.07699086
0.62518517
2.98265150
17.02965219
0.42474449
-19.15942362
-5.58869147
2.82146827
19.04266711
-17.61727784
-11.89466625
0.87298238
0.96934567
-0.43102390
23.64054407
8.56922387
18.03451977
-0.31485048
0.66317006
-1.20886284
4.40400056
-8.74961640
-1.81059883
1.57889592
14.27046265
4.41305873
3.78677228
9.18171410
10.13023874
-5.12048843
1.28862419
1.84654243
0.01205899
-1.46914915
8.97510836
-2.81595837
5.08172978
6.90627981
-2.05256090
8.35398977
-3.13703113
16.21320905
0.04529366
2.35570340
13.78982400
-15.42186152
-8.08689727
2.50387481
-1.96090034
-5.05420064
-6.20727405
-5.27763295
-15.85328083
-13.97239335
0.49906382
0.00199539
-2.37290747
19.55533514
-14.73537483
5.28476325
1.00360429
12.01937128
0.37949343
4.06800934
10.54110283
3.33904936
-1.48974443
-10.80665815
-3.20681541
22.45941910
-0.91325250
0.99470455
-5.79338436
-1.24515721
-5.11926747
1.10555933
-0.62180655
-0.00969698
-6.10946632
-8.50256315
-10.09003271
-3.79754617
-3.27918013
-16.81906097
2.39305133
-24.92554998
-0.56498460
-5.38029218
-5.63178915
7.19477327
16.17517884
-1.74021329
-10.95568324
-24.48645854
-5.35286417
19.78314386
0.05815238
-0.82075977
1.26051787
8.63159768
-2.72089304
24.09863514
-2.03601717
-2.69619838
4.37544579
-0.97508028
3.69616609
7.94155143
0.61323813
-0.53236637
14.55298324
1.14840996
-4.86347257
4.43495145
-4.58513946
1.43274396
-7.75446715
4.17937184
5.94798739
6.49042995
0.47814782
3.85736699
-0.80232825
-2.23124422
-5.29931030
-8.20265778
-0.01217068
-1.03527826
0.42094607
0.77936543
0.78729816
-0.02449429
-4.21065386
3.22604524
4.21523264
0.36463851
2.34268332
-1.37889067
-3.14157541
8.13396895
-0.48857596
-4.21759991
-4.98114777
-1.09853983
-3.36463641
-0.57840522
-1.69876373
1.94953595
-2.29733191
-18.76581611
12.40905673
-13.98730043
-3.69325709
3.26251269
6.28838275
-4.65620376
6.44888707
-11.67289694
4.43108822
-3.88742436
6.01119375
10.10369881
0.86548171
4.40887826
4.16672724
4.76642986
6.52497379
4.58534663
3.62724858
3.90523131
-6.70610953
2.12091892
-8.44969470
-4.75086801
0.67902132
6.67344930
-21.06903291
11.48943925
3.48574350
5.46280887
-13.28072464
-2.58205852
-2.59106864
-23.03352365
-6.12971822
1.65486743
-3.98819310
-1.62526120
6.49136792
-0.66902871
-6.01764438
-1.47233101
-22.73630102
9.35500853
15.03723026
-20.73570913
-5.80398790
1.71978289
1.80004328
0.31740234
-0.56772256
-2.87938377
-0.26863087
-7.36026447
0.38030435
13.50833169
-0.87865069
-0.25335567
-12.91998718
-11.30388721
-6.70830062
12.75336896
9.61463181
0.44793713
-0.01369556
-3.14913777
-4.11996646
-0.03165947
1.47052180
-7.83122331
-3.31766878
2.17778178
2.18177623
-2.20398280
9.47966690
-1.15013291
2.70984988
-2.87920742
1.38621146
6.33002692
-2.31970459
-4.31441801
1.09605406
-0.00480084
-3.01525316
1.48486441
-6.11825660
1.93669798
4.08827536
-3.28072601
-2.24537212
5.40587736
4.52497947
1.62014167
-10.40789382
10.30864762
-20.32955135
-9.88261921
-0.51327232
12.45913889
-2.44489939
-9.39766321
2.40724641
1.17769533
1.68218675
0.58300957
-3.35205263
8.56404289
3.11538911
-14.32803559
-3.52624798
-0.62092431
1.96104604
-0.43400148
-8.71165978
-7.04652456
0.85504054
-10.68387076
12.98364478
-9.05461333
5.45031971
-9.00257822
-2.93259312
-15.05586164
0.39340063
-5.51423768
5.78934633
9.61477368
-2.97007289
12.80520776
-11.58312014
25.10542463
-11.25908203
-2.07029557
-0.11828664
-0.78805258
-0.34784063
0.08469489
14.71866631
13.10280938
18.55699755
2.79839053
-4.53710764
-6.83812270
20.90055757
-7.75004439
2.81838285
0.84121149
1.90833817
2.55043192
-17.05296789
2.89385657
25.47033455
-12.05550183
-3.99825385
-0.55427506
2.17486609
4.44893267
-11.77028934
-7.77094505
9.20336669
11.70568125
-2.52769534
0.60487653
2.38793114
-4.37011247
-9.53398466
10.21694195
-5.53282851
4.31917852
2.77660214
-2.27429670
5.75149918
2.71569702
0.01311178
11.86464844
-1.64808920
2.04845313
-4.83310216
0.12111484
7.09824854
-14.56692935
-8.72799299
-0.93709764
-10.25882793
-1.21871105
25.86420768
0.30279815
0.52891263
-12.12228291
-0.96080590
-10.66304784
-1.75934622
-11.74629599
2.12995416
6.31349676
-6.52168139
-3.03420671
1.34443382
-7.42122102
-0.14026050
13.59574042
1.10051564
6.16432049
-1.33103072
-7.82223927
3.95737952
13.19396113
6.82974216
21.32880247
-11.60261967
-0.86452945
9.42142690
4.79146043
-6.13158067
16.07214543
-11.62658531
18.68984129
0.09125971
-0.62344083
-0.58524931
-0.57056231
11.30549878
-4.48690580
2.13824760
-15.77792500
2.51753352
2.07256928
15.27411649
2.88903876
-5.90520849
-7.88474008
-7.92551934
-7.92806009
-0.40232936
1.97894575
-2.98068848
-2.10096771
-7.15214441
-5.86628936
-6.53259983
-4.33770562
14.31587446
-10.11919943
-4.77344540
-19.42330842
0.65934324
-1.70442006
-2.97899113
-21.68460896
1.23389910
7.23967756
8.85192895
-6.37318475
1.13901293
-9.70056434
3.78005005
-10.53379025
-4.95625617
10.25334232
7.00409827
-2.00259049
1.23666040
-0.31157180
3.05951662
2.15130326
-0.00250732
0.22035160
-0.26695681
7.90292524
10.19675928
2.03996311
0.12606504
7.98976486
-5.57191262
-0.58300714
10.60668519
5.14899900
-14.08930668
1.70794213
13.81476783
9.26618645
-1.46474727
-1.33823292
0.23274932
-2.32467628
7.06868382
-1.22929937
-2.63914732
2.13154978
-16.85871789
0.19769842
-16.69354504
-0.10594056
18.50188703
-1.69585748
19.10083040
-12.27801337
