4.89835853
4.36284002
-2.38600880
0.00859126
-0.15991331
0.15748867
-11.49531271
-3.17633413
-0.71957278
11.04113985
14.07812581
1.54142484
-8.33168668
6.57546394
-3.42116254
-0.48205109
13.26055866
-0.40156235
-4.92634473
-2.12405087
3.09194379
8.95333905
11.88350904
-2.67468640
-29.25769068
1.78017890
10.71256226
-4.47684295
-4.10731376
-2.18054011
-0.34325833
-0.31298597
-3.04294241
0.36023767
-0.36378901
-4.41551357
-18.43048089
10.33596375
-0.99297949
0.59228146
-20.75610635
7.59434475
-13.95465630
-0.29141534
0.15227652
-1.66457225
6.80459163
4.20529175
-1.14423441
5.31020441
7.89500112
-5.74308090
-2.97320597
6.19560010
1.64470021
1.49797011
-2.14563389
-0.13354657
3.24453553
-0.37030354
0.58339071
10.79230868
-12.75668861
1.90871467
-0.69577316
7.06339106
-8.69803463
2.30949381
0.51722557
3.49615595
-0.21590859
-3.97084672
-0.58249680
-6.31325037
-11.24623690
-5.25669972
-3.75091692
8.85412060
-10.39396535
0.14838105
-3.30380613
4.25526190
0.82017628
0.00215634
0.96136785
6.94272836
-2.81986999
5.90280827
6.88832814
1.32330618
0.63659028
16.16802081
-1.20518661
-7.62763156
1.74845322
3.95225477
-0.00501927
-1.90766833
-1.13286670
-11.71042359
2.38152578
5.21362866
-3.42021179
10.36732403
-15.75847019
-12.02869442
16.01159732
4.26429997
-6.92139385
-13.26099000
16.11717095
2.11680475
1.97369233
20.96021428
-0.99122166
0.01142664
-1.40057918
5.27632659
-2.70117981
0.98510921
3.31313629
4.12678623
6.72756034
0.39451215
-1.52673434
-1.58164561
-12.89624814
7.88508547
1.20519039
2.33818009
0.37488611
9.75605729
8.23754648
6.28385696
-13.57972034
-12.15621476
2.61856305
0.29436607
-8.51090213
4.74109961
8.22525840
6.43232895
-0.47556158
-1.98443579
8.84587347
-3.35980227
-0.06907285
4.12861745
2.46097863
0.82622843
-5.83744917
-2.09165920
-12.73342275
-21.16059752
9.21929213
1.61657745
17.20586924
-1.19037495
12.17709788
-1.87552412
-3.48998372
3.94659712
0.93060624
-9.82177671
-3.41161840
-7.96630084
1.47437352
-1.16735562
0.10202295
-7.50443854
1.92399205
-2.27166757
14.85778929
-2.11114383
-0.59072700
0.38181360
5.98351448
-25.33181857
-0.21644333
-1.00432785
18.97412605
-13.59914730
-6.04626498
5.99047507
0.39189185
-0.99895589
-6.38248777
-6.29346782
14.48428445
-17.44015507
14.44220791
-0.49809553
8.07500988
11.61121039
1.53743699
-3.75750608
-18.39638975
-5.56463172
-19.63645243
4.28721697
0.66892464
-1.34915546
6.74766755
-0.90241717
-2.32423124
-14.09510351
-0.27465533
3.95252924
-0.49368044
5.79551810
0.86803088
-7.31205973
-11.22625728
-6.62038662
26.35623408
-9.46661645
1.59966272
6.70766513
13.31952392
13.23162764
5.75266070
3.99914253
-4.16545534
-11.45974708
1.70009939
1.35320542
2.11126796
-8.70945105
0.64457850
1.03323215
-2.84958809
-1.17426396
-1.52664075
-4.16207558
7.95109745
-5.26440537
-3.75812381
-13.03482864
-0.89782942
2.19774967
3.99813331
-0.00787335
15.23502498
9.16237518
2.09565659
3.66465478
-0.13265460
2.19725331
0.01476132
-9.29351919
2.33332459
2.35882263
-2.18832648
1.89572731
3.03069514
-0.40307850
2.67634709
0.45752340
-2.56530626
-8.70267655
-0.34853150
-0.04656836
-3.14061398
-1.97577972
-5.84231668
-7.65844689
-5.30177575
-2.91337311
8.94142339
-13.59772073
-5.30006798
-19.03616425
-5.04410219
0.33499264
-6.15861256
2.14964248
11.05211758
3.59769556
-0.00829075
6.68974097
-0.55007697
11.68118785
0.51893408
1.62029269
10.97101389
-1.69996126
-1.86159004
-4.34351895
-0.27767844
7.34772452
-1.59847139
0.06316007
-1.24671319
0.00960136
-11.02200277
-9.46282284
0.24547187
2.71252356
0.20160030
-11.30315665
0.31992694
6.71074451
-0.00682500
-0.94541229
-11.30921272
29.51157362
10.09934982
-16.02849430
12.32060191
-21.22247308
0.86854446
-6.00657015
5.08846572
-2.45508239
-1.24635247
0.79913492
8.23498754
12.68917804
-3.53599262
-1.20952990
-3.14259455
11.58829550
-3.28398330
1.40760659
4.92534734
-3.72262431
7.08092151
0.79688841
7.23886859
5.51864030
0.48353429
13.71368637
-4.30288423
-5.24186207
2.57412936
6.50538028
1.13709383
0.99555587
-2.05694849
-7.39804100
8.29914734
-7.68139368
-8.26913716
7.12002220
2.37911297
-16.47195734
-0.54169421
-3.61668391
7.33649085
1.97131302
-2.14511255
-0.27340110
-6.22207636
7.72784515
1.17961120
10.96131798
-2.36310389
-0.77215442
7.42060578
1.71039681
-5.89741594
-20.76837389
-1.72305688
-0.36239430
-14.76314692
1.14058586
9.72634728
-8.16018385
0.65606192
-0.02161049
-6.33657767
0.13954046
-16.97761616
-2.76246633
10.87883192
4.29915452
-3.48183549
8.09494365
-11.07339812
11.19711547
3.41222362
-3.11901855
3.99455671
-2.22579267
1.50268578
-10.03178031
-7.07288580
-18.15311250
0.84556049
-0.28625201
-3.18263893
3.12168517
5.73761517
14.16870339
1.67860013
2.62362273
-2.65489327
-5.90272582
2.58371864
6.17310806
-1.69310380
0.61582864
-1.35990872
-0.65533488
-6.99981815
0.65299093
-3.55550697
0.26888040
-2.44234769
19.20687442
1.10672163
9.17508968
3.97261052
-7.41560021
10.32880370
-16.19421094
6.16652807
-0.98992956
6.80578198
6.23719360
-4.38070410
7.97172573
-11.72773866
5.41550749
12.62637286
-3.26465389
10.17300153
-6.32774536
6.66758148
0.24342138
-10.78883263
9.33838993
-9.41222313
2.16728547
-0.00370011
8.77997971
-18.38988397
15.44766210
-0.29649390
-11.39063822
-8.36196467
-16.81529979
-3.70778722
-10.99638405
-17.77585680
4.30302170
2.86536778
10.73043717
3.34902118
-3.15492594
-3.65212673
-3.16476317
-2.11411909
-14.12168358
-14.37024681
10.09520857
2.23681976
2.04790884
0.00020053
-0.17850606
-0.55879252
-1.25260352
0.18967206
3.64028455
0.99330883
8.16805903
2.57056082
-5.09067065
15.24515346
-10.31409991
0.77946924
-5.44761843
3.92772984
8.63465555
2.04230509
3.56662883
-4.39257305
-0.77435870
2.05379330
0.39052011
-5.72823013
3.31222256
3.45073482
-2.21766843
5.19801891
-7.61562631
-1.82304289
-2.74725455
-0.75257969
-0.11882278
-1.30628972
1.07695951
-0.00862999
-0.00136543
0.12190737
1.06554497
-4.15626359
-2.99184958
-1.14495065
5.90539921
4.87698452
3.29369657
2.49426668
-5.82475209
6.90706049
-9.05295167
4.49616234
-1.75844211
13.42543933
-8.27196660
-9.40155120
-4.78306111
1.61274534
-0.00638413
0.87791611
0.95097479
0.57910598
7.54254792
0.74206489
-0.35790521
-3.21692372
1.96070375
-4.68444875
-1.27174436
-4.78436947
-7.44173099
-0.81991961
4.59269675
7.43030166
0.03751744
11.56147711
9.06584494
-2.17398787
-7.00302794
-1.02370013
1.69449641
-2.88068462
2.15841239
0.27633673
11.24250333
-19.00820580
8.93174606
-8.23565428
4.74869025
-0.59591568
-6.94171959
0.97456787
-1.63321604
-11.82173342
-9.65263775
4.43585670
2.43153306
4.93424472
-16.54828093
16.09469622
-3.15815656
2.88372496
-3.51009961
1.82058044
-2.29502513
-8.27852759
-3.56224913
-2.05110729
1.83184218
-2.59840577
-1.18979750
-0.42698155
-0.17318396
-5.42120814
-4.48945788
6.50414689
7.47495471
1.78486546
1.81693632
3.27392018
4.25795205
13.83773132
0.13254177
-4.17608237
-15.58621376
0.96442090
0.65216524
4.70338298
-0.03719017
-1.26868624
-8.75113686
0.84348398
-2.75687222
0.48550341
13.48613889
-3.50178509
13.76047639
1.62527735
-2.86234256
-2.84709408
-0.22692547
4.20649887
-4.99872881
0.09381122
0.60434492
1.95063925
19.08914771
2.19770187
-5.33966471
-0.00097347
-1.02712485
2.00830318
-0.17971018
-6.79197734
-7.52135774
8.52187354
-17.70675565
13.59025145
25.86503056
3.35258072
23.39035541
