-0.00064835
0.14949493
-0.31454719
1.33170867
0.20026358
0.16934233
-1.95795437
1.03412512
0.15110560
-0.62581929
-1.55537491
-0.63615674
-0.12285222
-1.21111748
0.35690338
-0.41045501
-1.33385665
-0.99449582
-0.79554378
1.74099879
0.50779686
-0.99108449
-0.41022976
2.43850928
1.22726388
1.20072892
1.25319466
1.17218755
0.44052219
-1.55619760
-0.02456175
1.07261431
-0.72595836
0.36321507
0.04146936
-0.38317369
1.15240428
0.83114770
-0.09534628
0.00776301
1.35019957
-0.84144410
-0.20633406
-1.92301230
-0.99049322
-1.05326787
0.95842694
1.26455833
1.51952984
-2.41801829
-0.03136184
-0.22151960
2.11019257
-1.83627867
0.92639584
1.86153130
0.08200292
0.03757749
-0.45964136
0.01413620
0.27817687
13.52561981
0.01954873
2.70915672
1.98187134
-0.00857451
-0.27135755
-1.26838237
7.50778208
1.18313388
-6.37125114
-0.16689743
-0.20077771
-1.88230617
2.33164504
-1.07013126
0.01920047
2.89870409
-0.88916717
0.00394559
-1.39530353
0.60890892
-3.23986487
3.15110113
0.90959363
-0.92007537
-3.46048608
-0.01348568
-0.78956851
2.11401078
-1.37971220
-0.94957117
0.00298727
0.34613171
-1.93263331
0.58623124
0.83225158
0.03680608
-0.47608489
-1.34405995
-0.12223811
-0.00341562
0.26472557
0.09441220
0.29372873
2.09248973
0.40308438
-0.49709105
-2.53281171
1.04575695
-3.37656183
-13.51976076
