-11.57174257
4.91504227
0.19683411
-6.03613182
-0.38815101
-0.04175643
-1.63046460
0.14196081
2.43714162
-4.66731276
1.34648745
-0.80614286
-2.95684654
12.17526033
3.64059612
1.25569133
12.00137905
4.19743924
-3.04060124
2.59998339
-11.22468333
10.24850921
-0.51219703
-8.39376763
-2.82790286
-10.72422626
-9.13799294
3.27234311
10.78797210
7.85570350
-1.12375190
-0.26368996
16.29030772
1.92282344
-0.13297469
-7.28051671
-7.86069216
0.66065294
-0.75980246
-3.56183160
-13.88815115
5.39115477
2.62303107
7.13969308
1.82155853
4.14456090
-1.62501970
-4.83755737
16.02441362
-6.76531931
0.30980454
-4.50905669
13.08945151
-8.05279921
-2.08314165
1.73054818
2.61753886
-1.97561019
-2.50354694
0.10675833
-0.57600097
-10.43718998
-8.36712655
2.90732050
1.13233850
0.52181290
2.46148054
2.55305480
-1.02834034
-0.26128555
-1.96848493
-10.31159664
-1.00440550
0.13412254
2.40593823
1.76164289
1.49987693
-6.83401310
-2.17823008
0.17048214
-2.85364629
-4.20304370
-2.61131041
-0.00025925
-7.09361083
4.33053720
2.56161810
-4.36790778
-7.08944852
-0.47927467
5.42767194
6.87141915
0.68921664
6.76757946
-0.24727067
-2.20792144
-1.05494491
-1.98538486
0.29152022
-10.22259004
-3.74374072
-3.67822986
-4.66646533
-6.12073910
-9.08592042
12.40931328
-2.24239328
-2.07942011
-7.81246081
11.86636237
12.14109252
3.44290293
0.45780707
-10.76744549
-0.24105283
0.01098669
-0.66859160
4.10656042
0.15507443
0.89882996
2.21810671
6.10633572
-3.72182170
0.74625430
-2.35522085
-1.07486799
11.51965803
-5.40421527
0.13367709
9.02703996
-0.00176253
3.27217165
-9.40612574
-2.22811581
11.58233106
-1.66967114
-3.72803629
12.28536294
-0.65639025
-0.67937579
8.95941713
0.16014310
-5.07112362
-5.16198058
0.04958780
-1.76010004
-3.98283729
14.78306111
-1.47673146
0.15790475
-3.33331615
0.70576551
12.54220303
4.80666350
5.13248451
3.48394389
10.03323406
-1.53157015
-3.59777181
-5.59850181
-6.68094296
4.36317026
-11.89333199
-3.15942889
-4.84027144
-4.77343778
-1.37770380
2.85337733
-0.05034978
0.05248950
1.16781914
7.36192512
14.65944663
-2.69037482
-4.08133640
-1.96212309
-3.86347850
2.98669209
-1.89137289
1.76042272
-5.96214383
-10.34323247
3.43681318
-1.05440996
0.09332001
0.72545077
-0.05142718
-3.38585136
13.63629614
-5.41350885
5.14813449
-0.00039276
-0.12802432
11.32407834
-0.00930886
2.77462080
-3.70509120
-0.73913154
-11.27799262
-3.09838296
5.62148414
0.81113301
-4.14488781
2.83780491
11.58298260
13.02083989
-0.10284062
10.55644225
-10.23285218
4.17472383
3.92990283
3.77175053
-12.97794257
1.04443208
-2.69851084
0.21004229
3.37272325
6.90605055
-7.09806623
5.44665570
-5.34187506
1.43728310
-7.58850734
-1.80198195
1.62135081
0.02230196
-6.26345914
-7.64308801
-1.24078960
-0.25839897
-2.80036123
-1.54868188
4.79139536
2.21401154
4.24028555
3.16154154
-0.73051104
-3.26998700
2.22895872
3.31416633
1.84190767
0.61759031
-0.95177543
3.22377744
-1.00681319
-0.00652029
1.62746594
-1.81791488
-3.09189012
-3.92103985
1.65450247
3.27491832
-14.52476249
15.20899640
-1.37992630
3.20573724
1.59952106
-0.13891733
-7.99748371
3.41945792
1.45931003
-0.26452505
-1.00465874
-2.24946760
-3.43354261
-0.85923325
-1.15668429
0.70887564
3.63026824
-1.21388470
0.14291606
-1.37341197
-1.64143895
0.02285913
-7.65436171
-14.04886029
-6.33389896
15.31191616
0.60042628
1.12578602
10.59194949
-3.11821133
0.24046714
-0.33963959
5.27787359
-1.57725739
-3.37297036
6.09179466
-18.75007048
-5.24130958
-3.63164803
0.29278597
-0.08010270
-0.96395947
-14.52817073
-12.41899506
1.16044387
1.84877686
-0.96137502
-7.86062720
-0.04558779
1.15241901
-0.19210609
0.69165368
-11.38175436
6.79134566
6.79691599
-10.06061844
-7.73855298
16.90194441
2.79231799
-5.66205055
4.74495132
-2.69674097
-0.38530122
1.44904439
4.38771825
-3.44407060
12.05603446
0.89048832
7.68653197
8.13760334
-2.84697771
2.33184618
-3.44716532
10.56951530
10.83226677
-6.31269159
-15.07609163
9.48196168
-4.06799947
6.63911732
4.68266383
-0.01097237
2.60571857
-11.32889296
0.85450334
0.76824624
9.05553738
0.64694852
1.15365622
2.44818196
8.24289562
10.12588307
-1.31935719
-8.47181152
-0.05081580
3.07901067
-0.56531783
-0.74097351
1.25753324
0.47603474
4.40035967
1.16059517
-10.15572974
-2.15606485
-5.55549392
2.03270737
5.27134401
-2.10126766
18.80021303
-10.12902483
-4.81534930
-0.20951631
8.80807194
-1.26978741
9.77100305
-7.82839174
-1.68393344
-1.41715379
0.97147406
-0.55669513
-18.63071718
0.01721315
3.53745874
1.47460877
-12.99432364
4.73678998
-1.20135411
-0.82585005
-2.64196846
1.94827097
-3.60365247
0.00825779
9.60354927
2.67533607
5.41428876
-7.54833666
1.71423655
4.61389315
0.31719752
-1.19470628
9.92271193
6.97424486
-3.70476073
0.79352519
1.32418490
3.35434062
-3.24327066
-0.99956039
0.01325865
-1.52246548
-3.59473560
-1.10420698
2.93591272
1.63882190
0.28431112
0.50612834
8.66523964
-18.68003782
-4.09985566
1.92975167
4.37362223
-0.63451873
-4.00959453
-0.65280681
-1.10847078
0.53176057
4.66033858
8.18552481
13.99210627
-7.32787603
10.72771022
-1.78382048
-6.26296450
9.93533096
3.10594844
-3.92933488
-3.00384373
-2.70530684
0.83490615
7.80055530
3.65477186
-4.48352438
-0.00937888
-1.22151247
-6.91007986
-16.25276870
-2.79488864
-0.79154813
2.77382142
-14.04959995
2.91481420
4.79786407
8.92157211
8.72531740
4.33854948
0.01406625
7.39594259
-2.36262970
-6.12476210
-0.82839555
4.22270668
12.54882201
-2.48378589
11.27816618
2.22406758
1.75110129
1.01701425
0.37341408
-0.68579016
-1.69516196
0.00482471
0.77138279
-0.01056608
0.19279492
-2.27520191
-4.42378080
-16.55198816
-1.42066113
-3.04915059
14.69769204
8.97825138
3.69668591
-8.50905073
0.52463968
-4.89996841
-1.26069508
-2.16859843
2.80296778
-3.95220021
1.20707953
2.16985423
-1.05342314
-3.23234652
-0.89275428
-7.92983922
-0.60011684
-0.53618536
1.28413296
0.79269298
0.00391002
0.70829868
0.17560656
-0.13209195
1.72925718
-0.58901375
0.36117483
-4.49549844
6.24537603
-2.89508293
0.49607682
0.40435217
3.75514678
5.30920430
-6.47555746
-13.26633355
11.03450193
2.77820954
-16.47999194
-1.51711098
-7.01201228
0.53295798
0.05660714
-0.00397955
2.28542048
-4.88691132
-11.81149610
2.57398164
-4.41568554
3.50591172
0.00962130
0.93556346
1.43454635
