-13.77851537
2.82212615
-4.37852025
2.44360293
0.03001041
0.26164960
0.91271353
1.33308631
2.96845667
12.19992972
-0.51870906
0.68708374
-13.30001436
12.41584657
-3.67393908
2.95022227
0.00142899
-9.31758478
-12.05224150
7.47077518
9.81947993
5.92075654
7.16403936
2.39954318
4.76484010
16.47968982
8.60927234
-3.88895971
-2.57436359
2.40197741
0.00949283
-0.72027803
-1.09165834
0.26663501
-0.98252242
-1.44328552
-0.54393724
1.89276648
-0.65428468
0.71083501
-19.61075776
0.58282536
1.48900750
-5.71898170
-2.16686625
-1.84119724
9.98335391
-4.57346452
3.29607883
6.27157530
3.86803859
-3.19286879
-3.41146788
11.53477452
1.32448683
1.61008931
-1.58370925
-1.00765108
-1.62984775
-0.36462736
-0.84511262
7.00366055
-12.09963117
2.11153136
-2.94240685
7.65715994
-10.94409304
3.46479198
-3.15979406
3.09244049
-1.29502802
-4.11270406
-1.36378720
-6.73901324
-8.33952878
-4.41909549
-7.65069792
9.55345520
-10.03766247
0.10335373
-5.97364760
0.97818529
1.32384609
0.11338160
1.39094176
4.79196743
1.47377313
5.92467340
9.59478503
1.65417587
3.64548258
15.22922978
-2.81185057
-13.28427040
-0.48525641
3.69587014
0.57820559
-1.00458363
-1.21206716
-10.31170453
0.63606648
5.38972762
4.61209770
15.02286318
-8.99511069
-3.14545014
22.17477021
-2.18588286
-8.64706233
-16.74035341
14.89974808
7.84669429
3.37475771
17.44189411
-0.85678914
0.01296679
0.02901000
-1.51906259
-4.15661484
-1.42481481
5.09102839
2.43583263
7.33937488
0.17263128
-1.41368168
-2.14554180
-6.61502182
4.50828752
-0.02296821
3.82472874
0.25353741
8.34602018
7.00866521
2.75931490
-13.08028712
-9.67611356
2.93395465
7.78457799
-4.52164010
3.03685591
5.69537641
8.57986694
-0.68203873
-2.82611116
10.14209522
-1.96843212
-0.36072536
8.99413682
4.17195271
0.48943871
-14.26680217
-0.62073299
-0.62602076
-9.26069088
13.20561599
0.75208986
15.46521862
0.06855329
12.07311806
-3.69807226
-4.00836868
3.90535376
3.24185470
-6.55742065
0.79071865
-4.96191878
0.23113016
0.62976153
-0.13571738
-2.83124000
2.32546017
2.78569989
19.54568299
-1.74114063
-1.55939583
2.00452452
7.16313879
-30.19401818
-1.04148103
6.45500076
-5.32236195
-12.05288682
-4.02492664
4.71318297
0.09139861
-0.71247111
-5.03206269
-4.54726119
17.97536508
-14.93801406
13.65720530
-0.00783296
12.29554716
-4.09437490
0.51558304
-3.57020408
3.15356229
-4.91000827
-18.25974271
4.16467484
1.31378542
-1.32819964
8.96736103
-1.03195406
-1.32388890
-12.57122729
-4.07536562
5.93500949
-8.75941030
-0.36837457
-2.64540975
-9.55435383
-7.93317481
-7.25545044
7.46802914
-10.42904379
2.26159915
9.26110970
10.87251101
15.31711858
4.32882384
3.52156736
-9.83931026
-11.71989951
-0.21402996
0.65523613
0.82230469
-0.69977003
0.37478566
1.21165753
-3.20122136
-0.94583833
-1.87150920
-6.14216127
1.22878131
-2.16233474
-1.38074366
1.65129227
-6.75910640
4.01815826
5.32178018
0.63087917
10.51862600
11.72325951
0.60238233
4.67083589
-0.81723833
1.76147653
-0.66372405
-2.50491342
2.91041184
6.82722528
-9.88892814
0.86476459
-17.02287050
2.57819794
3.53108677
0.58517377
-3.44695461
-8.10429770
-0.62337290
-0.05348513
-1.14337269
-7.40586678
-5.49731971
-1.37598162
-3.26950864
-6.57505237
5.64051766
-10.38882739
-0.46583765
-17.44207688
-5.02729661
-2.78952697
3.27932435
5.95520524
14.26812910
2.54660730
0.05028245
4.07269180
8.79689535
11.01360877
1.42546519
1.42830378
9.58722719
-0.80662280
-0.43723028
-3.38113712
1.97798861
10.99983229
-1.37826925
-0.72858560
-1.16779562
-0.00592408
4.16637491
-12.47493179
1.29616834
0.64932314
0.83468432
-25.01717181
0.46770998
13.50479719
-0.32899773
0.26180753
2.05332158
-5.60891093
0.32936824
1.26038155
11.49633499
-21.26473158
1.55598577
-4.44378801
-8.10054767
-9.71658723
-0.30193958
-0.83289364
4.18005683
16.36809952
-5.44732360
-3.77965070
-1.96962545
11.02315678
-5.91247675
2.99201841
-15.40346391
4.65092875
7.23326153
0.17398921
6.86826924
6.18160969
4.97678532
10.17987329
-6.46412175
-4.47598246
2.24662940
8.03379314
-0.85126244
0.58386044
-2.93997084
-8.94620288
9.06694814
-8.16255038
-12.29078292
15.20916497
2.54637194
-22.41255422
-0.39120492
1.64890409
12.63317556
9.30821665
-3.88039264
-1.00444240
-1.24852416
-7.17913600
5.83906453
12.58931070
-2.89740164
-0.52931182
3.94912538
-2.86423100
6.76658565
-20.15417939
0.74072135
1.24971890
2.24003759
0.75085291
13.85509547
-4.02857034
0.02810410
-0.26323943
-6.46186814
0.52830054
-19.52806827
-2.67988196
11.06937067
1.83534541
-4.64732001
7.95017749
-6.68184216
5.94077938
3.16382697
-1.85958561
1.75445298
-3.70496525
-0.11450525
-14.00770262
-5.18681851
-17.29954518
0.75892404
-0.89482125
0.01755686
-0.31417780
-1.07556358
-12.78462685
3.34747925
0.93846570
-1.64618908
-5.62298100
3.19872025
4.84141070
-1.31382568
-0.69974060
-2.20947327
-0.40659069
-8.24979982
0.30097780
-3.54775838
-0.00404963
-2.55569102
20.72089354
8.90027666
-1.42685355
9.16947478
-13.03667993
12.00113582
-16.66537546
-0.16522152
2.73986726
5.81844605
8.45522997
-7.94070036
6.41254856
-11.71618297
11.09698813
18.89847276
-7.29738104
8.45560954
-9.73476303
3.69549891
1.86528544
-8.05837032
13.20254602
-0.91560721
1.66270538
-0.00489020
9.93539301
-18.72967910
14.04537372
-3.30316907
-13.35116485
-6.36319365
-16.00225792
-1.23122044
-8.30674935
-12.33918758
7.77381222
3.26609598
8.92310602
3.62154965
-3.44466243
-5.31706879
-1.84521978
1.84185957
-10.55980487
-17.76511251
16.42816910
2.19522828
2.40888597
-0.00196868
-0.27847034
-0.20670002
-1.28796864
0.23259542
2.92517240
1.22949370
7.05956782
3.41035082
-3.39206770
11.57069321
5.87189432
0.92774438
-18.04680014
7.44334688
3.80945050
-7.53920481
-2.27940135
-4.18662018
0.43749577
4.79267427
-4.05851273
-6.20502197
4.40595238
2.31951675
-0.79472620
4.04504508
-6.38082154
-1.79861523
-5.83887133
0.43521264
0.01059190
-0.97158243
2.26653748
0.05812191
-0.18408972
0.62731086
0.99800255
-0.06665156
-2.53412619
-0.51771564
-1.42600404
-5.95675018
4.58700317
3.43051830
-1.15150986
1.99984341
-8.54749992
-0.36252465
4.16123468
12.14703146
-3.84386031
4.99449458
-5.24336603
-0.29028895
-0.01196567
1.01015049
1.45690539
0.61071670
-3.26903805
1.43967182
7.84995796
-5.00828431
2.24861600
-3.22172801
-1.31960730
-8.06407613
-3.31914791
-0.46316591
5.72236471
7.25797259
-0.00845450
9.61103625
2.41428874
2.19267588
-2.80356591
-0.81520912
2.14095098
-2.13598743
-3.18215069
0.14689661
9.19368829
-18.69481557
6.27676820
-7.91471239
4.98325643
-0.48759545
-5.04810174
1.50152109
-0.24804371
-14.11336272
-9.54581554
-0.86360532
-0.26462893
6.75431708
-15.64878101
11.44997405
-6.26224381
4.20443385
-0.60031495
1.49588064
-0.04158659
-13.42109523
-4.10716622
-0.05969248
6.10450084
-0.04781826
-3.90347444
-0.64759516
0.53633149
-3.50041875
-3.52329865
5.96081414
4.20924506
5.19319378
3.04955263
3.58630424
2.84788009
3.58556230
-1.62616938
-2.53898551
-14.13784286
1.97355942
0.00430404
3.57457739
1.26652949
0.00297061
-7.58533332
0.71710189
-2.69565705
5.68296544
9.59424394
-1.57844098
-1.81804365
-1.08924476
-5.74754904
0.18294367
0.32107269
11.28630622
-2.40134707
0.97554526
4.70791163
2.05243713
25.50581843
1.46940904
-11.57590823
