-6.88740217
4.46223515
-0.56246142
-0.40788774
0.15945619
0.12597871
-0.97512268
1.82891154
2.71680782
9.18066755
5.23027048
-1.65034492
-9.29557816
-3.44258546
4.54562522
0.38175459
7.88222458
6.13551583
-6.88275457
5.97894785
-4.66967817
7.73540329
-5.09665886
-11.43091371
-5.98401014
-12.55139240
11.20815633
-0.95827381
-1.10429911
9.03129453
-1.49210964
-0.70890036
4.56437127
0.80120887
-1.77185281
-3.10321115
-7.99986303
11.66402932
-0.06066358
-0.22466100
-19.32948153
4.43920853
0.43119296
-5.65589762
-5.04361104
6.22490992
-6.39903572
-5.23783424
11.50958734
-0.16480073
-0.28099882
8.51263673
-0.96953080
6.10579526
3.02759036
2.44710367
-3.00837426
-2.20129627
-2.11644906
0.75407104
4.59084946
-6.06527542
-4.57620271
0.18755378
1.10944504
-0.53224419
2.50016911
2.43523889
-1.44164131
13.41173404
6.53619842
-11.93977153
-1.38735118
2.90486524
1.58826920
-4.04703442
-3.88429023
-6.97237889
-8.15835851
0.01776901
0.36795938
0.07083819
3.03934027
-0.01310727
-2.63357444
5.86733620
-3.94756524
-3.26733224
-9.68205737
6.26943021
9.91636884
16.76258240
-3.01874118
6.47826582
-0.40541753
-1.29376518
-0.92039202
0.66685852
-0.96660186
-7.87260571
2.63465073
4.68768717
6.34104988
9.48530865
-7.60902907
14.67404598
9.62457224
-1.26379338
-9.69169301
-6.03316721
9.73249119
13.53403417
3.63209383
14.41933411
0.47156478
0.01358982
-4.52796602
0.35088760
8.20678203
-1.37266552
-1.55645787
14.64326813
-6.85815332
1.07167648
-0.48000683
4.63806059
-8.36739876
3.42748661
0.82732581
0.32244323
-0.00004480
4.15929154
5.25899622
-4.83930131
0.32671611
1.29378954
4.45053278
14.16673774
3.87968862
0.71437247
6.17810755
-4.63872751
13.11708739
1.74772102
0.21549561
0.05332637
-4.02392611
11.02713723
-1.90751766
0.76070756
8.42683377
-0.36719486
5.51912307
9.67838830
-11.18611176
4.00511103
15.94646237
-0.31864743
3.08072292
-2.86687438
-4.90268983
5.59178177
3.63224771
-3.99606822
-5.40205375
-17.73297502
-4.47465686
-2.18350530
-0.01046233
3.13227022
0.58411584
-6.86409996
20.86168462
-2.11713211
1.42551542
-0.17783152
-5.86519920
-1.84391353
0.06256087
1.27133242
1.18766064
-14.60943351
4.12634047
-9.52450611
-1.38043944
0.45806905
7.90236670
-3.63867859
14.13463176
-4.55204454
10.28562342
-0.29057746
-10.72725807
15.04688186
0.62915030
3.47498493
-0.08300632
-7.22004129
-11.24896445
-3.27504732
1.24381009
-2.54472597
-6.95461758
-0.28298430
7.10826588
13.59386131
-0.70668287
11.56679405
-7.52031235
-0.45445968
-1.15802323
10.11332378
-18.29941780
0.19697913
-10.38405704
-1.20583049
0.48170555
13.55270942
2.53194959
8.56711027
-0.26226954
-4.24485589
-18.00124352
-7.02645420
-1.45343017
0.14362391
-1.77620260
3.83900610
-1.02107573
0.57091311
-3.14613885
-2.17444165
2.62214477
3.24861837
-8.62630759
6.93526944
-3.22027758
8.76222519
-2.21600446
2.41494404
3.51092318
-2.53011231
0.90163251
15.10533891
-0.53854684
-15.51038738
1.25848111
0.81880900
-2.32406117
0.12664189
1.10960473
1.74316874
-11.73472836
1.54211526
3.29749719
0.80496991
0.12536999
0.42444076
-1.15653088
-8.99827203
-0.18234907
0.89606824
0.31748966
1.95119572
-3.61690896
-1.19923894
-1.36426648
-5.54249514
7.26993944
-5.05135052
26.22554123
-1.42849730
-5.21362181
0.26593916
7.55264565
7.30881778
0.37756468
3.71952723
-0.00225287
-0.94498512
-0.31094130
17.05374069
0.19023383
-0.04760618
-24.04826975
-18.05441507
-0.61324497
2.58424258
-17.04299914
6.95250906
3.93206384
1.85782927
-0.08622234
-1.25063020
-17.53263812
-8.77056300
-6.25777008
2.99653423
0.79852617
4.84770856
-1.15176190
5.67404154
-0.66200259
-1.20126112
-2.89175488
5.88277894
3.08054102
-5.72273936
-6.35409478
13.93739007
3.26680303
-7.58275859
-5.40824324
-6.87398702
0.10888335
0.53388427
4.30643490
3.38372719
8.77835802
5.69485926
-1.91318936
8.74050855
-2.41791558
-1.62981039
-9.28024842
-0.99114134
-2.46163733
-14.80971308
-11.99495383
16.35237157
-1.92553889
11.75876481
-8.49418296
-1.71401600
5.72003531
5.93415607
0.58732680
0.41331098
0.79951799
-5.57255610
-4.49651347
2.15581218
-8.81585509
14.65214281
-5.40968919
-20.61941673
-0.29916808
2.34156776
-2.83556739
-3.39634542
4.68772590
-1.21994210
-3.00388877
6.35732738
2.23068007
-1.25680462
-2.42853846
-0.86850576
-4.56728722
-3.18556286
15.89718771
-15.49567166
-2.00733956
3.28346445
4.76992996
-2.84771348
8.78656470
-7.94497193
-1.14889142
-0.46732181
6.14939537
-0.00443320
-20.51932382
0.92998730
2.29190096
3.46669663
-18.69220645
-0.08970196
-10.09709492
-1.56760124
2.70703093
-4.53091825
-3.50864922
2.02300293
7.75136865
2.81735613
2.43721496
-4.27157310
2.80306248
0.26695876
0.18567939
-0.86282894
5.13098820
7.62114994
2.08721287
0.05159078
-2.53765830
5.05586790
5.76630620
2.06824735
-1.70725403
1.08918391
-1.64616447
-0.03390322
-9.56320739
0.21580011
0.66189429
0.76129240
5.91710949
-18.01408080
-1.57158441
-12.20118757
11.03107446
-13.04780616
6.79385382
-9.71571981
1.17674459
1.19074981
7.81006851
8.29681806
3.02954094
-0.80312433
8.08834472
-10.75067056
-4.55894030
9.82096942
4.90983017
-7.90088605
-1.93333854
-2.74829080
5.21064700
15.37225477
4.47188778
5.46650620
0.44901184
3.73537333
-16.98520491
-1.85451734
-7.76857038
-8.29715893
-3.70524115
-9.13699179
-3.20012559
-1.19977301
3.80361185
2.22107274
6.26415376
3.60962641
8.25718892
-3.21734337
-6.96016549
-0.91909447
2.70675993
-8.85837957
-9.99516307
9.68116457
2.11133431
-3.47097262
1.12723505
1.62105681
-0.14783655
-2.04831615
0.17235425
1.17278571
-0.00820263
0.51307676
-2.19397065
-7.51192412
-2.00521208
-5.66060191
5.94309782
8.91561281
3.93873538
-5.09576146
-1.88467802
1.27376119
-4.33066539
0.73599484
2.92244303
-0.94971735
-3.95365551
1.12251639
0.50203792
0.87262901
1.53552706
-3.96343024
-11.04610976
4.17837971
-0.48016193
-0.36999633
0.48032459
10.93966257
0.70305575
-0.00914245
0.57391830
2.71602036
5.95432854
-2.78716935
-0.69362741
-2.03322170
-2.27046339
0.78072965
-0.29984491
3.91140160
10.23563809
-10.40111246
9.36875550
-2.13274341
1.24941748
-4.97429492
-6.39903765
-2.41191613
1.19465655
0.34156092
0.81187775
1.16572585
3.47904521
0.21150092
-0.52011895
8.24400140
9.91000577
-1.08597040
2.54737352
1.38098018
6.32898531
-2.37262857
3.10188576
-0.69201131
4.68460590
3.73892513
4.84909911
-1.91007091
2.39326088
3.57903047
-0.34611623
1.75936008
-6.42386926
-8.23899981
-1.32345323
1.71161607
2.46301133
-6.43044655
-24.26610741
0.97379986
-1.20216127
-9.04206269
2.64783831
-0.28695016
-10.02570649
-11.47953377
-8.69668284
-8.55356198
11.69185949
-9.43296164
-6.99600737
-6.91331934
6.71099438
-0.02786361
2.25779167
2.97406728
-7.75646882
-5.34906382
3.84813893
3.51066227
-12.56708743
2.93161985
-2.61262615
0.39962683
-4.60694618
-14.77336303
21.95713980
22.55085375
-0.56246142
1.74772102
-0.61324497
2.58424258
