15.06135951
4.04247898
6.29931554
-10.01305563
-0.60037473
2.03877551
1.98346197
-1.83273556
-0.12208784
-4.16191977
4.50123445
-3.34669374
3.36767935
13.52477550
4.31099036
-1.43634437
-12.32029483
-6.25076992
0.54525426
3.15970944
5.01512831
3.46354732
-0.04702642
-0.74574812
-3.17387771
28.88830807
-15.90165177
-1.39856881
11.34030339
15.05910259
-2.39401335
-1.06387972
-2.32453003
0.10098727
-0.56044579
4.42345464
7.03835655
12.03698128
-1.16580866
-1.85652559
-19.59658810
3.96731114
4.63062633
-7.87301516
9.65120500
12.32169143
-4.10428103
12.15480127
5.71459430
11.55621959
-8.59486213
-10.04418622
-27.48055378
-24.54370732
-6.14197777
1.21896332
-1.49154800
-0.51558356
-13.89396978
-0.01257866
10.07267059
15.59488742
4.29971432
-17.74062820
1.09256827
15.11153537
0.13637646
-4.50327784
25.32918669
4.93325494
2.10531582
-1.61165719
-2.22845860
2.32086508
3.33502712
-2.43271841
13.76156993
-12.40887523
-1.98560135
-0.89378551
21.61911260
-31.12891442
4.91794407
1.59930132
-0.55535422
-11.12704353
0.34032786
-3.30859162
11.87004990
1.10645074
-26.41367649
14.91682898
-1.16916973
23.14049492
-0.74973387
0.91481928
-2.39564260
2.89839007
0.40047303
-3.48304916
5.04081277
-3.76486311
13.68664703
-3.26774613
5.41260685
-13.07362519
21.11340122
2.67396785
-4.05269627
18.95261276
2.41389269
9.81365864
-2.00760916
-3.43910762
-0.36205108
-0.40460086
2.44279876
1.63233556
9.76452478
-0.48215259
-6.03365306
-2.15445634
-5.12293080
1.06502428
-11.19665815
-0.12139466
-19.35568718
-15.88401039
1.76490519
-10.94409967
-0.12139161
-5.59012966
-0.72169470
-15.33427350
2.31881741
8.04905079
1.86750383
-22.70762541
-0.12350954
3.80988633
-19.18567905
-1.76816357
14.64259240
14.84303918
20.80434493
-1.67674418
4.64038665
5.34568658
-1.70566097
1.75985543
0.88342426
0.80329891
11.33588718
4.49271282
16.90260849
3.97567440
13.74791916
1.33531319
1.69586869
22.77145636
-12.16138011
-6.97758924
7.42503378
-23.93412787
-2.96227262
8.71323129
4.39642913
7.11880729
0.09432621
-4.10768473
-0.82564579
-18.51994291
22.74765320
-3.64013144
2.38967260
-0.93761172
-4.03360828
-8.58512209
1.39595771
-7.77159144
11.56763804
6.57754865
-0.40228373
-0.02600209
-8.61032329
1.63051992
8.18708654
-3.55502448
2.04420280
3.97383838
5.62847407
1.31067741
-4.68345391
1.23880197
-0.29246987
-1.49854931
-5.24977997
-5.44649436
-8.92051348
4.12197187
9.27593684
4.28528498
2.79681695
1.15655853
-2.85862905
-2.23942320
-7.45784928
-13.65979972
-12.16414648
9.32199516
-7.47856965
16.68531249
-9.94247934
15.96863898
-8.67034285
11.15906228
-2.72734100
10.63641619
16.00180339
-18.59939318
1.53315144
5.17207054
-9.10044843
-13.83265964
-1.73104875
-3.53301236
2.06219186
5.92561150
0.00126764
0.91920366
0.38710770
0.47345336
1.68728244
7.71331424
11.68131527
1.69318564
-2.11209186
-0.42584989
-5.40174767
-1.28597132
2.72408522
8.00014116
-7.31127367
11.10168800
-0.67999656
3.21830217
1.70891049
-0.17958904
-14.37016093
-7.55111208
1.05846567
0.09148631
24.00122941
-30.54456644
6.21632164
26.30006198
3.24776354
1.38060459
9.52813227
4.23218422
1.24136433
0.15101587
-8.71963424
-6.19536523
7.06893556
-15.56398623
3.91395727
1.06345435
-9.00032484
11.61899377
-3.22385341
-13.24962541
0.96728538
-1.60311633
0.37483156
30.98192378
17.71793781
4.58071226
0.57384624
4.51983398
-38.37415673
-26.80827149
-0.96019948
0.48883681
11.22916406
-10.21103304
-0.11797516
-5.13666241
-12.91339816
-18.05977319
3.09005796
-4.27854393
0.01350542
-0.39940758
8.26468387
-11.14458447
-2.02745376
5.99803900
-1.42820354
-0.71860070
-0.63897439
23.48798152
0.00248771
-1.31260263
-11.64967674
-7.04500930
-9.61950619
-2.95706059
4.61195514
4.66881493
-11.04299534
6.49017166
12.74163715
-10.18787282
1.54475584
-0.26347381
9.62884172
-0.31165637
0.17368977
-1.58596556
10.86159826
8.23579188
4.60027524
1.46077668
1.94126867
-14.77861493
-18.24491555
-23.09726331
8.29811391
8.50582533
1.81306064
5.32975277
10.37599642
-2.88442187
-3.91058587
-10.86963563
0.39493155
0.17491041
9.34996186
10.05501850
0.71654520
1.74759735
2.77135988
4.78105621
-25.36805891
-22.56958672
0.43837831
-4.61706501
6.75169519
21.14704673
-2.78656743
0.25535552
1.26566466
-1.76870353
-3.71410394
-12.25848589
6.18852209
-0.21507729
-1.97870902
4.19590110
3.68313842
-3.24950583
0.99112108
4.45600880
4.85891448
0.34379388
11.53209881
-11.35144713
4.53158009
-2.43245515
-2.17824678
-0.90223809
2.52026389
-3.53581924
-1.00909660
-10.17948329
0.39534584
-5.91576035
3.64141838
3.11931445
1.78843608
0.10639381
0.35172216
0.71305675
18.57920169
-1.10805573
-23.65736896
8.31352337
1.62568530
0.94469826
2.48441960
0.52907712
-11.54181949
-5.39500226
-5.37755646
11.11857984
-15.89733148
2.76012865
-3.01106674
-3.09760690
-3.60078738
-0.12982902
-1.37405825
-1.87033015
5.10188834
-4.21823832
0.91603104
0.28442179
9.40955308
-9.91590483
16.82170561
3.38211323
8.87328092
0.30690479
8.08018407
-4.92780511
4.01927600
-6.85536282
-10.97193591
1.89742732
5.12688131
-5.15629636
7.36421015
-4.49949650
-12.66103954
-11.60512925
-29.58847068
-14.31214419
2.60499692
0.54599870
1.04062809
19.50325984
10.64635941
-7.53061978
-0.14907473
-2.03064434
-3.63937382
-25.10346974
17.79258101
-14.36801930
-4.47733340
16.52616945
3.50726602
-5.55601694
-9.39002224
9.58083659
-11.49719615
-5.32532496
-0.00564075
2.40402788
-3.33210154
1.10621038
-15.50292256
8.49363742
9.71487173
-7.83222626
1.46197887
1.27827306
0.48491580
-0.05459410
-0.20244310
-3.96227601
-1.63916512
-1.42335137
-0.17677308
-0.44013204
-0.43240234
-12.86228266
-11.22430065
-3.31790825
6.79866034
8.62477060
3.55547547
-5.35953954
-11.05994731
-4.38561101
-2.65116484
-0.72172495
12.40383517
-13.24835476
4.58047329
-3.84992479
-0.59144462
1.37821292
-8.03043776
8.54715770
-0.07743542
-7.88692332
0.15557995
-6.10458616
1.14272935
12.29298395
0.95404595
0.25164803
-2.28902659
0.13986398
-0.76328633
-1.70942563
1.91236072
5.18904171
1.92074611
0.44779216
0.84383076
-3.37656870
-27.28704579
34.22205159
-4.92243924
19.96403101
-7.76916619
33.69589899
-15.28646662
-4.27065075
2.27423869
-0.01492432
0.47241105
-1.25335313
0.77176259
14.82755329
-5.53172764
-10.03651824
4.40367318
0.66926535
0.17376915
0.60504025
4.87337284
-7.97522827
14.97867582
2.21672617
19.53545172
-19.78960037
-29.88516956
5.76635864
-0.90885613
9.51675793
-0.85897307
1.93615612
2.29728043
5.83727543
14.30641512
-7.80080017
-1.75419615
-10.37039279
7.82043992
16.72528017
0.20480978
7.77965335
-1.45648355
-0.49565118
4.58477685
3.71894670
24.87162871
-1.16555619
-2.04890001
-20.04948491
-3.66340640
-23.14936383
4.90221748
0.39958513
1.20205165
-12.08487092
33.69120792
0.11015118
-10.27961545
7.22269988
0.67769596
-2.49148099
1.15889806
7.05378876
-7.51087212
-12.77256889
4.50111504
-6.70523413
-2.13438265
-10.92853866
2.94845611
5.05830433
25.79159301
3.37205695
-5.57081210
21.86306066
-0.23107313
0.19318541
-2.74911266
0.13280574
-0.23397722
-11.53155632
-0.47490631
-1.11543934
-1.81481731
-19.72328768
1.78800523
13.57948683
-1.96359166
2.57534016
-5.78216876
0.95002875
1.00242233
-2.57552752
0.29302019
-6.12921286
4.25749275
-2.37969345
-2.04809709
-12.23878617
0.24712004
0.53328649
-0.95767596
0.66546819
8.17257347
5.15160183
-15.00524830
-1.53287008
-1.65070829
1.05870515
5.23857299
10.36624865
-20.81455338
-3.87427504
0.48490774
-2.70623885
13.84285720
-7.62491743
-16.65619008
4.44359119
22.79072329
-13.95665363
7.71467739
23.74830367
-0.04394339
-1.91286980
-0.78397655
-3.65054597
-4.23527969
-5.63284404
10.82153176
7.77730317
-12.77854382
0.31269612
-0.09806995
-1.05951423
-21.83405632
18.19964991
18.93458285
-19.31667757
-2.99057285
8.76104073
-4.19308285
5.00187334
-4.08181476
-14.97698587
-9.93742400
-5.34303565
-7.45202790
24.68997552
8.69387649
18.63894803
5.35685392
24.18708578
-0.34514775
4.63711998
-6.41085821
-20.99178872
-2.70112139
-13.30116095
-3.24711092
-11.25997161
0.96400727
-4.39810612
0.13709051
-3.69418977
3.58021463
-1.04070429
0.03658902
1.40648797
-1.98422286
1.08903830
6.60455242
-11.04129012
2.51504666
2.69449004
-2.59622512
1.69627745
-4.73763392
6.23593829
-3.95083703
19.02228416
4.68332627
-7.81715093
-8.49093483
-26.04803084
-10.08104163
-1.32852600
-2.43448952
4.73604385
-3.26982814
-0.03972507
-0.35055055
17.53108884
14.75763694
-22.38126352
12.69892169
-4.21812683
0.02587277
-0.91869797
4.88516160
1.44885987
-6.74911190
-2.11736099
11.51773967
-7.32296771
-4.37256313
20.00479675
-6.71302608
-1.83055193
-0.03426588
0.80697319
-14.18018109
3.11557106
-2.02227076
4.39927726
-8.42261318
-14.03855948
-6.73309794
31.07828183
-13.08727107
0.91668002
3.41365146
-7.87009322
10.17794594
-5.06408066
4.13111161
-14.44415462
20.34812077
-25.16728001
-17.69856660
18.26972127
-1.50813016
-1.34109497
1.59273151
4.83882709
-0.59137022
-0.90164272
3.64970601
0.00095677
4.08360117
-15.30774151
-20.32848622
-2.11816117
-1.10983997
13.08414452
0.69243185
6.15355676
5.91216543
0.48989635
3.57782924
8.64905065
4.53287957
-4.19891058
5.31359736
0.85477419
1.82070664
-7.28823528
-1.76218016
-3.79604501
0.93005643
-0.18979034
-6.55251565
-1.31202067
4.43063248
6.79287760
-14.19720314
18.12123457
-21.97054344
-5.60356500
-4.66018609
6.39157866
0.99890062
3.68478273
-0.00303448
-3.61973304
2.61918601
0.92068279
2.82818939
-1.12405990
-5.86029521
4.30314177
1.45202177
-2.03572678
-4.42194125
8.04664617
4.34734684
4.32174180
-3.77254782
0.14135014
10.49287404
-1.65127260
-7.76484860
-1.91131553
13.91219078
-1.88101883
-2.38747361
-1.70533931
-10.07999440
-7.21822676
-0.79187001
-2.01000168
2.14679152
-0.77201005
0.75880652
1.91037888
-1.81356040
-0.77625613
-5.33501835
3.67980448
2.94345286
3.17631768
-7.08538814
-22.95185649
-10.20122603
8.09134733
11.93561450
0.35228825
5.28028723
-9.93477606
-10.77269619
3.32854940
8.87996349
1.42795276
3.93734949
-1.51040143
-0.59752269
-7.00497182
-7.68118117
9.47870828
13.03145754
-12.01382075
-9.80340182
-2.03178306
7.89241441
-4.79504122
-2.60069115
12.01975409
11.02975675
-11.19688767
1.27559962
-9.47699962
-4.32324708
4.58896361
1.41534367
-21.47688654
13.17820131
-18.17567413
-11.93013407
5.49957026
10.78293016
26.77974361
1.05371119
0.08155190
-0.13927141
7.33017246
8.44798552
-8.64255977
-0.10200160
-4.10501598
-2.72936818
-0.77526085
-1.48079178
-4.64269530
0.69672889
1.47742517
1.14518867
-4.55293526
24.41344184
-20.32938353
6.37840918
-3.39832772
2.17669968
-3.62967102
2.66718970
17.61130709
-5.81488694
-7.45922839
-7.01823171
5.12318799
8.12290768
-3.03149133
-7.04787959
2.94918762
-0.42210492
-7.05120997
6.20977385
15.28196092
7.71657408
-12.77767941
10.91358997
0.82464780
-2.37516475
0.07490213
1.35593458
0.01395378
0.28559023
-0.24495509
1.48059267
-0.00990409
20.48359499
-1.57087180
-1.75318876
7.07241768
15.94233173
0.77735982
3.49986901
-16.93046868
