16.33045752
3.33420181
4.52326274
-9.67698184
-2.58683881
2.39199128
2.67821372
0.15268045
3.46757143
-4.64886798
-15.85155115
-0.09092037
6.84781195
14.09736404
-0.52668400
2.79815062
-3.52891484
5.13819457
-3.76142422
-9.04610385
3.37976239
-7.91477796
-2.42995515
2.79221343
-0.04119685
15.07081116
-13.15715956
2.26608870
3.11080499
-13.16523578
0.00653436
-0.27835032
1.86126890
0.60032003
-0.81454433
-1.21625130
23.26760235
4.86047718
0.01039093
13.70932481
-11.11999876
-2.99141898
-0.62206704
-1.84776144
11.13780371
5.79155947
6.09133068
8.92843725
6.16678056
-8.68516344
-6.67430435
-9.32276348
-11.03617854
26.24788701
-11.19223334
-2.87966447
-2.76428172
-0.09626466
-8.93701219
1.56580363
12.93582757
-6.95564756
0.70330270
-17.70995941
0.80822349
11.09386325
8.69210922
-3.11992693
8.56272160
5.61505328
-4.38760705
5.35872691
1.27165655
-1.52885918
11.08815998
5.73063328
-6.15004918
5.77906367
7.05749803
-1.51881159
-19.39157900
22.43861478
-2.70891216
1.86094482
-9.24299445
-3.43635710
10.90624868
-0.62226226
5.37081805
0.74033701
5.71198613
6.57240969
-0.03641534
-4.84288214
-0.42638887
1.64050326
-0.66312946
-2.86776803
-0.25603583
-8.61296116
2.10230203
-2.00072386
-3.93296802
-2.67844923
10.10512386
3.21316731
-13.18123534
0.81618461
-3.13839115
-17.26525429
1.69402499
-9.80632958
0.55334642
8.71943053
-1.21593804
-0.59477156
4.59940920
-0.68980101
13.36374692
-0.32963202
4.78663325
-0.08253101
-2.68150206
0.60123662
1.52664357
1.28539050
-19.88279355
-13.17090629
0.02691942
-7.86022135
1.19594318
-0.48772574
3.25956687
-12.76441056
-0.38130906
-19.45870227
-1.62279090
-16.16736533
10.34448000
-0.67393452
-6.73566420
4.40434574
16.10331110
-2.93292272
8.97444110
0.54696784
-5.43848781
-3.24507999
3.92870638
0.52493004
-15.76192286
1.21095296
-11.48698587
1.55443066
-10.28506962
5.76740682
-8.11313003
-2.51182142
-9.06496938
-3.25054603
-13.73659575
-6.35501097
0.80783283
-3.08239140
2.43950624
-13.52742817
7.92812497
-7.34997749
1.20660105
1.95839536
3.47056363
-18.21877318
18.03454043
4.07663988
1.46758927
-0.85749940
1.05748841
13.06751951
1.58315617
5.97343503
-7.49282101
6.89991103
-1.73933167
-2.80971808
5.82875770
0.80228469
-10.16630246
-14.92682669
-3.37381619
7.16612705
-5.38436849
-0.68599180
3.29130921
1.99474710
2.33828083
-1.27034530
0.03642247
-4.39769865
0.80623289
-0.44009246
-2.60696153
-3.67501234
7.28294584
0.00000000
-18.19130029
5.59451270
3.79214319
2.28543860
4.50717274
-8.80097803
10.17890533
2.71499004
18.51789424
7.60943245
2.83690025
-7.16625026
-0.03843279
-7.58371867
17.96268033
6.49793113
-2.64464407
-0.64562072
0.25597414
-1.17876244
0.44154406
-0.79225956
2.51928766
-9.41083829
0.49176164
1.04819041
0.50598755
-1.48585533
0.24591403
1.89558102
11.22263265
-2.72293930
16.56420491
1.56464369
4.80312440
3.81936670
1.48252141
7.16890253
-15.24698789
1.28405062
0.23988906
2.22329082
-0.00940794
1.42266985
-1.12252497
-0.18099112
-2.25480591
-1.26606439
6.71912497
5.48486177
5.88671357
25.21795685
-1.00242829
0.26032708
-0.61132500
-3.35456552
1.16883390
-0.37823669
-6.36097594
-12.35225322
15.41818944
-19.94788006
2.53201216
-1.68249326
14.49426439
-13.27375884
-15.22156505
-9.42742702
-8.97419864
-2.87177544
12.18539044
14.55304558
25.85167004
8.73097454
0.44357699
-0.93578143
24.38599267
-10.94160085
-2.07721093
1.64240101
12.55940545
-2.34043859
0.06011164
-2.55615009
-23.71131638
-3.22163572
-3.96636612
-4.51232957
-0.28699712
-1.18038432
17.18364977
0.07543035
3.38722221
3.06076014
3.91973054
5.55830568
0.18918510
13.35058273
-0.13342357
-1.59644861
-11.28651967
-15.94592633
-0.42394088
-2.51689457
-0.11271600
2.99420733
-13.02869566
3.47357348
-5.32465523
-5.69286054
0.45274691
-0.72607184
-11.54658216
-7.62871358
-12.73098528
11.32954102
14.37323359
11.58065059
4.45203164
4.38113990
2.02460701
-4.89966643
-0.93615555
-31.26221079
-7.17562267
23.62451425
-4.04945399
1.85604298
13.55868941
-7.82648662
-7.33507357
-5.76296995
1.13971918
-0.26957835
-0.97647871
-8.65492887
-0.05540361
0.63223446
20.50192110
-10.62891002
4.33632236
-15.70554776
-0.31367892
5.46862084
12.87032953
20.27243822
-4.00448380
-0.28138585
0.25274892
-3.26575336
-1.27334128
-12.49908591
11.41947677
-0.19031634
2.40630616
-5.09791030
6.01897503
7.23644306
2.87759309
11.25356078
-0.59582188
1.80679027
13.50152118
9.73558572
-1.85496232
0.00593746
-1.96370834
-2.93978732
4.77688280
1.68726452
6.79569223
-4.13516905
-2.08323468
-9.06627984
5.32761167
-9.10565042
-0.37094287
-3.55610098
-0.19045381
-0.06831158
-6.91426735
1.65571720
-1.82812471
13.32752375
-0.66096357
-6.31909969
-0.85966143
0.32729338
-10.05242077
0.06421020
4.15292835
6.39404141
6.12146460
1.17637510
-14.24239293
-0.34706953
0.15851828
2.10285425
0.66692955
0.55612010
1.21510277
1.13818176
-3.80272000
0.09181506
-8.45173365
-10.09446348
5.79769335
4.65522941
-2.96619843
-5.81376184
6.99661064
1.53358056
3.46784141
-8.83283204
8.95840791
1.46187598
12.17378190
-0.23154294
2.57190877
-3.06435092
9.92595312
-7.25878581
-11.93811662
11.33506110
2.87419883
2.94699823
-2.76005930
13.03396703
2.66982968
-1.36891182
-0.01484270
5.78120729
-19.53440782
6.90451280
-2.66430929
-9.51783258
6.76086903
-5.31350425
0.24970114
-0.49321049
4.88053329
7.34269509
5.83233133
0.36068592
-4.91651691
-0.50031245
1.03844752
-2.21457990
-8.12104290
-0.94368612
19.42849197
-4.09008482
-0.48497092
1.47151843
0.03593381
0.15198363
-0.90301886
-4.09378159
-0.47112823
-1.93679524
0.19482855
2.81448960
0.68553573
-7.07021872
-2.52922340
12.63281337
1.07390677
-7.42058277
-13.53067301
-12.53764976
-7.12533940
10.68479805
-2.22794227
-0.94092228
11.39424986
-15.83023078
1.50493074
-3.95546302
-0.93408811
-2.28848896
-9.05166257
-1.60029469
1.07733366
-6.36661368
0.30285318
-3.92347895
0.59250920
9.12213623
0.60474056
0.69463613
-3.17911101
0.10896872
6.71809610
1.05083394
-4.21719182
-6.12882292
0.41312552
3.59083012
0.06004518
8.80582417
1.29392146
17.63481008
-9.08403872
18.18170432
-14.29620176
27.69289425
-18.24976048
-19.21436151
1.69682148
0.87981727
1.67539380
2.13732899
4.76984690
8.12194963
1.74808674
-13.95195555
6.93018596
-0.17556560
-1.75482557
-2.86527656
-3.40727713
-13.02881504
11.78345543
1.43030527
7.24144843
-3.22689709
-24.15371949
8.45838190
-0.44629727
8.13368459
-0.88938172
-2.74158333
5.05597953
6.47032702
11.83366588
16.75415096
-12.25919553
20.87077071
-15.41187969
7.96651965
-1.23444272
-8.02900528
1.15890004
0.00872939
15.37671196
13.79281180
17.68733898
-9.86511580
-11.83206904
-14.89829622
-8.65632358
-22.13936810
7.40303237
1.39819907
1.99164319
-6.71031942
-22.54674381
-9.51841639
2.83685973
3.28025645
-4.38356728
-2.06989720
2.26895460
6.32933909
-13.66639370
-15.60671020
17.06645418
17.62839290
-2.11257673
0.52253280
5.73241795
0.26228188
34.19651438
-7.91639551
2.30598582
1.65234293
-1.84165331
0.42488374
-6.29996561
-1.00742333
-1.88401523
8.43081822
-0.34075267
-0.41202680
7.45024291
-8.05708905
0.16123830
0.25255886
4.31938274
-2.43982613
-2.19059268
0.39951644
3.07058202
-8.75181321
0.32714888
7.92192338
-0.95462216
1.30099249
-1.28814334
-13.75642825
1.52398199
0.80079005
-2.61578894
0.63185585
-13.84594916
-2.44204241
10.99321227
14.23648816
-1.67671855
0.21470920
-1.75709684
-1.86360482
-11.89904604
7.33498001
12.47393130
10.43765565
-12.68287469
-3.80737741
5.78657039
5.46075544
11.07490499
6.70930598
-18.05113793
16.92510702
-0.01117890
1.00746187
-0.15942592
0.80066657
-2.56990557
3.17994129
6.50973353
4.01976577
-1.66553907
10.70354023
7.83030344
-9.94061777
-12.09822975
7.75782000
16.02823722
-11.56296700
-4.76104854
12.47418464
-2.69592261
1.96887729
-0.77596767
-13.36830158
-7.09472349
-11.27218493
-3.09695744
12.63087254
-10.13060312
11.20802420
-3.04624175
11.29457013
-1.72528577
0.95057437
3.32024799
-11.55843487
-0.85707001
-11.37089770
-3.93416349
-14.04796055
-5.91368276
-9.81705686
-5.10055693
-1.24438523
12.57493381
1.50767610
0.51919346
0.73159953
-1.21011175
0.80361184
-6.77090430
10.25821680
9.52151857
-0.38688887
2.81469391
0.16658473
-8.79505606
6.64205061
9.98968792
11.86699541
-4.24383985
-0.11306059
-9.53431058
-21.36557844
-7.13663142
-3.19351507
-1.52539516
-2.67774981
0.06042132
-0.60330440
-0.76962767
8.62660805
1.34352085
-19.72857875
13.63799266
-2.53587062
0.81905652
0.49317547
6.08133554
-4.39787543
0.68964349
4.51504006
12.32881098
-13.42607690
9.12748158
-6.02741422
-13.84867797
-0.94841476
-0.80849744
0.02040795
-4.09743210
-2.84333432
-1.04880531
1.02726403
-4.40258692
8.23836187
-6.02778858
-15.70058444
-9.84744611
4.02930880
-0.30433758
-4.39902784
10.44145835
1.99718491
-0.06366784
7.62452434
11.67959640
3.79202629
-24.85507143
17.83057304
-1.66510863
-2.36151503
-7.15517356
-3.59444036
-2.45338083
-1.43176886
4.79288564
0.08207187
1.99549790
-3.46615790
-10.34264478
-9.54581488
14.78286766
7.69350798
-13.07284797
-1.19894416
-3.85834117
5.48572449
9.07397517
2.89907609
-1.98168703
-5.56193192
-3.30085182
10.17423767
-1.83879879
-3.40923828
0.23257533
-0.67742601
0.00194443
0.00424344
-1.73977401
1.24703656
-5.52395949
12.35033684
0.35944396
17.50490052
1.81651240
0.81957474
-3.33938327
1.33754985
2.07368410
-3.58577507
1.01187879
6.17977838
-0.45142586
0.96863802
1.18425684
0.18856063
-2.14517058
6.61112535
-4.90072364
-9.64650142
-11.88099666
5.45382722
11.07311479
-4.18102580
-5.53324113
-3.53451294
-2.37315560
3.61016263
-10.43934752
4.60669393
3.69098471
-3.22510361
-2.09852507
-3.80915157
3.46740566
0.92742408
-0.56064259
-3.61356381
-0.83057807
-0.81254239
-3.65311640
4.60477328
-2.53124826
-0.71871538
-0.17963614
-1.11656260
4.54682195
1.98407173
2.20906001
-4.19065572
10.58276208
-10.63790624
13.33116261
2.15592609
-2.64607340
6.63630122
8.82535185
3.40176329
-1.65657269
4.31136811
-2.67835887
5.45382231
-4.46855103
-4.14041331
-23.09378824
7.69205425
-6.45346006
14.40007944
-38.66162836
1.83151635
26.84162460
-26.06366217
