-16.74868963
8.03572262
6.19417392
-11.49074516
-0.30007025
2.33302338
-0.26924935
1.40429525
3.71935637
-9.01285291
-14.15501391
-5.13110885
11.77776897
13.16953180
-2.04154709
-2.44738885
10.35461092
-1.31087474
-4.51092417
-0.78367195
-3.40890882
-0.83274213
0.05181995
14.95051817
-2.57207724
18.09323262
4.26619332
4.29505880
1.15660322
4.64612756
-0.55130150
-6.26373867
0.60552061
1.52740625
-0.28758650
-7.26725027
-2.82550589
-3.03405391
0.00761356
-8.93331382
13.62332425
-9.82609393
1.27404773
2.44981585
15.46217471
8.02023974
2.57505750
6.52043571
5.63688603
4.41215812
-3.34714195
-7.13702715
-17.24341905
28.83313933
6.63313019
-1.83320943
-1.85394462
-1.15188609
-9.04686457
-0.20092152
5.97980368
-7.93990658
0.16562634
-1.78920384
0.13680618
13.43936802
22.99078227
-2.04923467
1.49011730
0.98734973
1.96886691
-1.17135636
-2.92498199
-3.35036836
-5.68574366
-6.06416283
-1.04687127
0.54254154
-4.64656727
-0.70308837
-11.41413276
23.73690569
-0.31553492
2.16236958
-13.57223319
-6.79003011
-4.25433236
1.75870417
-1.55969152
14.18095992
-0.41977643
6.13124855
-0.46598677
-11.68654528
-0.73343716
2.75818059
0.35444787
-2.38064486
-0.84110700
-10.45263745
-2.16489165
-0.53895578
9.79608052
-4.24837365
-0.31472251
-9.05533021
-16.17330294
-0.57974340
-9.66429323
-22.49004382
2.78628516
10.36282438
3.50159680
14.99229085
-1.99768706
-0.53631785
3.10830508
0.57675545
14.68104127
0.80090318
-0.65562379
-0.97258928
2.40305387
0.65243136
-4.05470058
-0.52868899
1.48076307
-11.99175491
1.40883865
-8.26988752
-0.51400819
-1.59614442
20.98982362
-6.37688859
0.16294448
-12.10386675
0.38093819
-19.60367560
2.07935676
-1.16246336
2.41985539
3.18968164
7.38214553
4.55373546
3.84189798
-4.35512455
-4.46657597
-10.79711518
2.45627476
-0.80214401
-13.12374381
1.52431538
-4.47963812
-2.24833667
-9.83505668
-0.20681377
-1.26945977
-0.26739168
7.23573984
-11.43486852
-9.04562653
-6.90485311
-0.00102846
0.36621472
9.69181956
-5.14223578
7.97716723
-10.80154068
0.88608262
-1.46422827
3.90811229
8.23173475
-8.78029411
-0.76772826
2.63154577
0.81273162
-0.33684373
12.37661007
2.65815825
7.75399346
-7.00983435
-3.58428592
5.29512372
-1.95574099
-3.99341585
0.47442584
-6.50647716
-4.36491510
14.78662890
-14.73946569
8.59933077
0.87965140
22.18852814
-15.48363916
0.17688653
0.35378455
8.13744038
-13.95955994
0.53891742
-0.96177132
-8.18463254
2.76719325
5.66738302
0.33731517
7.19114932
7.05294869
1.14691180
5.78933301
-7.11822462
6.16361105
-0.35757545
7.66833529
10.93415429
-2.06461143
3.59898798
-10.55406993
5.28133173
-5.64809498
-8.36088139
20.20435552
5.53839725
-10.55401893
1.00003460
-5.79392679
-2.01075220
0.14087083
1.20012128
-8.08941177
-0.16341807
1.24605803
1.35649816
-0.01574280
-0.96601555
-7.07561100
10.98195778
-17.86277136
16.32379778
0.37629947
-4.36928269
0.87961614
1.11991247
7.87749115
2.44329763
2.68746642
1.51122060
3.52869820
0.44720449
1.49910037
-2.58905509
3.97904316
-3.00114334
-0.91206503
-0.71754189
2.06275974
2.86990826
21.45530148
-2.52705348
0.59176763
4.65935838
2.20999057
-1.32489840
0.31558137
-7.68697936
-13.08893206
17.01410026
-1.54980472
0.37038089
1.38602013
15.79773723
-14.45081584
-13.99035009
-14.45806850
1.33251242
0.08875827
19.55403753
14.00504064
23.54728204
9.46034310
2.10050993
-6.26051458
24.71436861
-12.51521166
-2.05434304
1.52364885
10.12811568
-5.97713132
2.10527106
-3.16898493
16.69334274
-9.02832219
3.15404833
1.58642750
-1.28296347
-0.35680081
9.78560082
7.97574927
5.06491340
3.74991600
6.11395292
7.54979917
-0.42594395
12.08002772
-0.04192819
-2.68583579
4.43564114
-11.84502807
0.57765926
-5.92163708
5.05537531
0.19301286
-8.96526563
1.28336634
-5.73007514
-14.13606530
1.54971359
0.00555061
-8.43907226
-13.71422576
-16.00656445
3.68681352
5.09191954
2.83621825
2.88742387
4.43238839
2.13497970
-5.94518519
-0.22666628
20.94480111
8.44784544
16.92584078
-3.40830701
11.65257014
1.84095373
-2.94358537
-5.40960401
-0.75820466
1.62107007
-0.14402267
0.90467740
-4.76945350
-2.58313877
-0.95379264
-12.50108064
-8.28104398
5.07766118
-18.57873674
-1.13322123
-3.26422513
11.30447256
21.03164801
-2.18623954
-0.24990184
-0.87483120
-5.16561401
-5.98568691
-6.04193036
5.02540475
0.39052537
0.99725824
-6.76053277
-8.15078726
-0.38509083
-0.00425272
-5.21268858
0.17363410
-0.45740099
-5.04712217
9.68987542
-1.89821888
-0.03274265
-5.91166978
-0.53408112
0.01793076
3.72490221
4.12009958
-12.32889280
-0.70071329
-0.05907560
14.12080560
-5.24195678
1.67043378
9.66617195
6.22421515
3.30208752
-0.43543456
-11.31301861
-2.39834119
-15.81867405
0.59611034
1.60019881
4.22918406
-0.00425791
-13.33796720
6.75942702
4.19816459
5.51500092
2.69815923
-0.97487824
-8.28456348
5.29372993
-1.91510251
-10.38625061
3.01887041
-1.65419947
-5.09562991
2.93239860
-3.47606553
1.84900059
5.68230223
-15.16964600
4.86538252
-9.00362561
0.52858322
-3.81811327
10.71448798
4.24224641
5.12872521
-15.85519929
1.16663808
6.51083240
10.34291162
8.56509454
-12.35458182
2.17994795
11.89404061
-8.36978481
6.30320908
2.55826213
1.56103882
3.15872329
-0.44914143
6.01508024
2.68069675
-1.32822695
0.00059752
12.91135540
-8.92457086
8.71152536
1.42695639
-16.18740378
-3.01581267
1.73313304
-6.29366998
-14.12427110
-1.41035243
2.53151105
-5.86350096
1.11165212
4.78002437
-2.28669060
-5.66180876
-0.82091819
-1.39770601
-19.15021529
-0.57820474
-2.33829387
1.21318512
2.90772452
0.58010952
0.09937979
-0.45591179
0.04639984
-0.20639180
3.28994997
-0.13101318
9.42220353
-0.13441119
8.45964069
2.21220107
6.10003055
-11.77131681
-1.09568427
-15.24260993
-9.16343105
2.72051755
7.53909796
-6.05368096
-0.70915104
10.61420750
-13.40455418
1.18566677
-6.95833079
-0.72546322
-1.40290053
13.24631577
-1.06013774
5.66875240
-4.58104484
1.02721657
-1.37996996
-1.51137209
7.61799693
0.89253806
0.58043644
-2.76406945
-0.23796154
2.11931348
2.14575025
3.35581216
-1.75543341
1.06722056
5.00314336
-0.12121664
6.40885577
-9.12298151
7.97977238
-20.32454311
1.12314690
15.46384513
24.64969116
-17.06976996
-25.48678221
1.99248283
0.95455017
1.35910925
0.82770020
0.65311897
-3.42772176
-1.99258658
9.22630619
-5.07346393
-0.31714945
1.97486832
-1.11295601
1.79612362
-11.76981842
12.42492255
1.79177704
12.13994463
6.92431344
-20.70040295
-8.70881020
0.56449655
4.22599089
-0.89300715
-4.20953002
3.86924522
8.29685640
-6.76336170
12.68029191
-13.74910918
11.55716268
-10.48050890
10.96474839
0.30120442
4.16820654
-1.79630386
-1.66074985
13.53774931
-5.60276378
20.14719692
-11.64467373
-9.81302694
-8.50903244
13.28604235
-13.58923061
3.95978615
5.67997224
1.70316286
0.75636244
-23.29493160
8.98339686
0.27956966
-12.07730254
0.39558739
-2.68215694
2.37023099
6.24507496
-8.87676010
-12.87164460
12.80692680
9.52628704
-1.90287784
-4.56808997
2.54065427
1.48705954
-22.25155316
4.44937630
-7.41388720
6.63821568
1.23870876
-1.16760154
2.31241144
4.47296646
-1.53535444
-6.23701220
0.02494489
-3.24571947
11.18727684
7.71562533
10.64629463
-13.53859537
3.97890766
-1.12911738
-5.86337989
-0.80365170
3.98311392
-6.74856378
0.96029626
3.81823360
0.31516323
-3.10108992
0.48392894
-14.82411727
0.31878265
0.35502250
-0.84187658
1.28201573
-11.83949516
-7.94122916
7.63054880
13.70581635
0.49297642
13.60653237
1.23490508
1.19365131
-6.57655333
4.74819555
10.00834304
9.04109951
-2.85424154
-4.48323413
7.26350778
5.34080381
-13.60498232
-1.44330542
-25.22211370
12.29624052
0.17989681
-1.13634388
-1.50502154
-0.62679683
2.72531990
-1.93334998
-3.83664286
16.69941206
0.48056340
2.22551901
20.30234569
5.04690464
-3.60408707
-2.13262043
19.61918164
-9.64961769
-1.63940522
9.41440971
-3.27014922
3.23796806
-2.70347330
-7.82370571
-0.67959862
-10.10979415
-1.38605945
7.88347628
-8.59117976
-4.80738246
-17.33233451
1.00948029
-8.11146488
-2.52962855
-0.17959398
-1.10795775
3.78785566
-11.62302321
0.07083785
-9.58115718
-2.59981823
-10.58870700
-2.14596409
1.47433898
4.63050565
1.66788920
0.28075401
1.12045977
-1.64362980
1.60067461
0.83051357
7.53028624
3.74768472
-0.27434820
4.54979468
-0.24008649
4.48909577
-1.46267937
-1.72783497
1.72564773
10.42059344
1.36402745
-12.52224742
10.80488260
7.95778275
-3.67505168
0.29564411
-1.17903207
-1.21843306
-0.58833634
-1.84958689
9.37881728
-1.30825128
-15.49197301
10.04006358
-0.12268367
0.75964179
-2.17395810
6.91388486
-3.31908342
2.37204674
3.37600592
-3.71149886
-17.91140161
10.01697612
1.07068475
-5.04119008
-2.32897600
-2.20444161
-0.57288586
-6.83308259
-6.21271190
0.61696780
1.74681016
9.82404673
10.47180230
10.53079644
-15.06901241
0.86443734
1.10324449
-2.81473738
1.36995044
-1.58072208
-4.13432240
-6.11773328
7.83184202
11.01378716
-10.40550044
1.06155947
-5.76935754
-2.16619345
1.59988971
0.29303591
-1.53434265
-3.70205084
-1.51567429
4.35289875
0.51801410
-7.88447498
-2.98928904
0.22572181
-2.48012290
6.52578577
6.94200040
-7.84161074
9.79259101
-2.55777722
1.50073797
-4.75383713
2.23678010
-0.65284090
5.77181219
-15.13260825
23.63290813
5.21364592
-11.78797563
-2.75415749
-18.90952716
-0.13461515
-0.72501062
-7.55893814
-4.48470841
