3.14877386
0.56023986
1.12613552
2.05601302
-0.88750680
0.74306940
0.21847435
1.13781700
0.79611062
-8.60986505
0.35527648
-1.08692297
5.41982788
3.49294243
0.34545724
-1.97330251
4.64936777
4.14145065
1.55329355
-2.88599996
2.13736353
-1.10796443
-8.98249449
7.31522852
-3.29120133
-3.73723263
-5.42658660
3.91220206
9.72009806
-2.37236562
0.00617532
-1.52874100
-0.10142075
0.02326391
-0.46235915
2.61382640
-0.44847628
7.13295651
-0.54944044
0.32422250
2.10698583
-5.65737907
0.73176895
2.81194360
2.65540462
-0.00378059
0.16138770
-1.27884109
3.09273919
5.21897031
-3.09647499
-2.34563258
-0.95199339
-2.27527689
1.53125050
-5.13966379
0.35851963
0.98302620
-3.55041979
0.15002790
5.94397993
-5.49270721
0.33268205
2.51676617
-0.71146885
-5.11045549
8.48183815
3.70136234
3.72852032
0.01986363
-0.58019240
2.76661417
-0.83219316
-1.50700993
1.74890883
-1.95079876
0.59670079
2.31609037
0.10938603
-0.12113488
6.32505083
-1.48838391
1.22527626
0.13013410
-2.41955478
-0.37018012
-3.31606124
-0.78951090
3.76901534
-1.18884042
-4.12357355
-1.35266521
0.16677900
-0.11795939
0.12293702
0.07169745
0.82725373
0.98070622
-1.29615194
-1.83255914
0.41806743
-2.59532018
-4.69911890
4.46894406
0.54030313
4.23965988
-0.52825600
-0.16031266
0.98638431
9.61989791
0.21533290
2.35961648
-0.68418744
-1.31528553
0.30276462
0.00216617
0.62052989
-3.82009526
-1.42231467
-0.60588997
0.02357194
0.18308934
0.96872244
0.38800208
-0.75401323
-1.44319342
-2.23981718
2.64257693
-0.01724336
-2.76082058
0.31397312
-0.63977825
0.16008721
3.26312183
1.88521234
0.03065792
-0.87716778
-8.74063107
-0.18676449
-0.36914929
-4.25308288
-0.22551087
1.37923900
0.40714544
-1.89658598
0.02162845
-0.40575386
-5.07548575
-0.06369462
0.26381813
-2.18985224
-0.25755386
-1.39879212
0.53753755
-4.62325841
-2.43995100
0.91742355
-0.11011842
-3.27996115
-1.23167480
-2.00368773
-0.17164597
-1.24995830
-8.39128998
-0.93184567
-2.41179729
-1.99076841
0.81810673
0.09761880
2.26326606
1.12354577
1.06087889
-0.49869294
1.44433031
-0.57768952
0.07506090
-1.84663251
-6.79348275
-0.04685061
1.51951261
2.41060741
2.58172387
0.46620011
5.17075431
-0.34968386
0.14288680
-2.63903716
0.46812842
-0.69482969
-0.73151641
-2.98713578
0.18136790
-1.66325562
-1.55052488
0.24516763
-0.00030471
-0.55583812
3.48205500
2.53208887
0.90611785
0.94038820
-0.54811804
2.47267530
0.47442046
3.79424100
4.78224073
-0.01335814
-1.28554421
-4.22865626
-0.30594831
-3.92463199
1.70833785
2.54914316
-5.61523281
1.10526091
1.98437734
0.42811291
-1.48613562
3.76069289
0.24223801
-0.39930887
-0.78143708
-1.35283362
-4.30108926
0.41444363
0.67117496
1.49854160
1.58238399
-0.18590349
0.21609087
-2.03966094
0.77692166
0.33217386
-1.06513975
0.26237496
-3.10502727
2.05453026
2.57275330
-1.31809400
0.48482958
0.48980104
0.52104789
5.98368076
0.74005436
0.16010387
-0.86080996
0.89010058
-0.39192255
-2.50063977
-0.41165953
-1.02712712
0.48196741
-0.71104147
-6.34415675
1.31809051
-5.66398680
2.22611473
0.00926588
1.37331219
1.23233754
-0.02351807
-0.13254633
-0.71912689
-1.85854898
7.07022932
-2.10409375
0.03804393
-2.70856771
-2.01603937
-0.52822460
-1.17752499
3.20457175
0.46647839
0.35389243
4.11043029
4.07583031
-0.32697479
0.60733883
0.35851963
-0.36914929
