4.68093319
0.49081584
0.53250050
11.09932683
-0.19862994
0.34193977
8.32620155
-5.94572614
3.96063931
-12.44884506
-6.86873992
-10.98651532
4.35695315
14.59550696
11.32340777
-4.56875565
24.24768364
-11.30080728
4.97328970
1.58620987
9.44816276
-5.88365443
0.05419265
-8.57672141
0.00055730
-14.78893533
-24.30790071
-3.27021026
-14.95283357
-23.27459769
1.92127543
2.88117745
9.96266224
-0.00821549
-1.90841735
21.54317902
-13.18401218
-17.72525361
-1.75748248
0.13720995
-10.52843943
-10.96021208
3.36743568
-5.54108858
3.94229193
11.41808684
13.19962627
-4.53991244
-1.03801235
-11.80937273
-0.19492155
6.85256223
10.58140770
-17.82257066
-0.32175359
-5.77073985
-0.04164175
-5.64674980
9.24091437
-0.57937961
18.20867803
-9.14486505
8.84072546
3.19967953
0.88858908
1.25877646
2.72413434
8.11272777
6.95760288
-0.54355397
8.14215908
-11.52851155
-1.81480801
4.64568349
-4.83947319
1.94902184
23.91462023
-4.55970946
-11.45858120
0.00745370
18.81715241
-17.55763582
-0.60113911
-0.19306888
3.45990060
-25.78139586
-0.25433726
-1.01741711
3.67535919
12.18726015
26.84343286
2.82952850
-0.28635378
1.23430565
-1.20994276
1.66694444
1.67045786
8.45396047
0.86436094
25.93954795
3.65270374
-3.15789515
-18.73649770
-6.08591424
-14.30572124
22.93892757
6.42333090
-1.06794224
-8.56621512
-9.04068195
-0.69188131
13.35715587
2.26219786
7.26905423
0.47499218
-3.83098383
-3.98756736
-8.90782512
-2.75146354
0.00889594
-5.77730641
-7.07809935
6.98382345
0.26879878
0.59185591
3.77200080
22.18772115
16.02481143
5.19526083
9.27825035
0.03775030
-1.74853783
26.64932871
4.20412814
-7.36590699
11.95368078
-1.82174195
8.51571977
2.75819523
-2.15691994
25.29662109
6.33854661
1.82845779
1.29087750
-23.42615263
-0.31022956
6.02467821
4.26482763
-4.38866970
4.51404639
-4.00159671
-1.61516314
9.40914583
2.83607395
-5.21347343
2.81744540
-16.99219881
3.20316101
-15.04232250
9.58092762
1.82421369
-0.06687442
15.70233802
-25.07708196
-0.94159035
-5.20618177
-3.13791133
-5.85002032
2.26218359
-12.67539581
3.78179821
-12.40979579
11.65451422
-4.30382324
18.29961920
0.99957955
-6.18786203
26.17399624
0.27403586
-4.77288971
12.40817964
-11.93678897
10.57129656
16.00549731
1.24711375
0.32776005
17.61828160
7.20318750
-6.79587511
10.11431654
10.47482099
2.51043691
-15.76673811
-2.05966784
0.08396604
0.49730946
-1.95110538
-19.68330002
-4.11533732
0.10085220
2.67065055
-3.73964354
1.65633739
4.71237202
14.10571605
6.96256626
1.67834272
-12.84339172
2.36953024
-12.59907224
5.98736719
-21.17479382
-3.77973299
13.15037139
-3.16624636
8.31233875
2.53836757
4.23015582
30.90428828
6.02993985
-21.72057079
-8.14468386
0.63265305
-2.42913801
-2.50368990
-0.31694096
5.45473496
2.11043291
-2.07811198
-0.23838162
-0.64015121
6.57546221
-0.83855532
5.54651054
7.51659120
3.90823324
11.57553277
-2.70096532
8.21598139
2.93287257
-0.24772951
9.16188753
-7.98710913
3.17308439
1.71282360
1.49472182
4.28062415
2.69406363
9.66157968
4.75712867
0.86058178
-4.60338408
-17.68827358
-22.50631139
-19.86203781
1.21037286
-4.19719651
0.13412580
-17.13600091
15.56484338
-2.30581416
-2.45576795
1.60715709
4.84034542
-20.18254155
-10.12110098
-0.39416298
5.95116152
10.30568266
4.34483356
8.97291622
6.03515556
-2.60392391
3.14964115
15.41009895
27.24904443
14.99823992
3.97928696
2.46736457
8.37042980
-20.47777484
-11.97773697
1.10916414
1.26101478
-5.26929707
4.26546629
-1.64822874
-0.46031418
11.23782396
-28.74803869
-12.03808242
-2.05599350
-1.55765096
0.01156625
16.66790489
-2.37649406
-2.05148681
1.54481259
6.39386683
20.91878420
-0.35108830
34.57345172
-0.34887749
2.78482136
-1.50039064
-16.47308895
-10.64587297
3.11288806
-3.49329173
-5.39948935
-11.52449916
10.92942034
-10.79484895
-18.45796777
-1.18441285
0.13779998
10.47989132
-0.02773135
13.30672162
0.86777546
-8.06225596
-8.34211059
-4.93275586
-3.82544878
-7.41752644
-16.15417026
-15.82254754
-12.35015541
10.91778777
15.01232025
6.71637836
5.38735486
21.06607949
-9.84865675
3.06065567
7.43878451
0.29044098
0.39766799
-2.42595283
6.90920891
14.01031514
-6.10231488
0.02639143
1.60172270
-20.70730791
3.18154023
-1.10333000
-4.80124265
24.15160376
34.18692504
7.21138539
1.40873789
-5.87749641
-12.58681363
-1.31165889
-1.63992507
8.38322463
-1.23017643
15.21795262
0.16661191
15.33992777
15.20153822
-3.43592109
-9.18664015
5.15170992
-7.00528395
-10.75836620
24.00235259
5.21774496
-0.71164978
-5.73261481
-1.61984360
2.73281558
-16.53876491
11.49739781
-11.23875683
6.67705524
-9.32671073
-5.25381839
23.49948895
-6.07876559
-16.83549883
5.69681670
2.62932265
-25.61389640
0.12976734
21.27231199
-4.35435524
0.73005487
11.27009335
-0.94033416
0.04559919
-18.99590483
-2.19860346
-9.77441129
6.54914345
17.52465088
3.03691677
-0.41250367
-9.47461641
1.69133386
8.96587192
1.12098771
-5.77218741
8.21632177
5.80867114
-8.18022402
0.52794456
2.31320571
1.06198702
13.48176396
21.69658053
1.22184865
-5.79827391
20.30203406
-4.78532909
-2.08729700
-22.32226957
12.30034550
-3.25411621
2.86106523
4.77854913
5.70377428
29.06270264
3.56183920
-10.79481832
-30.73214869
-16.50383531
-5.08973883
-6.43837558
7.13546352
19.26022569
4.60898556
-8.56560621
1.29383386
13.04374531
-6.75732188
29.32347442
-7.17167851
9.46286725
15.77029658
19.18596945
-8.60555688
25.39787608
8.12008901
6.43846527
-12.45523357
-11.36718372
7.28441723
2.15429953
-8.94439555
-2.17269218
-11.01065229
-2.55478476
-23.21464981
-7.98879935
4.08440751
-3.38557391
2.04987808
0.22762177
1.19929929
1.48388355
5.26246512
-1.47915702
0.37861418
2.31383756
-1.23466494
9.86138985
9.28995440
-2.80996984
-9.42632168
-11.47490900
-8.06647480
5.11685116
9.42566164
17.38830161
1.85363502
0.00680614
2.55946479
7.06282478
-1.31166245
2.16745746
10.81077892
-0.69893753
-13.50361392
-2.88958909
11.43854957
7.50334824
-0.63348778
-3.92510638
-0.21993351
11.40363531
0.15284336
1.22000273
0.18640302
-0.19864548
-6.01114267
-2.54926131
3.87709000
-0.02016658
4.35098144
-4.13046469
-1.26965736
-7.12510143
3.99510880
-9.50222549
20.18036602
-22.81750634
14.84036725
3.82044059
-0.39666977
-7.74039673
0.00295200
-0.84716314
-0.26377429
-5.06072912
-5.57737393
-12.34220093
1.79942591
0.51066593
3.43882960
0.59748924
-3.71154313
0.55001577
-13.94707505
9.54936650
-6.40121772
5.50797922
-30.11497486
-0.36882554
5.50542732
-30.69588423
6.04672124
0.18780638
0.98426342
15.26758225
-20.48269475
13.66781607
10.08708201
7.14461285
-14.82016693
1.68212983
-3.17757910
-17.57490984
0.00361677
0.20237263
3.03738674
-1.46116295
-18.47241589
3.75420363
-2.90192695
-4.48113193
7.27215046
-3.71836967
4.69052337
-12.66236298
9.58382340
-2.13714984
0.45743554
-5.22900633
23.75472418
-16.63155463
-12.65608997
13.84250290
-1.32291610
-1.36926626
1.82710275
-0.23348197
7.92214482
-3.79704916
4.80378994
-12.85916873
0.89335701
18.10793159
3.81248471
5.43760090
3.03022268
-36.12910846
31.05776927
-19.18842156
-5.40383102
1.25302217
0.19319192
-2.73497237
-1.42145964
-1.27372051
-0.60680862
-1.84753016
-18.31025649
-19.88049926
3.62252927
7.37779128
-1.38669069
6.59014695
-7.60863961
-0.69312862
-5.21543622
2.94569520
-2.28623947
-6.14148512
-2.67598210
-1.70027996
-5.39974940
-32.25783088
-0.12512522
-0.77519793
-0.02284050
-3.49867351
-17.98549270
9.25816135
-15.08685128
19.28537509
3.09060010
-6.26701443
-4.21151371
-9.07875560
-18.96602568
-6.54966143
18.00605585
8.79731412
2.74507508
-14.47486297
-10.50258964
9.99304991
17.56635239
12.65525104
6.64061356
11.70783134
-0.88794188
-7.55305769
0.19036166
-6.64626923
18.03002452
3.47925217
-27.71548447
-1.10358679
-14.65577606
-18.77828135
-0.76884362
11.54394090
-3.88690520
12.17978860
0.63577383
-15.85155106
-1.90247559
-2.83923388
2.63169157
-9.15031890
37.79809035
-10.03517209
-31.63035921
-15.81201107
-5.69860906
29.49513230
-12.44240220
21.98248683
0.44438569
31.19435257
-0.10414065
11.96423730
-8.52734972
-11.51658440
-6.03976988
-20.21740448
-3.53412756
4.72142840
-15.66973878
15.95381536
3.46171347
9.51608199
-5.63174923
-4.79470532
-0.31382774
0.12278503
1.72893916
2.61596593
8.84257341
-13.52774045
-6.63989180
19.83545073
-3.62859651
1.55832100
-6.48116169
2.05856648
29.77675877
10.76700410
21.12960953
-9.62899415
-1.07403226
-17.48866254
-21.14389643
-18.45321165
-1.21139467
4.68441555
-3.37560316
-0.01378030
-22.92863164
5.65479177
-22.53114799
-25.70190805
-7.65089411
8.21359421
-3.45687482
2.59970066
-12.05544958
-2.04175018
18.31381178
-0.88413443
-19.91953817
-7.88152451
21.96417051
-26.19603150
-3.04657369
-1.54524215
-2.47152432
0.06408794
-4.27554554
-0.09934157
-14.34104032
6.95835103
-5.08298999
-14.84958852
-8.88752832
15.27648294
11.20354120
-3.18985699
-3.91633077
7.88128098
16.36327263
-5.04442670
-1.48503220
-8.62549773
22.75793429
17.30680065
21.54816067
-6.36906360
-2.27032438
-3.76463925
1.33369308
0.37566090
-5.54526729
-0.33047274
1.95493710
0.21993812
23.37467414
-14.54053396
-18.90429973
-1.27573516
-4.84718791
6.62527054
-10.11804333
6.87853764
7.94980320
-8.85724694
-17.25818166
8.37863988
-7.16028614
-9.09640760
11.78685958
-13.14502653
-7.68883254
4.11350057
6.45009105
17.18498588
-4.04315190
0.41282658
-6.93556797
-2.92016140
-15.39485388
-8.74118571
9.79604795
-0.82138473
1.76676531
-22.54576960
33.86594892
17.62156941
-0.01495760
4.85228241
0.07585037
-5.53323103
7.16419324
-1.64317052
12.64793884
-2.92973864
5.46593157
9.64389581
4.38444739
-15.07188664
7.03276059
10.31847074
-8.68412362
9.83272196
-15.50223007
2.28198428
-9.81173194
3.48008781
-12.54646189
-5.50624821
-0.31605730
-3.16273736
-4.67020789
-12.80040195
-8.30552780
1.97500313
-2.26024271
5.33523925
-2.62021690
0.01581238
0.02207326
-3.88383433
-2.04858344
6.69503852
-11.73790209
-6.31719033
16.59158805
3.44652791
32.45964240
10.91247050
-1.57361896
6.86898336
3.13016195
-15.08354981
-21.49055285
-4.25330916
-8.49764373
11.33514733
2.24085520
-20.84474723
9.15814900
16.26939109
-5.08642856
20.48587738
6.68143109
19.70416688
-16.90744766
15.57936084
1.39253994
-6.19114914
-6.60129202
-7.89879607
-3.48052756
-5.42685236
-12.81717989
18.43163697
4.36464143
4.61643223
-2.23965675
-23.72181646
-19.78378368
-19.94916786
8.15796575
-26.32701114
-1.48119893
1.05200782
27.78092421
30.93300051
-2.41447848
-4.13114445
0.81046676
4.94638384
7.35111838
-12.77068025
3.63723510
15.00810436
4.56063566
11.16670465
-3.36750044
-5.12536226
-7.00646496
13.61256252
-2.37248461
1.47527135
-27.69464849
18.52529765
-13.78330106
-14.67469203
-3.10090441
-11.32212032
2.68293594
-0.47493691
-6.02779710
-3.03942792
7.86334422
-1.58366239
-17.30175134
-14.95922960
-0.29525844
-0.50568010
7.10859043
3.69740347
-3.01753936
0.07347689
-7.88450061
-14.30273009
0.56833638
5.84364629
-10.71865227
3.43718783
-7.08433361
-1.75127633
7.98838775
-10.44101566
4.59819741
5.35923657
-2.34753395
-20.65930921
11.82132435
-13.39578192
-20.71486356
4.30906703
23.20480154
-7.92657250
2.90964304
1.77678905
1.86707605
0.98093017
1.80695483
2.41385630
-0.23734890
0.98739801
-0.54449619
0.00987724
-3.19604139
-3.66833460
-3.42578125
-2.14781501
-2.01385837
-0.35125323
-0.90692667
1.77384073
5.85450690
-13.09778288
1.49093724
12.15276999
-2.27480695
-1.06869968
0.39039773
9.68231104
7.38765578
-6.40046542
-12.12642057
6.30988686
5.58547455
21.40641141
3.29142731
1.05383212
1.81389717
1.53968599
-5.87588115
0.14154871
2.77949852
-20.07520434
-8.51645948
3.71478158
2.82763446
2.48979108
-7.22417934
-2.48901409
-3.84028967
-9.96161362
-0.05499367
13.06585299
-5.41215309
1.51464001
0.57834561
-1.16371955
-1.26742022
-0.23983087
-7.78976556
7.22137821
4.13780938
5.58506164
21.01571927
13.61440154
-1.92883941
-12.06758627
0.47102894
0.17970802
-1.68112362
-12.49477588
0.28271688
-7.34121647
0.42049056
-9.97643005
0.95325026
1.38772905
-0.01131893
-0.79053994
-0.00452053
-0.68551928
-0.50911318
0.00610203
6.91909226
-8.95624932
-1.27191350
5.21004172
-12.60702038
0.10402731
-3.22721207
-1.37936313
2.83159426
-1.48047001
-1.46266935
-0.47264513
7.01606031
6.17598669
1.16745992
7.22445660
-21.32873148
12.02725273
12.23350040
1.12032488
-2.09271883
21.65685873
-9.21038507
3.42773506
22.30662927
15.70040086
-12.87709407
21.04838015
8.98897922
-22.41801510
1.32047705
6.36143120
1.85747118
3.20823630
2.31941176
-0.09267609
1.69651697
0.89098811
0.89790890
0.13065108
2.58665102
-4.54899143
13.14338844
-2.96798595
-6.32832787
7.95859453
5.15023723
-3.94053747
3.87172662
1.33635642
3.05340082
0.41689867
2.29798932
-0.85490493
0.27320944
-0.17483964
-11.41040389
-9.82656710
2.51769492
-13.97080909
1.00167467
-7.92529305
-1.18151425
-11.78065571
14.71173163
-24.91241845
7.53092324
29.17548287
-9.52140471
-1.08158433
-6.02400985
9.91789496
-7.50830753
-4.37829057
-3.40874116
-7.25257351
4.78883851
6.64126430
-0.57176930
-18.44170071
0.49168048
18.72210331
-1.95341467
-15.29656460
6.97585416
-3.82106990
-10.92106215
-9.00792169
14.61172612
-3.42844252
-24.35009700
-5.94475783
5.64131049
-14.98516259
19.50105691
10.97246618
-0.11445422
-4.27392297
3.91349058
-1.20951895
0.12392180
-0.16634491
-3.01402570
1.48323047
