14.25953493
3.86295149
6.00975549
-9.95195104
-0.66717379
-1.33245374
2.20150068
-0.50203666
-0.05535935
-4.63042916
-1.24664767
-3.28341507
5.69296921
13.08758641
-2.07461135
-1.51342530
-11.78528424
-6.34228573
-7.05399606
5.86104446
4.78197374
3.47955361
-0.04624337
-0.20880251
-3.00543840
29.49859994
-16.00631936
-1.17462522
12.33180326
13.21284698
-2.26094980
-1.09788374
-1.29476866
0.01124645
-0.51072151
4.04671928
7.72961922
13.28430218
-2.08391923
-2.17196389
-18.87201533
3.76939515
4.60826157
-12.35228173
6.54735547
12.01970667
-3.73519956
9.27756678
5.89779064
9.55737450
-8.34450843
-8.98379175
-22.46726523
-23.59701930
-6.27042178
0.80941464
-1.50728805
8.41747553
-13.48029918
-0.03027944
9.03943496
14.98861033
3.85153314
-17.41019400
1.03739280
13.63967613
0.10612249
8.29788887
24.46125759
4.83284155
2.47109324
-0.78739093
2.64721812
3.30242507
2.73682054
0.32022271
12.27545005
-10.92173907
-0.22925061
-0.99155588
17.03678257
-27.82112052
4.77839248
1.71208935
0.17054015
-9.46825730
0.96490221
-3.34445154
11.54286133
1.38839363
-25.95866734
13.45973513
17.65960442
24.03563375
-0.84306145
1.00043234
-2.26250323
3.00406684
0.48818219
-2.06336130
5.34327194
-3.83643498
12.75067437
-4.91542645
5.41662366
-12.29421050
19.98639516
8.89671880
-3.40320216
17.63072343
3.90935326
8.44456008
8.12533269
-0.03726981
-2.33281288
-0.36417746
2.28743926
0.38829472
10.03895455
-0.44144129
-5.24388327
-1.74793818
-5.14315760
0.94623518
-10.99715034
5.65972488
-22.03798658
-15.79183003
1.59929005
-11.24490152
0.03493578
-5.90906064
4.33150142
-14.68997824
0.14825655
8.40746812
1.93898504
-22.29163577
0.51291587
4.61296287
-13.02866596
-1.35673716
13.50635582
14.83951294
21.63006600
-1.48564402
8.27601915
5.03454720
-1.74655068
-1.88618847
1.35905867
0.86120173
11.88838291
4.64921974
16.57916359
27.92353783
11.62989124
1.44251828
0.24796533
22.16394819
-11.81593930
-7.43280663
6.91983066
-24.73602871
-3.03568537
-2.98895757
6.16119866
7.36299563
0.26293787
-3.59585204
-0.42908148
-17.04969918
21.43894829
-3.20913994
1.79574129
-0.95582442
-1.14408597
-7.24514567
1.43312153
-8.95359060
9.56715023
5.53108526
-0.50078523
1.55846156
-8.25166725
1.65350031
10.95155340
-1.36876817
-0.05305332
4.24942850
1.77048250
1.18924885
0.50415027
0.96198601
-0.30858017
-1.66021896
-5.04697174
-4.31238899
-5.98806939
4.31553384
8.86567076
4.13942441
2.61187919
1.55341062
-3.14072840
-3.21573846
-9.06199342
-13.17011416
-11.80613090
9.78709976
-6.74065255
17.50514284
-8.53532573
15.87653186
-8.02029902
8.81418966
-7.46408179
11.49757107
16.31193428
-15.05619237
4.05348374
-0.04623527
-8.15138470
-11.25650964
-0.52061755
-3.68559442
2.78234229
5.40020464
2.60441415
0.00741270
-22.83267518
6.86108069
2.61770428
7.29128506
11.52427705
0.64820953
0.59984716
-0.35076012
-5.51473168
-1.39132429
2.40250885
7.61350154
-7.58840089
11.60699611
-0.70446987
3.27606364
1.74545458
-0.80854940
-13.82867820
-7.96672203
3.26291102
-7.96140875
23.66900163
-22.21185596
6.93374117
25.62722601
3.24951875
1.29088865
10.02230021
4.30771615
1.25885228
0.13659742
-8.69130294
-5.29411966
6.15567857
-13.89530238
3.97874238
2.63010269
-8.70914067
10.28645832
-2.30593855
-11.74434534
0.92830804
-2.26371094
2.08162132
31.70218115
17.85996493
4.40620126
0.38699319
4.67667418
-35.10659526
-23.74808207
-0.95193407
0.48976555
7.32661311
-10.80622402
1.78046014
-5.36194002
-12.97401703
-19.59939892
-1.27387126
-1.28646928
-7.78068342
0.05225704
7.58640398
-10.78973174
-2.13604857
6.06515853
-0.24462051
1.16641230
-10.59267698
22.62462116
0.00241343
-1.49121876
-12.28621851
-7.20270119
-9.81932402
-3.07839493
6.22730104
4.44305612
-8.46716569
10.54287461
11.96234338
-8.46341305
1.37083913
-0.28426824
8.73542295
-1.37189100
-1.59923793
0.13412090
10.16448531
7.78882794
9.44951905
1.89183931
2.50722697
-13.48328226
-16.68801810
-22.46075454
8.36723823
2.46311530
1.87710923
-1.79277822
12.07312945
-3.22618100
-4.15201085
-10.92239835
3.12308053
0.37655978
7.37908875
9.99286607
0.90280627
1.90294471
2.44850892
5.15529146
-23.92721087
-23.18534651
0.51667219
-4.13966694
5.83632132
21.46814280
-2.32948110
0.32422878
1.46799722
0.66393664
-4.51462742
-12.07838142
6.31676321
-0.35367894
-2.09596682
4.71412338
3.67683475
-3.75769558
1.28193960
4.23867753
4.65279015
0.38885253
11.46356752
-10.79402282
4.70224396
-1.79454212
-2.45234268
-1.15883496
2.64957119
-4.35467005
0.12430266
-10.44262538
6.66308420
-5.28425284
4.84384657
3.09539317
1.35172125
0.75113923
0.24216265
0.94329902
18.85748855
-6.78524704
-24.83725721
9.02943787
1.47348255
0.88757658
2.34553626
0.58102017
-11.83197144
-5.57535168
-5.48974630
10.93649746
-7.14785583
3.14277372
0.67987494
-3.20002820
-3.16251229
-0.45388165
-1.42847980
-2.05039228
4.45507306
-2.32334304
3.58504067
0.31100312
10.12177288
-7.03721709
16.18930503
5.80035545
8.02582391
-0.94466560
6.63053981
-4.46026024
3.97703450
-7.01473077
-10.01941834
1.66801438
3.62015953
-4.07620125
5.78055915
-4.73741263
-14.56309428
-9.01648815
-30.63012525
-13.87046903
4.00221417
0.58630010
1.26455837
20.53208690
6.90644916
-8.06422451
-0.00529437
3.62457397
-0.50688509
-23.44951931
17.56651797
-12.29432688
-6.11463073
14.12629358
1.11188476
-5.09428635
-9.54649773
6.99574492
-11.77493367
-3.43418650
0.00271641
-13.16854196
-2.59085513
0.08609975
-11.59581110
1.98715867
8.44402572
-7.29072641
-13.67522589
-1.60678394
9.31304454
-1.05683964
-0.00836107
3.57060120
4.72735197
15.58682598
-0.27990527
0.37265796
-0.20560531
-12.71259450
-10.88065649
2.18552239
6.13986318
6.91112512
1.33492086
-5.26589222
-11.82614440
-4.39923949
-2.51326150
-0.75453576
12.26094643
-13.49473962
4.94721827
-3.44084441
-0.50841674
1.82773663
-10.19672861
7.57277182
-0.04619731
-7.96585714
0.23424582
-5.46165999
1.12641297
10.83838702
0.96170399
0.29745033
-2.41062192
0.49776446
3.05732075
-2.30034604
0.15013145
4.50649686
1.03340884
12.93357833
-1.37122349
-0.28176407
-26.46988380
27.64255392
-2.89785273
21.39125330
-8.16048123
29.85183324
-17.11658235
-4.09181600
2.11926850
-0.01365331
0.50624579
-1.17442931
0.82445101
15.60271547
-5.54758012
-9.24915277
4.03407418
0.59833337
0.25228869
0.72375575
4.70897297
-7.71581961
14.77891046
1.89227869
18.12233694
-21.90711704
-28.22751421
1.51059668
-2.96935166
9.54809064
-0.79127299
0.59560740
3.21464185
5.27842560
14.04520963
-5.39373116
-1.00665253
-12.61244638
5.86033817
16.51241496
0.22304821
7.40258266
-1.42479865
-1.09920200
3.21215118
2.83359528
24.77930344
-3.41994886
-2.90143300
-20.15495175
-2.26980915
-23.72677154
5.36965414
0.38888674
1.11890304
-12.43628299
32.61973508
0.99977286
-11.82888653
6.81386903
0.48465033
-2.68332952
1.06700016
7.08838457
-3.60674252
-11.19124071
5.45127368
-7.95100509
-2.15500275
-11.80366370
-1.43427184
4.32676501
24.78760159
3.47389912
-5.57244294
21.28054097
-2.03371628
-0.97069912
-0.75417223
-21.43687283
-2.89473797
-10.34043297
-14.64386570
0.02387866
-0.59538704
-19.96557868
2.41119231
13.74144186
-2.61217373
2.53963302
-6.05638416
1.05058928
-0.74014317
-0.91905000
0.00155801
-1.42321806
5.99393215
-3.44949845
-0.41438355
-12.21500137
0.20191663
0.47642738
-0.98568651
0.81147749
8.08465954
5.29971124
-15.47138206
-1.23120669
-1.23120787
0.98261099
4.66892970
10.58377770
-19.48090311
-5.21520189
-0.05767954
-3.16733939
9.46151324
-17.81832765
-16.80600046
10.49301178
21.74152128
-13.69981032
7.69114532
22.11702406
-0.05888412
-2.06473062
-0.62080719
-3.79800972
-5.34192249
-4.69991244
9.62806881
7.18106960
-12.68409394
3.37955494
-1.49375969
-0.67257863
-20.73054472
18.48372813
18.37501466
-18.95003688
-9.59918541
8.92965931
-4.32556199
4.74103618
-4.30010681
-15.19968426
-9.99278100
-5.75215320
-7.94316733
23.91678038
5.03571528
20.25702070
5.48241927
24.13867500
-0.23270974
8.13471151
-6.70010176
-21.10357680
-2.62268205
-4.54696946
0.35033898
-10.97495706
-5.59654157
-8.89153775
-0.49193709
-3.59994855
3.65975702
-0.30421389
0.30096818
1.07134534
-1.60913151
0.63417662
6.44995118
-11.73553088
1.28508756
2.95386535
-2.22886210
1.65016798
-4.56025085
5.47714113
-2.84528783
17.67442048
6.81886565
-6.44348808
-8.39063054
-24.72372332
-13.35632060
-0.88651851
-2.51324362
4.69713441
-3.19991582
0.11969172
0.48374827
17.33335945
14.26612762
-22.28530693
12.07701225
-3.95168473
-0.14557980
-1.14945315
5.75129153
1.63770338
-11.65388072
-2.64501188
8.55783105
-6.86322130
-4.20604982
18.27513609
-6.89384078
-1.76067130
0.21882786
0.81256002
-14.40014038
5.84518036
-1.97660230
5.09860285
-7.17870276
-11.61486416
-6.36236530
29.56250416
-12.39759009
1.08399444
3.75666811
-7.71375198
10.43504861
-5.28978493
4.33991377
-14.39690522
21.47875627
-24.81564975
-18.37614138
18.22299598
-0.03433534
-0.79988367
0.96281819
4.13698556
-1.01572331
-0.90141948
3.80979158
0.00131947
3.83932620
-15.05769100
-20.83235085
-2.97000821
-2.26752186
12.39368905
0.68682558
6.20279542
5.70893621
-1.35533057
-3.23950592
7.31753390
2.38773090
-4.67366171
4.83293379
1.57350238
2.15684086
-3.90888995
-1.37880500
-3.83913650
0.95372593
-0.13465990
-6.53277872
-1.38559706
4.18216622
6.30057902
-15.76783358
17.88540532
-22.01354716
-5.67767495
-4.54084593
5.40242164
0.97240485
3.33267424
-0.00265785
-3.28130677
2.73807424
1.07142239
2.75061448
-1.05915084
-5.15611912
4.09617773
1.85322159
-2.30796812
-4.11366778
9.61709575
3.76729497
4.23865890
-3.43106929
-0.30511621
7.87824116
-1.74655169
-9.68511631
-2.25181547
9.03538917
-2.12807300
-1.79238778
-2.59126074
-10.17288307
-6.74564571
-0.97025768
-2.46210257
2.22028958
-0.62516338
0.42265500
1.90125157
-1.96495329
-0.83711467
-4.50189782
1.52024950
2.35887983
3.05415124
-7.73831652
-23.09595826
-11.99422439
7.26651584
9.97727588
0.28890194
5.49137351
-11.15332021
-9.72054944
3.26175681
9.79246134
1.27830290
3.72813009
-0.07156315
0.03920653
-6.49332404
-7.79391449
10.32573756
12.36305584
-11.82578104
-9.79877586
-2.75676260
7.97536021
-5.94165090
-4.27239516
13.73644761
11.14836706
-11.80834960
7.06313838
-9.45233883
-2.90373880
3.60486484
1.33262300
-21.16290424
12.65510140
-18.22377876
-9.86152582
5.28008231
10.58918644
27.11168180
0.65186114
-0.32898678
-0.00481668
7.35263451
8.40978834
-8.89192353
0.44736282
-4.24122858
-3.60023893
-0.09616960
-0.81293581
-4.37181405
3.61428800
1.97479775
-1.37523152
-4.91220249
22.76379663
-14.28182210
7.15112707
-6.23025447
7.42013602
-2.83231619
1.44095999
17.02474907
-4.78795307
-7.74911185
-5.78501834
3.71350833
8.75506069
-6.11536416
-7.13568546
7.04644884
1.83132551
-6.17096147
6.83304946
15.28801919
6.21379346
-12.66036795
11.63268986
0.37326595
-2.24776507
3.78946347
0.75678821
0.00962107
-0.26101481
11.82865647
0.78220008
-0.00201056
16.74807132
-5.46445281
-1.05317808
6.86698324
4.70333524
12.34861148
3.98543791
-17.89743157
4.52610072
2.27058856
-0.01629431
-0.00288881
12.38196145
1.55841546
1.45215495
1.23223298
-0.20399443
-0.01642080
2.58669414
5.91464360
-17.53778808
-21.55013894
0.07335243
-17.99552940
