3.45589845
0.09463839
-0.03558167
1.33497899
-0.97493055
0.03068026
-1.11931238
0.45225910
0.19752313
-2.70942030
-0.29623489
-0.00216606
-0.38506322
-4.15447329
0.25701695
-0.03973088
-0.93161390
-0.38153606
-0.71930037
0.13164060
0.04433424
-0.69866575
0.04413597
1.70997784
0.61224278
-1.96604880
-4.62769317
1.87708359
5.19021185
0.51080637
-0.20888593
0.07672004
-1.11523012
0.08849166
-0.14601036
0.00193309
0.20795218
1.99418720
-0.30140959
0.00018585
7.49518816
-0.54681737
0.00021818
1.42483676
1.07479506
-0.64102173
1.30820880
-0.55480397
0.19177052
0.64558221
-0.38372581
-0.05057380
-1.36215729
-9.22318758
1.35497386
-0.34937147
1.03144286
-0.13582072
0.13273504
0.39376891
-0.44153524
-0.73211298
-0.00310837
1.91801158
0.85479079
-0.00750546
-2.74039800
-0.73483358
0.36299440
-0.09848486
-0.32653117
0.05699884
-0.44093894
-0.34383179
-0.08016356
-0.15131421
-0.69054962
0.40503194
0.06305976
0.20685226
0.50035659
2.65358918
0.00325050
0.04662803
3.33993416
-0.92690975
3.39343584
-0.00051060
-0.54236718
-0.79377324
-0.51235485
-1.69144722
-0.11445387
0.01503246
-0.85407569
-0.08880760
-0.12128874
-0.27018513
-0.09184232
0.70204523
-0.08204533
-0.05390699
-2.58215410
1.68978697
