0.95861167
0.95373674
2.32611958
1.64419984
-0.02824405
0.98465130
0.01388176
1.62229313
0.25679419
-10.06535263
1.42020620
-0.38564915
7.90239185
6.07785608
0.23052925
-0.65609135
-2.93996363
-0.85177566
1.26205274
-5.52734551
3.05852207
0.50091344
-2.30203689
7.03898327
-1.55165138
2.84461563
0.55687061
4.52372689
11.28613861
2.11716265
0.01211243
-2.27864320
4.56493994
0.16231196
-0.21720288
-4.93636113
-2.01421492
1.09354776
-0.73278198
0.42721014
-10.35325899
-2.49617766
-0.32537351
3.94839760
2.01534175
0.06107083
-0.00224994
-3.29709474
2.85548386
2.65611977
-2.63085573
-3.97894382
-5.51048843
9.63023978
2.96552511
-7.01782004
-0.36297251
8.61456044
-1.97074818
-0.18148208
-2.50904786
-2.98709473
4.87100339
1.39649620
-0.18595373
7.36029080
-5.01317180
5.86802875
1.15939339
1.17456861
-3.51247365
2.86266616
0.00400166
-1.22144186
-1.17984678
3.87181382
-0.14896714
3.38377282
-1.39048636
-0.02732197
-0.10019418
5.35851869
1.34944058
-0.00656324
3.41536229
-5.74485079
-1.58637058
-0.01594951
-1.89203203
-0.14822751
-1.20871025
2.42154465
0.15663987
0.70737892
0.11338525
0.64988488
0.41790576
1.50906761
-1.03193306
5.88349054
-0.05798350
-0.98385146
-5.05488550
4.23943024
-2.74280769
3.84854561
-7.50412607
-0.00072049
2.44850540
-3.75592128
0.24679614
4.48814828
-1.63628502
-0.00153010
0.39996591
-0.00954364
-1.59026666
-5.40102240
0.28984713
-1.08102485
0.63685407
0.60442193
0.88995763
-0.00498565
-2.10394545
-1.52731148
-3.83390518
-7.69990956
-0.17457001
-6.85020003
-0.02718028
1.94209173
2.48729665
2.56469577
6.70542041
-1.17487186
-0.96979314
-6.97794101
0.63280351
1.18439194
-5.52631699
0.13486491
-2.41061881
7.23961323
-3.75519914
-3.33154498
-8.48450930
-1.91973807
-0.57343411
0.23436817
-4.83034393
-0.11668500
4.73926475
0.42354464
1.03601942
-4.85550341
-4.29840919
-0.14567965
-4.23138200
0.07900947
-12.72270145
-0.01230932
-4.81898832
2.33827732
-0.59518535
-2.01597768
6.31491953
-1.24425824
0.53848501
0.44981892
0.42232795
-3.92550335
9.10665617
0.76706956
2.68707176
-0.15839295
-1.63880187
-8.48404115
-0.18078223
1.41157595
4.09304621
-0.05058630
1.24427769
5.38265177
-0.41743504
0.05709696
-2.24281782
1.11909061
1.12793713
-0.00192713
1.67584160
1.17075443
3.18628391
-2.96260286
0.55376829
-0.28844050
-1.69186211
2.48958066
-3.53487530
-0.34069684
0.76816832
-0.45722529
2.47797580
0.58462596
0.57194728
5.32920233
0.39694004
-0.59646891
1.53976704
-1.94639193
-3.79571966
-4.05688023
6.21046264
-1.33083198
1.49519602
3.15758020
1.06389057
-0.67188735
2.87461746
2.89232507
0.10793184
0.54061828
-3.43887530
-6.41166404
0.78688487
1.58367358
7.10450487
-3.07109893
-0.21990600
0.00150911
-2.31836765
2.12694320
0.17769665
2.10952674
0.05128449
-5.86514409
3.55666828
5.10621616
-2.16266875
0.33801589
-1.56357031
1.21304685
6.13252056
1.24357202
0.16718022
-0.97051210
1.43365773
0.72888407
-2.53978675
-1.43951525
-0.75931306
0.53897656
-5.68248236
5.19730133
-0.63554379
2.43838727
1.34253901
0.00072072
3.70533055
3.70601049
-0.00141835
-0.13453276
0.26254772
2.81127631
0.33649589
-7.01389545
0.02471913
-2.04461971
-2.46180371
1.43780237
-6.01086246
1.05484455
-0.86056946
0.43207119
0.26518006
1.32129030
-0.36884783
-0.03354010
0.00117324
-1.74835687
-9.37135027
4.09361556
-0.42146064
0.54024345
4.07094113
0.99765029
0.77757684
-4.33173175
3.66664360
1.39628735
-5.63267673
-1.08762913
-4.54916450
3.05704224
