8.22807534
1.60684666
-2.27282431
13.81735835
-2.28711209
0.71242427
5.42496832
-3.98984771
-3.02266909
-9.54968833
-11.67458842
-11.87760880
10.60937008
-11.51855539
10.86083022
3.13689818
25.81039501
-11.35586014
-1.45536706
-5.58211709
26.15397611
-0.19936037
0.78127457
-12.45176775
6.07511490
0.95263337
-16.94861724
11.69976383
-15.61456973
2.72595849
2.22225234
1.72988824
22.17208571
-0.00851791
-1.83790458
21.86444523
-14.28656779
-11.70915886
-1.70165953
2.74779867
-20.30539151
6.45126006
2.14344652
-24.47434149
-1.64162571
5.39456959
6.58838716
-0.02587331
-0.89233616
-14.78488957
4.69298690
-11.47985277
-14.60551236
-22.06278252
-6.97592828
-3.19938607
1.19344267
-8.00602117
19.33074167
-0.00236866
7.05302783
-12.81934681
11.98917365
11.64934432
-6.06238561
4.66691879
6.74604170
8.09398232
-22.00584952
4.52872857
16.27134927
-8.54827265
0.66435146
-15.40432528
-14.73037696
0.29362965
18.14355079
-7.85058329
7.96740110
-0.03710247
10.88421045
-9.29149251
-2.62424293
0.33565164
4.00366350
-18.01007788
-14.40193922
-44.23926381
9.27057087
0.42850573
8.22357795
-27.84455867
-2.53135168
9.67091085
0.95136275
0.07594415
-3.43095588
-13.33593951
-3.32137116
-15.43521859
-1.63666311
0.93846082
-28.75414077
-10.13191528
-21.19445835
6.04143200
4.89314246
0.25359905
6.31328374
18.60630787
4.10871414
10.42581160
0.08372485
8.10706293
0.47061835
-3.60745286
-5.23604023
6.50776975
-3.60799814
-0.01150423
-8.67322020
-4.92133835
7.22078833
0.45030026
-7.78845468
3.61968056
25.82353776
1.40749079
-0.60523846
1.79475175
-25.64078973
8.92456849
6.24273114
14.60457482
-16.90202716
14.51397951
-15.88026786
17.54206677
7.50836833
-1.78427817
14.48341320
11.56996697
-14.56700983
6.41183415
25.78710989
-2.51380135
9.36106195
6.04414125
5.69569745
6.68925077
12.95729578
-5.05762123
6.20483437
-0.89280184
22.57268012
3.07792597
-2.71786096
4.20651301
-12.92877179
-6.22490019
-2.84423953
3.46009376
-1.50672797
-25.80912206
-1.03331266
-7.73665236
7.04424889
6.52462818
-1.74365791
-0.55894886
-4.94155844
-16.62626848
14.14666034
4.33746459
-14.29761518
2.59547064
-2.71540626
15.11751502
-5.90885542
1.37062950
-1.09096903
-1.90343468
17.29006726
-6.61770349
4.89278759
5.17761847
18.96133084
3.74201202
12.70769601
8.03936549
-4.08099659
0.16206958
-21.95919755
-6.72063091
-1.15936741
0.52851246
2.08731141
-11.51698777
5.82293214
14.25075329
-5.82088836
1.31116982
0.56445088
12.44812956
11.64287700
14.38577852
0.17848949
4.02177339
4.55252674
7.65021220
0.08318607
22.52272430
13.12500911
10.80720126
-0.75223055
7.97357092
3.96681507
1.53809636
26.87004534
2.80590164
4.11742048
14.39429659
16.08044949
-16.10663648
1.93696789
-1.48427018
21.93533775
-4.46534342
-2.62348695
0.66049388
0.71511925
2.74009639
1.30764112
1.54042885
1.61285603
1.03382854
5.83005538
8.51276256
10.40085694
-0.89797578
0.34435079
5.97244000
-20.74580544
-10.94304786
0.18451462
-5.45293997
-1.95553521
5.32970515
6.49456970
-5.45135698
0.11772505
7.61403057
0.06173989
-7.15195637
4.03154414
13.95931279
-7.89437675
0.00296255
-1.34954572
5.10595336
13.24605321
-0.01695158
-1.32819399
9.17846606
11.60602614
-1.44335840
-1.80053503
2.58896736
-15.74358102
15.16602966
12.75774662
19.45306647
-3.49560947
0.30364598
-4.54230774
7.99419607
6.20095956
-4.86634299
3.01583962
6.67787264
-20.68474903
-2.43173466
0.99077080
0.77779499
-9.02561111
-13.35874797
-9.13297180
-1.39784890
3.96286096
-24.89756419
-14.07390699
-5.95700763
-1.44502525
0.02115512
24.75026860
-3.66513117
1.07691564
-0.58865239
0.49031214
12.03708705
1.36932546
21.80557865
0.40965399
-0.53428216
2.40417242
-18.45223511
-6.32668128
7.07939268
19.42177494
2.73029542
-16.01997244
9.06565245
-1.21550354
-2.45656047
-1.29014213
-0.40288767
-9.56608796
-6.49417626
1.35139374
26.67731477
3.93842153
9.45234194
-4.55168653
-1.17733258
23.26886907
5.62934540
-11.88827899
-19.45432599
6.98333218
2.54569952
4.59005149
-1.83959761
22.79919034
-18.26330205
7.47293647
-2.87439802
-0.45833801
0.67813908
1.77363038
14.00836538
4.81372487
-1.17584658
6.50870333
3.87027665
-18.14593016
18.28627293
0.42904262
-1.59018586
-12.17795681
28.82548368
-1.52761745
-1.92066004
2.31584234
-8.67932414
3.24973013
-12.29751240
-13.53427950
-0.81567156
17.56787737
6.75940980
14.42510479
-9.58250097
-2.05668141
-3.45909465
0.52025714
-11.17234449
-4.39643562
-13.92528438
-4.58077858
-2.57622909
7.48080624
-19.13699403
5.84606750
-8.21418346
9.74029290
-16.87891992
-7.11070365
0.04470654
-13.29125161
-4.83662491
-3.85107266
12.93399140
4.22143606
3.00978054
30.00939365
3.93374324
-25.47813280
5.64422841
2.14521609
10.87315967
-2.25060136
-0.05473179
-26.83998915
-4.39745592
-4.05980563
-4.22467288
15.90572175
-4.51354630
-5.28239312
17.24350132
1.23229779
-11.13950852
-1.71641716
2.96935846
8.25147601
-1.95490330
-6.47987759
1.39231409
15.58958383
9.06656440
13.30280676
23.45267471
0.55177656
-11.20173727
18.31580557
6.33517570
-0.53595860
-7.20671674
11.09757914
-5.41844835
6.70203545
-7.81753557
9.52569796
-8.65074173
-11.48638155
-15.87304807
-31.75612059
-14.42577254
-5.49269644
-5.83300208
1.95591440
30.11411444
7.16597847
-5.06824150
1.27913641
5.61898775
7.15692849
-22.51741073
-5.03851498
0.55266041
-9.40611263
16.58515923
-9.82603345
-4.04399792
12.32455169
12.66711054
-5.75755523
20.98411242
1.76386812
2.36025161
-5.65985833
1.72692009
-23.90850358
5.40947024
-10.15612239
3.91272036
2.05291284
-0.59742718
0.47758695
0.46977792
-0.93431870
1.35619405
3.58449916
1.00171028
-0.80806187
0.69946162
11.69314826
3.07879391
9.56180799
0.33270491
-14.95897763
-4.76394046
-14.20772111
4.12426820
10.07658225
12.95581798
-0.74908137
0.00440821
2.29103071
2.41107141
5.37140943
10.13282667
3.21655071
2.06699292
20.03017737
-0.53474141
1.35894120
0.48765934
-0.88750640
-17.51506231
-0.32395139
13.81107658
0.03926070
2.63219334
-1.15132736
1.64000316
1.08039069
2.52318359
0.03387081
-8.94321579
-1.32361006
1.25294443
0.34435841
-12.06040247
13.74358337
2.12238731
28.06714300
-9.73248891
17.21368686
-2.38085419
28.78497457
2.94874437
-0.00857624
1.88798827
-0.66699526
-5.98071668
-8.60069896
21.31796035
-8.61404131
0.67505185
14.27008852
-15.37547497
31.31300003
7.67766898
-19.40933158
1.04605171
-7.16775510
-7.29270790
16.41810187
-15.07313980
4.43103247
-5.92042012
-1.78258264
-13.61657677
-0.39941581
0.71222701
-11.79903063
-7.03527841
-5.66458668
-3.73103437
22.58475330
-12.98436598
-4.93808253
18.64562723
-1.48939327
-7.91793995
1.97306262
0.02889582
-25.80716833
-1.24249363
-12.61252279
6.26106902
3.29377093
-0.38209310
-4.42975872
29.07759216
-0.84783123
-2.01325857
1.30084539
-6.12980948
28.27191533
-20.84615059
-7.64066450
27.32068980
-2.71622499
-3.50006616
1.49724558
1.92124374
8.87517870
6.18078062
11.82143581
-18.75173068
1.07952949
-5.59246880
9.06581631
9.33834832
8.30151164
-26.35721516
4.00263220
15.03004041
-0.51879670
0.91926663
4.44870808
-4.45352645
-1.63192268
-5.44953055
-0.32447131
-3.85241066
-27.93173718
9.05584545
1.12788896
6.44754300
4.96332456
-6.48191557
3.36009008
0.09715061
0.02537899
10.64870998
-2.66181814
18.79931615
-8.47976756
-10.56371576
-5.88621308
-15.82423486
-1.04391307
2.22807055
0.40897348
-1.83335950
-22.81238749
8.55360535
-14.21901190
22.53219304
7.08924156
-12.69466915
-5.54214832
-13.08402293
21.16311910
-16.62839208
-26.78640245
-23.18653312
5.10451432
-11.17823219
-13.24744488
12.06099903
17.30837524
3.63296624
14.61506884
-2.12668599
-0.96283565
-5.62054776
0.21778955
-6.93626794
16.73069932
1.92024938
-25.74007424
9.48000813
-23.17271793
-0.17953436
-3.61873214
-14.83105853
-19.16006223
18.51049980
8.20201349
-22.78312622
-4.16290534
1.51431384
-2.44295293
-3.91736497
-5.29694965
-3.20543888
-20.31891397
-20.45408202
-3.40042087
19.80952241
-11.34121231
27.55461113
4.01954499
30.41991927
-2.02612078
21.86896690
-7.15729141
-26.39799475
-8.84151770
-11.13522081
-4.07827579
-6.54914170
-3.87290331
0.73177383
16.41439388
1.60135239
-11.19332376
-0.15426157
0.00109446
2.16860540
-1.75431476
4.34166090
-1.19317068
-14.13337174
-6.59400706
2.00360198
11.73454480
-8.65683457
0.99621643
-16.71738760
28.71295046
8.67348014
15.60995227
-6.24412621
-9.45563546
-15.51469997
-28.93985781
-23.58015536
0.87729349
-2.36214111
-5.29431215
1.60267601
2.74087945
14.07876828
13.71407313
-12.00200720
-14.31662320
-2.45373547
0.07147373
3.58064412
2.11658877
-2.07063847
7.27057809
-5.08158779
-7.91092272
-3.44807725
22.96455385
-9.17866000
4.91458946
-1.16444074
3.71056421
-1.84294936
-1.58395852
-4.62183642
-19.00910861
-3.16079120
-6.95028745
-0.13453839
-5.19382948
24.33069185
12.02695307
-9.72228799
-0.33226327
4.30898179
5.05380090
-5.67207517
5.69072349
-9.99579757
23.17647295
-6.59664944
22.25268178
-16.47623106
0.57601621
-7.29497260
-6.72979115
2.74252181
1.77487540
-4.16099928
1.40963864
0.03325077
7.66822005
-19.78170438
-29.32670088
-5.66305071
-6.18160739
15.87734374
-10.33300471
13.40230846
3.41528591
-12.14366556
-6.02671514
-6.81536543
-20.93802197
0.52225319
3.15702907
-10.51629721
-5.48429594
2.63030602
0.90680512
-17.57913397
-4.90328892
0.36763442
-5.62373076
-3.01506493
2.23923559
-4.55020424
22.43890868
6.22545441
0.13801606
-16.29337256
-17.02102560
7.83654541
1.99117155
5.94430500
-0.00057183
-5.53604063
8.22924920
-1.20983083
14.16590523
-0.89159399
1.41651539
-3.20692641
9.47299130
-11.51133861
16.38590102
-5.02355427
-11.53742143
7.05253740
-14.33685454
11.54450212
-12.84307025
-7.02943145
-1.54117270
5.95799236
-15.26698736
3.39187611
1.28858836
6.59067399
3.59598631
-2.23220262
-1.60861347
-5.10532380
3.01766348
-2.38614636
-14.77958700
-3.62984530
0.91781830
5.19459214
-10.19484646
1.07803669
14.86427442
2.23595761
26.49222498
25.96627991
-5.53604961
-5.62604252
-17.31645705
18.21922731
-14.63001808
12.24704814
-2.72861395
5.99980180
3.09884722
-18.96294905
-7.18181164
15.22241182
2.07803546
20.91769301
11.06790467
19.73061537
-20.11972899
-12.57764487
8.21366395
-4.48064357
-11.82106633
-5.13198437
-8.72501071
13.27187575
2.59202130
-13.52041066
12.43729561
-2.79344444
-3.46591398
-9.31377076
-11.30102211
-24.35678768
7.43558916
-22.07013625
15.13694385
4.47428418
21.64201129
30.28721991
-2.85570342
-1.99404793
1.01809875
0.01413172
4.35748193
-9.20210620
3.71424059
6.74667272
6.41183151
6.90006361
-1.09075125
-6.52139155
-8.93540155
7.45403648
-2.70740311
-8.77657597
6.97860059
1.71516276
-10.53951933
-21.29414721
4.27751438
-0.09147766
2.14233784
13.78231928
7.04878985
0.74113783
-15.34994718
3.95773825
11.16798998
-13.91534088
-0.97924464
-6.69717093
-9.69346909
1.82880551
-13.35691813
20.81369653
-3.91669853
-13.29477772
-4.84562291
-20.55292009
-1.17886382
0.29627313
-1.11562275
0.83534762
4.85327485
-9.27596701
4.74077194
-1.44041246
-7.23424115
-15.26836942
-15.69667162
-5.90452504
6.55158110
11.25030017
15.20804842
-13.50378264
2.22494413
2.16324146
2.60244816
-0.37176214
2.26562415
-0.03335151
-0.49900726
-0.26960403
-0.68734144
0.00942799
-3.50383522
-2.67586422
1.06600052
-1.85142242
-0.42855557
4.49452453
1.19804681
4.70033556
-1.97373516
-7.47517287
0.08480117
3.89536870
-4.84361738
1.21718687
2.32002174
-8.28074436
-3.57063202
3.34259207
-9.30561343
10.71238014
12.95152626
19.56669629
2.40200185
-2.14748745
-10.73731819
-1.89684485
1.13592075
4.74355442
10.29147796
-19.51767748
-1.33274287
2.02064201
-4.09209879
-7.30091533
5.58290054
-1.54159249
-7.57635497
8.30896595
-2.92139285
9.72477199
-3.47764826
-0.29705430
-2.83501900
2.61633146
4.11951325
-0.40523601
16.47093676
0.63129234
19.10226915
11.78091756
-2.62861198
7.44985421
4.86731951
-14.16921050
-0.00437959
0.10400122
-1.14892078
-0.75414704
0.88909930
10.20520183
0.32698714
-13.88158836
-0.03460083
-0.09925561
1.98251241
-3.69691765
0.58088738
-0.30313347
1.43372907
1.88028994
13.70787548
4.03938645
7.64345310
-16.09639377
-18.72137520
-2.32602787
-8.50941252
9.80386055
4.01461127
-0.27985182
-0.12243150
-6.68291225
11.88532673
3.06165661
0.13611984
11.56617641
-20.36009763
10.19918133
-8.37504775
-6.89678941
-0.03607746
7.45637174
-10.58413623
-20.36961014
-21.63188554
3.62952633
-19.79799716
8.00792950
1.60050340
2.93987934
-15.29517606
16.27827799
2.15707479
2.99507488
6.20886525
0.07314488
6.84798373
1.46504950
2.23671960
1.65538974
-3.60363126
6.71036464
4.57031035
-0.68747281
-13.55505455
-30.08275801
22.88122519
-7.92521028
7.23553577
17.92289203
-0.62211235
15.14908742
-18.12270682
33.43258523
-7.74747866
-12.43836686
