1.45418469
0.88793543
1.78925349
1.71613013
-1.00081478
0.83148935
-1.57534129
1.45890696
1.32010884
-7.83215483
1.74142136
-0.89512241
6.68764229
4.02814411
0.27664017
-0.58599052
-3.02882266
-4.69541449
1.56846826
-4.80560618
3.22364740
0.75963272
-3.22537005
5.79600783
1.09734036
5.12617622
-0.66613937
3.84008175
9.45934482
2.25187384
0.00105523
-0.82802390
3.21929421
0.13237720
0.00339253
-3.10748353
-2.53221020
-0.46035642
-0.32439945
0.88738449
-10.09590764
-3.25772709
-1.45786947
3.43046224
3.19308889
0.08357253
0.13114004
-3.58756827
1.62119867
2.25461803
-2.61183599
-3.69163591
-2.54402549
8.61588710
2.39064782
-4.39704814
-0.27643921
3.67090241
-2.22406120
0.29701350
-1.54275093
-2.71096285
0.92678945
0.99837088
-0.49461097
6.50368986
-4.70817917
3.57391072
1.08875270
0.93002017
-2.70532909
1.13352822
0.00105098
-1.56225488
-0.93268782
1.08974738
-0.01400383
3.36114355
-1.04303534
-0.03675380
1.13291393
2.36160300
1.23700882
-0.00637837
2.95174673
-3.89809891
-1.88336865
0.06262387
-1.55941841
-0.50098071
-0.73315921
2.12057267
0.08292444
0.71352139
0.05981541
-0.24943115
0.27747314
1.10164785
-0.92432519
3.44984834
0.06281536
-1.43734343
-5.01042410
3.45890264
0.08076770
3.24592129
-6.48448492
0.15552433
0.60172526
-3.59591376
-0.05345432
5.15779363
-0.71646875
-0.01159788
0.35127686
-0.01317569
-1.37019511
-5.99089606
1.22491163
-0.99491636
0.30378095
0.80945144
0.81911638
-0.00392614
-2.49580955
-1.47357143
-0.73226623
-8.73960504
-0.14293520
-6.10915042
-0.00027424
0.80153588
2.46176091
2.47746520
7.26158572
-0.11795926
-1.31780743
-5.39756620
-1.01086558
1.19294667
-0.36222864
0.11679128
-0.38613694
6.21819438
-2.40502428
-1.11002124
-3.41096679
-1.00084257
-0.65106733
0.19310948
-1.31202276
-0.08918440
4.74572619
-0.37218320
1.23385131
-2.29292543
-1.67539925
-0.32172618
-4.17659965
-0.15858871
-7.96329393
0.00351530
-3.05430006
1.36120613
-0.03740975
-2.33217791
2.88760876
-1.05957365
0.39169588
0.01601812
0.74188415
-3.66429717
8.25954805
1.10682905
0.03423685
-0.16696657
-1.92105455
-7.96445914
-0.10052798
0.32662143
4.21578761
0.75060112
2.96166586
5.85337181
-0.17133962
0.05040056
-0.32315308
0.57814830
-3.21916399
-0.09372628
1.49364223
1.51441349
1.74505977
-2.27350814
0.65535937
0.00810328
-1.88180344
2.58834151
-2.00651142
1.27351076
0.02276711
0.00108476
1.74363906
0.93624333
0.64308042
5.24731144
0.09502727
-0.32436550
1.53525943
-3.42940947
-2.16686112
-3.74765580
4.67688565
-0.86758867
1.49777082
1.75315464
0.60984683
0.69265756
3.26505687
2.67595079
-0.06479127
-0.18283841
-3.95077225
-6.84611280
0.63326431
0.66009379
4.80013250
-2.48869331
-0.18255061
0.00202942
-2.04867010
0.94214881
0.17831991
1.91343878
-0.18943199
-4.22526398
3.62385933
3.80095481
-1.01373682
0.26969524
-1.34312920
1.04160826
5.64447118
1.58043208
0.20132019
-1.09282427
1.49982347
0.51804020
-3.48829340
-0.58789626
-0.75098948
0.29348307
-6.15380991
5.90247574
-3.35659026
4.85953501
1.25964387
0.00104353
3.78203297
2.41725038
0.05547284
-0.24928962
-0.20457467
3.65588251
-2.13146277
-5.61924531
0.03733719
-1.21109881
-2.09447086
-0.28499756
-6.57867767
3.41815691
-0.91362257
-0.06087663
1.25656916
1.94262778
-0.37931599
2.63015472
-0.00012637
-1.57459731
-8.08898697
-2.64604612
-0.27868358
0.40681290
2.53474934
0.90261097
1.68402783
-3.92946243
2.18501873
0.07343640
-1.93214905
-0.09612783
-1.62282989
0.58942346
