9.08473041
0.72625667
5.21502883
-13.77281154
-0.78928961
-0.85073383
0.56744028
-2.80465300
-0.12170177
-4.28357699
-0.95650912
-3.93463351
3.03961217
10.71945250
4.13838931
-1.76684947
-10.87403884
-6.66412586
1.87925913
5.08633296
5.40440444
3.61795500
-0.11702592
-1.25158672
-2.14111866
31.24352421
-15.67375885
-0.70383917
16.23365527
10.28282251
-1.53031383
-0.95857678
-1.47358801
0.00026532
-0.56729398
-1.93382359
8.86475992
15.42989908
-1.90638482
-1.99712514
-19.46800755
4.70853427
2.99295701
-11.56016230
6.34433909
9.00092222
-3.94497157
7.25168991
7.35555164
4.27679700
-7.63960129
-6.06516683
13.97912650
-20.33460248
-13.56355439
-4.15019931
-1.01790865
-4.23289764
-8.13943453
-0.05327343
8.66866381
10.99113412
5.34947390
2.46996535
0.74615213
15.19133409
11.59846371
7.83601789
23.67538328
4.23312625
2.01706150
0.04729753
0.70113793
2.66829621
1.33388089
0.72810202
7.67765357
-7.22654778
2.71080321
-1.08891428
-2.80008320
-6.19766037
1.21529335
0.32234100
0.90761832
-8.50070810
4.20521773
-1.80495429
8.26833759
-3.06816980
-24.02466979
2.14136671
-0.33456067
24.44941814
-0.85979287
-2.46424733
-2.17571552
4.30967866
-0.09369715
-0.63537368
6.76135153
-3.43627853
15.55833605
-1.95868921
6.84088837
-10.09228481
8.97035262
5.71768261
-4.60430108
15.20412673
5.35635644
10.37505594
0.81015167
5.22927800
-0.69060132
1.50378259
15.21315972
1.30786026
11.42907162
-0.19757034
-4.64903463
-2.08321699
-4.21641304
0.38726477
-10.15460938
4.41746355
-19.65701801
-14.43565489
1.31557776
-10.82171882
0.58976638
-1.17924893
11.14686129
-13.76355246
-11.83061856
9.52055153
1.80053663
-21.89283807
1.10294001
4.58256376
9.98748658
-0.16421453
3.15838920
13.90553655
23.81863844
-1.81069430
-2.32377963
4.31018203
-2.57672218
1.30239415
1.85081224
1.56552949
12.12792813
4.49532524
15.17893313
4.93133733
9.58029903
1.68886318
-4.53195963
10.77730235
-8.31403669
2.14538753
0.75420491
-18.66493304
-3.47095464
-11.04125826
7.53107350
-0.42951851
-0.65007342
-0.38352705
1.98157735
-11.01647772
12.18212453
-2.43663994
0.54619994
-1.33353314
1.89831175
10.95434851
1.26980764
-5.96318802
5.16538638
2.58488466
1.15725684
1.31033597
-7.20003471
0.75624332
17.39642447
-2.97268650
0.33738776
6.14119704
0.10678687
1.16834481
-5.57917751
1.28219567
-0.06077354
0.62848377
-4.57737828
-2.38568802
-2.26303224
3.84606579
8.11017027
5.36003614
2.50428757
1.80476716
-8.08025934
-2.29487361
-10.31762232
-11.76201803
-10.46693641
10.40679426
-5.15929412
20.10609336
-13.06803601
14.28776590
-8.25618673
-5.91563888
-5.13314598
14.15320721
16.76820758
-8.42305304
3.47797864
6.27644488
-2.66553645
-12.93878100
-2.18292375
-2.95369894
-0.30485368
-7.54992653
2.18457063
0.00205857
-3.12896751
10.15728806
-3.72995019
-8.86317860
12.65599241
-0.54984575
-1.02656664
-2.41020776
-5.84793245
-1.66581359
3.14517280
7.31248779
-6.60604416
11.46927727
-0.06635694
3.36915949
3.49920828
2.06826569
-13.01435528
-8.32141593
3.57663445
-7.14797077
21.59900410
-1.32646182
6.24237046
23.54003306
4.32369690
1.25472604
9.92380663
3.52480962
1.03315399
-0.77261484
-7.80268788
-0.08405941
4.09726712
12.58022232
3.82907265
-1.86622530
-4.13946501
5.46193691
-4.76703586
-0.48924067
0.75545463
-2.28663249
11.13833745
31.71770365
17.20735048
4.10486729
0.02172050
3.95533483
-28.26135599
-10.77952038
-0.99041929
-1.98745703
-5.14678828
-10.32122607
1.69095324
-5.24302092
-5.77045238
-22.94182251
-5.56300907
2.70104797
-0.49974875
0.00677531
7.37722430
-9.21296242
-2.99609323
-13.21637940
4.67413458
6.43786440
-1.23911940
21.11480589
0.00466218
-1.31408828
-13.60131524
-7.69958647
-7.20787415
-4.10727339
10.06662728
6.54511393
-15.53734939
10.59368597
3.53185132
-5.63422667
1.02135044
-0.33264928
16.99689721
0.16130135
-3.42011203
0.19173340
7.50566390
9.45183515
-2.11180534
3.04434607
6.02989941
-8.35207938
-8.42300264
-19.66480890
7.80405522
6.70391504
2.83950001
-5.50814310
16.35070507
-5.58121429
-15.26226983
-10.38471815
1.34943957
1.72402298
0.55865688
10.96575484
-1.30436247
1.01375983
-1.06962596
3.97644068
-16.25320810
-25.81164556
0.65079547
-2.94319198
1.02192586
21.65251661
0.42437536
0.23579560
2.66666047
0.02818382
-9.04174445
4.95317741
5.77553464
-1.13350734
-1.71993875
3.90423580
5.17707349
-5.87543335
1.50707710
4.21961879
2.56333703
-2.94457848
9.67833105
-8.75756192
4.82688269
-1.47667752
-3.52505084
-2.59081916
2.56055157
-6.07342546
4.77193380
-8.80870223
11.24960235
-7.67008698
4.93001333
2.42565113
-0.36248138
2.48290295
1.03549023
2.08874377
18.51263283
-5.70315365
-24.32780957
9.23651297
1.15704982
0.78886762
1.33052342
0.00319335
-12.52857973
-7.21016828
-6.03962906
8.19366722
10.63145387
-4.01335113
0.67580895
-1.07082419
0.54185771
-0.58437326
-2.60598558
-2.79335245
2.66714405
-4.27111491
2.82605425
0.25673581
11.59654824
3.08083484
17.04047222
0.92551892
7.76397964
-6.05744543
7.12793700
-6.06922257
3.79995237
-8.48010442
-8.14565092
0.10669425
-3.17093817
-3.97639421
6.48139356
-5.29298360
-19.33319068
-2.08201954
-32.93154686
-13.14041381
4.26683228
-6.59560723
0.52740369
23.73355352
11.01813305
-8.59635084
0.82721242
17.19760434
-1.86442194
-21.59804271
16.32249159
-7.94601170
-4.42128470
11.97031947
0.60667746
-5.05665479
-4.87340319
6.82733060
-14.40864147
7.03647890
0.49802132
-1.22703786
-3.14478111
1.14679811
10.21577621
0.46935710
-12.90333284
-5.43644407
-3.07976068
-1.72564163
1.67650754
0.49513380
1.02424767
-0.43147932
0.51209662
2.73339751
4.64133653
-19.68033869
-2.57339347
-14.93785472
-10.49739478
1.30313445
6.50590948
6.82814127
4.83926279
-5.69569587
-9.22996396
4.69587652
-0.96884327
-0.84627029
11.45175532
-13.02169869
3.17415809
-2.52323040
-2.91486283
3.95668329
-8.27433642
7.47000714
3.12731649
-9.29879153
0.46925107
-2.08528262
0.36788614
2.49640306
2.57355080
0.48791718
9.69426733
8.00206256
7.19807424
-2.34411642
-1.60708022
3.32909688
1.53931995
2.07144708
0.36837585
-2.42786611
-24.75105984
-0.83709329
2.07830730
18.61521491
-7.05603387
17.78958931
-18.47328437
0.97598983
1.63328064
-0.01276298
0.37282539
-1.17583539
0.69462609
16.05628111
-4.57922589
-9.28455692
2.38213092
-0.40033146
-0.02732058
0.88878361
5.33310352
-9.49084575
13.03674157
1.16502035
6.23228734
-17.74323096
-24.36494672
-13.86684416
0.40507738
9.76718760
-0.65108856
2.33909250
0.69203550
8.10868118
-24.93922211
3.14289901
-1.33159495
-14.47309942
-0.17182235
15.84810610
0.30093679
6.45052006
-0.95599968
-0.92235249
0.87227418
2.56416006
25.47499903
-5.67874010
-6.55274374
-18.21051922
11.91094280
-23.88540150
5.73839229
0.33388616
0.73927661
-11.51733797
29.07156726
-4.23719064
-12.33077572
10.67866853
1.86994983
-2.64671923
1.48201038
7.59574795
11.38772639
-6.22290554
7.19533162
-8.95605603
-1.26464232
-13.63297378
-1.06133967
3.45804929
18.59061516
0.55001777
-0.24782271
21.05043181
-2.03480913
-2.03856783
-0.94327460
-3.97133805
-1.31307433
-1.41834584
0.33174930
0.00395739
-0.25913744
-19.98389472
3.28597427
14.49124847
8.38410957
11.28387331
19.34285964
8.22776913
-2.77807254
-0.60261661
0.10144915
3.27958417
-0.09017842
-2.14468672
-1.91573861
-15.59444904
0.35224526
-0.20553377
-1.00680320
0.73541320
8.62545878
6.01876990
-15.99875458
-1.22120132
-1.84834618
1.34171173
6.36677817
11.01882025
-21.32697839
-8.13639628
9.85291292
-7.28736846
4.60177086
-19.12105190
-14.66497357
12.21365312
16.39260121
-8.70635296
9.23951009
21.47029440
-0.90177479
-2.47785586
-0.31596478
-4.14564663
-8.29906773
-4.68579518
-15.29900376
6.60538309
-10.42330341
4.38904638
-1.50466459
-0.03577473
-20.10713477
16.33274830
18.73761489
-21.12604990
-1.29702161
10.74177337
-5.81573405
-3.73468846
-4.36647996
-15.99413693
-10.46675073
-11.04132404
-4.77925169
21.60459346
-10.87272261
20.24544612
4.63397814
21.14971926
0.85877770
4.10174616
-7.62820219
-18.62147223
-2.41887207
-3.34038522
1.15226983
-14.71192205
-12.25989084
-6.92555652
-0.01837791
4.22061936
-7.24871831
-4.41835542
0.93084097
1.33752744
-2.03096944
-1.10794974
3.24574987
-15.80639481
-4.52809279
4.81717385
-0.53138836
1.07362937
-4.84999174
4.57331023
-0.22392797
14.90350021
12.71202335
-3.80224189
-11.45311996
-19.10941764
-14.01001682
2.22346250
-2.73028527
4.79805443
-3.25045453
0.15589056
3.74260882
16.86661037
13.68237198
-22.56010030
9.73357720
-2.26073097
-0.97080577
-2.12032216
7.38417044
0.47671154
-6.22367938
-7.92296110
-15.40093103
-8.21885119
-3.95464371
6.69022648
-6.49078335
-2.21788078
1.04984046
1.34227194
-13.07010465
4.91738566
-0.52741041
2.64707309
-5.88977389
-5.55773092
-5.80663211
23.74203985
-9.49579187
0.87059620
3.65509923
-7.84380648
11.30088524
-4.26154763
6.06843358
-10.87172897
21.72673185
-23.88168638
-19.48080700
16.69742268
-0.12094285
-1.17797825
-0.25545096
3.85741076
-2.97997965
-0.28687886
5.36161005
0.24876824
6.44822555
-16.19330012
-19.69393634
-5.91471035
-2.71801061
12.81366905
-0.96695619
5.23125365
5.40698889
-4.10654841
-7.38465393
0.42599849
2.58580000
-5.17237353
4.92676979
0.10929220
1.99850328
-5.89856611
-0.36526749
-6.43485989
1.99972905
-0.07764460
-4.09544262
-2.75430037
-2.09434959
3.96003470
-19.18454160
16.95643832
-20.21237242
-6.24071775
-7.46379668
5.60935576
1.12424180
2.64093663
-0.00131019
-2.56573564
3.11978764
-1.59338329
3.22180918
-1.09023110
-5.82579795
4.12355139
2.05694803
-2.74902064
-2.08531458
10.64039613
2.60261158
1.07773683
-3.60766840
5.14012243
9.56279316
-1.95784222
-8.22595086
2.12696643
-2.58071187
-1.76824056
-1.54871967
-3.97814065
-10.68661272
-7.90995980
-2.27690812
-4.84694471
3.00757432
-0.70633254
1.07753059
1.13462311
-2.79988482
-0.64771676
-3.18152260
3.46394393
5.93358460
2.61993045
-14.84045296
-22.08601507
-14.56239918
5.76193142
3.26776101
1.15129618
10.03743246
-10.66522882
-6.02689520
4.56135877
11.61670350
-3.13223920
1.91399778
4.47933573
0.02498275
8.49047553
-8.44064947
10.92390360
11.42819391
-9.26144843
-9.33303177
-4.29322589
7.80949849
-6.93329235
-3.72015641
12.14847895
8.90197946
-15.61084291
2.03093852
-7.75957934
-1.80810267
1.80458613
3.88987135
-19.12761131
10.50737052
-17.10028285
7.92597239
-1.87859915
23.79691902
27.15257629
-1.73224785
2.64998126
-1.50718723
4.37980077
6.50155396
1.41254701
2.68995033
-4.41147940
-3.80168418
1.50949296
-0.84105677
-3.04262573
1.90140150
9.32646570
-1.40410383
-6.59235984
21.83014013
-5.18811738
9.54776772
-8.66453226
4.22814783
-3.66264352
-4.31730260
13.78114801
-4.41009889
-8.90837996
-10.82230411
7.51331416
10.57570946
-4.91970705
-5.63103816
-1.22194359
2.74977103
-4.08546201
1.97069120
17.94105806
1.46092034
-9.81608456
8.76984328
-6.87169516
-2.42099598
0.11017684
1.82537708
0.00779627
0.87057902
-4.66753707
1.15387330
0.00725364
-5.98377389
-8.74152290
-3.81375168
15.71250120
-12.67888781
10.96654160
-11.53344430
-10.39360674
2.24366966
0.65600403
-0.00581482
-0.25537710
2.61626145
1.65497329
-0.00250634
0.09558995
-0.79862380
-1.72961434
-1.90289907
-5.73660722
0.10303553
-2.61258177
-1.11032994
-4.91330999
0.07714454
-20.81729744
-5.19740471
16.04628596
-0.37635770
5.62954265
6.00431946
35.99963935
