-17.31180680
7.87916421
6.01111923
-11.07840036
-0.30936906
-0.42971846
3.58895411
-0.02026891
3.21008844
-9.88308162
-15.45594021
0.35032993
11.77059967
14.63061625
-2.00438978
-1.76369806
7.95529695
-6.89519340
-4.34642343
1.21955717
-4.03046470
-0.08200946
-0.07736841
1.91261204
-6.11689841
21.77520655
4.30272811
2.43704738
0.93272258
-0.55832575
-1.20961330
1.26181762
3.73223077
1.37915891
-0.33509011
-7.19098251
-3.20193459
-1.23043049
0.00719978
-6.73622177
12.15708396
-7.46617546
-1.10229366
-2.08280795
19.18619675
7.40940029
2.30400956
7.17202434
-13.80766250
2.33166528
-3.83476714
-8.53003207
-20.65692612
27.53693081
9.45604527
-3.18767980
-2.07875837
-1.22395571
-9.97956181
-0.13607316
5.31162726
-8.19328212
1.62354513
-0.39087865
0.01062619
13.73865708
22.54794472
-1.42862855
-0.92147830
1.62140529
-0.86791078
-2.17300980
-4.68362681
-3.68175411
-6.15176731
-9.83584859
0.01061348
0.71807601
2.12453303
-0.86189356
-7.71458269
26.40865651
0.54260490
2.17089436
-12.63177348
-8.38155431
-4.84390872
2.96165806
-2.15482355
29.80257613
1.80436695
13.13154717
-0.48680706
-12.77457041
-0.88857114
2.68794184
0.16220678
-2.22148197
1.03999221
-18.48841193
-3.26724486
0.35962563
13.36161506
-2.43297631
-0.07926209
7.17977056
-15.16131076
0.91671155
-15.44954943
-22.05838244
-1.76592878
11.01294118
3.57036766
15.20672665
-0.64632991
-0.69693383
3.13873473
-1.82591243
14.43829334
0.83461091
-1.79250054
-1.07131506
2.38049254
0.51867793
-4.31261185
-0.60650667
-2.17726438
-11.90178716
1.37109115
-8.89984300
-0.52812282
-1.63867945
24.39835170
-4.51238759
-0.65481829
-13.87316491
-0.07923197
-20.16435899
2.66245295
-1.08519533
2.77235125
3.30922153
8.01617976
6.70549653
-1.04274777
-2.36271719
-3.09385347
-5.63163975
2.62570894
-0.79840000
-11.78584595
1.43179822
-3.39596255
-1.12365594
-12.29439738
-0.39192647
-0.46199332
0.26361090
3.42773689
-9.73713035
-9.90558077
-8.16142948
-0.02468497
-0.02723260
3.81703264
-5.34819629
9.36680785
-9.94886913
0.85146718
-2.02121160
4.08603242
8.75463609
-7.44131301
-0.19540635
2.93591445
0.52350288
-0.42316515
12.94448547
3.07161963
7.39763803
-6.57598743
-3.19253402
3.27827081
-0.83379380
-4.33516420
0.59553004
-0.04442973
-7.30382098
12.74510368
-19.06654064
4.31424537
0.55156968
23.27446749
-3.30448200
0.19155106
0.57191082
4.05395975
-13.87194451
-3.79683141
-0.92745074
-14.87009057
-0.40150543
-2.48283227
0.21915875
5.31881036
7.97107395
1.14597780
3.60914388
-4.47465342
5.54362099
-0.18639925
7.84940495
11.51636507
-5.18549926
3.09763667
-11.59006608
-0.59718284
-4.55653902
-6.81278068
18.73292975
2.40536008
7.05776126
0.97353094
-5.21624502
-2.12875522
0.16895339
2.15966381
-7.21987669
-0.16417316
0.85700326
0.92957879
-0.31442298
-0.88888897
-8.58450659
7.19416442
1.98618546
18.81957624
1.53127946
-5.93521479
1.27208975
0.98355173
7.79195440
2.87672551
2.16032927
1.74730854
3.12754348
0.55723138
1.61799661
-4.18053691
5.58009607
0.32756100
-0.62726063
1.15017676
2.51576792
6.12107158
22.27861413
-2.12050126
0.57550886
5.65000196
6.02622876
-1.84217058
0.19110331
-7.48194283
-12.66304857
17.94538607
-7.37928191
0.44100882
2.11523886
17.32509871
-15.19624394
-15.04977864
-23.38042695
0.90492247
-0.00502398
18.37783103
11.60866846
25.10613284
-0.07923119
2.12834539
-6.12008092
24.56841565
-13.08076067
-2.05822414
1.68337087
11.80494859
-7.19302142
2.34173034
3.68236391
17.71902325
-7.83479347
4.38145543
2.15285577
-1.35413422
-0.39058713
9.75896592
6.73619980
5.54833541
3.40033733
6.45818485
4.86837035
-0.37779338
14.64864122
-0.05032862
-2.93117809
4.05214822
-10.15774502
-1.97198921
-3.86090336
7.86916800
-1.47948604
-10.79537783
1.87303260
-6.17894211
-14.28353435
0.81430939
0.00566365
-7.14517823
-13.66101297
-16.40119415
3.82172709
6.13143668
7.58553630
2.77576367
4.67656384
3.73068160
-6.90382329
-2.01784084
21.10742013
10.63125219
16.26615544
-1.71172266
9.22846803
-4.99860148
-2.41991190
-5.94963177
-0.67201143
1.48540737
-0.12642715
0.87377347
-4.69387916
-3.74238116
-1.49668321
-12.29310003
-8.44731428
4.25210527
-19.04877467
-0.82103837
-5.94816799
11.06989248
21.81847037
-1.57793426
-0.20877895
-0.44205051
-5.24532341
-6.83643972
-4.73497947
5.42101630
0.77375152
0.97305309
-5.78330423
-9.22092979
-0.00414656
-0.00266149
-5.69326688
5.84268984
-1.81128950
-6.21728675
5.66227040
-2.35611525
-0.03923024
-6.01921769
-0.58552422
-0.28699030
2.89926679
6.28394110
-16.27849364
-3.56985394
-9.38972603
12.82455192
3.85040093
0.99797394
24.84690716
1.31350416
-1.69028630
-4.59890988
-14.70951850
1.99043003
-22.58566635
0.62018188
1.36097895
-1.06231713
-0.00756265
-10.57656725
8.60691461
4.71204069
5.51171755
-2.42134790
-1.28560280
-0.53787555
7.06972921
-1.73018154
-29.16896875
0.85579919
-0.33749905
-5.52872549
2.39338288
-3.47223721
1.34437549
4.94856356
-16.46978168
5.75815771
-10.48168249
0.53773061
-5.49570011
10.70605054
4.06862892
4.80624797
-14.74340554
1.66143955
4.70107518
10.33165945
-0.51883535
2.20840359
-1.74342989
11.31019908
-9.73248646
5.50752605
4.44265865
-0.53680111
3.99137097
-0.65008183
11.95505256
2.68666087
-2.13316444
0.00531613
15.10862239
-9.28891926
7.04274631
2.39018477
-11.14961276
-2.99573409
3.91853513
-16.15557944
-10.81779451
-2.01666888
2.25099403
-5.80447093
0.39308241
5.34534043
-2.21221952
-5.68695225
-0.81257836
-4.56566769
-18.33227244
1.99196432
-2.14215267
0.46721524
0.92753076
0.75309237
0.85512166
-0.50477613
0.25077383
-0.23794887
4.39166745
-0.16221915
10.84936113
-0.83317210
9.18149794
8.02325082
3.43720716
-11.43509614
3.59341531
-14.99761258
-8.78960978
3.36022475
7.77893467
-5.43626068
-0.68521772
11.46814482
-14.21701751
1.25514092
-6.56474095
-0.65395361
-1.44197821
13.37291368
-1.01791047
5.99655530
-4.24708302
1.14950720
-1.28366754
-1.74844564
7.23665341
0.92048333
0.57964580
-2.59580991
-0.23736480
-6.80559738
2.45158834
3.04815214
0.45059014
1.72956305
4.21490530
-0.30005376
5.74143492
-14.02593369
7.05540415
-21.93722353
-3.61268023
23.40061791
23.53227938
-21.42051251
-26.84681846
1.86647868
0.92282601
1.35014889
0.75384161
-3.99054252
-2.72224862
0.08081382
6.08966134
-6.49250936
-0.18936396
1.82962595
-1.07177023
1.00476018
-11.36995748
12.08932304
1.40394722
18.44122006
-1.45048464
-19.03440895
-9.84230729
0.77755843
4.35145727
-1.00746393
-4.75203395
4.36216308
9.51123213
-9.04313785
13.65214752
-18.62325938
8.41204614
-11.63521264
15.26589824
0.28578107
5.52028982
-1.87646418
-1.74616832
13.40420009
-4.02661014
21.07370458
1.57062233
-9.40312270
-7.56932290
15.16253070
-10.32692828
4.31720902
5.70081923
1.86802852
0.67277687
-22.84132439
9.02825637
-0.55935249
-12.06268988
-0.32328859
-2.47175677
2.29914313
5.99064138
-9.77015163
-13.69786116
15.02092781
10.37856636
-1.75808853
-4.43888663
2.73719224
-1.40470616
-23.12088027
4.99788210
-8.62279549
3.46394933
3.43440884
-2.64726657
9.94859924
5.66069161
0.01981302
-13.25677718
0.34706656
-4.32043949
-2.69819301
8.78922419
2.24730567
-12.10233963
2.20303929
-1.17749570
-6.44941138
-0.93094334
4.53950886
-6.70163912
0.44982691
5.34805115
-0.38828539
-3.05071200
0.63198014
-15.08652988
0.42209183
0.70207548
-0.98769776
1.42537450
-9.03188796
-7.61807083
7.06834156
9.68812639
0.29442264
10.52294073
1.39881726
0.01935369
-5.19584535
4.67112425
12.59591674
11.37823110
3.45329376
-5.47433649
2.22313889
5.86054032
-12.50746343
-0.16129560
-22.61222689
13.49057257
0.19030567
-1.46886909
-0.85404909
-1.12440912
3.86084487
1.15191999
-3.38148818
11.50566984
1.30962601
1.88674985
20.30221920
6.11720836
-1.84937614
-0.74867056
18.69149215
-8.80883105
-1.66993690
9.62687717
-3.65395965
4.26453353
-2.55300416
2.21813961
0.20103937
-8.86697797
0.79335678
8.92631385
-8.39896206
-4.57733405
0.17810919
0.97442709
-3.54315531
-0.50384599
1.48454101
-2.90868027
4.68308429
-11.70263240
-0.93410498
-11.44659646
0.52955697
-11.71047264
-3.02383659
2.89181967
5.90511954
1.32505461
1.27303736
1.25743331
-1.64196305
1.59037545
0.71874643
7.82275987
5.13128062
0.68955008
6.16791009
-0.02133718
4.04260318
-1.67721271
-0.87478784
1.01724475
10.78137128
1.51359320
-11.66609871
9.69706957
9.84952442
-3.94050843
0.30987023
-3.29204299
-1.29789961
2.14297714
-1.55875671
10.66463197
-0.74666774
-14.97468383
9.11622053
-0.01151408
-0.69106567
-1.26223327
8.80924818
-2.61304443
1.85009184
2.89586457
-6.34617779
-17.70636779
9.55855415
-5.01598066
-5.55201862
-2.66194593
-2.29536332
-0.91919915
-6.35413571
-6.00976191
0.60563494
1.88817539
10.18440307
8.00132950
11.85151817
-15.32116379
0.12584558
1.15264340
-2.69661012
1.37984906
0.13857784
-3.81157663
-7.08356577
-7.11378522
9.14906549
-0.87372829
0.98280470
-6.81197368
-2.41564686
1.74867762
0.69235420
-1.39334016
-3.98986112
-1.74969630
4.58922709
0.57006370
-5.52231353
-9.86977077
4.92815301
-8.86692101
5.43190852
2.71888697
-7.18185779
18.12418993
1.46093224
9.23315964
-0.02820619
9.89387843
-5.69530520
13.53696932
1.08371260
-6.92587744
19.63754271
-14.88083209
-9.46574880
-35.52671730
