-14.12661053
8.72630033
6.30293279
-8.20928029
-1.48097758
2.21595492
-1.40770393
0.98680456
3.39739995
10.95578163
-14.41599026
-0.26837333
8.56436578
11.53179008
-2.89719355
-2.10935691
12.75617607
8.20645442
-4.74994190
-2.87869767
0.98483090
-3.64937969
0.39747702
9.45035516
-6.47332686
13.25873708
4.50492101
3.93957163
2.38994169
5.54729991
-0.28501677
-0.00709170
2.15800444
1.10159541
-1.04061815
-4.42047222
-1.84936110
-5.46880048
0.00580112
-10.39489855
13.98454230
-8.37160241
-0.00052149
3.64868170
9.91627659
7.47049516
2.49601477
8.04430962
2.28526394
4.80860682
-2.63642752
-6.32075159
-13.21327670
28.31577157
-2.80834800
-1.41388819
-1.42755756
-1.21896204
-6.99006358
-0.20419758
5.15153951
-7.30558420
-0.97326331
-7.97004899
0.49740138
13.30637996
22.95615828
-0.95154709
-12.02026221
0.89169131
-1.66909969
0.88935314
-2.42760971
-0.64880452
-5.30834133
5.55712380
-2.15679010
2.74439517
-2.79346133
-0.76999751
-18.80286073
20.16265038
-2.58310110
1.99162037
-12.98398636
-5.54845425
-2.38489585
-0.32753125
-2.12593141
3.77304564
1.85789867
1.51287552
-0.29392176
-7.52461160
-0.38700917
2.28160120
0.36785874
-2.10617600
0.74847906
-14.03862367
-1.73821799
-0.52787404
13.73586961
1.10785121
-1.55177664
-9.32800134
-16.21622700
-0.54217762
-3.30726895
-19.98528082
1.17858538
10.42540251
3.06878805
11.20795147
-2.08117486
-0.22455589
2.89150936
-4.41044369
14.88486371
-0.01978547
-0.16573625
0.05515869
2.35301975
0.74100331
-2.14503241
0.50937107
5.01191691
-8.66612796
1.11231516
-0.67327202
1.03506442
-1.73808240
10.73749006
-7.05695742
-0.00828087
-12.74649184
1.20391618
-15.68729974
-0.34926290
-1.37908995
-5.52824733
2.65860689
11.35566700
3.28309659
6.30777743
-0.49876487
-7.19903945
-6.34752685
1.99452895
-0.86490330
-15.83326374
2.00847326
-2.23194768
-1.70351251
-13.03025746
1.69508383
-1.95237176
-1.35797526
7.13329813
-12.20919610
-12.24797008
-2.82920268
1.42254235
1.99169419
4.62455010
-7.72308603
7.32094624
-12.45169881
0.86403892
-1.04660610
3.63949848
8.32870839
-12.02390986
1.13939255
3.60826238
-0.62224850
-0.35135800
12.96854934
1.42291815
6.27152321
-8.34302587
-4.16690528
-7.35678870
-3.01619595
4.37993369
0.42436617
-8.86199608
-7.64730398
9.12324336
7.99518957
4.50554952
-0.08585315
18.92254836
-9.42987318
0.06182257
0.14750631
4.12962324
-14.89607963
1.32848811
-0.68758621
-1.14798407
0.23981983
4.92624474
0.44220527
8.03119405
6.50410920
0.70547329
8.86223437
-11.83923367
6.34349856
-1.02820546
7.32343020
5.56709917
9.65214192
3.88558335
-5.84536537
0.05791788
-4.06194293
-5.40970752
14.46719459
0.54212172
-7.36645575
1.02617868
-8.20517347
1.94432351
0.23242957
-6.81954109
-9.37527669
-0.05040805
1.11795450
0.86424242
0.22156991
-0.94986571
0.38654264
5.43204928
-5.84263854
13.96983109
2.41186889
-3.17357305
1.29119972
1.11724693
7.85751842
1.74198097
3.56709268
0.21837535
3.31351645
0.20483751
1.09166565
-1.57391010
4.03584476
-2.95584761
-1.48494839
-0.04573555
3.55640137
-5.79271363
22.66517627
-2.05815540
0.59551000
0.33934468
-10.53771671
-0.63126884
0.41659061
-7.78500883
-12.85429890
20.66676452
-4.31000138
0.29072210
-0.42045551
14.13583979
-12.93835020
-11.67507801
-8.71523437
1.91725474
0.89482000
18.21084524
14.63974747
24.53645405
9.26355099
1.98803101
-6.23499543
25.63601924
-12.92410389
-1.96752909
1.08469375
8.93316960
-6.14543680
2.59794633
-3.25018716
14.93841262
-9.44983322
0.31590563
-2.55908342
-0.60087785
-0.37696360
8.67854047
5.74007748
4.00992599
4.08318576
4.76868011
8.96261654
-0.36744301
7.74519366
-0.06340328
-2.11478942
3.08085300
-11.67529748
-1.68657843
-0.95228228
3.08691816
-9.36480314
-8.98027023
-0.90420340
-6.22780165
-13.09910519
0.77261454
-0.13190402
-7.60536512
-12.06181445
-14.02106212
5.33965398
8.50517742
8.98934593
2.66642703
4.22099206
1.73226201
-5.67032258
1.10229921
20.29741830
-8.15735940
18.98372281
-6.13005339
5.65495851
8.50596924
-4.77094360
-4.01596078
-0.59934735
1.62708714
-0.15367631
-0.81749990
-4.61791094
0.20144982
-0.04488979
-11.55504430
-4.82202063
4.90534105
-16.41894079
-0.95783232
3.59232037
11.64727094
20.08986596
-2.94050893
-0.40221764
-1.24769185
-5.53428674
-0.04077310
-8.23134258
4.08595222
0.19687178
0.28192272
-6.87721553
-7.56825343
0.35022945
-4.68862921
-2.91126803
2.85595834
6.64447511
-1.94171790
9.62917045
0.81815004
-0.01234757
-4.75817193
-1.87583778
1.33216109
1.46996831
3.60322049
-3.28462412
-0.55722779
1.13674598
8.38579056
-0.36575707
-1.90739789
1.52697787
1.03770847
-0.73495794
4.25647276
-6.48276442
-4.59492411
-7.13274343
0.54162524
2.14004265
-0.02226308
0.00041047
-7.96429271
3.81914618
3.46283574
4.45343386
3.94322049
-0.07858653
-5.91413638
1.65772965
-1.00854021
-4.33470939
1.24753378
-1.78591913
-4.60703721
2.81809516
-3.50402015
1.64481773
6.19558753
-14.67194501
-2.18948118
-7.81645686
-0.13723460
-2.73224348
10.95152409
4.17635596
3.45203625
-13.12546885
2.00069397
8.68958916
-1.39227196
9.09906307
-11.17173252
3.48889903
11.41047643
-4.29057636
10.90518801
-2.77803208
-0.58814749
1.34834007
-0.25615921
-0.72298479
-0.90159088
-0.12658342
-0.00246189
5.32890395
-10.81004119
15.89907081
0.36004707
-20.64658426
1.30054157
-2.19166722
-1.99372782
-5.61710337
-1.13719148
2.11127110
-5.91171854
4.66200279
1.36723648
-1.99147034
-4.13867963
-2.19511322
2.63604797
-15.36883764
7.77990267
-5.69792818
0.73794940
2.38212565
0.39585808
0.15155496
-0.53508137
-2.06389211
-0.08058356
1.49274762
-0.02174744
1.50255900
0.56452740
5.29418703
-1.31606974
9.54227456
-2.43584849
1.45811633
-13.90608795
-11.37970986
-4.02548757
7.02473740
-6.26775290
-0.51756440
10.03083178
-11.94991118
1.18958919
-6.83851301
-0.39046086
-1.62243651
12.71327773
-1.07199160
5.07332595
-4.76088823
0.44051861
-3.41219272
0.37524048
7.33251626
0.92114176
0.60016054
-2.73112565
-0.12877339
4.96111000
1.05518658
1.83794549
-7.51084080
1.18469111
4.84498137
0.09086023
7.67920660
-5.21963270
13.61194069
-17.62652502
14.44550505
-1.13307024
24.42570053
-7.74649141
-24.07802666
1.84595417
1.01074778
1.24636350
1.07741157
12.64473404
-2.10383803
-3.90488490
15.05985130
-2.12965473
-0.43723271
1.83120551
-0.90530120
1.46892277
-12.11213575
12.41559876
2.88456023
5.01779599
6.16704647
-19.87277010
4.43514884
-1.45299700
4.61164513
-1.17743591
-2.41392871
2.69983947
5.31868610
0.29500204
11.78872108
-7.40713962
13.42625092
-10.54756418
9.03317456
-0.41196550
-8.60131712
0.13109948
0.02789277
12.05925929
-9.85507116
17.61302144
-11.14981451
-8.81389172
-12.25879786
-7.48739814
-13.90823809
3.32327501
5.58522186
1.38418420
2.09391480
-22.64836878
11.03624359
1.93484990
-11.59827363
0.41031774
-2.69094764
2.26412030
6.39868745
-8.40223463
-12.51528616
11.99740874
10.36299065
-1.85956622
-3.59331448
2.81389988
0.79437356
-21.08695476
5.04005454
-5.98836721
7.80284413
-3.28892614
-0.28516930
-6.50038131
2.83756268
-0.82428373
6.00531412
-0.45353237
-2.80632189
-0.42551751
9.97853395
6.43066661
-10.85334409
9.47012906
-0.70887119
-3.29710990
-0.51000912
4.38529269
-6.71275750
1.11787377
12.89068170
0.48234790
-2.48308602
1.07936775
-16.30654246
0.72816082
0.26680866
-1.43012855
1.09923803
-13.71841088
-6.98932089
7.63812791
14.56270612
-2.17912443
9.24204234
1.84168054
0.41202980
4.57786035
5.29457966
4.09137528
18.17759014
-13.43531554
-4.08992780
11.92348924
6.86319602
-13.97648879
-1.73226732
-25.19984844
12.50364749
0.13978948
0.18537476
-0.73694417
-0.51346263
-10.57915670
-1.63089002
-6.40559674
13.94010542
-0.52927801
2.50628618
18.74649866
1.67302441
-0.80349346
-2.16185599
16.65908255
-8.13506819
-1.95304838
10.85899227
-3.03743870
0.80648242
-0.23424390
-7.81742361
-7.59285128
-9.55596251
-4.44499559
11.59726849
-6.35200480
-5.73526529
-5.87138327
2.09552777
-4.70272096
-2.57061112
2.02942689
-1.52315747
2.49351288
-11.13211794
0.80009680
-9.96952798
-5.08708172
-10.93898908
-0.57172504
-3.30255882
2.44207570
2.93513685
0.34155795
1.07669253
-1.56980788
1.62211332
-3.40931688
6.67335807
5.92909406
-0.87319437
1.08218250
-0.39530857
4.07535816
-1.56044786
-3.46183008
9.76676380
9.69317771
0.97707934
-11.25851835
13.04113119
1.34335383
-1.87005358
-0.38647485
-2.28284569
0.26533692
-1.39839695
-2.42480609
8.35108727
-3.18454761
-16.20775896
10.65971837
-0.48526867
-0.59670212
0.32850955
6.84270941
-4.37565790
4.28061871
3.96395564
8.85095911
-15.60577817
8.00931544
0.20721950
-3.72196009
-1.72445417
-2.57656568
-0.31472598
-5.70881806
-4.40533591
0.26408467
2.38525769
-0.92622621
4.16820707
9.10671421
-10.96446837
2.89913359
0.21636953
-0.26850104
3.30177376
-0.82828578
6.42160092
-0.91714171
3.80874393
10.45121505
-13.94066679
0.71343835
-8.55239077
-2.12387165
-3.54340550
-4.80334024
-1.81947573
-2.99488893
-0.95453962
3.16935526
0.34492172
-6.18413880
-4.68250817
-3.92867652
5.60886929
9.65708587
-6.41807367
-9.64511518
4.43665326
-7.93434979
0.44690709
7.97954100
1.02474642
-1.25871842
-11.23955637
-8.10179219
13.71658046
-3.33517780
-8.16275077
2.78131559
-3.21113688
-0.53773331
0.00335659
-1.05872357
1.69128566
