-32.27562058
3.33059585
7.35075023
-14.00049011
-0.86546975
-0.68625098
0.84713967
-1.61613613
1.22200980
-7.14023138
-11.65640066
0.72629980
22.20793769
-3.35564853
-1.18833045
0.01578806
-0.85215499
-0.07284294
-4.60132776
10.97153870
-5.36486027
-19.44105159
3.60788907
-6.72110160
-6.30937925
16.61896983
-12.81478054
-2.90386148
4.98373393
11.97631726
-0.24816724
0.21177379
3.99258841
0.55410754
-4.21794901
7.36533629
-0.69059414
-2.21518790
-1.54503644
-5.14911781
7.24279323
-2.27128981
1.23441782
-6.86607403
2.57196730
-11.25608669
8.55799074
-7.86117311
-3.26522028
-3.27770739
-3.73305923
-3.74237208
-1.64753164
28.67267581
-2.04010954
-5.17720359
-2.44580147
0.63905750
-6.89642751
-0.00821182
-8.43646689
-9.72043625
2.83637155
-0.25382934
-0.22590355
14.73442272
21.16019620
3.40936492
-12.69946819
3.91536110
-7.95578786
-3.81372269
-3.11150320
-9.44971702
-6.42460255
-9.46827028
2.78193785
10.27337184
-5.45086860
-2.71091279
5.82557060
13.78705927
5.01757377
1.99678546
-7.97938122
4.63305778
0.52128912
2.54713520
-1.01315206
-2.78589947
1.11864153
11.33611470
-0.55402981
-15.18108783
-0.06656272
2.86258753
-0.42331401
-0.71573168
-1.11488007
-11.69976877
0.78672357
5.18949876
20.20781381
0.66886448
1.39109795
12.32238273
-11.61670603
0.94896302
-11.75837733
-17.50275860
6.35190137
13.05619877
1.27071373
13.90996627
0.55976280
-0.55901207
2.98247356
3.71603842
-1.45822965
0.22219023
0.26859431
1.45071284
-1.77591230
0.17111407
-2.80207822
1.24759357
-4.55853945
-16.11629209
3.30973005
-11.38061198
-1.25031128
0.15748614
23.74404616
-2.57503956
-0.96628688
-17.34860701
-0.58333811
-3.49427996
-2.94134280
0.72782694
0.96484131
3.38511783
5.09417402
0.47657702
-5.87053634
-2.35626188
-4.98907899
-1.77096368
2.00826262
1.68523495
9.83605862
0.83427563
4.46377073
0.54101828
-23.18964810
3.78505889
-0.49269943
0.86911152
-6.35245122
4.54973352
12.50276248
4.97349832
-0.23403578
-5.12785612
0.58566070
3.99747240
10.53349469
-14.60719428
0.17448032
7.48795622
0.39196486
-20.39590348
-13.37013926
0.42793382
-1.52164812
1.91996123
0.19563386
15.73568394
4.63147313
1.51227806
-24.76470268
-1.57208290
0.53493590
-11.90751613
-1.32336785
-1.47067101
-14.79840462
1.41586555
0.52585915
12.50156014
6.29726053
-0.01956462
24.48901189
3.33431465
1.59609228
0.14732030
-2.76846881
-12.49995270
-11.29574986
-0.72886944
1.24788842
0.55740927
-10.72107363
-0.56650724
-4.48065316
11.71171067
1.50147971
-3.49017895
0.50560948
7.92228214
2.90548727
-7.18001052
5.35660773
-14.36520887
3.72432193
-11.56937979
0.13752587
-1.84943842
11.13173030
12.23953842
15.86492996
6.92267569
-0.11172397
-1.76135639
-0.88655362
-0.72423563
8.37065398
-31.08519114
0.19544670
0.29838954
-2.01342365
-0.21530936
-1.20471573
-4.18617952
15.37887380
5.55553084
5.96861670
-1.49908804
-4.79549635
4.31299280
0.31693763
6.88329058
4.68005970
0.51201525
1.45564371
-5.22667741
0.77288518
1.87626201
-2.28123352
2.56965367
1.48070888
-1.14639254
-0.49126691
-3.56033798
8.60803330
7.04704333
0.36783555
0.16626294
8.05128546
7.87982685
-0.55063136
0.37565088
-6.39261182
16.11027192
-0.83589284
-17.51340371
-1.12210940
2.63998865
20.10089649
-17.20954988
-13.51544361
-2.45278298
6.95082770
11.14858960
17.86582263
4.18543951
-8.04732772
-0.49129440
1.45815670
-1.23288643
29.70828779
-11.95463245
-1.79334854
1.39304341
13.74189286
3.17182436
4.47083876
10.50953138
17.99130721
-12.80935439
1.99277705
1.78001637
0.01206151
-1.74457477
8.06525084
-3.53887125
5.16479338
5.62440664
4.64661206
-1.81401442
0.35065952
13.27235864
-0.78385856
-3.13551081
15.08148792
-16.36014379
-2.95135183
-5.54955316
-0.71098977
-6.03245944
-6.43256154
-5.36429728
-6.81417966
-11.18768308
-0.45457884
0.00171763
-5.87207366
-23.71774246
-15.93218067
5.17526128
-1.98301860
12.72311364
0.40426801
4.74104529
5.23080032
0.52523683
12.68115712
20.76030963
-2.81031965
19.14758860
-2.65148413
1.38430237
-1.19563732
-3.09332313
-6.20177565
0.04067185
-0.45768854
0.19042516
-8.54403872
-12.47428560
-8.23117476
-1.38261252
14.39009137
-26.80177943
2.65833138
-14.54379308
-0.69613431
-3.72491743
-5.85053966
5.75463159
3.78653805
-1.76434295
1.93546383
-3.38524500
-0.33952851
-15.31280595
5.60521667
1.19398639
-0.89304830
-6.00251877
21.81452420
13.53930407
-29.31671677
19.48999401
3.62278657
-4.40233898
5.94781997
7.27976337
-0.24326349
-0.75180483
4.40610671
2.15727945
-3.27086876
2.65862005
-4.07470695
1.69653135
-6.96402228
4.53726687
6.08309242
5.00010975
0.28860401
3.39142006
-0.91088581
-0.58712883
-4.59673253
-15.37733804
1.26410985
3.37954749
0.60983425
1.15427518
0.26110370
0.01765634
-5.19396026
6.25054288
4.05534562
0.66380183
6.80162960
-1.55542581
-6.80253425
7.87544639
-0.51828240
-4.12217839
-4.00409029
-0.82590699
-6.91844355
-0.09918225
-1.30908328
0.25064613
0.79523108
-19.48170748
11.79695851
-14.39029343
3.85863304
-10.11943695
6.02516069
-1.42035545
-2.79461110
-12.85226584
-3.08399818
-3.66402942
10.78693906
-5.77281165
17.12766763
-3.31075116
5.95011435
5.26270903
-12.11356159
13.88258029
-0.00435579
4.53513784
-1.84742808
1.32170277
-3.32243595
-3.52734390
0.05283820
15.12688610
-18.87584006
11.69761672
4.01743271
8.48687139
-13.19426217
0.78010569
-4.58713643
-23.94646236
-3.27338286
1.52004609
-5.18282288
-1.80115727
5.34457895
-0.14515366
-3.83357793
-0.47510408
-26.65528602
-2.50183121
12.07608133
-14.52261343
0.49002374
0.20762581
-0.14478270
0.52514924
-0.29580284
-3.13602470
-0.52909271
-8.80037697
0.43952335
11.96541101
-1.13540779
3.31584353
-13.43617364
1.22196353
-4.12642929
3.93251205
2.08728253
6.00224159
-0.24422256
-4.07616047
-5.31611114
-0.75767609
2.14392592
-5.90024804
-1.80539362
-4.09211945
1.17795349
0.23585364
9.42860831
-0.27564485
2.06134216
-3.24323008
0.72876313
4.51215955
-1.89270059
0.28526231
1.13871546
-0.00399527
-2.61867244
0.45372756
-6.49855840
2.20698704
3.73254969
-2.36909844
2.74917327
1.47871732
3.65888010
-1.66044207
-11.42171436
13.54886332
-19.31556734
-5.84999811
-9.97166965
18.71982451
-14.13090929
-11.28457987
2.36939180
0.20734394
1.92994144
0.11590100
5.50925855
6.78501727
-9.77376587
-15.06800423
-6.04601493
-0.36213887
2.02612358
-0.74968234
-6.70794625
-4.44828405
6.89495097
-5.70574719
15.39489126
-11.07804249
6.29456503
-8.33111148
0.82939011
7.62087289
-0.05492239
-10.16795839
6.66961516
11.04543005
-8.66802298
11.33007154
-13.46438724
22.59958347
-9.40315617
-1.16795266
0.01313343
0.75552690
-6.79029797
-6.69969371
14.11500925
13.03306363
-4.34072843
3.85489227
0.13447708
-0.76342004
15.39412517
-6.34578996
5.07272848
0.23536147
2.25082203
2.78662359
-36.17139469
-0.77784873
-5.98283126
-7.97660832
-4.06820350
-0.39257510
2.00670979
4.66656776
-11.53389243
-8.11640892
6.01932624
12.70797872
-2.15262686
5.57964571
2.10733191
-5.30465338
-14.54084214
0.68498842
-1.14702431
10.06427974
2.80500092
-2.28883276
6.28780859
3.61642997
0.01408083
12.18584981
-1.36916050
2.42143818
2.65190335
-1.69295037
6.94593727
-15.56301313
-8.22557074
-1.80579878
-8.61926951
-0.98443334
4.29808006
9.45161225
-0.01005281
7.60993543
-1.39239053
-8.76482511
-0.13094878
-11.93628175
2.73866173
2.82850847
-3.74077064
0.19990710
0.08019202
-6.80209984
-0.71220769
14.83527257
-1.85376563
10.20778509
1.35663845
3.33744141
5.15504464
14.09642798
7.19027486
21.52313655
-13.52668528
-3.32340999
11.39921566
6.08237538
-15.28013148
10.08367317
-20.10069708
20.64452346
0.09293433
-1.66982735
-0.17993811
-0.48428348
5.11957068
12.28099636
6.65753087
12.56973761
2.02926930
1.41768070
16.63953712
3.77553207
-6.75661261
-9.94273068
-8.59280673
-8.23621279
-0.93241413
2.12740559
-3.00539371
-1.90385357
-5.93214766
-7.91395708
-4.63948649
-2.35120750
19.80760481
-0.36177426
-27.10574831
6.96008380
4.35458119
0.03629574
-3.23953273
-13.48426759
-0.35679367
1.75116677
8.17679383
-8.88722899
-2.76441644
-9.88535963
1.80416583
-6.20875439
-3.62656825
9.43628310
7.82684922
1.65555533
1.47333701
0.20287705
1.36574580
0.29200818
1.80297502
5.99537290
5.58580209
8.17065444
7.46189895
-0.43009660
3.19379711
1.22097135
1.77539680
-9.07457223
12.48984135
2.66496265
-12.92139356
12.84523971
11.71824164
6.27352695
-1.12532743
-1.07172089
-0.10887655
-1.27528479
5.10791937
-3.65074359
-2.13629478
6.38288604
-1.90816568
-0.35751707
-3.45104824
-0.16739806
12.09685877
-0.32436608
3.51845216
-1.24304979
-14.24868895
-11.22557231
-6.72760795
2.10266756
-7.00448114
-4.62635213
-3.43336874
-1.15404994
1.57011679
5.26027773
-0.19336476
2.52708663
37.97207202
27.82749288
-5.47283052
-6.45832956
10.42837237
5.27044977
29.21002653
-22.80126145
