6.19970836
-0.52328957
-0.73148697
8.44446464
-1.40110595
0.23112189
8.22910876
-2.84929586
4.86218683
-10.42729419
-10.64555807
-12.32030400
8.52299494
3.84103772
9.97823987
-8.81812443
23.88994421
-9.86902156
3.34529052
5.16888741
13.11689965
-3.62453672
2.61082025
-13.51787813
1.80378865
-21.32393327
-25.31787977
3.16958581
-15.87609473
-12.52440712
1.94725466
3.08391643
14.66395544
-0.00453818
-0.06615699
20.20373708
-14.77214641
-25.95875455
-1.96048261
-1.16843168
-15.37311509
-9.64817936
2.76966287
-15.28009130
4.13604125
4.30657085
9.91827705
-4.14752730
-1.24212258
-17.41503078
2.95836849
23.25021268
-31.97978201
-22.06791853
-13.01778944
-5.71960112
0.81654813
-7.37413136
16.99541111
1.38399641
21.88234763
-11.93914645
13.77638745
2.18876176
-2.29951011
-1.98057734
1.80654565
9.60087778
-3.13985515
1.62319575
21.56661220
-15.67729329
-2.63684560
3.64623306
-9.17253903
-0.22741859
21.84610658
-7.50737139
2.03976844
-0.76298505
26.97969886
4.60928873
-1.69517808
0.60712784
5.09382190
-22.92401770
-2.53567539
-7.49619513
7.09911658
7.69721550
10.57406210
6.23109779
-0.19183724
9.16363341
-1.10532764
-0.37138874
0.34494777
4.56038085
-3.38430775
21.91451668
6.12094722
0.85856388
-29.67564462
-7.09214700
-15.04044831
16.21321661
4.18942132
0.02041253
5.13678987
18.78877121
-11.87546714
13.25043713
2.77340449
-0.60520653
0.28321102
-4.46663862
-10.76865572
-4.55222087
-1.41692125
0.00552814
5.71535038
-7.84660871
5.77564127
0.47842925
-7.20106856
2.65156429
22.19805820
-12.85879860
-0.31693193
0.02177759
-0.05613645
-5.14728892
33.34631945
18.24481634
-4.47552442
-2.01109948
9.29805166
7.70618317
2.77632250
-0.60736485
26.39848768
9.23307902
10.18544511
4.53266694
-17.64898690
-2.17234891
7.68269388
3.82960066
4.53064525
3.84854648
5.41705962
-3.93373605
6.88244887
2.07381416
24.61068471
3.26996915
-11.50224016
3.87879099
-12.32751363
-5.80025821
1.28550116
3.29776134
3.93733010
-25.15842625
-2.08858380
-7.37600622
-4.39224677
-14.96417481
1.37888770
-25.69354283
5.61648318
-14.51234536
11.93562646
0.96848837
-7.55363288
0.01057130
-3.52932515
18.89582611
6.55829827
-12.60577302
14.74423337
-8.61747686
13.63918026
8.77238390
-0.97106800
0.45068121
19.76382622
10.98476328
12.32880588
12.77507021
8.49769278
2.78969909
-15.33420285
-11.29784735
0.34667306
0.61031855
0.12128932
-16.24161887
-9.35656522
7.68709083
-2.97369792
-0.05740030
0.96025556
4.11484734
9.92596040
14.71494361
2.51707534
-4.37744783
3.60566966
-12.70212690
1.59055764
-21.03540676
-4.69857161
13.70614828
-2.04231016
16.46237300
3.79364779
-0.58076390
29.50453353
-1.44776348
-21.38956970
-21.39802708
15.72144948
-14.91149705
-7.82388702
-6.06019181
1.28650009
-1.86744499
-1.89216031
0.04048147
-1.98450751
5.79083546
1.70719122
10.38219229
13.42567639
6.37251012
10.90820267
3.80922879
8.98261652
0.19722983
-0.68585607
1.09838662
-16.56089083
-8.23765374
0.44180865
0.09249582
-1.70436113
4.69223988
13.12147842
7.40587398
0.90658853
-0.44087539
0.81469332
6.42675221
-17.98464533
-2.01213128
-4.14807395
0.06338388
5.87682583
-6.91430335
-3.13200840
-0.00400589
-1.30875033
-11.60488880
-35.59010339
-19.73111394
-0.21001281
26.21315952
15.74453640
20.56490957
17.88806559
12.99492919
-1.47016623
-1.20450803
7.17541919
34.63282257
10.92422243
4.92577902
1.87116201
10.84571432
-23.77624375
-5.31285017
0.72212105
0.69249755
1.60146508
32.98840905
-0.31458290
-0.89714733
8.47118053
-27.16705508
-15.21999503
-3.12650523
-1.61613026
0.01142123
20.91054663
-2.31916248
2.91181765
-0.82539780
6.49466179
15.94544166
0.15674207
32.47062258
-0.91912627
2.25548328
1.78107197
-17.80065604
-9.83111914
5.39547317
-28.54871868
4.76300220
-15.29340981
10.33680890
-2.02819043
-7.21279862
-1.23727962
0.04184246
8.89790086
-3.43750178
9.21913983
16.83101081
-6.43885270
-15.45123950
-6.46259693
-3.88362958
-10.16972874
4.04992613
-12.02992492
-16.04431491
7.80938842
2.78620568
5.05847669
2.99681011
21.10749846
-16.28865550
5.35581850
29.41222199
0.23199330
1.29634352
0.37046166
8.99685552
11.80848343
-12.68573703
5.10687423
7.18607416
-18.72299462
8.02204019
0.24138009
1.77768541
-20.17032222
33.96802331
3.47028358
1.61101586
-0.79702503
-4.38806037
1.93560601
-0.96509594
5.13469139
0.37760227
18.18726203
3.67364015
18.70354353
-4.38571037
-1.87689024
-3.66684446
1.48148501
-9.20125305
-9.57949588
22.43659256
-4.03983376
-1.20887901
-3.12592049
-2.89634129
8.03075871
-16.57660206
11.27649419
-13.41897084
-14.49916204
-9.22780438
-7.36036844
8.81858567
-3.84835416
12.62376555
5.78380079
2.67615355
-19.46545800
-3.49904710
31.75437641
-2.47195731
1.14298387
10.99889154
-1.63818550
0.00151594
-20.89798287
2.65566658
-11.69294859
7.46537156
8.59051987
2.50040103
-2.52460015
-3.25298320
0.63749952
-10.23420154
-2.78478906
3.14825129
8.96564755
1.89528519
-5.07544210
0.58927467
13.77872638
6.34877011
13.54069827
23.04739128
0.53983916
-7.62388192
19.24168202
-4.84612559
-1.46081989
-17.93021526
13.04359566
-4.25113054
1.28801319
-2.84378749
6.93623498
25.08344913
-19.37514601
-9.84753661
-30.90545211
-16.45801331
-6.14922519
-9.07166103
4.81344585
18.80254580
7.11347204
-10.50440383
1.36216551
5.17786790
3.46524297
-19.25574213
-3.33818915
-2.82080483
19.64818189
23.97482836
-11.09226335
24.05862581
11.03797089
14.09302582
-11.58585904
9.31870417
11.06206613
1.12791381
-13.00709065
-5.06601609
-2.46605688
-20.51061968
-27.52774809
1.23953297
2.54168584
-2.34977785
1.24610239
0.01326661
-1.53118968
1.41087540
5.58216077
-2.27664853
-0.00372257
2.53853964
0.23464824
6.83163149
9.82362464
-5.28265047
-9.26201037
-10.87961319
-6.74803797
6.51210054
6.94380592
13.67103569
2.22560300
0.00880620
2.80461281
5.98886605
-1.88718027
6.79680485
8.38538731
3.13489235
-13.95927827
-2.33990398
10.57287482
3.23774146
-0.56788588
-8.22937295
-2.97478916
14.79364585
0.14444598
2.03991914
-0.38851225
0.97709031
0.10535773
3.36475649
-7.93957659
0.02895780
2.70853102
-2.03823819
0.47743227
-5.45838116
2.41910427
-24.81835974
24.03846684
-16.01497514
19.80324179
0.99168204
2.22316461
-10.26107046
0.01523993
0.00036016
-0.44307545
-5.72461853
-3.38147677
-8.70583407
-16.91871093
7.60742555
5.43874628
0.06160228
-3.18359226
-0.89243541
10.29603577
-4.95871670
-7.93928530
-3.82547219
-5.03387639
5.39132930
7.64299962
-3.67354336
-6.43115743
-2.80612550
0.20270786
30.33417511
-32.06106650
42.69820537
8.59701783
-4.25918048
-24.70544786
1.05712908
-4.18283060
-35.45867496
-0.91825353
-1.37144201
-3.67169611
-1.59595641
-20.41697664
-1.17311800
-5.25110795
-5.19957760
6.98508820
-12.58511001
2.57001978
-17.83996766
1.87872473
-3.85740357
0.97694920
-7.17643315
29.60247681
-22.83425524
-18.47811958
28.43054099
-3.24617808
-1.67185331
2.18114552
0.77336143
7.11679812
-14.05587965
-1.22836772
-14.25454201
1.51339146
1.72160235
2.02859685
0.75848358
10.78861812
-34.51702371
25.27878526
-16.38173529
-1.95293201
0.94541032
4.24679057
-1.69798270
-0.74321123
-0.85484889
-1.10156221
-2.77638150
-25.29616334
-17.15862951
3.87202946
5.81532046
-1.42076674
-5.72379399
1.39072584
0.41382170
-3.56403997
6.94903014
-2.40858827
2.86131288
-6.41978721
-12.17144318
-5.11921603
-27.35482372
-1.27112929
-0.16283175
3.61065489
-4.39106200
-19.90000332
6.43171635
-13.64609830
20.79253929
4.86546485
-5.68644263
-5.54206287
-12.77377652
-13.87908838
-19.35468519
20.49106170
-25.22961002
2.72911106
-14.32109777
-12.15973427
12.82444918
21.05609342
6.31031228
11.35928646
0.86500481
-0.93816420
-7.44737519
0.21416195
-7.53901837
18.33523286
1.94175101
-24.58212943
3.98967919
-21.77534220
-14.91886853
-3.44454235
0.31443199
-8.24728731
15.29302204
16.88701741
-22.54265440
-3.00983841
-2.28055237
1.84966246
-10.01139560
41.78552008
-9.33775993
-32.09253192
-19.24046231
-15.78818538
30.28908397
-4.12062945
26.71158524
0.53200384
32.45358067
-0.29543417
19.20895174
-3.37955903
-21.56096759
-9.06399287
-14.86584571
-6.32120791
3.79296633
-4.86321261
16.55235041
-18.25526379
8.59753297
9.11913491
-0.51757785
-0.23340737
-0.01140165
2.55000475
0.90540157
17.03487297
-5.91288295
-10.01972903
7.44888654
-0.09633426
0.66245438
-11.99891825
4.73568773
29.03619261
15.83460812
23.96647613
-12.24721058
1.63444740
-20.94512443
-27.44289752
-19.99483664
0.92712830
-0.20525118
-3.25003018
-0.89728892
-0.04168440
10.89090278
4.25309801
-8.19096201
-12.22125268
4.84219170
-5.38324074
6.10738191
4.48476044
-2.46736181
0.16815268
-4.13193453
-18.90939451
-1.42133574
22.44524738
-20.61246138
-2.23113534
-2.11175409
-0.58215536
-1.11648471
0.73251559
-1.63677021
-18.91852229
10.47499001
-8.94179362
-19.23435490
-12.03426112
29.62949742
9.13715600
-6.04349117
-4.54765069
7.85186237
10.94127528
-5.49553485
-5.41392415
-4.47137268
19.70407842
18.13660541
20.24423527
-5.57077120
-0.12055419
2.53406205
-2.46836236
-2.07022073
-4.09093734
-0.44067274
4.09045733
0.73334139
22.31912503
-30.52053365
-21.74403199
0.04250368
-11.75052727
8.01340609
-11.60797782
8.87581270
11.64021274
-19.35266203
-5.76277961
13.59126214
-11.35608415
-6.23634553
7.31296627
-4.34763317
-7.52503935
9.09976293
2.23554313
-17.31036473
-4.41633520
0.15744698
-7.08436319
-3.15317088
-19.18447624
-10.85255916
8.05683861
-0.15596797
2.89255680
-19.75777376
10.72836140
17.39086367
0.20339339
5.43643669
0.01109902
-5.62890471
8.70461451
-1.49713295
14.33897999
-3.09039383
6.73969837
7.01185433
12.18996387
-15.47951940
9.62614168
8.16637042
-8.51051379
14.41910808
-17.98753751
-1.79111273
-19.56006005
1.74220747
-13.49133517
1.35792236
9.38046479
-8.53157879
1.34732441
-13.40802954
6.36878768
-3.58976593
-1.03419705
-4.83282765
1.82316942
-2.19946651
-5.51224094
-4.08120018
-1.32746053
6.96014090
-10.63348500
0.69899649
13.12923143
2.09838321
29.78053629
23.27000125
-3.58292981
-5.51143222
-18.02176483
19.83372744
-16.88377855
10.08603122
-9.06181370
12.59657183
2.34808193
-21.24773572
4.94307250
16.72228917
-1.90144921
21.16957250
9.80837528
18.56862299
-17.77899675
13.21005617
9.45528271
-6.92200779
-14.37951224
-7.10952895
-4.76315404
2.57927958
-6.22543128
-2.67041352
7.53611118
4.49283183
-3.17800498
-25.46033962
-11.93475243
-19.12528973
5.66093700
-26.00548956
16.26412756
0.67902213
26.06582202
29.73430443
-1.87908340
-4.06087177
0.76505651
6.21943775
6.83599978
-15.14346598
3.04907511
20.79923344
5.14442531
10.72474741
-1.81204016
1.55378212
-4.69643625
16.95504069
-2.49745299
-10.89105583
-0.48322236
1.94837191
-12.50300295
-22.52947732
6.02627522
-9.24355497
3.64508417
16.91788909
-7.74076602
16.52604134
13.47897957
-5.33061674
-5.74391675
-21.13473351
1.25880078
18.36861912
-6.76630386
3.40151358
-11.92400615
14.00767514
-7.16976263
-16.03300988
-2.58512119
-19.03458619
-8.56180219
3.84833960
-6.25954056
3.07667718
6.99983542
-10.80142884
4.11062136
8.08002760
-6.81642740
-8.92267575
17.54050630
-7.00348346
-29.20174857
-0.90295304
21.92022097
-15.24073777
2.52771482
2.05845860
1.86345314
-0.35534862
1.67823023
2.79877144
-0.13101584
0.58911372
-1.67125925
0.01134165
-2.45388480
-2.45521073
-2.29841732
-2.20407952
-1.00534122
0.65074687
1.65840368
8.21485254
-3.35103531
-10.05677388
0.18926162
6.30179374
1.18406500
-2.24419100
2.49945636
-0.13397984
0.17633400
-7.35808843
-6.44128804
7.96374356
8.46214176
17.70121705
0.61124473
-2.03147269
-1.88813693
-2.94670149
-3.30899028
5.29020251
4.78422865
-19.36650264
-3.35599059
4.67592432
-2.10353231
-3.00592406
0.88626056
-3.01625992
-5.94066021
-6.35116152
-1.40437611
-10.80897299
-3.63391845
1.55678232
-0.17011597
3.31612712
-3.37050019
-1.81942778
-1.57682994
4.78438216
11.80406351
7.71748949
20.12619372
13.50081778
1.23057161
-14.40028977
0.42792994
2.76351353
-0.44429652
-9.79643814
0.62361290
-7.64085624
2.95509544
-14.58602332
-0.14320014
0.83824985
2.03009708
-1.77070228
0.23177500
-0.83965410
0.31816618
-0.14921497
11.18255656
1.79516405
-2.88026992
-0.02983882
-17.45242260
-1.82682800
-12.17448754
-3.64412751
0.47860502
-2.38471814
-0.99344408
-1.98096292
5.21181595
5.02725514
0.79844513
7.10803410
-19.86610059
-7.05618577
12.11995305
1.85071834
-6.71490465
22.70589914
4.36830312
19.73695880
21.63485805
8.29826169
-12.70965401
13.12766004
5.42314809
6.61457653
-6.27309015
7.53545711
1.79086416
5.15215823
2.61266754
-0.07668987
1.59744962
0.13479619
1.20357112
0.85817526
1.18307198
4.61316350
-2.85281236
1.19388139
11.04873335
7.68441177
-7.85010283
5.39296714
11.61155329
2.23930109
3.01865209
0.97952536
0.25483725
-0.33145695
-0.63538990
2.12529904
-10.83057032
-2.24608269
12.90774243
19.47586987
0.57060824
2.90057276
4.23130602
15.58629636
33.48621264
-29.07688937
13.79337604
-6.36784942
9.97328779
2.91735126
-15.11426412
23.86429156
-0.53836472
-10.97810534
14.06926420
-18.48258523
1.15037268
-4.38222297
-3.09273057
-31.93411103
7.37518530
27.60284661
-16.64511092
-24.50450688
21.08987544
-31.18965991
1.82182620
3.35047383
-1.57082023
0.94416329
-42.73700230
-16.70944095
3.08509062
-28.49104038
16.87468089
35.85420127
