15.33052064
3.23957708
6.61301984
2.28248003
-0.54888840
2.13710944
1.78144541
-1.76336214
-0.39295081
-5.00629077
8.44301261
-3.13104646
3.97534062
12.63069406
4.40770968
-1.34509295
-12.58662298
-5.91466204
0.68173403
-1.81311739
5.09080453
3.09051837
-0.09191701
-0.90364991
-3.25187857
28.75550265
-14.69576180
-1.06611300
10.62033088
16.96235144
-3.00865603
-1.02777549
-0.46034282
0.18416888
-0.66383383
4.70374863
6.32045084
10.13136170
-0.79187948
-1.89224593
-19.13515227
3.89575507
5.16389164
-0.99342918
12.09179938
12.35624414
-4.50575630
12.39078956
5.76513013
13.47719260
-9.44130244
-9.85492124
-31.62855767
-18.01811721
-5.06362351
1.39579544
-1.41565049
-0.67958643
-12.69707961
0.00087741
13.63423432
17.16347148
5.83090292
-17.80352718
1.08963280
12.77754764
0.16871446
-4.64062364
26.58310044
6.47844262
1.00873417
-2.12543490
-2.29598954
1.40714490
3.93660532
-1.85479905
14.27613157
-12.93432411
-2.77041416
-0.81116223
24.74674949
-34.86094420
4.57615704
1.52451966
-0.67579584
-11.22159104
0.37804482
-3.10472754
13.31298897
0.68074267
-26.85221139
14.23307204
-0.93125899
22.00380872
-0.67617102
0.66619392
-2.75477951
2.71286872
0.22059852
-5.84438192
5.90260423
-3.76311356
13.52844949
-1.80184270
7.48169220
-13.36104781
20.81126815
2.70380195
-4.22213661
18.91518959
5.44686938
11.58703411
-2.70736469
-3.92063284
-0.36436240
-0.37278343
2.57975756
-0.02992409
9.71333062
-0.54821202
-6.77366165
-0.62536216
-5.04824980
1.12288854
-10.58468076
-0.28237178
-19.39993264
-15.20143668
1.94179361
-10.65544580
-0.17055840
-5.58467521
0.82140477
-15.34406088
3.27303474
5.17606905
1.61440434
-23.18423150
2.34085435
3.11519164
-23.02572747
0.35246141
15.60988149
14.95303161
18.64128120
-1.76065106
5.12982289
5.59985905
-1.57796420
1.75869811
-0.23410774
1.12930788
11.27894477
4.70423498
17.65133595
3.97154148
10.42705692
1.16987946
1.69656220
22.53412860
-14.02462600
-8.25853923
7.36808710
-24.14556166
-3.61748964
10.30368835
5.71046025
7.87465921
0.14038438
-2.13299119
-0.81764676
-19.27141992
23.75794603
-3.70950806
1.89587010
-0.91983032
-4.14786429
-9.56552475
1.40949523
-7.91730167
14.32707759
5.81807533
-0.20906334
-1.72161354
0.02771387
1.66421936
2.23213271
-6.60732832
4.78182981
3.91668489
6.28505022
1.38116040
-4.46651668
1.39482849
-0.33290100
-1.28391040
-6.17697892
-6.22576105
-11.21287770
3.92643571
9.16419868
4.21602624
3.51534429
1.00227485
-2.52175151
-1.71748675
-6.25871446
-13.46635891
-12.37292025
8.98854509
-8.23900237
16.05713584
-12.82482212
16.31710275
-8.18074110
11.44506994
-2.78706903
10.82270279
15.96486405
-19.27721624
-2.29775182
7.15007411
-10.11447683
-11.49833647
-5.94873988
-3.11106721
7.40940476
10.68004415
0.00046457
0.95149231
0.44712323
0.49743035
0.68966469
7.95131894
11.51449884
2.25352641
-4.58003402
-0.58446856
-5.33399741
-1.24375460
2.72372345
8.44430380
-6.97954876
11.41803021
-0.67496827
2.66306056
1.58994291
0.44179009
-14.45609991
-6.86709628
0.92147044
0.16336873
23.89606867
-35.73723759
6.10119604
29.06871014
2.65507634
1.43875608
8.79060318
3.52180242
1.23253870
0.16125100
-8.98379908
-6.58981857
10.41294882
-8.89674416
4.52973726
-4.35570952
-9.86641138
13.39442151
-4.59007490
-7.55398941
0.62342965
-1.77453163
3.47477740
30.39700423
17.79877062
4.24128016
0.76722095
4.40711176
-41.17316974
-25.09920005
-1.09082221
0.32614070
13.70881022
-6.75486404
-0.31469310
-5.02608897
-13.06971292
-15.77798300
2.47957727
-4.22388748
0.01316749
-0.37489709
8.19618426
-11.24754420
-1.77812502
5.90740881
-1.44874677
-2.08758416
-0.73138610
23.05280491
-0.01303591
-0.62933708
-11.18600822
-7.00918902
-9.25780020
-2.66787208
3.16682566
4.60964208
-11.32437691
7.58866314
1.91712384
-13.55788529
1.77503330
-0.25587384
13.03028882
0.36705073
0.34770126
-1.32751570
13.31031667
11.46303367
4.09889839
1.11407402
1.91848224
-15.28837664
-21.39330760
-23.37953707
8.27294556
10.38269858
2.00291293
5.55516183
9.10558742
-3.65348958
-3.63639681
-10.62795792
0.41584534
0.11563395
9.12385192
9.35941453
0.84413020
1.48326044
2.64525271
9.23007872
-25.89817002
-21.84501785
0.34439855
-5.18894330
7.07658083
20.93894475
-2.10015202
0.19661275
1.38638929
-1.74846111
-2.85491341
-12.39443724
5.96655294
-0.16215056
-1.97254405
4.23539516
4.20515243
2.35025617
1.51643823
4.55573687
5.04788887
0.66426725
11.46804618
-11.31691528
4.17285727
-0.01786968
-0.29948777
-0.89184935
2.82127061
-0.79760141
-0.64703214
-12.52467373
-1.72260968
-1.87883988
2.12092407
3.13218595
0.42600666
0.03178231
0.81391276
0.52715135
18.46253205
0.36154064
-22.29816663
8.10707393
1.87148769
0.67669463
2.81903353
0.77747017
-10.92735688
-5.16247772
-5.53992048
12.06029081
-18.49378235
2.18804946
-7.03212647
-3.07236015
-0.51578946
0.17650455
-1.44894846
-1.64747042
5.61576490
-3.39553884
-0.01564457
0.27535173
10.39831271
-9.37555539
17.28067065
-1.10947026
9.92732716
1.55641253
9.20458002
-6.03329923
4.05637729
-5.50863203
-11.23238704
2.45921909
5.61510982
-6.58035463
8.79421697
-4.51317923
-11.12942646
-14.03398643
-28.98359735
-15.15557976
2.62823109
1.34001788
-0.38317981
23.00620393
10.52557786
-7.15211074
-0.12315080
-4.87079446
-3.84318425
-24.95804327
18.30807585
-14.06579122
-1.34628140
13.82186379
4.94530600
-4.60852433
-10.04843984
9.46814490
-10.97134033
-5.38795496
-0.02471218
2.18343714
-4.20380753
0.50555101
-18.82517381
9.65321237
12.72713568
-5.98566444
1.61750468
1.36608936
0.42728485
-0.08437673
0.26242497
-4.01670433
-1.50147718
-1.29136990
0.05852116
-0.72032729
-0.74508361
-13.53591753
-10.90531857
-4.71006848
7.91075399
10.05634203
4.16491931
-5.25059581
-11.14098217
-4.28535338
-2.32250076
-0.68653184
12.41105204
-12.80248277
4.68940005
-4.25221651
-0.52915799
1.37419868
-8.94970032
8.55666657
-0.69778300
-9.19195268
0.14214238
-6.67793707
1.11979517
12.74857728
1.05239565
0.25440330
-2.17664295
-0.23693611
-3.87333700
1.45691516
4.37837038
5.15566129
2.08866690
0.43642455
0.89118310
-3.84392458
-27.71854540
40.80894166
-4.58318912
16.78939842
-7.22886576
35.69504413
-13.84019273
-6.87404519
2.37093591
-0.01626400
0.58507279
-1.30724107
2.45486693
13.71733050
-5.00888106
-9.86744556
4.77931385
0.74941419
0.09384398
0.61589763
5.40340011
-8.23492039
15.20398009
2.42692823
22.16764334
-9.25610649
-32.49788088
2.72824481
4.81976724
10.36674075
-0.81571181
3.61411903
0.78215871
6.42119376
14.45823868
-10.42393175
-2.85495496
-3.05957962
10.60858580
2.34109093
0.24132875
2.12179830
-1.35891953
0.00745486
5.97978490
4.25153369
24.45140852
1.21998036
-2.23899496
-20.69962479
-4.06283356
-22.36157864
4.52941012
0.41717033
1.23135822
-11.94306870
33.95874856
-3.06255725
-9.61900283
6.71704194
-2.37911069
-3.26453865
1.21511220
7.88254294
-11.17081784
-14.14053212
2.64518247
-6.11206032
-2.12174342
-10.34208426
3.58677627
5.25943134
26.94030177
3.93827906
-5.18077299
21.28639894
-0.54254782
0.18103102
-4.50787537
-0.20006377
-0.19519517
-12.03546879
-0.53140276
-1.25908656
-2.92102083
-18.38832046
1.35421442
13.63399765
-2.57639514
2.09359729
-5.30466564
0.91215129
0.99135545
-7.20615532
0.23435061
-9.18116761
3.91984829
1.77295879
-2.05559272
-12.65782410
0.80169434
0.19938357
-0.96965619
0.01541084
8.09700566
5.03734247
-14.68644682
-1.50372007
-1.93990620
-1.47369491
5.36976308
9.99000775
-24.35332793
-2.64096201
4.46299635
-3.15065538
14.44051538
-8.48926167
-18.64097919
4.89602480
23.59870150
-5.94842610
8.60332141
24.86615558
-0.02320597
-1.73759886
-0.95780288
-3.49183288
-3.62190945
-6.14425151
8.26692639
8.93508122
-14.98171873
-0.77434522
-0.37245641
-2.09431111
-24.20831805
18.67302233
20.34935802
-20.86357436
-3.34559768
9.62133856
-4.28140374
6.03700418
-4.16957708
-14.92127961
-10.11211635
-5.28509231
-13.98546577
23.52565707
17.91652331
18.11263693
5.42554100
24.32871370
0.24119328
3.03512883
-6.18685996
-18.60453779
-2.83783604
-14.51586097
-3.43132363
-13.38868213
8.49987505
-5.19820326
1.49549213
-2.23989648
3.72012036
-1.80351446
-0.00727579
1.43631355
-2.04340051
1.16183831
3.01665768
-11.95803702
5.67923873
1.56036827
-2.51673679
1.82103360
-5.11839777
6.76425877
-5.58367413
20.17719455
2.08767977
-10.17344954
-7.16160830
-25.15887104
-9.93467811
-1.98443595
-2.08191496
4.46261680
-3.09665313
-0.57349650
-0.18950360
17.57373387
15.21626229
-22.89632634
12.87462237
-4.41867425
0.11806204
-1.26453112
-2.74734257
1.07939602
-6.70683189
-1.48532216
12.91233214
-9.35645005
-4.61620972
20.24854868
-6.44398210
-1.92507273
-0.13487648
0.82086540
-14.08167379
3.23730276
-1.99791910
4.55463842
-11.10239692
-12.05988955
-6.29560697
30.07345827
-12.59675107
0.67042414
2.69451282
-7.49396107
10.64602960
-4.68099350
3.94472434
-14.68571177
18.74776767
-25.09747203
-17.26779352
18.27954908
-3.18142340
-2.82425540
1.97190817
-2.75682765
-0.40112616
-0.90839608
2.54792431
0.00105240
3.58107421
2.25838720
-20.08053998
-7.57479803
2.24398437
13.33963805
0.26384779
6.92230731
7.86860356
0.58251517
4.08192318
-5.38396257
3.22254091
-4.31602538
5.78246033
0.92510222
2.45272969
-9.03094020
-2.48098678
-4.99040063
0.82975247
-0.00189899
-7.24838783
-1.16193204
4.65992370
5.89488405
-13.42673781
18.62827652
-21.58940188
-5.50376487
-4.57097159
6.17099743
1.14021000
3.62951736
-0.00352608
-3.55687422
2.26185798
0.26616278
2.87913940
-1.38499747
-5.66019599
5.54702662
1.02839900
-2.92927430
-4.65826036
7.57705493
5.30091406
4.11382686
-3.79407285
0.77052220
14.14419765
-1.65099451
-13.74343894
-1.50843990
17.87872715
-1.60145441
-2.98153867
-1.41889245
-10.13459626
-7.82651051
-1.98705760
-2.19472847
2.21552220
-0.83904102
0.07878301
2.35085403
-2.40797179
-0.77089814
-6.04918018
3.90028486
3.39975248
3.28290018
-6.56500359
-22.66028077
-11.54527053
9.19877048
12.08594272
0.19827625
5.40005369
-10.50859687
-11.82639256
4.62700698
8.25378607
1.65661389
4.17889772
-2.90647826
-1.04095481
-6.82653054
-7.58754156
3.64109858
13.82056957
-12.10626551
-9.54138269
-1.91208858
7.45224745
-1.12420944
-2.05592492
11.29737991
11.09439398
-10.60496036
-3.21917575
-9.49216343
-4.61336600
5.18683510
1.34915871
-21.13653122
13.93063126
-18.15883343
-12.18249112
5.34688071
14.39013019
26.52779082
1.02257705
0.77330857
-0.15597717
6.17846901
8.15557697
-8.68654831
-0.15828978
-2.70749236
-3.09009538
-1.68745427
0.41929781
-5.35183055
-3.83181526
2.11611021
1.24674683
-5.63563890
24.89358240
-23.51731002
5.71740438
-0.73177015
0.43147718
-5.29786642
3.58959411
16.18920054
-7.66643734
-11.61908714
-8.70753050
4.99864189
9.84878695
-4.72439693
-8.45531701
-0.42563929
0.77272752
-6.20207457
4.97277269
15.34862847
9.37594601
-13.13690431
8.59486597
0.20058683
-0.96259884
0.44202482
2.45862515
0.01479207
0.30695781
-0.66674988
1.04211752
-0.01455945
23.15564655
0.04422493
-10.75967487
9.53157465
25.57348877
-8.66425579
-5.95161804
-20.81237094
