-23.50032425
7.07932032
5.80472624
-12.50209560
0.40592827
-1.96590733
-1.86097789
-1.63495836
2.03698206
-9.30963795
-17.36999830
2.67805397
14.55722692
15.52303503
1.35043215
-2.05826377
2.38602425
-6.66779139
2.06739922
2.03543540
-5.34038616
-0.24641870
0.51545303
-6.78488356
-7.69888703
17.42808441
3.54174468
-0.36669086
3.22491731
-2.10760545
-1.20672333
0.64034341
2.74682936
1.23861826
-0.63121569
3.79634119
-5.78255874
-3.63897361
0.01247920
-7.44418785
12.61075705
-7.64987550
-2.88872114
0.06017132
3.81688223
8.10849841
2.27703213
-1.12641385
-1.89937103
-1.28169307
-1.07572926
-9.56786533
-16.80638482
26.59785442
-16.91674147
-3.57530760
-2.22665234
1.96061399
-13.44155180
-0.00784617
5.28974446
-7.06220100
5.10881143
0.49819676
0.02269321
7.69240675
21.23639272
1.72359200
-6.84448441
3.13125157
-5.93726504
-3.01878119
-3.37473373
-5.50120595
-7.33033648
8.17443664
1.20375972
-1.35868032
-1.99992627
-0.12935271
-3.31133733
19.07507412
2.00239168
2.24535479
-9.53390704
-19.25262916
-2.90372203
4.96227209
-1.46841420
-8.01972146
0.52457620
11.73486204
-0.27976408
-12.45535629
-1.93533545
2.98016751
-0.21249599
-1.42448940
-1.08334046
-6.95400948
-2.10425510
1.51746045
16.49322364
-1.80009883
2.66248257
12.83354657
-15.47170915
1.78550674
-5.02543683
-17.95167737
6.22107237
12.08820598
2.12145177
7.80321367
2.00903131
-0.32554112
2.24640151
-0.93426208
7.40853789
0.13423338
-1.92208775
-0.66217867
-0.91886501
0.25296720
-5.95601040
0.56041580
0.23073190
-23.42511656
1.86520333
-14.45314735
-0.43810564
-2.44439722
2.13202560
-7.11041919
0.11604454
-13.62233620
-3.71582784
-22.52422854
0.25784689
-0.26779666
4.20655656
3.57909636
6.06233567
6.56595485
-4.30838435
-0.63846749
-5.13067017
3.29176015
2.68872913
-0.28955586
-11.93633094
2.09790713
-2.72117622
-1.78690214
-20.92565347
2.08390625
-0.63176172
1.14455971
-2.48404073
-7.31301578
9.17318314
4.76557987
-0.11082988
3.45355354
1.32399727
-0.62187243
10.68230108
-10.40293347
0.53650402
-8.20699918
4.16669066
10.39672914
-12.67190897
-0.00429386
3.26248747
-0.27064589
-0.56242601
17.30330316
4.16164352
-0.93172735
-8.48659813
-1.71835047
0.84382237
3.14354786
-7.31754837
1.04762263
1.53513437
0.56986432
16.77621279
8.31423048
1.41812943
0.40341748
26.12637982
8.12177887
1.05398676
0.52762677
2.14864823
-13.68881550
-3.94903646
-0.76211695
-2.52618075
1.33395886
-5.96228417
0.09405359
-1.40659412
8.37978735
1.69545842
1.05023317
-0.74229139
8.25926802
1.52738693
8.86912074
4.22147151
-10.64555227
3.77207618
-11.47562719
-0.32398078
-4.29290474
2.37492496
12.73852511
2.53028612
8.66738436
0.90521472
-3.07740471
0.06662373
-0.01022791
0.90862254
-3.84191273
-0.35183124
0.17397982
-0.72578913
0.31511884
-1.02766387
-8.72769988
15.05858292
3.64562502
16.09862849
0.44922897
-8.06456389
2.57321486
0.60204603
7.54103131
3.88168500
0.80812765
2.97341078
6.73903807
0.60729786
1.94786155
-0.87356058
5.76932836
3.63471614
-4.11999541
4.82364624
6.62438440
4.42175491
3.16006869
-1.43155617
0.42039556
10.66008884
16.57799968
-2.82111201
0.15768434
-6.95680639
-13.33854636
-1.06636546
-9.81732221
-2.35454408
-0.74694086
18.06888172
-13.97881689
-14.93234808
-1.99565663
1.97545076
-0.33857418
14.67579160
13.05843006
24.64148785
1.28518528
2.18697646
-4.10680618
22.70745160
-10.62721151
-1.93209180
1.87482144
12.92384748
-10.52119600
3.13423857
6.33648718
22.23227467
-9.50662458
0.58548490
-4.45845751
0.01045558
-2.20583844
7.74724236
4.57138948
6.19430719
3.40394256
4.99589672
0.67130990
-0.39351213
14.96455802
0.02463116
0.19417054
10.48901219
-8.48968787
-1.93500956
1.32841441
6.70364249
-4.08632122
-7.34378891
-5.64199841
-4.20023335
-9.11677870
-0.49263572
0.00402938
-5.42846993
-15.17880127
-17.80787482
3.51113208
-0.82739118
7.82845890
0.52084806
3.70196135
4.26406440
-5.85096891
-2.72978002
25.82180514
10.48111880
13.72865126
-1.98632763
2.73584476
1.93827624
-3.25875220
-6.81497261
0.02558224
1.44079153
-0.09270235
-0.49033274
-4.05493424
-5.61250999
-2.32256010
-11.76757771
-11.07998102
2.10148938
-19.02806519
-0.08951930
-8.65001439
11.05624494
20.66962859
-3.84083792
-0.04851822
1.64903253
-3.10590185
-7.33446469
-8.56687490
5.76623260
1.16689245
1.04684923
-2.67597446
-6.34925820
0.86786569
-0.16978488
-6.88089218
8.41799398
-0.49426879
-6.51904116
2.58414231
0.43390000
-0.71745469
-11.58284183
-0.80762865
-2.97532818
18.79266304
-1.81017357
-1.84020682
-12.78464525
19.54929350
11.83256913
1.51312416
-0.20456715
2.86899546
2.38909679
-0.44026224
-4.79502849
-22.43588824
5.35404573
-3.81427069
0.69991952
0.74035094
-1.65791284
-0.00965670
-8.65353431
9.00701964
5.53214598
4.10811548
4.57312584
-1.51436819
-9.07461712
9.65556894
-0.84532476
-3.00190421
-0.71993194
-1.03672369
-6.27782215
1.86273998
-2.41418140
0.99520914
3.69188821
-17.99786717
8.50453122
-12.36310635
1.95185286
-7.89887853
10.05091472
1.48582652
3.89104553
-21.28740508
4.22462743
-0.58738061
9.79394518
-3.31924520
9.44497257
-2.49514514
10.88517042
3.95530773
-9.65793056
14.17513415
-0.00437618
3.82475222
-1.40969244
-11.58188665
0.90870347
-2.16549865
0.02986983
9.27850232
-12.62500611
11.27226077
4.28778363
11.82569331
4.97217389
-1.38583923
-2.31003979
-3.93988611
-4.68697375
1.22434199
-5.35354366
-1.61482662
3.97176004
-1.76828884
-4.09127493
-1.31643013
-5.98989326
3.32674268
-1.96916099
1.29434602
-0.27568981
-1.27276672
1.02126703
1.53737382
0.01076821
-2.90557232
-0.18618454
-8.66330253
0.30611100
13.06992624
-1.29427490
7.76733841
-15.55695900
1.20958723
-5.92693233
12.58778472
-12.69652602
-4.64727074
1.34548228
3.03197340
-6.27734467
-0.35769221
9.77207204
-14.89619299
1.74331825
-5.87081436
0.23713368
-1.34575934
13.87977210
-1.10890375
6.28028358
-2.85736657
1.98071017
-0.01584390
-2.98425328
9.48650929
1.02036185
0.05914278
-2.68387613
0.12537314
-8.46627909
4.91459569
2.99574344
1.08031126
2.98519496
-0.43615047
-0.43439143
4.41497934
-11.69274292
2.05309719
-23.31278601
14.18958886
-2.74718760
20.19703585
-16.31962182
-12.76375230
1.71260384
0.78330375
1.27473051
0.45814940
-9.76911081
2.34406683
1.51410369
-3.23956285
-9.86961223
-0.14731600
1.68743519
-1.13356051
0.09104146
-9.20581725
10.66192825
0.57019338
14.46565421
-12.78748839
4.88688721
-0.54490644
1.40701395
2.68131780
-0.74805345
-3.07043363
6.38059949
10.16502518
-10.93429766
9.72084258
-12.00526497
2.91024298
-9.33854776
20.38524676
0.65324702
10.05237115
-3.72650526
-2.81462512
13.20227718
2.73668551
21.26048494
2.85985407
-8.14461752
-8.45127205
17.04452830
-12.62233715
4.90697841
2.97806110
2.01548713
0.71244050
-22.27461141
10.15495867
-1.64530794
-14.55407178
-2.31154734
-1.81066098
1.99172930
4.86519725
-9.58777964
-10.09077650
11.91033151
13.73694617
-1.50309508
-5.27716378
2.23103053
-2.95234344
-25.10451337
4.35229064
-8.73735313
7.21910401
-3.94341968
0.66019818
-7.72498362
3.96237767
-0.76297560
8.48781722
-1.21494928
2.73769289
0.00321323
2.25855817
-7.18682704
-13.32447564
-1.75394443
-1.18076031
-7.61643411
-0.91242678
0.20180520
-6.63075113
0.13075428
1.95844504
-0.12251991
-0.72899120
-1.19648397
-14.76996975
0.10255167
0.69081030
-2.78538733
0.67550228
-6.02472813
-9.00702438
6.99092278
8.33063965
1.73686171
9.63266626
0.45358446
-1.91449608
4.53740640
12.42420466
5.56137833
16.71869162
-13.43316282
-3.90692267
10.79070294
6.43334489
-14.42846077
1.71890626
-17.10173429
12.49050686
0.13937284
-1.24573725
-0.21024098
-1.95628263
5.83560371
6.20210025
4.12202947
11.61779953
2.07530295
1.18314571
18.50449962
6.49673231
-4.72089954
-7.21407488
-1.75220368
-12.42405376
-0.05183824
4.24043122
-2.24145698
-1.27196856
-5.15903556
-10.46971197
-2.82517179
-9.51600697
2.27186321
5.30529094
-8.10975454
-6.26873745
1.50095058
-2.65133452
-2.12493696
-6.00574038
2.59932276
4.62144399
7.53764431
-8.62104737
-3.75968692
-11.63820139
0.88813591
-4.31996486
-4.71903148
6.20498484
7.58044301
0.26146225
1.25438035
1.38598846
-1.35879156
1.61136060
-7.32206965
7.82885872
8.04767284
-7.67616764
5.86087492
1.02751542
5.01840348
0.27701915
0.91462166
0.97952505
13.02282894
1.72648751
-7.93927639
15.25432992
10.87715014
4.90674005
-2.32415923
0.15583491
-2.03301121
-0.03940882
-2.31345435
8.86127100
-0.04766947
-13.40191372
15.98716578
-0.02602256
0.14958582
-2.49356638
11.76118084
-1.18817405
1.91505155
0.55482817
-9.05193461
-19.24459168
-6.79468668
-9.52629849
-6.08108202
-3.25558419
-3.05910066
-1.27524282
-8.10658592
3.94008395
-1.74589908
2.64237604
13.74007877
6.68780457
10.78272185
-14.33263338
-0.33717182
0.14983851
-1.99999054
1.68084181
0.09314939
0.62157676
-5.70351851
-8.97522247
10.83651961
-1.51437493
-1.05521822
-2.85769864
-3.66450420
3.19154487
-1.84267300
0.61297149
-6.46451786
-1.07690212
10.81749752
0.80005394
13.82176049
-19.40660100
-0.89710019
-4.31637073
