4.97104084
0.32595124
0.75145782
10.59594421
-0.23819491
0.27082265
8.12353494
-5.52274572
4.41309940
-12.35728329
-7.17289422
-11.57213969
4.32398142
10.87218618
10.83009786
-4.96378490
24.90208862
-10.60151941
4.51537671
1.45863473
9.39905592
-6.49715007
0.45062662
-9.12435797
0.00570822
-16.00096288
-24.24525361
1.07517902
-15.02089608
-23.51473276
1.72672463
2.67938119
9.72020651
-0.00852083
-2.09292495
22.76708215
-13.27389045
-16.22680355
-1.79822867
-0.71208525
-12.20799109
-10.52153891
3.39541604
-7.49432426
7.05849694
9.01979702
13.20774954
-5.03316474
-0.66530403
-12.48593825
0.66313565
7.81810734
9.96768553
-19.10449429
-1.67318574
-5.40245516
0.17086816
-5.73468315
10.26556605
-0.01080241
19.31705963
-11.07457633
9.58666292
4.26038101
-0.75056056
1.32939641
2.83195206
8.29744786
6.14587106
0.31172803
12.04423068
-11.39572493
-2.12570761
4.18301208
-6.15387885
1.99267061
23.58838626
-2.22529858
-11.66048543
0.00745641
9.97682835
-10.01599662
-0.47562383
-0.08632816
4.79510726
-25.68068511
0.40846087
-2.55422586
5.07679685
12.56834947
27.11184862
9.96093269
-0.21096321
5.19134576
-1.36497280
0.17104871
1.39116704
8.90578535
0.87615002
23.88219532
3.98154870
-3.15537624
-24.99607123
-5.21967424
-14.78501762
23.20504887
6.07150219
-0.11692374
-8.44517334
-8.38297671
-3.74427677
12.95143961
2.13759529
1.88375118
0.39395938
-3.91299679
-4.78400453
-8.68475133
-2.81780631
0.00836578
-5.52201406
-7.49655159
9.59954152
0.35965430
0.99962792
3.91311428
23.17189144
-8.83596978
4.14650884
8.89910245
0.11938030
-3.12678932
28.02619982
6.57134531
-8.73689950
1.47125128
-2.12273600
12.34936973
2.47753638
-1.80333172
25.49632256
6.86505602
-2.45391965
1.44465657
-21.06175934
-0.30295831
6.20826632
4.91771728
-1.29141969
4.60156247
-2.19920804
-0.49431177
9.57145963
2.53790825
4.88555941
3.00399460
-16.03138584
3.30653765
-14.61556083
3.80477724
2.50495838
-0.32796544
16.26901479
-24.85024344
-1.85195889
-5.65697109
-3.89041280
-7.64687262
2.13218476
-10.65574070
4.06076101
-12.74787283
12.02297241
-4.44090102
18.65327925
1.01226635
-5.98089562
25.99456022
-0.15079145
-4.50936940
12.58853957
-12.86771146
11.06130200
13.52476604
3.02875911
0.44224147
20.52109810
8.12521570
-3.18946375
9.80687245
12.56003551
2.58048354
-16.37948604
-3.00655050
0.26137491
0.55500507
-1.24089631
-18.97729188
-5.10286802
1.94354502
4.02679775
-3.81386881
1.35095687
4.89491087
15.35385648
7.14274915
1.64895846
-11.16164942
3.05993162
-11.93629005
5.81943923
-22.71984126
-3.73694721
13.48949672
-2.76713434
8.00066586
2.16436004
3.09446137
31.02470898
2.73664571
-20.91828158
-9.75742200
4.75079770
-8.36832117
-3.64661027
-0.22607749
0.55276479
2.19263897
-1.87204700
-0.15644623
-0.52964380
6.72067512
-0.75868605
5.28008058
8.50115806
5.22844687
11.65104859
-2.66633330
8.42702732
2.39863444
-0.26887403
6.09288013
-10.08754534
-1.24574537
0.62190751
2.16842882
2.92542530
3.55190353
8.74448531
6.67050729
0.82723180
-4.50651881
-12.54773423
-3.73029957
-19.98638966
1.33066576
-4.14954947
0.54550252
-17.90197052
14.72923908
-2.46969398
-0.46775469
2.00637352
5.03107952
-17.53730421
-3.43780979
-0.49135149
7.94766948
12.81645027
2.60619435
5.26750279
10.00595512
-2.80352431
3.30155916
12.84944501
28.14429318
12.53604626
4.45102619
2.17877800
9.13651711
-21.54830949
-11.42360772
0.90367981
0.89172644
-5.43785289
10.41187862
-1.51304945
-0.35355780
10.75137826
-28.95071547
-12.55200763
-2.02529739
-1.60046965
0.01084216
17.33619598
-2.65102569
2.01446757
0.83772988
6.13118370
20.32396585
-0.03563214
34.43433028
-0.50874687
2.50796208
-1.14790047
-16.68089720
-10.50122037
3.01804439
2.55780419
-3.51923227
-12.69579671
11.24900700
-8.95995865
-15.96818603
-1.00313225
0.17537355
9.50031912
-1.08635179
11.34757820
0.44472114
-6.71070429
-10.45378740
-5.15951055
-3.69538892
-8.87892168
-16.58722729
-14.52884135
-13.84571480
10.34903624
13.29138832
6.23785310
4.16883371
21.28222162
-10.71202709
6.03567807
15.59154397
0.26926679
0.53196906
-4.90403199
5.14498510
15.24391702
-6.05432304
-0.10815762
2.36523290
-20.79222047
6.13535220
-0.95529148
-3.69374379
26.03819883
34.05676940
8.31639193
1.69452787
-4.95385643
-11.67808902
-0.78185115
-1.39755418
7.82128557
-2.29706202
15.72674521
0.34892084
16.28794281
7.27894382
-3.52325926
-8.42036860
4.89069980
-7.43345048
-10.45585856
23.58790792
5.84212165
0.20005803
-5.62203285
-1.80233947
6.11341899
-17.55264361
11.70148409
-14.44757178
3.65854643
-13.83667106
-4.92792448
21.94260719
-6.19421544
-17.05010575
5.74745641
2.70664866
-26.77173766
0.29421292
23.08780844
-0.68193254
0.79325882
11.36479992
-0.95238551
0.03083981
-19.59584133
-3.21258423
-10.64788850
5.71921874
16.48203697
3.10058224
0.11286541
-9.35679236
1.92791243
9.51365734
0.37712029
-6.13428839
8.48740183
5.07582829
-7.62883671
0.54334370
3.39871442
2.45389404
13.99293408
24.78926731
1.47712643
-6.58125657
20.16312329
-4.50211856
-1.99680785
-21.62567331
13.33809193
-2.82531602
2.90374556
4.45633136
5.37012625
29.48821940
-6.52832051
-10.89768384
-30.93854382
-16.61151255
-4.78070454
-6.55033374
6.95094100
21.50733256
4.63514964
-9.06782544
1.37757434
13.37819364
-5.33939419
26.60073787
-5.92429806
7.24006835
15.99038650
19.56332561
-10.01575384
24.16110353
9.74660464
6.81574905
-12.44729584
-4.28105508
6.41290577
2.14787921
-9.16352688
-2.05660889
-6.77134386
-4.24059659
-22.66901338
-5.19349951
3.29639963
-2.99696510
1.52453992
0.14543102
1.28664837
1.48075939
5.37709296
-1.74644952
0.59605922
2.81166856
-1.28217220
9.62459412
8.79033351
-3.60382526
-9.57433664
-10.72062238
-7.65809771
5.75970366
9.63726507
17.89026662
1.95408769
0.00670067
2.74765040
6.87745353
-1.41853106
4.31496543
10.43213175
-0.30395176
-13.51843311
-2.81965423
12.43006700
5.29584400
-0.22030488
-3.65625403
-1.80980932
11.74255813
0.00447045
1.34161691
-0.00509123
0.14075663
-6.14529636
-3.13119019
-0.24460719
-0.01103207
3.97978829
-3.81400374
-1.16333845
-7.03933269
3.55765772
-8.75775066
23.01883193
-24.46717742
15.77426716
3.80649097
2.13411898
-6.57874798
0.00267417
-0.73016331
-0.31288531
-3.35143119
-4.81529000
-12.64464096
1.10956848
0.43541061
0.50832881
0.58831599
-3.46117274
1.20317305
-13.55802224
10.34837563
-6.48037239
2.64332166
-33.33402150
-0.86643432
6.07658163
-32.32714592
6.21061910
0.25398730
1.20457431
15.70301928
-21.52522518
11.34906072
11.99778118
10.37469825
-11.32262159
0.82505992
-3.60243643
-21.80012996
0.00400909
0.36435525
3.36792534
-1.92930723
-19.57322763
3.27131351
-6.79430915
-5.24802076
9.83712386
-4.38161873
3.72384637
-13.23892671
9.16126828
-2.52841505
0.52736788
-4.27918551
25.40163332
-18.01584616
-13.04525662
19.02803567
-2.14647780
-1.24660568
1.75113707
0.20748853
9.17041535
-0.49057136
2.33555284
-16.06143822
0.90766012
18.57929626
3.26680204
5.33423957
5.59994126
-36.34315976
30.91474729
-18.01948653
-5.40147080
1.24066232
0.64929045
-2.51648844
-1.33366018
-0.83248128
-0.74085634
-1.80722546
-18.75480733
-18.54991472
3.07459174
7.38284013
-2.76253964
1.42831069
-4.45583287
-0.47751916
-4.78186239
4.81460166
-2.22820928
-3.34046251
-2.72994200
-1.84609425
-5.66443762
-33.02042793
0.10555071
-0.24036572
0.01211419
-4.16308360
-18.33692397
9.16395039
-15.22399855
19.67800937
3.32165106
-6.02346274
-4.12788189
-8.58678405
-18.78948499
-11.82831694
12.78301170
4.65043406
2.15534469
-15.01860948
-9.51091645
10.70365647
18.40024611
11.69949924
8.08844957
9.09623076
-0.92223008
-7.61538043
0.10389510
-6.95206116
17.83763697
3.37624848
-27.82949150
-0.02349285
-15.04105659
-17.72933119
-2.34360895
11.60854982
-5.76424859
10.70364969
3.21945259
-16.81160522
-1.97674269
-1.29633668
2.12507357
-8.57031626
37.76430472
-11.86971566
-31.49123054
-16.38663133
-7.26675520
29.55827721
-12.09372363
22.84233115
0.39586982
32.28675854
-0.03140129
13.46507010
-8.38829879
-14.55474043
-6.69890297
-19.76831725
-5.03300731
3.97800528
-14.79625654
15.64967156
4.67502983
11.22802848
-7.41003222
-3.08006382
-0.29822112
0.06760741
1.78934959
2.05873397
8.99611481
-11.74251806
-6.33604116
18.78425129
-3.49042822
0.22191316
-2.53794974
-3.59744659
29.60535561
11.49642232
21.52234039
-10.25199111
-0.83378229
-18.48241676
-22.83071653
-18.70157417
-1.45648647
5.60938226
-3.79949600
0.91472860
-21.92713846
5.64627304
-21.36662306
-26.75645493
-10.48344152
7.92663863
-5.46831484
1.76634232
-10.04760425
-2.04598889
15.75815958
-0.98495040
-19.76634475
-6.82385686
21.99555969
-26.28051107
-1.61249302
-1.92099214
-1.54063462
0.05063559
-4.25966927
-0.30287914
-12.98141543
7.79619198
-5.85546941
-18.53066138
-9.68216198
22.55575135
12.30264664
-3.33933447
-3.85932254
6.66492090
15.93077015
-5.33450711
-1.48166228
-8.25021480
22.64738280
17.54846784
21.25009684
-6.26059466
-2.75882402
-4.91811374
0.96317590
0.85343818
-3.40652605
-0.16754862
3.46478669
0.30686488
23.18597724
-19.57138486
-19.99232847
-1.24831047
-5.42397527
6.80373811
-10.71518336
8.91579471
8.40402465
-10.77104630
-21.52017028
9.79371130
-6.88356906
-11.77398346
13.35635767
-13.17863919
-7.83640752
2.76388509
6.43180003
16.71765107
-4.07058270
0.37945476
-6.98224666
-2.98846426
-17.00967317
-9.64193048
8.02288025
-1.80881329
-1.07265560
-22.15280235
31.32402343
16.95405292
-0.01471744
4.86945308
0.05730509
-5.63840700
8.05609630
-1.62892847
13.05544867
-2.96643619
4.76305447
9.29421922
4.84063993
-13.42736774
7.73448973
9.56514498
-8.52315339
11.30790617
-15.88457845
1.75501600
-11.69738949
2.18352129
-13.43393398
-5.91534743
2.01984796
-3.56772005
-4.42313705
-13.15145363
-11.15161967
1.75069987
-2.38910578
4.77061224
-1.99134032
0.01766165
-3.01115630
-3.92416832
-1.94167419
6.84065942
-11.21889229
-5.35036759
16.06957915
3.64377076
32.38569228
15.49600489
-2.77776179
7.49623097
3.43843329
-17.52960022
-21.45630858
-1.70323476
-6.99473381
11.55311909
2.19747933
-21.24941660
4.57098992
15.67357372
-5.15123244
21.24285753
7.51629649
19.94820118
-18.40147810
15.03770005
1.63410272
-6.33199184
-7.98590865
-7.78961850
-3.37514935
-5.52461290
-12.08060598
18.30959950
4.95122514
4.88468354
-2.31491514
-24.81722159
-18.41980488
-19.79943350
7.87599392
-26.71287063
10.25475898
0.89195760
27.51548984
30.86954706
-2.39484659
-4.24069522
0.73149745
4.27619283
7.32413992
-12.76855064
3.63121686
15.36718836
4.68433706
10.77356177
-3.25190717
-3.64298065
-6.53355447
14.61297997
-2.55255900
1.47010833
-26.07802572
14.93766837
-15.38783085
-17.58455111
-2.88331594
-11.31616033
1.17658247
5.11708213
-6.84970303
0.75453953
8.15620555
-1.46780267
-17.21625947
-15.30561359
-0.41243036
0.85323892
6.36720044
5.34641537
-3.63749539
9.99500208
-9.45664836
-15.83826627
0.85178220
-6.48352056
-10.49247311
3.26450790
-7.01130803
-0.95363524
8.47055988
-10.73698686
4.92439561
5.07852233
-9.00869045
-16.65165055
13.30489637
4.76919094
-16.57412647
2.96268854
9.01437581
-14.62782651
2.96787706
1.80401078
1.84287850
0.71939456
1.81911640
2.30546599
-0.22409252
1.11720612
-1.04383291
0.01020749
-3.31059701
-3.55744794
-3.59314019
-2.24705081
-2.06881916
-0.50905798
-0.39001166
4.01036357
5.82248416
-12.94605618
0.64235833
9.65028033
-3.09302839
0.34539737
0.53483386
8.70994398
7.84934052
-6.94846978
-11.33258439
6.61805371
5.56283894
21.22912706
3.08978929
0.44922124
1.58317081
1.34965572
-5.85058040
0.18236605
2.76992458
-20.57613730
-7.66023308
3.89005076
2.07614151
2.28077612
-6.31176593
-2.32845840
-4.19603929
-9.84353539
-0.10575938
12.95252838
-4.82354071
1.33331946
0.38781549
-2.72573050
-1.34893852
-0.40189283
-8.95872120
6.91625840
6.36490339
6.12519586
20.99427371
13.66123212
-2.09851872
-12.67242608
0.37227076
-0.60271305
-0.86376136
-13.25509120
0.33902547
-7.78995144
1.68622731
-11.25142250
0.90039172
0.85725584
0.41158852
-1.21446611
0.25689769
-0.76199259
-0.29846353
-0.01304508
5.90634519
-10.48671539
-2.73534140
3.67252777
-12.99804121
0.07157917
-0.26011626
-1.16825800
2.63651770
-1.86833088
-1.47600915
-0.48119479
7.41165544
5.63241913
1.16313966
7.22785329
-22.42116527
5.73070315
12.45705717
10.45177182
0.08376339
19.31863765
-5.66647357
6.46261035
23.76814643
13.02539988
-14.70174360
20.48773907
5.29224573
-11.06068184
-2.60653135
6.46991107
1.95786621
2.54021859
2.39415690
-0.07021268
1.56682116
0.78303559
0.94879328
0.11768759
2.38448137
-3.83478027
14.63739494
-2.27833055
-4.99455876
8.78105872
4.77439403
-4.07490070
5.26776104
1.35218812
3.13414526
0.66042502
3.52391228
-1.11694486
0.26654989
-0.27367442
-10.73854927
-9.39281435
5.69410289
-14.25504665
-0.34516892
-9.98951282
-1.01787949
-10.14298609
14.26075874
-23.56301063
6.54608696
28.65280175
-0.38386328
0.43261202
-10.16532535
11.84819677
-7.54347175
-6.59897302
-3.30573696
-9.25960115
6.38122284
6.83656713
-0.69350490
-20.16797414
-0.02951097
22.39316161
-7.75004736
-14.16870460
4.91096057
-9.82076318
-12.92761548
-10.65771351
11.80309307
-2.05939971
-22.61241240
-12.36343094
1.83543549
-15.26798014
25.27684069
24.11398211
-0.12024448
-3.89516863
4.71526192
-1.17413819
0.13087918
-0.46527099
-3.34232053
1.95936036
