7.89065559
-7.67778335
3.62605027
20.10367936
-1.00195468
0.90842195
1.68762090
-2.00416497
0.46089037
-9.21422730
-9.61817339
-6.62097252
4.13744845
-10.64443256
8.71722045
-4.20261990
-8.88234827
-8.22546024
1.81467452
-2.93121972
14.96336670
3.91888874
-0.04720745
-12.12056837
5.36597022
37.02687298
-17.06464339
-0.58394696
13.37781128
9.19017086
1.61195194
-0.55913743
1.35482809
0.03887392
-0.79541730
1.81051965
11.21704921
19.57950147
-1.65878983
-0.12118656
-16.34123805
6.89931168
3.70795928
-13.66337706
3.66238901
6.98722981
-3.22096732
-8.83400072
-10.52277778
-0.57589454
-7.36193738
-5.49201114
8.66485427
-9.05001001
-21.73914653
-4.57010562
-0.64991187
-1.05732007
-5.10131733
-0.05439734
8.27144772
-15.84177908
4.11368415
16.53713777
2.03523083
16.42069247
15.72860786
7.95213462
17.51093694
6.66358543
4.85818548
-0.29834995
1.29796648
2.65301884
0.55946042
0.87169750
5.78803844
-8.98811932
1.98911828
-1.14365604
-1.49722767
6.13092198
12.47492948
0.26195418
4.73722775
-7.72955568
12.17105824
6.06744723
5.55754418
-4.60565216
-22.08747068
-25.90114058
-0.15112377
18.04870664
-0.68038962
1.29649955
-3.68681199
1.69849251
0.40921818
2.18247406
5.72221386
-3.18145860
15.40838406
-4.38557220
-0.69825385
-1.67764806
3.18159355
2.50726989
-6.06178983
16.23870457
3.85390887
0.10714159
1.16855002
6.67857702
-3.82450215
-1.52407550
5.38709473
21.09631978
8.00178573
-0.51013885
-2.50764430
0.10359930
-3.02143706
0.16070443
-8.57869158
8.00211299
-22.45134388
-16.36812313
1.52702200
-9.89137804
0.62893443
-3.64786229
11.02982725
-13.09483002
-8.53732653
16.05539602
1.64230147
-19.46796869
0.50628162
3.41761207
9.15130792
3.67552075
-11.73612174
11.75168605
23.86369772
-1.88944861
4.11248731
5.41728103
-2.91920950
-1.53193713
6.50974264
2.38639461
15.10280982
2.49575430
17.08380874
4.46650908
-0.12147583
-0.05642003
-6.23349500
12.47562606
3.14101285
9.43842206
-0.01003395
-22.60671652
-4.81763860
-7.15405581
5.02978716
1.68851462
-0.58774313
0.01784021
2.72128797
-13.34438921
7.09318425
-1.92493701
3.26707123
-0.40507193
3.01199305
13.70238165
2.23928719
-6.71121886
5.40305477
-4.35335674
9.20328841
1.77171619
-7.02486922
0.48692551
18.34284416
-3.19400203
14.57837398
2.09087596
2.40597678
1.03271084
-6.80068423
2.57850713
-0.03152087
1.22316754
-8.33202499
0.33951900
-0.42382850
-6.79152771
6.98234639
4.87998794
1.97369563
1.39905839
-7.62119005
3.46217687
-8.24665547
-13.33681279
-10.72772685
10.62009688
-2.07471875
19.94141360
-8.15245750
7.62898118
-3.27314151
-1.45306071
2.13659519
15.05288538
20.23228856
4.73634628
3.12444291
3.63153031
2.57036503
-11.77873623
-2.43476713
-2.42938674
8.58805777
-8.66538249
2.40474423
-0.02227938
-2.54330521
7.13730969
-1.55002795
2.34250873
-11.14050798
13.78650535
14.94287320
0.09975355
-5.02191677
-5.35015402
2.93861136
6.19131999
-9.71063073
4.57539904
0.00974248
1.83511121
1.95382799
1.23102200
-11.73927252
-9.43273902
1.99544896
-9.97332658
14.92956025
-3.37035447
12.65566576
20.82262683
5.07927691
1.14941549
8.69808775
7.37634904
0.21590309
-0.46593745
-6.91462965
7.29359207
-5.00674258
8.70071882
3.59219622
-1.93530492
-8.41492309
16.57018373
10.92509206
15.96921791
0.49094473
-2.49306531
22.34015563
30.02461406
13.45999897
5.05846025
-0.16341224
-6.59974520
-16.91431279
-17.89128324
-1.15401087
0.54921329
-15.32336636
-7.29116785
0.89996894
-4.72447608
0.35468189
-27.57697139
-6.46292529
-0.75761785
-0.83713789
0.00904441
10.93219518
-12.62344850
-5.69804747
0.12078764
9.55451614
8.52323945
-0.75928332
11.47770318
0.00476796
-0.69513961
-17.68004445
-11.03326718
-9.79044298
5.22889254
9.81355719
2.88266346
-12.48797549
4.79096864
-13.56913726
-6.66282716
-1.82797853
-0.82768658
15.88289092
-0.10192029
4.00925912
0.78867133
-0.10320640
10.14916991
-3.61583650
1.84337025
21.10162246
-8.71401233
-5.93612505
-17.87419139
8.73622687
8.06402957
5.24040207
-7.34484089
15.64957507
-6.96646804
-0.84567292
-3.29949581
1.06451511
1.86256762
2.00412901
12.59474736
0.95077675
-2.84069169
-1.02114534
6.79550796
-8.53295891
-31.01517598
0.52201170
-3.01615233
-7.57575449
24.34261137
1.46373625
0.04500170
-6.51704671
-1.68789981
-8.17754911
6.65474093
3.88376923
-3.28383341
-0.97672436
2.35667125
8.09645985
-3.79990447
1.86862555
4.98830713
-2.79411040
-7.91032427
10.41235969
-7.80286707
4.69816841
-1.16514994
-3.70707197
-2.51452350
2.39327327
-7.34213235
5.13123762
-9.74915092
-15.05619515
-6.70254963
-21.59339611
5.93445470
1.22104039
3.03448193
1.18261208
2.22140243
22.44200082
-5.77754308
-25.23405897
-6.68471940
1.90055879
4.96688663
-1.96086076
0.00190907
-15.96072499
-6.32333352
9.83780385
0.13410675
11.96932134
-5.63303706
2.90119289
1.82734196
-1.62310926
-0.71852372
-3.07924681
-2.50256581
1.51674112
-4.99438027
0.44912393
0.21950037
5.61108079
4.40700597
15.51770734
-6.08030822
7.24482063
-7.75075514
6.73916661
-4.26382527
3.81796374
-9.04815044
-5.97966041
3.03368460
-2.32715637
-3.24742984
5.67262872
-1.85766169
-11.12224972
0.07720846
-25.84607588
-8.36139581
-4.88689189
-5.82243771
1.04319907
23.03610407
18.71956913
-7.14907999
1.05016175
12.78305561
-4.17891092
-19.52806570
10.36700481
-5.53558362
-4.11301295
10.84586031
0.68047453
-4.01779370
9.71984039
4.12046722
-13.93155652
9.35908672
0.54149651
-1.78443721
-3.17632383
1.23659185
-18.36810296
2.59485603
-16.74360184
1.37880297
-3.03890728
-2.81300253
1.48209777
0.41055510
0.81710268
0.51167289
2.51296146
3.36055546
-0.00477755
-3.87892487
-4.21649178
-13.27212410
16.52011073
3.39418636
-27.05170135
1.85772379
-16.97205103
-0.38898048
21.08742700
-1.93888079
6.03526905
-0.67707581
8.55951568
-10.31477649
3.87001777
-2.21945965
-1.80784500
3.66353880
1.38218690
6.10367660
1.39072023
-7.72236675
0.54276524
-1.84103372
-1.95281252
-0.14250201
1.07697279
0.34800164
2.06142229
1.05757413
9.54628374
-2.59805515
-4.97159379
4.51808124
-1.64523185
4.80160582
0.44693203
9.54698092
-24.27803533
26.84526738
21.32917480
13.22177331
9.23657904
15.21347203
-23.70625531
4.38672678
1.50634743
0.01914735
0.24769056
-0.65501955
-1.75224357
14.38794015
-5.38164889
-11.58152629
0.58714754
0.62817937
0.15237599
0.02548386
4.49563064
-8.23269779
12.98037762
1.10486789
7.98841088
-13.03239009
-18.27648231
-12.91637677
0.58576570
9.97022239
-0.57102091
2.34810057
-3.93129447
-5.81265177
-15.53224494
-14.34394653
21.07848629
-16.86439735
11.12176396
14.01635115
0.72601884
6.11528207
-0.60586556
-0.89335479
-7.47195093
3.75918128
24.88876308
-6.49290996
-6.68127959
-15.94117956
13.65826531
-21.80322133
6.42870711
2.57756769
0.72082612
-8.36475872
22.43535891
-13.50744280
-11.10587970
13.96945241
-3.96663367
-4.43607610
1.54758852
8.33902713
15.74152976
10.78522014
1.27125211
-18.18109021
-0.36766720
-12.59257752
1.03887882
2.25247766
14.69939015
-13.74202083
12.00582053
21.47248786
-1.55781516
-0.44019944
-0.61348877
-6.31630874
-1.84050131
-6.14147253
0.21045992
0.20399634
3.53894418
-19.94528709
2.37371396
17.56836406
-9.80149168
6.19611902
1.80814420
1.63724183
-3.63980882
2.05404491
1.97419191
17.67737062
0.80211964
-6.10411933
0.16570267
-16.20298420
0.34405557
-0.95710274
-1.18111531
0.65368419
5.62718597
6.57336938
-19.42873261
4.96132359
1.75543967
-12.66525156
1.09329262
-3.99942633
-6.01515437
-9.42729385
-12.55114128
-11.12884286
5.75607290
-14.74211400
-13.62530318
9.74194989
8.80059811
3.30549044
9.23866488
21.70270401
-1.38353856
-1.52341937
0.62040744
-3.57252493
-7.06271050
-4.60135521
-17.16944682
7.73384322
-8.98658871
-5.90874531
-2.44359793
-0.47210104
-21.03248035
15.19745611
9.65074759
-16.99285168
-1.44903191
1.35062253
-4.01769674
-5.65223294
-20.58618801
-8.27930135
3.49767741
-0.44114080
-0.78143243
14.53602499
-12.43136070
19.47823819
5.39656075
14.92546042
4.29929246
0.32717518
-6.59345890
-14.38554617
-3.76210464
-2.73392887
-2.22822237
-8.80260094
-9.34443327
0.06561120
4.02540671
7.92402659
-0.24644218
-3.42772776
0.36752444
1.52489194
-2.23037840
-0.97519436
3.50306483
-16.43364566
-7.51041367
4.93320452
-1.02673988
2.07006655
-3.78279238
4.49206543
11.92036222
13.19425308
15.97294958
-6.64682649
-12.62025727
-10.86899893
-8.52759297
7.46085307
-3.00902649
3.77935497
-2.22486115
0.17346676
-0.90161362
9.37836965
11.08050554
-12.76332356
7.66029147
-0.80639954
-0.88753429
-3.31151266
-3.73934049
-0.31796807
3.65146319
-13.98935309
-17.94608554
-5.47342423
-4.81645016
-5.01664827
-4.51385118
-4.39507868
3.85076436
2.19636276
-10.99314279
10.81273544
-0.86422672
5.01767045
-4.47637681
2.13493038
-6.32364585
13.67777639
-7.63933186
0.62469380
3.64502888
-9.21441641
6.52323592
-4.26649291
5.09521591
-7.88373993
19.48050050
-22.46387140
-13.22546796
13.74861491
0.03301160
-1.22949912
-0.88635980
3.79249696
-4.11994283
0.02646057
5.17914667
0.48852563
7.67379201
-15.34297463
-19.87630013
-5.62638522
-2.02002332
13.19793157
-0.95969896
5.50864534
-10.07411927
-5.56820000
6.45488061
-3.45284948
0.29094797
-7.68212616
1.29216837
20.80110790
3.55153166
-8.53880297
-1.45302133
-9.41417947
-0.61644697
-0.30693599
-3.88827820
-2.69599337
-8.19976479
1.02902776
-25.61277272
14.75583455
-8.50989992
-9.29687240
-15.04929538
11.22210875
1.94097407
2.73310329
-0.00250161
-2.75108865
3.89691429
-1.88272746
8.16891214
-0.72803679
-9.82030960
8.27278191
-6.51385845
-11.49848684
4.06509923
8.69682888
-3.90950111
-9.80571234
-4.45603447
-0.42977674
8.94101651
0.86802271
-7.72780973
2.61742025
-3.95381713
6.16179557
-0.19954679
-1.32902282
-6.98878508
-8.02466073
-1.38283018
-5.53454912
2.35230531
-0.84634455
0.31318236
1.29944562
-2.34056055
-0.48654691
-1.65090456
4.76924385
7.57655753
2.72634689
-13.67691164
-21.42091349
-12.50009888
-11.42600166
2.08253730
8.20445392
9.99312554
15.32856624
-5.44993693
4.12588637
10.84657183
-1.42269329
2.03814949
6.35522114
-1.61140355
7.80348459
-11.07765755
14.58393626
9.06206801
-7.05332111
-7.82882570
-4.54645606
9.36193780
-6.72735786
-4.15324764
9.44840691
4.70441768
-16.62355625
3.69335487
-6.03094787
-2.11594489
-2.09391551
-0.81232602
-17.17085802
10.43176700
-17.85221860
0.60781615
-1.37420472
18.84464712
21.25677948
-1.49789259
1.72262257
-0.55610204
3.56827953
2.76047775
-1.69413923
2.49909669
-4.81231881
7.11084109
2.85770464
-1.09440955
-2.16171232
-17.49758907
7.81897472
-1.85380074
-4.09848690
23.15895754
-1.62381841
5.51667494
-8.94211706
3.81606026
-2.40849878
-1.23917082
13.02087739
-3.29256281
-8.54910900
-8.06950334
8.50806036
9.11015352
-7.18672187
-5.34082069
-2.97811695
-4.66602160
-3.00359284
0.22614205
16.08672197
2.99079332
11.75205141
9.29574713
-9.06554075
-5.86812132
0.25324256
0.88162407
0.00597171
3.28770737
-5.47391494
1.30659780
0.00921637
-6.96753165
-4.37439110
-2.96796362
1.74981576
-4.72692549
3.04077530
1.67082110
-6.13377870
0.95400438
0.87080722
-0.00535328
2.07514455
2.16900227
3.35489350
-0.00170275
-0.01113648
-1.07173845
-0.95193917
-1.79158971
-4.26750682
0.20190620
-2.71404688
-1.00802156
-4.95125564
0.40951849
-6.67844666
1.01292267
10.90473395
0.00160571
-1.51658014
1.47671526
14.10598664
7.59374476
-14.69252397
8.65726106
-11.37548331
-12.05628906
-6.45516878
34.35055236
-2.16406717
