13.98740525
-1.57389271
6.41008055
-13.68538076
-2.22558992
2.28663984
2.71548562
0.85526570
3.42477853
6.59414772
-17.38249849
-0.24881222
11.82770003
16.65885448
-4.34748599
-1.01109890
18.48606180
-3.68724210
-5.94936319
-8.18012745
-0.97644066
-6.12096492
18.42191384
-0.28628052
-0.01000389
8.26650861
11.51186796
3.64838286
4.73581661
-21.23815650
0.01715144
0.47353774
2.72184651
0.77419991
-0.78709996
-2.34330278
-4.85561950
-9.09566319
0.00208181
-12.39499834
-8.26114207
-16.28258210
-1.46626292
3.10103914
3.79059682
7.87490470
2.89473794
9.28353513
10.56119810
-10.59026387
-2.76203145
-6.79006665
-5.24829243
21.23184287
-8.43630574
-2.59279504
4.00543688
-0.92282389
-6.55046783
-0.09301717
-23.43034434
-10.17049572
0.12502702
-20.23255577
0.85232573
13.22559756
22.94779053
-2.32946923
-13.02733439
-2.14685748
-4.39259152
4.48621593
0.32841188
0.39270679
24.02416308
3.57462820
-3.64033115
1.60027142
-0.67081940
-1.13058717
-19.05814581
20.76179697
2.55283424
1.33711225
-11.04342321
-4.90376170
-0.37009486
1.71087423
-14.98550566
15.43410901
-0.85749611
-2.06843359
-0.01410670
-4.67671266
-0.28482058
-4.54371226
3.43925697
-6.23715963
-1.47634853
-12.26065814
-0.91385805
2.94149952
12.33696677
-1.22188343
-4.07255757
-11.45603385
-21.78711368
-0.03336012
-2.34797587
-17.66008976
3.78489647
9.57564179
0.36229645
10.61926135
-2.41341881
-0.20588218
6.03106136
1.52548019
14.68850008
-1.11283154
-0.41008826
-0.80644997
-3.28907748
2.82217185
-0.23156004
-0.85939177
-0.94691043
-9.16199284
0.76800110
-0.58968429
0.99843835
-1.97195693
4.18793999
-8.31837677
-0.13613780
-14.69108809
-0.28263517
-16.08195702
-4.67919900
1.06196160
-4.94515765
3.83892884
16.76136975
3.73815575
9.79256260
0.91886669
-5.15862052
-1.92981822
1.81176302
-1.21535603
-19.71676914
2.15456722
-8.35648550
0.32824017
-10.34440328
3.09857058
-7.63303696
-2.40068830
6.33832964
-8.15827679
-16.65868277
-6.31212596
0.22442826
-11.20952535
1.41801825
-9.16312644
5.66769302
-8.14640739
0.83479065
-1.74677008
3.41258556
-14.78425785
-11.76401620
1.87938353
4.13370653
-0.75280536
-0.40116098
13.07414707
-2.10507132
6.24360223
-5.72183284
-6.38392134
-2.97311559
9.74564207
4.38254812
0.48846328
-6.47005829
-10.12270686
-6.87358879
22.92049424
4.25547464
-0.50607545
-19.51243618
2.69468650
2.36622562
0.73830161
2.40575203
-22.91838856
12.26258685
-16.52945539
1.60409511
-1.03150024
6.19807276
1.66210769
-3.10590092
7.82363319
-0.55191374
3.90132008
-14.47741693
8.60173211
-3.07220651
5.69601289
14.19565851
-9.74545652
3.19254186
-5.53051815
-0.24496022
-5.27054874
14.39162891
7.81108724
6.52452312
-17.32166229
0.44509590
-5.38761862
0.57207940
-0.01212275
3.91972737
-9.40061178
0.10180766
1.30711975
1.06460074
-0.39386866
-14.36492598
11.89302375
11.53993998
-12.20517109
17.87300389
2.21442844
14.55386500
-2.85009762
1.06825185
8.02595252
-22.27829643
-0.92288287
-0.00279017
2.64353234
0.16942477
12.81277030
-1.75794832
-0.86866868
-2.88806244
-0.46021202
-12.55840335
4.22964891
-19.55726869
26.37473993
2.01647595
0.48297550
-0.26817917
-10.54770527
0.66550654
1.40501044
-8.05126326
-12.23857891
16.10829700
-18.28281543
0.95301292
-2.36745860
12.91228044
-12.99545927
-13.22675055
-4.10644237
2.12895142
0.78294268
9.61994578
-13.69317878
27.13856480
9.96132245
-0.00295821
0.69189741
24.26393137
-12.56258148
-0.19354114
1.78236547
8.52060833
-5.44960295
2.00334381
-4.60460219
-34.91520312
-8.91276870
-2.13669547
-1.68818340
-0.59555962
-0.42408272
21.25866286
3.39986392
4.85412158
3.56054427
5.76722251
7.54348830
-0.23542128
9.17620082
-0.08033038
-1.13453717
2.76224363
-18.67748578
-0.82984987
-0.70349951
0.89949057
-12.11915975
-9.96270360
1.21077457
-13.97485646
-11.60515816
-0.00635463
-1.11678323
-15.36342294
-13.72997893
-22.27557927
23.74745526
14.81778261
11.49334185
3.66316541
4.05933965
-1.30816249
-5.04719653
-2.67622831
-35.17850189
-3.50758318
19.93440771
2.65791316
2.48280684
10.92076862
-4.71310777
-8.62008966
-0.71936228
1.62188844
-0.18066187
-0.68850702
-3.10242187
-10.22680026
0.44253667
15.64782835
-7.18441346
7.18439879
-3.86825973
-0.97620049
0.80618297
11.27484386
19.08978917
-4.03290324
-0.44922894
0.57419250
-5.58355691
-4.66350422
-9.63769346
-3.85065026
-2.28113803
0.52748308
-6.80683077
-1.47009697
2.36687601
-5.55378665
-3.76957554
1.16974878
0.06753201
-0.94121797
4.95293843
-1.90022006
0.00225719
-2.86268206
-2.17342455
1.78537666
0.23433173
5.51836158
-2.71822324
-0.70953351
-4.93247486
6.94533312
-6.86601007
0.14510025
0.71132979
0.83336544
-0.62844000
-1.02791616
4.27703557
-14.79056956
14.85046495
-2.19409209
-4.60894393
-1.41928571
0.00000000
-5.53834150
2.62398511
0.19491669
5.55233144
-7.91265616
1.67313966
-4.12050651
-3.93903600
-0.85154230
-0.05401271
0.25437240
-1.42837924
-6.64555714
-0.84071384
-0.67268488
0.34563398
5.08186671
-14.95157598
3.32719725
-6.68992610
1.10215122
-0.27822619
22.27500884
8.13898257
-0.99012320
-17.81739886
1.79639772
10.89781657
2.40637409
11.61989375
-12.06489922
4.68538270
7.44278201
-9.43179974
-12.21854647
19.33492900
0.07966286
1.61736681
0.15704465
10.91818408
6.10530562
-0.80875423
-0.00713781
4.48294548
-16.84937135
16.04365499
-0.38656515
-7.00268014
-10.07445362
-0.97723554
0.62575117
-2.68354419
2.93115046
-0.65728718
-7.33396302
3.42737081
-3.96697300
-1.28341121
2.17394915
-1.78520394
-11.14712295
-11.25680927
16.72352573
-5.35005685
0.55244494
3.01076884
0.12038205
-0.11975147
-0.71947360
-2.69791120
-0.02574381
3.08424556
1.84393086
-2.87403455
-0.75810249
-11.98729458
4.14003825
18.49612801
1.94366803
-15.56808973
-15.50863209
-12.83682003
-5.62127142
8.36310831
-1.95123904
-0.64567318
-11.99169189
7.02776952
1.23992557
-6.66008070
0.24533675
-2.18097530
-23.71033466
4.96043878
3.36261883
-5.20554770
0.30060475
-3.76271628
0.66692848
7.36538786
0.13138388
0.59214311
-2.90351538
-1.66305183
-2.17511381
1.02408490
0.40460041
-2.79605457
1.00291978
6.31574996
0.21858509
10.02513421
5.32710019
17.53442644
-0.63762782
14.99526338
-21.57041505
24.79663040
-8.29170246
-20.98194870
2.08553403
1.15259670
1.16300289
1.55462703
11.37249809
-2.23254591
-3.75512378
12.28776953
15.99071345
-1.33308685
0.27004464
3.04283636
0.95978415
-12.41355141
12.22876511
3.14777467
4.05294842
10.21714286
-21.58947860
12.15967215
-1.02932134
4.74369847
-0.82563559
-0.40725253
10.46564575
6.60272205
15.06935311
14.21999339
6.63346621
15.72561626
-14.77911763
8.22835838
-1.13885337
-8.37259241
0.73372719
0.00706743
12.01248800
-7.86908614
24.56468533
-4.83155544
-30.51272891
-17.03436180
-1.38572195
2.76537459
-1.01635587
2.07083152
-0.01022712
-3.59472787
-19.75511736
-8.46535835
1.68909802
9.18954109
1.50457377
-2.72615481
5.24578387
4.16576521
-9.87746680
-15.00686262
14.38101792
12.76159327
-1.84428636
-1.89506820
1.56493462
1.22355578
37.10507213
-8.94282200
2.47198883
4.75818173
-5.56412160
-0.53723641
-3.29116364
-1.79019913
-1.45022686
5.63866044
-0.42068082
-3.05849059
17.29960216
13.05338291
-1.15665585
-11.70941608
2.44494521
-0.31470961
-1.64659554
0.11738882
5.90883934
-7.78640926
1.45078157
10.32133027
-1.37338066
-0.25762314
2.29395991
-15.79959435
1.64671058
0.18832316
-2.67453621
0.27915287
-20.84537320
7.35563249
6.93553368
21.47631264
-1.53943386
2.55361554
0.22729383
-5.04155309
11.72442674
6.29570480
-8.10967716
16.69538167
-13.31465720
-4.14498683
9.07861773
6.79297155
1.66351887
9.15470785
-14.27209330
13.59724661
-0.73882159
1.65161672
0.00015931
3.15289497
-8.23931731
-1.19866980
3.82363048
14.16965217
3.56095445
19.71084983
20.42503502
-2.87441777
-4.49506297
3.10374632
14.21768842
-8.44052661
-2.57545340
11.79215734
-3.15111707
2.79768088
0.18370081
-13.99642909
-7.30292595
-11.86077694
15.41543111
11.57579649
-6.28830682
14.16758034
-1.50570502
-0.20402697
-1.30592671
-0.65301462
-0.38383889
-3.74809864
-7.19062717
-12.15031008
-2.03437837
-11.10443352
-5.94972246
-12.05009333
-6.33442245
-4.66879056
14.98757465
2.96507691
0.36473247
1.11569879
-1.49635810
1.67259115
-4.20830797
6.85218954
6.44214844
-0.02427849
3.12541623
0.52282491
-12.92101804
4.87283180
12.78142982
9.36659283
3.33751664
3.99855320
-12.36619383
7.50341696
7.73140430
-6.32052662
0.12864618
-1.77792676
0.58083788
-2.32745634
-3.22797046
9.04579686
-3.03985025
-16.54880616
11.46807998
-0.97049187
0.51458840
0.07814309
6.20096998
-5.41040779
-0.02141824
6.84728943
9.07952575
-17.43622479
11.82344793
1.00644772
1.34749303
-0.01852097
1.61255747
0.21935142
-5.08331953
-3.93085890
0.16675361
2.73466077
-3.60753040
7.42796116
3.29345695
-10.72818271
5.75684771
1.85265088
-1.16040637
4.64581930
6.20705493
3.15672656
-1.72037648
6.91937360
15.49112929
3.50976790
4.32840689
-9.91285496
-1.15158590
-2.80737873
-2.90536678
-1.27587706
-3.08315059
-0.75429980
3.49797713
0.17379626
5.54538740
-1.41793895
-8.90878358
-8.08874886
12.33832037
-4.45914206
-11.63197021
-0.17289433
-9.45625582
1.52495525
7.59620686
0.08663008
-4.74288718
-13.69890379
-9.54250620
17.49381727
-1.02857819
-3.85011159
-2.45079407
-9.36211330
-0.58205025
0.00375316
-0.22210648
1.35586837
8.33843850
28.87615111
22.47344271
26.67990642
17.35784802
-0.29537890
3.01716006
-13.92738409
1.20951315
-3.44391252
2.15861096
4.89130107
-2.50035756
-0.82704733
4.12324183
-0.00000000
-3.60591175
3.99767459
-11.91863603
-8.96705003
-13.18969719
26.35859519
10.29118662
-3.69107742
-10.32256707
16.31063009
-11.35977781
0.53199149
7.88334815
-5.20243943
7.76565544
8.60025636
