14.11157211
-3.21503098
6.79043113
-11.28057473
-3.48659005
2.39317864
3.00030591
0.68129564
3.74758708
4.66268448
-16.95784900
0.31495151
12.50556288
17.41815797
-2.59450004
2.16096941
18.63842564
-0.31145709
-4.90881678
-9.40987409
3.96520631
-4.25388531
1.30306087
-0.13969438
0.38495601
7.88162279
-10.23350391
7.96349810
4.33332092
-18.68066234
0.00777076
0.15241526
1.41162746
3.47717323
-0.75321435
-1.56716834
-5.65151106
-0.17996809
0.02189447
-5.84250637
-12.89354456
-16.94756984
-1.17244321
0.93911532
7.43273409
8.52673664
4.73196219
8.32963194
7.83615485
-5.93681032
-4.50096268
-9.01874679
-9.11190781
27.12868187
-9.69686903
-2.73348604
0.00004246
-0.89829222
-6.99201837
1.69507714
4.20625050
-16.15932493
0.39157265
-17.73324509
0.79535773
10.50751292
11.13452400
-2.90874436
-15.50891820
-2.62543722
-7.79639851
5.15659669
0.62374104
-2.16469629
22.17988002
-6.21365363
-5.43902774
3.06924684
13.82651588
-1.43463253
-19.43098725
22.33342308
0.54507887
1.43693204
-4.30845152
-4.38324243
4.75340670
1.18678230
-8.44512470
8.77687784
-13.80532513
-1.85874662
-0.01744739
-17.30778778
-0.39070735
0.77494846
2.81743673
-1.98276233
0.03034238
-9.70733326
0.13906400
-12.35060364
0.26187545
1.59208907
-3.19209912
-15.15494402
-16.94259503
1.01613787
-2.05067224
-20.89048888
3.28020976
-13.03701256
0.58565218
6.48400137
-2.23140374
-0.51503394
2.96809569
-0.11311590
13.99864142
-2.21518406
2.05711989
-0.97531153
-2.13964065
1.03087908
0.16938448
-0.62292002
-10.28587205
-10.51871489
1.38037430
-4.95183014
1.53299021
-1.74265411
9.16967727
-10.15256207
-0.71229534
-16.63593032
-0.69025231
-15.60504279
0.98425977
1.28282525
-6.33762757
4.36170790
16.08661753
-1.18613687
7.95854384
-1.70488389
-4.90525863
-1.44119195
2.83031597
-0.95338442
-17.23238957
1.73227954
-12.01915962
-2.84504684
-23.17884677
4.14822283
-8.84274210
-0.92130376
21.95956181
-8.94409518
-14.53503724
-5.91442823
1.28428531
-12.10571688
-2.28758754
-10.18756317
6.65953706
-6.32219299
1.34392659
0.41063797
3.87883917
-15.96768476
20.14386399
8.95015598
2.80787863
-0.77238133
0.00450023
10.09419965
-2.29853344
6.08637959
-4.83430384
-6.97048477
-2.42342539
8.63184444
5.51315377
0.48781853
-8.90768563
-11.48648188
-5.91011187
15.10377030
-6.13690173
-0.48996688
-10.10298936
3.49457610
2.30038595
0.08951755
0.95008432
-10.21207218
1.11918954
-5.20519098
-5.97197467
1.47860695
8.60857899
0.03426419
-7.33730518
9.05998806
-2.80168240
3.78476947
-13.76593176
3.60848206
8.01287249
4.93395937
23.84666037
-12.95972965
4.28090180
-6.69194270
-0.49487647
-6.40094426
29.86995906
7.10956020
7.48757255
-3.80697890
0.03772689
0.39041200
0.55465095
-0.02515846
3.72893966
-7.37090286
-0.03277383
1.35122422
0.93038168
-0.83813088
-2.48920645
5.73270158
10.38246517
-4.73151682
17.30154030
2.38455883
11.96937222
3.99327779
1.08840033
8.01590485
-26.22994847
0.76694011
0.02110016
2.62568841
0.55596386
3.78817782
4.70279433
3.55089736
-2.73160053
-0.94306822
-5.10413492
4.26187576
-15.83356581
26.41764557
-5.14437025
0.50811259
-0.03834445
-6.03971133
0.82149578
0.35045622
-9.44040105
-13.26528755
16.62299137
-21.15561290
1.02008150
-2.04204791
15.42263072
-12.28195267
-16.29091074
-4.86828950
-3.61916381
0.12529483
9.43482392
12.74881482
26.13770836
6.01450690
-0.00660367
0.86923790
22.92041829
-11.70328536
-0.20758232
1.73193624
11.05234943
-4.95646693
10.56749071
0.11909331
-28.67443010
-8.41458985
-2.69280057
3.29862766
-0.85368359
-0.60498356
16.02216346
2.57442192
5.29987509
2.60016825
5.66256871
5.73194570
-0.13405176
11.55693999
-0.09400835
-1.12473103
3.31307268
-15.26188657
-0.40428508
1.30251304
0.57443260
-15.97257384
-12.06143800
2.15387400
-9.20695306
-8.44253335
-0.01437698
-1.15256637
-18.12382898
-17.68362926
-13.52423452
26.14511896
14.92346853
11.38117086
4.43970566
4.19075625
1.76618824
-4.58453470
-4.32316558
-34.17254335
-7.15910075
23.38042595
2.73496560
5.00324488
11.72598851
-5.36324434
-6.07206772
-7.22454555
1.65741422
-0.52861880
-0.50737076
-5.38221477
-3.27081856
-0.27543645
17.42280654
-7.41585775
6.06563730
-15.64402025
0.02756833
7.97480766
9.10826060
19.46908402
-4.68752609
-0.34847595
0.42910634
-3.51778393
-3.78866488
-13.04995392
-6.46917854
0.50070932
1.44005125
-6.87512857
0.72865186
2.61163954
-2.00407022
3.57662228
0.66548938
0.12258123
0.14447864
7.07840176
0.38261561
0.00511101
-2.79131716
-2.56662632
3.52828397
1.54286985
7.60358345
0.54627178
-1.47734382
-7.04834401
6.67235041
-5.66853371
-0.20906869
-1.77601714
-0.00244851
-0.41347310
-3.84780222
2.72299219
-10.23203441
12.47836381
-1.31480704
-6.98547342
-0.97747963
-0.00701080
-11.64514063
0.15183017
3.62138509
8.28125552
-0.80016633
0.11647826
-10.72261029
-0.77570298
0.94769641
7.85245061
1.27938537
-0.64039515
8.39508324
7.41358908
14.77039993
-0.02870347
27.67234677
-19.39079001
18.72773787
8.74642059
2.74067380
-4.73267247
7.94572773
4.04990194
-6.18153252
-15.29724233
3.12176878
9.66039706
4.16212666
15.51964549
-12.77778820
-2.61157113
16.01680439
-12.57586555
-22.93774297
22.63794643
1.82327549
2.24428647
-1.83906282
12.90781680
5.23365181
-0.98942446
-0.00923505
5.27253276
-27.20756360
19.76692054
14.18134202
-7.41026436
-6.24787151
-2.93681047
-1.17616787
-8.02758289
11.46616198
5.11662218
8.39725364
4.44107954
-4.50060129
-1.22245091
1.96265253
-1.91037323
-9.27065603
-0.45233350
19.12918046
-5.26447471
0.18061210
2.79856523
0.02235075
-0.12932621
-0.83669554
-2.94538935
0.15264161
3.97566647
0.21822763
3.87557513
0.70832782
-9.84049407
-0.78907274
14.60387294
0.63586771
-10.15898392
-15.33901357
-12.48449723
-4.61735531
8.84829782
-3.68557660
0.03898531
-11.94814691
10.69104128
0.43831450
-9.60679061
0.88255138
-1.71987136
-15.50610366
-1.09492130
3.70962165
-5.67174037
0.32365652
-3.30025604
0.66412318
7.45693703
0.17661225
0.15564313
-2.60445418
-0.49790068
1.90367292
1.38732820
-0.00489409
-9.37948446
1.55725222
5.60315639
-0.06585438
9.18441825
4.61783151
17.75684320
-0.14838552
16.41333097
-13.81043440
26.44680386
0.12179282
-21.13078966
-0.03382135
2.41687686
1.64895289
2.72495968
8.66360476
4.90455599
-2.67189063
6.98025648
7.88912802
-0.16237961
-2.29068073
-3.77519657
2.75096182
-12.87197649
12.36742489
1.35600592
5.95746995
-2.58813564
-23.85402355
6.03747797
-0.59520395
6.21923513
-0.83231237
-2.40796602
6.64913541
10.62072851
10.81376088
13.68947598
4.77574763
18.37800393
-14.45762919
9.38649615
-1.34289341
-9.68825347
0.88624616
0.01131942
9.68879958
0.45929021
22.99362128
-3.87995777
-25.02918174
-16.99436005
-4.96838950
-11.97640963
11.36424258
1.13793283
0.00007903
-9.07220082
-19.73479179
-9.06311997
1.42389866
9.22686157
1.47571519
-1.11373962
3.64282940
3.25464605
-12.21489329
-15.29795210
16.34909606
15.09485266
-0.30582782
-3.89642259
-4.99378831
-5.70944371
36.84396605
-5.27964721
-0.61947897
0.00545887
0.65610560
-2.69228386
5.95238659
-2.60403654
-1.63197599
3.45183379
-0.36724669
-3.31803067
6.42575990
9.55955577
-0.57794402
-13.04743123
-0.90686029
-1.43100057
-3.88061270
0.21300520
3.81293406
-8.40073042
1.33734514
5.80958458
-2.16048814
0.10096362
0.82931687
-14.57552428
1.98893818
0.67130265
-2.99818748
0.26835240
-20.36211242
-1.54460987
12.19930229
18.58573146
-1.58515043
3.49192412
-0.84933944
-5.85675657
6.96852855
11.97772644
-10.13216507
26.17879282
-13.33890087
-4.12779088
8.37625876
6.88582265
15.70456673
6.44189896
-16.99910920
13.76565926
-0.36837742
1.15575255
-0.00135213
1.54773109
-6.34630968
-2.31971526
11.31625080
14.28740987
-4.50156949
11.02362932
9.75626161
-2.95987023
-6.20004810
5.07307930
16.29414556
-10.26483124
-3.74337222
12.31580864
-3.34235452
2.50776040
-0.83936470
-14.15389897
-10.68871548
-12.09886806
-9.88480123
19.56189638
-4.25586035
14.90803917
1.18953981
1.32903942
1.88280180
-1.59356944
3.63092166
-4.60386255
-1.67370137
-12.34203343
-3.27523256
-13.02741410
-6.06191578
-11.29990971
-7.17185922
4.39672163
11.36474889
-4.62246098
0.48051743
0.80209509
-1.17473852
1.85207183
-6.55131346
8.37163328
8.50239131
-0.40871328
3.44133014
-0.35948627
-8.88269452
7.11435266
7.47508287
9.96742601
8.53606372
1.25638744
-9.70115561
-22.63606387
3.11210819
5.90786967
-4.83476202
-4.46689891
-0.68795453
-2.05703475
-2.97494935
9.45269240
4.17851088
-17.70983950
12.56444719
-0.91788748
1.01088032
0.29640163
5.76947246
-4.40422879
-0.27857986
5.78983461
10.95260000
-15.16184224
1.21987211
3.43182068
3.14874306
0.37985331
-3.48190440
-1.21169194
-5.76376064
-3.45329212
-0.79279425
2.44739675
-2.03580923
3.38935477
1.07251378
-11.05502473
6.06495802
-0.31498968
-1.40683821
1.92293562
8.36035316
2.33623264
-0.00590920
7.14261037
13.02812527
5.39658641
2.76382597
-7.00193168
-1.95353670
-2.82202330
-12.11223975
-2.56637195
-3.04563234
-0.74164297
3.67198045
0.29366270
5.03081175
-1.71707637
-9.88875991
-10.10085291
15.94180583
-6.01594665
-13.80131508
-2.32309872
-11.70495592
2.51714085
8.28204928
0.97283566
-2.33900079
-12.18423880
-7.14702569
13.57607782
-0.55824264
-3.73806250
-1.86580186
-4.87905087
-0.19824111
0.00365892
-0.38767447
1.10175414
1.91175321
21.72591364
12.30089992
23.74575395
11.88435888
-0.81844753
-2.24927597
-11.34572030
1.45040318
-3.78596838
1.29238291
6.84090715
-1.10395352
0.28511819
1.75200898
0.00643394
-3.02520094
5.90806131
-1.66560842
-8.99632592
-17.42659707
12.87993647
11.88015844
-3.18404494
-1.01499641
-1.88414257
-1.23337062
4.65885470
-3.28194914
4.98959455
8.57822664
0.64951564
-7.81150869
-0.51552581
5.58614746
-1.40975017
-2.21235962
-12.05487793
-0.99769326
-0.02749606
-2.51765212
10.98338019
-8.83618543
0.16977230
-15.09373680
-7.36094766
-14.72539933
10.74011397
2.22563821
7.64448331
4.23754471
-38.57402878
-17.63121352
16.81762222
-11.58692062
24.68321923
-5.43902774
1.59208907
-2.80168240
3.78476947
2.74067380
-4.73267247
7.94572773
4.04990194
