13.40881480
0.65313329
0.78361278
2.24556568
-1.07595423
0.69449291
0.24617285
1.06653138
1.58420895
-7.67490658
0.71582125
-0.61411343
6.65854655
10.67386174
0.18195399
-1.69663345
4.08616475
3.48558940
1.43563533
-5.22638306
1.58758337
-1.43682430
-5.68469821
5.21859277
-2.29422084
-1.05677381
8.67703807
2.92686246
11.73118788
-3.78480647
0.01835710
-1.36177095
3.30787408
0.08463071
-0.58195056
3.03361041
-0.64356325
7.88777989
-0.69386471
0.04375278
-7.24615797
-3.78765686
0.40083485
3.15322863
2.19421484
-0.16869028
0.87405048
-1.53239776
2.89348993
-0.77972298
-3.35347955
-0.42071663
-1.00441923
16.16490348
1.50961492
-5.23345475
0.76352403
0.74421102
-4.37831585
0.31619339
2.48304482
-2.66019691
0.84308078
3.32397489
-1.64526916
8.59832617
-8.97972482
3.82752923
2.22525005
14.87670702
-0.73788149
2.85916188
-0.81499815
-1.86560425
-9.81634644
-2.77532320
1.50167691
1.71750748
-1.24698317
-0.03349781
1.82807837
4.19176058
2.09725039
2.90943755
4.62515284
-1.61167869
2.11833388
-1.08399756
-3.89004945
-0.32158035
-2.20465628
-0.96685894
0.15592190
0.54750115
0.16955844
-0.09639739
10.35276005
0.66629277
0.00249873
-1.05350269
0.16749741
-2.37560943
-4.44949519
3.80990091
-0.10696494
4.09993012
-4.92078639
0.02908288
1.81901154
1.03623792
1.53033165
0.63345659
-0.57926562
-0.02357535
0.30873799
0.00300205
1.04616432
-3.98483374
-1.18826298
-0.74252820
-0.20290809
-6.25493391
-0.97586143
0.35983349
-1.42286762
-1.38452313
-2.60103719
-4.04382863
0.39206975
-5.41760126
0.60315823
-0.28676749
3.98733359
3.51951741
2.05113579
0.18998042
-1.16538599
-7.86801704
1.26264294
0.63169787
-11.25869800
0.16681425
-0.16633234
0.98107486
-0.03083536
0.03479193
-0.02048623
-4.05476995
-0.51029163
0.25618134
1.24132989
-0.18900875
-1.43033349
0.29246239
-2.15168354
-2.50976415
-10.76149859
0.02930505
-2.80891916
0.72536249
-1.87240154
-0.15427304
-4.01781470
-0.09584385
-0.97267720
-1.22505407
0.17880664
0.92000773
0.14524398
2.25804183
1.88437939
-15.36547104
9.31738127
1.78469798
-1.83763388
-0.08867587
-1.67334633
-7.46036437
-0.05609070
0.87155379
1.71128627
2.13173712
-0.01843528
4.79465206
-0.43635950
0.18160994
-3.02945414
0.34869623
0.19769957
-0.56582194
3.57558168
0.31471957
-1.24962359
-1.23705869
0.16837734
-0.00114745
0.36791181
0.98457478
-2.60816695
1.07680668
-2.51433725
-0.37836607
2.34639084
0.87579091
1.21185899
5.48766208
-0.72573428
-2.43558519
-3.82850541
0.65453887
-4.43231216
1.00017337
0.96879374
3.08603995
1.05214862
1.99032797
0.33835040
-1.67122124
4.75156700
3.91868580
0.48840774
-4.13035024
-0.75774251
-3.61441698
0.36272944
0.56533046
4.32259565
-0.25416020
-0.20093163
0.00184772
-2.09886092
0.67920456
0.31037171
-0.90405094
0.17450050
-3.70734626
2.24702420
3.31563702
-1.35424642
0.43860029
-0.31619810
1.04959881
5.23266298
0.43028919
-0.04473808
1.78662311
1.27174808
-0.36293462
-2.63085660
-1.79510996
-0.66897387
0.53254789
-2.28604204
-2.49570326
-2.94806770
-0.59316835
1.49969542
0.14766763
2.85964214
1.75371546
-0.03916063
-0.16511265
-1.66825050
-1.02876777
3.85520895
-7.49988676
0.03805643
-2.82389469
-1.94515371
-0.56507191
-1.29742954
2.67605744
0.58842971
0.44440280
-5.77871082
2.10680444
-0.32008610
-5.00091255
0.29601883
0.25027530
-12.76833183
9.72721054
-10.53515028
-2.95419902
