13.68067046
1.63517815
6.67496559
3.99751334
-0.51931159
2.16579707
2.15284712
-1.71400578
-0.67015415
-4.33750091
9.54761218
-1.12713345
5.34334085
12.19057396
4.32730039
-1.45886066
-12.55120729
-5.87218688
0.92136647
-3.60771614
5.05079737
3.76378704
-0.03970201
0.82939156
-3.02509935
28.89323245
-13.07295031
-0.79499579
10.08292479
17.82159991
-3.54262078
-0.61109371
5.54102019
0.25410753
-0.68514176
4.81552960
5.77153437
8.78136049
-0.65372669
-1.58872977
8.18838627
3.25719218
4.40380362
3.85984319
4.75131738
12.56800884
-4.05896983
12.55525441
5.38802490
13.93497970
2.25606044
-9.18351249
-42.37348034
7.83377614
3.57173796
2.35650398
-1.17387746
-0.40551616
-7.53126140
0.00121547
14.23380168
17.40794617
6.42846722
-17.95865029
1.03346619
11.80113198
-0.47370759
-5.16813037
26.47824152
7.73286436
-0.11620258
-4.03247247
-2.45321529
1.20626380
3.80658049
-1.14857112
14.19233171
-12.57554569
-1.06384875
-0.65009276
39.77049103
-42.49422554
2.60931368
1.52852165
0.44924992
-14.99815748
1.47946090
-2.91133069
14.44472164
0.24280813
-27.41960337
13.47001713
-2.02410079
20.39346884
-0.40620400
0.51791777
-3.07032719
2.63795456
-0.10004071
-13.88346728
5.78156889
-3.54765804
13.30562521
0.72864370
7.69900249
-12.89681270
19.72153960
2.76271839
-5.96221128
18.81020919
9.26557458
12.38097601
-4.34469972
-3.34398406
-0.32125969
-0.45102106
2.04969772
-1.93906671
9.29486779
-0.63493104
-5.90038090
2.23122426
-5.22903503
1.11059619
-9.92712172
-0.56714924
-20.82807967
-14.18643311
1.99787933
-10.36741193
-0.30438953
-5.92750475
-8.80437076
0.79186864
3.65238421
-5.33208797
1.49832038
-23.71572131
1.22020268
2.49547606
-19.12356836
2.81215041
17.13109944
14.90045066
17.22581682
-1.89069743
5.37115752
6.59573447
-1.48454884
1.67857308
-1.34756015
0.68933181
11.04679236
4.96837327
17.95221989
3.41728521
-9.64613834
1.00475223
0.18125085
23.70105761
-15.52045833
-9.33630429
7.64957496
-29.86897159
-4.11727217
12.63048461
11.14315025
8.42824985
0.15131492
2.23904190
-0.89147857
-17.54517164
21.64445250
-3.48698433
2.20401058
-0.89847252
-4.60725830
-9.77066739
1.38398368
-7.97571693
15.09887723
5.71545368
-0.09689738
-2.37354294
3.53014775
1.66865866
-0.80342061
-9.03838029
5.49823058
4.97178742
2.81617350
1.47019929
-1.44032661
1.23510132
-0.40383335
-1.17159394
-6.46525182
-6.28524930
-7.17657303
3.78943250
6.87140193
4.20818149
3.28228523
0.86241832
-2.90774615
-1.80514336
-5.29832563
-13.44838273
-12.49784406
8.70373756
-8.83288851
15.34355197
-11.53847296
15.91663867
-8.03454970
14.40283396
-2.52240125
13.05877606
14.93088721
-19.54514170
-0.91041643
9.77714034
-13.33775415
-9.58417053
-13.27836813
0.85542025
-0.18170929
25.29052875
-0.00068404
0.95908442
1.88481460
0.23119736
0.18851500
8.37661312
10.94619521
-0.34162675
-8.46912515
-0.77167390
-5.30691527
-1.43215660
2.64725650
8.60966882
-6.37973602
15.94559843
-0.66543870
2.17506217
1.51861900
1.22063082
-10.86263604
-6.94670465
0.81892762
0.39588377
23.74847613
-38.51021036
5.87422490
37.91089256
0.16357645
1.41682970
8.25602856
3.70906187
1.24024830
0.16251106
-9.20994690
-6.46570085
21.36119745
1.33330165
0.88070590
-8.84402649
-10.61449502
14.53133666
-10.22896041
-7.67895620
0.67207726
-1.79792549
6.30615494
29.03731314
18.13783836
3.62622122
0.95554423
4.42598652
1.19026356
-28.41624929
-1.27185711
0.07849842
15.20034716
-8.26761207
-0.41726869
-4.28227733
-15.10021805
-14.06785088
1.46320721
-4.14302263
0.01517588
-0.26119301
8.67558106
-11.36580080
-1.44612403
5.24319224
-1.67988141
-2.70222701
-0.86650116
23.43625461
-0.05945215
-1.23504682
-11.01836646
-6.93042715
-8.96281526
-2.84654286
2.53181739
3.94426555
-9.49855913
8.90662204
-10.63744904
-24.16325720
1.97890321
-0.25450203
12.02121490
7.02067228
1.27835619
-1.40485417
15.78867054
15.82880618
2.06171331
2.08025180
2.07351509
-16.15094377
-31.47598353
-22.80294577
8.44936712
10.49067790
2.46643715
6.98713809
11.01266823
-7.29746721
-3.26228129
-10.72703897
0.42946447
0.08302400
8.34776708
13.87821423
1.07686677
1.28845122
2.09704905
11.01779784
-25.35893954
-21.31146938
0.28760248
-4.77803212
7.30531427
20.92249142
-0.84996017
-0.10586697
1.57104589
-1.60304757
-2.35238481
-14.11280657
5.73334209
-0.21494067
-2.02387499
4.16858443
5.02065660
7.87489711
1.71022396
4.67386427
5.24489491
0.76538223
11.25542124
-11.89537754
3.90874677
0.00712489
0.75763714
-0.74122520
2.63462879
-0.64172485
-0.39548910
-7.96525167
-0.57138696
4.62269740
0.06379590
3.38035211
-1.80750240
-0.00157755
-1.46539869
0.51929817
18.09974263
-3.27517936
-21.39645882
9.84921457
2.08991742
1.27870801
2.94708553
0.46366483
-11.21438102
-5.13548817
-5.45105039
13.09525622
-20.47003922
1.93802445
-2.67628132
-3.18255882
1.12734913
1.39768001
-1.52011767
-1.36230814
5.90846990
-1.07320346
-1.20257352
0.28158713
12.26903866
-9.40587746
16.24867374
-0.75587158
10.37062282
1.41149314
9.63958207
-7.33019556
3.97982444
-4.35637328
-11.67196241
2.95369525
7.03625878
-8.07855455
10.34928128
-4.54181449
-5.94828734
-15.09017860
-27.37995290
-15.28150524
2.47416533
0.45921863
-1.25165846
23.91929134
9.82078655
-5.84212632
-0.00211327
-7.88700303
-3.10973010
-24.66287687
18.77533452
-12.22434103
-1.83049838
9.55342250
5.80947441
-5.00560954
-11.34429531
7.56390219
-9.54925249
-5.58136627
-1.24258215
3.13452059
-11.60915516
0.67949212
-27.36505880
11.31021332
4.97818624
-5.30851231
1.69929375
1.51083244
0.35714830
-0.10224115
0.26057925
-4.87273241
-1.85372633
-0.37394078
0.12305382
-0.82816341
-0.92012963
-14.19762877
-8.07196375
-3.71207627
9.14067053
10.25322853
5.26361439
-4.26947450
-11.05939381
-5.86910345
-1.47595490
-0.67009696
12.14045883
-12.10886126
4.93648496
-4.40264172
-0.35864362
1.37035836
-10.02844428
5.59580095
-2.87450551
-10.91268054
0.31052786
-7.12798472
1.05600602
11.13235422
1.17125537
0.15884455
-2.12293989
-0.37174903
-2.63599030
1.75457680
2.87062320
4.89827382
2.35462861
0.42226513
0.96543398
-4.81614219
-28.28875129
45.67995499
-4.64428038
5.17197683
-11.05256473
36.82406831
-12.83926486
-24.94542553
2.35235651
-0.01680475
0.97644759
-1.27768864
3.34137708
13.08835675
-4.52179513
-10.25928809
5.22718643
0.83904098
0.01195406
0.80609363
4.44700941
-7.48168795
15.29899165
2.39872221
12.82829970
-7.86906871
-35.68515872
7.00646621
8.44499122
-0.09610873
0.00845163
3.06224589
-0.47631305
7.92149589
14.81043636
-12.29149324
-3.03321654
5.28047939
10.14987817
6.49664394
0.26810215
-1.59628524
-1.37429526
0.00790303
7.13835080
4.48969978
24.05444334
0.84006434
-2.44892587
-20.35003468
-4.71649934
-19.68696045
3.99417009
0.40548817
1.22947677
-11.79262744
7.77064536
9.38267064
-12.62170480
-16.12597687
-4.92365984
-3.72573673
1.17086252
8.95650443
-13.21746137
-15.39656669
2.63296623
3.53081564
-2.02902048
-9.64387601
4.98777475
4.12993213
31.17072081
3.77052069
-3.57748723
21.18295243
-0.80503040
0.17580699
-5.27348755
-0.45901041
-0.17687676
-12.15698019
-0.17976669
-1.52291726
-3.75821618
-13.47525137
-1.75654282
13.92910276
-2.41387022
2.16488508
-4.63831136
1.24393126
0.76816307
-10.62265239
0.21132328
-11.64028052
3.90388013
3.21959837
-1.95946517
-13.41324726
1.52923971
-0.23413351
0.49336495
-1.41995016
8.19695665
5.01846753
-14.39208140
-1.80572537
-1.64024717
-2.66335549
4.46768357
9.83020628
-25.22408034
-2.13527013
5.84252129
-3.14630967
14.35402680
-9.17726381
-18.41834521
3.98528087
20.12561630
-7.42258981
0.25364673
30.33326916
-0.00669956
-1.62191316
-1.11408511
-3.20852738
-3.41130476
-6.11788099
13.73583963
2.24124013
-16.83317489
-2.44404092
-0.63362986
-3.12860403
-16.63977676
17.71341393
20.03970056
-21.00559442
-2.90317907
8.85890362
-2.88457606
5.70951356
-4.08803300
-14.83088909
-10.77076381
-4.00628116
-11.94837028
19.20447255
22.36522136
18.55365390
5.35138017
22.63345583
0.99965693
0.98474639
-6.03932981
-12.29219241
-2.97193510
-15.67265207
-1.59198998
-16.03071093
14.09734702
-11.75709837
2.47816196
-2.98629291
3.72910101
-2.03614528
-0.00726913
1.49924513
-2.13256166
1.23203588
-2.69933751
-14.88169374
7.59938903
-1.07242043
-2.23156290
1.91795552
-5.69864668
7.31712396
-6.04299581
20.97978654
0.04833773
-13.43128364
-5.73501502
-17.57615887
-10.41741565
-2.30787236
-2.04566501
3.95052649
-2.74174034
-0.14606890
-0.27987804
17.92124916
15.19920813
-22.67779726
2.70665828
-4.43586214
-3.11413877
-0.22793200
-3.14618601
0.90844144
-6.93680970
-0.11726643
14.20857568
-9.62379357
-4.59899353
20.06557964
-6.17331517
-1.94874187
0.04807132
0.80930001
-14.28960962
3.47817446
-2.55187926
4.69871678
-8.13495291
-3.10207587
-7.87647765
8.17060539
-12.43496540
0.50661890
2.39804927
-7.36930694
11.33928691
-4.31748683
3.81700140
-14.80139617
17.22630686
-26.10457935
-16.22928126
17.98364839
-3.23362107
-2.92686947
1.88468223
-4.67923551
-0.36437361
-0.90565604
2.14596142
0.00076279
3.96664766
0.75782323
-21.43484359
-6.77397246
3.90058679
6.12735289
0.05606062
3.76250739
8.93113527
-0.88488443
2.94891373
-10.69300473
-3.25719449
-6.24625755
5.36008262
4.65636845
2.94716336
-7.13732641
-0.65149833
-6.37536338
0.77272881
-1.45900170
-4.38341897
-1.30078441
4.25981948
7.01908801
-11.99205093
19.81470967
-21.00699055
1.64745274
-4.28317010
-2.04425989
1.30159860
3.86306254
-0.00398601
-3.75374138
1.78544679
0.24878972
0.27902779
1.45609337
-4.70754846
5.83183604
1.25151203
-3.69635715
-4.89001074
7.34528761
5.22804752
3.54928736
-4.01442425
0.93069881
11.29641942
-1.74693482
-15.95212209
-1.26698802
14.82771478
-1.41188406
-2.95579714
-0.99892263
-8.65952392
-7.64166881
-1.68152215
-2.43138740
2.28377229
-0.98456303
-0.32103637
2.63551725
-2.89805006
-0.83440843
-6.64620701
3.54367671
3.93290053
3.21540758
-5.75099899
-22.63718728
-13.59120077
9.52374370
11.14682247
0.13726238
6.74528649
-11.16074282
-13.12194430
7.51856789
7.64596027
1.53138877
4.34107102
0.43836594
-1.25000937
-8.02409263
-7.63946992
1.55738359
14.33037180
-11.75038209
-9.58212372
-1.87276893
7.74575810
0.13269991
-4.34509625
11.50728654
11.26078129
-10.03133981
-7.36788806
-9.65820934
-3.39838447
5.42122330
0.20176553
-20.45861967
15.07010274
-18.21378090
-16.56303243
5.20844965
7.27198010
25.97578503
0.61568149
4.03872998
-0.20616855
4.17826116
7.88267283
-10.38189688
-0.17809452
-5.75439935
-3.45857293
-3.81097592
1.52365537
-5.60613565
-4.02085443
0.52777934
1.17723389
-6.61703347
25.04558163
-24.44822636
5.78510349
-0.75062431
1.16080876
-5.99693736
4.35637887
16.23780802
-6.30745548
-14.28714557
-11.65982073
4.70146274
11.89330876
-6.30937342
-7.55521111
1.04742598
1.73052324
-5.88913907
6.64919521
15.57826201
11.17185347
-13.54666433
7.57467697
0.27955778
4.00697021
1.40039897
9.09414164
-1.81129504
1.43925407
-1.26653319
1.99635422
-0.04437648
26.60897316
7.69711401
3.46113318
2.24612417
39.95387487
-12.81349014
-13.55533730
-15.91771044
