8.81693035
5.77921734
-1.29978641
5.37072685
-0.72854514
3.55238698
9.57412999
3.87942875
1.08322835
-6.71235956
-1.73645767
-11.00995549
6.45123791
-6.27116924
5.17160202
2.93924103
14.48044595
-18.57468160
7.07689057
-0.99274441
8.13870953
3.70497681
0.02965212
-6.24926962
0.59029014
32.81870710
-17.00081617
-5.07650203
15.74633162
3.02013292
1.45529009
0.97959776
7.90577571
0.19162251
-0.48588354
4.17579046
4.18136508
15.01975165
-1.51641950
-2.64664875
-16.30462827
6.51982033
1.85628717
-10.65746224
4.71092996
-1.06533808
2.47877460
15.32534992
-14.32107400
-14.20122378
-6.46964671
-8.67548335
5.63749463
-12.98542550
-20.98771717
-3.68463898
0.55027573
-3.39439512
-1.12023043
-0.13909825
11.59075240
-13.11552356
3.57976922
5.35587248
2.04479020
15.86342203
11.34425509
6.33609169
-24.06199072
4.30841798
8.42590302
0.07010690
0.99480820
2.28787429
2.51393720
1.11809531
10.80990685
-10.24978697
-0.37922066
-1.06407371
-1.78660784
12.23029043
11.19516360
1.32131760
6.25233137
-9.19185395
10.51298421
4.96172617
7.78927886
-10.91660536
12.03656881
-29.10561306
-0.51397502
4.18970389
-0.34652778
0.96293941
-2.89080120
2.54735226
-0.83583705
-6.03696677
3.73196961
-3.15534858
-17.61034166
-2.53103133
-19.65608521
0.89752217
4.75956272
-1.84920005
-11.95191709
18.24089329
1.97574371
13.99272336
2.58273415
6.85022266
1.00236871
-3.86451964
3.07808312
4.89912102
-1.83430606
0.00833076
3.88471449
0.72610768
-4.90693846
0.33902523
-5.33408202
7.51526624
-23.54073692
-15.12759440
-0.68659345
-6.17656033
0.60007537
-6.12307472
9.64919976
-10.60435121
-13.02727565
14.28787756
1.81542555
-12.42153559
0.95242906
-2.66539816
7.40748192
3.69473002
-2.27921567
7.86323439
16.70998586
-2.27425789
5.60134997
-1.35209037
-1.31363802
-2.70624132
4.32169702
3.80953609
14.32578887
0.90123349
18.25999118
3.59501096
-1.05782983
2.96955026
-10.13757344
16.09117811
-0.07922905
4.32027819
9.75169452
-25.98430814
-0.04499571
-8.84998266
3.02657385
4.15216869
2.21409546
-0.61454435
2.36810597
-15.36954447
9.16127676
-1.97778954
10.00080822
0.20899761
2.22624774
11.85129802
-8.64839708
4.40205010
7.55835805
2.14059735
16.78163429
2.88156237
-9.27863098
1.10003434
19.64149668
-1.59525836
15.41140861
-8.34486242
4.46428982
0.74337412
-6.94425221
0.89776897
0.31302444
0.78572734
-7.21893097
2.13574923
-7.85530650
-4.81919504
6.30847719
3.89175985
1.71742534
0.69147775
10.59725383
9.28068116
-3.86461532
-15.27297168
5.37387938
14.93118559
0.09800208
15.83114283
-10.54915206
-5.15353507
-3.85967973
9.57052823
4.65740266
13.69838698
22.93960742
5.03878095
3.75235283
3.63312637
-0.09534853
-12.90154677
0.85676221
-2.50273689
12.47312627
-2.51008807
0.34485558
-0.01043231
-2.87138141
5.09131635
-0.33916186
0.20542838
-5.87511119
11.57081360
6.87294719
14.54537798
-7.06452021
1.20586872
-1.66879389
-4.20005251
-6.62852581
9.30005290
-0.13026215
0.74398914
1.66037873
2.18468573
-12.90718099
-10.41199687
-1.73955269
-1.61792251
14.39519517
-3.37035969
4.54008822
15.55766500
4.92186280
0.35544304
5.26422982
9.37979937
0.93121913
-0.62789556
9.07143489
-0.03459335
6.64719406
4.72553179
3.29892146
-0.35269807
-13.88270089
16.05282897
12.06477008
19.00851232
-0.72587713
-2.88853925
16.54122816
30.32653815
11.30069619
4.03626731
2.06448485
-5.56518827
-19.01746371
-15.57450940
-0.93544661
0.33706990
-11.19281984
-8.92906935
-0.52918933
-0.85410850
0.83157646
-25.73728482
-8.05389054
-2.16864054
-0.56361044
-0.78189032
15.58641281
-3.68095742
-5.73815204
1.34227268
-2.77540984
11.29962688
0.76625166
13.71691678
0.00530493
-1.02948359
-5.51842980
-18.02012405
-10.72763750
6.41367837
12.92019258
1.02350931
-15.52455167
9.48006653
-11.33065690
-2.38937274
-0.43973556
-0.20500780
16.40176953
2.84968314
5.17752516
-1.07447855
-2.71456475
8.22573770
-2.85875865
-0.83344343
16.33690395
-6.39784758
-7.85654380
-19.01962295
19.16547272
15.49279211
10.60708188
-6.28501887
15.93719053
-10.96373026
1.99139735
-3.04301891
-0.20485615
0.21367087
6.23445720
13.47022583
1.27928200
-2.43399110
5.68388146
4.37554736
-12.20163229
-19.28211297
0.54569801
-2.95242236
18.37823049
27.11679511
3.22781073
-0.16554786
-4.40670452
1.60727623
-11.39164824
9.36413318
-16.32774731
-0.16909711
12.16812300
-0.21671467
13.06464834
-3.82077839
1.53909684
6.92104494
6.08899471
-9.85402450
6.38408574
-8.42769602
3.79085104
-1.35914869
-1.32348851
-2.59471735
5.42620265
-11.28952636
6.27695303
-7.81489469
-13.77031148
-6.86420407
-22.97077838
0.74904101
-2.52184436
6.51171818
3.33499801
1.24539038
15.21553146
-7.73390802
-24.80312042
0.67320456
1.72561336
5.69586824
-1.78872909
-0.00349963
-18.44894940
-1.80091576
10.22701257
1.47478908
12.88765318
-7.94318090
2.13933554
0.91525447
0.77088000
-4.75041126
-3.25363555
-2.79341851
1.59713578
-6.41639320
-2.06969610
0.46619932
6.09488514
7.11966083
11.49850436
19.64163399
4.98249906
-9.41930139
-2.40912828
-6.18624049
-1.02897984
-4.10724079
5.42388373
-3.84735316
-7.46752012
-3.85134479
7.40549803
5.12761901
-0.34753866
3.04199425
-30.45234535
10.48603331
-4.86408605
-5.35566528
0.22196806
25.61738128
9.28152675
-6.71169908
-0.06712656
2.87300498
-8.42829162
-17.14132042
-8.30947589
-5.57873640
-2.20337884
14.17738762
-0.33727839
-5.00112046
6.00539555
6.73187570
-16.30126858
13.92254134
0.68707164
-2.82012352
-4.61625480
0.55146970
-22.70220563
3.80729224
-10.20116338
4.53279008
0.89399438
-4.93633114
0.77152973
-0.00819222
-0.05488312
0.17147524
4.01738479
2.49301999
0.19694195
0.56204888
-3.16806525
-1.85982762
16.99824634
1.77234516
-9.50850538
6.26490197
1.06904094
-2.18310993
1.29056263
-7.94343018
-4.69848601
-1.25955539
-0.76066179
-4.27232235
5.04419773
5.41986488
6.20610678
-2.78153233
-1.57055740
6.30436610
2.05877419
-9.94771372
0.36572215
2.93839430
-2.04701972
-4.18540005
0.97823133
0.13664959
-0.87038034
-0.43360155
11.31306496
-3.64354715
-6.66084120
5.47011790
-7.60177876
-2.69041438
-0.34255360
1.58883543
-11.38619250
26.68630888
23.00711281
5.32000081
10.10013048
13.68445040
-13.57560708
6.34431816
0.94118235
1.64698756
0.31257557
2.50819207
-0.65313517
12.98798115
-6.68886641
-14.74125334
1.20956533
1.29306735
-1.90470726
-0.35619755
-6.33679423
15.55725307
-14.66116694
-1.53576626
8.78013521
-17.28538228
-19.66455607
-10.75589172
-1.72921531
10.21801298
-0.72257907
0.96350125
-5.27352602
-6.49770030
-4.74347066
-10.06638850
25.51739577
-17.09095616
1.50291305
15.08485385
-0.82179830
8.00252642
0.41861130
-1.41448132
-11.04543667
3.72370841
26.18367826
-6.89109343
-8.65468316
-16.18688081
13.52485981
-20.70201025
6.42705080
2.56718480
0.48085490
-7.32330685
24.36529082
-14.44249704
-11.42250324
11.46859022
-3.28690149
-2.89682937
1.59464963
7.94412985
9.42484964
2.40842377
10.76114110
-18.29477408
2.91619100
-3.34211186
4.10721974
-2.07355526
11.70224725
-25.38342130
21.72092388
12.96340415
-1.98189366
-0.24691832
0.92087237
-5.27939753
-1.74592141
-6.39927199
-0.07170193
0.98286902
5.58570126
-6.05780382
8.33941722
18.01324663
-14.03703516
5.73027428
-0.04670465
2.31522121
-8.00856124
3.77091244
2.08171373
15.24333945
0.89941187
-2.21643391
1.53819763
-22.04390229
0.76561723
-0.66419416
-2.50554720
0.33325851
-18.80222660
7.53034241
-20.87293696
15.12680095
4.82183819
-6.42114692
-3.12260622
-13.39003614
22.24249158
-11.70787533
-23.21113049
-16.71500917
6.44729536
-12.87898238
-13.04141812
10.41730374
4.56820570
6.20682907
12.69833377
21.49911339
-1.04271608
-2.86941801
0.02698388
-10.15145639
-13.93170219
-3.68177447
-22.71192708
4.62864116
-10.39392074
-5.99209903
-3.10852684
-0.97589372
-16.21233694
17.26934432
12.16350472
-17.12674300
-3.72156812
5.19767767
-3.29623893
-3.90514292
-10.11711939
1.59970915
-14.77563168
5.17252927
-1.55465624
16.66270282
-12.08085160
23.60136235
2.44370690
18.37076168
-0.03841226
-2.18223416
-6.82011040
-18.35231586
-0.68863774
-3.89282646
-7.33763366
-10.96354014
-1.68414582
11.70943131
7.30602684
12.84953852
-5.28010102
-2.96074865
-0.00590589
1.98870223
-1.92766281
2.55604820
2.14271261
-14.32192194
-5.33665026
8.84685111
1.75231026
2.54557643
-6.26553390
4.19308094
28.50958609
12.96483173
16.46858348
-7.66123504
-10.71592750
-9.13276925
-10.67708639
-2.88332148
-2.38289046
3.62000487
-2.26743507
-0.27201356
-12.48368629
-14.60715573
-1.33710977
-22.83617423
3.94519971
-0.42353267
-1.80681137
-3.89202151
12.66190035
0.41730469
2.76393402
-8.29339546
-15.86128320
-5.82232174
1.09135842
-6.68362313
7.93962189
0.48483627
0.68148390
-3.40948910
11.22564657
8.12617297
-10.87420855
-1.64535676
-5.15468475
0.00608676
-8.76774287
17.62466419
-12.28926901
-0.98778240
3.54789645
-10.13938765
11.79287963
-6.73540053
-4.72699243
-12.97160012
19.95740885
-15.68179761
11.66479320
-5.42341668
-0.25872001
0.11774336
-1.31917332
5.07834263
-3.47867824
-0.52370627
3.26850696
0.37811000
7.72390731
-15.10495160
-22.21120788
-3.95669702
-0.36561581
8.73978211
-2.34181439
4.24021828
-12.18146180
-5.31022733
1.94399624
-7.22468868
-0.18134416
-8.85259983
-1.77929944
25.13479980
2.23857113
-7.50863032
-2.54094557
-12.73919129
-3.00409848
0.28459379
-4.36657891
-3.07313131
-11.63432471
2.14822019
-18.55138818
19.45458685
-8.55338084
-13.29294217
-8.14160089
4.36928585
1.42060189
2.42172004
-0.00152213
-3.25091817
10.18272163
-1.26188818
12.61811518
-1.03776618
0.06328550
12.94187038
-3.77002574
-11.95340943
1.52923161
10.49546209
-4.28156847
-9.95432650
-5.29244048
-1.63556632
9.46449495
1.65408862
-11.98322141
6.71604340
2.52016768
7.05378316
1.35476782
-2.44208926
-3.47929001
-4.48811265
-1.40498693
-1.82350061
1.87377331
-0.38782043
4.69877451
-0.24940694
-4.27335143
-0.56258543
3.04505136
2.14561140
14.55118425
2.87336596
21.02840324
23.53683726
-4.85754342
-11.00330933
-11.21191744
13.24379732
-12.85506014
13.38178786
-9.17124140
6.89883910
10.83153750
-6.40988530
7.35987057
12.28101911
-1.12201499
13.48930889
2.07508441
15.01579795
-21.35066492
-13.85418393
-6.42717419
-4.84370842
4.93809884
-5.26483118
-4.67314313
5.50133466
-5.77329550
-14.84554589
3.47814373
2.14039415
-2.24159383
-3.68032185
-8.88060764
-20.42186468
8.83048963
-20.26361379
-4.37899570
4.16536856
23.14757133
11.69940598
2.23698308
-1.96262965
0.73138461
4.39997757
5.62140471
-8.13878293
-2.41194098
-6.32731472
5.86488965
6.24774636
-1.71658846
-2.78100859
-8.73810486
9.47096305
2.63635821
-2.03105012
3.21298959
0.68153976
-11.21546763
-11.02880674
-0.63151117
-0.93790561
8.28856441
16.41854044
-2.65454513
-7.67516688
-8.26378508
14.07945998
11.64553906
-8.23462751
-5.47965949
-1.69397166
0.51659731
-3.65765260
-2.51397690
17.50448962
1.77749237
-11.41542638
8.35757149
-13.31743747
-5.31782358
0.48427970
-0.07712699
0.12460177
3.88225063
-5.13675710
3.63406933
-1.57168999
-17.05576340
-9.47441320
-7.92530075
-2.21110850
3.80542021
6.26460138
6.17942241
-13.53662159
0.93823682
-0.01814616
0.10203643
2.89748889
-0.89198068
4.18169279
0.00120509
-0.54232595
-0.76535251
0.01038987
-0.61970105
-3.42741901
0.39075460
-2.04374653
-0.99852500
-3.65249985
2.44665310
-4.91834605
-1.25032074
3.33705585
-0.16110311
-0.09369278
0.68098865
2.03048241
-4.73792746
-12.38752368
-13.83712466
-4.32666492
-13.32881194
1.25564950
19.98725519
-6.82798402
-12.11156555
-8.38229385
-0.50746962
-6.63455364
9.81898584
5.24503838
-7.87435785
2.73477515
-13.57540695
-3.53676072
0.10461279
-12.47444545
7.31184138
1.75857098
5.16092806
14.09378387
