8.17075481
-7.67365753
4.19576528
24.93709321
-0.96240959
-0.17398566
1.27743184
-2.63973756
-0.15418568
-8.15124443
-10.08352194
-5.68430134
3.25455941
2.60300091
9.51937305
-3.62892022
-9.81330782
-7.99460777
3.94960970
-2.99078831
18.43108706
3.87026490
-0.04716676
-16.57851494
7.08902705
38.31616261
-16.39678075
-0.62812802
15.42681339
10.08759351
-1.06419544
-0.66253460
0.72230999
0.02504093
-0.75999777
1.84132816
10.45217621
20.52493797
-1.67475874
-1.31318326
-17.44767856
6.49939742
4.32172622
-11.23554896
4.28664157
7.37288415
-3.80210410
-1.81610862
-0.72929152
2.32347224
-7.33696862
-7.05391536
8.38425516
-10.60524085
-22.27353685
-4.58090195
-0.82807591
-1.21808242
-5.07121730
-0.07867686
8.39359421
-16.64485806
4.47490879
20.76794002
1.79062801
17.49224592
16.62775166
8.43410316
20.65149627
4.37489857
3.61332714
0.35726543
1.23589340
2.58885406
1.59622674
0.87355218
6.36777044
-8.69245261
2.68451687
-1.12653725
-1.38017220
1.49026402
11.57696013
0.14332717
2.27708511
-7.47338134
8.25177994
5.79520287
5.89525570
-3.61363921
-23.56111218
-22.05462301
-0.23538123
21.20128427
-0.73420136
0.48338123
-3.03720527
0.38500310
0.43268150
1.00624467
6.11207674
-3.33378090
13.89931822
-2.19738945
5.65829491
-7.37870599
4.35214059
4.88955159
-5.48080667
15.17416459
5.24457980
8.12979280
1.21063317
5.97635432
-2.45307907
0.70230148
7.74314528
26.72555772
9.07054604
-0.01838489
-3.73347061
-2.51605160
-3.25130694
0.19308981
-8.85715814
5.60854626
-22.78925080
-17.81108606
1.36671118
-10.49444076
0.63679365
-2.29091362
11.20385839
-13.22540393
-7.43058188
13.87619749
1.47856658
-20.20955682
0.61176253
4.24870427
7.87335737
-3.46789302
-15.01731233
12.68408376
24.20800960
-1.98795621
4.14465591
5.24682229
-3.34469822
-1.55879598
4.37655567
2.29667656
11.55295609
2.67603220
16.00761010
4.55696732
2.18704329
0.73477657
-5.77063756
11.57080585
2.14829715
9.93676924
8.97879248
-20.97975058
-5.74464533
-7.45587451
5.17749341
0.49415583
-0.65258136
-0.29055253
2.45912383
-12.22337841
6.93007542
-1.87740425
3.00053548
-0.44260405
3.41227156
11.52361540
2.27836060
-7.10980163
5.08001296
-1.47510469
8.77354407
1.81260837
-6.25838704
0.66553721
18.07953750
-3.08890488
15.08803179
6.09119753
1.97498810
1.35243469
-6.36357628
-7.10167844
-0.02271676
0.86831257
-4.42839655
-0.97602268
-0.72942070
-6.24167516
7.17890732
5.11206649
1.98745598
1.56493156
-9.32813242
1.84601823
-9.38352461
-12.77246499
-11.11740225
10.29326851
-3.59526350
20.15999502
-10.17605593
9.66554927
-2.99509079
-3.17547708
-3.31160689
14.47304046
17.61532006
-4.80734623
2.95657270
4.58071661
1.05577019
-10.67448341
-2.81123456
-2.43219884
11.21283116
-10.98276095
2.56037386
-0.06761760
-2.89531477
8.10358190
-1.74520016
1.27881788
4.66861471
18.64745434
15.42203267
10.40512143
-4.98459861
-5.01274176
3.02645515
6.53998463
-8.56507248
3.67600666
0.17935400
2.10860923
2.26462636
1.37266449
-11.89674223
-9.04400448
2.85911220
-8.19639028
16.24837714
-2.36084559
12.95269247
20.22609010
4.81700051
1.26624369
8.77712007
5.43095940
0.49280640
0.04264575
-6.96390955
4.44078652
-3.84450329
10.90371908
3.59582642
-3.28493623
-6.53223897
15.15128782
10.25442892
15.00023016
0.61472297
-2.43593996
19.96866105
30.30912104
14.82089148
4.59578701
-0.01456913
-2.05866718
-19.90848282
-17.28037882
-1.06137250
-0.31341754
-15.42277997
-7.73238373
1.08979218
-4.96331460
-1.31791878
-25.71814584
-6.33438295
-0.70181163
-0.57360429
0.01086704
15.24958393
-11.76057229
-6.02306083
-0.49308071
4.94680503
7.89289240
-0.89163036
16.76285499
0.00476287
-0.77169548
-16.41254357
-12.54485140
-10.83027688
5.77935745
9.41558731
4.75966669
-12.25870851
4.03342035
-9.12557719
-6.36994924
0.63097319
-0.42577392
16.87418904
0.18287066
-4.21806363
1.38078855
4.29445969
10.50814901
-3.56622338
1.99603156
7.42008156
-13.26869260
-6.29861743
-18.59256248
8.19857863
8.20905860
5.09119100
-6.16163340
15.81329150
-6.25277662
-4.66969032
-3.77999237
1.26417157
1.76364649
2.48778797
12.24329485
0.40393238
-2.68005294
-0.85887620
6.84756764
-10.45040783
-28.91105609
0.52386019
-2.11362194
-2.84504170
23.32003882
1.13543759
0.10144207
-10.38531853
-1.41541817
-8.26880284
8.05629685
4.39669993
-2.76771078
-1.39326500
3.49703674
5.82640217
-3.49959950
1.78855662
4.78834698
-4.24053874
-7.02424471
9.72350111
-8.23016783
4.65731054
-1.13169237
-3.79197317
-2.63339290
2.66174918
-7.04459759
5.02314249
-9.51959693
-15.30485805
-6.76838341
4.75190534
0.99346880
2.60243514
3.10240866
1.03355989
1.77042232
22.55043950
-4.76232597
-25.75245088
-6.64237262
1.61587055
1.58382166
0.95586053
0.00373341
-22.84565664
-6.86198423
5.68254967
2.05614411
10.69606374
-4.83432501
2.60211997
1.19764360
-2.78068542
-0.76900416
-3.24023346
-2.60686774
1.84182086
-4.79545314
1.16845907
0.24067850
8.46295277
3.57019109
16.04366637
1.68741418
7.31224932
-7.31778405
7.27494914
-5.21540877
4.02494752
-9.81065035
-6.68012155
1.96238306
-2.30800998
-3.45338862
5.67004460
-4.26522590
-15.29323621
-0.77877822
-27.03038237
-9.44333043
2.42259418
-6.02070095
1.65875028
22.99355850
21.00769562
-7.52981397
0.95896408
14.31586905
-3.66641300
-20.54759635
13.08516678
-6.28225455
-4.09400280
11.08954325
0.92420092
-3.91952981
11.51911636
4.86845088
-15.64466256
8.00366742
-0.03791026
-1.81210250
-3.20834209
1.24807872
-11.00737948
2.19529377
-14.77389669
-4.29088857
-3.88223571
-2.04541169
1.57706179
0.34209128
0.97320359
0.02832202
1.42882797
3.80055032
-0.02145086
-2.88925959
-0.49157713
-14.44213809
-9.13385853
5.52429742
-13.93518621
0.03913406
-6.12486576
-1.73092723
4.16693147
-3.95475215
5.84267357
-0.87008655
9.51980057
-11.44655354
3.36431683
-2.16372941
-2.38861622
3.71231065
-3.27414703
9.80408447
1.46090274
-3.57737555
0.54763814
-1.49495685
-1.88067692
-0.77551368
1.59349935
0.42046711
2.51716158
1.34784262
9.47426235
-2.50084939
-5.32033335
3.87699150
3.22211865
3.52339137
0.46587641
3.40229843
-24.41149494
20.83021084
12.89485725
15.79713201
9.36810980
16.84049240
-23.74494151
4.94932779
1.57271520
0.00182172
0.32064438
-0.97383291
-0.40836291
15.09541994
-4.33576280
-10.48720566
1.32777530
0.70980022
0.10023490
0.06069846
5.45379475
-8.46361467
12.77473277
0.86337910
8.45410400
-12.73616026
-18.70792234
-14.06853175
1.79438545
9.70606080
-0.58883435
3.05585999
-2.95609352
-6.33968140
-19.34944652
-13.75769650
15.85472463
-16.47577209
10.73314185
14.35427866
0.69354920
5.56948029
-0.65564310
-0.81636010
-4.14777374
3.41152828
25.16775645
-6.44163441
-7.43218903
-16.40519056
13.06431229
-22.28887325
6.34704207
1.59916363
0.64956564
-9.53609113
23.29720382
-8.87181368
-10.88996885
12.39856936
3.15526805
-1.85098219
1.43894255
6.06022671
15.98088716
10.94022913
4.14311074
-17.19723287
-0.70685171
-13.26792410
0.44282199
2.86266869
16.29284458
-6.98231578
6.89340422
21.94219962
-1.72854716
-0.45297671
-0.94937773
-6.38072533
-1.90510361
-6.63125387
0.25166638
0.11423382
-13.38808446
-20.53141925
2.80584724
16.52158547
-9.37183825
6.96216472
1.83029887
2.83856244
-4.24157245
0.70100900
1.54237722
4.68921908
5.31782790
-5.55808448
0.52675386
-16.84219571
0.26173575
-0.89405735
-1.09143615
0.69527113
6.69054651
7.32908230
-17.78142799
3.54308563
-0.52397343
-13.41389403
6.42421064
-5.19364940
-13.73122606
-10.15564935
-3.46220551
-9.99997182
6.17176639
-15.10966567
-13.93633519
9.94991877
9.56274560
0.64638343
8.70786317
21.63078792
-1.24743528
-2.58718472
-0.33660760
-3.72341638
-7.96444865
-4.60867920
-15.92076441
6.56862479
-10.07794195
2.75583892
-1.98288850
0.08783153
-20.85347197
15.30038330
9.30819048
-17.18874004
-1.25718879
0.76796449
-4.77493233
-5.03135322
-19.36576241
-13.30695559
6.14643761
-0.10665788
-2.10452046
15.86423252
-11.47601955
18.99847943
6.49745940
15.96144451
4.48093586
1.08708879
-8.76653306
-15.50080027
-3.65940796
-3.99967814
-0.36170257
-8.89940962
-10.32503698
-4.63019624
4.40448825
9.44061016
-0.12091294
-4.77676765
0.67534372
1.43854976
-2.04251184
-0.99622655
3.74157728
-16.48175515
-8.00059386
4.92319696
-0.84535050
2.04204680
-3.78772529
4.57273338
5.43490478
13.20494801
14.72754512
-6.21319291
-12.55894743
-13.41021658
-9.72967910
5.64919182
-2.85259178
3.85358062
-2.33046447
0.15911114
0.17701679
10.29826109
11.98787488
-17.77605336
8.12805601
-1.05660119
-0.86090616
-3.24676079
-8.17834526
-0.18814955
2.37010917
-14.88895273
-17.99664567
-5.73775374
-4.78331895
2.99840830
-5.06316947
-4.09764389
3.36368577
1.88414431
-11.47517752
8.32706195
-0.50038133
4.50190765
-4.48899712
1.25293969
-5.79294896
13.34901584
-8.48534825
0.50782104
3.65436045
-8.78237881
4.25378660
-4.85540988
6.64498387
-7.45753267
20.19563697
-23.78833928
-17.79582596
15.18769706
-0.06552489
-1.38278355
-1.25793795
3.66197460
-3.79813241
-0.12328502
5.33646033
0.39308342
7.50759037
-15.48554301
-19.51971013
-5.64236801
-2.53745710
12.89673034
-0.94627865
5.67102749
2.16296701
-4.73370369
7.94453622
-3.21854919
9.80274082
-13.27814094
-11.37411849
23.93917425
3.21122246
-7.89364607
-1.55792538
-8.86585077
0.81193271
-0.44757321
-4.91144814
-3.06226297
-6.79824774
1.52957224
-26.65610414
14.60572514
-9.07381342
-8.94060128
-14.81439500
11.08537680
1.54299462
2.24797341
-0.00201300
-2.13322532
3.03648800
-1.84077626
5.42227953
-0.90455047
-13.08657556
6.04164088
11.44677268
-10.95365895
1.04830176
9.82071366
-0.60296225
-6.35472883
-4.17868143
0.05862770
9.24180953
0.72876644
-7.96063182
1.66791602
-3.61110110
4.48595210
-0.63579411
-2.11735939
-6.73971097
-8.33582300
-1.40069368
-5.84987750
2.14834107
-0.47491094
0.47383327
1.39207785
-2.49522634
-0.58084106
-2.44598341
4.57942848
6.84632165
2.75725367
-17.36207319
-21.49573576
-13.63912646
-10.92242806
3.24423715
7.18722404
11.16763248
11.50605447
-5.05251320
4.17079236
10.86018387
-1.89183832
1.75610588
6.30524976
-1.18734559
7.53476006
-9.90774592
11.84822593
10.02675044
-6.43187775
-7.97801075
-4.83594481
8.57797989
-6.83397989
-3.69918388
9.66011108
7.16249941
-16.68409531
1.98966931
-6.01050802
-1.94074710
-0.04007104
5.60036499
-18.63668695
10.43146149
-16.33934963
4.09139585
-1.15021924
19.54282350
23.18883597
-1.04414697
1.92280970
-0.97381786
3.26227362
5.78709272
-0.56988244
2.48842679
-4.58643734
-0.68410559
2.66961168
-2.42841716
-2.22984621
-18.89853112
7.79877700
-1.93773389
-5.03709048
22.69488966
-3.39998597
8.88126934
-9.24619756
3.82800563
-3.21033598
-2.72268016
14.40421650
-3.63042438
-9.26496198
-9.18959452
7.77700648
9.76781652
-6.32618683
-5.09605722
-3.00249676
-2.71235444
-2.30127613
-0.45766650
17.06367041
0.58655334
-0.81598443
9.36245926
-8.81042621
-4.78995315
0.22024195
1.55520953
0.00612782
2.10916524
-5.41402611
1.14637955
0.00941852
-6.66864297
-3.71957936
-4.35999704
4.74434077
-8.56044246
2.19435872
-2.34995520
-0.13828960
0.81113216
0.72269039
-0.00592965
1.20346770
2.27803764
2.79055503
-0.00159306
0.05408555
-0.99752979
-1.89180239
-1.95780314
-4.62169961
0.17524305
-2.59727104
-1.13471686
-5.24977886
0.08934138
-7.61912495
0.58181566
12.15927110
0.00192532
-1.84231107
1.58165269
17.32875533
11.98471215
-20.44745512
-9.56203235
-10.71727529
3.52669878
-9.13956445
19.60275475
4.07679376
