15.33364021
3.54478069
3.77034883
-10.36535983
-3.60708571
2.29281381
2.82323801
0.19543900
3.80175705
-5.89835090
-16.31933669
-0.03682488
6.05779642
16.52083263
-1.58219116
4.31189541
19.55756200
5.33119082
-4.08819435
-10.54830123
3.78866760
-2.39783419
-0.03569598
1.79175570
0.22192128
11.11585043
-14.61470854
-0.89426272
2.78968456
-12.43423906
0.00556139
-0.45693879
1.90242431
1.87787070
-0.84338885
-1.30567337
-7.54004972
3.69025582
0.01353579
-4.51891859
-13.37412692
-19.15562994
-0.23015742
-1.50074775
8.17704614
8.09838027
5.28248553
9.33581798
7.52076297
-6.68227415
-5.79906577
-8.82832099
-10.30285273
28.70906955
-10.71395136
-3.06051103
4.46876076
-0.33014067
-7.77897339
1.71164747
9.81050945
-16.32930712
0.34401092
-18.19670915
0.78005193
12.76449803
11.86108398
-3.01408232
19.19503799
5.59421740
-7.62685350
5.43310888
1.73772437
-2.57439863
20.79710184
1.31416761
-8.03430773
4.83115144
8.05483682
-1.53348601
-19.55587989
21.88068649
0.65272124
1.79588510
-8.42030970
-4.09952596
14.66456980
0.47098479
2.66785093
1.82416061
-2.04826247
6.08493724
-0.08864297
-1.67188738
-0.42550966
1.12264563
-0.92691763
-2.25972880
0.01123051
-8.83450022
1.00986032
1.99432068
-1.14779863
-5.79088980
-2.95915442
3.80234453
-18.59413770
0.93967924
-2.52055859
-20.75467344
1.83873189
-10.94768523
0.73186461
7.33837868
-1.75031571
-0.56162361
3.55155480
-0.72513387
13.74234770
-2.28758285
4.69253735
0.09613847
-2.12621974
0.69876009
-0.98914987
0.53268933
-18.01172565
-12.63898277
0.43375111
-8.84029433
1.43116519
-0.90694489
8.12177058
-11.89500067
-0.94101346
-19.42670612
-1.63396734
-17.05989435
9.03651365
-1.67358124
-6.49025853
3.65817768
16.16186766
-4.33798572
8.44505775
-0.84581639
-4.54583727
-2.23317538
3.30215722
-0.22304278
-17.11266553
1.55771084
-12.28077901
-1.78073483
-14.77567823
4.91303590
-7.27559213
-1.93880023
-14.28717584
-7.35433865
-13.85903564
-5.58839055
0.47961760
-12.26352945
2.32559700
-12.48106412
7.68209374
-6.91584691
1.57264601
1.38678834
3.77557553
-15.22534547
16.83007008
5.70593111
2.09624805
-0.83434378
0.63758923
15.28294720
-0.63063545
6.19207615
-2.54653759
-12.37302725
-2.14846360
-3.62873624
4.83569021
0.71798899
-10.90232186
-15.76112816
-6.23368826
9.23159110
-4.47278675
-0.62729145
-1.28976532
2.17321023
3.18399869
-1.25207747
0.27199303
-1.58634155
1.82411075
-1.43295834
-4.05337588
-0.07790106
9.50772264
0.00005973
-22.65576520
7.96133403
5.69768356
9.60083052
-12.66219519
4.24995798
10.39578077
3.79952356
18.44393967
-5.55907235
3.64735096
-7.01512593
-0.01951533
-7.39788619
25.37143704
8.20990676
5.63542674
-0.14216636
0.14411991
-0.58661412
0.31598212
-0.47571098
2.46870637
-7.96944049
0.26966841
1.16835947
0.70286040
-1.19095698
0.03288583
-0.60162909
11.53918070
-2.55517729
16.55964639
1.64103448
8.71635716
4.43135540
1.61775474
7.92542832
-28.36988056
1.82486052
-0.00096018
2.15530403
0.30003578
2.05417617
3.03627605
2.22189593
-2.42951318
-1.37610964
-1.46603410
4.00581209
-4.27010758
26.07227340
-0.88518757
0.48257977
0.91492631
3.07464832
1.11376325
0.24350714
-7.54303738
-13.03574751
15.83562517
-19.68997170
1.87661613
-1.93224784
16.53841428
-15.28014654
-13.96081170
-9.20632795
-5.67332857
-2.33483592
11.47383303
21.37503814
27.15984136
6.65587722
0.03135278
-2.70979250
22.04567366
-11.43781638
-1.87714543
1.75292663
12.06114089
-1.58178784
-1.99069440
-5.17869435
-24.23367827
-6.84396593
-3.72499874
-2.83297999
-0.47991099
-0.69972590
16.27386292
2.64299029
4.10764145
2.69755657
4.55529769
3.99798996
0.05642838
12.74137620
-0.11142729
-1.34331005
4.17167191
-15.19811505
-0.21152876
0.46646918
-0.47870683
0.61854281
-12.90359608
2.86920772
-7.38446648
-7.08124535
0.41858370
-1.02044575
-12.43883736
-5.54852326
-14.02802911
17.43651812
14.37101304
11.75037184
4.61517046
4.47472946
0.45867469
-4.67586489
-2.21544177
-31.52036182
-7.31464606
25.98974490
-4.63457423
6.52876726
13.39181935
-7.59711624
-7.17441082
-1.94673280
1.53428135
-0.49734877
-0.89685943
-7.49433027
-0.61337919
-0.62729714
17.52556526
-3.86504091
7.51260157
-15.47711517
-0.59476044
6.69633916
11.77496403
20.43540671
-4.47211467
-0.28657732
0.21193816
-3.41333154
-2.75965161
-11.49668614
-7.55007825
0.99841824
2.40766109
-6.40004321
3.78496068
6.54743264
2.92049812
-1.40651182
0.25751809
1.91206027
-0.18530418
16.19228250
0.01490697
0.00256472
-2.33810189
-2.73284069
3.92867466
1.95294140
7.68207798
-5.06703626
-1.75538143
-8.83389190
5.59280928
-8.79876400
-0.66771705
-2.57339454
-0.00269883
-0.05638968
-5.03128929
2.37379881
-4.55989505
13.59090190
-1.00123606
-9.34760668
-0.94355140
-0.01503928
-10.49823448
0.22495198
8.51151000
1.12637713
5.18341254
1.10536954
-13.03474585
-0.69012724
0.31367381
3.13337135
0.89787203
-0.34681900
1.21045528
1.95584850
-8.40756394
0.79847151
-11.80061309
-14.47792411
0.68948766
5.08217191
0.38984395
-13.63716761
0.91972586
-1.34236043
-4.14125082
-13.74147269
4.21955172
11.44059166
18.24692162
-4.59601413
2.52954654
-2.21933350
8.73808141
-7.51145936
-11.43539297
19.42907042
3.06247915
2.76238326
-2.59310281
11.99661940
4.68134507
-1.17184008
-0.01350483
5.46770133
-24.70764804
12.02823392
-0.50257646
-9.59487533
-1.18674893
-4.26154369
-0.23160903
-7.45147855
9.33560907
4.95714968
5.47435211
0.69918586
-4.57265588
-0.89476056
1.28752705
-1.93014682
-8.68930105
-1.24648442
18.81975556
-4.75157258
-0.22250172
2.18792169
0.03519118
-0.04734703
-0.94299414
-3.57897764
-0.15940798
1.59555265
0.21956598
6.87184386
0.66833494
-7.10277534
-2.71449755
13.38575133
1.18059560
-7.34896199
-14.10305981
-12.66193380
-6.84509553
10.02176057
-3.61452687
0.03472777
-10.90057825
10.40773551
-0.51482805
-4.07393791
-0.32746683
-2.13428154
-14.60841331
-0.13668930
2.14316930
-7.18177696
0.29653796
-2.89610477
0.74424657
8.18570051
0.46948403
0.42229683
-2.91294997
-0.00543435
3.91905512
1.80646077
-1.02300361
-7.11404166
1.67681430
4.26352296
0.04472332
8.43999863
3.86853344
17.94672345
-6.93161790
18.09831159
-11.90308252
28.89899928
-9.97746073
-19.86829348
2.63054245
1.35863938
0.85624946
2.29907463
1.66007218
7.04193224
0.75227233
-7.36647334
7.29260807
-0.13045019
-2.10538487
-3.25968601
-2.13847536
-12.75367650
12.24996583
1.76065240
6.21998109
-2.64237807
-24.08755969
6.50832480
-0.54681588
7.46100399
-0.82564109
-2.78499692
5.30117936
5.45982917
12.48979794
16.09315481
-15.02254274
20.58840225
-15.08886062
8.25384781
-0.92055553
-8.50228276
0.69831069
0.01820556
15.03721959
12.78088009
19.53720854
-7.75168345
-17.30116835
-19.30239541
-6.57365158
-18.68586507
-5.09872558
2.32885363
-0.01261585
2.71529786
-20.94475883
-9.71946071
1.56925911
4.54797451
-6.40398534
-1.05543571
2.89604097
6.19075360
-13.26925227
-15.61079240
16.67561034
17.87623368
-0.75294143
-0.03170751
10.81960754
1.53666373
34.80641517
-6.08358972
0.41467001
0.27744475
-0.56277637
-0.55873884
0.10327707
-2.01638585
-1.97164145
4.96578299
-0.30379157
-2.39114381
5.95617850
7.92845049
-0.06793244
-11.57647643
-2.31274677
-1.76944435
-3.56508054
0.09370300
3.51105398
-8.43731706
0.82572747
7.19558314
-1.31055903
1.16938327
-0.33496384
-13.94595915
1.86173290
0.77419479
-2.84646971
0.37021288
-21.80703238
-2.06207531
12.42307014
18.31867272
-1.67186605
1.73735716
-1.84465838
-4.75951442
-17.10084618
12.32438474
15.91623853
12.60962248
-12.83632310
-4.05690440
7.46034136
6.21442878
11.63220033
6.84170995
-20.81440992
17.19870971
-0.03183151
1.31502298
-0.34158599
1.12375788
-2.59280797
-1.58950170
5.65981736
4.40800815
-0.06662775
13.65681191
7.99713645
-7.60738719
-11.00117595
6.06637426
16.29584598
-11.28207322
-4.46241776
12.51039130
-3.01653901
1.75738160
-0.13945687
-14.36962964
-9.23753314
-12.28343923
-5.81583135
14.63040422
-7.26098861
14.58471804
-3.36174112
8.53301225
-2.30175537
-0.72004873
2.74674870
-10.67157991
-0.20815695
-13.13309142
-3.55888990
-13.77999963
-6.12773745
-10.64604887
-6.55028736
4.31949073
12.75018604
-3.08309006
0.56306486
0.36941517
-0.08999837
1.10313901
-7.08967450
9.80095327
8.91508982
-0.53036219
3.01770133
-0.47090670
-8.96332805
7.08367677
6.69232682
11.51332530
6.90905430
0.67946567
-12.82086011
-21.15183308
1.36052669
-1.73138651
-2.21734259
-2.39264695
0.21349923
-0.81015138
-2.44730690
10.23519057
2.79455878
-18.96020349
13.64775119
-1.07581783
0.93528962
0.66457388
5.93128402
-4.25623647
-0.37357252
5.33528292
12.07525222
-16.12752262
9.45061358
-7.70871185
1.17285547
0.27763012
-3.31745565
-1.18354118
-5.56703822
-3.31862170
-1.47072081
1.89778258
-7.45268634
5.09003082
-5.07252542
-14.25412762
7.03507875
2.90606187
0.17549645
0.01810035
9.47290211
2.12495168
0.00294347
7.16469104
15.10806095
5.19541559
1.90037271
-4.21806517
-1.97864474
-2.95797564
-9.66849251
-1.88229143
-3.09771296
-0.79463578
3.71394445
0.29873208
5.17258939
-4.70839780
-10.30656042
-7.23894157
15.74322416
8.81375926
-13.53930012
-1.71763690
-7.75926578
3.12797016
9.99250413
2.73117172
-1.97886033
-7.05789637
-3.68605766
10.29235610
-1.98595377
-3.06373401
0.60220112
-3.43137488
-0.09592265
0.00402805
-1.57772302
1.28064039
-2.62111515
16.63883825
4.69751117
20.27023148
6.01473337
-0.23891092
-2.68608456
-9.99823435
2.93871763
-5.09978642
1.15626969
10.76364521
-0.62638826
1.30147958
1.42272020
0.01171240
-3.07159002
6.89149018
-2.91755207
-9.41870341
-18.88305304
7.30967914
15.17894350
-7.14937617
-7.16123723
-3.68382383
-3.48743965
4.08521045
-8.72759890
4.85284464
2.42170263
-2.41939581
-3.11764035
-1.67192716
2.75347320
-0.85566104
-0.81314957
-5.53013584
-0.18569601
-0.00045842
2.81073093
-1.16062000
-0.26959457
1.75953416
-3.92509203
-2.03017523
9.57067897
-0.81711658
0.52843420
-7.74120110
18.29236388
-16.07474508
16.53641377
1.87342123
-0.90769421
11.91628333
-0.66462797
10.72672925
-6.62683724
1.16021690
11.64826363
15.12947904
3.40070468
-4.97593059
