11.81833496
2.49456050
6.41053877
11.61012593
-0.48003611
2.98759899
-2.69493041
1.31156095
4.04633080
0.53595362
10.75000685
3.30533502
12.01843182
11.43755178
3.83529874
-1.90757331
-13.20614673
5.25322568
6.28986772
-6.46176574
4.51972941
3.36389737
-0.23184162
2.73086245
1.34436780
26.84362619
-12.74998480
0.08001028
4.95210417
18.26677699
-3.10776979
-0.25859145
0.72870978
0.45303378
-0.59990908
-2.71359248
4.85913997
8.69348815
-1.01280764
-0.99865901
6.60251222
-9.51295982
-3.80317341
5.59761383
14.43825752
9.34762733
-5.47740859
8.22360928
4.45482863
13.46831140
-3.12562879
-7.08682152
-9.87214439
18.46942156
-7.17360328
2.66042510
-0.89549599
-4.21528511
-3.11220409
-0.00376942
17.94049228
5.51635431
8.15877545
-19.15532445
1.20652548
15.96080018
2.36375431
0.81815638
12.87352460
7.72131106
2.18538363
7.21055427
-4.59596916
1.06548379
1.43905124
-7.26997230
13.87311721
-6.28488545
-12.11872115
-0.71652236
-19.97256026
25.27128241
-0.17803142
-0.13735995
-9.15272355
-5.72407652
-19.05001647
-1.24753590
-24.10774889
1.27007734
-19.82306420
-6.00898505
0.28964321
10.50876837
-0.67601475
-1.18373927
-2.34634712
4.61769451
-0.17243901
-10.58543223
-5.66117422
-2.79969482
-1.54683621
0.40565102
5.72213265
-9.51052242
8.05083698
-0.83625781
-0.46466110
-9.40944265
11.79216636
-7.64828773
-1.54922744
0.93674102
0.89483108
-0.80984770
1.83728975
-0.93975707
12.38570896
-0.16434986
-7.23732547
-2.37653534
-2.77770192
0.44835381
-8.95192660
4.28797207
-24.90350322
-6.53830822
2.78185903
-11.28104554
0.20127036
0.30164515
-5.66316034
0.81180886
0.33996714
-16.18357222
0.80486244
-25.27417318
7.36612837
2.91488664
-15.65095669
2.91322760
19.90915992
15.88255381
13.69244312
-1.56056148
2.51912316
11.35960337
2.67439752
1.47017900
-4.67491544
0.37535344
12.72882399
4.90688769
8.17274716
6.67181039
-10.09421108
0.89612149
-0.89234028
26.66661547
-14.85686366
-0.09814810
9.57385073
-0.11266967
-4.81550497
-3.30515042
11.71120052
-2.45750732
0.42641446
3.18713457
1.82994656
-15.76059942
20.80172365
-3.73266299
1.71346700
-0.65130343
-4.56499271
-8.55079500
1.45111529
1.76477696
-12.56503794
7.32052749
-4.76611326
-7.50598659
5.28375651
0.00110820
-13.40245358
-15.23515631
-1.36992868
5.94595126
21.88188710
1.49313693
-0.15517074
9.06338187
-0.52461237
-1.21703582
-8.68657328
-4.59993716
-3.35398278
2.68827678
4.92937351
-0.61243676
0.68578180
-0.00668401
2.75726700
-12.08410558
-6.05142705
-12.40865144
-10.96347534
7.47300363
-10.65132610
13.49650049
-5.36988931
-18.75398881
-7.88218973
-7.68060147
-0.12251735
12.38197032
7.82480812
-6.40820563
2.51651872
7.75211367
4.10251490
3.17224102
1.70937352
-0.65154898
8.68650094
-13.07253162
-0.03124361
0.81000162
-1.09999964
-1.09724009
-1.50829253
13.71993689
7.95606659
-3.01801807
-12.25088640
-2.32762380
-9.73610952
-1.47702287
2.42137632
8.84570550
0.11281938
-2.81482480
-0.09790494
2.40082998
0.03669491
2.57638300
-8.46987084
-4.99038436
-3.42436278
-1.14312550
22.67795737
9.12527120
10.04660904
27.07425009
0.26142807
1.22108420
9.21195518
1.43644013
0.71793067
0.59795681
-9.22157052
-7.03766301
12.75771301
-28.15082292
1.16068474
4.16814329
5.50123154
-6.34605247
-12.27178019
2.90469937
0.82399306
-1.60066681
7.48470960
26.42994704
22.21324276
4.63167955
0.94411698
4.21781249
26.66779921
-19.48857857
0.09930970
-0.19074239
15.66856291
-10.86555268
-0.16704183
-3.84142328
-17.04442074
-11.69765667
-1.66735740
3.97199652
0.01652470
-0.29856244
7.07055458
-12.73118795
2.87616358
-4.26386482
0.32180600
-3.13055967
0.17911790
21.90629564
-0.10087120
-0.27295186
-10.80243830
-1.63158897
-4.94939863
-2.68275043
0.80404348
-11.65550658
-11.30941051
4.72177773
-13.13696303
-22.50561373
2.41305366
-0.36997747
5.92463406
15.62034028
7.26194517
-1.60964573
12.83144446
16.20051026
-1.95714781
1.04471737
1.59411736
-19.06809960
3.37670106
-27.00883191
-5.32110264
29.43033254
-2.96772226
-2.36311700
16.04069456
-15.07510346
-1.76051144
-6.06205488
1.00660364
-0.18200208
5.51848552
10.25779985
-0.00944325
0.24510439
1.41482585
-14.01289464
5.00988526
-20.78615550
-0.46653837
-3.28756018
9.58346503
21.70727659
-1.19739065
0.30145911
4.96953590
6.16772681
-5.88170307
-17.38873871
4.81927326
-0.24001988
-2.64348784
-5.60208033
7.11352016
11.15282053
1.77255662
5.69888877
-5.63801529
0.67948549
6.94795939
3.72594370
3.12250102
0.00852215
-1.34707661
-1.97877872
0.28337020
8.21666787
2.29608213
0.11605017
2.90011758
1.51603987
1.43099485
3.27865540
-3.26798875
6.98795907
-1.76150114
0.30167278
15.17032183
-3.98018689
-21.78659524
11.39047197
2.23425325
0.52034890
1.98028334
0.11919624
-10.32948974
-2.31229787
-5.99083947
15.08952560
-5.55144689
3.47886675
-15.25691307
-3.87109535
0.81785599
-1.91860003
1.05745362
-0.55544319
5.76593206
0.57887621
-1.01134282
0.31203762
-5.80107177
-17.01829348
15.11476202
5.00428102
8.66667499
0.51210964
9.78111799
-0.99277932
4.58620544
-3.61347842
-11.91128139
2.96202870
4.94302551
-11.31879626
11.47269822
-0.60240634
1.58254859
30.22453049
-15.77993037
19.31624386
3.68650134
3.91156527
1.57820014
17.43910722
12.02128046
-0.42987337
-0.00000276
3.62878023
-16.90664688
5.13823712
8.65126592
-12.01481554
-11.90801934
11.78364419
-5.03931461
-1.71569957
-2.68428150
3.75292218
3.39690598
0.07314556
-8.60692284
-1.84804633
1.79655068
-2.24162069
-12.80234221
8.68896200
23.40257038
-8.91577522
1.73463528
0.39592913
0.23076489
0.74252733
-0.41859091
-5.41868442
0.12201698
-1.36173691
0.54799443
-6.83460558
-1.72386146
-13.30899928
-3.48188414
-10.34117865
8.02127659
10.06151017
14.11885639
-4.34431211
-6.76807116
2.22196497
-0.71876834
-0.71739798
13.55191313
-11.50773216
2.33126048
-5.83079452
-1.42826066
1.67980374
-8.95538448
0.44683206
5.53822649
-1.60913049
0.31577291
-6.72275094
0.80198664
9.51734220
1.01716612
0.13732591
3.84772336
0.21774599
0.31775473
1.85027735
1.10247524
1.95363518
3.83741524
-4.25413980
0.52180860
-8.52516610
-28.93520931
26.70526173
-4.56402470
9.19459190
-16.65028539
6.60532823
-13.62300200
-18.50779271
2.14362811
0.19811031
1.48844868
-0.89062938
6.22964067
13.33469920
-3.09526884
-8.46276386
5.51868021
0.87929577
-0.70039134
0.90584855
6.05267712
-14.95415041
15.57420808
3.53880321
6.48970682
-15.65256463
-28.49540048
15.31956128
-2.79170293
1.83350704
-1.05160988
-6.19514727
3.32516112
7.97788065
16.85951547
10.79164967
12.90726439
17.36207118
-13.70806261
10.21728308
0.14481222
-5.60645490
-1.02802272
0.00844000
7.69858691
5.87454251
25.34804862
-1.94865636
-4.37995462
-15.11813122
-4.29901485
-20.08736441
3.69526663
0.32631014
1.35682223
-13.49761568
-8.45294930
10.33066535
-6.23202336
-15.25821905
-3.75118687
-3.43458126
-0.09911904
3.48994396
-13.82535173
-16.68773935
11.58312165
14.86891694
-2.28598179
-7.59230124
4.70524482
3.13399080
32.43659263
11.38831880
-6.23465817
13.58661855
0.29848242
-2.08729869
11.10637205
-0.90056795
0.01990820
-7.48640634
-0.34091929
-0.62938343
-4.78762644
-10.45330228
-12.66227132
15.66714012
-2.79900088
-2.53330700
7.40783017
-0.97511260
-3.42450701
-14.79830227
0.42424899
-12.39378994
-4.85259420
3.43866982
-2.82154538
-8.13261159
-0.98900719
0.20796030
-0.16711836
0.99005666
11.27768828
1.76050141
-15.42982397
-7.10535860
-3.26399376
-10.86526202
6.58100847
9.52879115
-11.12788615
-3.54439350
-0.72763724
1.44701804
11.35348964
-6.30416206
-20.30373940
7.64708831
15.33143787
-5.62543772
-6.54486111
24.78111295
0.01788339
-2.48662323
-1.34712516
-2.96157401
-4.44990298
-3.28593787
17.38159609
-0.00145970
19.14433499
-5.46701034
9.34533841
18.50296649
-13.82845724
18.38708259
20.33797124
-18.93514199
-5.50172567
6.67705584
-2.14731087
4.47663808
-3.84809131
-11.21391550
-9.11421208
-3.43456576
-0.48203225
7.90059096
-10.52817385
10.80999032
3.97332368
-4.42640140
1.77709364
-7.55158456
-3.55271342
3.46347470
2.29146004
-19.55511952
-1.83403025
-14.93237233
1.13321657
-5.13632000
-2.68153056
-1.95850731
1.34319120
2.90658629
-0.01014690
1.69973068
-2.46613457
0.92727046
-6.89803571
-4.44680465
8.72487547
-13.72869969
-0.01880319
1.40064635
-5.95411860
5.26406306
-12.95069954
16.15185418
-0.18549120
-4.26674509
-12.79699419
-16.45435221
21.56904601
-6.81253353
-1.12639240
4.55971465
-3.07768174
0.21619473
-2.63294622
15.28617814
10.35658279
-20.62813587
0.46388081
-3.46652899
-2.29980785
-0.75756058
-4.43153431
5.43971283
-8.31668472
-3.98044557
16.10752499
-8.85713343
10.81988837
16.87590039
-5.18303574
-1.26319234
-0.15365389
0.01719628
-8.08334149
-0.39707015
3.63444133
2.67314042
-1.83189055
17.00130705
-8.62818252
-18.25791297
-12.00225277
0.33059620
2.36869815
-7.82988802
11.72505008
2.81396191
0.36944745
5.82576008
16.32530417
-19.13480725
-11.32690952
16.38745349
-3.52555538
-3.19652922
1.46372954
-5.43974536
-3.16684315
0.03996718
4.61429976
0.12547100
4.81544003
-3.73000494
-13.10311383
-5.72866662
13.80904921
7.86219603
-6.17650909
-11.84175975
-2.51430381
0.66259938
-2.16271840
-10.79133121
1.87149174
-8.50214875
-2.33801548
10.27454503
-9.37321691
-21.76562804
7.03455377
-6.93860472
1.24901558
-1.48112506
4.01167855
-0.98486930
5.55184851
9.58414423
-9.47668142
21.40884385
-16.32546793
6.23688807
-1.66496767
-4.70281349
0.87512470
3.73947299
-0.00487858
-3.69637811
-0.78686328
0.56958241
-5.20897761
1.65050744
1.96584822
9.77070673
-2.20074120
-11.60480269
-2.23204730
6.36224184
3.89977062
9.51357047
-4.97612103
3.31128111
16.62545170
-1.33597206
-18.13196726
-1.53004028
13.65224942
-1.42538088
-2.39731277
3.12198562
-9.37518100
-3.76536998
-1.60463417
1.33940956
-4.34254403
-0.62189444
-1.37278615
3.93711315
0.46622758
-1.01635294
-7.92755161
0.61160742
3.92472868
2.68943453
0.39394092
-3.99287242
-2.13579228
17.54957724
11.39942722
-10.58667692
7.31976856
-6.93874007
-12.05697095
4.47783119
8.89048695
-0.75297279
4.40786980
1.81432224
-1.97161229
-6.55944611
-8.14349106
4.72916070
13.83244525
-10.66549528
-9.52398535
-1.21622068
8.25616493
-3.04367063
-9.83292963
11.54738144
6.72729085
-9.95782826
-12.38545749
-8.29836205
-1.50541740
4.90244131
-2.66439885
-7.42989635
3.02485232
-21.37715664
-20.24692424
-11.06236369
-13.66741573
-12.22890747
0.27470729
0.10274460
1.50906117
-5.92843682
8.23745638
5.37758480
-0.26284998
-6.89352966
-5.99337296
-8.98477571
-5.97855405
0.42166469
-5.80570073
0.23424712
-0.16230095
-1.82703196
22.70350534
8.20425981
-4.02120656
0.60675732
-9.60265356
4.49672424
18.39295267
10.68195444
-1.71659336
-16.44331969
-14.07137971
4.85019157
18.84634227
-9.01291649
1.01207855
2.42976541
