13.01709793
3.45638265
6.53339055
10.11423135
-0.25082151
1.86956793
-2.24367147
-1.79215479
-1.86988957
-0.73641359
8.04530477
1.89349361
7.93405801
10.98661691
3.66189109
-1.65633077
-12.98611230
0.50226750
3.56614917
-6.13787516
4.80916645
3.89192765
-0.13255193
2.18023986
-1.18355023
27.93059233
-13.15502495
-0.42482276
4.51809966
19.72487348
-3.64066438
-0.24704375
6.09716705
0.35850845
-0.58409711
4.29379825
4.47662282
8.59373797
-0.81742362
-1.22747514
6.44821928
-7.25902832
-3.92181267
4.29953271
15.98324707
10.74859267
-4.71245100
11.12533217
4.58309154
12.51054041
-3.00055041
-10.32680586
3.55527141
18.77848907
-7.13709603
2.84118117
-0.77435217
-1.05882103
-4.49408164
0.00063170
16.53177077
18.88908773
6.77043761
-21.03446569
1.07228619
14.77254326
0.30113476
0.30313833
24.54958028
8.24906324
1.59467470
7.14525350
-2.17584036
0.92978537
5.53244739
-0.40425236
13.36295664
-8.57755991
-6.65637664
-0.70116982
-3.89998496
3.90856648
1.81143770
2.11769662
-3.73227475
-7.87658622
7.82113746
-2.25710124
17.46500030
-0.05040197
-29.62887997
6.40063441
0.32428914
9.13737339
-1.07451191
0.05452484
-2.89853811
4.21278149
-1.04671403
-11.38323721
4.79909286
-3.03786675
14.64252866
1.05993748
6.01258003
-10.22046336
17.89314576
-0.81678543
-2.87300757
18.70270130
8.19348155
19.67722899
-1.62767640
2.56994957
0.30662831
-0.72703056
-0.39772495
-6.95453146
8.50118769
-0.41097298
-6.36697729
5.32266761
-4.74017424
1.09751704
-9.13650518
-0.57902753
-23.61870709
-13.50585116
2.30388162
-11.02670967
0.07116207
-6.45291534
-3.28604932
1.34914527
2.00605509
-10.37937136
1.04526592
-24.75273350
9.99491512
1.91692543
-12.92244838
3.09872186
21.76295442
15.19683684
14.35178780
-1.94656566
5.84913755
9.87075961
-1.10646200
0.72286751
-2.72083619
-0.05160389
10.08570526
5.65649017
18.12081415
5.57596215
-10.45447274
0.97921577
-0.67360851
26.87430915
-13.47477110
-0.02501794
8.89818855
-2.15015337
-4.74036708
-3.44469638
10.53613562
5.70094646
0.60722260
2.84300354
1.28823656
-15.74587905
21.01051056
-4.04594019
2.49149722
-0.72242043
-5.16706643
-9.25549352
1.33644085
-8.12085659
-11.77260100
6.84735530
-0.52705990
-6.42276415
4.80136798
0.49494680
-10.22947214
-11.12994340
5.88729923
6.17129045
7.39621760
1.55811046
0.03000835
6.23951008
-0.60037028
-1.19250721
-7.77845164
-6.06291205
-3.52448480
3.43637907
6.04649168
4.51196465
2.77832375
0.34832916
2.53775628
-3.93259438
-4.52962683
-12.60431348
-11.79589772
8.28292087
-9.89592445
13.66950503
-3.07972804
5.28076374
-8.26528806
7.83205142
-0.20678472
15.06108381
13.68858821
-22.78238759
0.70692475
12.94189044
-15.54654740
-1.25826502
2.48795331
-0.97776813
9.59512763
-11.79332453
-0.02280430
0.88499746
-1.02319632
-0.80694833
-0.74125161
12.84519770
7.87439869
-2.45075608
-11.41075087
-1.50995066
-8.31527400
-1.63081992
1.92646802
8.57723125
-7.70097122
21.11864985
-0.31594921
2.28737889
1.17395699
2.13788886
-14.04947146
-5.94841954
1.19401184
0.21590449
24.09585838
-7.87293241
8.38366763
26.54320008
-0.05607841
1.40887767
8.36267448
3.62247294
1.04392007
0.18371163
-8.92871037
-4.97717743
10.10686023
-23.98930285
1.26025995
6.31270018
-9.58773704
9.92297948
-9.53484445
-5.46935444
0.52773772
-2.30580570
7.74261474
28.05653600
20.30610995
5.43646567
1.23253242
4.19078937
26.43708765
-18.63960122
-1.80841102
0.30269994
15.23160684
-12.62228387
-0.04474244
-3.81305722
-16.14362043
-11.95580707
0.36699938
-4.19537954
0.01363693
-0.50816439
9.92737659
-12.97443791
-2.65984396
4.47805297
0.57383829
-4.15043379
-0.08577503
21.95359568
-0.05609843
-0.24460467
-10.64413511
-3.21979801
-5.56964513
-3.80502089
5.00335782
-3.42061919
-9.58218511
4.99692632
-13.14839853
-18.63730448
2.48283947
-0.31606872
5.87809001
13.91401747
4.38121668
4.67733290
11.31623619
15.99832233
-1.48965067
0.84959127
2.49633970
-18.69911015
2.66383788
-25.47184846
5.50386321
15.43026172
-1.74420108
-3.11078718
15.18101461
-13.39072189
1.10691324
-11.89663304
0.62669977
-0.14952078
7.61696051
9.03790263
2.30675161
0.49757733
3.02620823
-10.74360044
-20.98111867
-21.99322347
-0.25923085
-4.22022228
6.76080213
19.95498528
-0.59170288
0.61324158
5.63918529
4.29574637
-6.27089456
-15.74243081
5.02469028
-0.22669545
-2.28455189
4.33818967
6.49719279
8.88796258
2.24224557
5.13273810
3.32675451
1.12165990
8.32570438
0.04786906
2.87009799
0.00736768
-1.66811802
-2.22711334
1.77441193
6.50689593
-2.35850799
-3.65022421
-0.14537953
4.69366740
0.74679050
3.55464071
-4.90667682
3.36887499
-1.58228102
0.46730695
15.90457190
-4.16758205
-21.14917948
11.26604723
2.24499497
0.92304047
2.91013972
0.24952637
-11.17629952
-4.69978297
-5.09289920
14.99471433
-4.23568632
2.44512589
-14.01289813
-4.02131555
2.37972082
-2.05382308
0.04569608
-2.13129766
6.39525249
0.44576356
-1.10439121
0.27216465
20.40864113
-15.08511152
12.51479833
-4.04060751
9.03560376
0.73121760
10.25611726
-5.87148416
4.23037043
-3.36232364
-12.19625713
2.92518043
5.97582433
-10.16420973
11.37991478
-4.26064147
1.64089457
23.75314249
-14.44601391
5.27740937
2.78025563
7.35344107
2.02942231
19.89392541
10.38959942
-2.16702892
-0.00078718
-2.44570299
-6.15955622
-22.47070942
21.11848073
-20.75752408
-2.96169235
7.57929318
3.33258934
-3.26585191
-14.64888356
0.13395807
-9.39050903
-6.18982513
-8.77338295
-1.77886450
1.72454974
-2.43177498
-18.55588617
-0.33731083
20.63452543
-9.34693479
1.60030024
1.52589115
0.24062689
-0.06175619
-0.41857193
-4.56580859
0.17880154
-3.23214232
0.35322821
-3.73406858
-1.91523233
-15.71545838
-3.55994425
-2.25687520
8.52510309
8.03529465
11.38330653
-0.57479564
-9.10888312
-10.30167618
-1.23907186
-0.68911501
12.97472194
-11.06952149
6.53644144
-5.00293955
-0.39118266
1.24808691
-12.69089986
6.86888660
-7.99487637
-14.59594187
0.29219921
-6.23781443
0.90240094
9.80426638
1.20231808
0.24580563
-3.02805092
0.24574146
3.78556606
1.69048946
-1.37084969
3.90775823
3.41940560
-0.95542915
1.06059462
-8.58142160
-29.34366090
27.94901345
-4.27643554
19.86880313
-15.73752783
25.06668602
-12.94068804
-15.23901968
2.01391913
-0.01857384
1.43398972
-1.17649095
4.55807978
13.25453032
-3.16495439
-10.80612037
6.17086740
1.20202513
-0.48115260
0.75738478
5.10389333
-4.97474484
15.08131754
2.05872156
2.71545075
-6.57877086
-28.34727339
15.72384993
-4.96655331
0.96846340
-1.11740821
-6.28209227
-0.19395376
8.80547468
18.95190140
-0.68530321
6.84962488
13.30369119
-11.46872928
9.84682291
0.17675116
-4.27919248
-1.27732295
0.00885515
7.51404297
6.05343668
26.21642056
-5.74809772
-4.05917625
-18.09613493
-3.35855455
-19.45859267
3.42661667
0.42701833
1.26546136
-12.73267043
-7.24780456
9.22038645
-8.51623085
-13.34992950
-5.79439343
-4.27744687
1.30922145
12.07492304
-12.97867726
-18.11239782
12.07796773
10.41927676
-1.91403623
-8.13730569
4.53732108
2.25245333
31.55641426
9.22714860
-6.19638319
15.65015601
-1.02957142
0.14777549
-4.24753651
-0.32664552
-0.34505250
-10.33674184
-0.28291161
-0.32240645
-2.70545342
-10.60726869
-10.59016446
14.82466229
-3.06937975
1.02071196
-0.76991325
2.58017386
-1.82860685
-12.95358179
0.29483703
-11.42643838
-5.04085911
3.53163277
-2.06975321
-6.62677623
-1.01092975
0.87553530
-0.40140299
1.05360412
10.46115517
3.80288698
-14.64832669
-5.71208442
-1.95438448
-8.25115749
5.09626289
11.27601883
-20.53863135
-4.13101326
-3.83534981
-1.29559411
12.96095458
-5.69678600
-18.05364899
4.65953251
16.32045151
-5.83381114
-5.66430598
22.80262520
0.01665643
-2.05379573
-1.37378340
-3.09975756
-3.34221186
-4.78503214
19.80230982
0.11082007
-25.16487257
-5.58261692
1.30117961
-9.70235917
-13.08285254
16.52096154
18.70957907
-18.53917474
-4.99115605
5.72019561
-2.63465072
4.42256527
-4.04170716
-12.16233659
-9.91305644
0.60746162
-5.00534338
10.95732491
-8.74138176
13.96664452
4.24012691
12.77509420
0.83746094
-0.22691543
-5.07459320
-11.95660637
0.04354693
-10.27594986
-2.32550380
-13.15938917
5.45816013
-4.83414934
0.36722713
-4.30103078
-0.37203091
2.39863726
-0.00670712
1.83140901
-2.58754266
1.36576269
-5.25403020
-4.12431304
7.73486657
-10.99943039
-1.51746679
1.79074835
-7.31726691
7.38075564
-10.92526257
18.33015657
0.30046848
-3.82310181
-5.69094769
-16.88696078
-0.50371086
-5.24703151
-0.99102027
3.68851524
-2.75121337
0.49924679
-3.36024246
14.39135856
14.96302072
-21.16420404
0.94435672
-3.93952539
-3.15002987
-0.45584746
-3.68241271
4.91577104
-7.62333322
-3.04854248
15.25858587
-8.79838126
7.70925287
18.03552211
-5.41127994
-1.09968767
0.05556388
0.01800165
-8.41949676
4.44231441
-4.72519911
4.59656155
-7.38511282
15.64935491
-8.41116640
-17.50405430
-11.96527695
0.47639679
2.51693404
-7.68778352
13.98144749
1.53689267
2.36149716
-12.87387051
17.46893126
-21.96170035
-12.81668069
17.52969338
-3.43241159
-3.15336117
2.16005011
-5.07927554
-2.79790995
-0.10112028
4.95007739
0.03876546
0.46170954
-0.21331406
-18.52049268
-7.65835200
6.24220277
4.63731201
0.49570239
-3.20942766
10.40937483
0.79659949
2.34371546
-9.94506641
-5.60013080
-8.37488080
-0.24673087
9.65242161
1.68955368
-10.58082013
3.00590138
-7.46411279
1.55948617
-1.54841161
3.61381318
-1.15928278
5.47958142
8.58380754
-9.68697830
20.85588018
-19.23826300
6.57148904
-2.46055864
-4.88896216
1.14297242
4.32986689
-0.00418874
-4.30686158
0.32104550
0.36236374
-4.74558783
1.68254715
-0.08344200
6.70408190
-1.52648388
-6.58205836
-4.91634426
8.34195567
5.69099125
1.50571419
-7.50494316
2.01150913
12.36351536
-1.84596313
-16.87062781
-0.82547788
11.57009631
-1.58856930
-0.17670292
0.00865448
-7.57269458
-8.58169417
-1.87401115
1.07712023
-1.48500109
-0.73842777
-1.13372132
3.29190026
-1.98817733
-0.87068646
-7.72758864
1.61977382
4.27987228
3.06747761
4.79986014
-22.97784072
-18.71596475
6.63088403
12.20524730
-0.80378197
2.57367506
-11.61799060
-12.63994035
8.75008972
7.42591428
0.29500684
5.22355817
1.69652696
-1.49184323
-6.79962602
-7.97570066
4.57966513
14.57783667
-11.60276831
-9.40245753
-1.75692403
8.01908661
-2.38178094
-7.01770348
10.55289455
10.35421700
-9.21929186
-12.52970045
-8.58242030
-1.73027876
4.49444869
-6.55505400
-17.60817162
6.00878895
-19.74197820
-20.10800334
-7.12573206
-18.67005719
0.64843925
0.24901910
-0.57364653
1.43721721
-1.27869399
8.12693205
-7.31653069
-0.21749971
-7.82073455
-4.96609788
-7.35695867
-5.18043386
-1.91394339
-3.90645632
1.15453598
-0.25588932
-7.31645961
32.39543740
-16.32927510
0.39481442
-0.67644434
-7.09684321
-4.49107492
9.86182071
21.86864062
-4.03281698
-13.10406446
-13.96410145
-1.33218582
12.47820139
-5.14941554
-2.48051302
0.83226271
1.68426717
-1.50386291
7.71096454
13.29487561
14.40849215
-13.96586683
-0.47964379
4.48102016
