16.19092807
2.15548508
4.77806049
-9.34053719
-2.29880248
2.80404560
-2.40278969
1.15048620
3.60717209
-4.33288886
-15.39225018
-4.12637492
-15.24055546
11.48378599
1.49935666
-1.01975042
-8.01755201
4.58054651
-3.40577669
-8.58154257
2.75496827
-1.03057840
-0.62877050
2.55729214
1.06716294
24.27368473
-11.07626460
0.66613689
-0.31633204
19.27235065
-0.02431925
0.60538340
1.74330466
1.50395088
-0.63178111
-3.54341508
11.16656344
7.18916419
0.01136882
-1.71913421
-10.78740273
-3.56593546
-3.24131131
-1.75724609
13.82779349
4.40904747
-8.87783262
8.61148403
3.81151159
-4.76677500
-7.29563066
-9.59205460
-11.87420807
25.75214470
-11.58949910
-2.89945140
-2.96473858
-1.15362653
-9.55458623
1.39611309
13.81347295
-4.85228619
0.76374030
-17.40496390
0.91081976
9.70768827
4.21804065
-3.24576983
9.34302001
5.01535492
-1.92350665
5.09257107
-0.13265129
-2.26764807
8.83679717
4.87682067
3.66438729
6.36193797
6.40684147
-1.39896199
-19.66560482
23.17666770
-3.46552966
1.66848211
7.98232755
-3.48488971
13.03086813
-0.53465595
-4.01666708
-3.48967198
3.68003725
6.21142106
0.10048382
-3.71753666
-0.39441046
1.90045272
-0.37682794
-3.13780543
-0.30498768
-8.61335234
2.67443893
-1.68999209
-2.95012172
9.40023712
5.50110814
-7.84398431
-5.02621023
-0.32391076
-3.55975390
-15.53379460
0.30795862
-8.52351822
0.41866901
8.87974224
-1.01802300
-0.64800169
4.08036247
-1.38566672
14.56039079
-1.71216882
10.67581338
-0.10651222
-2.41889652
0.54898079
-3.31147099
2.36308199
-20.53610180
-13.58855363
0.73159009
-10.19643082
1.18153758
-1.06532670
0.05688118
-13.20589322
-0.09259896
-20.45078236
-1.22333368
-15.88248006
9.38871099
3.04135301
-7.96958833
4.46824292
16.55155164
-5.64627025
6.37519137
0.50240093
-6.20385165
6.62720861
3.92388884
1.33365307
-15.65134197
1.04264897
1.79623256
4.47132439
-8.77565071
6.14259294
-7.99719643
0.28028680
-7.50552466
-3.81048886
-13.99669647
-6.82818028
0.76373462
-2.36813783
2.31635350
-14.97447480
7.92890365
-6.85747245
0.10885748
2.36824416
3.10027333
-16.06887875
20.39077521
2.30976035
0.45304816
-0.85441749
-0.98082045
-4.83956568
2.21593063
6.21672849
-8.22169621
2.88878858
-2.70589178
-11.47758557
5.56294764
0.59729106
-10.03304184
-13.76616244
-1.27567148
2.78243348
-6.08082639
-0.79160458
4.53018217
8.12466891
1.69651623
-0.38053389
-6.33687428
-8.62823625
-2.21356183
0.56898854
5.80730294
-3.86318115
18.61298998
0.00000000
-7.49336639
-6.58353287
-5.73214995
-1.05962128
-11.53807843
5.79163050
28.61250537
20.36234326
18.80398086
8.26052068
-1.94759993
-7.12704548
-0.12167137
-7.48106484
13.07862539
-0.18822103
-9.90270527
0.82285100
0.37458410
-0.61884594
0.65118610
-1.05505902
1.61258243
-9.64237888
0.43964224
1.09669770
0.41497322
-1.56757791
-0.13256348
3.09090454
7.19118903
-3.21792761
16.96621318
2.54773139
-6.54510049
0.87029244
3.98822431
10.40756778
-14.57965016
1.48760587
0.02973949
2.27546077
-0.01085129
1.34886891
-10.27989769
-0.08044615
-3.10182827
-1.09988871
23.89601794
6.20706877
10.88384700
24.13276801
-2.10990269
1.83439879
6.30343520
1.48471150
0.91796756
-0.24975619
-5.76697489
-4.58170916
15.97884525
-19.37262863
3.08310043
-1.37528706
12.00506798
-11.53846533
-14.45421806
-9.04079050
-2.18595492
-0.83335881
11.79663680
20.53094650
25.42070162
9.60501452
0.33019664
-2.26520020
24.64801411
-9.68670683
-2.02264481
1.71426155
13.08223252
-1.31956838
-1.56980305
2.68802116
-21.40285108
-5.15531101
-3.96370501
-4.06009262
-0.09842014
-1.32268616
8.58860250
-11.40778115
3.33620227
2.26748486
3.57863916
-7.04608439
0.92716389
15.59553206
-0.14604071
-1.82358055
-17.38949792
-10.08679579
0.47209998
-4.15742564
-1.14488413
6.04096333
-13.56309900
3.58366513
-6.57200160
-5.09657105
-0.64407294
-0.53829302
-5.88241476
5.41479968
-8.65818982
12.01153354
14.34960792
11.45770272
4.59528397
4.36298047
4.67597662
-3.28350870
-0.53435143
-32.09963827
-7.67626987
20.20540618
-3.39664479
1.23373999
12.83996437
-7.10078844
-6.58554326
-5.91166100
2.14250655
0.37575466
-0.80542356
-9.46292851
-0.01019168
0.06909827
16.02830841
-10.68563829
0.14997284
-16.28933564
0.02396103
4.36279291
8.33913164
25.10312660
-3.40342176
-0.27785491
0.34178096
-3.25147827
-1.34732501
-2.12608634
2.48487268
1.14880694
-0.34016347
-4.41878500
4.44303632
8.30307247
1.96757463
9.14646101
-6.80594324
0.44019573
7.96934233
8.08211459
1.79250461
0.00628269
-1.62174854
-2.62394245
5.96290461
1.61514630
6.50852529
-4.89987818
-2.59981769
-9.62100454
5.20938843
1.55695192
0.00814677
-3.42092558
-0.37853845
-0.58924665
-0.94622373
-0.18603780
-0.94127481
12.83372239
-0.60249960
-5.41577515
0.71277487
0.48107888
-9.67444394
0.20526554
4.44814105
6.96521294
5.00398632
1.44332076
-14.59568056
-0.45286892
0.04423261
1.33929966
0.72575106
0.68508663
3.34767093
0.97635090
-10.11267045
-0.00464821
-16.40408991
-17.13337393
8.91125390
4.58896622
0.53653744
-0.54152253
10.73449447
1.86200676
5.95008793
0.52613525
-2.56913959
6.98448025
-5.56886940
-9.43569373
4.52100937
7.67785217
10.17570981
-7.94578424
-14.92040893
8.15034816
-3.28612706
3.17746447
5.19188145
13.32555769
2.77466413
-1.58100058
-0.04380594
6.00684603
-15.01868782
5.86518515
-1.08758713
-7.92207434
11.89560140
-4.86844981
0.61971111
5.77823546
3.34891816
8.11168290
5.09542432
0.69150297
-5.34216407
0.01758339
1.14830339
-2.53640817
-6.65904443
-1.01631344
19.84128724
-3.47696658
-0.68190232
1.11597220
0.07591311
0.39088223
-1.01824658
-4.31555278
-0.85245209
-4.38116833
0.16838951
1.49221392
1.03386714
-7.54658561
-1.77998768
13.11590188
0.57202081
-8.86723638
-13.49903648
-12.78152583
-6.96407540
11.29890875
0.94004239
-0.58961216
8.24546243
-8.44151387
1.60379224
-4.36330396
-4.06871502
-1.55890638
-5.22032210
-1.99727652
1.63768980
-5.56459492
0.28342270
-4.45029034
0.72182369
9.65518114
0.55018149
0.67015149
-3.01917505
0.07869011
7.87957777
2.07118198
-5.31092122
-5.04496111
-0.61481961
2.89151184
-0.81694630
8.33736658
-24.91994592
17.58310344
-9.84717894
17.68629604
-12.51242499
27.55388972
-19.08918663
-19.00194423
2.30996106
0.79266518
2.45533506
-0.31750677
10.82245771
8.56034543
-4.98110037
-6.57747164
6.78010069
-0.06328548
-1.47652218
-2.76612806
-2.83432128
-14.15402241
15.01333723
4.88204791
7.45649015
-4.99440032
-23.95148484
9.68591071
-0.36179661
8.46071886
-0.95829241
-2.76251197
4.97697264
6.45640218
11.75189194
15.95801478
-11.34129709
21.26520890
-15.80449466
7.49071521
0.07631743
-6.81176705
0.05628468
0.00370882
16.11392464
11.98826517
18.18141695
-9.62666542
-9.72014890
-18.14139082
-11.76246416
-19.74758206
7.32502052
1.36976553
2.13749960
-12.57390426
-22.71660475
-8.75786456
3.35307591
2.69446841
-3.72127306
-2.40931116
2.25264613
6.40082236
-13.80574400
-15.35453686
16.74892722
18.43082272
-1.92148394
-0.69130352
12.72904495
-2.69097802
32.44381889
-5.49665694
7.52593603
10.26765120
-1.28803213
0.26534122
-8.62308443
0.69333193
-1.37200390
10.06967303
-0.47134596
0.94660387
11.60676599
-5.29268114
-5.81782740
13.33712062
4.19330538
-2.49707696
-0.92692087
0.01257278
2.71979870
-13.31881801
0.07529649
8.14413352
-0.70676121
4.06558624
-2.76631378
-16.73643533
1.13939051
0.79327200
-2.28014203
0.86462546
5.75009731
-2.54711530
-5.73791626
5.09451247
-2.98700515
-1.58104324
3.89158051
7.29762640
-13.06431228
0.27208418
12.82510766
12.60142955
-12.15177064
-3.58886989
4.43331576
6.22195305
10.83444686
7.04955278
-15.82082232
15.97347023
-0.14642172
-0.94350848
0.54335033
-2.83213417
-2.59406419
3.00512889
7.44232939
-3.69592310
15.20778431
5.86347203
-1.00195430
-8.03251025
-12.73984801
9.33016732
15.84376997
-12.25093880
-4.88775686
12.67807386
-2.52001796
1.88013650
-2.67821423
-11.17297470
-9.57672640
-9.84397734
-3.39592209
13.55828830
-11.05206957
9.91519644
-3.07629886
12.21002594
-1.95816194
3.60690553
3.54426273
-12.89205657
3.00008731
-9.85055689
-4.23545325
-13.83962309
-5.46453683
-9.38314518
-4.20050119
0.07416579
10.94402636
0.36515997
-0.01313570
0.81583503
-1.38415846
0.90012991
-6.47182810
10.33212833
9.81742895
0.01433796
2.36858369
0.12994504
-8.76413984
7.78419018
6.94374000
15.58194790
-5.39191448
-3.50857165
-6.33618649
-20.80916728
-7.78295627
-4.14408641
-1.61502769
0.46118496
0.00684294
-1.17405918
-0.78157838
5.94025438
20.06394878
-22.91788082
13.31111742
-2.78485896
0.44926787
0.28821748
5.84483683
-4.03603616
1.86157631
2.70572279
17.52714845
-10.54370216
7.72351493
11.89880430
-3.18068830
-1.78607024
-0.64067343
-1.10117324
-1.52093544
-2.70598996
0.87299898
0.22130194
-4.93260169
7.69718036
-5.59777295
-15.72618743
-4.54848567
0.09039677
-0.86626552
-7.04309475
12.70716226
2.95126288
-0.83319914
11.06704369
9.36841597
-11.61159293
-14.61562325
9.53381692
-3.22329417
-0.83341863
-7.17030906
-3.79213584
-2.09213480
-1.11834457
4.48462811
0.11157320
0.84410150
-2.45682025
-9.85253050
-11.42671200
13.87431575
8.19785501
-12.44343842
-0.54178807
2.99475296
6.50652331
8.09643299
2.59716226
-2.49356423
-4.92398659
-3.17037360
9.12752015
1.66543260
-2.49280589
-2.99278005
-0.13247930
0.39301641
0.00460209
2.15338801
1.61823056
-8.56510323
10.07298791
-7.59256199
17.91200109
-21.58330041
2.46077944
0.90344996
-7.13488060
1.81564341
-3.24332068
0.88100298
5.22629690
3.60141149
0.06087821
0.43105443
0.36982276
-1.60418077
11.55378953
-7.39795370
-11.95449669
-9.08072913
6.51387168
8.87021358
-5.97485956
-7.47706004
-3.15709171
3.77890802
3.01358212
-12.06091613
4.03567402
6.10730021
-3.70039674
-2.54354682
-3.14808538
-0.93631875
0.40821656
-0.76854825
-2.34653428
-2.87300322
-0.84227617
-4.03349798
5.73729695
-19.16476379
-0.78360105
-5.20980692
4.29185968
-1.12016634
1.77090460
0.22620557
-4.74496570
-4.36229494
12.43747557
19.45982015
-11.02648433
-8.05986768
0.70054708
-2.08006649
2.21803258
10.17270048
2.42403768
7.06763783
3.10189785
-4.93276673
-7.46820043
-14.36742972
3.85477928
3.36573389
-11.27230285
-14.03047937
2.56605369
9.16951636
-6.45092110
27.04536412
-15.44849697
-26.07827991
-27.21052095
-7.12240747
19.02218525
3.54218392
3.49879189
