5.61325723
-0.07278059
-0.73224801
6.19803917
-1.31739582
0.09105511
8.42117310
-3.74059457
2.31833241
-10.86876517
-9.73329585
-12.10190159
6.35545266
4.71316679
9.85244166
-9.62858217
23.08541835
-9.90884548
3.24171317
3.21165624
11.13052099
-6.75694288
1.72676246
-10.96523056
-0.55825879
-21.20330153
-24.75269888
2.36438361
-15.62415443
-13.96938863
1.84165505
2.68199401
11.35278134
-0.00456376
-6.03257150
16.78409395
-14.42801314
-21.70516779
-2.30348926
-3.42092038
-16.00562544
-9.49551556
3.20693951
-16.57477574
5.09344751
6.64565598
14.01275723
-4.43383743
-1.95472638
-14.84102988
1.03989954
18.32637702
-22.63660034
-22.13464659
-7.11292702
-4.72707558
0.44874425
-6.95346026
16.58611050
-0.01748612
21.69047562
-12.62324938
12.73463518
16.87859842
-3.27200449
-2.90272881
1.12243645
9.10793731
0.77046284
1.25260870
11.08705700
-13.74307959
-2.16852354
3.61811121
-8.24508037
0.88150989
22.54247466
-8.92741683
-15.50408327
0.01999447
23.72008103
-0.51394344
-0.34371696
0.56959197
5.06953885
-23.85454022
-1.63638014
-6.00751715
6.95095377
9.59942102
28.74381373
11.26955338
-0.43762176
8.93460031
-1.10947253
0.18277551
0.59899514
7.10505008
-3.20816069
20.77112109
6.23116529
-2.13093443
-30.28121327
-6.52055430
-14.70814091
20.48092636
4.88125673
0.03383249
-5.67114679
-10.74013518
-9.23820725
14.17221626
2.01144431
4.25656264
0.33992599
-4.39040669
-8.20920633
-6.31164702
-1.78756030
0.00696737
0.44287139
-7.85877116
10.13662979
0.42215963
-5.37926112
3.56194082
23.65423558
-13.11705433
-0.34558762
0.03793221
0.27007617
-4.22487390
30.78415495
13.85458072
-11.66073071
-1.27916118
8.97327232
9.19377617
2.15331266
-1.29165551
24.84582714
8.37389428
-19.63072491
3.87543913
-13.96844178
-2.88440375
7.13539976
4.91637368
4.39370704
4.38538819
5.68847185
-2.03479355
7.81299986
1.93985516
14.57463170
3.22223480
-12.66933342
3.65556363
-13.49602957
-1.74496323
1.87438503
0.53467537
3.43692259
-24.75195768
-2.02037547
-6.19497258
-6.76827632
-14.38823314
1.97347468
-22.22357148
4.99072468
-13.45950507
12.23951743
-0.33955077
-6.87510218
0.40480381
-4.69541034
21.79206341
3.00956301
-8.72904806
12.85431279
-10.61609447
12.43045953
8.73485434
19.45719684
0.47286503
19.03542082
11.09352097
7.53837791
10.76445925
18.06888694
2.70762050
-16.08570640
-9.72356275
0.45083539
0.62734442
-0.44129306
-17.80822428
-7.24484562
6.20236506
0.26627569
1.26810014
0.57363191
5.05207531
10.20758495
14.18777446
2.08441414
-7.32354922
3.21565175
-16.45661137
2.68709813
-24.63470615
-4.25865202
14.07948417
-2.00337209
10.58443159
2.73473883
0.13207788
30.48406286
-0.93219492
-19.82539896
-11.83190401
12.97344377
-11.60476288
-2.47575490
-4.14812747
-5.67689844
-1.29045453
-1.90046618
-0.01466213
-0.98157704
6.37924220
-0.76272051
6.95950189
12.66093044
3.29635897
10.53282526
4.11157725
8.37638418
0.24597245
-0.99115563
5.20353099
-15.53694720
-6.23857608
0.56759757
0.94701731
-1.76074967
5.31672962
11.82405136
6.79621973
0.47265589
-5.25128417
-2.64213618
-6.13206165
-17.77384735
-3.82307510
-4.34387537
0.07032192
-7.82546446
-9.10140754
-3.22895534
0.00311949
1.01056608
-4.52052532
-18.11430827
-12.71294725
0.85740339
11.40780283
20.83237503
11.71716185
8.23557166
3.03497756
-3.31375005
22.08424966
7.44742358
31.84600089
11.16888970
6.33629103
1.99790072
10.60568993
-23.28223898
-6.12446868
0.86737095
1.35842311
-12.84302919
21.35056096
-1.23157603
-0.94533705
9.14840386
-27.82421848
-14.39344094
-2.62507627
-1.63214732
0.01205513
20.26334338
-2.58114806
2.91794101
-0.92842258
6.91208408
19.68561482
0.05601297
32.65570472
-0.84494455
3.26687898
0.67058951
-17.22433508
-10.44908245
3.58079280
4.42703262
-1.11828876
-14.33878207
11.17518553
-3.12430317
-10.33745408
-1.14906909
0.08366801
8.37026663
-2.77318123
9.47793034
13.90980285
-3.22818396
-14.43969610
-5.81279037
-4.20601314
-8.68796439
4.52153025
-9.27300747
-16.37827235
8.36742871
12.25910279
5.17538234
5.41474304
19.86663185
-13.11599897
4.56894739
29.73087171
0.24666281
1.24351743
1.11361032
11.69578327
17.95473835
-8.86253059
1.13258111
4.67021428
-19.73133822
8.34375859
0.14791453
0.77763898
-9.70089655
33.20726362
6.02681829
1.75143140
-2.06192523
-5.89961012
1.57720905
-0.57828477
6.32636862
-1.50278469
16.54435740
2.87349798
17.94565806
-0.75031267
-7.09235368
-13.29498808
4.12305133
-8.37591467
-9.63227598
22.40027800
-4.12634882
0.81722674
-4.43216526
-2.61872160
9.45245086
-16.42931405
11.62870926
-14.18044861
-12.10988363
-15.52359088
-8.42052972
16.44639305
-6.13760440
7.63111476
5.68266153
2.68197344
-20.92415443
-2.20550894
31.76258074
-1.56104328
1.03791606
10.89324177
-1.30188395
0.01834632
-20.84871072
0.31036415
-11.80749025
5.41717341
12.77396961
3.73502638
-1.68495412
-7.15348658
0.94263233
-10.79888235
-2.22396084
3.61096387
8.61676460
4.07798724
-6.10090870
0.55129997
13.71303190
8.24862982
13.94586400
24.60942991
0.75861441
-7.02693177
20.02638904
-4.39230513
-1.48684983
-19.25246055
16.66638307
-2.60581989
1.83827697
0.52993708
6.19323674
28.09451627
-18.46232510
-9.89467655
-30.79538827
-16.61944377
-5.21083654
-7.59154841
6.32046360
20.87585161
6.39322648
-11.34682015
1.48482029
9.17603730
-1.72911053
24.09800161
-3.45868810
-1.02826662
18.51123267
17.60018935
-11.96753557
22.14021864
10.78431804
10.58836506
-13.50428233
8.27999498
7.14473202
1.72216925
-9.90098522
-0.23683552
5.77498417
-19.79545491
-25.52247095
-0.85671971
2.82621100
-2.03795932
1.47570934
0.00349941
1.51389114
1.44357851
5.89322569
-1.89378173
0.40544920
3.13214364
1.24757667
5.57482343
9.68085279
-4.89477122
-10.01132127
-8.37808275
-5.84842056
6.28278311
8.13477342
13.96151163
2.42217908
0.00895016
3.21130113
5.94784553
-1.04918445
5.55204961
6.79004177
1.90605126
-13.76785088
-3.16667522
11.57024316
3.83788808
-0.62824370
-6.30069364
-3.42132143
15.19029669
0.14740503
1.95986836
-0.47360317
1.03029284
0.58309113
0.12837027
-7.71237449
0.01895573
2.93612394
-2.64002574
0.86895405
-5.39445500
2.32408856
-17.22775920
25.33134546
-22.12039249
17.86908270
1.97590485
3.58138887
-10.32773699
0.00478237
0.00011037
-0.39567503
-4.74724510
-10.47056126
-8.09169528
-0.11058488
1.76414600
1.28943318
0.07570697
-3.80658860
2.47513394
-3.16270685
3.08617869
-7.60156890
-2.67598389
-9.43842462
6.93156012
11.06918693
-24.75043561
6.20584382
-0.69385767
1.89618230
23.59070754
-26.55621301
24.83138668
13.73002725
10.94656372
-15.74829893
-0.30223970
2.00368717
-29.65559795
1.24553039
7.21313691
5.72677184
-13.86985091
-21.16399709
2.18600955
-5.86153663
-6.48641559
7.45569565
-7.93610256
2.91159949
-15.25632680
7.90404706
-3.31129591
0.72497427
-4.99551033
28.46055332
-23.41169119
-15.91527748
26.24732861
-3.06786530
-1.61984298
2.14391756
0.55754820
9.77266508
12.54886176
-9.30647590
-20.66231026
1.91391637
12.19526640
2.19238658
2.48316569
11.80379298
-34.88373142
24.92505064
-15.44468855
-2.42203832
1.10523636
2.96620977
-2.09680257
-1.05366714
-0.94549759
-0.98428689
-2.59799919
-22.74916289
-16.12479459
2.55656147
6.16590422
-4.72499928
-5.50702726
1.03721474
-0.02791888
-3.27514251
8.09491435
-2.51757808
3.31668945
-5.41523763
-10.78831076
-5.72003031
-26.56908969
-0.25217861
-0.41446625
0.47891720
-5.91564660
-18.44157586
6.63876229
-14.50224871
20.21416829
3.83484175
-2.86007131
-4.60848497
-10.25802627
-13.61082941
-11.84827687
7.63773425
-23.23860924
2.59678694
-14.95065739
-11.04979980
12.19173479
22.44919908
7.57587333
11.14864291
3.84926713
-0.94869677
-7.83072466
0.18377464
-7.35129095
18.03803169
4.29396060
-24.76033544
2.78648686
-22.03903504
-15.70610235
-3.34693597
4.18584359
-3.24944600
11.77070029
11.71472905
-20.09219387
-2.64247285
-0.85681550
1.36032153
-8.22708824
41.88618066
-11.94811204
-31.50885988
-19.15368638
-10.76535920
29.32829226
-11.76332462
25.22622740
0.29379781
33.14467711
-0.19049311
16.63697627
-3.96925544
-19.33044451
-7.33739301
-18.63234431
-5.77311631
3.73615594
-7.91916112
15.33943925
-10.37211773
12.18692752
3.46128579
2.87815295
-0.22558319
-0.00156885
1.49507304
0.55684929
13.53625185
-8.61459647
-9.36162316
14.28328903
-5.12859076
0.78843446
-7.13381005
-1.00909985
28.98501768
14.15589963
23.30018779
-11.76547501
3.54184843
-21.33100799
-25.70497728
-20.00425019
1.53039843
2.62039341
-3.56139511
-0.81900224
-2.16398012
9.67290442
-7.29929010
-11.05408416
-13.01804374
9.56408618
-5.41272014
3.79164150
4.38596392
-2.31775319
2.06252307
-3.09564529
-19.45721363
-2.23742243
22.44293836
-23.94101564
4.49853537
-10.05050557
0.36933724
2.84767715
0.87129284
-0.25210457
-15.69649463
8.11729685
-8.18566673
-18.27741769
-11.05356304
27.35866714
17.97198645
1.39552851
-1.93999076
12.53867228
13.16760041
-5.65023431
-5.09958102
-6.14529599
21.73833352
16.84042497
20.33231854
-5.82046386
0.08951658
-26.31950387
-0.89529818
-0.03610016
-3.11447361
-0.45149813
3.73212470
0.59251770
22.08687428
-33.42091738
-21.51940886
5.02397994
-9.55798674
2.58835399
-11.25838233
10.77336663
12.68781776
-11.18351612
1.72725554
16.36199136
-8.91964550
-19.64984827
10.88843351
-5.06136078
-8.05111035
5.62302141
6.52016412
2.35422505
-4.13122778
0.25948607
-6.99127364
-3.03396102
-20.97060448
-10.54989617
5.89818423
-2.31026121
0.23855497
-18.55090805
11.47710483
16.61853987
0.15772980
5.08162783
-0.00101624
-5.43882744
8.45450339
-1.54692065
13.85093879
-2.97376045
1.98330181
8.74357013
10.90666543
-13.13367448
8.91999925
8.93979372
-8.13609372
14.56976549
-18.02785695
3.16004104
-15.97853684
0.98793239
-14.38919512
-7.62300674
6.94344969
-6.25953083
1.08403931
-14.85669055
2.11602681
-5.00695548
-1.03196662
2.40079221
0.17440244
-2.52191147
-5.04681208
-4.08435632
-1.24714269
6.99849474
-11.22455656
-3.67033656
14.31109866
3.27141254
30.82372425
17.38456874
-2.85264827
-5.14736371
-18.16224284
17.58433370
-17.97381950
9.43773015
-7.44609928
12.09821933
2.58359775
-21.34356270
3.95200605
15.38183920
-4.87062699
21.16414188
8.82335710
18.72173920
-17.18836329
15.50031014
5.97722013
-7.70859887
-13.29620213
-6.32293808
-4.09123597
-1.91147711
-8.44908514
2.02098368
6.81820884
4.29932867
-2.62027854
-25.86052691
-12.39995784
-19.31941291
6.42267287
-26.15442975
14.47885380
0.70204671
26.19357476
30.27998473
-2.30933475
-4.65113641
0.75208685
4.11174101
7.29890899
-14.18287923
3.58504143
18.44610966
5.00284087
10.81995194
-2.95235299
-1.50852740
-5.04889016
16.74820744
-2.64692614
-1.43432513
-25.64284002
5.83190502
-13.19112311
-15.84418556
-6.47191339
-5.53599015
0.95153450
10.85044739
-10.53413665
11.15971587
9.95946914
-1.95698500
-13.19103871
-15.94394067
0.02374955
2.58165478
-5.55919627
4.36507462
-9.00876716
6.88022958
-8.41435949
-16.80747148
-1.59233495
-11.62379534
-10.25638810
3.47059110
-4.29397135
2.04513668
9.87775147
-11.28438376
5.13868889
1.45434902
-5.43637119
-10.81515354
18.83012359
5.90687442
-23.51041060
0.29796299
8.55441704
-17.47611590
2.94305783
1.86444957
1.87134260
0.69467396
1.62452352
1.64331546
-0.19774783
1.12192708
-1.46542803
0.01152496
-2.88227290
-2.76402722
-3.88778818
-2.24802605
-2.43522311
0.07725189
-0.78327225
6.49948321
5.22158231
-9.77637486
0.80473314
5.97375469
-2.47140691
2.04254283
2.30141948
0.53885373
1.91920105
-5.14804424
-9.04112853
6.39512843
8.85292907
22.09261072
1.34460095
0.49990229
1.84572567
-0.58923757
-3.68540496
1.99742695
2.92740136
-17.60577785
-5.11508165
4.65926907
-1.14347610
-3.66458219
-0.16797536
-2.34827995
-5.10232846
-5.87984672
-1.05238679
0.74232822
-3.31842634
0.69929875
3.80638594
3.36280754
-1.82056201
-1.36100487
-5.00128005
5.91435603
11.12339148
7.05808489
20.37367672
15.26093228
0.51583175
-13.93587243
0.40304041
-0.24863514
-0.57070349
-13.68318257
0.64566051
-8.62383704
3.40272614
-14.40357722
-0.14704218
0.83173008
2.31500530
-1.64026745
0.17290928
-0.83082258
0.21164898
-0.18533143
8.32335612
-0.16489287
-3.87994046
1.06466454
-14.04943541
-0.74116765
-9.72653598
-1.71016635
0.23102873
-2.15550932
-1.25734336
0.23756019
6.98750508
4.22612752
0.81579994
5.55393957
-21.64393273
1.11600644
9.91976347
10.14629047
3.44655730
21.06247167
2.80924759
12.03818471
24.78740952
3.91519797
-14.30688080
14.82560887
1.82971264
4.33985834
-6.38772938
6.43144834
1.87793829
4.56383597
2.68255815
-0.08077025
1.56331862
0.10088049
1.12296018
0.50586283
2.10916389
1.89771325
3.23330560
-1.24739230
4.10735229
5.73675511
-5.80705202
14.12429131
9.18325949
1.73938559
3.61792456
1.14010640
3.63053177
-0.98537320
-0.09579802
-1.62727500
-12.52760256
-7.06085656
8.56240058
11.34634176
0.05625034
-3.04357262
1.65599259
5.48486972
25.22267442
-21.55668099
7.85271884
12.71813568
7.35115587
3.35909791
-19.33095052
22.29006364
-8.72412835
-11.77674819
-0.41069016
-13.30586005
2.11082859
8.41080793
-1.87201453
-25.99654831
-2.69197778
23.25283749
-16.30900740
-19.05927871
12.96052283
-25.99737840
-14.20317834
-11.20567120
5.34521713
6.35467590
-29.87263872
-18.59194822
-5.83959100
-24.09951690
29.32241321
37.25713463
0.02336474
-2.50177711
6.82881867
-17.42887471
-4.29230918
-7.51937074
-6.04354321
14.12070823
