6.87946616
-1.93943828
-3.89425925
13.16668505
-1.88693667
0.04665832
5.58942907
-1.84684789
8.73415980
-12.19265872
-10.09114749
-12.55509545
13.10016212
-8.01311208
10.58343771
-3.10090788
23.31048911
-10.99189887
2.30158923
-0.12336784
14.46795406
-2.65869705
2.69478500
-19.95962565
4.82439548
-0.49624391
-21.95903507
5.17573061
-16.49783791
5.84299137
2.10732427
3.49660725
18.24003456
-0.00029613
-0.88124441
19.93400332
-13.31626088
-30.60003516
-1.52613754
-2.30472211
-17.07603310
1.70170344
2.10022079
-22.16366376
4.03259670
-0.44158638
6.25821505
2.26848760
-2.41577541
-19.26653440
4.41034385
-6.77406582
-8.24453882
-21.07979026
-7.89181730
-4.85278517
1.19238484
-7.80023614
17.27178996
1.03118155
15.62643905
-12.42200596
9.77418181
4.50158173
-3.28714072
3.33624948
7.16740641
8.88300820
-21.30223787
3.01028869
16.02014636
-8.45832698
-2.73220485
-0.56274387
-13.15178287
-0.23197154
21.89919921
-7.88576579
6.57315966
-0.03488026
1.24127447
-2.85640845
-2.91362915
0.49587996
4.74406575
-12.32395591
-9.53289181
-6.43093200
7.89270908
4.37891182
10.84853969
-26.16179175
-2.60437379
10.20673295
-0.38616528
-0.42750762
-1.18318159
-6.23477165
-3.63592996
-9.15058808
-4.68442288
2.51814481
-28.85265263
-5.42838959
-15.29320304
11.41326334
2.60592748
-0.06571423
6.57166427
19.84612429
-6.78506867
12.26448025
0.84426315
4.42681937
0.06250504
-4.10237284
-7.20469478
-1.34627419
-2.12827368
0.05453538
7.17354208
-7.07724654
3.69647699
0.49812236
-9.62934000
3.72783591
24.23619582
-15.96602175
-0.23628855
0.03012995
-0.31027585
-1.57544218
-3.38008019
13.32017164
-16.89445436
8.96120756
15.23046731
4.21418873
2.28928370
-0.03242925
14.46003548
10.39045536
-4.96122000
2.85415008
-0.85000801
-2.14659211
7.63613963
6.37861695
5.53599003
4.05632943
10.82698711
-4.18788973
6.35336788
1.44374885
21.98769827
3.08972086
-5.65875350
4.28834620
-13.73391310
6.82554938
-1.92196378
3.43413621
-1.43400571
-25.74364405
-2.23527362
-9.92597805
2.61485274
6.76765321
0.95049370
-0.71610486
4.18134237
-16.45998786
11.97272726
2.93584679
-12.57520037
-0.80895553
-2.82399445
14.65762263
3.31523548
-2.68447104
13.14857399
-7.95994962
16.40479046
-2.29544888
2.03620889
1.31944903
17.33596084
-2.56351734
11.88234836
18.73568488
-0.10813297
-0.47104975
-18.67301546
-11.14996784
-0.03141217
0.60745714
1.19863273
-13.65924773
-7.72065292
3.40407297
-3.18659200
-0.17204964
4.79576780
6.18620627
10.07086645
14.08313199
1.96686450
-9.73798851
2.91041676
-9.20013869
2.51043186
-9.87311122
7.25318022
12.05592262
-1.46538680
8.79500310
4.25717851
1.62481755
28.17716689
2.47925578
5.19216846
-16.47457635
13.82026561
-16.72360901
0.88015445
-1.53802934
21.21360127
1.96376621
-2.19240999
-0.04988835
-1.43714842
3.52516161
-0.73537410
2.15063744
1.66380766
1.93168569
8.76367404
8.05745119
9.28639013
-0.48328068
-0.66508357
-3.16556133
-18.94160036
-8.61404998
0.67089706
-0.37876465
-2.16053157
3.72752372
11.93175636
8.73331603
0.90289729
3.76048224
0.42585698
-2.13654708
-0.21576509
-0.14432056
-3.97455221
0.02544200
-11.55435986
-14.41000680
-2.90287203
-0.00077844
-16.84673267
-27.44503085
9.79070712
-0.18210534
-1.64889062
2.33993867
-14.98789538
16.66026211
8.94315287
17.16365741
-2.38094473
-0.12519003
8.51739720
24.96335209
10.38160313
1.09367294
1.82375424
10.47397034
-22.93848145
-6.61836859
0.73685257
0.67415480
-4.66658992
-12.81572557
-2.52913917
-2.01889361
11.28692226
-32.46752626
-12.50073755
-3.96035844
-1.50573846
0.01252349
21.71614318
-6.52760602
2.60485788
-0.49353928
4.58024905
15.16352273
1.09903375
23.28704395
0.50481853
-0.33461615
1.23590736
-18.00308241
-7.21745678
7.43174827
18.84071087
3.05573941
-15.69139084
9.20850363
-3.07288161
-5.55488974
-1.34345926
-0.00752916
0.79947351
-5.37094076
8.19906307
23.77909433
-0.89330695
12.56656282
-5.56544328
-3.48157117
19.94689942
5.03424624
-17.01318462
-14.68799152
9.46571898
1.96996670
5.19403439
0.98574874
22.62800740
-16.32677414
9.41981788
-3.64789537
0.29682407
1.64848791
2.65527191
13.05243785
6.13294002
-7.22116402
10.30182537
6.21655662
-16.18528982
5.39962957
0.40467060
1.75482703
-27.43530246
30.84136769
-1.46891204
1.61339208
-1.20211460
-5.47508465
3.45671382
-11.99460760
-7.49465958
0.92207798
5.23793445
3.74288636
17.16923109
-6.78301326
-2.76657292
-3.18404419
0.00602658
-11.50400842
-6.43038842
3.15684539
-0.71914992
0.02509187
-1.94290674
-3.30369304
8.58503925
-7.45360681
9.10240926
-8.90473962
-5.97973270
-1.42450594
-8.95818890
0.38545518
-4.61135103
11.58821128
5.28029124
1.70681101
8.81515007
0.43837435
19.12604725
-0.17658507
1.51696264
9.99285730
-2.25622179
-0.02770785
-23.18748568
0.74614240
-10.10617272
-5.54697392
1.98398786
3.36645008
-5.60318888
8.03234115
0.90044841
-9.42644651
-1.65944549
2.70898827
8.52575677
0.71049604
-4.81858684
0.63909212
14.42648302
9.13625322
13.62090016
24.54493036
0.15708954
-8.98385698
17.46072408
-6.53821913
-1.32625409
-16.95415190
10.94786414
-4.03678909
6.09904957
-5.19369034
6.55704963
27.60743807
-18.71151478
-12.75238986
-32.04327745
-15.54827712
-6.38538489
-6.43324933
3.50672159
31.04155106
7.47647060
-8.79693701
1.33203110
5.31747713
5.71629618
-21.67082710
-3.83318970
-1.24727558
-11.84880723
15.79781132
-7.50760613
1.47044329
12.26229107
13.28870539
-9.23327657
22.19262796
3.71896249
2.03296157
-6.12584006
2.02841255
-22.45451271
3.17723151
-12.90795515
4.03863392
2.16802797
-3.89932318
0.24679106
0.03272007
-1.06229647
1.33337340
5.02640162
-1.65048610
0.24417518
2.12668159
3.18477528
1.49232593
11.32032014
-5.03449888
-10.50632949
-13.86647851
-11.26390788
0.92128424
6.64319977
12.97874321
1.70653806
0.00747981
2.30861645
2.01182284
-5.88182034
6.95878266
6.82588079
1.66074179
11.74894196
-1.46762659
9.49787723
2.86516299
-0.06487247
-7.61988453
-2.89085054
13.23027299
0.00745085
2.08057506
0.04286986
1.49196594
-2.88483116
0.92339479
-5.86484932
0.01417134
4.08175383
-0.33176502
0.17516377
-8.48427311
4.53681414
-7.57034739
26.73473857
-13.01949182
20.89011324
3.12642888
22.86616370
-6.80329273
-0.00074284
0.37061728
-0.48391360
-10.96450158
-4.65212842
10.38329641
10.01578091
-1.76131930
8.23419155
-0.80877057
-0.74933002
-0.30179103
23.00397844
-10.61653813
9.89192075
-4.16511613
11.61734757
-4.51643827
-2.11569299
-6.16835336
-1.66131385
-11.98898185
-0.36884681
0.88785049
-11.30498172
-3.76053301
-3.24723443
-8.27788072
21.74555300
-11.90786145
-1.63268581
19.55662406
-0.95607400
-2.74800156
-1.46595863
-0.67156988
-21.22687596
-2.16090693
-0.96291977
-0.12073616
5.44260396
-15.31985278
-1.37136376
5.62853285
-1.85566754
-4.01079949
1.13919053
-5.83556875
27.90110174
-21.55737376
-15.65061292
27.37031756
-4.00440308
-1.71198186
1.54451851
1.15321207
4.75942690
3.06354371
10.42101682
-14.45148736
3.59643180
-15.03646831
4.47551199
3.67187089
0.51679986
-32.74639755
15.77390045
5.66690359
-0.78278807
0.70553865
4.17000971
-0.72179937
-0.51960126
-2.90253289
-0.82792515
-3.91348837
-25.01922691
-15.75904469
1.22639485
5.69401269
4.15753927
-6.62776829
2.51180256
-0.07401285
-3.67467421
7.68847289
-1.91483107
13.71559333
-6.40930123
-15.06687956
-4.69160768
-19.15777644
-0.97093660
1.43401044
0.25531154
-1.72360619
-20.25914189
6.71663420
-13.08313888
21.44509805
7.62242853
-14.06585914
-6.65285086
-14.76846215
20.55735367
-16.34817800
-26.65667431
-22.86809774
3.47071703
-11.99064907
-11.58803040
11.97689443
18.53584462
4.07801911
10.25435571
-1.01981767
-0.96546704
-6.07033879
0.27693110
-7.91290742
18.24605877
5.01172037
-25.32457144
5.14470312
-22.29053406
-10.34752523
-3.47830733
-11.15509289
-13.07309992
17.02269282
3.71237593
-17.95711957
-2.79325172
1.52398161
0.85882544
-7.18150120
-2.25025587
-3.09927283
-23.23635345
-20.91804027
-10.26396322
27.70243379
-2.48216485
27.35808170
0.47751038
30.99405069
-0.41040661
20.91660710
-4.16814982
-23.70379738
-9.98540351
-12.40261602
-8.18682923
-5.45837988
-4.24622023
13.12033383
12.40455461
0.27656258
-11.76266384
0.75981419
-0.15243223
-0.03406327
7.36673526
0.00377778
-0.21997321
-13.45991343
-4.32952437
1.66997191
2.80997393
-0.53974961
-8.53455139
0.65174128
32.95817727
15.73166504
22.01265681
-9.80289106
-7.51201735
-17.98578162
-27.08622126
-20.54755885
-0.34092053
-0.30790646
-4.06363302
0.03446455
-2.96723497
12.19888981
3.24743544
0.62860059
-13.34603331
0.68377928
0.45313722
2.75818987
2.67957244
-2.27213486
3.18095286
-5.28804599
-11.93355343
-0.78022149
20.70807090
-16.82607701
0.48597730
-2.27490240
1.01366876
-1.55726845
5.13170001
-5.96533657
-22.35799510
0.79202663
-9.63290748
-18.49959272
-4.99952902
27.48531576
10.20804377
-6.99328146
-4.63707387
8.07375532
11.24605249
-4.36137232
-6.07664133
-4.88325296
23.90842605
5.62977895
16.80969711
-5.30814969
-0.16510975
-2.14771654
-4.57314538
-5.00463249
-2.95453925
-1.30881764
4.00272087
0.85624972
5.07968326
-20.92220654
-30.13977236
-5.14006446
-3.63588605
11.61720334
-9.60591233
10.25235662
2.18181346
-9.91637911
-7.22291422
-5.94784313
-16.97980684
3.80855369
5.45012918
-14.12244220
-2.73333383
2.43733881
0.94638652
-15.81050816
-5.60319151
0.83916943
-5.88716013
-1.58176044
-10.26205010
-10.22503638
19.96755671
2.68131954
-0.10033662
-19.37868988
-12.92973606
15.47393898
0.68301810
5.50436312
0.10089634
-5.01466852
9.25444919
-1.46094473
14.90930453
-1.61296905
7.16266597
7.60675422
13.11992132
-16.94329574
12.13136207
6.21505708
-8.01522104
14.92304247
-15.67476864
-1.56321474
-12.71519649
2.05112579
-7.67444573
0.26257121
6.97894430
-6.15349306
1.58864278
10.30079078
2.87652722
0.98638463
-1.25045806
-4.45640001
2.73055379
-1.99475391
-8.02410702
-3.90403437
-6.55879238
6.35746417
-9.82520201
0.37086041
12.33183255
1.33359775
27.98815814
25.23911592
-4.42276747
-3.34714395
-18.09069490
17.81496193
-15.43234391
9.15898146
-9.72447540
12.29819541
3.03832041
-21.51152928
3.04719158
17.63089244
0.28181559
22.59023024
11.70952785
17.41849820
-17.84027396
11.28330379
9.90226316
-7.36677765
-14.21282830
-7.99067220
-10.04654154
14.03838290
2.71030220
-2.20879611
8.60082375
-3.09156998
-1.80213577
-28.24315740
-11.19840208
-20.30395012
7.40025444
-23.93867846
11.67875208
2.27941851
23.64551802
29.51091290
-1.81311418
-2.99766447
0.84920213
2.45030950
5.62677735
-9.24544750
2.85779760
6.34138157
5.81860072
8.21850879
-1.30096141
-7.13670914
-7.01502845
14.65276052
-2.31903540
-9.10934996
2.84522872
-2.12082064
-12.51320780
-19.70408483
4.32195681
0.96777444
2.09067411
11.42819660
-0.06190045
10.26324497
0.50511956
0.82796630
4.34872887
-9.41886089
0.95065224
7.14577645
-8.80659172
2.45816245
-12.00124154
20.02707825
-6.93919305
-14.88753955
-3.20350428
-21.46924866
-0.55149419
0.15899406
-2.50040724
1.09908291
4.16557878
-9.78783011
4.73197752
-0.19751397
-6.16253658
-13.14752663
-15.58716204
-6.39060497
4.69149491
8.72202438
16.18234967
-11.61809438
2.37250723
1.69757125
2.17264030
0.78254749
1.76945802
3.33323480
-0.25164909
1.11458110
-1.07299875
0.01045689
-2.60232624
-1.91156488
1.26481853
-1.97518447
-0.82123404
3.69598688
1.22554330
6.34606812
3.25209812
-7.91238579
0.22100383
4.37473196
-2.94357511
0.51814213
4.26066613
1.41082755
-3.81033062
0.35425798
-13.80401041
13.54377580
10.05324839
21.92643014
4.03057201
-1.79975504
-9.92689529
-4.65274500
-4.55569245
5.75705943
9.81726202
-20.89814140
-0.72868936
2.63810201
-3.95035974
-5.75391082
3.33071399
-2.52279826
-6.46028501
6.13172807
-1.91263015
-13.52747827
0.06369160
1.49328347
-3.12374323
8.20967933
-4.60947764
-0.07225377
13.44496240
3.20958449
14.32563910
9.19551586
-0.53253815
11.80167308
1.63804058
-15.41002596
-0.15638981
5.25963930
-0.66641668
-3.76709106
0.11685133
-4.57919873
3.00296820
-13.39587084
-0.00342224
0.92796095
2.13213480
-1.62680770
0.32459650
-0.93092009
0.01941457
-0.50504770
11.09224772
2.07141289
-1.19376254
-2.97119570
-16.44391275
-1.39839192
-10.23733217
-2.33078642
0.20520855
-3.74400777
-1.41654427
-6.42504491
7.69712395
7.14620124
0.54817026
10.11671698
-22.41070440
8.86298424
1.54404939
5.46377732
-3.22343725
14.86670922
-9.97633451
-11.90791498
-1.42762366
16.17654821
-13.84020387
8.18439111
4.43107730
8.24070468
-10.08686601
20.76742867
0.12186741
8.57768598
2.96823162
0.04672527
2.41410613
0.37227239
0.97370840
3.41968484
0.93849239
-5.74111707
3.49778748
9.92449013
15.75450500
-21.17997978
-15.39687810
6.54438582
8.61201858
2.49355791
2.83096642
0.80679442
-3.69179350
0.88884665
-0.59328691
0.84592080
-4.93152871
2.64113229
19.53298890
34.72347954
-5.61439106
11.84967439
5.17676536
24.11008024
