2.46568829
3.12205417
1.97966231
1.10773443
-1.05022315
1.24348665
2.65358768
-0.04305907
-0.81645150
0.84105311
3.29789565
1.30949423
0.86229286
4.40790515
0.47792445
1.20435066
-6.41357743
3.47677980
0.45465954
-2.63875732
5.58990775
-0.31405079
-2.97654344
-4.98407559
-0.95874880
5.00799521
-4.28005779
1.68835974
4.13141650
3.72367603
-0.26509570
-2.98609654
1.91098375
0.74782759
-0.65886018
-3.95550478
4.18902079
-2.75981086
-0.33182347
-0.79712025
-7.71346565
-1.13964499
-0.51622662
-2.85038947
3.22335715
2.79325794
2.31054769
-3.90338537
-9.48557597
5.32554635
-4.30197155
5.01691121
-2.07595423
8.98888971
-1.26260688
-3.31902663
0.46759570
1.41810909
-2.83850181
0.44529261
-1.30361946
-4.33580301
0.86440481
0.23157265
0.66942092
5.38141518
-5.84546456
2.44064918
1.21512570
0.52305674
-3.48750209
0.73313976
0.00042328
-1.75975129
-1.84369116
0.59386318
0.67117046
-2.27339635
-0.97828545
-0.02248057
2.57962007
2.77469894
0.81134676
1.51390792
3.16419611
4.66456631
-1.50643948
0.73259376
-0.47286720
-1.08914325
-1.51959338
2.35127394
0.19174636
0.60857775
-0.19016121
-0.85919350
1.19046374
0.46818254
-0.74001862
1.04899105
-0.08445226
0.33779388
-5.70972157
-0.19014935
-1.79835812
-1.31437456
-2.03715997
-0.14291584
-2.40361490
-0.25735651
0.36293643
-7.58488542
-2.43718896
0.00377174
0.51680282
-0.02016301
-4.98149134
-7.17403363
-1.16817843
-1.21888664
-1.44730317
-0.51004120
-1.16285491
-0.01765990
-1.84348629
-0.28708815
2.25715956
-6.07564796
-0.10261357
-3.71633216
-0.37865718
1.70008435
2.70039065
4.03108797
6.04776963
-0.00001276
-0.35449348
-3.03336642
-2.23658245
-0.99263478
-2.61364215
3.12652951
3.23264087
5.86088157
-2.38413166
-0.66173248
-1.42660475
-4.19401627
4.52220488
-0.12108761
5.97191309
-0.02909461
3.31153601
-0.01352594
-0.43697345
-1.25311763
-3.27103138
-0.00901330
-0.28780580
-0.60787190
-2.92040436
-0.33775260
-0.41786309
1.93551199
-5.34928995
-0.98912766
-3.66912373
-2.76271294
0.15280646
1.28954378
-0.78921262
-2.67384528
6.17688105
1.28032164
-4.14795987
-0.32162086
-1.09604810
0.70351889
-1.18284603
4.17156792
4.00202110
-2.93865179
-1.53926834
4.36683711
-0.14153872
0.05755741
0.85752569
0.86001880
-2.48655347
7.46185181
1.66029356
0.97441154
-0.98889911
-3.30365109
-0.34707725
-0.19104283
-5.33177327
0.76386989
-2.00401880
1.73874391
-0.17882428
0.00044826
-1.40400837
0.70870779
0.88295945
5.56806359
-0.46088984
-0.58125104
1.16388205
0.57836343
1.60794389
-3.80526844
-2.24247660
1.40247360
1.32872459
2.00137466
1.49719605
0.10617634
4.27926811
3.94022981
-0.56553471
-0.46237392
9.21423303
1.61162025
3.38898542
-0.38438165
3.53206222
-3.21868433
0.00169696
0.30095584
-1.68696071
0.70078377
0.25535618
4.61025111
-2.53820993
-0.15260149
3.22326987
4.98657146
-1.80890649
-3.65737147
1.91252913
0.09347542
4.00613327
-5.53161728
-0.44704028
2.15505202
-0.92022134
1.24991646
-3.70357181
-0.52474587
-1.64744625
0.72395102
-4.70308778
0.14546265
-4.55967347
1.78511968
-0.66721351
0.47115611
2.68753085
1.33211704
0.03182903
0.27216216
-2.47637872
5.30966261
0.00512020
-4.75351085
-0.26733947
-1.50479778
-0.47202138
-2.65130910
-7.34253960
3.62128256
0.61847732
0.08906362
-1.58548364
1.26157391
-0.03174027
4.45720630
1.01105799
3.79266886
-8.44839064
-0.32235901
-0.86758501
-0.56225821
-3.80810010
0.57323560
3.51081324
-3.27002462
2.30680738
-4.63170641
-1.50084612
-0.00516119
-0.80225596
0.04630984
5.18293170
3.88093878
-0.02104682
2.33813331
0.45465954
-2.85038947
-0.12108761
5.97191309
