2.44700589
0.27906507
-0.23868889
1.09577236
-0.96333614
0.02111956
-0.95200932
0.38518797
0.06727320
-1.37509961
-0.58781484
-0.00170656
-0.30062862
-2.63565383
0.21444924
-0.22388239
-0.81956329
-0.38198776
-0.60671571
-0.40351043
0.03790880
-1.22441318
0.03351768
1.92376273
0.63349648
-1.38843571
-3.56531228
1.16879630
3.29920302
0.56337324
-0.23387823
0.05069514
-0.87941639
0.28131812
0.03476010
0.22906097
0.56378856
1.63291488
-0.26215563
-0.00044752
5.51720065
-0.53721157
0.00051792
1.19657274
1.04212395
-0.60046600
1.16086365
-0.40013899
0.17003010
0.64625520
-0.35112395
-0.05082111
-1.25620642
-6.74487167
1.16995596
-0.18040792
0.52504635
0.00392629
0.11052822
0.29008352
-0.35185862
-0.40286002
-0.03707476
1.54347448
0.72359357
-0.00462029
-1.55967255
-0.92052524
0.36447307
0.03515846
-0.33075026
0.03323124
-0.47965836
-0.33522893
-0.05868212
-0.04387064
-0.27386268
0.26038997
-0.13609747
0.20151528
0.47682697
2.36959603
0.08823578
0.00814343
2.07043899
-0.72919230
1.99374491
-0.00158382
-0.23589930
-0.64395365
-0.44535924
-1.35521714
-0.08227287
0.00180671
-0.72317420
0.07285099
-0.19032065
-0.31767030
-0.04756852
0.77328376
-0.14046319
-0.03145972
-1.56834341
0.80080673
