2.52752411
2.48408161
0.46172945
0.99812310
-1.28908966
-0.16085253
1.49868999
-0.30134553
0.46956628
1.77408569
6.30007422
1.27773426
0.07208979
3.66460367
1.73711145
0.89787886
-5.92454900
2.45269301
-0.79850364
-4.22265414
8.33536325
0.86489292
-3.63539098
3.15867314
-1.69455794
-7.03330895
-3.71436501
0.90985061
1.97736019
-4.79042000
-0.31404964
-1.66294058
-3.81949046
1.05443535
-0.62666437
2.68692208
4.23241262
2.78319852
-0.36286353
-1.12268235
-8.77506411
-1.42805966
0.20196751
10.29348477
3.48649351
11.52359526
-2.55905712
-5.06183003
0.83195342
4.88607826
-4.16068625
5.07694719
-2.84193815
4.06003336
2.09321070
-3.08031943
1.24166667
1.58053114
-2.71291784
0.46617819
-0.28836451
-4.01958496
-0.73912191
0.36462602
0.71657527
6.30413485
-5.69169622
2.30613995
0.81705206
0.52134910
-3.64071818
0.70936498
-0.00183031
-1.69380500
-1.10035973
0.70832774
0.30975250
-2.01472466
-0.65673065
-0.28144129
1.44582836
2.99747497
0.62563748
0.62410225
2.57066493
1.75813329
-3.11714739
0.76668089
-1.49867545
-1.10233294
-1.11905266
1.17233958
0.21648111
2.55993694
-0.15707019
-0.85063474
0.76323614
1.22479860
-0.69440348
1.31635496
-0.04857799
0.59594340
-4.39423868
-1.32022444
-1.55262534
-0.94508802
2.47896836
-2.07472905
-1.46346925
-0.50955771
-0.87275151
-5.72305097
-2.67243849
3.13513248
1.61595137
-0.04130605
4.42208463
-8.74947169
4.59679129
-1.01558026
4.20149671
-0.27260307
-1.33271005
1.25786118
-1.82263035
-0.69171866
-12.81234099
-6.54087788
-0.21402873
-3.99188273
-0.27558890
-4.43997301
-0.52564552
3.84695859
-8.82650585
0.01137023
-0.80006708
-2.18813185
-2.24874980
-0.65322923
-0.44024335
1.85988406
3.32647231
5.14602479
-3.14776863
-0.89735689
-1.39397808
-4.06388840
-0.63375380
-0.00139095
-16.01660312
-0.15737150
4.61369690
1.78122785
-0.15213031
-1.31893282
-1.34923670
0.00155794
1.81356209
-0.00481606
-3.27986972
-0.41717940
2.59340980
1.14866927
-3.98128948
-1.02674215
-2.73528267
5.88158407
0.42490328
1.92119313
-0.67099892
-2.10041047
3.62259591
1.65730866
-12.70496381
-0.35354594
1.56215427
-0.35048307
-0.87844091
1.03116024
5.67359206
-3.70981846
-1.59881751
9.14424501
-0.11635561
-0.13273559
-0.27780533
2.13071941
-3.36045677
0.46517589
0.80307018
0.09679712
9.21646368
-7.82767075
-0.36487170
-0.45467667
-6.30924570
2.38593715
-0.58024651
0.64985067
-0.32612842
-0.43056880
-1.50948570
0.88964695
0.61329714
3.58456015
-1.46532633
-1.42211416
1.86460184
-0.14492554
1.92590415
-5.79944744
-5.17049896
1.30811059
-0.33713386
1.81113209
1.50922982
0.25358027
3.45484197
2.82055774
-0.53382780
0.24663798
7.36882176
5.80094260
3.75045641
-0.76134916
3.54226004
-5.93950452
0.62512229
0.47173188
-1.69604650
0.61718313
0.44386611
-5.23436352
-2.07788516
-1.31672987
1.87152712
2.02262256
-2.30845372
-3.03989197
1.76228989
-0.84031487
5.20357759
-3.87214712
-0.50862618
2.06091421
0.97602627
-1.28746929
-3.29963793
-1.19341868
0.94519919
-0.06977056
6.49926741
1.48840177
16.20699192
0.05314019
-0.61733388
1.37003163
3.07764340
1.50198182
0.02452958
0.39352562
7.32986908
-0.40952121
1.49328839
-4.57735352
0.11674991
-2.12606702
-0.49764838
-2.85810558
5.65594206
4.38976650
0.53457264
-0.32338624
3.57302213
0.83624084
-4.95916610
4.51039408
0.94804025
2.99047753
-9.33737808
-2.70162582
-0.33769481
-0.49552418
-4.08505306
-3.45143514
3.33613682
-2.58659049
2.10770010
-5.20904708
-1.19515085
0.00011042
-0.63348157
-0.06547211
1.99619921
2.98755132
-0.00503828
2.21088479
1.18087164
-8.91332318
-0.92787686
10.65679254
