1.76464942
3.64923183
1.73536264
3.32844947
-1.04807436
0.73932792
-1.43921480
1.27512599
1.49431441
-6.83702623
1.97971370
-0.16801260
5.75896104
4.35610269
0.23051623
1.00149939
-10.92059690
4.85416725
1.78049600
-4.07740942
6.71196996
1.36252254
-3.18479432
-10.90476593
-0.75878451
6.39792065
-2.48105508
3.48490521
8.59043140
-1.24910726
0.10087675
-1.26959943
-0.59723214
0.12514601
0.00600376
-2.58781641
4.24905984
2.20091855
-0.24216531
1.74307979
-9.60916865
-1.44487311
-2.03362415
0.33930979
3.09205854
1.40319686
0.20504892
-3.75943857
-7.98446994
4.02491156
-2.47672426
1.09194892
-2.53159318
8.64071502
1.79451286
-4.12199430
-0.26617050
2.79428911
-1.82084114
0.41182155
-1.55649886
-2.54342430
0.72805486
1.09528739
-0.39516122
5.62703208
-4.31547644
3.32225004
1.05766180
0.83390537
-3.23473838
1.07399492
0.00085918
-2.31563941
-0.83933244
0.83692695
0.01170438
1.36219915
-1.03550327
-0.03229777
1.00900509
2.48747129
0.40290982
0.00602721
2.89455473
-1.01714282
-1.83775441
0.35914412
-1.92597864
-0.42469020
-0.73976868
1.92518795
0.07978456
0.69581224
0.04901113
-0.36772038
0.46458590
1.05987331
-0.75644175
2.34849228
0.06060811
-1.20286995
-3.45191436
3.31238016
-1.07170944
3.42866544
-5.67004059
0.31899381
-0.72077898
-3.20230250
0.40394610
8.24995291
-0.62340320
-0.01060806
0.31708164
-0.01601467
-1.37354631
-9.13263464
1.37498092
-2.01304012
0.13748453
1.08959709
0.49240092
-0.00361996
-2.67657833
-1.44580583
-2.11017063
-8.04489881
-0.13527342
-5.93680552
-0.00057398
0.69332134
2.43542060
2.33914439
7.71572899
-0.00749269
-2.09381148
-4.95408964
-1.17173124
1.06149897
-0.61233881
0.09424455
1.83310266
5.92715498
-2.82485966
-0.86609150
-2.56090443
-6.39494572
-0.38020537
0.17954722
9.03793507
0.48876263
4.71498346
-0.08794025
1.57818488
-1.95863281
-1.98449102
-0.08472420
-3.82212928
0.12218496
-6.05237076
-0.16160126
1.73978806
1.40780109
-8.74077773
-1.26303887
-0.53720324
-0.17171881
0.33727432
0.20540645
0.49561786
-3.57365419
7.76169890
1.16746077
-2.93570956
-0.14908160
-2.13509435
-6.77156184
-1.01160007
0.17497915
4.30073704
-4.92414443
3.75068234
7.65261333
-0.13836672
0.00930896
0.30351285
0.71509702
-2.78648111
9.53523445
1.76100146
2.05804028
2.19046228
-3.73577571
0.64705491
0.00952360
-10.45639503
2.44813209
-2.33887247
1.59556925
-0.35698069
0.00079829
1.54946027
0.84027249
0.65372786
2.63010704
0.03258005
-0.31870376
6.00305838
-5.07430027
-1.75258025
-3.72564938
3.97303406
-0.61489353
1.77984203
2.48459038
0.75721770
0.13470667
3.07532588
2.73646461
-0.26306565
-0.41469171
-4.56092285
-7.72192208
0.48566650
0.44966509
4.54153655
-2.62283676
-0.15599176
0.00188539
-1.94677762
0.81021660
0.17609406
1.68359050
-1.36014981
3.59990201
3.86619378
4.03465159
-1.22376639
-3.78057232
-1.07224473
1.01360662
5.19820427
1.76214949
0.19268765
-1.28581755
1.48659513
0.46689626
-3.33908535
-0.44814924
-0.69007755
0.37850818
-4.17369129
5.21412774
-4.44012286
3.95771633
1.11463054
-0.00130408
3.67735417
2.75359474
0.09635240
-0.25077892
-0.46878329
4.28807822
-0.80036748
-5.38060019
-0.57526434
-1.14560817
-1.87234567
-1.66032069
-7.02865889
3.35672633
-1.19957701
-0.05409250
1.23586203
1.88628871
-0.11980473
3.07372363
0.00000969
-1.34108237
-8.33079301
-2.53035254
-0.22632136
0.33177509
-2.41372073
1.37447575
1.62599990
-3.64267677
2.26487650
-4.63555716
-1.54826806
-0.04464350
-1.26630213
0.40222982
11.90606952
6.07903301
