2.26484079
3.88243554
1.74671286
2.15479265
-1.08670216
1.05284484
0.77724160
0.94391380
0.80522176
-3.11340112
1.56385229
0.08203515
4.70796118
4.32279621
0.21817136
1.68449389
-9.28823974
4.21853439
1.60920128
-3.85958665
5.72394525
0.02984455
-3.28231820
-7.37021732
-0.88436927
6.85927353
-4.40027561
3.31888753
7.26937421
5.10431138
0.04321111
-2.46894304
0.36335057
0.29498349
-0.37414902
-3.51884426
4.57381528
-1.84352917
-0.24339428
1.18284729
-9.01731850
-1.38687160
-1.61883414
-4.53917774
3.20021557
2.13988107
0.30808024
-3.55773328
-11.74896939
5.76611071
-3.27536170
4.92826833
-2.58168002
8.64199644
-0.07274799
-3.82785231
-0.12681580
2.26159257
-2.22708779
0.55921084
-1.73265675
-5.27038447
0.82839723
0.75946794
0.79294452
5.21286506
-4.34259269
3.16146223
1.05207202
0.68439808
-3.96876146
1.12455611
0.00074716
-1.95709317
-0.36811352
0.75447011
0.14975539
-2.48768285
-1.05226217
-0.03221349
2.43543551
2.79585355
-0.15519783
0.12725057
1.13948248
3.23242109
-1.99144649
0.34636703
0.11331861
-0.24189316
-1.03642090
2.07801824
0.05695444
0.00040811
0.19656960
-0.55555175
0.34684819
1.01831201
-0.65933247
2.07277666
-0.10561441
-0.90500742
-2.96185814
2.51752937
-1.71890729
3.15247114
-4.31039025
0.17360609
-2.81223080
-0.58694225
1.03417052
7.84421778
-1.83655939
-0.00398414
0.30899283
-0.01834428
-1.49085645
-7.11222929
-0.15282794
-1.53734620
0.00268357
0.68103151
-0.94305532
-0.00185408
-2.23088110
-1.27480080
-0.89776167
-6.92009253
-0.13484047
-5.21933172
-0.03006634
1.52985574
2.51659600
3.01663869
7.85746037
-0.00221434
-1.53521695
-4.45576149
-2.32483597
1.10568092
-1.50971689
0.26119353
2.01907535
5.86248122
-3.33992827
-0.78518220
-2.03980596
-5.20055229
0.39920473
0.17841854
12.95429367
0.58619138
3.90581299
-0.08612059
0.76053900
-1.73781976
-2.25628956
-0.03244137
-3.47715827
0.41768018
-4.84131695
-0.29812208
1.37748154
1.59653971
-7.33660675
-1.23372421
-2.56984004
-0.10226863
0.30031610
1.54678889
-1.02161871
-3.31786750
7.45963242
1.21815469
-3.79641385
-0.71909845
-1.85239913
-5.29371399
-1.65545260
2.00255075
4.42663853
-3.63246193
1.87627123
5.81308037
-0.10934171
0.04743845
1.06112391
0.64462728
-1.93842297
10.37081382
2.11456402
1.68827666
1.40861764
-3.92743220
0.50675514
0.00689703
-7.04101899
2.30441446
-3.03416975
1.79060495
-0.55407597
0.00066061
0.97393443
0.79580736
1.04120213
2.65628967
-0.19248122
-0.22676564
3.36225934
-2.19294995
-0.86372692
-3.80728596
0.49307327
1.50162932
1.70312299
2.33849582
1.34707433
-0.01147728
3.38892427
3.43783087
-0.39585990
-0.60690606
-3.00576946
-6.97633775
1.84342772
0.36258889
4.31262082
-2.82153786
-0.13452341
0.03434720
-1.89719176
0.74493114
-0.18900472
1.69617393
-2.03003018
1.67968460
3.49319107
4.26256373
-1.69236689
-4.41894468
-0.59251659
1.02014646
5.32990671
0.73512923
-0.78738681
2.03101606
1.10059612
1.02800933
-3.48584752
-0.33324398
-1.07153650
0.63028787
-7.74159006
1.52035898
-4.08128803
3.05865471
0.64002728
-0.00088664
3.04651067
1.95130160
0.06661022
-0.20812597
-0.94982529
4.94591440
-0.59248024
-5.21022818
-0.68498707
-1.61965571
-1.51422552
-2.31185094
-7.17781012
3.33616915
0.28342863
-0.07360069
0.51937679
1.86526851
-0.03512243
4.65728119
-0.00018996
-0.79488219
-8.10235331
-1.91151938
0.16066386
0.26504086
-3.40119670
1.37690901
2.52209163
-3.91236711
2.79735614
-5.22656188
-1.57994902
-0.02115287
-1.10025733
0.29186152
7.82786237
5.60558658
