2.63513503
2.73567913
0.65012792
0.00643344
-1.19667443
-0.17610650
1.99084743
-0.67482703
-1.35426101
1.33193152
5.89267043
1.32092829
2.47160350
4.79081153
2.40204156
0.96632184
-5.07498609
2.77260991
-1.27604002
-4.56176534
7.53476564
0.42627041
-3.45166088
1.40779443
-2.01206849
-7.77379197
-3.66596862
1.42988930
2.48906828
-5.57561220
-0.32781141
-0.77283593
-4.78573236
1.25266658
-0.66381658
1.95237175
3.62727015
3.29353023
-0.35748042
-1.35835537
-8.21042350
-2.38852139
0.27664325
11.39732022
3.39511987
13.14323950
-2.89454593
-4.41460256
0.86601709
4.80127570
-4.25047970
5.08336341
-2.73580298
4.23548895
1.27701519
-3.15887545
0.88823061
1.55428408
-2.74490482
0.47595862
-0.73818212
-3.57599574
-0.01106753
0.31891220
0.71144607
6.21630307
-5.88471265
2.32635860
0.95690491
0.63988122
-2.83220421
0.74243334
-0.00166780
-1.72103730
-1.66796206
0.72585382
0.46006666
-2.11993761
-0.76993354
-0.26417528
1.89812404
2.92398864
0.62789175
1.03078552
3.11547707
2.89174686
-2.36968287
0.69906046
-1.77999775
-1.05191719
-1.15946380
1.46797787
0.21991151
2.71310773
-0.16332748
-0.86823716
0.89562092
0.97177344
-0.67424741
1.28772186
-0.10811669
0.44765734
-4.24601801
-1.57232815
-1.14847709
-1.59619935
1.63372104
-2.90377495
-1.77322457
-0.58256267
-0.42338725
-5.77692196
-2.58100406
2.48607307
1.67003840
-0.03647100
1.85316528
-7.55666767
3.56078084
-1.11188365
4.63826846
-0.40437005
-1.25993212
0.82849037
-1.83820252
-0.36597856
-14.33809030
-6.47007579
-0.44888747
-3.74376365
-0.44963704
-2.68801873
0.24067308
3.93727724
-7.85239125
0.00700235
-0.51583961
-2.33501683
-2.11537768
-0.93084706
-1.31610523
2.19709221
3.68674311
6.12087914
-2.95344632
-0.74536475
-1.36447033
-4.63687838
2.33506459
-0.00179938
-18.10260480
-0.11757285
4.03734891
0.91190515
-0.53288273
-1.25613896
-1.35445592
-0.00104599
0.89865264
0.01530738
-3.23462192
-0.39314140
3.19687289
1.52894169
-4.41506176
-1.00576438
-3.23196496
6.19812379
0.55244658
1.70728938
-0.72815556
-2.51870266
3.96792279
1.50421310
-14.36550475
-0.32367794
3.59441959
-2.46398560
-0.94736616
3.99197920
5.31565420
-3.13578337
-1.63112106
10.37934501
-0.14180429
0.00149231
0.13398751
1.42732116
-3.71031966
0.98888181
1.26743325
-0.47143394
9.90764977
-8.11273905
-0.40506893
-0.53431266
-5.61321955
1.70364591
-1.10781920
1.09232584
-0.41216734
-0.32950599
-1.98573562
0.93689974
0.03262025
3.31062645
-0.97078796
-1.44489462
1.22016444
0.55318543
2.68806953
-7.03978224
-4.12772570
1.38437101
-1.92476669
1.88773223
1.67295759
0.19513954
3.57753620
2.92028784
-0.58366728
-0.02885669
7.64742892
5.76373212
3.68093842
-0.72088309
3.53644398
-5.01093762
0.81221805
0.37783931
-1.72753013
0.62864165
0.46686752
-3.96485548
-2.40315903
-0.31927777
1.54997314
2.10100468
-2.03370025
-3.18967069
2.42698669
-1.27019112
4.88625308
-4.06082473
-0.50130039
2.07482905
-0.51060497
-0.71594862
-3.44024877
-0.90454357
0.99593683
-1.71036644
7.14365827
1.43047246
18.43231761
0.30374560
-0.64798098
1.92745621
2.85726859
1.03466657
0.09794869
0.35737029
8.11183326
-0.15180189
1.08774964
-4.51242995
0.07391326
-1.92928557
-0.50271938
-3.51033986
2.71100051
4.44179647
0.59423263
-0.18704364
1.51424159
1.00619221
-5.54694551
4.36969818
1.07544719
3.52845986
-10.02610277
-2.67554715
-0.51000312
-0.39496124
-4.04186394
-2.62851366
4.13639477
-3.04643911
1.99317637
-5.26072661
-1.40251288
-0.00566594
-0.62842329
-0.05700839
2.85893163
2.74661569
-0.00422881
1.75169004
1.66479784
-9.51368246
-1.30711664
12.22085835
