1.70892555
1.06330898
0.23531736
-4.79442998
-1.16838911
-0.21673764
-34.38919609
-0.15139219
-0.97504046
2.10422756
13.84477311
-14.13148530
-0.73902330
4.03663575
0.91029595
-1.48581536
1.11479149
-3.82106125
-0.09118778
-5.30017815
5.51112178
-0.17520723
-2.26156220
7.06074070
-0.63514098
-4.03166635
-0.62359312
0.26021657
1.29140224
-2.30833667
-0.52277483
-11.55169128
-0.36523607
0.74293343
-0.51781486
4.72305149
-0.54053027
0.80436355
-0.07825094
-4.63927880
2.65622672
-4.60557343
-0.67727502
6.07315638
2.85535555
5.42808749
-1.44162944
-3.88306686
-0.20228239
2.62359914
-2.77901945
4.54447516
-2.77137234
-4.30650470
4.02128866
-4.42273989
1.65281557
1.03286852
-3.49077307
0.11319210
0.35653329
-2.50002471
-0.10618937
0.34839643
0.61372669
5.22954673
-2.28466775
2.58242960
0.77041294
-0.14931141
-6.06800651
3.43574213
-0.04235845
-1.43952245
-0.98851037
2.41173064
-0.31194755
-1.82541211
0.17771751
0.04000027
-0.33994107
4.32378374
1.38657261
0.46250052
-0.31940418
-1.01450774
-3.26935559
0.97554974
-0.97638327
-0.93663380
-6.03228429
0.97444839
-0.00819775
3.06434489
-0.08928622
-0.32026864
0.43740856
1.36403789
-0.35436981
0.59374726
0.26075457
0.81345547
-4.89146962
-1.09726684
0.35464455
1.25447322
6.76517866
-1.16598165
-0.23055943
1.02783239
0.00509411
-6.48101973
-2.16829656
6.19587036
0.02511996
-0.02757270
3.34270754
-8.33541375
3.81163955
-1.41145736
1.63396819
-0.57688303
-1.55298231
0.94205558
-2.49913391
0.36176870
-9.60220335
-1.87929116
-0.18396586
-1.76640803
0.21016547
-2.98084903
-5.08752458
4.63306540
-10.47456278
0.44040336
0.22045948
-4.11505330
-1.60633355
-0.18049449
-1.61563901
1.03179120
2.17186157
2.68941782
-4.00886538
-1.04925995
0.74639662
2.13420144
-1.23992952
0.03597105
-7.81287662
-0.00986880
0.99225769
17.68564568
1.12853353
-1.57454384
-5.48705917
0.28744750
2.71477613
0.00754098
-2.07137175
-0.38759042
0.89605398
-1.03220292
-1.51926399
4.82418689
-3.17781102
4.16511995
0.23335219
4.34760568
0.12858189
1.27616671
-3.73803460
1.29026057
-4.97965469
-0.32227213
1.02733649
-1.73429605
-0.15602612
-0.06075970
6.89992230
-0.09257091
19.95101198
6.96842547
-0.34703062
0.02695034
-2.57280354
3.15638017
-3.23934367
-1.79892419
0.01052158
0.91088172
8.83794575
-6.55731437
-0.15803927
0.17866675
-1.63073789
3.29384980
-0.93503533
-0.63802648
-1.76233450
-0.77499120
-0.99608217
0.69748912
0.36465008
4.03218675
-2.01553231
-1.19483811
-2.06846933
3.55868701
0.40955676
-2.51848795
-4.94107115
0.60873725
0.27081426
0.72437445
13.08254599
-0.21080215
7.08961095
4.84921721
0.06171526
0.88101773
4.61590106
6.93482516
2.28560024
0.08519850
1.61874196
-7.26154409
0.43106131
0.24504690
-1.51891322
0.84128781
0.44508308
-3.30399393
-0.51498335
-6.47004691
3.50813335
-0.11908249
-1.99526565
0.88066359
2.50799203
-0.85956166
5.89003840
-2.43229135
-0.50622267
2.72505581
0.92678957
-0.95536771
-1.22601317
-2.86968137
1.72266401
-0.98626471
3.78869356
-2.16061162
9.56450403
-5.29516285
-0.46820154
1.54005456
5.02546260
-1.30712391
-0.63164004
0.16812457
4.58110882
-2.39228113
5.12890735
-3.32469417
-1.52160137
-4.67036040
-0.75750555
-0.16381448
7.25362989
5.44969355
0.47900190
-0.30981867
0.41840458
-2.30996758
-1.94409958
3.17079042
0.63446489
1.96639637
1.77963257
-2.61210965
0.93743784
-0.94007699
-3.75274652
-3.89642866
2.17209155
-1.55094894
2.03471741
0.38663354
-4.29839918
-1.47389963
-0.71733579
-1.26627208
-3.45535007
-1.67278215
-0.40972577
2.77644725
0.39634343
-5.18884317
-0.42036108
3.67575182
-0.03422232
-0.70223724
2.48487791
-2.13437881
31.78568664
-17.18450436
