1.75402967
0.80630427
0.52703017
-4.92960374
-1.09333480
-0.05639116
-11.28439803
0.10866728
-1.74352535
2.20577729
4.91263647
-5.70181535
-1.44803823
3.21670866
1.02164819
-1.19288946
3.34401063
-2.92962598
-0.18589037
-5.04973470
5.14290079
0.15689211
-2.20642769
7.72981781
2.37391474
-3.78278598
-0.77876922
0.60794339
1.39924558
-1.87957012
-0.63412786
-3.56547326
-2.66742769
0.82153143
-0.54275635
4.03617285
-0.29253554
0.23819650
-0.07063805
-5.45353737
2.33271369
-5.33291226
-0.52252707
6.09824715
2.78773372
6.74397845
-1.17884314
-4.80080595
-2.38847399
3.00837837
-2.58970575
4.44959981
-2.61865051
-4.64238868
3.86000642
-4.27180797
1.59714795
1.11803309
-3.14689962
0.06973030
0.40537238
-2.09442674
-0.03713848
0.33019352
0.66095324
4.62415660
-2.18561758
2.46392950
0.41801532
-0.52323706
-5.66925781
3.32354534
-0.01550943
-1.44836746
-0.70741415
2.41484701
-0.89179763
-1.83180417
0.03669476
0.02797563
-0.67169758
4.47953467
1.49281447
0.53786972
-0.72159175
-0.66148014
-3.15177302
0.99403765
-0.72124559
-0.97080089
-6.42201077
1.00194027
-0.06694778
3.10434047
-0.11178141
-0.25895503
0.47758408
1.35063823
-0.36296587
0.51412300
0.28929416
0.83304395
-4.77735879
-1.00033861
-0.21606395
1.41930003
6.64668241
-1.41640525
-0.19618858
0.94611555
0.55197432
-6.84519297
-2.00637359
6.41049571
0.00004102
-0.02879958
3.11049198
-4.24145061
5.24088861
-1.01613229
1.71997893
-0.59056652
-1.41727669
0.91701247
-2.70767205
0.35943074
-9.01043264
-1.92472799
-0.23507288
-1.72465243
0.19807143
-1.91649636
-5.43303488
4.39197804
-10.47137236
0.42833808
0.08823760
-4.23691482
-1.72181314
-0.26862762
-1.45530044
1.12957038
2.00279963
3.05435933
-3.70440551
-1.06502838
1.00755818
1.41040540
-1.09731778
0.06059599
-7.35697630
-0.07374754
2.29803208
4.52523980
1.03526034
-1.58115142
-5.58169828
0.21274764
2.78549277
0.00443186
-2.00706953
-0.37712960
5.68209247
-1.08153877
-1.04147220
5.34649551
-3.66283110
4.05047110
0.47151267
4.14726901
0.04820115
0.93712260
-3.21353468
1.20623452
-5.87568989
-0.13924182
1.09265315
-2.08323490
-0.19540809
-0.15298101
7.02921388
-0.74129059
8.86326041
8.32793392
-0.61480907
0.02118728
-2.48542086
3.24399189
-3.59016767
-0.98560139
0.29668850
0.49013466
8.66929132
-7.70898509
-0.22592065
0.30295904
-4.29647084
2.96541694
-1.44592480
-0.63980444
-1.75956271
-0.72178153
-0.92221005
0.70219563
0.30170067
3.90251482
-1.87362009
-1.14952604
-3.89789093
5.30822294
1.05203711
-3.19162853
-4.91000969
0.54961062
0.02062595
0.73581760
3.41621416
-0.22628970
7.74502144
5.06357681
0.22030404
1.01816314
4.78826967
6.97967983
2.09796338
0.09449237
1.54497841
-7.42260379
0.55502947
0.20695502
-1.39424638
0.75692867
0.46500885
-3.12194605
-0.90940485
-1.87733012
3.90067442
-1.29692265
-2.02281850
0.66082978
2.38536457
-0.94952995
5.59660948
-2.39953451
-0.53519272
2.35379556
0.82974984
-0.92858881
-1.26171828
-2.86366779
1.87816195
-1.16029753
3.97888257
-2.11619794
9.57099111
-5.51828155
-0.55568382
1.47641404
5.32648958
-1.29596802
-0.59058681
0.13762520
4.86997500
-2.58773857
5.41689451
-3.50367435
-1.52384058
-4.47358651
-0.75663015
-0.08589995
7.55663042
5.71530571
0.51855012
-0.34961876
0.97750894
-2.17402140
-1.98577241
2.96735467
0.63825701
2.04868348
1.91660297
-2.79103462
0.94867688
-0.84394467
-3.75320586
-4.12575809
2.14383832
-1.83080953
1.87290076
-0.25294833
-4.62448848
-1.47118771
-0.67546827
-1.57822259
-2.89260592
-2.16524577
-0.42549944
2.71441591
0.19495310
-5.27173640
-0.41754474
3.22489254
-0.02242035
-0.65465753
-3.45922327
4.44786584
7.67538630
-0.90607980
