1.68493700
-1.86631591
0.21933839
1.69237884
-1.22568308
-0.40196730
-2.12876068
-0.07600498
0.65524019
2.23225404
5.27425355
-1.98103483
-0.36503289
5.04748078
1.05783104
-0.56641210
-5.31224430
-1.29075557
0.09742577
-5.46144398
8.06046365
0.90080140
-3.13963712
5.65952392
-0.12893873
-4.63029579
-2.99396098
-0.00504381
0.62697922
-3.40169025
-0.10854516
-0.44350526
-1.58167943
0.80673809
-0.51149989
5.99960440
4.99308782
2.43067113
-0.36482686
-2.39129478
-2.81003314
-3.28154184
-0.98292168
6.94872170
3.49579307
7.53762307
-2.11905573
-4.92222434
0.45563478
4.18080516
-5.78505862
5.21821154
-2.75180739
0.72750706
3.43472966
-5.35386525
1.59031963
1.41139512
-4.61105882
0.33898434
0.97759733
-3.78911802
-2.36554315
0.40029259
0.52450275
5.27047310
-3.82775757
2.29611537
0.92820301
-0.08087550
-6.24562379
4.42572392
-0.00188732
-1.59339259
-0.63719903
0.96379224
0.11396563
-2.01136593
-0.06947480
-0.70666113
0.49008767
3.22396629
1.06259674
0.36350352
1.15269013
-0.48267412
-3.67669052
0.96412568
-1.59095286
-0.95334554
-4.49398384
1.14898205
0.56269629
3.09362017
-0.10353812
-0.64067847
0.47723986
1.33491879
-0.70506982
0.56168536
0.16317962
0.78872429
-4.88938438
-1.33757911
0.50724292
-0.54835668
5.25364321
-1.15133448
-0.45193736
0.92002287
-0.96297797
-5.34440725
-3.50860801
5.10947043
0.70058474
-0.01492669
3.73173969
-8.47219011
4.55588960
0.00640981
2.66775109
-0.08075230
-2.45029123
1.01936822
-1.40150193
-0.17114014
-11.39937867
-1.32128258
-0.09518284
-2.14680284
0.24872712
-5.20425290
-3.60151772
7.13722307
-9.85510671
0.01566546
-1.00707641
-3.26446867
-2.48948407
-0.14967977
-2.36996100
0.53629090
2.67468142
3.08624212
-3.96495434
-1.11230064
-0.95423457
2.65065438
-1.19050987
0.00023147
-10.08533057
-0.50570591
5.62306949
1.41204166
1.21251096
-1.48596170
-6.05620585
-0.30374622
2.49821832
-0.00412891
-1.81160187
-0.29487025
1.70167438
-1.82400803
2.61886684
3.31529870
-2.87368255
4.23383628
0.39754617
5.14141486
0.51728876
0.44939328
0.77576486
1.62835326
-8.79193759
-0.55488405
-0.62785967
-0.48612987
-0.76815861
-0.95830195
7.70448810
-4.80899837
3.13666770
6.91064881
-0.10169802
0.08684842
-2.22257034
3.09353217
-1.97999536
-1.51376593
-0.15482192
0.84599817
9.19514817
-6.01621983
-0.16603224
0.24972963
-7.60711421
3.42700624
-0.13910131
-0.31832194
-0.59942120
-0.60186130
-1.00608668
0.77398054
0.40398148
4.44282053
-2.00442934
-1.41495278
2.67220035
0.01864729
1.21106892
-3.06245161
-5.15520796
0.95984328
1.32886652
0.57823132
0.47881043
0.00163229
5.61767808
3.71284131
-0.64364678
0.67122757
4.61795588
6.46320406
3.69677678
-0.17985060
2.19055914
-6.92892731
0.40175917
0.29023647
-1.91207160
0.56872847
0.39643452
-3.86772576
-1.62068856
-1.16231439
2.25152642
0.42726339
-3.17268118
-0.93804316
1.53023666
-0.69180522
6.44697255
-2.76331158
-0.32304421
5.10765712
1.06835238
-1.03836379
-2.55527366
-1.86138002
1.87722849
-0.05155316
4.86152748
-2.31427425
10.96796301
-4.55990689
-0.52875241
1.27642284
3.18500145
0.18843210
-0.74439075
0.32333501
6.01309475
-2.00334399
4.58506979
-2.91933784
-0.33586353
-5.66912706
-0.50916164
-0.84401234
6.36530013
4.48628611
0.63064687
-0.22498813
0.91912374
-0.75319049
-3.52268961
4.50325009
0.63045823
2.02640378
-2.94894196
-1.14414548
0.70975873
-0.49742715
-3.91416085
-3.32748778
2.33297546
-1.78960022
2.44237062
-2.94457386
-0.26861620
-0.85940665
-0.57847943
-0.17335749
-2.34591697
-0.30650244
0.00281908
2.30462541
0.65913534
-5.91045864
-0.53513317
6.63791414
-0.00100931
-0.95118080
