-2.54983341
0.64925445
-0.31182570
-2.27882191
-1.06328988
0.61373868
0.85991017
-0.41917023
-3.34742066
-3.41384460
-1.95153978
1.66239150
3.44342471
-3.20972729
-0.22028755
-1.06121464
10.23876060
-0.06471035
0.64471321
6.50856884
-0.44365365
-1.27105722
-3.12221278
11.82025029
2.49265064
-4.27934159
-1.15896968
-3.28322259
10.15243690
0.21691138
0.00003786
-0.17862909
-7.04314805
1.04162541
-0.31188474
-2.55179098
-5.34509296
2.31314847
-1.58701590
-8.29322613
2.08836685
-3.42548383
0.75567585
-6.67777662
0.41027323
-6.91577567
-0.88922922
0.34397177
6.91173312
5.77186298
-2.44474172
5.48388000
-0.02386459
8.63904527
8.13922827
-2.40107241
-0.87952979
-3.18819085
-3.97383987
-0.00574200
-10.02098017
-4.85500012
-7.64511680
2.11169995
0.74961152
9.59601915
-3.00560906
1.31937902
-6.45364911
3.01943517
2.73986051
3.01906077
-1.77967269
-1.78836974
-1.03151547
-3.22224610
5.32306182
-2.56817870
-0.34150045
-0.17083171
0.08327513
-1.63677806
-1.69039600
1.20019971
-3.53510913
-2.41369419
3.93859219
0.92763964
-1.25005823
-6.37249621
-8.92575484
-8.05108460
-0.35707187
4.92415489
-0.09671370
1.54698356
1.27327280
1.02373767
-0.85308852
1.43882911
1.80626636
4.30599027
-2.45255823
2.65874991
-0.00714600
-1.46327230
0.83988826
0.14495276
-0.63948532
3.36485793
0.04295341
5.47499252
-1.29334558
12.12526913
0.00322072
-0.39456176
-2.19139444
3.10642422
-5.39758708
-0.50781423
0.63902620
-3.94088735
-0.96247923
0.05776903
1.23849628
0.24862324
14.14484949
3.32656706
0.07535909
11.37343559
-1.18031824
3.13607840
-14.06052303
5.17926008
8.10342995
-3.47454968
3.30295111
-3.14647771
5.23021138
-0.62479283
-4.09646515
2.27923204
3.89276712
-2.86053136
-3.33216747
-1.87257626
-4.56275945
8.28112530
1.33370719
-0.00256682
7.57740160
-0.16171861
0.21651896
2.14833794
0.61798102
-0.88812175
-6.53849093
-0.44183473
1.78561509
1.26396012
-3.25684724
-2.45411171
8.43568650
11.21754860
-1.56966150
6.18502219
0.44915878
-0.58744531
-0.01361832
3.75846141
-1.74414817
-2.96912777
-0.46380820
0.58645564
5.26376258
-0.19506286
0.68264504
0.25072921
-0.28956103
5.57665807
14.97074137
3.02866117
-1.66631615
8.48598184
-2.33829496
-0.45083447
-0.03283805
1.16162749
-5.65972249
-3.62218899
1.20339253
-0.18320301
-12.42935701
-10.01404915
-0.64007780
-0.62914217
-1.28331881
-4.10526963
-1.04506694
-0.51842832
-1.20617394
-0.70449828
-0.32570755
0.54036666
-0.01508494
7.43433214
2.98223593
-4.10754523
-7.84335749
6.53906505
0.69488430
5.41241231
-1.75244239
1.05515190
1.34146094
-3.00203571
0.22200491
0.89313548
8.90989451
-3.61956139
-5.52465771
11.27021028
3.85014938
-7.11132937
0.95844075
-1.19867041
8.68710734
-12.29513762
0.54936373
0.70238998
-1.34524599
0.03260923
0.32640752
0.97799556
0.00228188
-1.18926161
1.86475675
6.43695830
-0.46373445
1.28210881
5.18552855
-1.61650228
2.92633040
-2.19880236
-0.64581819
2.50910194
-0.64277626
1.12719897
-2.12575910
-3.23714409
-0.44744777
-0.27909704
2.58316196
-2.26902007
-8.61355844
-10.56930008
-0.60761821
1.74065438
-7.49746203
-3.23276055
1.61817870
0.55871965
-2.18231502
4.52734304
12.45894458
-6.28993973
-0.33745912
-5.22714184
-0.48890663
-2.22063043
-7.55010063
7.64682147
-0.51349363
-1.66464772
4.37862068
14.74267969
-4.48491775
-13.89523895
1.04105989
3.37606075
-2.43392937
1.03242222
-0.54435230
-0.55779260
-4.69030118
3.83839589
-0.01348857
3.02950908
-0.17064856
-1.16316783
7.68903219
0.34183145
-1.39159430
2.75406854
-8.13607415
-8.58389216
1.85869721
1.94258944
-0.16123536
6.59723761
0.24807196
2.82846000
0.17018056
-0.55436824
-2.43162587
2.55718700
0.42210097
-3.56752820
7.33628107
-0.42913862
1.90012825
2.70125763
-4.38561994
-8.65010135
-0.54364547
-0.08218674
-4.07380496
-3.30161889
-0.90015172
1.53118332
-11.42408180
8.60241011
-0.54630756
3.01779797
-2.07378509
-11.99561669
-1.22359393
-8.92547253
