-7.09422591
0.83546116
-0.08017809
-5.12719358
-1.10209785
0.37546725
1.96059133
0.88867062
0.22819731
-1.82215316
-0.27694163
2.00080625
2.06349834
9.65979388
-1.82667589
-1.13295755
8.63724466
-0.40410460
0.44439296
7.72753225
-2.97942097
-1.88600145
0.30055468
12.14770840
-0.35023328
-20.91856164
-1.72853705
-3.00665645
7.56454255
-1.45401572
0.00009234
0.85900979
-14.88351977
1.02937270
-0.58022518
-2.22289349
-4.57683109
2.50764024
-0.24596255
-7.09125251
1.23557157
-3.87021774
0.62318196
3.12217600
2.53035594
3.55665349
-0.06723818
-0.24001231
24.41314450
1.06950834
-3.84261303
6.38998312
-0.40015026
5.59375096
10.34712379
-2.59407386
-1.18921448
-7.70783012
-4.49755777
-0.00590868
0.96688243
-5.79878669
-8.14052370
2.88438028
0.89511352
8.26643525
-4.05345013
-0.88982465
-7.53677362
3.21579183
1.79374880
3.08769635
-1.72472095
-2.45514812
-1.54751590
-3.18351857
3.73431750
-3.24762533
-0.04122105
-0.14488502
0.27761635
3.86272157
-1.39310099
0.97314271
-3.77644897
-5.18289940
6.34589652
0.66947360
-1.87262048
-7.14086455
-7.95922064
-8.82649102
0.00333824
4.04278552
-0.12062385
1.68713095
1.44593958
0.54724794
-0.61676187
0.37838952
1.84037803
3.80279092
-2.65205235
3.94689910
-1.20024767
-1.42557232
2.33157074
0.24949108
-1.61114849
0.35473557
0.96358473
5.29622658
-1.50112911
8.89037306
0.00059335
-0.43771980
-1.92914649
3.93639689
-3.71994260
-0.66223816
0.17524241
-4.13385459
-0.81990890
0.08554569
-3.18571303
-0.00253422
-2.65556526
-2.86052975
0.07235397
-2.93166526
-1.33249052
2.35799947
-14.86954936
6.85891385
8.92453438
-2.23888254
1.11357736
-2.67972110
-1.93565670
-0.85940366
3.70120235
2.49261187
3.24816535
2.12951100
-0.85972238
-2.27802689
-5.51493395
6.83352497
0.86361572
0.48165589
1.16883716
-0.03493903
0.35435514
3.07424917
0.44475994
-5.05167267
-9.03120425
-0.50405821
2.97236598
-0.65493974
-5.03907222
-12.31176792
18.94320975
-1.93872475
-1.33962155
4.76599261
0.01812074
-0.74426498
0.84086322
5.73664288
-1.89251961
6.04894184
0.06775915
1.04737484
11.70510447
-0.06218175
2.49186426
0.36183760
-0.27669593
1.02857973
16.26546176
1.97385770
-2.16632493
7.37139560
-1.14290592
-0.51459377
-1.71489626
-1.46406589
-7.35910391
-9.88379734
0.88897760
-0.34986148
-6.59235079
-11.96337241
-0.75294344
-0.40799323
3.70940475
-6.70023936
-3.09824560
-0.49143415
-1.94428831
-0.55211048
-1.33160808
0.74894698
0.58187102
8.87753922
4.52149945
-1.86485817
-7.14541262
7.70817982
1.29217880
-1.31271368
-1.13952571
-0.50395821
0.35745428
-9.30979548
-0.19328491
7.90141467
9.70813300
-2.01872055
-3.85164292
12.96055310
4.47289990
-7.35917140
2.04032034
-1.99437441
-7.32630289
-12.68709368
0.85803399
-0.00756334
-0.03578754
3.51948772
0.35625884
1.33464193
0.63208176
-3.23725170
3.49211760
16.64127627
-0.75184803
1.24813568
0.21040771
-1.34622802
3.40829206
-2.74686081
-0.75922826
2.57845727
-0.37766610
1.26474542
-1.54752807
-2.71043469
1.49511247
0.03569515
5.01576736
2.89529949
5.03408324
-6.34867073
-0.51825029
1.62432779
5.92441860
1.30824107
1.93847219
0.61527018
2.73167636
-1.53255428
10.07619003
8.57724941
-0.38162711
-6.93244230
-0.61593360
-2.16964782
-8.68258231
9.97690444
0.54348795
-0.34398167
2.30109560
-6.28838204
-10.39156294
3.42365013
1.28021270
3.89791058
-0.99775999
-5.55269667
-0.57020251
-0.69145752
-4.97770858
3.86862049
0.42591883
0.21846293
-0.58408721
0.74228944
9.10643356
0.00179610
-2.83988428
0.99353985
-7.39020384
-6.31256016
1.75219760
2.54966043
-0.87401238
-3.16207101
0.46841536
17.32161929
0.08957203
-0.54960733
0.96134432
-4.75971665
-0.82571557
-2.02989074
8.96552034
0.34148012
2.63124098
10.23194102
-2.90225988
-6.23352991
-0.56740554
-0.08477928
-4.82078090
-4.09299715
-0.85767622
2.33694237
-10.39061886
11.13688162
0.13412406
12.56834305
-18.05246094
-30.65725670
