-7.14347499
0.97327107
-0.18739699
-5.59479893
-1.12966402
0.40790328
2.21501786
0.94080132
-0.10556123
-0.97590438
-0.13457173
2.24343487
2.12052848
10.39933596
-1.82188860
-0.42787376
8.39539516
0.03855607
0.44894981
7.64308624
-3.08835295
-1.13951578
-0.11840864
7.53006482
-0.90995553
2.49633245
-1.67346126
-3.77796385
6.30440534
0.97330994
0.00012976
0.67592450
-7.70895699
1.22156438
-0.53393353
-0.68075229
-3.91124835
-0.32237901
-0.23908561
-7.14010934
1.21842816
-5.62012772
0.60484493
3.84269332
2.12137054
3.95894803
-0.58620519
-4.04822709
-2.97739735
0.90179654
-5.18492790
6.43180109
-0.27130209
5.50363208
10.32081186
-3.20912463
-1.30348048
4.56895122
-4.06735473
-0.00551787
1.01110610
-7.15225871
-1.58222200
3.20822903
0.92187750
8.54683298
-3.81746286
0.59662975
-8.60818995
3.29356165
1.21088592
4.53822323
-0.22401958
-2.69598486
-1.50945720
1.44685080
2.91658814
-3.17175101
-0.38902323
-0.21091703
-0.03236170
4.03213102
-1.35067250
0.81255114
-3.54303862
-5.96344004
7.20765298
0.10020895
-1.91173823
-7.46257855
-8.90515294
-9.22942106
0.28000148
4.89840538
-0.11729613
1.72706145
1.59387993
0.40198195
-0.66347990
1.52150751
2.07896390
4.61398638
-2.75689721
4.60812876
-0.27892732
-1.66644466
3.11222586
0.28841518
-0.32166006
1.01568196
0.94918575
4.98167001
-2.17020575
8.04693213
0.00046444
-0.35731454
-1.83738590
3.98822236
5.98163594
-0.70466206
0.23370712
-4.28084552
-0.76433555
0.10507609
-3.16532240
0.01056987
-4.84723355
-2.03851767
0.25148125
-3.00854938
-1.43631444
1.37737002
-13.93433374
5.67207976
9.55849600
-2.39864607
0.99224024
-3.44962564
-1.20906346
-0.92643776
3.99309831
2.92007389
3.18604630
1.73334391
-1.03984448
-2.32726074
0.71441749
6.75827444
0.69107716
0.48465456
2.74079767
0.07108648
0.18865156
3.04741169
0.35362887
0.01886218
-9.02311378
-0.50574918
4.26371075
-1.33312764
-0.95863015
1.72494849
8.19873551
-2.08524978
-1.44357273
4.38830777
0.27216795
-0.89502540
0.83272024
5.65957243
-1.72543381
6.39721830
0.03214817
1.09659372
-1.48093719
-0.30601748
2.37538960
0.03498846
-0.46207503
-3.60758442
16.11578649
1.10976440
-2.48682503
7.96277596
-1.14211579
-0.52332748
-2.34049863
-3.43864934
-7.89325265
1.49794250
1.76885588
-0.02277764
-7.00630655
-9.99482449
-0.71826978
-0.38728729
4.11675000
-7.22495094
-3.56096488
-0.30774539
-1.94974949
-0.47963662
-1.43116391
0.83181892
0.99131504
10.19613308
5.20969917
-1.90025620
-6.48512706
7.59889005
1.17284774
-0.26943739
-1.18713942
-1.42893257
0.37641685
-2.04096867
-0.24543664
0.34496798
10.60573838
-1.48739075
0.58597829
10.69155807
5.54424164
-7.61987524
2.41404990
-0.60184285
-7.73104599
-12.40096841
0.86373045
-0.00821674
-1.51820888
-3.82397618
0.26967484
1.80288959
3.93276127
-0.28206366
3.39362335
-2.68257132
-0.99392559
0.90751352
0.31396768
-1.38697613
4.08116033
-3.60743380
-0.78434747
2.19107751
-0.22139446
1.39491030
-1.81565619
-3.08608604
1.64017822
-0.20185927
-0.50877110
3.02779741
-3.37705948
-8.33824405
-0.83193128
1.62907192
6.19093762
1.00991294
2.21934954
0.64008455
2.99615877
-2.32161839
9.01903395
9.03994694
0.14402579
-6.26771734
-0.72026004
-2.22476341
-9.50493097
10.64660654
0.36126425
-0.67822488
3.29821795
-6.24879586
-9.95589234
3.15767389
1.37850942
3.82418545
-0.73910195
-4.98348065
-0.83395472
-0.59952428
-5.13636489
4.14665988
0.17039437
0.51846664
1.06357379
0.88813429
-3.39442334
-1.71398351
0.24836803
-1.39697700
-3.17987118
-6.11677773
1.59760039
3.16559679
-0.77833955
-2.85392734
0.45497464
0.22782091
-0.00075281
-0.28212975
1.71945173
-5.67575176
-0.95536797
-1.90667996
9.98642229
-0.24301873
-3.94516450
-3.07180168
-3.34573837
-6.58430455
-0.64593520
-0.11732098
-5.33733068
-4.95943129
-1.36649675
2.67984684
-9.34011233
6.01689079
0.59662975
1.72494849
