-6.93260830
1.53360435
-0.71162940
-5.98862674
-0.93894512
0.45539011
3.14373164
0.51196490
-1.40351549
-8.05892328
0.13367794
2.68723277
6.14167620
7.48159247
-1.29958148
0.69252061
6.01101021
0.15691314
0.35632646
6.51514334
-3.84744127
0.70028388
-0.92911435
6.88073646
-1.21289137
2.15294344
-0.96934264
-4.28063581
6.37204198
1.26687722
0.00032482
1.06938263
-8.14442418
0.97898513
-0.57123391
-0.84726442
-0.80393579
-0.27610071
0.01519040
-6.25484878
0.97945518
-8.68462469
0.69138638
6.02035188
2.48262782
4.39259023
0.57991850
-5.01174996
-4.16048729
0.61024311
-5.12747736
5.87498984
-0.03182708
5.38320668
10.26590096
-5.72441367
-0.60297897
9.14783735
-4.27502037
-0.04178138
0.30114162
-15.30354852
4.07734362
3.32226113
0.91542682
6.54618858
-2.11437348
1.88399904
-11.78416621
2.16179300
-2.35024684
6.03640396
0.00156912
-2.51846136
0.06233773
1.14551837
6.48840671
-2.42889744
0.04253607
-0.18479556
-0.39332308
2.93760266
-1.96421642
1.51892173
-0.18141270
-5.68604070
1.36328221
0.39929941
-0.28641984
-6.15401471
-7.54121595
-6.38323979
0.33925258
2.65691987
-0.14929720
1.28666881
1.07215768
0.79621509
-0.34590220
4.34797603
0.74523535
4.54969622
-3.05063588
6.79171347
1.94655544
1.31190307
5.48026582
0.18331891
1.43209643
-0.25006396
0.62494273
3.32953372
-2.21641637
5.75936217
0.00016646
-0.44841125
-3.21702770
4.30013090
6.52254243
-0.63096275
-0.14559226
-5.64273648
-0.89642703
0.14677122
-3.58028945
0.37473591
-2.58137333
-0.35234059
0.47533452
-2.06798010
-1.06158118
1.26936814
-7.33603444
6.54449468
12.28552089
-1.45701332
-0.18724686
-5.21077089
-1.93233855
-1.47897983
1.71308446
4.24888006
2.73817967
2.96182600
-1.43719231
-1.01627980
1.76271755
5.37246612
1.72580488
-0.00242396
0.12416652
-0.05492127
0.23346435
3.05292939
1.05002567
0.02618604
-7.73290163
-0.52794019
11.02183821
6.54887500
7.97003050
2.13111898
8.73361279
-0.95426541
-1.19511872
1.78691189
-0.46379331
-2.55267081
0.44719872
6.10352727
-1.54318344
6.49652858
-2.01953762
0.84901662
-2.71393456
-0.20031457
2.55700150
-1.04171645
-0.71421709
-3.27380818
14.20712843
-3.43677559
-3.39477767
7.92508714
-0.49028526
-0.09241748
-4.09306770
-8.61542070
-6.79859700
2.69254174
0.72253799
-0.01629948
-6.16745819
-9.91641159
-0.44567393
-0.40447531
4.66403996
-4.05927588
-3.26848913
-0.60597896
-2.33762929
-0.72756317
-3.40756011
0.94491986
5.38089032
14.74612149
3.00106522
-6.19433008
-2.17402119
5.88743247
-0.11260970
-2.75917318
-4.33377148
-6.92449221
0.38244222
-1.69798706
-0.24756132
-0.51241150
9.30105014
-0.11570123
2.60679260
7.58464390
11.94892328
-9.00208227
4.79982144
-1.77169916
-1.95981737
-11.36624879
0.84290010
-0.00138867
-1.75085140
-8.81540964
0.04287594
3.48577657
4.76811500
-0.22773079
3.62034101
-2.21575232
-2.24924497
0.14479430
1.42932546
-0.81467886
7.46402267
-6.23087726
-0.74633580
2.41142227
-0.70040102
1.89714956
-0.75778110
-3.15938214
2.03525999
-0.18261370
-1.11185572
5.27635086
-1.78446619
-6.67361236
0.00557691
1.76829759
6.64346728
-1.33836623
1.69749271
0.48474008
3.40095046
-2.69525542
10.18947432
5.39917963
-0.40288114
-6.62690088
-1.26863690
-1.84054970
-13.15629928
9.49765860
0.10562236
-0.94574127
3.99585234
-6.15292138
-7.60014576
3.40601427
1.65470450
3.60668098
-0.58652529
-0.25882266
0.30902113
-0.16060371
-5.71529778
4.04385248
1.42012751
0.53977566
1.17999290
1.44988243
-4.16733967
-1.01408552
0.04945362
-2.07396055
-2.33454392
-4.66918251
1.45621502
4.79916392
-0.35611295
-4.21388951
0.37042150
0.22177484
-0.00069396
-0.44640399
2.48527056
-6.27288409
-1.28171889
-2.10978449
9.54243351
-1.41835847
-12.94959692
-1.68126176
-3.99402186
-7.06203121
-0.89622224
-0.20075574
0.27301857
-11.07272014
-5.73375537
0.79195055
-5.88723927
-8.57280451
