-1.04280002
0.75362019
-0.13487066
-3.03044153
-1.04195033
1.19259301
1.83975140
-0.35975120
-4.33140497
-2.79102818
-2.01389927
1.82632257
2.66499482
8.23797788
-1.06346004
-1.19639407
10.29065845
-0.73088308
0.26682074
8.17761450
-0.77885431
-2.30766841
-2.72263208
13.60765530
1.91794836
-8.27865851
-0.81689171
-3.16863711
8.47930449
-1.77376747
0.00008340
0.16722855
-6.43479914
1.09074114
-0.62425805
-7.18068364
-5.67712175
4.05175901
-0.21849378
-7.20251277
1.43661259
-5.80591804
0.60944649
3.15823880
2.93077002
-1.54343002
-0.94748282
0.95096080
9.62706316
3.19859947
-2.69787428
5.98930466
-0.42589080
11.89273994
8.93843930
-2.63549875
-1.01851461
-3.78193509
-4.42051679
-0.00592364
-7.97500953
-5.10124830
-7.38003057
2.48936071
0.81147583
8.92634862
-4.10862523
1.25011696
-6.87989472
3.12762518
2.10261964
3.14273977
-1.93933732
-2.18733603
-1.40751235
-3.50772144
4.60850762
-2.81036567
0.15955220
-0.19046221
-0.44048754
3.88276793
-1.54744442
1.09080479
-3.47221536
-2.95253195
5.34425050
0.99058309
-1.62181790
-6.79884326
-7.72301988
-8.35315455
-0.28980005
4.53204853
-0.11469559
1.63143016
1.33410998
0.75768149
-0.60730643
0.25413409
1.83721325
4.16107625
-2.58566568
3.10995469
-1.37042149
-2.02415275
1.42960991
0.25180563
-1.15033141
0.69195713
0.61186907
5.48257608
-1.14582393
21.09689336
0.02540644
-0.30848209
-2.05064497
3.35670046
-7.56548904
-0.65012324
0.76980076
-4.03650629
-0.97875907
0.07065084
-3.30859621
0.16758993
0.86414981
-0.51200320
-0.19159126
-2.60803307
-1.23766839
4.99493782
-22.83759892
5.79154577
8.61898552
-3.30911153
1.31636413
-1.82837031
-4.22644346
-0.76318809
3.75190650
2.32934554
3.65698174
0.67384117
-2.67196970
-1.90556252
-4.47887261
8.61119846
1.07588384
-0.00451098
5.05216248
-0.16520271
0.13328787
2.66488984
0.59184737
-1.98150197
-8.92789339
-0.48380752
2.37585205
0.19178827
-3.95615397
-4.46131921
8.60136605
-14.39024350
-1.22804372
5.28082781
-0.28347797
-0.68826507
-0.01698056
4.37991673
-1.89353285
-2.46953353
-0.02342237
0.95314627
9.13862960
-0.14477149
1.48228912
0.34024699
-0.29266740
7.85805881
9.75018849
2.27135753
-2.24718686
9.08098224
-1.20215261
-0.45558818
-0.37159061
-1.12871414
-6.49645336
-6.23759617
0.04454586
-0.22610509
-7.19276143
-11.01886245
-0.69351396
-0.57669859
0.35021582
-5.26179665
-1.27581899
-0.57996654
-1.81435228
-0.81346073
-1.28687476
0.62964252
-0.01181778
8.06109272
3.67706832
-3.14383210
-7.05863293
7.84508706
1.37922457
2.54583737
-1.41829130
0.58007768
1.32607948
-4.74135198
0.00184822
2.85835320
8.88455383
-2.65377617
-4.76813737
12.35663844
3.96789815
-7.24878714
0.85423153
-1.27497160
-7.28938711
-11.06423360
0.65806333
0.76548120
-1.20059944
0.63271491
0.34799941
1.14498230
0.01778844
-1.94128373
0.56977343
8.88206416
-0.54431513
1.37787605
6.18975470
-1.88566204
3.13040256
-2.34772537
-0.68840817
2.69558891
-0.52138411
1.18943774
-1.52521264
-1.94924667
-1.03758347
-0.29325641
4.03901040
2.00886261
2.11586084
-8.97460336
-0.53106195
2.07335440
5.69089379
0.64313487
1.76903887
0.58184841
-2.30609354
5.01541905
11.10798146
4.06854091
-0.58805598
-5.84117510
-0.50834767
-2.19414470
-8.28807088
8.77729472
0.54809746
-0.23768451
1.67487923
9.87336326
-11.21314402
-4.50468358
1.12592843
3.62671481
-10.42587193
-2.68879201
-0.53507539
-0.61833881
-4.80840257
4.11820485
0.36946556
0.97940853
-0.86399938
1.10408457
7.84955037
0.49641907
-1.48723429
2.33863217
-8.94233386
-9.29864122
1.85346201
2.13909967
1.12718466
-2.12894075
0.54782275
1.16704052
0.18888418
-0.51241317
-1.32117956
0.87191548
-0.08776780
-3.66857078
8.13398979
0.35731138
1.88049078
4.26407238
-2.60457102
-6.63688173
-0.51749255
-0.07564496
-4.35345570
-3.55385721
-0.91509530
1.85709046
-10.82979259
9.58011980
-0.56560302
5.04742661
-7.89445660
-15.72416955
2.60691566
19.29185699
