-7.28918420
1.20426489
-0.35535566
-5.54227645
-1.18070517
0.44912559
2.58922698
1.00223979
-0.29290004
-2.14717496
0.06444469
2.47210133
3.98322394
9.38138810
-1.80261902
0.32085452
7.03651237
0.08584489
0.41391595
7.27791415
-3.44669165
0.19226071
-0.56462946
7.34894652
-1.05972261
2.45020079
-1.45670695
-4.51758186
4.86381832
1.12441867
0.00021550
0.84139013
-7.77527315
1.32647443
-0.54467475
-1.05054323
-2.16047970
-0.31784903
-0.19985773
-6.80726842
1.13519683
-7.58903197
0.65131970
5.47170248
2.26333068
4.09359546
-0.89485970
-4.62523331
-3.78529272
0.68528577
-6.16314542
6.56225912
-0.17116041
5.47283595
10.80146437
-3.99736839
-1.18732540
5.59767479
-4.75711342
-0.00466984
1.02583769
-9.38478818
1.38883606
3.39716552
0.95102980
8.21261577
-3.21640165
1.59794225
-9.93715543
0.66082602
-0.48038569
4.62420090
-0.23468478
-2.78314569
1.00732126
0.81544453
4.40130498
-2.95673495
-0.38022963
-0.24462170
-0.25280187
3.41841127
-1.39421700
1.00175652
-0.82153276
-6.64735813
3.16002545
-0.00406009
-1.71240279
-7.37154739
-7.71117951
-8.28704601
0.25188237
5.53142850
-0.14182213
1.74243329
1.61635899
0.38175403
-0.59304581
3.02083384
2.00130020
5.67601433
-2.78671136
5.06666574
0.84440534
-1.66050947
4.64303939
0.31059578
0.20968632
1.24792973
0.72600753
3.65703605
-1.51231430
7.38200693
0.00037989
-0.38266391
-1.94096783
3.94794773
6.39036444
-0.75996053
0.29261380
-3.82987487
-0.86423708
0.14526818
-3.32333406
0.02158585
-4.06603967
3.27429031
0.46274166
-2.57988988
-1.38210066
1.33585025
-13.17386642
7.02506996
10.45662570
-2.28582369
0.60123194
-4.33454950
-1.21037020
-1.04977783
3.47344588
3.89952606
3.01488566
2.38041091
-1.20070912
-2.08467603
0.78237261
6.00684954
0.78771329
0.50361804
1.83451205
-0.01320795
0.17842778
2.94273284
0.34548276
0.02014329
-8.72527146
-0.50241165
6.55245772
2.76485065
-1.43338864
3.17251018
8.72376948
-1.69527813
-1.31866252
3.55093328
0.50958898
-1.31747032
0.87378864
6.03737411
-1.72494392
6.74081681
-0.40747018
1.13237099
-1.62125769
-0.23586598
2.33292403
-0.26724911
-0.58369641
-3.70527464
15.38117257
-2.04020928
-2.87692488
7.98397132
-0.97609591
-0.43532437
-2.96763782
-5.80585758
-8.18813976
1.95819388
1.79749838
-0.02018855
-6.64964841
-9.98366563
-0.55758025
-0.41196454
4.37436914
-6.09540940
-3.52735230
-0.25770744
-2.11784332
-0.62861232
-2.31369843
0.81753460
2.21861500
12.06055622
4.63783842
-3.65377899
-3.36874772
6.71260521
0.45126247
0.24823459
-2.19120693
-3.30161861
0.45896203
-2.26772496
-0.26806003
-0.32383559
8.21852617
-0.91082438
1.76446135
10.04330993
7.96434567
-7.87759416
3.41144357
-1.01528403
-6.75084721
-11.96421927
0.82818978
-0.00859504
-1.77110638
-4.95369427
0.08272220
2.64079976
4.21578694
-0.28437339
3.35919625
-2.54661551
-1.61686611
0.55656581
0.27153694
-1.11993302
4.49852819
-5.14042709
-0.79021557
2.65750676
-0.34639843
1.51784617
-1.76144540
-3.29043423
1.87602605
-0.50327982
-0.91889362
1.49692951
-2.97213649
-12.67838518
-0.95594575
1.55150200
6.60506664
0.11252021
2.22501379
0.57610331
3.34747658
-2.57101708
12.47002031
9.86797311
0.00200946
-6.63536481
-0.88837199
-2.19996538
-10.84235400
10.94594762
0.26804565
-1.09520188
3.78334678
-6.34712157
-9.85762058
3.07690531
1.47872825
3.78671377
-0.42839942
-2.93017888
-0.52563500
-0.69837518
-5.32255122
4.65138845
0.55842054
0.34233266
1.08285844
1.18873890
-3.19490835
-1.10127146
0.26170142
-1.36834938
-2.70028123
-5.27134000
1.31417954
4.37274789
-0.45350731
-2.98769844
0.45262914
-0.15299554
-0.00064730
-0.38288083
2.28611946
-6.04078779
-1.09249692
-1.91530198
10.62713753
-0.49707847
-5.40808988
-2.80059056
-3.74011522
-7.13730444
-0.75967430
-0.15200443
-5.10000151
-7.03082016
-3.31989484
2.05964347
-12.85020592
3.97760727
