-3.38449671
0.62684906
1.59121794
-0.77616945
-0.74709488
0.59276239
0.65388923
-0.48835508
-1.86132158
-5.07203415
-1.83853963
1.51152268
3.34608918
-2.71622730
2.26081257
-1.37539132
9.57999379
0.03900242
0.68095002
5.83024036
-0.36673923
-0.10771886
-1.43092309
11.08522291
2.34536017
-3.45114418
-0.79697947
-3.18485197
10.42859729
0.42984620
-0.00010782
-0.24660768
-7.04628257
0.94792926
0.01163375
2.59276376
-5.42010945
1.90643857
-2.39264175
-3.55660229
1.32233031
-6.00016218
0.41844481
-5.90922196
-1.26672934
-6.40383847
-0.44078847
0.68315023
5.44448395
4.00779838
-2.28506644
5.19189547
0.03919805
8.00328742
8.26759198
-1.82479239
-0.72555187
-3.07793506
-3.73319084
0.01333082
-10.24568454
-4.84853057
-8.16290092
1.83171033
0.70100454
10.60399251
-3.97839387
1.48430162
-6.04749496
2.92450339
3.55729686
2.27487986
-1.77074123
-1.47280088
-0.65970157
-3.55583764
6.18149534
-2.54587918
-1.25081124
-0.19811126
-0.85489063
-0.39256883
-1.76416514
1.26674533
-3.75870892
-3.31320713
2.71592758
0.78011674
-0.81272298
-6.74763946
-9.07757134
-7.94182259
0.00848790
5.22378566
-0.08142692
1.46032680
1.18401780
1.26043315
-0.66590323
5.12786907
1.80912489
3.77372730
-2.43278233
2.44431356
4.63716633
-0.28967567
1.12182129
-0.58937357
0.00959761
3.61767343
0.03958169
5.14669492
-2.47448564
12.26095212
-0.01048399
-0.39343614
-2.27902092
2.88438232
-4.78808439
-0.48555413
0.72510036
-3.88543832
-1.02294739
0.05103714
3.45026825
1.00991451
13.17697804
3.77983587
-0.37994793
8.97760253
-1.16528641
-0.32496257
-14.76287799
5.07011112
7.62808360
-3.38841002
2.59965416
-3.01386323
5.24425064
-0.49774448
-2.97401349
2.28980484
4.08488683
-3.05142800
-3.55921034
-1.88175124
-4.38439646
8.52393377
1.46238304
0.05385462
6.43767223
-0.24501531
-0.00629525
1.80925345
0.56820295
-0.73401986
-5.73592229
-0.52286726
-0.87907399
2.26667036
-2.92201080
-1.87905772
8.10990924
10.54758278
-1.62224765
6.86772064
0.81651191
-0.43721851
-0.01205511
3.60230199
-1.50118784
-1.36088778
-0.80370969
-0.06353403
-0.07702426
-0.25503561
-2.10869606
0.03304504
0.00338290
4.99964680
13.76548306
3.07878203
-1.27038309
8.95611676
-1.88327960
-0.47804947
0.15983547
-4.25178140
-5.23589490
-2.26462151
1.80241368
-0.04695217
-11.73678835
-10.07454548
-0.43034170
-0.57073113
-0.86465190
-2.91014373
-0.89501119
-0.38629360
-1.14084350
-0.28952159
1.85425569
0.45668000
-0.72678586
7.07112232
2.50897212
-5.28193346
-4.85377011
0.69586285
0.52866091
4.82506264
-1.91349217
2.04346692
1.85995585
-2.14276047
0.33484421
0.12204603
8.76722642
-4.86200212
-2.70987444
10.46403582
3.90414282
-6.86934169
1.59876313
-1.21253489
5.49810668
-11.50432564
0.13390927
0.74740196
-1.47634486
0.13560954
0.30896599
0.79100293
0.01610332
-0.75882899
0.60444801
5.51714636
-0.73511256
1.52188991
4.47193671
-1.38836591
2.84029018
-2.18435722
-0.61527205
2.54265888
-0.67498622
1.05745292
-1.50790728
-2.63152364
-0.44907142
-0.30009925
2.11863493
-2.72676737
-8.75220095
-10.14219062
-0.50694980
1.63513183
-7.97652417
-4.17634341
1.52094116
0.55461563
-1.73675700
3.57859876
12.25470626
-1.67817020
-0.33371875
-4.80559694
-0.49792563
-2.23814462
-6.82662389
6.99496190
-1.56733534
-2.03364348
4.38305423
12.15869752
-5.31535703
-12.45051777
1.09141043
2.65112910
-3.42180898
0.19070841
-0.55697867
-0.53580737
-4.64124547
3.50132703
-0.02401105
0.95454521
0.39159749
-1.15407521
7.85238717
0.44338425
-1.29386958
2.60974576
-7.40232087
-8.41925310
1.84729222
1.89882497
0.26958670
5.68895849
-0.41012372
4.79634095
0.19690401
-0.48178090
-0.49488597
0.47950340
0.37909711
-3.43501922
6.87176713
-0.57224803
1.99647440
2.17071491
-4.40987977
-8.45314959
-0.48789477
-0.08109176
-2.12804044
-2.21776212
-0.68417787
1.11503993
-13.06950367
8.37658191
-0.52017361
2.41202555
-1.18486286
-10.12031138
-0.31228221
-7.66148867
