-0.67508987
0.61850736
2.58303695
3.90731355
-0.18864174
0.00465666
-0.53080665
-0.17367390
0.99469026
-8.05088207
-3.23520196
0.10175737
4.35509219
-0.82368934
3.99800862
-0.45475931
7.44521243
-0.13012740
1.52184534
3.15508057
2.59710082
0.61014978
-0.54062554
-5.65590628
-4.12671551
-3.65754199
-2.09247962
-2.44498054
8.51368685
-2.02163762
-0.00226848
0.12130748
-4.54182555
0.83444756
0.00816323
6.64576759
-3.34333914
2.21766755
-1.82018067
-2.58844497
7.31724657
-6.04712441
-0.15533920
-6.14430975
-4.45131100
-6.98669502
0.85454388
-1.20842208
0.80444292
5.29242228
2.25638319
5.15437533
-1.13575943
3.29686598
1.71293096
1.17530928
-0.52770283
-2.08179551
2.56136122
2.00194922
-6.85232776
-3.09351338
-6.20801243
0.97174047
0.36123260
-7.72065957
0.38096765
0.61919671
-2.21735195
-0.17862108
0.78545962
-2.71136912
-1.44099347
-1.62250230
1.47798631
-3.31140382
4.39475539
-3.34295209
-1.99876518
-0.25723305
-0.03887511
2.00210300
-2.09869387
1.75035328
0.90950734
-0.46938235
-0.81696534
1.95049998
-1.45258676
-4.49675786
3.98251850
-4.45787319
0.23108104
0.05886516
-0.14846484
-1.17031735
0.91816282
0.57980116
-0.33427100
-0.67257251
1.44481322
3.11276650
-5.15653803
-1.12702476
2.39792330
-0.23895811
0.09587047
-0.31477769
-4.98982606
-5.16529387
0.42641709
4.23054649
-1.24515244
5.75317866
0.69474636
-0.30359799
-4.72635727
-3.98917024
-1.48643787
-0.59101344
-0.35946953
-2.06282464
0.55478320
0.01167191
2.32553435
-0.22093292
7.75152196
-1.62788156
0.23182489
6.19132778
2.73814964
-5.16980473
-9.67251440
-3.88089754
8.13636051
-0.90673054
1.84819410
-4.38249586
5.30590440
-0.16162540
-9.47366266
1.31561479
5.77232391
-2.97806937
-3.47728479
-1.35657102
-2.72513219
6.88464162
4.59474160
0.15552987
4.66289016
1.77688332
0.97561419
-1.16517176
-0.05257065
-0.24657306
-9.62818266
-1.17547918
0.04392513
6.19544071
-0.95756412
0.70242305
7.14662765
5.06781658
-0.25060769
-9.79624373
-0.26838827
-1.75702603
1.53098003
1.25360350
-1.70298985
-1.97660906
6.61895935
-1.16434156
-1.41257572
-0.60894424
-4.39115407
0.52658376
0.00367126
1.38696712
7.02669649
0.63577900
-0.16010548
8.80288687
-1.57956273
0.60115616
-1.79708764
1.09809347
4.85088136
1.50696721
1.63088969
-0.06595626
-6.46757450
-8.49304893
-0.11400335
0.35074427
-0.28178577
-3.24182378
-0.21132564
-0.99223871
-1.63129980
-0.22466753
1.61491149
0.44617777
0.20705632
4.98925525
1.81844304
-3.10881891
-3.03477514
1.07501687
0.69850576
4.74195435
0.17785695
-1.39761509
0.03471025
1.96017405
0.00047246
1.51506329
2.06246783
-4.94844800
-2.66078834
7.87878896
3.38772509
-5.27542280
0.50876358
-0.12645086
6.39837192
-7.95010244
-0.01099881
0.77873422
-0.85680727
-0.00658034
0.01885931
1.20783950
0.00757529
5.27555827
2.82692864
2.07841397
0.53135125
1.00653439
-2.42075294
-3.00824889
1.29087457
-1.67319650
-0.67663019
-1.57450119
-1.23623088
1.02275354
2.12909855
-1.22704414
0.55264622
1.52626395
6.22274241
7.69346480
-6.06508706
-5.74977124
-0.50310356
3.08535862
-6.32402650
-3.21293138
-1.90714154
-0.47505079
10.33442877
-5.73207960
5.11120738
-0.13025895
-1.74975634
-0.47099164
-4.63406437
0.00603755
-6.90297655
-1.84916034
-1.43600377
-1.86305306
2.64681396
9.41689663
-1.95620972
-9.98335851
0.79448714
1.41212818
-0.26905524
11.66814443
0.52178998
1.82800689
-6.90805921
5.24590172
-0.02169213
0.90006212
-0.17534514
-1.21101765
5.96572595
0.54840474
-0.72772682
1.65202909
0.12674421
-7.30403921
2.87402680
-0.42045339
-0.25862405
5.99571968
-0.80432739
5.39560997
0.26216183
-1.38651866
1.29905401
-3.69328847
-0.40763270
4.64773486
4.07408859
7.05252032
1.11876032
0.50514051
-3.91795312
1.35305177
-0.75900348
0.70129927
5.16153304
-3.17401816
-3.37650843
1.20062238
-5.97290612
6.34430304
-1.12446089
-1.24468360
-0.93610827
-7.35746771
1.88164867
-4.05203503
3.09531586
0.23504137
-3.53835626
0.47917135
-1.19500655
0.45870250
5.03743574
-1.65240105
2.05315458
-0.00022308
