-7.97557990
0.78345561
1.00830014
3.16877088
-0.11584852
0.02726611
-0.56896604
-2.73208685
2.45693217
-3.79368559
-3.75263443
-0.54069116
1.95318203
-0.43008523
3.29842232
-1.26749753
8.46786118
0.48365434
0.33965650
8.11528463
1.21801982
0.09199105
-0.08050327
-7.04719083
-3.04596980
-1.62020529
1.66789488
-1.12235912
4.79481920
-1.41618492
0.01403485
0.00933490
-3.11432206
0.41053754
0.00606710
4.81506807
-3.79169693
-1.52478297
-2.06019415
-3.30307653
8.67515586
-3.16632962
-0.21790275
-7.51626984
-4.93368342
-6.55984763
0.41859232
-2.06777630
-0.05087097
5.92808947
5.77677570
-6.42215613
-2.78576126
-5.12382578
-2.01372765
-1.13036916
-0.51263796
-1.34423424
0.16909260
0.41458789
-2.00573504
0.63477672
-4.13741143
5.39584985
1.00168813
-5.78048567
3.63913609
-0.64849273
1.50188990
1.03093197
-1.65844642
1.07771994
-1.07794261
6.71192745
0.42101907
-2.26157948
2.96067636
-3.74242447
-1.85421937
-0.28720597
-1.59246945
2.19330557
-2.52642391
0.17193168
1.70562609
1.49025818
0.10908690
2.07683300
-0.23771274
-3.29829358
5.43547234
-0.93440491
-1.44059707
0.66635224
-0.11521573
0.11341827
0.76725287
2.12494696
-0.08870537
-0.18526855
1.20184826
2.55543536
3.46372447
-0.01214474
4.98561914
0.54465749
0.34890269
-0.72004520
-5.74888289
-0.59002557
0.40219434
7.86444584
2.14118476
6.91396494
0.83375375
-0.81179558
2.17455478
-2.94264629
0.60571233
-0.70340434
0.95531693
-1.23930519
0.46337158
0.19282217
2.39883140
1.88837715
6.73262668
-6.43167573
1.14088001
6.20863611
-1.35003827
-4.44773294
-8.64406973
-1.20936560
9.64343217
-3.88422113
1.72056736
-2.92539381
4.86921633
0.01181796
-3.88514218
1.31725436
0.01302583
-2.48789741
-6.04510661
-1.09202699
-1.91102199
6.32988606
-3.35629199
0.18102639
5.37199928
-0.09567410
0.70663736
-2.25089367
-0.52107643
0.75418943
-4.31060810
-1.30768533
-1.95009522
3.89682218
-0.94708981
1.96483942
5.59104764
5.22357034
-0.18267884
-3.69637811
-0.22377706
2.22724722
-0.34182365
5.25259939
-0.62789846
-7.31396050
1.92225269
-0.69125257
-1.30523074
0.16179198
-3.90683559
1.82682921
0.00245195
0.32648424
4.07451736
2.14602449
-0.35005879
3.92121932
-1.35168175
0.00089727
1.10406544
1.40964450
6.85256183
0.89798290
1.65582398
0.05538323
-4.60978093
-4.12359884
-0.22103419
0.15931269
0.38403260
-2.64371641
-0.98278941
-0.01959498
-2.42721292
-0.23509129
1.20820341
0.41537668
2.79596713
1.27267782
1.55603214
-2.88746232
-7.02720256
2.60675935
0.81212543
4.11288722
-1.37460803
-3.91021401
1.16716103
1.79683314
0.05962678
1.15841335
-3.27278212
1.09428277
-2.16997489
5.77298966
0.60966183
-13.68617151
-3.37172891
-0.26933620
2.47281158
-5.89308073
-0.00871588
0.51105260
0.24729235
-0.31396665
-0.09834440
-1.23768544
0.37766230
6.16547812
3.78855625
0.46605937
0.58544739
0.22136090
2.11860933
1.22890136
-0.57927276
-1.16855747
-0.59759623
-0.10170925
2.85673495
-0.23489892
3.12283491
-1.73744533
2.08486246
1.51108576
5.56542665
5.61741159
-8.07097552
0.79463763
-0.42092437
-1.13247706
-5.83582891
-6.57697175
0.00380859
1.07419668
-1.27710646
2.73692125
2.48162125
-0.98952783
-2.06808665
-5.66177024
-1.76537988
-0.41350204
-9.39275802
-4.95952815
-0.89088356
-1.20183160
1.99871308
8.78086344
0.15425411
-7.98353526
0.56619821
1.11931775
3.77460497
6.35147952
-0.04554575
-0.37503177
-0.17607563
8.56194565
-0.02846599
0.92728708
2.95518931
0.63479141
4.21497692
0.17856690
-0.31637595
1.19002448
-0.59558732
-7.96292008
3.83309893
1.74494586
-0.33087308
5.34080541
-0.70993401
5.79095201
0.28784295
0.00285874
1.92821811
-2.57357896
-0.26795288
4.37507550
1.27964580
-0.78466908
1.11555092
-1.51433215
-2.72510750
0.10344174
-0.65737948
0.65252333
4.05628259
-1.19903194
-1.30266814
-0.23969706
-2.87764796
3.64134121
-0.29359620
-1.81505761
0.34775774
-5.03589805
-2.74524680
-2.42283822
1.77019685
-1.50573713
-2.76151250
-1.32414755
-0.87894662
-0.61266648
-2.54848512
0.63283128
0.17129887
0.33509758
5.38250033
-2.40700653
-8.36045689
0.63731818
-1.43249806
2.46072050
