-0.00837368
0.12125557
-0.63185306
1.91906747
-0.31512753
0.04753582
-0.58076632
1.29170523
0.20155924
-0.67163649
-2.76691556
0.84327959
2.22425008
-1.56873332
0.28152987
-1.14324315
-0.39919228
-0.35622185
-1.50101926
3.32435076
-0.11607355
-1.24435615
-3.56153125
1.90524623
0.28884691
5.13272002
5.44423275
-0.31091063
2.33620084
-5.30823557
-0.80479193
-0.00465084
1.14730874
0.62748634
0.16835562
-0.23946920
1.61809391
-0.19935236
-0.17563486
-0.00235321
3.89265456
1.93132182
0.00112941
-3.64545726
-1.63081323
0.20735985
1.00920075
1.93625758
-0.43611096
-5.32333353
-0.44578571
-0.06314852
-0.16756315
-3.77830328
1.67354333
-0.47035156
0.24923035
-0.17695007
0.23100668
0.45877827
-0.31021575
-0.19897785
-0.00525945
2.47448180
0.65016294
-0.02490384
-1.79528929
-0.58695521
0.00274134
0.02586969
0.22405451
0.02727988
-0.45045199
-0.27772716
0.12353968
-0.54106418
0.43906978
0.42683114
0.14227998
0.17370048
0.00048053
1.57983471
0.88709203
0.00936341
1.21149760
-1.21235418
0.91989509
-0.09806963
0.36955374
-0.93362155
-0.25894119
-2.30470489
-0.09038885
0.84259862
-0.64907644
0.29554652
-0.14841508
-1.41111475
-0.10540814
0.61635869
-0.11153220
0.55203575
-1.05304179
-0.11236975
-1.77963305
