-1.63085408
0.63056313
0.93182627
3.48112309
-0.15206258
0.12187716
-0.58349340
-2.80200058
2.69130282
-5.81545652
-3.43308853
-0.37075965
3.49125095
-0.10365620
3.78143829
-0.78957342
7.20384625
-0.03931752
0.14556594
4.64379346
1.94585419
0.76819236
-0.32673051
-5.99404070
-3.43927798
-3.94638664
-2.35171974
-2.00337558
6.59409436
-2.06569134
0.00211431
-0.01148631
-3.75587441
0.52847916
0.00630840
4.98204938
-3.05875536
2.81529989
-1.68818054
-2.62265475
6.96137778
-5.85855463
-0.21624240
-7.62087758
-4.54656829
-8.27029716
0.31970611
-1.70907606
0.29222971
4.68713898
8.64691809
-22.53192018
-0.42856841
2.21811859
-0.96623323
-3.30214695
-0.49846022
-1.69094816
-3.69165491
0.95819219
-4.82509823
0.45489586
-4.57828149
16.40289247
-15.28522178
-5.91432313
1.47536897
-0.34787113
-0.76288933
-0.90912571
-1.29695683
3.89258247
-1.20373922
32.80088439
1.10475032
-2.34919623
3.57228045
0.52256100
-1.84390744
-0.34677112
-0.62703879
0.40955804
-2.82506291
0.73043084
4.37054301
0.54759224
-0.60833915
16.70361400
-1.84281420
-4.10597091
6.58470955
-3.61292457
-1.47637888
0.00110272
-3.08700325
4.22182124
0.75041947
11.65926817
-0.22453827
-0.85158547
1.42743891
2.97734551
2.53379811
-0.19515932
1.90795176
-0.00589250
-0.00396628
-0.49156465
-2.93468102
-1.90288855
-1.20401690
4.38361134
2.39003686
7.12684780
0.73661340
-0.36312565
-1.45472760
-3.70157923
-0.11716846
-0.59308661
1.12255067
-0.95179200
0.24198846
0.03593350
2.07310323
2.08597843
6.52940588
-2.15193232
1.30782127
5.04593856
-5.62662531
-4.34771855
-9.47464300
-7.18576182
9.82150308
-12.01222670
1.71086025
-3.52147720
4.73431986
0.00032499
-7.11658784
1.60155972
3.13339361
-2.75554201
-4.31909892
-1.32683260
-2.29116860
6.63046292
-1.74848372
0.17789945
5.10677699
2.36338580
0.70999218
-1.48956648
0.86465784
0.59856459
-6.41549786
-1.19503594
-0.40557028
5.39144827
-1.22760918
2.42824703
6.34021550
1.57940794
-0.15528566
-5.97428117
-0.41249593
-1.63983464
2.31459198
8.79051632
13.79806958
-2.12523744
3.39682096
-0.88868016
-0.74695976
0.32854118
-4.00104255
1.08534298
0.00276559
0.42179243
4.25520540
0.07908394
-0.18641813
7.85113673
-1.42233990
1.71516978
13.51121707
1.27235255
2.42470403
1.57628553
1.56277167
0.03543376
-5.43192648
-6.91164730
0.11733708
0.19287304
0.30386231
-2.54129861
0.19396028
-14.40176337
-1.83159029
-0.24164708
1.48316146
0.42653166
1.80607583
1.08975406
1.46787076
-3.29654830
-3.13101533
1.48632683
0.79995359
4.92222343
0.11950517
-2.43468637
0.47991424
2.77183016
0.01938798
1.12912332
-4.05869244
-0.12622734
-2.30931276
6.98031569
2.30135604
-6.43009579
-6.02756556
-0.05644799
5.16130394
-7.39947543
-0.01001945
0.75368314
-0.53287325
-0.23779082
0.00613262
0.11918701
0.20422300
5.46231485
3.27264166
1.05397686
-0.19000645
0.94366954
-2.19833784
1.05938316
-0.89798490
-1.74889388
2.03003410
0.95134804
2.19379302
0.33401532
2.35554439
-1.20459646
2.00202309
1.62267052
6.22457175
6.26395687
-6.49983613
-4.39645677
-0.45773882
-1.40783083
-5.64045806
-2.14173842
0.01858799
4.97532407
1.53092273
2.82453428
4.05997436
-1.94986640
-3.18443525
-5.63443360
-4.99457185
-0.03723567
-9.41644726
-2.37033699
-1.03619393
-1.44969321
0.68220670
8.23655904
-1.02454783
-8.52814948
0.63628317
1.19423457
-4.27994949
10.24120902
0.43863735
0.23448833
2.10408544
10.30211680
-0.03494356
1.05764435
0.45760822
-0.25798544
4.56150354
0.24024147
-0.49007184
1.47885040
-0.35676298
-7.90643947
4.29617332
1.13233278
-0.27140164
6.49078933
-0.80691493
5.72851240
0.34983168
-1.94096204
1.74792591
-3.19933601
-0.31021200
4.50548627
3.45714875
0.92058607
1.00504760
-1.45458125
-2.09445409
0.49092284
-0.62886006
0.62528271
4.03250695
-2.97523017
-3.75587820
0.78013671
-3.87611239
4.73049867
-0.37012668
-2.31782968
-0.84236675
-6.27849405
2.65879067
1.67272220
2.08592467
-1.10269279
-2.57853450
-0.45479367
-1.03066557
-0.17431448
2.64706410
-0.14136756
0.58604817
-0.00263193
-4.25238869
-15.65735799
-21.27036941
-11.66063227
