-1.88614348
-0.78257131
2.78168595
12.20622055
0.12558478
0.10472934
-3.32312630
-2.70989426
0.26443493
-23.64793823
-5.65884078
-1.50431588
18.86041274
-0.13828639
0.38939632
-6.62239983
9.23656914
-3.18993834
-6.72763554
0.62031351
4.98701143
1.13260176
-0.77068222
-10.04778116
-10.02022411
-8.95268664
0.59495407
-2.62988279
28.10973078
-1.15614897
-0.00516526
0.52774879
6.01972788
0.45311771
-0.03981996
-2.07409416
-0.53710584
3.41808708
-1.36512128
-5.70638922
-3.13567113
-0.91301898
1.77236802
1.50075522
-4.27420778
-13.06900220
6.09401200
-7.12488159
-5.43869961
6.08204145
7.91973885
-3.46567715
-1.32378217
-2.16952197
-2.05275872
0.39403203
-0.51258511
-1.71921978
-1.35806469
0.42528861
-4.07766967
-2.97708481
-2.50928057
1.92912377
0.25487626
0.23728468
1.14893671
-2.30450227
-1.55085929
-1.15402852
-0.79694885
-0.84544456
-1.15742506
2.44692162
0.88592499
-1.65428378
2.82219003
-5.40516341
-1.48308970
-0.74069149
-4.86562586
5.98016176
-1.37286356
0.91829781
-1.42970466
1.34526218
-2.02104837
-2.27074819
1.87759429
-4.10142612
9.39327252
-2.75279415
-1.75023270
1.21382388
-0.00044145
0.03248488
0.80646823
0.70422085
-0.31422957
0.26311383
1.17997901
2.24948364
-0.53766249
-2.49413188
2.12747394
-2.57055041
1.56653373
-0.91074700
-3.73582047
-1.86015970
0.10375685
8.19621124
2.78165131
10.07467928
0.52449538
-0.67259227
1.52278281
-5.81093903
5.29459714
2.71994253
-3.70359226
2.66328263
-1.53468537
0.11848197
1.04251197
4.34295533
-0.87900413
-4.20901130
0.27568125
2.61012701
0.62876965
0.64362369
-10.00536069
-5.94353623
5.80326596
-5.68072868
0.63556819
19.06454441
3.88141104
-0.88707283
3.90606119
2.39708605
-0.55979513
10.01252022
-2.93482047
-1.24943000
-1.98505390
7.74651316
-0.48660551
-0.01382275
-0.34132974
0.00650379
-1.13685063
-12.02289481
-1.17506755
-0.51054779
-1.22393328
-0.28322483
9.21142420
6.02225439
1.65693287
-0.91354365
-2.73016350
3.47139563
0.00580840
7.71415063
0.72038764
0.59341343
0.23042985
2.05343389
-0.80305444
-6.95035998
2.77280780
-0.72187455
0.96023484
0.91852692
2.69538866
-6.97845789
0.00013556
0.06092163
2.51788133
3.32159566
1.49881052
3.38866508
-0.85927713
0.00238339
0.58617275
1.24980599
5.62741787
2.19329768
1.47464463
-1.10402946
1.32874374
-3.61917359
0.29102179
-1.46171571
-0.00432221
-2.25529516
-0.09689755
1.59586369
-0.90035997
-0.20787313
-0.16063762
0.90091200
-0.96063280
3.02450159
1.92750761
-1.29227371
-9.69120451
3.48487220
0.05057374
-11.93901321
0.81423746
1.05356816
3.44045841
2.54384429
0.12642157
-0.08558992
-3.45097973
0.26555878
-2.64909219
5.66691240
-1.84568599
-10.75321221
-6.71637932
-0.13283418
-6.53848048
-3.81142806
0.36784408
0.72853503
0.32209796
-0.35171066
-0.51938782
-1.23264508
-2.48162337
1.88881207
7.85524989
0.57366823
-1.28069089
-0.67734494
1.25411353
-0.82163635
1.30824030
-2.26862827
-0.37786444
1.34386399
0.37932786
0.35636568
0.98916719
-1.51985902
2.42005269
1.56479292
5.90422854
4.58920808
12.68767253
-2.50150286
-0.28135095
2.36802920
-2.30137929
0.34617017
-0.03620429
0.02350095
0.34534532
1.56759018
6.75263433
-1.11913086
-1.10692133
-2.05809832
-0.03432676
-0.13007286
-7.72237794
-4.45340862
-0.00264554
-1.02527465
-19.07876503
9.38166087
3.47690448
-7.45388127
1.12562790
2.54225313
4.74713552
-7.58374389
0.03126106
-0.66954381
0.55870329
8.91201456
1.99917419
-2.32044740
-2.03129459
1.03661172
3.82251129
-0.03095198
-0.25944629
1.29416523
-0.18829054
-7.94869268
1.39103138
2.10520885
3.54041191
-1.13954670
2.06954496
-16.46202718
0.03220625
0.83297852
-1.96206267
-1.95742040
0.00232742
12.61778324
5.82766638
0.70198169
0.20070951
1.79634040
3.78696950
4.83526540
1.34899513
-0.84021132
4.97614660
-8.05670112
-2.03884577
-1.06548060
-5.64757644
1.73215224
0.43659165
-2.55909002
5.28204492
3.45774370
-0.05991092
-2.87198757
4.51774861
-3.76004627
1.85295245
-8.34360898
-0.80838861
-0.81746513
-1.02680565
2.04922828
0.00822915
0.08203354
5.52464433
-0.01892446
-2.23890006
2.47921860
-0.62003414
0.70789364
-1.18307035
-4.12561938
-0.12677851
0.75601070
12.10495841
14.70872266
5.87305454
-0.93149962
-11.86010021
5.73981341
-27.80438666
5.92195608
-2.67359041
-0.57852810
