-3.70220562
-0.66984018
3.45811973
-1.71394644
0.15157206
0.15863712
-0.55827974
-2.73266011
0.43174935
-2.06007507
-4.23418434
0.81508747
0.23061220
-1.02481770
1.52720191
-1.03828000
6.34362975
-1.98116342
-1.20194061
2.77034245
1.08693508
0.94202194
-1.44585989
-5.75072751
-2.98948091
-9.04831672
1.44078762
0.83662345
2.81257614
-1.22574103
0.03925153
0.13205815
3.43321796
0.26264343
-0.00562369
-2.65513965
-0.65545541
3.63040327
-0.93844422
-3.66291595
-0.09588403
-4.58298997
-0.16622104
0.43333565
-4.40525127
-10.25875665
5.52929274
-2.60414856
-2.90782349
6.89056283
4.19123026
-3.93598789
-2.64328706
-2.33080745
-2.24324526
-0.34066991
-0.55655575
-1.24925498
0.82078324
0.14064608
-3.45437525
-1.95009324
-1.99917048
2.39223976
0.66495368
-3.03493747
1.57687626
-0.61934527
-0.63795306
-1.30728718
-1.11707645
0.60479596
-1.15062291
3.18372453
0.46936619
-1.52062699
2.11479229
-5.60775800
-1.28275467
-0.18489844
-5.82712238
7.00992670
-1.59788093
0.72663795
-0.83080473
1.12242961
-0.82809828
0.51442465
1.38597606
-4.10216625
11.61355541
-2.30924203
-0.54739706
-0.79138831
-0.01281941
0.78231071
0.63228553
0.59052757
-0.59976983
0.40547069
1.29594830
0.69959942
-0.68243683
-0.35883528
2.16165478
1.24452478
-0.71387858
-1.25733003
-3.29147057
-2.16210838
0.34638770
8.65038220
0.38183299
10.18938358
0.02608487
-0.25807542
1.67377027
-1.30968413
1.71624013
-0.84630345
-3.72164493
3.50612849
0.18628870
0.26454958
0.45605914
5.19739716
1.02432604
-4.47106791
0.39699327
2.65032091
-0.34060922
2.66175056
-10.55613866
-2.07449004
6.79980233
-5.14306957
0.67130400
5.79899880
6.23630324
-0.64145617
4.13492045
1.63462114
-0.33800007
8.53072725
-3.25151936
-1.29028854
-2.03782764
6.10040705
-0.88751672
0.19127112
-1.64096046
0.16991362
0.58538984
-0.66854384
-0.50815413
-1.11589615
-0.94743611
-0.49291261
-2.35256751
5.82598730
1.88317352
-2.52121272
0.71558818
2.89853611
-0.32069964
8.28805725
0.57516274
0.91003557
0.01691660
4.45283003
-0.53345725
-7.37190427
4.35883024
-1.28638445
2.95261250
0.11702843
0.23169526
-4.57866382
-0.15954667
-0.47391260
3.41297848
-1.92282656
-0.69588281
3.43204719
-0.81768800
-0.20058891
-0.01493184
1.35366053
5.43303451
-1.24672105
1.34421002
0.00188737
-0.34954693
-4.51956437
0.51724804
-0.01940152
-1.06190858
-3.06510526
-0.04971621
-0.71459473
-0.50424052
-0.23138151
0.73568619
0.71366275
1.61059625
2.52155490
2.07539551
-1.30505894
-3.28730948
2.81475671
-0.55897053
-11.63474454
-1.72485371
1.54535717
0.44825420
2.27706918
-0.06841912
-0.65159559
-6.13018362
0.99932203
-3.12772791
6.16376629
-2.71166397
-11.55312854
-2.04038688
-0.18837465
-6.83681343
-4.31480549
0.86399604
0.79298914
-0.17309853
-0.55272112
-0.26617093
-1.51531057
-6.01941158
3.72135329
7.62066109
5.95222153
-1.50255151
1.00877559
2.00722422
-0.03078231
0.66317335
-1.75994284
-0.65671387
0.27462855
0.83307673
-0.07410125
0.54018140
-2.37389866
2.32965722
-1.31547700
5.57244491
4.80215141
11.20846845
-1.61800756
0.26994915
1.65646545
-2.01837791
-1.30781470
0.14379499
0.32394224
-0.05299217
0.04473325
6.22745569
-0.41008017
-1.73530932
-4.43302549
-0.09173232
-0.83470393
-6.90805074
-4.36040939
-0.10741652
-0.79124581
-4.04735242
9.44903391
2.05541086
-9.29137393
1.06055593
2.11379850
4.12564583
-7.15986636
0.13352349
-0.56340193
0.31932422
8.41934844
2.62200024
-3.77670018
-2.24054633
1.08967006
3.66320988
-0.06889902
-0.27787640
1.40537876
0.11937566
-5.89035829
1.73304646
1.80200320
-2.50551612
3.77999574
-0.67818772
-14.31746632
0.21719755
0.00540244
-1.54916540
-0.72884172
-0.28640740
3.52055975
4.99849191
-0.02447867
-0.02110867
2.62650499
0.74567509
4.38974224
-0.92581749
0.35405294
5.14377787
0.14139330
-0.89577125
-1.45488622
-5.47256916
1.28574863
0.34861100
-1.51402316
2.54101924
0.47243071
-0.13103754
-1.95740285
1.87763623
-2.42157503
1.64805088
-9.62274532
-1.11933882
-0.21751081
-0.94380033
1.02607694
0.04915085
0.16654585
6.34193577
0.26676817
-3.27929392
0.67554808
-0.56799717
1.29570750
-0.44072608
-7.10184817
-0.16483300
1.35932375
9.25521673
11.64070748
