-1.31119197
0.18476534
0.71173096
5.56064395
0.11404201
0.11134284
0.55025608
-1.81796908
4.11489223
-6.56483204
0.81946938
-0.46245077
3.48800455
0.03559862
-1.73138358
0.08159221
-3.83859475
-3.26084199
-3.24676682
-5.68446002
12.90596518
-4.47867026
-0.13595882
4.79645294
1.24455813
-10.24177044
3.27299461
-0.02310728
9.14896705
-1.41857757
-0.00367328
0.20339624
12.54951034
0.27016463
-0.06000710
-5.25932030
1.72511389
6.81860021
0.03198661
-0.38289336
-0.66650081
-4.05759026
0.18627132
2.57134311
-5.21534956
0.35312131
3.05519705
1.64867670
0.97358069
2.33241197
3.81258576
-3.94876565
-1.62114297
0.36565751
-4.27311090
-0.93355435
-0.75184523
2.48926237
-0.43154280
0.17887130
-2.63107257
-6.76420085
-3.61485608
0.45931548
0.70670620
-1.78125887
0.45795158
-1.03198177
-2.77738375
1.71961076
-0.78929303
0.83894565
-1.09649044
2.38675144
-1.74196336
-1.80837238
1.71183658
-7.59808679
-1.93251753
-1.27390452
-2.51011423
4.44369979
-0.53283630
1.05928602
4.19404371
1.82754901
4.89571535
-4.72685732
2.20421608
-2.92083185
15.36187304
-1.34088867
-0.96176485
4.78988602
-0.13459937
-0.31898995
1.20002942
-2.17184480
-0.40195865
-0.82939058
0.61878861
0.83299354
-1.66462111
-0.98654294
-2.73320615
8.83878541
-0.76861529
-0.09522243
-4.50695985
0.25327715
2.24975418
7.27339933
0.87573448
7.20356722
-0.31990903
-0.45356944
0.06970972
-6.32413694
0.85793253
-0.42742790
2.63698675
-1.60736754
-1.63503817
-0.15592226
-1.50230188
4.58065767
-4.58207903
-6.31886406
1.26365639
4.22871774
1.36285273
-0.85790167
-7.71903782
-2.59616483
5.70226091
-4.71800030
-0.04656516
8.10778278
7.13563412
-0.87857043
5.42842601
4.11021172
-0.53028156
-3.93133283
-7.64973046
-0.84690808
-2.69257511
5.05099461
-0.37483828
0.00565255
-3.91406245
-0.29081498
-2.81388373
-1.03887077
-3.39605629
0.64717944
0.04188127
0.44323991
0.00720460
-0.31152105
2.47399630
1.84911566
-5.56293637
5.41010900
1.35458097
9.36869373
0.23558784
0.35846595
1.10240182
7.90197178
-0.91752750
-1.54265023
-0.05600642
-2.44534143
-1.44074398
-0.10518129
3.37832702
-0.65586513
0.07960508
4.48387214
-4.09957426
0.49937295
-1.47873789
5.06479679
-0.44109178
-0.12306797
2.48950226
1.17651151
7.86663929
-5.91073131
1.52250796
-0.24742304
4.07039716
-1.62131600
-0.33471403
0.01485839
-5.50488491
-5.63294049
-0.52230183
4.40300432
-1.48117442
-0.26299536
1.09112917
0.65665433
-4.30990972
5.36252261
3.39538697
-0.62728277
-1.05605955
2.81842008
-0.04717326
-1.99967262
-1.37542919
4.00351777
-2.05687218
5.26148832
0.08813345
-0.60926950
-10.12122975
1.62532367
-0.68517525
2.81816653
0.58023221
-9.57690551
-1.87029174
-0.85918261
-5.62544963
-2.28182183
0.52258595
0.95088887
0.09361745
-1.87793463
-0.17104199
0.16637343
-5.94977496
-8.44754038
0.83246142
4.48842795
4.03930201
-5.72460167
-1.33906017
0.35402022
4.53449302
-2.96051303
-0.49091723
0.45310210
0.28574749
0.97457937
2.51651944
-5.56938841
0.97597733
-6.21554513
7.09942326
5.59898077
11.52423908
-0.96864378
0.31903387
-1.30856219
-0.12844211
-0.92310415
-0.06064056
-0.14497188
-0.02023862
-1.14771100
8.12285836
-1.79384754
-0.94351465
-5.95596074
-0.35695424
2.72351373
-9.36141523
-7.20761148
-0.66225659
-2.28523979
-9.05146695
2.38713063
2.25902078
-9.78211149
1.05233111
2.91335951
-2.83348919
-12.92658758
-0.89783574
-0.77976703
0.82787762
10.20804957
0.05323774
1.31292497
-0.19512118
0.42166859
3.59888645
0.07817185
-0.11308430
1.16113486
-10.88793837
4.57854156
0.83780535
2.18831268
2.21048410
-6.58821134
1.54056199
-8.24530712
0.45272916
0.82612119
-5.48320229
4.73147337
-0.03778228
1.61238414
7.64773704
0.03487426
-2.39757710
-2.01172703
4.80727185
4.75251877
1.30680435
-2.67148984
4.20864666
-2.68158824
-1.04700936
-1.88669637
-5.08868446
2.06420838
0.24117943
-4.49285433
4.70940903
5.42179791
-3.60462077
-0.05170359
4.35389991
0.09832388
0.02236297
-15.24722586
-1.39814538
-1.25375876
1.85965569
0.06596340
0.02802286
0.05405615
6.39997890
-0.33620836
-0.85886731
3.24662685
2.41434969
-0.96162102
-0.13678867
0.97529619
-0.13571160
2.22682963
-0.11390826
9.95908223
-0.40006736
0.67523938
-4.91462367
2.28818968
-9.41791267
-1.01181005
2.81277247
-2.78204738
4.86153526
-3.09879714
4.08159830
7.31619267
2.46176930
0.16325388
-3.20626962
0.73878172
-2.81558760
-2.17179878
