-0.47332806
-0.48281842
0.98796564
5.22142849
0.07964612
-0.02164245
12.82073002
-2.43762846
4.49571788
-7.93875761
4.12608292
-5.86778906
5.52755855
0.04387869
-1.50731972
0.23122319
-5.18895721
-11.40792287
-3.68186029
-8.01732014
10.56516315
-7.51418011
-0.06569014
7.24550669
-1.25349079
-11.06275727
-2.48654214
-1.62697123
10.47354601
0.67098391
-0.02179671
0.86094620
14.22466521
0.34861711
-0.53868081
-4.79189726
1.36923466
10.85634049
0.03042924
-0.63233522
-2.36743302
-10.69489549
0.06716476
2.70258347
-4.08862386
-0.06977125
2.88796426
2.49658625
2.04219040
4.75776608
4.58619450
-3.89314291
-2.35827106
1.18851102
-3.61541987
-0.43867935
-0.90620305
-1.16268345
-0.45606513
0.12714336
-3.35624371
-5.77719750
-3.49393548
0.35706228
0.68218668
-2.35424273
1.32065377
-1.40078680
-2.17079859
1.00559437
-0.31657760
-0.14393948
-1.14076855
2.61835706
-1.31368973
-1.78010849
1.92948351
-7.55721220
-2.05255180
-1.20043197
-0.04403588
2.62118054
-0.35810598
0.98081833
3.65611676
1.92428315
5.44170791
-4.18934350
2.24262019
-3.48595591
16.25401529
-1.75236915
-1.07630489
4.66029537
0.00062508
-0.20480252
1.19669361
-2.08344145
-0.76701626
-0.62473390
0.83083474
1.85363049
-1.20015143
-0.89054715
-0.31323645
9.76362542
0.31537200
-0.19219820
-4.48296625
0.70860618
3.68264940
6.99934886
1.44029420
7.04288831
0.02666554
-0.53030246
0.03654745
-4.16281144
0.27460533
-1.55553061
1.49864959
0.80957690
-1.22941753
-0.14354767
-1.81599223
4.88747455
-6.47600851
-6.38258492
1.53827853
1.00491469
1.22995880
-1.15976439
-8.94957236
-3.11474857
5.66297851
-4.85171288
-0.07359096
9.35863473
7.36324898
-0.84371558
7.11291196
3.50864881
-0.39181908
-0.77465122
-10.37554446
-1.04366294
-1.86803724
8.51450639
-0.39324679
-0.03385629
-4.61144146
0.06773771
-0.66957305
-2.30110446
-3.28373127
-0.26793532
0.04660803
0.98028407
3.10509112
-0.56815384
1.91705844
0.83267909
-6.57129290
9.33019527
3.36837325
10.44282466
0.61833792
-0.05236869
1.28659545
7.36076554
-0.91555267
-5.99816051
2.32120884
-1.78028602
-1.05648111
0.20175280
3.04712805
-1.22485004
-0.51703006
5.84001069
-8.38987466
2.90081685
-13.21573087
3.89332874
-0.65448214
-0.08484097
1.96325260
1.66113724
7.61844517
-5.54544168
1.82313145
-1.13265640
8.03452043
-1.74021425
-0.24685150
0.38489407
-1.81150561
-6.52865422
-2.32029585
4.15606046
-0.16977651
-0.19640989
0.93781903
0.89677365
-3.54111616
4.73640973
4.26882337
-0.86942173
-4.75008882
6.42772183
-1.15813250
-3.61919336
-1.80531859
4.25302451
-1.85079222
4.45104544
0.08226124
0.18714897
-10.19764671
1.04719919
-1.30328592
3.74056425
-0.19149044
-9.73664484
-2.82188775
-0.74983654
-5.32714763
-0.13617464
0.61708384
1.00083481
0.13063678
-0.52997037
-0.24684277
0.14896495
-4.31634982
-13.72723405
-0.87055446
3.30257425
-1.85053224
-2.64478175
-1.63377350
0.75494197
3.14581804
-2.81461670
-0.66488327
0.47404766
0.30585043
0.99343859
-0.25935026
-4.31741494
1.27018126
-7.54301114
7.26513685
5.93053561
14.09644952
-1.02934073
-0.18316621
-1.58564081
1.25629867
-3.11263634
-0.06782398
-0.15903272
0.09246798
-0.28638039
7.91616897
-1.10120613
-0.92664034
-5.24760248
-0.33334715
2.28618650
-9.18513045
-6.85950107
-0.34036813
-4.27624743
-9.33729392
6.20024448
3.47039880
-6.42223097
1.08289206
2.49088654
-2.66403864
-16.12503674
-0.88656198
-0.72017948
0.57668333
9.99657140
0.26170066
0.61118348
-1.70562077
3.35245768
3.77120619
0.05812349
-0.19333823
1.06880805
-14.44960133
6.95346407
0.64877083
2.05291208
3.79659990
-7.14901025
1.37375351
-8.61753198
0.40407398
0.81025219
-8.70602999
7.86986726
-0.47123393
1.42794315
7.37084072
0.14973869
-0.67489051
0.33899305
2.79785106
6.73707331
3.76996648
-7.05791793
3.31800375
-4.74284575
-0.61407698
-2.35653204
-5.54470024
1.97400867
0.39152690
-4.19079503
2.52823900
5.97124576
-7.01324703
0.26130211
-2.75785966
-1.25404698
2.22165085
-16.07798961
-1.53378874
-1.18370284
1.79846253
0.77515945
0.04284154
0.02044158
6.45099486
-0.39432426
-0.73451067
2.45378598
3.26713051
-3.42830197
-0.80639602
-1.07989726
-0.10295127
2.39699141
0.12802233
10.28326359
0.10628863
-0.07327301
-4.62737143
1.46214055
-10.21355281
-0.91424557
-0.59523465
0.65064187
4.76833103
-3.75874139
6.34875580
9.60717317
4.64113917
-4.44244615
5.79188400
12.79867087
5.57445827
-5.47448147
