-11.71179635
-1.20287951
1.42749164
7.70837852
0.05368438
-0.04167334
-1.53578820
-2.60975797
5.20515842
-8.62227412
2.02898904
-1.28597844
6.32547933
1.25316804
-0.10735178
0.23371040
14.41941626
-3.99895840
-4.51321941
-8.48751885
8.09755688
-11.09549093
-0.67859084
0.08737981
-6.61319657
-11.67503433
4.31913470
-1.86820892
10.71725126
-2.37550537
-0.00525157
0.31725514
7.91815135
0.40105286
-0.20526561
-6.27545786
-2.23217835
15.03076195
0.04072644
-1.06540685
-3.10673926
8.36105487
0.70619607
3.15689065
-5.32552266
-0.06471520
1.88713065
1.34678996
-0.58070601
3.90165841
4.93120059
-3.63166669
-3.14637336
0.43003580
-3.18655876
-0.07505015
-0.75003722
-1.55332036
-0.53476414
0.19601149
-5.87515621
-4.89053639
-3.35377909
0.23974256
0.58645033
-3.16774841
1.37581523
-1.43390024
-1.83226106
-0.58778407
-0.15895466
-0.69205576
-1.15003624
2.67586904
-1.11030409
-1.69922028
1.53483694
-6.98350218
-2.00129896
-0.98509542
-1.54097289
3.19419096
-0.37653237
0.93481959
4.64900610
1.89522404
4.16048261
-3.82899460
1.69702310
-3.98230287
17.82870706
-2.31526031
-1.04892337
4.25541033
-0.00244682
-0.31388675
1.06039429
-2.13549591
-0.36967569
-1.00172897
0.96460665
2.14220360
-1.33903977
-1.40876709
0.56250937
9.97055127
1.03264732
-0.25776274
-4.39178083
0.79673131
2.83284061
7.47329975
1.49674538
7.83504183
0.16640302
-0.53641067
0.02830385
-5.37600670
0.60021489
0.31749066
-1.13535018
2.50435900
-1.05692467
-0.13634264
-2.75023113
5.21428614
-8.12789661
-6.41353657
1.65112443
0.91050634
1.00054600
-0.85777903
-10.00672979
-3.75372978
5.57951212
-5.17895115
-0.07625987
9.24293226
8.47848333
-0.78988827
7.56521737
3.19352639
-0.05820872
3.65334326
4.51052507
-1.10827864
-1.97408376
12.04191554
-0.44124067
-0.18342556
-5.85975125
0.11239638
-0.16792428
-5.91577777
-2.22491837
-0.46114770
0.05532827
0.46322689
4.46287708
-0.46205694
1.65969473
0.55580982
-5.51036522
9.03392837
1.35351084
13.01931523
0.80993003
-0.64492244
1.44359631
6.34425018
-0.95141081
-5.74156783
3.98133998
-1.57237252
-0.71393497
0.14021508
2.52556550
-1.39393950
-1.11148320
6.98719230
-11.63123435
-0.23958859
1.43829293
1.81824856
-0.98795493
-0.07717640
1.82137401
1.61488233
7.11523566
0.68060331
1.79509631
-0.69576674
9.06342273
-6.59910057
0.02276377
-0.36718555
-3.46035781
-4.34383616
-1.66555097
4.12656509
-1.30723520
-0.20045801
0.56059513
0.83857340
-3.15875571
4.20293388
3.03676998
-0.80320472
-16.85505189
9.69506458
-3.18963270
-2.87135647
-1.67158940
4.25333690
0.11047341
3.82726187
0.00207153
0.44059889
-11.27979387
0.60524307
-1.83697381
4.70773961
-1.79671647
-9.79557367
-3.29541088
-0.36082095
-4.92001697
0.48838049
0.58040992
1.21461615
0.16264012
-0.27794423
-0.23804018
0.14759068
-3.02128733
-6.91167548
2.10933526
2.07981955
-2.17238609
0.20884386
-1.56290700
2.51128355
2.83703740
-2.47767505
-0.57603415
0.54972761
0.35307195
0.99084651
1.33597643
-4.73505914
1.46791084
-8.70596694
8.36174014
6.38638426
15.52949303
-1.51652485
-0.29777879
-1.68080614
2.47130635
-3.61663745
-0.05002213
-0.16036452
-1.40739754
-0.35529692
8.55525319
-0.86422856
-1.23900635
-4.18113225
-0.21867866
1.28204470
-8.58484759
-6.25587009
0.31865175
-6.87487453
-10.17033205
7.16063025
3.93552247
-7.81119070
1.13475171
2.57039138
-1.94597889
-18.59570530
-0.44893841
-0.68425762
0.23776382
9.70589471
0.48654081
0.19083204
-14.55825279
-4.95443780
3.84927525
0.03859967
-0.24561251
1.14612562
-4.39144510
-11.66126511
0.71395293
1.93384539
3.11612333
-7.79455049
0.88204231
-7.99226202
0.22999757
0.85014226
-3.50699129
1.12753254
0.11651863
6.70533977
5.90181938
0.82874777
-0.36138871
0.78925909
2.58717468
8.28672997
1.49290804
-3.29281270
3.11052848
-4.85763551
-0.59123693
-2.07641301
-5.97207926
2.65284479
0.42558279
-3.99096259
2.37990002
5.10646205
-7.92379683
7.28822935
4.93446204
-2.65736075
2.23042717
-16.47073784
-1.42172157
-1.35958330
1.78494310
1.62480922
0.03135443
0.00854037
6.06108318
-0.40616480
-0.86631620
2.14409812
-0.94307101
-4.13388931
-0.95019756
-2.06709935
-0.08426078
2.28485484
0.23004832
10.13623610
0.80590231
-0.13908533
-6.81265033
2.55480909
-10.15730099
-0.88646434
-1.43532417
1.23903460
6.18250771
-4.70556083
15.07724602
11.62313433
7.40618952
-2.55752338
