-2.35662683
0.47463195
-0.18843626
-1.27907759
0.43402051
0.53279028
2.29596992
2.15445806
3.88639232
-2.89296433
3.08716018
-0.17126636
0.85069108
0.04064435
-2.06211970
-0.01816110
-8.01624830
-2.38045249
1.93497333
2.54991281
3.62623358
2.31654627
5.40669060
-7.08631977
-0.56105917
1.41914846
1.59211292
1.93209190
6.09640207
8.51114793
-0.00437214
30.10012647
-9.01505597
0.04331367
-0.22161271
-11.90919892
3.11543220
-2.72818863
-0.00114692
1.49298094
-1.08765886
-1.09293604
-51.65666679
4.27900824
-9.94101180
-0.23000617
3.18006691
1.31977858
-12.79112436
-5.83174314
0.69574874
-1.22752023
-3.55589141
-4.74135091
0.94456434
2.03586287
1.80556189
-4.18093402
-1.94845628
0.17942192
-3.42005321
-5.84916041
2.16175831
2.69814923
0.00311499
-1.35599743
1.78571817
0.41766531
-1.62821727
-1.36250404
-6.30442692
-4.31407486
-0.99113112
0.01370973
-1.87726265
-5.28702741
0.19220803
-3.15725170
-2.97252921
0.13032176
-2.12103976
5.98795076
-1.19118120
0.13461633
8.66106143
0.14148681
-6.19315125
-2.64810196
-2.78511181
-5.82951598
17.82648555
-2.26043963
-0.03264327
0.57958192
-0.07936095
1.75290126
0.17449283
-1.25929225
-0.00381648
2.71325975
0.01423110
-0.14718837
-2.31902023
-1.27051116
3.88769179
9.36754963
-1.48281954
0.00100189
-16.42300619
-2.75373075
-1.54508898
12.28930895
-2.13790905
10.44341346
-0.05113681
-0.43078384
0.42051403
-3.69978111
-0.01404237
-0.51167689
2.00654791
5.64893839
-0.02067502
-0.07483355
0.28826606
-1.02342358
2.56671001
-8.40106011
1.47946735
-0.65822142
-0.10048759
-1.46404684
-9.89746702
1.00892418
8.58548653
-13.14016626
-0.01999394
6.37339562
5.69267651
-0.68404841
1.26456878
-3.85459575
-5.45013765
-4.49124325
3.80644263
0.85710615
-0.15816766
-9.82065584
-0.32095783
0.28363446
-3.71162523
-0.42072650
2.07293978
4.63695811
1.47332905
-0.79055608
0.67443955
0.52719605
-1.43852827
3.04579251
-3.21522275
-3.78461167
-0.27292069
2.50333799
0.74260626
4.42433441
-1.91008043
-2.37347779
0.82233077
-1.69540841
-0.41222058
9.69202773
0.74518111
-1.25322628
2.51021085
-0.36752018
3.84502820
-0.75868277
0.22853165
3.21976759
-0.09344033
-4.49165534
-2.66987847
-7.44827712
-0.46569457
0.00141156
7.39035750
2.88837578
-2.52978767
10.97978734
3.36808368
51.64839609
0.08817819
7.60836754
1.04016316
-5.28354958
-3.67439117
5.28714108
-0.36116066
1.58203789
0.61991140
-0.95083037
0.02581610
0.16738544
-4.77361094
5.58020171
-2.30684557
1.56355256
3.67357255
-6.55532165
-1.04044104
0.13014517
1.08645952
4.28640945
-3.55040783
-1.18209724
0.13620588
6.97444381
-11.57020670
-3.31684530
-2.48112570
2.37950254
-7.63812933
-12.17224116
0.26549115
-0.63886130
-4.97490323
-6.03545114
0.29166926
0.60547741
-0.76070860
-0.04863874
-1.51449774
0.39618445
-2.42288924
-2.13325566
-0.12321988
11.95403028
3.51379257
-4.75534285
-0.94102309
2.05243028
4.74799734
3.33303898
0.44083638
-1.50310649
1.08222458
1.93098153
-0.54015078
-0.28900055
-0.76666772
-4.82257105
-12.64704470
8.80949690
2.91654236
6.89639268
1.25105482
-0.75345944
-2.01023379
1.81318594
0.55918633
-0.26845382
0.44393843
-5.95656507
-5.36555461
-0.12922147
-1.27062091
-0.40922599
-0.19663114
3.70890039
-11.46864380
-7.64963880
-1.81913303
1.04632786
-7.04648902
-3.34435402
2.96069668
-7.92280908
0.83794786
2.65358485
-0.53178389
-3.40362759
2.40801663
2.39128287
6.33151723
14.86126237
-0.68418998
4.00268824
-1.57169933
3.45438703
5.12550475
-0.00178834
-0.09529151
-0.50034001
5.00519854
11.30069477
1.03590798
-0.52569850
1.74817360
-5.86969358
1.37164123
-13.05683644
0.24359821
-1.40316393
-4.34447128
0.31085095
-1.30732257
-3.06316911
5.29501114
0.17364952
5.77060592
2.03721368
6.49298287
2.86161974
0.90752145
-2.41767890
0.72428537
2.62625597
-1.60707376
3.11143532
4.64672457
-4.08070196
-1.53180996
2.80846940
13.12807454
-0.04017158
2.65647112
2.13681666
-0.48448210
-1.04755075
-0.72852084
-14.38208411
5.30664116
-3.26055921
0.96541954
1.97272923
0.37648183
0.71126672
8.11985068
0.03159761
-0.20960329
1.26413389
-3.86570323
-1.58252361
-1.78276155
-0.39412172
-1.21513477
2.01109208
-0.42880865
9.48180154
-0.24685627
1.37251137
1.59623819
-3.31293028
-6.55279592
-2.17499698
2.34336257
-2.32741428
12.14604941
-2.59157214
-1.88362176
3.34167536
-3.16839465
2.70604494
2.18858239
1.16125614
-3.39367932
-0.45710736
-1.84928096
-0.57093421
0.68805465
-0.19008721
1.94107831
-1.27931862
-4.38236790
3.40781576
5.18464386
8.28143185
10.86266148
-0.41368243
-0.56225049
0.25732443
5.08552394
-29.21615637
