-2.37935757
0.71701322
-0.03306687
-2.66120291
0.32037559
0.58724493
1.72966758
2.28247591
3.65035660
-1.56058381
0.09089409
-0.05111594
0.99356735
-0.25509980
-3.02016812
-0.01774314
-8.35654066
-2.43545418
1.93118995
2.12360970
-2.17089077
1.64838647
4.58858789
-5.76508420
-0.39462423
2.13096969
-0.41530248
1.82896597
5.58223235
0.54005488
-0.00559189
-0.44476231
-6.23010167
0.01114100
-0.18954698
-12.13130507
1.58492321
-0.87489493
-0.01023598
1.04355210
-1.61623671
0.58141000
0.04915805
4.47562085
-7.28273578
-0.56543261
3.74681229
0.32929299
-9.96780785
-11.71618821
1.47584252
-1.58659594
-3.31439079
-5.02786332
-2.62973732
1.31710465
1.66519264
-5.21618788
-1.98993143
0.02942862
-3.13351507
-5.65908678
1.63323680
2.21382312
0.14054867
-1.46339063
1.82247545
0.46161300
-1.94752359
-1.12148664
0.93035651
-3.92040235
-1.08397895
-0.53776208
-1.78640075
-4.09985204
0.19434519
-3.54099003
-5.26804099
-0.39220677
-5.37436082
9.10269464
-1.22553992
0.05794749
7.51357568
-0.06858178
-5.98231462
-2.67603857
-2.73542837
-2.70418005
17.89351683
-2.08247247
-0.26864476
-0.52319406
-0.06684206
2.07717550
0.17156010
-1.09051193
-0.35398049
2.40348091
0.00222674
0.13277853
-1.42833883
-1.21856758
0.70574242
9.47281978
-0.67095798
-0.00897604
-15.38528738
-2.06491485
-2.46154593
11.88494827
-0.99431258
10.04605203
-0.16390365
-0.36893375
0.55883092
0.41328999
-0.01507314
-0.53148920
1.64140254
5.02970419
0.10789880
0.04286069
0.74747344
-1.12337711
1.07357466
-9.76465324
1.52138765
0.19981450
0.17958269
-1.73833452
-8.88940377
0.79328931
8.20805623
-12.02010154
0.01013762
6.34774204
4.09026205
-0.74228151
1.84174399
-3.25152453
-4.69658256
-4.43877057
11.24561574
0.36852273
-0.66348552
-9.90518162
-0.25366729
0.26044035
-3.64857536
-0.41747067
1.71518374
3.69415877
-3.53133305
-1.15613822
1.09404831
0.54853705
-1.35796897
3.26508077
-6.33027564
-3.59287561
-0.25571313
2.90376709
0.87235213
5.83473781
1.39248586
-2.60263879
0.77592941
-0.09189728
-0.51901957
10.83990503
1.58884737
-0.28088140
2.09760606
-0.39392897
4.90935548
-0.92180912
0.19915098
2.64500686
-1.58624643
-3.44997901
-1.63852229
-6.28121252
-0.37975972
0.00152957
7.39242623
1.01729220
-0.93047378
2.65087508
5.86850734
-0.88865701
0.01409741
7.00693713
0.89091394
-0.45591534
-0.51448933
5.12179184
0.00579903
1.08664833
0.60209322
-1.57476075
0.03151930
0.12899217
-2.98161274
5.18981365
-2.11637223
1.42861177
4.13967983
-5.39612160
-1.21926967
0.58916680
0.25149140
4.01628445
-3.35159595
-6.88220879
0.35137758
8.37498931
-11.04639888
1.03560644
-5.45034406
1.53876270
-7.26095732
-11.18628629
-0.24732156
-0.88429998
-7.09659233
-5.47433366
0.70714907
0.62587562
-0.79693732
0.78913440
-1.69714961
0.39805221
-6.05776189
-0.29817650
2.99897695
12.66605155
3.43137782
-4.72373416
-0.91345275
2.20788750
4.90138339
3.78632538
0.45422877
-1.33299551
1.23384728
1.72007137
-0.51069759
-0.63129859
-0.82780715
-4.19395025
-5.31601128
10.08365507
3.88592267
7.98604773
1.27243364
-0.71363171
-2.46350125
1.70053183
0.44349875
-0.30006476
0.51709884
-7.05593899
-6.31135065
0.39237080
-1.21487118
-1.24216814
-0.04609450
3.22792040
-11.23134814
-7.15955128
-2.05002129
0.82819922
-6.54036180
-5.44892546
2.37932681
-5.20228912
0.87609273
2.72593951
0.28690440
-3.83072760
1.90392568
2.01577410
5.52724681
13.90766708
-0.89066913
4.28155783
-2.52025594
2.59295454
5.33906056
-0.05468362
-0.82852672
0.09023254
6.28775994
11.14950333
0.98235395
-0.88822509
1.90616605
-5.65497708
1.93963489
-11.01347059
0.47553866
-1.08995544
-1.20142881
-2.16669460
-1.04310759
-2.86315138
5.87534144
0.29062019
5.85875404
2.46219414
6.41105887
2.32357136
1.07200345
-2.49031636
0.48133591
2.39112095
-1.53955491
2.91536791
5.58648283
-2.98492366
-2.31177194
5.69501565
9.24018715
-0.01257759
2.37525612
1.66367175
-1.62533133
0.27754427
-0.40166242
-15.30655233
5.03650463
-2.67196863
0.82883157
2.28548577
0.36183514
0.83178462
7.80786401
0.03472457
0.92768571
1.23630039
-0.89773997
-0.86673472
-2.22176674
-1.15125215
-1.36045379
0.84353726
-0.69272678
8.14162556
-0.51288338
1.41375329
2.57821573
-3.61797081
-6.17432450
-2.76367942
2.33675965
-2.32057940
12.63487844
-2.06390988
-1.57410446
2.63455695
-2.40608575
2.83631178
3.00237911
0.93268900
-3.88493063
-0.02747944
-1.78511610
-0.44451579
0.40144483
-0.14371660
3.00429373
-1.57876834
-3.28829194
4.63121602
-0.99200535
6.69681598
9.39668041
1.67124481
1.59230333
-0.57780727
0.24465275
0.73533736
