-2.26233632
0.34760643
0.69318344
4.34726482
0.06943973
0.23277005
0.66747919
-1.61527796
3.57039756
-5.53932946
-0.50467082
-0.28392867
2.63228584
0.10768317
-2.05880764
0.04247748
-5.92226921
-3.28079670
-2.59849661
-3.26911011
12.75130008
-4.64993576
-0.15918738
3.63647693
1.07769543
-9.53116006
8.20522230
0.62375760
7.76715159
-2.26754293
-0.00266960
0.08518459
11.91345111
0.24368553
-0.02590830
-5.66101121
1.92765316
8.73292391
-0.12905054
-0.27910253
0.26069421
-2.44542236
-0.33854772
2.47560757
-5.73338538
0.64695394
2.67664841
0.73620533
1.30014111
4.08494977
3.49076594
-3.84704858
-1.58403679
-1.67116433
-4.44035037
-0.87750350
-0.71972491
2.44628414
-0.38089330
0.19078349
-2.17821785
-7.34458855
-3.63083291
0.49019135
0.64441098
-1.77273350
0.49464461
-0.92598714
-3.14277184
1.76122472
-0.84182498
0.92610117
-1.07381033
2.19069912
-2.04923060
-1.81770505
1.34282072
-7.45496368
-1.72963753
-1.24703422
-3.07721602
5.11806131
-0.59924410
1.02294609
5.39986763
1.73271748
4.97275029
-4.69201386
1.81091908
-2.80316424
15.63774810
-1.31756712
-0.87257267
4.71511081
-0.13586404
-0.35509703
1.18637058
-2.17166936
0.00774447
-1.19990229
0.64459063
0.62165038
-2.25816524
-0.81869512
-1.85385860
8.33901609
-1.12162914
-0.07111578
-4.43904898
-0.14030925
1.64320617
7.55707991
0.43029327
7.10229353
-0.31977641
-0.45850862
0.08686583
-5.74812629
0.89479009
-0.57484612
2.55853702
-1.36281789
-1.88431764
-0.15961383
-0.84985199
4.14200720
-4.01419279
-6.37299221
1.23101965
4.64863225
1.35402655
-0.74297137
-7.33707905
-2.54371699
5.73557674
-4.80112425
-0.00977964
7.03418906
7.18956250
-0.93106386
4.56073437
4.08553838
-0.59542374
-4.26107825
-6.63241039
-0.79684543
-2.54997648
-0.58787898
-0.42349841
0.04016670
-3.53279159
-0.27827253
-2.16956200
1.02468614
-3.40532732
0.83323326
-0.69476856
0.59007087
-1.01662538
-0.27455659
2.56664835
1.86399395
-5.70984711
4.30127950
1.69059048
9.15604158
0.09485525
-0.17904512
0.89257417
7.80345000
-0.66853086
0.66996800
-0.00650457
-2.01702281
-1.26782507
-0.10054269
4.02369414
-0.72905486
0.05762415
3.93183387
-3.46051827
-1.90854075
-0.88960027
-1.36956972
-0.44175490
-0.11705903
2.69883274
0.86842711
7.88795733
-5.41535593
1.33604108
-0.15648470
1.58697277
-1.10443404
-0.34276550
-0.00729813
-5.72051389
-5.39327421
0.38237632
4.35808384
-2.78635431
-0.39407223
0.85706624
0.63139465
-4.56876620
6.26653520
3.28396801
-0.65379204
3.50584233
0.77899293
0.17829865
-1.38319000
-1.13585680
4.13003258
-3.19486600
5.39005368
0.11852755
-0.85175294
-10.97781873
1.67587186
-0.42497394
2.56236179
0.08363677
-9.32458849
-1.56071177
-0.71533769
-5.76961161
-2.32734083
0.59981006
0.82872025
0.08430652
-1.91550438
-0.12533868
0.14364066
-6.32179903
-8.08645235
2.76809977
4.95026270
2.86399114
-4.44511245
-1.08354595
0.78169636
4.93572551
-2.87971537
-0.46472384
0.41811448
0.34809688
0.92439453
3.31226209
-5.22578189
1.01965267
-5.61281890
6.65230594
5.61203200
9.70061665
-0.94500826
0.36826948
-1.30490619
-0.97865688
-2.30065639
-0.07168872
-0.13180724
-0.27172475
-1.47281350
8.29280099
-1.82624443
-0.96020224
-5.90721899
-0.34285615
2.66260834
-9.46685733
-7.26683173
-1.12230733
-2.40722876
-8.07854836
1.58903030
2.41000861
-9.71451833
1.08560711
3.06988684
-1.70719035
-11.05296403
-0.87634839
-0.75188224
0.92158597
10.32235236
0.06033827
1.57690113
-1.25343137
11.32478811
3.48877044
0.09734167
-0.08321794
1.08867565
-6.76563439
8.29230091
0.86152915
2.12247681
1.81048059
-5.89972850
1.47800603
-7.54808864
0.43474982
0.83170496
-3.31546129
2.51765402
-0.00325622
0.11616605
7.56550819
0.22147972
-2.40572706
-2.21694403
5.58013927
3.54912385
1.04132697
-2.74067489
4.19076232
-1.48763443
-1.36810650
-1.58712644
-4.94561029
2.36310426
0.18893610
-4.47066536
4.43779724
5.56895250
-2.77239197
0.54762154
4.39162378
0.33550464
0.00850049
-14.97102429
-1.27127663
-1.30165289
1.84517739
0.39797705
0.01858982
0.03520451
6.28556593
-0.32113329
-0.81823571
3.27411225
-8.98379860
-1.07046231
-0.17617550
0.93094661
-0.08688860
1.81838882
-0.22630454
8.72777236
-0.42199216
0.68399258
-4.20579913
1.36585248
-8.11260343
-1.06591061
2.37910044
-2.35453063
5.14741785
-2.72752654
3.37536989
6.55600218
2.47285728
1.26247852
-2.75458486
0.38794170
-4.94609137
-1.72448166
