9.31720830
1.98091264
-3.10092158
2.57759098
0.60618975
0.52611756
-2.32915768
1.60492462
3.93262771
-4.72463097
-5.44871196
3.18641579
2.50167686
5.42385393
-2.74535384
-3.48951344
-12.43050216
0.00864253
2.27392899
2.11603206
11.75036375
1.73649009
12.63122632
-0.04510898
-0.23489990
-4.22123832
5.70301024
2.70351852
10.28937910
-8.24371439
-0.00253158
1.72408287
5.97823464
1.76324939
-0.22181273
-11.97730239
7.73387433
-9.28361378
-0.12918186
0.11595751
-2.62799693
-6.68962228
-1.07270448
4.87037497
-6.40785855
-2.04332168
4.27037565
3.45552410
-15.89992240
10.79800911
0.61206946
-3.17532403
-0.85374480
-2.85393675
-0.98438655
0.28156302
0.43230194
-5.66301869
-1.22519917
23.89730128
0.67189203
-16.67529333
2.57114956
1.15593541
-0.57115876
-1.85465187
4.04973977
0.78495983
-5.20016142
-4.07427613
4.46407427
-1.92636917
-0.49736669
1.15783637
-20.68291833
-2.49965123
-2.42155210
-3.44819232
-3.77991540
-0.05643195
-4.35036493
6.81154004
-1.02148162
0.93149637
-7.00960367
-0.96750445
9.36625068
-33.23808216
1.24797253
-1.15981776
15.90296103
-3.22470898
-0.26738302
-0.02755975
0.00279254
-23.64579370
2.16326106
14.66010012
-1.37584986
0.91526771
0.16451423
-0.99407123
-3.06721191
-4.24277413
6.85293745
11.64828608
1.01210030
0.00864232
-9.02950739
-2.45078240
3.60067259
11.02356822
-0.26619056
6.32742456
-0.39480612
-0.35891445
0.77211218
-5.55737459
-0.95589018
-0.56727208
0.24713172
1.04216582
0.81599840
0.07826546
1.89408307
0.39737020
0.56922423
-12.49432390
2.19087381
6.71088471
1.81755849
-2.16868007
-6.49718071
1.44281559
7.09366598
-11.06865277
1.61982984
10.62896190
-4.50523882
4.50149949
3.72949984
0.30344744
0.99406753
-1.04087786
-8.31833576
0.14963988
-0.14799926
-23.05713382
-0.22499451
0.75578442
-5.35178250
-0.49931718
5.29439474
1.29937233
-5.28240222
-1.11014497
5.12121657
0.51531551
4.74594296
-8.09283799
-6.92781572
-2.94737072
5.81484530
2.43342017
-2.23212845
3.54708046
-0.26605122
-2.81816351
1.26023250
-1.15027788
-0.63977021
-13.70905148
2.37717585
-2.63315374
4.26940617
-0.46739923
5.45110390
2.73576346
0.23255311
3.95617445
-8.68485015
-7.35982796
2.40369568
0.82279679
-2.39009499
-0.02657460
6.21208954
-3.01595923
2.60846720
0.17596658
5.60236386
0.45065619
12.25549719
-8.74638282
-0.00537792
0.15197126
3.84700787
-0.03481825
5.51298337
32.02843960
0.82010345
-1.00963653
-1.40395888
0.54668284
2.67339569
10.99310862
-0.34296855
0.76997303
5.91935202
-6.79573426
-3.59808384
0.02170205
-2.78020931
0.48497978
-5.17510846
-5.65668977
0.10969461
3.97106134
-4.89597526
4.15226371
-6.03892498
-4.97792566
-4.10104359
-10.34044068
-0.43167953
-0.47562248
-8.59081350
1.30898500
0.38387353
0.74387248
-1.14391385
1.37376616
-1.79913215
0.18315522
-14.90528917
-1.91778438
6.58606943
12.52747476
0.28089633
-5.35569346
-1.39346996
2.08610131
16.78942593
0.51952586
0.46107122
-1.80170847
0.69648711
1.23246482
0.50443714
-6.63810709
-0.51708228
-5.49430404
11.25675813
11.58706752
4.05412347
9.38083302
1.62952364
0.33214745
-6.22174564
-2.39599211
-0.60862187
0.06788478
1.73777322
-8.45171563
-9.85124118
2.71358764
-0.75010425
-0.06200624
0.96107186
-3.31248138
-9.29919691
-5.34376248
-2.40176160
0.79364683
-16.05130625
8.58945059
-1.62735227
-10.56686942
0.60561457
-4.21621961
5.67982787
-2.75577569
2.14431759
1.58253490
3.49695525
11.88399800
-0.32949222
6.13576072
10.39591091
5.96903803
4.32405935
-0.20353119
-0.99202654
-1.02379013
11.70550502
18.99016460
0.87198409
-1.04387229
0.97323527
-6.42873894
1.48493541
-14.41561829
0.17544126
-1.58793383
-1.42008447
-5.81264647
1.95316096
1.58888421
7.52607881
0.80157958
5.65792904
2.39960557
4.21524335
-1.35334480
-0.21256572
-1.68397862
4.02301254
1.24724997
7.35936486
0.65023548
7.58933299
-2.67574920
-3.60360649
5.83053314
13.41413513
-1.06839935
2.17565896
0.07498658
-3.88047659
4.05799769
-0.81202258
-14.40936163
4.84814677
-0.98461467
0.87066401
4.58743196
0.25067219
0.57108889
7.49067137
1.21725128
0.58317697
0.93702669
-4.23030472
-6.26712128
-2.86199992
-2.89220985
-1.34285023
3.14342481
-0.43426214
9.95708468
-0.66085576
1.47939921
-1.50188646
-2.00248352
-10.61146109
-5.43815819
2.45144226
-2.42392232
13.95506278
-1.86794975
-10.68099221
-2.27901431
-4.08948939
4.81460684
3.00440752
-3.59019767
-6.83683830
0.08673769
-2.25768007
-0.08541999
0.72326388
0.87420321
0.20999813
-3.69079326
-2.83751344
5.05455270
-6.31820770
3.20384853
2.33483915
3.46692222
1.25286855
-1.81899739
1.10443840
-1.20387076
1.92107169
-6.74521025
3.05597822
14.48556861
-0.00493062
0.34583144
-0.38723211
-0.00167458
-10.17224624
-1.84218757
12.99817374
5.80549490
5.43413611
44.11358960
-13.44776545
-59.87423479
