6.56179792
1.93589094
-1.36299035
-1.18354105
0.49956843
0.60474683
-0.24974960
1.87987470
3.36048852
-2.66746068
4.71957693
9.34125876
3.10737530
4.02219112
-1.23929340
-2.21978232
-10.59629956
-0.00696305
2.70904875
7.72439008
19.59306945
2.45394043
-0.62116824
-0.27645401
1.95691084
-12.00616860
5.06114854
1.17365712
8.30537996
-8.64127432
-0.00640905
-0.25055688
0.89362778
0.94465118
-0.25286868
-11.47033762
5.61440273
-9.93667133
-0.08039015
0.02463147
-2.39985205
-6.01420028
0.00098330
5.56829651
-7.63038940
-1.48513581
3.57126302
3.50106990
-1.69132654
13.27833629
0.71449084
-2.89796793
-1.74901437
-2.81566521
-1.72381626
0.52057500
1.60170783
-5.41128129
-1.29904013
0.20339120
-3.11215841
-6.33554953
2.49138971
0.30820462
-0.30385053
-0.98186775
2.93819446
0.66185369
-2.43776779
-4.83338217
4.52076691
-2.25675959
-0.46450479
0.92195828
-0.35468113
-2.63146476
0.27423327
-3.38368323
-3.70626993
-0.07699595
-5.28632376
7.06618918
-1.12948023
0.85548121
4.60328311
-0.76534614
-6.37259540
-3.04468600
-2.49067038
-1.25932999
16.81574112
-2.61484616
-0.27412311
-3.17836321
-0.00401589
0.69909175
5.13336161
-1.02450383
-0.99755412
0.99633474
0.18427293
-0.55878205
-2.32543754
-0.58224866
9.46365307
10.28995870
0.02091251
0.03867823
-9.84284094
-2.21512087
-4.19256789
11.81174191
-0.32971395
8.69885529
-0.08923561
-0.33223106
0.59368733
-8.51844742
-0.68507214
-0.87336455
1.13742545
7.54086786
0.57497368
0.06075827
1.36326583
-0.57050978
-3.04936982
-11.53746021
1.61888138
6.29226438
1.19761513
-1.69503932
-7.24561314
1.26291699
7.11447542
-10.86978095
1.17051461
10.44394870
7.24515993
1.32474097
3.39365971
0.66367360
0.91740153
-3.43978217
-15.54220977
0.16998816
-0.13801643
-26.24468582
-0.25891050
0.77340600
-6.73467705
-0.48898883
8.95548065
3.74652313
-5.15473136
-1.10663461
3.82488594
0.80963705
1.03008318
2.42050667
-6.43553751
-2.75346207
-2.14315831
4.68154216
-4.57581926
4.99061378
0.50448597
-2.90969587
1.17359006
-0.89459964
-0.63917929
-8.60490499
2.63164001
-2.43723766
4.04429196
-0.46018722
3.58412608
-1.36750862
0.20189229
3.60395228
-6.57998276
-5.98985739
3.43460136
-8.22562206
-1.65092995
0.00020819
6.17013705
-3.04753325
2.71801710
6.96915092
5.21813740
-0.72175115
18.29279156
-15.18957238
-0.04272891
0.30573032
-10.30984841
3.78511285
1.24634497
2.23704035
0.80800981
-1.04969206
0.54750366
0.18365893
2.18300459
6.96831702
-2.23644753
1.13642216
3.67429469
-8.58075041
-2.25685414
0.72184501
-0.27457231
1.07720994
-2.26934496
-5.24398451
0.45221378
4.82537397
-8.82696242
4.14476264
-6.12158999
0.75063658
-8.84387933
-10.92411709
-0.46283230
-0.51324729
-8.88282187
-2.23158002
-0.02830195
0.61318443
-1.00424548
1.33804320
-1.47850030
0.42702201
-10.85168794
-4.91173132
2.49313499
11.60278892
0.68784316
-5.40730586
-1.29757497
2.53877032
4.27857008
1.95792744
0.45971302
-1.60469067
0.84347684
1.53821628
0.02169424
-6.06606064
-0.63092787
-4.85545076
13.72041945
10.71584175
7.42510693
10.11547802
1.68979000
-0.51227360
-5.62207887
-1.98649351
-0.21562140
-0.23795401
1.50198582
-8.03164723
-9.18567938
3.08298014
-0.88864858
-0.17064870
0.99217104
-3.03434465
-9.48029511
-5.63093274
-1.77378388
0.72405789
-16.22537020
9.81103630
2.78154250
-13.27923332
0.00899262
-3.34323242
4.30208398
-3.20692012
-2.33592823
0.76561585
3.42917126
12.27248767
-0.72119395
5.13557575
10.38183568
13.16574673
4.24388002
-0.16755035
-0.95426986
-0.99378754
18.24763352
11.17075793
0.46172685
-1.91294944
0.81701259
-6.08569666
0.50600362
-13.08141020
0.22087960
-1.43314716
-4.98428030
6.50682976
0.48984360
4.49054729
6.90025295
0.98556644
5.32599465
2.37460475
4.39143995
0.08379505
-0.72567004
-4.12644209
0.23459594
-0.11654262
-1.53259232
2.84167474
7.06649987
-2.82561146
-3.15793473
5.20608060
12.29795712
0.67162293
2.80028512
-1.05632753
-2.46548938
3.23676045
-4.68254274
-14.58284884
4.33830285
-1.61890756
0.70887380
4.47759457
0.38824023
0.42769456
7.37644682
0.79414585
0.71515987
1.00707682
-11.10246099
-6.49068850
-3.41649055
-2.13373686
-1.01243428
3.04045867
-0.35612314
9.16845001
-0.63805912
1.47919327
1.82177331
-3.46186949
-8.77548372
-3.01310152
1.57453116
-1.55741283
12.88978818
-1.89761058
-9.07527564
-1.57228688
-3.24984862
2.69339298
-5.67864818
-2.79949118
-4.46280716
0.08706019
-1.85256661
-0.22235808
0.52776022
0.55188207
0.33987682
-3.49010623
-2.66061760
5.13654030
-6.39912493
3.49049677
5.44260914
-0.61321064
1.09978468
-1.48615594
-0.25791974
0.50502318
2.27479721
-13.24750927
8.68629444
15.87674601
-0.00765747
7.01517499
-1.51564412
-0.00253005
-18.08439072
7.96703721
-0.35468113
3.78511285
