10.26628645
1.52637997
0.23614072
1.11491589
-0.90319853
0.42999230
-0.94743450
1.24050792
5.02414737
-11.18796238
-5.93642956
1.96909347
7.52745922
5.86619026
-1.15310377
-2.44679546
-6.00184816
0.00250960
1.30812522
4.29667706
6.82382188
0.35629462
2.91340706
-1.94438053
-0.76727339
5.72680395
-0.22738493
-1.55958145
12.33183293
-3.97432353
-0.00265879
1.24145127
2.20394271
0.59449147
-0.61756606
-10.15283937
6.42594057
-4.61534763
-0.00264850
-1.87277830
0.01619588
-8.95502870
-0.40682630
-0.55291709
-1.39467037
-1.88811838
1.60238871
-0.36897374
-12.55504255
0.99940817
-1.75600670
-3.39806645
-8.62705783
-0.09437006
-0.43052771
0.82025472
-0.00299609
-4.84207475
-0.60168805
0.75339566
4.41439174
-4.42930544
4.27536310
-2.10304176
-1.14933172
-15.46625684
14.61733707
1.05933905
-5.27624496
1.09243751
6.89695686
-1.15597128
-0.32444242
1.29422245
-5.01341286
-1.53043908
-5.22286934
-3.84035934
-1.16117720
0.03586981
-5.22424666
11.53321022
-3.20657511
0.33407875
-13.97934940
-0.30645580
0.01639337
-2.25014620
7.71475363
-2.26465733
14.48875965
-4.33584643
0.06931342
1.38605110
0.00382418
-0.31451900
0.05423756
4.04328579
-0.31163158
4.59930716
0.61108012
3.49578607
3.42298709
5.84318148
7.10210338
-6.70236047
-4.42029926
-0.00108107
-4.51504538
-2.10310827
-2.77099459
9.77662207
-0.76201363
-3.47203833
-0.35403171
0.13325821
3.12403558
-1.42599475
-0.52718291
-0.42656389
-0.58894126
0.63631370
2.27430423
0.29201471
-0.57832739
0.27982071
1.18338191
-14.67429238
0.77264981
2.90503521
-0.01566748
-2.71986972
4.41251414
2.87694032
0.53455611
-8.63913368
2.05239650
12.80495523
-2.19984815
1.52033602
1.16835734
-2.89209478
4.41419103
-3.12751321
-5.25711911
-0.48601092
2.69410050
-14.58497871
-0.88276727
0.75400443
-2.14622504
-0.24213154
3.28015969
0.47611693
-6.01571650
-1.44665724
6.98597998
0.13840086
4.63584775
-8.10942168
-7.72469981
-2.84101961
4.26224859
-5.79640952
-1.36545772
3.27768027
0.16871683
-2.46715586
1.24729639
-2.58917271
-0.39158747
-0.11153438
0.34927916
0.09753039
6.06576689
-0.74729297
2.72327997
-3.86038723
0.02670427
3.64417232
8.74896614
-5.21228178
-0.95262138
2.64092770
-1.73598519
-0.00276940
4.17892646
-2.51764613
5.18927817
-6.88452914
1.58391523
0.41096687
14.35660490
4.21456440
0.52062437
0.01193805
-0.91371236
-0.50619154
0.18838450
2.91579591
2.45207957
0.00540638
0.34459667
-0.51323698
8.13079157
-4.21834619
1.06029312
8.25424817
2.83001237
-4.05002502
1.78257622
5.19494793
7.89135571
-8.41892427
-2.59246601
-4.38204037
0.03473717
0.80321240
-5.92166180
1.86412417
4.95617717
0.57071831
-4.38098801
-7.41960353
0.29450049
-0.64865885
-5.74070847
-1.10134800
-0.19309873
0.64363833
-1.55182189
0.15682772
-0.11132848
0.70135885
-5.35755088
2.75219125
6.79211226
6.44206214
-0.76809678
-2.70437110
-1.32501035
2.40594889
7.20811402
6.64168520
0.26988265
-2.00553342
1.08635421
0.25387660
-2.78493889
3.43305576
-0.34881365
-4.80323730
0.75044585
12.90747279
0.50014216
9.80534105
1.10644750
0.95874078
-2.51303669
-1.11593632
-0.12220318
0.28916741
1.39169093
-5.59200759
-9.22236143
7.40828555
0.26582875
0.48242626
1.97526267
-4.62750213
-3.54891999
0.33000101
-0.34844781
-0.17499532
-18.36034739
7.57454812
1.55053946
-7.70546084
0.04257675
-2.01314856
-8.64112607
-0.65746210
0.87439255
1.62239886
0.72087930
5.81447192
-1.48180569
4.23305753
12.74042547
3.01741934
-1.76744735
-0.44634578
-0.78619555
-2.92478243
8.54614922
7.23186095
-0.02023146
-1.33780410
0.73835587
0.28581558
0.49610206
-11.41772568
-0.00260823
-2.02212500
-1.81944943
-0.25185390
0.78777106
0.68877675
10.29995882
2.34017171
5.10201594
2.40734701
2.78016401
2.05828928
0.45167411
-1.06807071
-4.62737181
-4.13284100
9.79796400
-1.73630889
8.50141237
-5.62998875
-4.14165513
5.01896650
8.03659356
-0.22306451
1.75839458
-2.02636060
-2.15557928
4.27613228
0.04803828
-15.96343318
5.36040845
-2.61737221
-4.47445731
5.63440431
-0.01128670
-0.00539708
8.22514692
2.53495269
0.37612972
0.52506087
0.11435584
-11.59449069
-1.19536581
0.66230890
0.01057452
-1.59545604
-0.34574488
6.59540565
-0.70325275
1.19929346
-0.96663492
-1.37610040
-13.75384425
6.91638697
1.75978023
-2.00220173
11.62231096
-2.12329644
-9.04866501
-0.18393243
-2.52098714
3.33836658
1.66525486
0.55867087
-3.75698029
5.86241326
0.49329982
0.00459054
0.91392873
0.59224475
-2.66056361
-3.81857980
-3.96251630
-8.71427403
-9.58737271
0.14498223
-0.26268979
6.79386421
0.34553265
1.33025433
0.93096423
-0.68861882
-4.76027421
-10.69401961
1.92077878
1.69571694
0.00952213
-0.53310432
-1.52061166
-0.00026227
-8.35536557
0.75167214
4.36169734
0.85520699
-2.41919984
0.56950050
0.01068720
-2.49541959
-0.01868186
-2.46419470
-2.43163977
-0.00171681
-2.33174235
0.14232453
-0.01549775
0.50325229
8.18305687
-2.82547056
-2.87366206
1.25557409
6.05924463
-2.33523112
0.74890240
-0.04493907
