10.65713378
1.69623452
1.79171911
1.33691679
-1.00510862
0.22981385
-0.94632718
1.31242878
4.51730290
-11.81640530
-6.82268693
2.21095407
7.95867554
5.55951225
-1.52619362
-2.54808617
-6.30945962
0.00496760
1.25238544
0.75271368
6.90164769
0.46622352
3.80425440
-2.03904258
-0.02480203
-0.05950738
-2.03708297
-1.20154544
13.26105785
-4.92826147
-0.00273457
1.28626125
2.50803373
0.32686286
-0.68634755
-10.77449751
7.01738632
-8.38890463
-0.00275650
-2.29407213
-1.95772225
-9.25961207
-0.52751169
0.03887401
-1.65850557
-1.73644501
1.93584843
-0.37800133
-12.07663921
2.06992045
-0.13130687
-3.21445692
-9.17707539
-0.37707909
-1.06303293
0.78318551
0.00816434
-4.98726328
-0.62076290
0.73319985
5.57985147
-6.76743330
4.56315147
-2.40376616
-1.99267621
-13.72164430
13.02513039
1.13431688
-7.11785206
1.53750132
6.69795604
-1.14860120
-0.09401022
0.61943163
-7.29331196
-1.17402934
-6.29475269
-4.25252273
-1.24744094
0.04322316
-4.62261737
11.83286840
-3.33312481
0.50989318
-17.38622062
-0.44332580
-0.07127871
-2.80854337
10.76926874
-3.04897984
16.94742094
-5.58621843
-0.02548429
2.08178608
0.00215522
-0.32992388
-0.00076163
4.96165798
-0.43530579
4.89400200
0.81421370
1.76986518
3.40480837
7.67129672
7.02439543
-8.02491961
-7.53448327
-0.00469482
-4.70758894
-2.25495780
-2.60131856
11.28833660
-0.75632707
-3.90113116
-0.51093654
-0.06076647
3.95346460
-2.24050616
-0.73150217
-0.48346246
-2.52842228
0.55139629
2.55900908
0.16285232
-0.66742629
0.32693713
2.14764557
-17.17131051
0.22187781
1.60049406
-0.55782243
-2.21427846
5.10818907
1.93629845
2.03814174
-11.95271679
1.83267927
13.24352765
-3.24780685
1.75832913
2.94216563
-3.66306766
3.84322289
2.19936773
-5.18024699
-0.53733830
2.33268998
-15.16078535
-0.94818171
0.69643407
-2.77834415
-0.05974051
3.68291435
0.54137381
-8.01283080
-1.24441011
8.41446799
0.12447506
6.36941064
-10.05691169
-7.88218944
-3.14711034
4.25133305
-6.29984525
-1.54520170
2.86684877
0.06739761
-2.86689463
1.26579342
-2.40168641
-0.20404952
-0.85216414
-0.28231853
0.12216523
5.33863403
-0.15292884
3.05572443
-4.28086157
0.01985644
4.08681158
8.23556510
-5.34355109
-0.40867953
2.01601049
-1.45355157
0.00105148
5.49769360
-2.32517205
2.50437523
-6.26821547
1.74295164
0.43322784
13.72131664
3.02534279
0.78698728
0.01689807
-1.06177843
-0.02894293
0.25494393
3.43562152
2.66472164
-0.00063412
-0.76146718
-0.00003417
9.43221564
-5.76211533
2.32578311
9.64873527
1.75490812
-2.94301922
0.97561163
4.25451802
12.20540890
-9.44779174
-2.89993054
-4.56924782
0.06050166
0.61601873
-9.08573977
2.96045129
6.29203660
0.66103121
-4.80716635
-8.45029293
0.08106941
-0.54282486
-7.11874257
0.22734276
-0.12738123
0.73049962
-1.48825223
0.20888284
0.37322230
0.66498708
-6.28155412
3.29850665
7.24640123
7.63801526
-0.67219668
-2.98167308
-1.27169505
2.71279020
10.11883520
7.23717418
0.08219561
-2.53782521
1.56755337
0.00519728
-3.40703760
5.38569486
-0.25789191
-5.17607074
3.19228576
15.32314935
0.35915239
11.65161153
0.52322213
1.03730540
-2.24732346
-0.92547250
0.59864760
0.57351191
1.25393741
-6.16946778
-10.20626516
7.64367587
-0.12155832
0.21758688
2.23818201
-5.19110287
-4.69968281
-0.33037878
-0.12879958
-0.26188393
-18.40170716
7.12020112
1.37097684
-6.26370248
0.07060609
-1.64728725
-7.65601710
-2.04913407
1.20047241
1.06054242
2.68337832
7.79499232
0.11092396
0.61642844
13.85911009
2.94138111
-1.87168835
-1.10500451
-0.79991723
-2.77257736
8.46156324
7.46560588
-0.08263584
-1.19789501
0.86511303
0.87824730
0.86515271
-11.75453080
-0.00288842
-2.01083225
-2.20756670
-0.52446540
0.86255617
0.33624696
12.74173724
2.76124756
5.59265429
2.11571969
3.30186876
0.30857127
0.45593245
-1.13600733
-7.11953231
-4.79424940
11.69821739
-0.81673865
8.92036416
-6.28003300
-4.14050484
5.29157935
8.87791022
-0.47947800
1.50400931
-0.79842757
-2.36069083
5.48753247
-0.20946988
-17.77647915
5.48636954
-2.24193619
-5.50461651
5.58884211
0.41149515
-0.00765307
8.60573950
2.88275350
0.56346964
0.79187922
0.89872987
-11.06274977
-1.77241492
3.37705053
0.01270753
-2.14218413
0.20005988
7.06627160
-0.64057457
0.44558381
-1.05799941
-1.35321134
-14.81362905
8.89040409
1.92465385
-2.19945522
12.21212212
-2.51867312
-9.77586940
-1.72296110
-2.67981610
3.32186239
1.59425777
0.63071872
-3.05585515
6.35135991
0.57851924
0.00405837
1.22149753
0.80537665
-1.07340503
-4.33651415
-4.53493061
-10.08656831
-9.61022686
0.90910470
-0.18460436
7.00575042
0.46986784
1.19752982
1.01640645
-0.75132475
-0.34934769
-7.44970585
1.47490009
3.60886503
0.00967841
-0.79159917
-1.62502380
-0.00031414
-8.79008834
1.02835803
5.92476672
0.32506604
-3.57185397
0.37123225
0.01454045
-2.90949697
-0.01957016
-2.42693082
-2.64190372
-0.00000058
-0.61914430
-0.00323079
0.88946237
0.00000423
11.19508615
-2.27003781
-4.73851363
2.28089719
6.24185194
-1.83708099
-1.48367169
0.14441280
