-0.00105724
0.16613889
0.02391110
0.12927896
-0.01963322
0.18277317
-1.46502741
0.12803850
0.34422846
1.32757221
-1.12534674
-0.25632676
-1.61358864
-1.70689125
0.46332752
-0.64767155
-1.21967447
-0.99889732
0.16377610
2.08373202
0.40764258
-1.32234026
-2.33247040
1.70898974
1.17352640
1.34515019
4.13163816
1.55922625
1.53898422
-2.11539035
-0.20751688
1.10833763
0.00482428
0.21042517
0.13808243
-0.30802229
1.52334556
0.98321824
-0.14349565
-0.00357729
5.32905104
1.41223694
-0.18695717
-2.45300700
-1.54806646
-1.10087361
0.33581244
1.48161351
1.19821224
-3.67772282
-0.40422717
-1.19952219
-4.06176879
-6.48631970
-0.74349722
7.72843597
0.11468932
1.43105743
-0.84968191
1.33635576
0.06689045
-0.21702385
3.68880884
6.19473717
1.70151785
-0.01186861
-2.65788587
-4.96938436
0.67385676
-0.00816593
-0.23862202
-0.32539725
-2.25447204
-0.07889436
-0.02005064
-3.35860279
0.40212875
11.52960091
0.65766433
0.00926427
1.04758539
3.56286811
2.12415287
0.43639105
1.48533639
-0.07100015
0.36424889
-0.35421725
0.48612593
-0.10065495
-1.41906764
-6.19484699
-0.00981455
-1.35893939
-0.55889803
0.35960781
-0.07692007
-3.95619405
-1.24687105
-3.01959993
0.35118144
0.36021017
-0.63140985
-0.41431772
-1.06974068
3.49031152
3.11819672
-0.46780394
-10.03508226
