10.54331053
2.07805004
-4.60871242
1.51916780
-0.09094517
0.21391175
-1.38555483
1.25649540
3.13235525
0.52355617
-7.43219067
2.67845907
-4.33815152
5.42427533
-2.27467480
-2.98697095
-8.91211897
0.00647111
1.00042196
-2.71411652
7.53886405
0.91955441
7.38863051
-0.60010401
-0.30804971
-4.89551115
-4.19421072
7.24131349
8.95067257
-8.46125392
-0.00278183
1.29144077
3.34993237
-0.12985913
-0.38273089
-11.34835078
8.38105252
-8.78129459
-0.22438257
-4.12257209
-3.84681859
-8.78495191
-0.91745533
3.22439708
2.66903860
-1.60718993
1.49586568
-0.04793975
-11.41851016
3.42356903
0.38927943
-2.40882652
-4.80604184
-1.32945887
-1.12641787
0.09969647
0.05949466
-6.66533599
-1.11789861
0.64839205
8.32248738
-5.53476278
0.15981124
-0.53146820
2.06207372
-5.86786426
5.93562321
1.05345828
-17.88926438
-0.33684611
3.94403290
-1.04185663
0.03015526
-0.38040209
-12.71194140
1.15404226
0.80933912
-4.27084456
-8.78145645
-0.00494913
-4.43301539
10.21322446
-0.25851730
0.52247587
-14.42892366
-0.76171072
0.53703019
-5.60905491
0.02900872
-6.83272379
16.73491942
-3.57210549
-0.25341234
-3.66108500
-0.00037930
-0.24409293
0.73797883
7.72817167
-4.97383143
-0.01948139
2.79498733
-17.84130753
-61.24888043
0.50714047
6.08466526
10.47928496
2.57779390
-0.00128134
-5.01110034
-3.37178735
-4.24470957
21.54781163
-0.22036586
-2.39310373
-0.57571647
-0.29916215
7.84396919
-2.67110570
-1.07847611
-0.48975346
-0.53792004
0.79456398
-4.21537306
0.17777768
0.39374406
0.53940679
2.09353296
-16.50751985
4.66823922
-0.07763236
-1.12151190
-1.93524566
7.83446105
1.69226143
6.02266400
-12.39082380
2.34859180
10.46766687
-10.25815108
-0.71491786
4.27599388
-1.77278350
0.96044345
12.38017358
-4.31967448
0.00150830
0.55882825
-16.92606036
-4.06350372
0.56021535
-4.69777256
0.31517008
4.08767743
1.08678796
-4.53812874
-1.34584758
8.06287107
0.10267631
-8.51417611
-1.11131087
-9.07653213
-3.44722488
4.41219906
-2.87382716
-1.93687090
3.12625754
-0.67487559
-1.71994824
1.57213143
-1.96178587
-0.18598196
-4.52359272
2.74770300
-0.23436235
4.12471480
0.43737045
3.79616930
1.56689644
0.16589952
3.88215321
0.87935701
-6.76387921
0.51154220
4.44714284
-2.37003317
-0.08446983
7.33885103
0.47178690
-0.09667831
-2.14432766
2.78809685
0.51314189
10.29012270
-4.63108368
-0.00986455
0.03005046
0.37125803
-0.93921020
-0.06938516
6.03779131
8.84029314
0.00896104
7.50844072
17.69189616
-13.48370749
77.57432616
-0.38658757
0.97933034
0.90923167
-0.71618880
-5.73127968
-5.38486933
8.46374104
1.36498701
-3.59579271
-5.31878825
0.09951105
1.18867497
-37.64267973
4.37891533
9.03805605
2.70466219
-2.28674092
-6.88853416
-0.33039303
-0.43357818
-7.59650538
1.14203428
0.03371803
0.74992735
-1.32047958
1.27853908
-0.00672668
0.22281687
-9.21308251
1.23684354
7.79808100
10.08428764
-0.55035849
-4.44260583
-1.14512446
1.04553137
12.82435296
0.87235183
-0.93880072
2.72117967
2.66520517
0.01219056
-7.47037043
11.12533220
-0.20838864
-4.68189779
8.35971836
13.76226009
3.22055756
13.21214974
0.00646936
3.29525518
-1.64623393
-0.22792280
2.50002681
1.05129323
2.88609020
-8.48793986
-11.00806452
3.30560984
-0.46906849
0.25027860
2.42476610
-3.74815403
-8.13280753
-4.89470788
-1.35254758
0.32483399
-15.58932059
6.80347439
-1.17340329
-2.17545855
0.71233635
4.95369104
-1.45114365
-3.24901691
1.82409630
-0.45588690
4.62194189
10.82451595
14.13292969
-2.22532088
11.96506461
1.95585488
1.47852491
-7.19219834
-1.17683588
-1.58719866
9.37183143
13.00290666
0.29480638
2.12238691
0.66111006
-5.17449612
1.58472678
-12.28322739
0.08220458
-1.84037385
-0.83703842
-3.90028011
1.06966163
0.56808984
7.68595400
2.43546183
7.74589684
2.52301637
3.70809142
0.15736414
0.42473721
-1.18499244
0.43135839
2.32709157
28.13720866
2.23543351
9.00136348
0.97204243
-4.12027704
6.58301211
9.69584776
-0.76488358
1.37815653
0.12899477
-2.96686702
3.44321052
-0.38994690
-14.85533692
5.18449593
-0.65707188
-8.76292270
3.60494946
0.25237731
-0.00845284
8.23253255
2.48828405
0.88901984
5.82038474
3.14520175
-9.28991873
-1.70476294
-2.36985860
-0.16826422
-3.60871203
-0.40959134
8.94301936
-0.45130625
-2.24694855
-1.03733957
-1.02483356
-10.91223507
-4.62911251
2.43963329
-2.69555433
12.89500277
-1.72862065
-9.61918401
-3.15352511
-4.13169778
4.94116126
1.59080283
0.33404668
-3.02780008
2.81312234
-0.67016663
0.00672673
-1.07059931
-3.10577192
0.16569363
-4.19356224
-4.37282437
-12.61819383
-6.12222340
1.39754953
0.61658346
4.36564006
5.15690961
3.49739474
1.32902096
-0.77097662
1.32083925
-2.22165701
0.74902706
9.69800736
0.03170216
2.02559168
-1.83243430
-0.00040946
-8.03235185
0.63590135
2.82521675
2.52127111
-6.94903428
0.26437303
0.21646790
-5.70063026
-0.09762194
-3.58326945
-8.79230688
-0.00002385
3.62803419
-1.37400015
-10.54373774
-0.04489464
43.46037111
-6.90455887
-10.97719523
-21.02552723
