-16.15114840
-5.18108243
-0.08886418
-7.07960313
-18.12449759
0.04349864
-5.70890762
-2.43974630
3.93878308
-8.34062649
-2.09214927
-3.89147309
-8.17103024
-6.18078609
0.96069692
-2.84054561
-0.24531264
6.70264088
1.23110116
3.81379109
-5.98753882
-5.69883779
0.74617813
-11.72590341
1.32815645
14.52264853
-0.09134726
4.27568779
-9.32310565
18.34813792
1.23471476
-0.72834740
-1.58858054
-0.53009908
0.02961922
4.41192762
11.93398890
-2.10355779
0.00523561
-4.55144077
-2.84194881
-5.14009005
-2.32105278
13.97780153
-11.36225359
-1.35799267
9.03724617
3.29982272
-20.54999949
-12.42505023
-0.78599090
-11.77817912
-21.16524332
-8.17358609
16.73494660
-0.12302583
-1.39774231
-0.07305981
-4.81534758
-0.01188447
-5.40021258
1.99949705
6.52882517
-2.11170185
2.49638273
0.82022753
-15.73973474
5.82330618
-6.28387701
-3.00311700
-2.73151983
-7.02726957
-0.87537243
-6.84754136
-10.21061039
6.78682257
-10.19798454
-1.45527785
1.36253931
0.19876560
16.30938717
11.03733400
-2.37813742
0.61105019
3.26256304
4.81612865
22.80318486
-2.46358486
-5.94509632
-10.11106144
6.67283061
5.49547401
1.38193938
-12.02426204
-0.44612458
0.83772875
0.79952678
3.98580508
-1.28340604
-2.24376680
2.23689272
-3.43682211
-3.20398540
-15.26506254
5.79742201
0.63280159
-1.02637605
-2.04421284
-4.43233506
0.89966909
4.05467934
-6.64320336
0.63915278
15.09224994
1.14763870
-0.66769081
2.30776800
10.35409052
-2.14944532
-2.21427787
10.19278951
6.11322301
2.10818009
1.33512190
-17.91468150
1.67517963
8.52688320
-12.49192032
1.49723297
2.79450078
1.07528501
-8.85732586
0.90974790
5.02171494
-5.73681661
4.25115089
7.20137148
4.58096628
0.41237859
-1.38396573
1.61263937
-6.47205500
1.54505213
-3.04161093
-11.10303262
-1.88675487
-5.04811448
-8.53693964
0.10754734
-0.72613323
-4.68262233
4.31927454
6.20458900
7.29626719
-2.64591198
4.12409596
5.61364587
-4.21067432
-0.97708213
1.51069907
-4.47964962
0.47733395
0.18397021
4.03271978
-0.20227506
-10.76735684
2.05021332
15.92004338
0.41951906
3.70022079
1.76824126
10.28816615
-4.47462874
25.68811648
-10.10651689
-2.84744402
0.15955729
0.15670569
-0.28489048
2.71331573
-5.22118727
3.33442273
0.74028952
10.14233082
-1.87037736
0.68572483
-9.67882999
3.47055539
-18.99633521
17.95082415
8.98446646
-0.30416439
-12.94314902
7.64596870
0.67179798
-1.60782762
5.57967156
4.75097844
7.02729862
4.62719746
23.73961981
5.36420071
8.25960032
0.90735136
15.37091906
18.64558280
2.77968291
20.54258890
-8.98024788
-3.27526065
9.54070992
16.34857626
9.36623117
-0.96256215
-4.83568145
4.96879359
-1.71238321
-4.77554630
-10.04551002
-0.19671444
1.34483373
2.96602157
0.76735953
4.61370199
5.63489653
-0.44177291
24.55929206
15.70631264
-0.63415469
0.00937081
-2.39083184
-5.88783483
2.66222172
1.94031267
7.56278217
-6.68060832
-4.88871093
-7.70128267
2.43180267
1.15464981
1.87994130
3.63035935
-22.36405239
9.46134024
0.56235339
7.79622985
-0.84663903
-1.07206021
-8.20810324
1.92795823
2.98269416
-0.89161061
1.63845335
13.43596295
-22.17697111
-20.39827938
-2.22940183
-1.63300511
1.22486500
3.03412257
4.50013180
0.11901632
-3.57056237
-4.57782050
18.75273666
-5.82184502
-1.02179720
7.42662976
-0.92183708
-2.00262370
0.10032015
3.24520316
0.09601296
-5.33541129
8.46334895
3.02639743
-12.35479531
-2.26712006
1.36110221
-8.04377406
10.70546259
-4.61218250
-2.58776406
-0.41742893
9.42613394
-8.79654142
2.69208309
-9.65061046
-8.34635537
11.62091790
5.80237244
-1.71268335
-0.01200161
0.33963075
-9.01619263
3.38043946
-10.97407644
2.90698871
2.70023240
2.85168164
0.06012536
-10.40009771
-0.01535408
-0.13577048
-0.39498535
-7.84327396
-2.75134684
4.01059792
7.31057685
-8.35674482
0.45175039
-1.31109301
-3.00704691
13.49181805
-0.45775263
0.00954366
8.90186872
6.71094145
-6.58832430
1.76521486
-1.54173381
-12.83402792
0.83934062
4.69619159
5.85480380
15.15673775
-12.93318352
8.65312924
2.29633757
8.27093068
0.02059994
-8.00164332
-7.28657288
-0.00078487
2.25326437
-3.92653411
1.67312431
0.00259587
7.08171176
7.20905568
-1.08023233
-2.27692587
-0.56397128
7.42375221
4.24837445
6.76829661
-0.06266043
22.61062839
-2.96233250
10.96736171
-1.01195686
0.76827391
6.42096446
-3.23804784
-0.87884278
10.65563422
0.69223632
0.46045582
3.76253012
8.09288867
-21.08091957
-17.53505832
-0.95663698
3.87964303
-0.91803528
-3.99900500
1.78154204
-9.36641088
-28.08022239
-13.30393624
-1.48143298
-0.36500168
-14.83822095
-8.00264522
-0.81500954
-5.22218738
-9.01997375
21.46772766
16.03918398
1.97817631
0.77205315
-2.36653767
1.92045301
-2.06664995
-3.90621103
10.06374942
-9.55723297
-22.08086039
0.47676670
3.55723067
1.73867396
-1.69689873
1.70710946
-1.90866091
3.89085267
-1.18446633
1.13030548
-3.16574780
-5.87136409
-5.45597259
0.03012262
-3.95917075
2.72304891
0.44308956
-1.48857257
-0.61639862
5.99878903
0.20890970
-18.81425824
-1.39048953
1.36922604
-12.25610526
6.41491356
12.02845725
-9.91669483
-0.10650674
-1.71020599
-2.80719761
-7.99701817
7.35984279
-0.40985526
7.74942217
-15.76254564
-14.20633695
-0.25136487
-7.16712543
8.17234196
-1.35373890
-0.74927360
0.59669534
1.80827155
9.52446885
-2.39681854
-6.64683851
-0.45794305
13.31773849
4.54041602
7.24738633
6.96805123
25.22555345
11.25436913
-10.18115087
2.50916253
-1.70999254
10.94551713
15.76940770
-5.25327991
11.13269904
-4.44796542
-2.20604546
-0.16065629
0.16620236
-11.83335014
12.77389114
-22.83990527
8.21573462
-1.08163034
-3.86745054
-0.02545416
-0.75589464
0.21786733
2.59901647
1.91545399
5.91899255
0.64151382
-2.31653621
-1.98513076
-12.24367062
-9.15229441
3.46709139
-4.97599689
-2.69323097
-7.59792237
-6.69679842
6.82298243
12.23688215
5.92115379
-0.58045425
-10.46978822
-0.20130651
1.11429482
-4.86957674
1.28851037
-4.21481535
-21.98413016
-13.60899331
17.33547071
14.34620064
0.80979279
-1.56918541
2.30276280
-0.63971165
1.66054891
0.10713846
3.93257791
3.29840447
7.57400371
13.73810138
10.66040164
-12.50490197
-7.27327838
0.98451329
-3.93763675
0.71107765
-17.65540788
-12.31260696
9.94695183
-22.86447447
-7.63491782
5.45749165
3.64563856
-6.00237303
1.33814700
-0.88804643
0.47628426
2.62334103
-1.94370809
-1.81435930
-5.02271960
-0.00773440
6.38485200
0.14521203
-0.56935213
2.56625863
-6.72981891
-9.67797822
13.54744890
-16.30186618
5.36245202
-4.14594077
2.55614234
-20.90904993
1.82459851
-2.53374293
1.78734713
4.47563366
-3.30219358
4.44759384
5.38457462
-0.67820905
7.83581236
5.58525594
3.40969993
0.17892496
-1.72230629
1.26328531
1.63326320
-0.06656882
17.25299459
2.09258243
-18.03617763
6.43207773
-2.68165173
-11.78666151
9.45245453
-3.50352324
4.65996597
-2.04688670
0.23411077
11.72551784
-3.79948876
15.55980979
-8.38363835
-5.37211585
-1.78764449
5.39802295
1.64446236
0.72891321
7.85796875
-3.55758735
0.52249664
-1.90140219
-2.32866212
-9.11678943
1.45494661
-1.50487189
5.90990847
8.19762052
8.89267322
-12.79979584
-1.86511754
1.48251979
-13.90006846
3.00430506
-0.00381009
2.57496967
1.87978529
-1.61834627
9.71611983
3.11469795
11.81244737
-3.39697865
-0.08194609
-4.93104218
10.08205132
-3.67272777
-3.68753590
4.33751970
-1.85214924
2.26188976
1.58775836
-9.37491098
-2.47897339
-8.30914939
0.11144608
-4.22361140
1.98474523
1.08602719
3.11279589
-4.57826272
-8.25960205
7.13886910
0.38438590
-10.88169247
3.64189743
0.32022589
10.93419512
-5.39320157
-6.47306073
1.79109522
-8.46690575
0.24646839
-0.74680780
8.12154560
-5.15335500
6.62126908
0.88927029
4.32002067
-1.19374253
-1.24376137
-0.65631774
0.84660803
-0.99959487
-11.22669642
-8.37360635
3.65952120
-1.95799395
-3.98011388
16.88551492
9.60914142
13.70882309
-5.69922025
14.43441667
-1.93326708
-5.29943811
5.48639927
0.43706103
-8.47232215
12.61970294
-2.04652243
-8.01825507
-13.66506995
-5.95899126
-2.87070649
5.86697249
-4.38112015
-6.65713087
-1.60853134
3.16139154
1.32981362
-7.19940188
-10.66760431
2.51606805
5.24241055
15.84970024
1.66396988
-5.62434257
5.90368837
8.05212291
-11.17744489
1.16896535
-5.71591711
-1.66351431
-0.72435533
-3.63404145
-1.40252390
6.88403405
-8.95051772
-3.70470979
3.62064976
2.29356088
-1.67712976
-0.73601238
6.97791373
14.73663610
-0.00793906
7.98443090
11.81242220
3.98848603
-2.42931538
2.37504962
10.63561826
2.47838967
-27.38111432
13.91513004
-7.98538982
