17.16718234
-0.65154940
0.20128273
3.02264313
-0.20763423
-0.84295255
3.08484644
-0.52685359
-5.48292350
-15.80921528
-1.61340892
-0.75906384
-1.73118247
-9.06967376
0.81112811
2.38981071
-2.24250724
2.38153309
-6.19829265
-8.69875526
-2.93523815
1.64640776
-0.92092077
2.92463575
2.48641174
-0.10355017
7.14716520
1.65073779
-0.48428670
-8.22331532
-1.06861019
-0.59767422
5.47769413
-0.52597072
-0.18000357
-3.52365146
-2.58466760
-12.19947427
1.26736969
5.11349863
8.43352885
-8.54187552
-0.17487205
-6.21805273
-5.82198083
0.36851244
-13.08624139
3.79989052
-11.33254862
-16.27080229
-2.55856700
-32.82944276
2.27075851
8.79507985
1.42413092
-2.25063160
-0.30749374
0.03096821
4.37917438
0.47590050
9.43322126
-12.42229158
-5.25262860
5.74255371
-12.81973774
6.62292212
2.87792584
-1.75440300
-2.35367726
1.67594343
11.33818119
3.29936080
-0.00251076
0.00004580
-12.70339767
-2.84369746
3.05247211
-0.62745400
3.41788656
0.43767895
-8.34626032
11.00238992
2.11023628
5.75567612
-2.57129291
11.65454880
25.00510510
-2.45041375
15.44506924
0.28976465
-5.26759723
-3.03543275
-0.41751058
0.03136121
31.49478853
-0.54380728
-3.69299983
-0.84782103
-2.44233267
3.10826544
4.13448253
1.63031533
6.58388657
0.32515169
8.46947858
4.06851676
7.61869523
-1.07515002
10.54039674
-13.02504322
7.05035081
13.40024247
1.57914542
0.12604701
-1.08195604
-0.00580145
8.42110023
-1.83795215
-0.00952149
-1.07275927
2.90840465
30.58168291
-30.89828547
4.83210325
-0.36543553
-0.03030049
-6.11689688
0.03223560
0.04455490
-8.13955753
1.56465447
-3.15940359
-0.99307755
-0.24596187
4.85287496
4.10848063
-1.49004003
2.91039670
11.20918520
-0.50680175
4.91044550
16.58106593
-8.87737010
5.40391272
-5.72785149
-0.23264351
-2.57864659
-2.46684531
-4.56187782
-0.53867292
-8.07367521
-14.57432439
-8.80746163
2.55746819
5.59769173
1.16443348
-14.95448345
-0.30916702
-4.68045140
-16.97122448
8.56055229
-5.19307727
8.09009227
7.50823448
-1.42083123
-8.10172831
6.42041240
8.92474433
-1.15098398
4.33193630
30.58915353
0.73794944
-0.54089472
5.71320291
-10.80681623
1.48186748
1.72349238
2.34475123
-0.24607498
-0.66072930
7.91820739
-1.00218158
-0.30679883
-1.05937106
-0.32630651
4.56486939
-2.53301698
2.98688279
-4.98892136
-1.44972337
4.15120524
-1.43158704
18.67922490
2.37794090
0.17517627
0.27762362
-1.22956080
-10.07823256
3.44701694
1.99877666
-5.93237950
0.70164964
-1.08292743
-0.98171613
-0.28534363
-0.39067905
3.61004683
1.06709017
-3.24252081
-3.76072902
-15.29727212
16.37325038
1.75970883
-1.29976532
-1.55336955
2.05160225
-1.51201571
-4.21787946
-3.74625792
-14.48622624
-4.13059789
-9.28263283
1.64989631
1.30611811
2.14232024
0.86009421
-5.63903082
-4.16965966
-0.53800108
0.51841240
0.41081962
-2.82628893
1.93402805
-1.62464530
-1.53899698
-7.28149194
-7.26961959
-7.98987806
0.69959837
-0.12503636
-0.13052834
5.81248770
10.87264455
14.05183188
10.15572140
0.12325622
2.07961254
1.10763393
-1.75647772
-0.60809833
6.59277921
-0.62299051
-7.70990396
17.93724923
9.97874036
-14.81750293
0.46047680
-0.26236539
0.92725344
2.59017085
1.62422544
0.07926068
1.24371247
-6.94916647
0.94363995
-8.20730269
0.67589781
2.26594295
1.95379289
-4.40202493
9.74725417
-0.75395608
0.63810405
-0.78816874
1.20541993
-8.13256481
13.31278302
-2.45917833
-0.04183598
-2.47582453
9.23466835
14.54801720
2.29017199
-5.74348668
2.36453475
-1.84418679
0.62189048
-3.83538368
4.73059921
18.53929351
-1.17017768
2.80559134
0.92313952
-0.95620745
1.61181718
3.37321553
28.41697406
-1.35944934
3.03744393
-9.06172640
1.86427688
-0.78178553
0.30624937
1.51480672
1.48819472
2.21559771
-3.76590265
-2.10472736
-7.08493962
-2.31508958
1.60239098
0.56479430
-20.04215741
4.40418202
-0.29027885
-0.12190785
10.40461964
3.75136947
-2.34933445
-12.45551851
-5.84712809
-3.50798502
6.10043921
-6.79441511
2.71469795
2.77799022
-7.90121317
-10.84029480
3.96402248
-12.26241791
-1.21812553
11.05257010
-5.14553726
0.12328848
6.87348977
-1.71548028
0.43176041
1.18125538
-0.89111332
-5.76117916
6.87722290
-2.00856178
-0.30789832
-8.73636136
1.36511298
-0.92675442
-0.20164981
-0.95588069
-3.70795516
12.14506752
-4.36675583
-12.40177751
2.76340886
-0.06855495
-14.28230451
11.64820149
-0.39934799
-2.04063134
4.12021642
0.42906851
3.15971342
-3.51745876
0.36705711
-4.00393219
-4.73819773
-0.43420116
0.69293140
-7.20666671
-2.77565779
-1.22702933
-1.60694869
0.12757976
3.00119258
0.15377761
0.85745301
-1.79139066
8.23889305
5.50746030
0.00975268
6.24836729
3.48325659
-5.72594353
-1.99549774
-1.60143410
1.17980527
-4.73542614
13.29581335
3.63060380
1.35447840
5.86399533
-0.03227500
-0.00243650
-6.56158585
3.43700386
-4.12715345
7.55549481
0.70753723
2.26756177
-6.80435872
-2.68266226
0.62054205
-3.93647593
-0.73512165
1.71469303
-4.33831760
-1.65159327
3.26973402
0.26626594
-9.74168870
2.43953072
12.29035137
-1.30601536
-1.34217278
-2.99573738
3.97301325
-6.65098915
-2.62138239
-5.63716475
6.69628541
-2.49390892
-0.00686806
0.52707884
8.20839001
-1.26095073
5.08740140
10.45764197
-13.52038012
-10.20270038
1.51651540
1.92404077
0.61109945
-10.38238644
-4.12810955
-0.89407514
0.00705941
5.11396631
4.05020255
0.04492966
6.73761443
2.30975289
4.89615354
-5.33442886
4.31132969
7.79637296
0.94454655
-9.42705567
-8.51699272
-0.14412266
1.15998488
2.23806937
-1.24648646
-0.87317413
-6.65241969
12.33413661
9.21257612
-10.03303997
-1.42506834
-0.32122325
-0.76488453
-4.65122855
0.40988622
1.25211738
0.20524919
3.59107336
0.09924852
-9.77033652
-1.99624095
-6.12640119
0.46654648
-5.64453274
-11.96834355
3.18504408
-0.15219739
0.99315510
7.41927413
6.27465025
0.98337483
0.00137315
-0.69533176
-1.38656656
4.85119404
-3.50832483
-0.37588539
-5.54688782
-15.27221908
-21.04558997
-2.81077961
-27.58289519
0.36150989
28.43080124
-0.00252244
5.66444998
