18.26284647
-0.93412441
0.56296833
3.40422165
-2.00189784
-0.34232019
2.81143320
5.50538047
-4.30356011
-17.52041772
-3.99835294
-1.00322685
0.39819412
4.01939512
2.00110468
-0.42443594
-1.91286321
4.29846296
-6.90445830
-7.18942717
-4.60016518
3.80719140
-5.10395228
6.39989049
3.65491134
6.22923149
10.64927717
2.58111690
0.42675988
-8.59479836
-1.32227532
-0.53539260
11.14438327
-0.48600692
-1.07608820
-1.35906583
-5.07488332
-7.70330057
-0.41722021
-4.39897628
13.74383066
-8.58782432
-0.76520882
-5.55467006
1.92369821
2.83087785
-10.02604610
4.70028116
1.86485866
-17.39053048
-3.50326404
-7.55488065
-1.84094526
12.26595644
-6.35870403
-1.44429927
-0.83555210
0.02724429
4.09872508
0.66431021
6.76949199
-10.00971293
-2.12271218
8.34487786
0.77782540
-4.06499290
2.17140114
-3.35821355
-11.40484087
-0.19012323
-19.19461257
4.63827031
0.25581564
-0.34860882
-6.92672945
2.17207133
4.99141572
0.31177813
-0.96538950
0.64509045
11.43942213
-3.82965620
-4.42653364
0.31112015
-1.39947658
11.83276877
-3.65221572
-2.22457101
16.14051825
0.28548822
-6.84911871
17.05491791
-0.33156083
6.74040365
-1.08294863
-0.75775524
-2.83565421
-1.93075298
-1.28161140
0.65342979
-4.45277692
2.57886644
5.26370493
-0.41776777
10.81774868
0.96026328
5.70475391
-0.73824664
11.41588051
22.92411226
-5.32677336
8.00416939
1.45809403
-0.40954761
0.20840758
0.03031620
-1.54977936
-3.31273723
-2.14358506
0.00797263
2.14236577
-0.63466810
-7.10269166
0.00469616
-0.28745397
0.25733578
-11.49152799
-0.46734456
-0.44528336
3.73152201
1.17814365
6.15402896
-1.97744661
-1.20886148
11.35143089
7.32182842
0.23841693
-3.21668886
-6.33337888
0.62411528
1.57945038
-0.46676214
-7.23752777
6.08241213
-3.96473855
0.13054949
0.78663667
6.58939993
-0.35744874
-0.21659442
11.97034605
1.46437317
-9.20555991
2.47980120
10.43604986
0.23770027
-21.52089040
0.44437552
-3.90325399
5.99298618
11.93254545
-8.18919145
17.20411811
5.50884618
-0.60654252
3.81964837
7.69798587
9.68345503
-0.74504701
2.91388034
5.56773915
-1.74149444
4.47898998
1.41006413
-14.60945191
-0.75589829
2.83704712
6.29214371
0.04408568
3.01579709
8.99094791
-1.24733471
0.33103350
-5.94467304
-1.21955367
0.21979394
-5.75420083
7.70587982
-5.33930469
-4.90344371
3.77172594
-1.47115461
21.10825063
-9.94579853
-0.01166167
0.29705686
-0.78547905
-7.23378705
-8.18710832
2.91026630
-2.69154815
-0.05168646
-1.84690927
-1.56949347
-0.52811108
-3.80675428
6.80881161
0.49946861
-2.55936584
1.68113332
-11.59355559
11.27554676
1.63437294
-2.50382972
-1.89592833
3.46423826
-1.35554039
-5.36922633
-3.41812887
8.93376957
-1.58372270
15.33976779
6.84475220
-4.48078402
2.49962877
0.78036616
-8.54445120
-4.36672193
-1.50278823
-1.40710312
1.12634334
-1.21152237
2.26303752
0.95316638
-1.64078175
-0.81893996
-8.71727939
-11.01034942
-0.31134472
-3.85004254
3.58439088
6.80722253
6.36104521
5.19748965
0.02201432
0.00431194
-0.08006099
2.12973748
-4.25554705
-1.39801834
-4.06676288
8.35649184
-17.79382893
16.23697697
1.38752267
-8.29565080
0.34434055
-0.25642022
1.33139227
-1.78558409
1.43367484
0.06524700
4.08292855
-7.03635951
8.62561307
-12.55602331
0.43865192
2.28879523
3.62829209
-8.32407104
11.59309967
-4.32959339
0.38978593
0.65790064
-1.83806545
-7.00972274
1.21879990
0.16851501
-0.60307271
-4.89236788
10.65220308
31.06983934
1.34244164
1.21931952
5.10474113
-11.54910964
0.66256977
-3.76134285
0.50869218
18.96477216
-2.60715037
-1.10811024
0.20719655
1.03372219
3.93625125
-5.69771463
4.09908181
1.06085083
4.22829486
-12.02086180
1.83708795
-2.24857853
0.28318537
2.47921138
8.97053249
-1.92630885
-3.50661085
-2.73751423
-10.01797928
3.67099269
-3.46749717
4.02853708
-22.05930188
-6.20321290
-0.40789638
-0.21411976
10.31026210
6.93842550
-14.51104601
2.16052536
-4.34318296
-11.88427630
7.20293751
-5.07955470
-18.30450825
4.14857978
-8.51692364
-13.05694857
2.48666654
0.60103531
-5.02173806
-9.76831928
-3.53687389
-0.42927212
7.58875215
-0.22777552
-2.46667114
0.19447753
1.98737456
-5.23160457
6.22540658
-0.28712638
-1.24951545
-4.45045023
4.94505245
3.19211205
0.97579396
0.09059507
-5.00443263
14.99264450
-3.15872512
3.00750798
6.10466568
-0.63832106
-12.87887590
13.56259111
-0.79065968
-0.73323711
3.10348114
-8.75281613
1.90530458
-5.24878150
-0.74479866
-1.39467345
-4.92667697
1.21944786
-0.47397480
-2.72889429
-0.74637071
0.01048746
0.63275694
-0.23793035
4.62672156
0.00954545
0.21654591
7.29953440
0.01644216
8.08859680
-3.22006683
-5.35814477
0.12002175
-2.12514036
-2.67990333
-1.51707787
10.50675568
-8.95888982
16.44741522
-7.68157853
1.10171765
5.12429324
-2.46814336
-0.00332191
-6.28469509
3.86455376
-0.18106610
8.50243748
8.46459743
2.84939727
6.52319424
-3.75952227
0.33452081
4.15314710
0.59236611
1.07929087
-5.24849371
-1.81989901
3.73091206
0.95034246
-11.88889530
4.89428440
14.11993055
5.25404401
-1.41169502
-2.28238514
2.46506695
-9.46742277
-3.76761057
-8.00776997
7.22696279
-5.23775002
1.75890291
-3.58698967
6.10720907
3.27751572
4.54083108
11.91863471
-16.00600582
-7.39841005
1.22601734
0.88086193
0.64686324
-11.44922171
-6.92832464
-1.05729103
0.00601005
5.20185861
3.42684062
-5.51364752
5.60035213
-0.30866791
4.02983423
-11.49938873
6.88633467
-11.48999970
2.14208873
-7.77342053
-12.07774330
-0.08016591
-0.22635289
3.19900531
-0.90944370
-0.64317326
3.40428332
15.77696429
14.49945341
-14.46602435
-4.04207187
-0.27195034
-0.29844514
1.47840782
0.32194391
0.78968385
-0.00625087
0.38123075
-0.01431954
0.00598601
-2.28074241
-7.08708887
-1.84333336
-5.18124432
-19.32944620
1.66163639
-0.33599728
0.60765686
9.05310776
10.72918668
0.99923674
-0.14651487
-0.26385219
4.01348871
0.45181394
-2.77758124
-6.43163139
-1.21915972
0.03209315
0.84596845
6.38591433
-3.79549136
1.06538855
11.26546767
1.34251806
-0.03294826
-0.31344507
0.13608214
-0.01037427
0.82337727
2.27520428
-1.10707185
0.31355773
-2.82251611
-3.30326198
-5.84051788
1.88705993
-8.60484503
0.56487153
-27.40113108
-5.71084966
-6.18090117
21.24145028
-19.68426684
-0.53034901
15.20795502
