4.10553819
-2.64068353
1.15289929
6.14367890
1.33250630
-0.51020219
-3.07730076
1.16571831
0.28515337
-10.47996378
-7.14655375
-1.07783821
-6.18626344
-14.91661436
0.61228476
1.66900902
0.09307641
-0.06796343
-4.38361618
-7.03617380
1.47775126
-5.36889901
3.03735133
4.42278627
-2.70848882
-8.61736297
7.78347645
-0.10681937
1.75700163
-8.29450872
-0.24858016
-0.97473075
1.14283124
-0.14442936
-0.97505834
-5.74333331
-0.35720606
-10.73980149
-0.00154039
8.74944255
12.28826948
7.12652840
-1.08518103
1.74446668
-4.27244472
6.54556719
-0.40890276
-7.20758550
-5.66122420
-7.68551132
-0.08955690
-4.87699612
-6.21448720
-11.50697846
-7.18337184
-0.25312577
1.31067357
-0.67940790
4.74985354
0.73631332
10.91166012
-0.74883554
7.01005894
-2.46134892
0.17491374
-8.18447900
-7.26674224
-1.09626626
2.40630874
-2.44000037
-3.41639743
-0.52480092
-0.00170641
-1.23880781
1.66242057
-4.25587473
-0.17790084
-0.90730981
1.46324818
0.18763587
-2.96014324
-9.48372671
2.38127864
0.18810208
-4.69703228
-12.26338710
-8.37410087
1.29452495
-4.46295631
8.77025749
10.49164521
7.11312610
0.33709484
1.80239092
-0.01710535
0.14099080
1.18207300
-1.16101590
-0.01994319
-4.42851450
4.28508763
-2.22053164
1.53971536
-6.18383492
3.72064856
5.56759887
-1.04408194
-1.12035372
-7.16549851
-5.04971761
-2.63269460
4.25396875
0.38310166
18.58697121
-0.56799533
0.96210116
1.29583656
0.06947150
3.49311318
0.56050451
-2.06739844
-0.02004550
5.79244161
0.04049195
1.83624447
-2.99007218
-0.90715438
2.70762096
-0.16895242
-8.48722334
1.38130184
2.09592935
-9.55025442
-2.68880454
-3.20462376
7.76921631
-1.68070244
4.95908731
5.49828620
-0.37868996
8.08357273
1.23244210
0.83861140
-0.10735851
5.69787768
0.34887414
1.61708074
4.15435575
1.46220712
-0.93927137
0.58963813
1.73124723
-4.22920552
-1.20710191
-5.49050180
-0.56944517
17.85165796
-0.54961967
-0.20281184
3.81054670
7.84237922
-4.15390426
-4.88737352
-0.15478022
0.53373924
1.95825623
0.15930033
-0.42289043
-0.26455403
0.01076970
-1.59862135
7.18207169
1.83774944
1.35754292
-10.88591809
-0.85921728
0.63842520
-1.56700123
-0.25093582
-2.19504942
-2.37715471
1.65581272
3.64685085
-6.78686271
-2.06245205
-0.00472070
-0.20409279
10.52141969
-4.60439943
-3.00147486
5.82990193
-0.30870453
8.01593129
-1.94597643
0.07960169
-1.45008205
-0.58523763
4.08027430
-40.94332984
-1.30719952
-1.92763140
-0.40917669
-0.94159208
-0.19054692
-4.06490679
10.37549648
-1.15624864
-0.03343457
-3.71849569
-3.55319372
-3.33546607
3.75239041
3.38128937
0.11095202
1.53526129
-0.63799054
0.11944042
-6.24429069
-9.08045147
-1.17629109
25.76448348
43.92493170
-5.68960371
-1.61306257
0.18843495
0.27623374
-1.54796721
4.78672503
-0.89439500
-0.17525801
0.44422175
-1.15422191
-0.21547166
-2.72002848
-4.23417266
-1.03469294
1.98401849
10.48193348
0.38465640
-0.22756687
-1.45144222
2.02205186
8.00732682
2.41411003
1.34066725
-1.08779108
0.70740179
0.13763528
-1.36123482
1.25806568
-0.98927106
0.68810096
-0.78121482
6.78935417
7.52134905
16.83048874
0.57414699
0.20722881
0.00235894
1.47148039
-0.21305572
0.00036980
-0.42074139
-2.51284538
3.14000802
0.43842454
0.70953293
6.04877929
-0.70205929
4.20742121
-0.90720904
-5.14626777
-1.05061520
0.50595727
2.52510988
-7.81346675
2.95274657
-1.73185950
0.04985276
1.60681491
-1.69049571
-4.24688690
0.72930309
0.36391960
3.47771603
-6.31050899
-2.62452617
2.46618642
-1.42862045
6.23542886
1.68424749
0.49629439
0.31359719
0.41390300
2.67411787
-2.98967054
-0.40079831
-1.44655279
5.20117023
-13.02887155
1.50530750
-4.36138445
-0.00779045
2.45266382
4.17810306
-1.14418585
-1.20228004
1.59016813
4.11358206
1.11274110
1.51013432
1.53586948
-11.85032186
-16.38077267
-1.00418042
1.06715255
6.92553988
1.91722569
0.73570330
0.29277810
2.43802102
-10.56100844
4.25305410
-2.98464733
4.20292350
2.48902403
-13.28846835
3.95456765
4.13151986
15.86465807
-0.76711682
0.09334266
-1.43459742
0.55800465
2.61197012
2.03096381
0.26743171
-0.60437176
-1.76777293
4.52406001
-0.22366455
0.87182711
-9.09059888
-8.35561830
13.04930456
7.79833423
-0.22583844
-1.39843490
-4.56716623
9.48801557
-2.80108737
5.21412883
-1.46936722
-1.69318673
-6.81296068
10.94768192
-2.75161263
0.18652759
-0.84088291
-1.79013321
-0.73872809
-5.51763722
1.65589856
-0.04691788
-3.25386920
-4.60070464
-4.93299253
-1.51235716
-1.49985504
-0.12199016
0.18944552
2.28585115
1.52032365
-1.58881359
31.67685997
10.64374349
3.19938668
7.59537858
5.22147055
3.02193153
-0.13604864
-13.21509340
-0.91237330
1.22832253
7.64522998
10.46929662
1.44799533
5.77167556
-0.00285029
-1.32214793
1.56204589
0.00366017
-7.39714777
3.25832956
3.01502784
-3.52138670
0.50118359
0.35187358
1.20792126
3.89449084
0.59145860
0.49724824
-0.36924804
-0.03007747
1.37323543
2.14400493
0.02358266
0.56892314
-3.16585369
-5.76645251
8.39978451
-4.92728579
1.94769638
-2.14789887
-2.83579022
5.67861083
0.05060350
-5.72071860
-1.09613168
0.64449725
6.28221513
0.08450854
1.01222925
0.91661341
-4.67520417
6.44662443
-10.18138533
0.56674594
-1.27715463
2.80239244
-0.01544158
6.53166079
-4.69168069
3.95083256
-0.11538939
7.86970580
-10.49694517
-0.23911686
12.88658686
2.85074351
-12.39934095
-10.80486397
-40.82193219
-24.08667949
