-12.51157240
-5.09996069
0.57705409
-7.49943656
-0.25184833
0.02191195
-5.69158786
0.80933311
4.30517216
-5.91106252
-1.88373852
-3.45483040
-9.68854553
4.87531614
1.18289791
-2.01579124
-0.19729381
7.78503878
3.49945201
-3.92832024
-6.36716282
-6.92711100
-3.22807700
-13.45859661
1.41188504
17.09533383
6.05614430
3.65306151
-13.24217582
22.70888007
0.97262287
-0.67193276
-1.79531284
-0.20635247
0.04708500
-3.66412108
11.62778631
3.75177614
-0.16600966
-3.94610489
4.43794385
-12.56815689
-2.27663587
14.72793836
-9.58912334
2.05453421
8.37532699
0.96231779
-20.60737641
-9.81209642
-0.86920179
-10.59961508
-22.74928410
8.70369550
17.73498142
2.11592772
-1.76429982
-0.12630314
-7.43080455
-0.01364927
-0.74525760
-0.93961257
6.99247830
-1.85664924
3.25131874
8.46272291
-8.31618119
4.74813469
-8.68634937
-2.33735080
-2.91602885
-9.61286796
-0.49554862
-5.41216077
-9.68860015
7.86112215
-9.41507997
-3.46445440
9.12344959
0.70764172
17.93833039
10.47655601
-0.02385641
0.27876850
1.33230213
5.65650761
23.92444436
-2.89930290
-6.84614363
-10.57808610
11.31423923
10.33568528
1.58296265
-10.15888695
-0.69207090
0.90225793
0.88739106
6.18243998
-2.67610529
-1.04760129
2.44440139
-3.64655333
-12.47915762
-14.65060331
7.03014963
0.40468646
11.21505884
-2.18375256
-2.43432026
-1.28846624
5.30463484
-10.71981343
1.02551534
7.09472664
0.74391468
-0.84066123
2.99436784
10.37296093
4.38039131
-2.43333774
8.55164675
4.78941903
3.03430937
1.86831424
9.88287514
0.89872992
-6.04729443
-8.79989734
1.43162578
-7.78999283
1.14815922
-9.53091330
1.74661391
5.01859403
-3.47994948
7.43152187
-7.61019320
1.91278292
4.07301486
-1.41793148
-3.20483019
-5.46867227
-0.40984603
-3.20962874
-14.54007045
-2.30440668
-6.89253368
-0.31585514
-0.80214494
-0.62298076
-3.64543855
5.58814996
7.68236692
8.55380286
-2.29244747
4.70583268
-3.93847007
-4.02797231
-1.19610767
3.96149576
-3.02693783
0.44120620
0.40437358
7.15982478
-0.27816085
-8.80775352
2.77813753
19.98856553
0.35059392
2.03390125
5.81208628
14.54277895
-6.09380630
2.37966226
-6.38154200
-3.39031396
0.83521245
2.33624402
-0.46612047
-1.66432910
4.16933143
2.80390539
0.66615602
9.52107445
6.36127074
0.10313154
-11.42860596
4.11207489
-20.85992431
19.10441665
7.80505246
-0.33393125
7.32651887
7.62422052
0.59341682
-1.54723421
8.28336147
3.93248423
3.53174457
3.76470088
-6.67362510
6.28512845
8.51765933
0.57047110
16.75417407
20.35466972
2.32528523
21.48511370
-9.69974081
0.87229464
8.80196435
16.36073549
11.80195883
-2.06813024
-5.61654832
9.79292534
-1.77199039
-2.55521785
-1.25598022
6.41056517
0.85210252
5.96603661
8.67546263
8.96769605
5.27251516
0.32250900
25.12536922
10.34243070
-0.79797210
0.01091685
-2.56779544
-6.80381414
3.17911217
4.32603112
5.31117486
-6.68983434
-4.89120890
-5.55581548
3.47528346
3.50795676
-0.87828906
1.50318518
-24.72678017
3.61946717
0.30237562
9.93482890
-1.82213987
-1.51444426
-9.85398152
3.31066205
1.22799373
-6.22654743
-0.15703567
8.19573614
-26.90148831
-21.02727366
-3.61897389
-1.47255820
4.78550611
-4.10299234
2.94623652
-0.01049082
-2.68862195
-4.68339443
19.18855097
-3.63899697
-0.84271314
10.78430080
-4.63833275
1.29161467
-1.15944281
5.43957425
-0.46136627
-5.53893320
13.56716912
7.06367607
-8.12043975
-8.25155249
1.54164191
-8.83939094
13.22976308
-1.04740883
-2.65390926
1.36952641
9.77188037
-8.01226864
2.91827835
-8.81346849
-3.84059909
-7.39003884
5.10884450
-1.92807710
-0.01258110
0.31153682
-11.48438639
-11.78489920
-9.31144990
2.80704638
-1.80164513
2.71202055
0.50616234
-9.78790285
-0.01973087
-2.48238124
-0.53372122
-11.75659871
-3.51439621
4.06665144
-2.33311891
-10.46811399
0.59149082
-1.33640980
-10.42637973
-2.63875334
-0.85340193
0.00644649
3.58658565
-2.32851950
-6.32780852
4.73374994
-2.24463839
-13.02532446
0.83631384
-1.74019145
5.88968217
13.41980306
-15.06391484
15.78280281
2.36569068
6.18233064
1.43974428
-5.75141238
-6.94914777
-0.17988305
2.82323063
-6.95066466
0.44436267
0.00271075
6.32952871
4.13885988
4.97091487
5.11538280
-7.52072470
-1.57124916
7.67999346
-0.48390172
-0.11673637
-7.00744250
-2.77798361
9.56466349
-0.53769084
0.51775371
5.75927620
-4.46441008
-5.68331274
12.22819140
0.51056383
0.12987650
0.90433892
2.40883327
-27.05391754
-12.97256753
-1.32050412
3.65065470
0.06010211
-4.56259931
1.78964167
15.15913857
0.09302749
1.14517764
-3.34966137
0.05731943
-16.33913765
-7.01678506
-2.13154944
-5.65676943
-11.22026799
22.50910283
14.48563894
1.78196269
2.48513501
-7.06683260
2.28938557
-2.08782056
4.51448605
-4.81698490
-11.65655268
-23.04841011
0.57778311
3.23848028
1.69968306
-1.74776079
1.62785308
-2.62014391
6.68732787
-1.76793524
3.24879682
-4.80806546
-7.36780159
-4.81404559
0.99981966
-5.55624910
-1.31906247
0.08263876
-1.43909730
2.24078662
5.29069039
0.48526629
-17.99797961
9.21542857
2.00873013
-10.41492409
5.55350290
11.65966377
-9.99798221
-6.80032870
-2.01573734
-3.52914205
-4.71038988
3.31788479
11.38298291
12.46135277
-14.93518312
-15.12678627
-1.06013964
3.14996829
3.85097982
-13.44118281
-0.69073736
0.30381185
2.20279846
10.40915004
-2.27011361
-5.84184785
-0.41137786
11.61524918
-1.80295593
5.50785749
-5.12808238
23.05205713
12.10823170
-4.67206584
3.33550436
-1.90582239
11.79307093
16.30329507
-6.19178962
14.93652224
-3.80657033
-2.89923297
-1.36255273
-0.10583388
-9.73693562
12.01266806
-20.95269335
8.17510190
-1.35566622
-3.53915147
-0.01726528
-0.65746050
0.31597932
2.75056786
2.17001809
7.29068671
0.53086045
-3.57249565
-2.45186290
-14.70217130
-8.74948410
4.49152203
-3.11085842
-3.63574340
-7.70676952
-4.85945097
6.92472108
9.83321135
4.60948909
-0.58551475
-9.92243866
-2.06052074
1.38141160
-3.86642173
0.78934583
-1.60812062
-22.35088612
-13.22813003
19.25461518
16.07280420
1.14152846
-1.76795357
2.77589894
0.69803334
1.69901020
0.42652991
5.67198695
0.53775026
11.72664919
-3.27109752
9.74254901
-14.42082919
-1.40139594
1.64279214
-4.29993473
6.24956184
-19.71162709
-10.87489522
19.15791988
-23.74876338
-9.02667296
-4.48413960
-0.29910400
-6.45275266
1.26478880
-1.20743617
0.63738781
2.27849893
5.42958932
9.57650464
-4.94602955
0.53832250
7.99360643
0.94739603
-1.32918552
3.71277474
-5.55195283
-6.25597930
12.89281892
-15.64937355
4.93712337
-5.00282469
2.88325900
-20.54879555
1.76573474
-0.87886593
0.61333769
0.60420058
-8.85623435
1.21740578
8.73975235
-0.29784624
7.84036814
10.95488898
3.87721041
-9.35246160
-1.91706675
2.20353100
1.79157579
-1.19861820
-5.90862297
-1.14226121
4.00451157
5.59323938
-15.24716418
-11.65580699
9.94742684
-4.26730481
4.99551681
-1.61732324
0.19967960
12.28379681
8.44701312
10.86645054
-12.62529383
-7.85260126
-3.56573730
6.01274189
1.13152005
-0.71896673
6.81035425
-0.85381625
-1.33665342
0.25539858
-2.28435839
-9.18875594
-0.07737891
-1.03631607
8.43512018
15.19554065
7.12715668
-11.48768337
-2.51562061
1.85086476
-14.18778151
3.09551065
-0.00831297
2.80562032
1.91512835
-1.57424124
11.59355989
-5.46314032
16.02413725
-5.83119555
-4.94357539
-0.74171130
7.91468991
-6.76657364
-0.42989048
-1.28443752
-1.71453301
0.30543781
1.62288112
-9.21630704
-2.83625303
-4.09952036
0.39517485
-5.64077260
2.61748122
0.98830823
7.57156836
-6.85090729
-7.65242586
5.23409778
0.42854503
-11.09199576
3.56407398
0.41722504
1.68947715
-6.31767332
7.44056369
6.94809808
-8.19954679
-0.54244646
0.61382420
8.73007678
1.80181156
-2.26464341
-2.63367571
6.75015318
-0.94390261
-1.32383576
-0.69271997
1.29560900
-1.34404286
-10.60541495
-6.94642832
2.85471497
-3.39586494
-5.62316724
18.16306867
8.57412393
13.60167579
-7.84159894
14.37048118
-2.34520480
-5.56767686
6.65966549
1.60448817
-7.04135435
12.70626557
-0.89808627
-7.29186653
-11.46926348
4.00456966
7.53140250
-6.65088640
-15.03253860
-6.81908593
-4.56514069
2.16862525
-0.09707916
-8.58741695
-5.15932234
0.89249352
6.71156865
16.07471796
1.33116339
-6.67133827
6.27667270
8.85338745
-13.44460499
1.12597562
-7.46912513
-1.44348548
-0.34853993
-1.84657428
-1.19207424
11.63367919
-6.40721458
-3.24518554
2.21077503
-0.19903404
-5.78057990
-5.78648637
4.21867975
12.85883723
-1.43627527
16.77464932
9.76696914
