10.98838855
-4.03231449
-4.50236539
0.36402951
-0.18968351
-1.40631886
2.76588732
-2.14162007
4.96143243
-16.00368792
-10.88806863
0.42969148
-1.41848865
15.93199855
2.00695449
-5.48053563
1.24451191
4.97765198
-4.27969830
-6.61618535
-14.31924132
-7.75491747
-7.04747114
16.25262470
9.46913021
-3.56682662
-12.76626003
0.27838847
-8.08047066
8.80708117
-1.48969163
-0.56047151
9.08578590
1.37641358
0.22846699
6.53924992
5.04488069
-0.03258068
-0.22400752
3.38473157
5.42183913
4.40370180
-1.93485990
-15.18349070
-6.84771288
-8.19900303
-4.06014588
6.95812069
1.94189667
-3.35231152
-4.07436694
-4.54946607
-17.08937500
1.25361379
-11.25551927
-1.35411445
-0.13366425
0.15535061
4.72842927
0.35447373
8.24998028
-7.63563840
1.10845131
-4.29536192
1.56929072
5.83873339
10.53801761
-0.84067153
1.07778728
2.41838210
-8.30137202
-0.20397549
0.10934495
-6.46973391
-0.16576508
3.02873377
-4.26029860
-0.92489214
-2.89743910
0.45004900
-16.23600116
9.75360289
3.28888349
0.44624866
-13.48757990
6.54741366
1.09495364
3.84366626
-0.58488617
-8.51937427
19.80116090
1.44065954
1.09344907
1.86264454
-0.19307706
1.30987177
0.22384725
0.37526058
1.51146668
-0.91831687
0.00968163
-3.97917279
-6.81114860
-3.41661267
-5.30307187
2.88388327
21.30336242
1.46537645
12.35236009
16.09976209
3.46553880
12.24005944
1.26759856
12.37817219
1.90076158
-0.00860904
-2.63795728
6.42088495
-3.08634153
-1.73457341
-0.95751599
-2.21856077
-1.20537144
1.31157344
-3.02973175
-0.99549696
4.49764061
3.56546460
-1.19766427
-1.66554740
0.38205038
-4.43984864
-16.25871008
1.32694863
6.77316494
-4.58643351
2.65776400
7.39800545
8.13097147
-0.11210701
4.94357525
0.67074054
6.40035970
3.58320629
-15.02251301
0.05831820
-2.88182527
-5.55744337
1.99469728
-1.98041480
14.20999245
1.84944523
-7.61241503
-5.67425249
-9.66234610
-0.17044752
-2.97681489
-1.20537925
-3.72897237
-0.79869875
14.89144518
-7.55481948
21.99831881
2.40643567
-1.92562253
-2.05714330
-6.46000752
5.51381368
-0.00686042
-3.03461540
-0.68653681
0.96141533
-9.41273333
-3.37206931
-9.08675775
0.11680233
-1.07725800
10.32147854
-0.00875324
-0.00780304
7.80120766
-1.51990250
1.81814340
4.39525379
-3.48063417
0.40716018
-2.09139095
18.48528994
-7.22795963
-10.09836009
-0.28495765
-1.38690034
-5.31747124
2.66952629
-0.17814660
-0.04156569
2.38197794
6.83974481
11.07820512
2.20344408
5.30254704
-2.89112602
-5.46352915
2.62416455
-8.05530007
6.60628674
-0.55809762
1.95524084
-0.91703866
-5.59614765
-0.00537863
6.52771293
3.87349973
5.27532006
1.42244549
4.62720674
-0.65305260
-9.81436542
-2.40564552
-10.43644274
0.19584551
-2.41932070
-2.33505480
8.44135698
4.35457036
1.21803045
16.91939563
0.69261622
-0.49649896
-0.73139525
3.38033120
-3.62461119
0.45500812
-1.47439946
2.05203916
2.31014150
-6.05697193
-11.58530113
0.45418856
-1.43514969
-2.35553886
-6.63905623
0.32614765
2.47245306
-0.01901135
-1.33273898
-0.70032358
2.55450155
-0.29222764
-0.37580355
4.09069398
6.14724402
10.76248714
-2.87212218
-3.93401186
-5.99862547
-1.35710410
0.11837152
8.04086425
-6.61225329
-0.01090934
0.25162241
0.77464230
-4.56427832
12.56727096
-7.89928888
-0.17620712
6.94385013
6.02694680
3.69650348
-8.06259900
-2.43053677
-0.66621891
0.29819666
13.53839406
15.17658635
-8.85980515
-9.44333353
0.00400811
-1.51336179
-20.76140158
1.60354293
-1.69109117
3.07477294
7.46556347
-8.30661042
0.49593857
4.77651880
4.92426417
-2.99131318
1.76038945
-0.69734743
0.63665946
-0.21231720
-4.08819430
0.43630303
-2.41815367
3.17917859
-3.09414284
-10.85234079
0.27134813
8.91204534
0.23239166
2.70144460
0.41508884
4.23494716
0.33162580
-7.95422415
6.56272737
-5.62047827
-1.60784188
1.12697595
-2.08881466
-6.60997766
-1.33623469
0.85524320
16.84919549
3.31664189
17.36981774
-2.50363085
3.55243586
-15.48803218
6.60581382
2.78307513
-21.66797515
-2.24046247
-14.56262813
-10.51170926
-3.61417462
8.79964022
-0.90926881
-12.62219925
1.24199309
1.51601999
6.18790953
-11.17716340
2.20140349
-0.03024426
-0.12131771
1.09278528
-0.84188428
3.81979591
-0.30645750
2.04722314
-10.45397130
-20.33014062
0.04960273
3.21419901
8.74602956
8.35891272
3.01101877
-0.88128670
9.23682060
-1.72136579
-16.76501210
11.61910917
0.98498124
1.22852513
6.67609444
4.07798906
-14.38009787
22.30444501
-0.60900926
4.58048950
-2.68342700
2.44873170
-6.50076484
5.91135641
0.11679348
-0.14860339
0.62124944
0.57143095
9.03567319
-1.57572619
-0.02242947
-2.56220276
5.80371336
7.53454213
-5.84360347
-3.74336152
-1.27509217
1.62875131
-2.88394765
-2.41368956
-10.77171047
3.74830953
-4.26420632
0.12901328
0.30982207
0.81511868
-2.59907882
-0.56141694
-4.73470862
3.81334008
8.91435054
-11.72050302
7.99481476
-0.64623183
-8.92868340
3.98665477
-0.23856613
0.29978618
0.51810480
-0.00994585
1.74455498
3.44369372
-2.07380322
-0.37964168
10.34530118
2.56558795
17.85050066
-6.79501617
3.94411061
2.35222685
-6.04533009
3.76797595
-0.06193747
7.26612610
-10.57568737
9.31908480
-0.87042926
2.98116892
2.18931314
-7.92136768
-18.78781468
7.10549409
-5.75097182
-22.71455673
-0.70308696
-1.93871008
-2.41689516
-10.00554158
-3.15122306
2.41154284
-1.68517611
-1.50698989
-5.67420703
1.59818858
-0.71399742
5.72292084
8.01184152
-6.69033871
-0.64555912
1.24366618
0.10793309
-5.39985935
-0.73782407
5.24122996
-2.52463454
0.25772745
-0.03316921
-0.89978635
-7.28686546
8.84672259
-6.44738524
-10.07343860
-2.47232421
-3.84094221
-0.62951859
0.50444959
1.42192690
0.49531911
-1.44013566
5.23842075
0.03576960
2.11000652
-1.77607237
-5.40976081
-0.09936888
0.38657338
-13.88842533
-5.48430755
5.48190421
-3.34991088
4.01778213
7.05695447
4.71066505
-1.21975257
-6.56418117
2.52947174
-5.81360737
6.10872086
5.08649799
2.34809237
-0.01599811
-0.51405229
2.60320995
-0.87514744
0.62948765
0.03902305
0.72967499
0.19249222
-0.03052715
0.03126254
-1.01164979
0.44370876
9.50034247
0.57367216
0.64135633
-11.06264647
-1.59755065
-0.67010646
-5.54324641
-6.97311208
8.63960254
17.32726985
12.53306477
12.28375572
-13.38479866
0.38127851
-9.08923693
-7.75022709
-1.60897090
0.13956451
-0.96074834
-2.15785114
5.22183512
6.94912836
-8.08411509
4.50412895
-1.58513840
1.71071105
-1.72009169
0.66193878
1.13568438
-5.81347456
3.62200804
-3.94597923
2.26742770
1.37138572
2.80722121
-0.86505699
-0.29567178
0.46580037
0.56764394
2.83723211
-2.25077677
-0.05767758
1.09031183
3.75354741
8.73083561
-0.48683751
4.24585179
7.02232234
-1.00745555
4.47914395
0.30541769
0.00458170
-21.38146564
-7.56332276
16.16321259
1.02324174
-12.35529283
-12.71740148
8.51249618
2.76738662
2.81729329
0.03710599
0.48817745
6.04376375
4.88549620
-18.32224926
12.99779735
1.44845168
-4.49162341
1.73560557
0.17587670
-1.14607920
-0.23065694
-5.46807819
2.89249295
7.01815979
2.08830755
0.33190106
-2.85973079
-1.70419003
-1.12865560
22.25613583
-1.43216350
-6.26387578
3.98844094
-0.00073680
-4.83111491
0.68916557
-0.10671710
-1.62929408
-0.40126718
0.19202338
