15.71769944
-4.06369589
-5.92125309
0.35141035
-0.11553332
-1.61651676
2.71175687
-2.39960244
6.26396900
-20.20530334
-10.40569266
0.32594637
2.18669607
15.88656753
1.97020859
-5.22945189
1.33006437
6.27101325
-4.52008022
0.99395562
-12.98196716
-7.39308180
-7.49628436
13.14065177
9.11517203
-5.61391939
-9.53374922
3.71800672
-5.36120421
11.43364228
-1.56966150
-0.34343377
8.77784641
1.90078851
-0.54263404
6.63634055
4.61708248
-3.77962421
-0.34783808
2.27733225
5.88836247
3.58838264
-2.21902420
-15.31359220
-4.67026900
-7.22888311
4.52865468
7.24132285
1.85008694
-6.78001641
-4.19525204
-6.64624472
-19.32344474
-2.67767992
-9.31464355
-2.30759891
-0.16815823
0.30219554
4.62273713
0.50245488
8.13712468
-12.69820496
2.20234600
3.02943374
3.13329778
6.12718970
10.61725627
-1.58634969
0.07172885
3.15520859
-9.46187663
-0.11944822
-0.00869457
-10.58787424
3.46679838
10.38959611
-2.00438952
6.10608883
-2.58665663
0.12249034
-15.00522388
8.81511939
5.63395891
0.53980685
-17.93384929
7.86071615
-1.92916671
5.69781751
20.87828678
-12.75506841
19.99326094
5.81947142
1.11913502
5.76856772
-0.06662857
2.44215489
-0.31282069
0.05938526
0.16496460
-1.79922366
5.41866472
-4.58333860
6.63194729
-5.16158436
-5.44005069
-1.71378396
20.05803642
2.29932658
11.86152452
16.99961025
2.72389713
16.78550125
1.62149312
10.96145248
1.36523045
-0.01171963
-3.05383358
6.24496563
-3.35489098
-1.80850016
-0.40264687
-1.23412526
-2.15352635
2.59012218
-3.46238302
-1.26064599
6.30925918
2.32067391
-1.77867027
-2.01814870
0.76443706
-6.39017204
-16.74517897
1.62282792
9.04395689
-0.24331314
2.50672916
4.85262364
7.85709632
-0.33392748
2.02048518
2.25998748
13.15154497
6.80428178
-15.81548609
-0.93635535
-2.18427086
-8.53605714
-0.50035083
-1.54106544
9.41287145
2.41828164
-10.86741270
-5.51522299
-12.00081255
-0.76602951
-0.51031074
-1.25751597
-7.42133519
-0.24922742
14.69717460
-9.99596300
21.71225216
-7.89425421
-2.06791964
-2.78254822
-7.19950010
6.18085340
0.00300818
-6.34954871
-1.52980139
-3.80623399
-10.36998561
-4.79353778
-11.18452513
0.17717948
-1.29051851
9.84427101
-0.10571274
0.17648241
9.73695802
-0.16875146
2.10480607
5.76956879
-3.83810692
0.05475233
-9.18218277
17.59349010
-9.94252447
-10.49091568
-1.77818962
-1.36917190
-1.82067346
5.82882033
-0.29805496
0.17062366
1.29994101
4.22015193
8.84038633
-0.56063067
6.11930462
0.39809622
-6.28421924
2.61831227
-9.72760678
-5.24104243
1.19399974
3.45706928
-1.34832012
-5.63973039
-0.00197128
8.03245121
5.20704636
4.47920893
1.32832399
3.45403989
-1.36537105
-9.33906954
-3.05191234
-8.57911810
0.31773912
-2.99906784
-3.95495326
6.49504010
4.11993533
1.20517658
18.98174238
4.08050284
-0.55870037
-0.85435393
2.10962564
-0.23992798
0.38467567
-1.60148292
2.92253877
2.01075009
-5.89945450
-12.02741865
-0.45283366
-1.46950924
-0.90832886
-8.13645525
4.21382232
3.24361345
-0.03776033
-1.39431754
-1.59962425
2.86344018
-1.33631588
0.47936690
4.20407448
6.11592271
14.51115699
-3.45682387
0.47697174
-8.23792352
-2.60558299
0.00952693
5.85837418
-7.80952180
-0.00431045
-0.01250700
-4.38786291
-5.44198970
14.66509620
-7.31839492
-0.46435531
6.64604837
6.57160599
1.15383049
-14.15401531
2.03328952
-1.19689725
0.87498041
11.39779400
14.30070170
-4.56000796
-8.85414183
0.00098458
-1.90134224
-25.32424418
3.23818655
-2.48319943
3.23550107
12.76485579
-13.90625209
-2.40741280
7.10818964
6.24330829
-2.79750635
6.33185232
-5.59692661
1.26775020
-1.05859078
-1.37023968
-5.63141645
2.28955888
4.28373421
-2.60506446
-10.17216422
1.04523596
10.62227784
0.12190420
2.83111886
3.34055731
7.94336422
0.19535620
-7.56813257
7.86079424
-6.83777231
-4.21540029
2.78949222
-4.11786783
-6.90664749
-1.50630928
1.04895958
17.98704677
2.53173588
-0.57682209
2.00289660
5.03589564
-15.93933875
9.17197985
5.81050523
-16.74142487
-4.44199274
-12.15848995
-12.63290537
-2.82111830
8.42374395
-1.41114564
-12.77029387
1.64323656
2.66016287
6.81233335
-8.74981737
2.07477167
-0.08464658
-0.64158299
1.72034115
-4.68912435
6.91887378
-2.53743008
7.00628947
-8.66185316
-20.17832056
0.00115128
3.83543712
9.66841730
7.79128817
2.49570587
-0.76665359
8.95461661
-1.61215464
-17.35442153
13.71469911
0.62012311
1.30144511
6.37477899
3.92737148
-11.95759333
23.43608926
-0.50738645
4.39936593
-3.17159016
2.48415379
-2.88251609
10.35920247
0.41001234
-0.08374976
0.51032042
1.34416305
7.74220313
-2.58568804
0.77152964
-1.30825893
3.12966224
13.43438568
-6.52042943
-4.27670484
-0.80692587
3.95863840
-3.11218316
-2.45720576
-8.65387638
5.74083096
-5.96297032
-3.90171408
0.39010578
1.87180953
-3.49991788
-0.55110205
-5.53393475
4.41057221
8.73289702
-9.99714246
7.78113855
-1.41750568
-9.17350971
6.16541493
-0.32718010
-3.88149642
0.12088527
-0.02060395
-1.31952257
4.70182610
-5.97435781
-0.69101741
13.40732378
-8.74580501
21.54497155
-3.69800463
8.78253878
2.12632323
-8.91306208
3.92229054
-0.39188484
6.18366586
-9.54176949
8.47203911
-0.68585299
4.82150315
1.88328655
-8.85275520
-12.15872438
6.55803268
-11.23133423
-20.71640139
-0.60269158
-2.74712004
-2.38826984
-10.18998263
-3.15791610
1.95172211
-1.77097348
-1.70132438
-6.80006520
1.73611898
3.50034577
3.42229896
12.57120050
-6.42544115
-0.18188045
2.92267572
-4.61800939
-6.76567114
-1.77138930
-0.68051092
-1.75767626
0.85913794
0.29401064
-1.03896382
-6.16782737
8.95447448
-6.27346206
-9.75524793
-2.27064701
-3.77415701
-0.98854547
0.44904758
0.77570515
1.20292120
-0.78591323
4.41137909
-0.05160378
1.14751484
-2.22989596
-6.17889852
-0.13379988
0.34535370
-13.43379421
-4.17582753
5.71109468
-3.02039567
3.40042334
8.27922748
4.65152152
-1.28765164
-6.27158088
3.07818161
-7.59399552
8.25024994
7.71863688
0.88881610
-2.17099606
0.53213615
-0.39899754
-5.98662817
0.61008000
0.03942537
0.64959577
0.12421756
-0.03032912
-0.01253797
-0.77738848
1.28887667
6.76186680
1.11298039
0.42109978
-9.05059545
-1.21942783
-0.82686203
-6.33820842
-7.59800337
9.12569459
18.67406958
8.18331381
13.12894370
-18.20969792
2.10154687
-11.54525538
-8.35499707
-2.20911178
0.21598727
-0.00091421
-1.61473216
5.52686058
7.76744220
-5.79187762
5.27404459
1.58142780
2.75026952
-2.48779364
2.08687668
0.77005057
-6.13553309
5.95504635
-8.16418825
2.35150009
1.63081953
2.10887106
0.26645942
-0.40693211
0.70044724
1.21112740
2.13666388
-6.78617648
-0.67533098
0.42640805
-0.79778580
10.93419371
2.18662394
12.89850087
-1.08174293
-0.95186047
3.97373731
0.19199387
0.44229401
-24.28705255
-7.76558700
18.50813077
0.41452254
-8.56522150
-12.15680937
6.47368430
2.44080843
3.96726019
0.14228186
0.83486506
7.58732835
0.58884100
-19.88580531
17.72739826
0.90819376
-6.09334511
2.68664773
0.22540875
-1.65713206
-0.04928487
-13.12841703
-2.57527786
10.52703931
3.23924371
-5.71855413
0.05714940
-2.80641493
-4.86622419
21.01257268
0.00738781
-4.25776227
0.00986643
1.22083460
-19.60125880
5.22352056
-0.00869457
-2.18427086
1.26775020
-1.05859078
