-19.71386260
-5.57940476
-1.54527650
-7.61141278
-1.12438614
0.54256359
-5.70606410
-2.78607324
4.63420076
-10.26879702
-1.68895005
-3.73824257
-9.04284118
-6.35102072
-0.96282852
-1.64224459
-0.38558348
6.22206068
-8.61841533
8.09173799
-6.34714785
-2.67708693
3.79466126
-10.65915415
1.56425171
12.96717551
-2.04487020
4.33092362
-3.48098798
16.43548348
1.20856169
-0.73611805
-2.72844924
-0.40891342
-1.48752239
0.32377371
11.68214563
0.45687556
0.39802294
-0.39899634
4.27972321
-4.04788761
-2.24332196
1.08557379
-3.91515980
-0.21314292
8.33571191
-4.54298235
-21.18243449
-15.92816809
-0.74839241
-11.68075323
-20.82100299
-5.89630337
14.99357893
-0.58626175
-0.84629984
-0.63159160
-1.60126579
-0.01034114
-7.46156467
3.66782887
7.11363286
-0.27493726
1.56812476
-0.64425820
-12.16849439
5.61232146
-6.91164579
-3.00631816
-2.91860579
-6.10990676
-0.90219500
-6.74909504
-10.44405342
2.98720227
-10.49640808
-1.25635126
-11.33450985
0.06097183
14.87430912
11.89841612
-2.89061246
0.64970165
6.28871780
4.26160984
22.93298725
-2.90464879
-5.19196842
-9.25876021
12.36618193
4.97117729
1.24976797
-14.56788713
-0.53814109
1.08953686
0.94898200
4.00074429
2.90271378
-2.85069174
2.26359481
-3.55920248
-3.36020439
-15.09333720
5.25699528
-1.14275545
-7.93022169
-2.35291645
-1.43293968
-0.49263707
5.26687633
-5.80200089
0.54476660
16.10455484
1.45140379
-0.50031651
2.16302605
7.12533367
1.14548992
-1.96409948
11.63832277
7.23536818
1.97356019
0.52752372
-4.57767358
1.93683534
7.34031300
-13.66343754
1.69786873
2.72943514
1.00123103
-8.41838682
1.25342838
3.22131630
-6.67109461
3.82184817
3.75969854
2.32228024
3.34785449
-1.17341299
0.66410517
-6.22137678
0.89476066
-3.02339169
-7.08670229
-0.25260411
-2.48651367
-6.96982202
0.10736684
-0.20088734
-4.30884980
4.47319315
6.35486449
7.10967930
-1.80645448
3.27430443
4.73662848
-4.19031561
0.12552977
5.76032448
-4.86158479
0.60562147
0.00080486
4.07601525
-0.72098812
-9.91168696
1.88834914
15.14706833
0.65595569
2.17968642
1.88896100
15.48176985
-4.96419435
4.99796613
-16.12056574
-1.32192902
1.76368024
-1.09594721
0.01803166
-1.10964949
-13.28843447
2.40233916
1.05089991
10.34852693
-6.47331561
0.59379166
-8.55717501
3.97007750
-18.29753926
17.92987587
5.53875579
-0.34457065
-11.93952821
5.63865224
0.51928625
-1.43124830
4.42542571
5.59305347
-1.63742251
4.65295871
14.36840887
-4.24505792
7.16352233
0.62905963
17.30517462
17.28384331
2.57991268
19.87570233
-8.67628726
-3.02512254
8.90409739
-4.68246557
5.20633407
-2.23380969
-4.39352954
3.75883069
-1.33949656
-7.95442657
1.11682226
0.58408325
2.60225280
6.72899611
0.05846763
2.38901130
5.73416641
-0.61447203
25.59868965
16.64597541
-0.33761245
0.00709375
-1.71929134
-5.23571508
2.09395318
1.63352770
5.90326010
-10.33580822
-6.02481780
14.97314082
2.61662846
-0.52193267
1.11164658
2.74635556
-21.50572976
10.66720088
0.73255114
6.69757556
0.92751515
-0.86742319
-3.25680080
0.61162275
2.11284798
7.39554618
0.02411192
13.19326295
-21.58451853
-20.41189279
-2.96474860
-1.95836446
-6.97207098
-0.60244457
4.53137272
0.49214596
-4.66988235
1.69452018
18.83651397
-6.77356140
-0.67432202
7.30569714
0.57399209
-3.57803765
0.58695018
2.81240643
-1.19319164
4.82467945
0.96432693
0.11354134
-8.65869122
-8.85276400
0.88488272
-5.90991836
12.92141385
-5.23836501
-0.44124357
-2.06650057
9.12739835
-8.72143191
3.08013375
-10.31879910
-6.39127446
8.98514843
8.61472371
-1.72006002
-0.01229472
0.26056434
-7.50475215
2.63312338
-11.74791381
2.69352016
2.26964903
-3.28898864
-2.93869263
2.62498321
0.21606312
1.25851322
-0.23625269
-7.71487253
-2.92286431
3.46440740
6.70050848
-11.16752318
0.44736065
-1.60504453
3.61825060
0.98123277
-0.44686286
0.01007519
9.50913974
7.55278933
-6.27718042
-1.22651014
-1.35361118
-13.90556600
0.99990442
5.29888608
9.96985174
16.18267336
-17.81971480
-18.51152721
2.09590050
6.55107828
0.66947252
-7.02128978
-7.16019220
-0.00397867
3.46182789
-3.61103003
1.62414557
0.00198557
7.29594604
5.16224312
-1.74558830
-2.69560000
0.73148796
9.91612146
11.91961783
7.57133368
0.38718858
4.79125315
4.88733554
19.99478938
-0.22908128
0.46765714
8.84451349
-6.51290886
4.05756199
22.74521745
0.11237594
0.13936858
-5.98017690
8.10979099
12.43215055
-16.73989230
-0.39633180
2.45868571
-1.98748708
-3.43988447
1.24625301
-7.28939870
-2.94870302
-1.38299455
-0.08603314
-0.37410667
-12.06988531
-6.02331718
-0.65471952
-5.91940059
-10.04528935
19.21720680
17.53471728
3.19010981
-2.42383480
5.66963079
1.23977639
-2.19754051
-1.53958863
4.68899204
-10.57391436
-21.67445105
0.37175301
3.58538540
1.60189146
-1.48412593
0.85633262
-0.41946385
1.20111987
-0.96005910
0.19713858
-3.28706867
-7.41662115
-4.78006090
-1.53670848
1.67872959
1.32534099
-0.06422810
-1.09606713
0.76343408
6.51424520
0.08283468
-19.58264548
3.36915546
-7.49721896
-12.03583484
6.65709522
13.42323219
-10.19480226
-5.96194236
-1.24135049
-2.81055596
-8.99981307
6.52239366
2.58505936
6.00334401
-17.28654410
-2.36304820
0.59478473
-7.97532479
10.23661436
5.84845091
-0.80234263
0.49016343
1.04037489
7.06396789
-3.55648379
-6.24084503
-0.39202533
13.36451689
0.65411940
6.38716690
-2.85685226
25.39501554
5.57868178
-9.23532505
2.25750135
-2.38532476
10.74539094
16.04241244
-6.50619067
11.91174326
-4.27549486
-1.87678436
-0.14139927
0.15735914
-12.61748116
13.49855335
-22.85596474
9.65172658
-0.13523372
-3.65059898
-0.04517941
-0.91041509
0.24618665
2.34993926
1.52943113
5.63362512
0.75337473
-2.21626214
-1.69565387
-12.47267815
-9.99863729
3.90859517
-4.93964157
2.42979933
-7.37778363
-0.15590154
0.78958309
-16.88256489
6.15324500
-0.51258859
-10.63310427
1.03385287
0.93774897
-5.79559210
3.05762968
-3.59303986
-21.56396756
-13.20141963
16.57866025
13.96115130
0.62582280
-1.75207566
2.19695807
-1.19514009
1.46997503
0.00170193
1.15848209
4.23191032
4.43950339
1.37721766
-1.98789783
-1.95307008
-11.05053593
-3.19323507
-3.62441276
3.58897445
-16.52773467
-10.96983718
10.63633999
-21.75192082
-4.82948567
4.56103572
0.59951575
-6.09007205
1.17053428
-0.64748654
0.65374436
3.01231968
-2.01797526
4.14341711
2.14342042
-1.26726295
6.17244749
-0.28949886
-0.09268918
2.13068159
-6.51355624
-5.19421815
7.89430005
-3.43294278
5.28924993
-4.59505075
2.79588128
-21.91667446
1.46287948
-2.81535973
1.80138728
6.42869183
-3.11934287
4.88422556
3.85043987
-0.48325515
7.46959732
3.56952400
3.22764020
2.91101570
-0.21802285
0.34583725
-3.45956949
-0.36305281
17.02025654
1.47839544
-15.00959469
6.88903498
-4.03040194
-9.39605136
5.59724830
-1.09107195
4.86790518
-2.21802073
0.24322565
10.95699422
-7.30582839
13.95231687
-3.10997536
-3.83736734
-0.59396417
4.44103162
0.77442808
1.19684375
7.78193894
-3.07709160
0.91485910
-1.56451018
-2.38191831
-5.40239675
-0.12616453
-0.03018064
0.95677695
0.48619612
6.98499831
-11.97767696
3.76158623
0.98898872
-14.65554724
2.80274744
-0.00225155
1.26157598
2.23521650
-1.89543259
9.21764751
2.51308067
11.68033575
-3.55631583
-0.83055347
-5.54299882
10.86937350
-1.23173526
-0.78411906
14.81484027
-1.65135575
3.93650230
1.84953733
-19.14028371
5.28586177
-15.80780814
-0.06247880
-3.39185874
0.64225326
1.18833645
1.70362016
-5.03191162
-6.72746832
7.06142687
0.25340090
-9.66851400
3.83240756
0.34458915
11.08948696
-5.40110913
-5.31086283
2.93346546
-8.72331517
1.55618342
-0.81586639
7.85953132
-3.65714832
2.17125991
3.60912020
4.51930436
-1.16702671
-0.68379878
-0.57028942
0.74305196
-2.64632129
-11.82067040
-4.55435458
3.69281183
-2.64276910
-6.36110598
15.49155652
11.30068364
15.11744342
-5.70780060
15.17963615
-1.79226201
-5.08576359
5.70222162
0.38211352
-8.29815615
14.47444169
-4.97527821
-10.94236133
-12.05390347
0.72117645
-4.52688352
7.60914185
11.19536426
-5.85040509
1.68684047
3.60346109
-2.70561216
-6.29455260
-3.14363346
1.98714496
4.26731304
15.61057746
1.54919430
-5.27205292
6.13723064
8.46603366
-11.73600827
0.80425922
-3.85943756
-1.64368500
-0.64319617
-3.50034136
-1.60010321
7.17070747
-7.50183758
-4.45350523
3.54203127
2.11693000
-1.66328829
0.00053128
7.13719942
2.39198812
0.12415691
8.44905127
6.46945215
4.43190064
0.90204302
-13.88047645
8.96826982
-1.93165470
-13.09239836
0.71147717
2.74649722
-8.97308024
16.17942292
-3.02713551
6.66210489
-1.60126579
-1.32192902
-0.22908128
0.46765714
