5.96050100
-3.76767717
-0.23930615
3.82983529
-0.11478426
0.23301147
0.33231709
3.30623833
3.24390583
-7.89337360
-13.30211751
-4.90799651
-3.35129503
-1.25187912
0.25593669
-4.19867968
-0.17808371
-10.50701148
-2.55732568
-14.05080622
0.99778839
-7.10457275
-11.03477356
9.83347526
-1.96922287
8.03451304
-5.99213257
-4.85717131
-14.86839044
12.66599501
0.02312561
-0.34408134
14.46404940
-0.17336823
0.02270968
-9.69992353
2.68606951
2.72461440
-0.88067259
-4.90974476
-2.74748136
0.26036876
-0.78924594
-3.26621615
6.20187978
5.16787579
-1.83256196
-11.20082600
-5.70905069
-7.09656256
3.03772375
-6.07192101
-20.88492584
11.17521083
-12.47490617
-3.14665259
0.84333516
1.26750837
4.06255973
0.20412142
1.12124046
9.87448606
1.27013070
-12.08237627
3.32021436
9.13673444
4.52323689
-0.00835042
0.34834922
-0.01734169
3.66369840
4.65663937
2.36312294
-6.07058455
6.31250562
-0.69585669
-9.08598879
-7.82856376
0.12544702
1.45045039
-17.01127861
4.69778478
0.44452141
0.34119012
-8.12900777
9.35997914
10.25339901
5.02541693
-11.39574412
-5.51188059
16.49608311
-6.35855317
0.91969239
3.99740868
2.66433559
1.69450500
0.63766669
5.40405540
1.37183658
1.02347436
-1.72497553
-0.75477728
-3.67424210
-3.29790638
0.80182176
2.90929778
11.76187240
-4.70050499
14.27211826
4.37053295
1.16704340
-12.10166458
3.11344328
-2.13889261
-1.85984251
-0.00747121
-0.19596747
9.99349876
-0.76193490
-0.71035855
-0.36472417
-5.46771238
1.04298786
-0.02773048
8.09296590
1.93570276
2.35958082
0.66182682
-0.88930248
-2.63933499
0.47324205
-5.46010551
-13.07899460
-4.04766868
1.53172000
-4.47726693
-8.83677946
6.64209609
-1.27225453
-0.13565797
5.39913771
2.30027401
4.40475649
2.18819992
-0.23649930
3.55811069
0.93939347
-14.40991289
1.64604952
0.92276398
-15.37596302
-2.88451703
-8.04266471
10.11082449
-16.00806734
-1.79909157
-9.89385213
-1.43833897
5.19573036
-4.72763135
14.13790134
-8.91628924
19.97268860
-14.16592576
2.24443558
-0.95483045
-10.09588770
4.63728234
-0.06163346
10.98810467
-2.10453467
-15.69969734
-12.92213436
-2.38768573
2.11853540
-0.53052965
-0.62590809
10.91870641
-0.80491080
1.00459199
7.26330149
3.95182911
-1.86425419
-18.23295032
4.46367911
1.57309709
5.98202560
17.18778057
6.79541505
-11.17934298
0.57677227
-0.73640518
-1.55558756
3.99114825
0.99043848
-3.56324299
15.16839122
14.50699849
-3.88637633
-0.78200328
1.59574998
-4.32829491
-7.26785322
0.84837486
-8.51513301
0.79423739
-5.18469305
3.82596549
-0.05303009
-9.65751959
-0.77824438
8.15419293
14.45269833
8.10191700
-7.76054691
-4.74050258
-1.73327037
-7.23016745
-5.39995656
-9.78772829
1.38936514
8.38653668
5.09665314
9.56648282
0.47346867
1.43502034
24.25356008
16.87153265
-0.60737671
-1.20461359
2.67033726
2.21866502
1.90329377
0.50705249
-5.29667236
2.70281713
-8.24948258
-0.27538405
-3.42805733
-4.29943836
0.22084319
-0.03857098
-10.99991100
5.22060550
0.08724121
0.71785774
1.81939374
-1.52537626
-6.14083759
3.88384799
-5.85808725
-3.40693560
0.22881427
3.41639224
-21.08397473
-11.95059043
-0.50708676
0.06498849
5.07711783
0.52965210
-0.53842742
0.17501702
3.91106911
9.21990211
14.96200485
6.97493378
2.56419697
4.90962322
3.30370368
6.28766905
-9.59227552
-3.98377986
0.99653669
-4.51554992
12.37622590
16.44380412
1.30496987
6.29319253
-0.00703904
-1.78681189
2.19839675
-6.69773722
-0.79781098
2.78245234
4.81027394
0.18775870
2.08739322
1.51421977
8.10912599
-3.35133427
0.74958207
-2.83893474
1.08761534
-0.00972157
-13.64147176
-1.94269657
-8.15138601
-1.62941710
-2.01064737
2.41472584
-3.46438688
6.47371970
-0.00007432
-4.13164628
3.04101456
-3.36900162
-7.59518229
1.24657091
18.10301773
-0.08284760
-0.94860969
-0.23162885
1.55796444
-4.81552250
-0.16169714
-0.69019388
7.68616331
-1.41169989
12.47922170
-5.52673031
7.30956243
-15.58394433
6.50882199
11.43814094
-23.60802679
3.44346633
-2.70994774
-6.51867879
-2.41280764
8.84187542
2.25821991
-10.55670530
-0.17284274
3.00248384
6.37021637
-11.21580572
-2.71485836
-0.75533138
-1.24054634
-7.06996118
-4.78030430
5.30257326
10.94032625
15.35837081
-5.27155278
2.39080701
-0.19685172
-7.11040233
-6.68801405
7.00274452
-3.10033213
1.43812703
14.74765239
-5.15308620
-2.16281854
3.81875512
-1.28082738
0.81936728
-11.96318364
-7.93186436
-8.00274215
-0.26762177
-2.59154851
3.65588261
4.22736659
-4.17933677
-15.93392580
7.09739890
2.17715910
-0.05240368
-2.40644813
1.37847876
9.05861205
5.52433681
-0.09455380
-3.92738407
5.86849623
-6.56236787
-6.68376380
-0.05851243
1.51787352
3.96831330
-0.04253075
-3.27455572
-0.13731788
-3.10384624
-9.49457435
2.83963932
0.45304533
0.27118698
5.12093103
-0.80836237
-2.02421372
-11.01466572
11.13219275
-16.12803575
11.54744618
-0.89181509
-4.34086934
1.11479938
0.13774600
-1.95628845
-1.09661808
-0.04645972
5.71537652
0.49317970
0.87652938
-0.75940003
10.90020971
2.97109446
17.88026176
-5.44903646
1.79469798
2.67518177
-5.91102708
1.75700284
0.39543264
4.38716297
-14.89212534
10.22372551
2.06227248
11.08248881
-1.81867787
-12.58166982
-12.32640096
5.05396230
-14.90418651
-18.49398828
-1.22369653
-4.02999327
5.73157615
-11.86815694
-9.26334117
0.43425108
0.02115970
-2.24589082
-4.73477986
3.20035383
-2.54529370
-1.26404441
5.78646867
-10.18841354
0.19131488
-4.97684131
12.48844530
3.88614524
-0.76911846
1.67245836
3.97715136
0.25371846
1.13893629
-1.02079109
-1.48932926
10.29474327
-19.25680765
-7.73421908
-0.83428093
2.38243299
0.00994998
-0.21288056
1.09141863
0.29833125
-1.19646711
-3.80835156
1.46191130
1.07045990
-2.48054005
-8.61966166
3.20772349
-1.62322811
-8.61763358
-8.90249789
-0.40339389
8.67423720
6.87223833
0.65628627
5.38998826
-1.24307602
-5.71235239
6.89868178
1.30517834
-0.88350237
-2.85031978
-1.93763738
-3.21708748
5.13456659
-3.74211192
-1.18160008
0.32068132
-0.64450275
0.94462004
-0.84854880
-0.00461959
-0.01200085
-2.18297442
4.20612415
0.67501105
0.39621862
5.21574348
-6.52624133
-0.64766894
-1.73746225
-1.04545415
7.69943898
7.52703002
8.48400727
16.51137621
16.07165227
-5.96523562
2.88461328
6.92448634
-6.28879050
-1.68424504
0.01242948
-0.29032596
2.20014327
3.26291998
-7.18782322
-6.00763832
13.84656540
0.09319753
2.25509397
-0.28612386
0.96617002
-0.57290540
8.95939717
6.06218461
-9.41384970
-4.91631085
0.01938312
4.18219616
-2.83263940
-4.63759931
-0.42557922
-1.63814765
2.82013300
6.55770882
3.07455664
1.66732461
6.97522136
-0.60440030
0.31073696
5.13088214
13.60938398
-1.44222429
6.49288699
1.45742775
0.03430595
4.39073421
-8.89819821
-9.36685814
-0.36529284
-16.28509760
-5.51365845
2.28018951
0.13463547
1.94586900
2.11675079
-0.09018657
4.35044498
4.11459041
-4.55031064
3.02455321
10.52036393
-4.88946098
4.73589345
0.14618864
-3.87249172
6.20668751
-2.11972610
3.24345138
-4.68399011
-0.38880262
2.58168292
-2.48433862
-0.15499411
3.48112888
11.47015374
-5.47413064
5.75491759
5.20256527
-2.75405686
-6.07261893
1.51355312
0.31174479
3.72099837
-0.98317651
1.26724503
-8.85218713
9.33837214
3.32590483
-2.57471116
-6.03152420
-5.05478512
8.09794502
5.00423780
0.92579050
3.08471115
-0.10178067
14.47153957
0.95666300
-11.69207440
3.66009485
-8.05051353
-0.00351585
5.38280713
3.40987773
0.89150514
11.03119610
8.35473819
-4.03691848
11.40701935
1.35386727
-8.73039978
3.77458729
0.68432096
