15.49171630
-3.94426724
-4.61791069
1.04173562
-0.04673001
-0.89014302
-6.66176480
-1.40646907
2.89554598
-10.75830604
-9.86942627
-4.31060655
-3.38145175
17.20398601
2.66158064
-4.11054236
-0.44201044
1.33005200
-4.84411907
-9.49086665
21.42921090
-7.70725399
-5.86015495
21.77786188
-19.47334146
-3.38077040
-11.38403200
0.51653088
13.64818751
12.47405055
0.01763633
-1.58623219
7.90470929
1.51808092
0.12280380
6.41907527
5.06999673
3.54951089
-0.57182983
0.94330579
2.33127058
-4.10989263
0.65287351
-9.63833548
-6.27626026
-7.67243366
-3.82609489
4.59282857
0.07793811
-9.04905327
-3.60675361
-3.00009402
-17.83651341
2.76140184
-9.26246876
-2.21429373
-0.79690177
0.14609825
0.20056252
0.32023789
9.29906839
1.73138380
1.53023121
-11.09594935
1.93922301
2.39500827
10.07298319
-1.16209732
3.87098179
0.15139954
-7.11060544
0.72384310
0.06621802
-8.01958161
2.42013129
2.75081657
-4.10126126
-4.40900810
-3.99989192
0.59239998
-16.70372416
7.02487478
13.57378886
0.41267154
-8.29860561
6.08266873
6.08249518
3.66412925
-12.92997176
-6.42445396
18.49320278
-4.57773183
1.13233134
-1.48569988
-0.67674179
1.23760870
-0.14605965
0.95057808
1.40562032
0.60070693
0.00992422
-3.49014719
-6.55954878
-3.05503866
-0.72134803
5.25858523
20.60479082
-1.97999243
14.04403845
14.73889158
3.44224888
-4.90024803
1.59229971
15.65672879
-2.73282715
-0.00793380
0.08532387
-6.07427340
-4.24881308
-1.27119481
-0.31391995
-1.21474335
-1.10535166
0.17614207
-1.60283522
1.92020307
-2.01780189
2.37627513
-0.18818674
-0.99302456
0.73107711
-2.18407730
-13.62947920
-1.83740982
-2.50103010
-6.73259945
1.11527079
4.79202359
5.57237111
1.15675423
7.75526933
-9.28216592
4.01700359
3.26372110
-10.42104757
1.89037797
-2.39131291
-6.70225340
-10.20473382
0.29646900
10.39349536
2.22360090
-6.60588017
6.08338164
-11.34028560
-0.27049198
-3.44234556
-2.12466524
-1.03169919
-2.66042692
14.36889613
-8.80098295
17.68656763
11.57309052
4.97087029
-1.51918401
-7.76781938
-1.02874833
-0.03215639
8.27983770
-1.16476344
1.54296048
-11.91386340
-5.60850188
-7.36342556
-0.50460335
-2.03195076
-3.21142293
-0.00635968
4.81626017
7.39653914
-0.62138776
-4.21194618
-10.47525552
-2.96590287
0.27213793
2.65725251
17.14181182
-2.16456257
-20.75443305
0.41371005
0.01612809
0.24362988
-2.20831384
-0.56223891
-1.08975627
-10.75653163
6.79838389
7.64649506
1.62498988
5.86245456
-2.84741898
-5.57100180
2.08326773
-7.39699873
6.08839208
-3.63835908
2.26569134
-3.94581006
-6.33544597
0.36783014
5.78547111
-7.42779926
5.08537515
-3.53695360
1.75584390
-1.21120113
-9.84634063
-3.84795973
-9.35395229
0.91224329
-2.08899912
0.80800685
7.45939702
3.93995903
1.08391937
14.33674238
-2.17404935
-0.63424680
0.00435643
2.46527725
-2.47656649
0.40146567
-10.47584292
3.50853193
-1.39587435
-6.94809474
-10.10004899
-1.89067100
-1.80289153
-2.94372015
-4.01176417
-2.92325523
2.18625808
-0.01737496
2.45432479
8.66244002
1.88383926
-0.84617551
0.02582629
2.71194123
6.12584319
2.84464989
-0.25457015
-9.57382054
-7.66590996
-1.00037235
0.11219757
8.14448263
-4.07503498
-0.00964433
0.15799788
1.17507656
-3.49075786
15.11808823
-9.85127193
-0.14270782
7.61414065
5.17171206
4.98649216
-7.73894836
-4.28246145
1.45070903
-0.00055947
18.83403028
15.19800243
-2.97191028
-7.94905598
0.67988521
-1.88561501
-18.44608601
-2.31407551
0.11691561
5.08449600
7.71563764
-3.37025192
-0.14577662
1.08988393
0.57317053
-0.40258758
0.76046866
-0.61467173
0.60329377
-0.25248864
6.16029223
8.51042187
-33.46794627
59.45580519
-3.41751910
-9.68126664
0.44499948
10.29622287
0.17021441
2.66094665
10.90711075
9.87197554
-5.28123175
11.55034928
8.42681531
-4.27579637
-1.78775152
1.71517391
-0.27434820
-6.10760935
-1.37228483
0.71474176
15.60800558
2.86185553
18.92309997
-3.85492018
5.68008531
-15.63359013
6.34042151
7.24456516
-11.54220153
-6.91025853
-16.75199813
-9.58656054
6.79644678
13.34989982
-7.07472147
-14.03023297
0.45403775
2.80884588
6.84178398
-12.09434360
2.10372030
0.00519070
-0.19692062
-2.78757797
-2.32191348
6.56953713
6.69438494
-4.18550275
-7.46024905
-22.39608865
-0.00700296
1.57734307
5.82097177
8.12723657
-4.53778049
2.21350730
12.31466433
-2.52193216
-10.85342994
9.68467879
0.99256235
0.74557289
8.69690736
3.62885146
-13.13411556
19.72534735
-1.31574619
3.27493207
1.49669937
-6.61686612
-2.09819596
0.84222714
2.46104934
0.19958051
-1.07252199
1.08860965
9.68382897
0.80319061
1.24312235
-3.68905332
6.28392191
1.81783039
-6.11043730
-0.20585100
-0.94659442
1.14204278
2.58656263
0.54941192
-10.38724949
3.33413616
-3.15782936
-3.42324309
0.31951605
2.40075380
-1.86136501
-2.18846874
-1.17799726
-0.72694251
6.48993666
-10.41534164
6.30170570
-0.03057009
-5.70204454
0.44498456
-0.18235321
0.94803434
1.09219939
-0.05776998
1.45273087
1.18528925
-0.32449375
-0.20477766
8.59432055
3.15840993
16.89910432
-3.86971911
3.04721021
0.41040208
-4.49595572
6.18196066
-3.71325034
6.71421678
-2.41369910
4.44510006
-2.72943701
2.40424284
1.71083705
-8.20183063
-19.24365306
2.26437002
0.87621744
-22.37606024
-0.58996610
-1.23974062
4.49285558
-10.47505084
-7.26550142
1.42623505
-0.82428413
-1.51213685
-7.17392064
2.39195128
0.29538743
-0.19253380
6.94132240
-6.21888019
0.09976786
-0.07510216
1.77344823
12.17325899
2.89064595
4.64313341
-3.89345397
0.60755631
0.35200229
-0.79395795
-6.78368103
8.50555172
-7.40516994
-9.43427757
-2.90797207
-1.47853125
-1.28558075
-0.85766494
0.96301804
0.44716847
-0.97534428
3.64756904
-0.02276138
4.68540676
-1.44935751
-3.13797066
6.78145282
-1.02530975
-11.99528685
-0.09284784
5.71285164
-2.16431428
3.84498474
6.44605034
4.72160738
-0.89467964
-5.66785929
3.06915592
-3.75744178
4.67630787
2.83154048
2.95057347
-0.82857179
-3.01039587
1.82186328
11.47308935
0.66173906
0.02561666
0.98053592
1.10455430
-0.16104179
-0.01048985
-8.99277586
3.49848429
9.21065382
-0.31288895
0.28923994
-10.51383810
-6.91944873
-0.29126436
-3.61811844
-4.51012262
17.65440710
14.91885654
21.00480992
14.51474808
-5.49812457
0.63496612
-12.95902774
-8.50515352
-2.23725915
0.00490608
-1.10695411
-3.02610461
4.93574027
5.10950476
-8.25399306
4.75193933
-1.75993811
1.94390181
-1.69974578
0.60190698
-0.13140960
-7.71019899
1.05323993
-2.98544327
3.33417807
0.11898000
1.79869610
-0.44198644
0.41517467
0.54818067
0.46230487
2.62846382
6.58257589
5.06973941
1.31024404
6.06665103
8.30071612
-2.58456146
1.03525945
13.42926416
-0.86612367
5.02093156
0.47211897
0.00192738
-19.42370490
-8.20222456
17.92440538
1.90140135
-22.15290034
-13.27297938
-0.09812917
2.59816611
2.60713603
1.24371806
0.29780957
4.66861610
7.88204193
-14.29273018
8.07999408
2.49066041
-3.94280303
-3.56665815
0.34797893
2.27438607
0.45648804
-1.07883600
3.07201581
3.29776639
2.22864501
0.49416655
-1.13412977
1.08295629
0.80219329
19.03579945
-0.58320992
1.34565959
2.21796069
-0.00453483
-6.21190067
0.61303032
-0.06469633
0.21125701
-0.03547955
-0.23275646
-22.15050164
9.24165134
-3.93475275
-13.40144369
-11.63458175
7.00940020
31.34894577
-57.09318290
