15.85449237
-3.46029205
-5.24900747
0.45400738
-0.09212991
-0.63684769
-8.26243224
-1.18745640
3.22980037
-11.52841353
-8.98640126
-4.95905240
-2.44673822
17.55408079
2.53213730
-4.08533291
-0.78792997
2.62443384
-5.04279673
-8.59986930
24.71613543
-7.92497762
-6.15114813
24.61178631
-21.51417714
-2.51944514
-12.97806029
0.53094985
14.49805923
4.76365897
0.02331033
-1.63106448
6.96949147
1.60534646
0.17031077
6.61145594
5.26490725
1.13190093
-0.54779335
1.35156337
4.38382024
-5.50533460
0.75294974
-11.03971136
-6.97894587
-7.64202172
-4.14139203
5.29113197
-0.17784785
-9.70842299
-3.36140713
-3.58473203
-17.59614655
1.88143939
-9.59805052
-1.24895130
-0.83001683
0.25862760
1.24156752
0.24055411
9.14815419
-2.19020399
1.31462942
-10.55479398
2.04120834
1.25037004
10.23207211
-0.96872598
4.34609374
1.01492405
-7.15151843
-0.38722345
0.07485055
-7.22161863
0.82166980
2.59026707
-4.40925042
-5.56344227
-3.85671635
0.76828852
-16.41206315
7.40411782
6.38118025
0.31564282
-9.55939828
5.96595215
4.12212896
3.88500810
-9.58540110
-6.93416079
18.57218470
-4.39241396
1.12729342
-1.63404540
-0.80021019
1.00974847
-0.20111987
1.41479880
1.18984522
0.40112075
0.00997551
-3.64971990
-6.41832185
-2.74166520
-1.22239192
4.66514984
20.88651995
1.41450816
13.90516883
15.01343981
3.81360360
8.66233857
1.28566008
15.38177797
-2.93524562
-0.00801300
-2.51698714
-2.32496350
-3.96771302
-1.31913531
-0.16675211
-1.64360944
-1.18553561
-0.48361241
-1.67839486
2.04009682
0.39928594
2.91465904
-0.50392248
-1.07898987
0.81015243
-2.51936737
-13.82684497
-2.29863342
-2.81200232
-6.50278410
1.64716434
5.70155926
6.30947018
0.38156157
6.94330314
1.60171883
4.90408320
2.49185150
-10.29918855
1.75843174
-1.30695780
-6.87298545
2.50693371
0.21366079
10.67968897
2.75083912
-8.74764999
0.24810042
-10.84868814
-0.10802682
-3.72224079
-2.63414782
-2.29887060
-2.13305035
14.22725479
-7.96603745
19.26440168
10.63360608
5.72634305
-1.87361998
-7.24723965
3.73166826
-0.02931836
8.63109318
-1.14101333
2.23967577
-11.27674014
-4.78336427
-7.34160563
-0.51020197
-1.59232305
-1.48927495
-0.00679766
4.20984114
7.69470829
-0.43269119
-4.89747904
-11.53661894
-3.12373046
0.26559092
3.09994335
17.36764322
-2.97641515
-21.41022112
0.15185333
0.02051185
-1.62038076
-0.72875802
-0.02676331
-1.07962800
-10.90227497
7.18731273
9.73950960
1.62724067
5.74872024
-2.96881894
-4.50437141
2.05190799
-7.23534418
7.49128038
-2.50789699
1.87540334
-4.25757728
-5.74030765
0.61486375
5.40484717
-7.26771489
4.73618945
-0.24133940
4.06799922
-1.13480319
-9.89527333
-3.54125420
-9.55820173
0.86097575
-3.01314113
-3.80574197
9.03312320
3.98854594
1.12263945
13.15107337
-2.44059008
-0.50548814
0.00423261
2.45872798
-2.56696411
0.24803045
-1.14801439
2.23897365
-1.52692319
-6.43969960
-10.66288042
-2.50269719
-1.63184339
-2.82732221
-4.17477657
-2.32696356
2.11835245
-0.01941778
2.18215970
1.40591242
1.77341560
-0.58049296
-0.08751502
2.49735657
6.29580565
3.35415007
-1.91283448
-7.91991659
-7.76756367
-1.49413771
0.12833758
8.23078915
-4.66745479
-0.01140590
0.15569067
1.18205221
-3.58932079
14.94125036
-9.90571068
-0.15429354
7.36179429
5.02264356
5.04204963
-7.04405811
-4.28985052
1.11546291
0.04609595
17.66459912
15.87210976
-1.29877119
-8.77782067
0.93547617
-1.84666384
-18.98390644
0.34058492
-0.62466862
2.93200462
8.43762664
-4.21219465
-0.30313728
1.04180603
1.20492472
1.90774922
2.42826206
-0.73623610
0.68495978
-0.23711967
6.06320110
10.64328640
-3.28982592
2.23799225
-3.75343189
-9.63323701
0.49621338
9.56925563
0.10855707
2.28774130
12.65874937
12.16842277
-2.99607332
13.98540425
7.98830281
-4.63159543
-1.35352646
1.34941347
-0.67779946
-6.28882463
-1.35626285
0.14176779
16.20986906
2.91028526
19.16699620
-3.62747156
5.37332193
-15.46898450
5.78438469
4.88565711
-14.82424157
-5.23782930
-16.56660954
-10.44345146
7.81144462
12.61621530
-8.22540697
-13.26830342
0.30488987
2.97091592
4.84512384
-11.55782298
1.99929634
0.00542185
0.16850328
-2.46065943
-2.86192877
6.41409444
7.59236729
-3.51437288
-7.54333753
-22.21576817
0.05428856
1.66501081
6.47841866
8.17963181
-4.62907366
2.28539973
8.99628415
-1.81836524
-11.76377369
9.95717014
1.06689274
0.75209969
8.16348105
3.62269621
-14.28960498
21.09250078
-1.21144338
3.49465445
1.95336748
-7.60865471
-1.70049646
-2.58181263
2.27883901
0.14881778
-1.06228227
1.04027250
9.79835522
0.53893158
0.16079291
-3.44202168
6.72647324
2.40029816
-6.58358718
-0.00580971
-0.63661191
1.22810033
3.57106483
0.38247917
-11.85189179
4.65371199
0.60242560
6.01673148
0.22542786
1.78458368
-2.71153151
-3.17654949
-2.09963627
-1.35055774
7.46960626
-11.36160582
6.82152550
0.00500712
-6.70620781
0.40089931
-0.17890486
0.73187452
0.83739492
-0.06028493
1.21580652
2.09981581
-0.81006883
-0.26630547
8.52401573
2.58254590
16.51517704
-5.97306252
2.92149312
1.08176063
-4.53691770
5.93392285
-3.98223417
7.06960221
-2.62768631
4.55651736
-2.70381150
2.02664845
1.32635660
-7.93695104
-19.33261945
1.92447742
1.84815683
-22.39954614
-0.45387805
-1.31357105
-2.36750044
-10.45133498
-3.29679291
1.60550057
-1.74503866
-1.41237610
-7.11561754
2.12103416
0.25665599
0.00492649
7.11078253
-6.34345611
0.10523068
0.27474776
1.70800390
-5.51577412
1.58508913
4.66466671
-3.37319097
0.23708451
0.23299468
-0.74294043
-7.44084114
8.63340521
-4.43360659
-9.81114734
-3.03288359
-1.29512264
-1.31530850
-0.79258599
0.99472801
0.47794588
-1.00669062
3.01999999
0.14675676
1.30571075
-1.18763720
-4.77854681
6.96521222
-1.95917766
-12.01001317
-1.27337778
5.85153922
-2.61059479
4.39744061
6.67975819
5.05760863
-0.98492633
-6.22254463
3.34723639
-4.21491530
5.36477323
3.22992595
2.83527257
-0.00662145
-2.46820104
3.46505713
0.07079648
0.78290937
0.02586389
1.00603219
1.60781373
-0.13495187
0.70891810
-1.10231087
0.44758458
9.40820468
-0.60629757
0.42673783
-10.70569224
-6.53713926
-0.31437864
-3.95054088
-5.25214356
17.46494771
16.00358638
20.80709177
14.79671695
-6.26507372
0.34269608
-12.32954072
-8.18533505
-1.95373325
0.00417373
-1.09229280
-3.22903227
5.05936294
5.53845153
-8.29915921
4.64340166
-1.42424053
1.90373743
-1.84288720
0.59265806
0.06881022
-7.17558776
1.43034301
-2.85898272
3.84378401
0.20319694
1.66130916
-0.76614940
0.01369736
0.57671446
0.37052308
2.87653162
6.01469198
5.21571903
1.10865857
5.43717580
8.19988947
-1.72355772
1.56702819
13.21004833
-0.96121989
5.08785718
0.50108012
0.00321851
-22.11050670
-8.03996718
18.94075011
1.70540774
-20.34408731
-13.51143546
-3.33066961
2.82611673
2.86964114
0.74131610
0.33574710
5.30550615
7.03338189
-16.57295906
8.96074357
1.59470260
-4.32778054
2.12222907
0.31643963
-1.81316908
-1.15550247
-2.79181248
2.55890075
3.93429315
2.23543128
0.68324983
-0.82968165
1.85657563
1.50283444
19.90273313
-1.11351493
2.01568795
2.45784631
-0.00427748
-6.25480962
0.72606970
-0.07319398
-1.04015064
-0.24778834
-0.16289794
-24.86984563
14.39196767
-12.01990831
-15.21374921
