16.79770527
-0.73130891
0.55222570
3.15275172
-0.17219530
-0.26611691
2.95839770
-0.00897891
-2.81316757
-17.94447556
-1.30415927
-1.00196050
-0.23633333
-8.91236896
0.71347620
0.60352844
-2.27965201
2.93288492
-5.77454506
-8.51634442
-3.51563334
1.05962644
5.91229947
2.66461459
3.07180570
-0.50249674
7.05026774
2.22483061
-0.35769081
-8.40805859
-1.03449626
-0.57474797
5.18634206
-0.59709516
-0.28183038
-2.85147760
-3.27698619
-12.39364247
1.57328699
1.25284991
7.99755137
-7.24578227
-0.29464934
-5.38730848
25.27428529
0.46411427
-8.11349167
3.79328541
-11.05275797
-16.18246583
-2.26141501
-16.14899503
2.15625377
9.13699743
0.79202442
-2.39681275
-0.39185055
0.01103435
3.79325035
0.65950085
9.46894987
-7.28004698
-5.31132650
6.92490490
-0.56673344
6.97429555
3.06680875
-1.97009819
-0.92355921
1.21914207
12.65776821
2.57117642
-0.00239325
0.39610534
-17.77436119
-2.83173820
2.78109529
0.11547277
-14.91295912
0.44179270
-8.81679998
10.71587436
0.62936393
4.95908449
-0.85547055
11.98609538
3.30003137
-3.43796685
7.11194802
0.36099518
-6.28477373
-5.56968998
-0.38496608
-12.77884991
2.04661226
-0.81947057
-2.05594028
-1.35569616
-2.32246236
3.28008930
3.83331168
2.12885927
3.80485988
3.86403619
8.39044479
-1.25562202
8.14658142
-0.98461320
12.05821985
-14.11846615
5.23768639
7.37792758
1.38941704
-0.03383063
-0.10560943
-0.00535862
0.22882666
-1.76042973
-0.00979420
-0.13207238
0.57661662
8.45858418
-14.80204813
-2.04234097
15.35865199
-0.06774330
-6.03047864
-0.00720798
-0.52487393
1.15574926
1.54739462
-1.41393268
-1.11544095
-0.80936669
3.14851762
9.94885492
-0.39926634
2.35893617
-4.73814779
-0.54559354
3.61290872
-7.64073152
-9.27557200
2.94403045
-5.43776775
-0.20029507
-2.44644232
-1.82366026
5.90937471
-0.71751152
-7.84954227
0.30587203
-8.38539856
2.35610878
7.05374347
1.25498105
-15.48764394
0.00669124
-2.28404093
8.22994998
9.00914966
-5.73381238
8.14848255
7.64878660
-1.12446088
-8.89322860
5.94469093
10.22215931
-0.50429229
5.01111834
12.06148062
2.55384336
-0.85217990
11.62498859
-11.19927321
0.61666220
1.72050999
3.63107597
-0.00634723
-0.25435570
7.49181373
-1.19839939
0.02131637
-1.25913697
10.31440693
1.01836219
-6.31852989
2.66932609
-5.43045087
-1.54537327
-2.83610663
-1.41805365
18.92298982
2.41007769
0.43331730
0.22996481
-0.94870347
-7.34969459
-12.58558802
1.81268460
-2.34781168
0.78410631
-1.03593189
-0.94008357
1.24566495
1.81336147
5.91734882
1.42556980
-2.91822276
-3.78290584
-12.96329168
12.24213752
0.31650106
-3.21305786
-1.52633680
2.67690629
-1.49773134
-4.11807893
-1.53607739
-15.29325498
-4.30162266
4.24658938
6.70672453
1.39342637
1.73639338
0.77179940
-4.95973702
-4.31971317
-0.52182938
0.10531378
0.26250368
-2.85592009
1.85590073
-1.81823076
-0.87121760
-7.76356688
-6.93036442
-8.59266386
0.51383862
-3.01408815
0.59070267
5.54844383
5.07024683
6.13255502
1.24839043
0.00777652
4.11050863
4.29224360
31.15005130
11.33088269
1.85089112
-1.26651796
-7.62342825
17.87572675
9.97465132
-15.08386786
0.39818764
-0.09294076
1.08480930
1.57271493
2.03889666
0.14981517
2.11687674
-7.08851751
1.23486134
-8.58607085
0.77366985
3.52824503
2.19828881
-5.51288819
12.43413046
-5.56878175
0.24060701
-10.74078239
0.83391292
-8.02055835
12.83894868
-7.68564855
0.55658374
-4.16589065
9.02315491
14.87145655
-2.50111862
17.76007293
-1.30261765
1.13089369
0.08388156
-2.14456929
4.46342111
18.15720925
-1.41320181
2.76553071
0.88531127
-0.90382397
1.50830130
2.46907291
-3.89495434
-0.06344115
3.25001763
-10.32555218
1.78003740
-1.11727676
0.29650836
1.61162405
3.38598636
1.57041638
-3.67262385
-2.28845394
-8.73856074
-2.57035104
1.34230733
0.74879225
-20.14067033
5.55531402
-0.26616531
-0.18244096
19.13979338
6.69738246
12.42462015
-3.86636120
-5.57934678
-3.56175769
6.55179992
-6.22230909
2.67084098
2.53219721
-7.82689979
-10.59716138
3.37334227
-13.09986230
-2.64502250
12.47305454
-5.61958696
0.26058192
7.99552985
-0.74278782
-0.42590082
0.35732263
2.72635288
-7.75090161
6.96071327
-0.21335130
-2.37121542
-9.35677616
1.85081574
-1.08655793
-0.35472554
-3.25457938
-2.59550136
11.76888849
-4.49190426
3.17775984
2.41619254
-0.02193040
-14.59165824
14.12874567
-0.01434825
-1.34210063
3.44583635
-0.07485945
3.05727374
-3.37176602
0.89579905
-3.17998025
-4.86072094
0.05022790
0.60317690
-6.94735634
-4.71967843
-1.26162039
1.87716853
-0.92473475
2.95775962
-0.00199920
0.86490613
-1.66255433
7.44631253
6.69846047
-0.58836587
6.66946161
2.49449402
-2.88488416
-2.11159174
-1.49021347
1.75590282
-4.94838880
13.30213746
3.60581970
0.65983069
5.29629361
-0.73025434
-0.00245134
-6.40260222
3.31029191
-1.29505998
8.91237443
-0.00329508
3.12075559
3.18060204
-3.03306664
0.73139170
10.72114888
-0.36298115
1.50830528
-4.52550288
-1.82499350
2.54169591
-0.54638846
-11.46411568
5.21902631
9.76829324
-2.85057697
-4.46897255
-3.15557208
2.79852702
-14.88301841
-3.27201798
-5.59477867
6.42268968
-2.28002574
-2.06959721
-2.21629638
5.72551113
1.30425043
-6.21899281
6.11994292
4.24231582
-10.03420150
1.48972293
0.97579166
0.60033663
-11.65425340
-3.98782063
-1.10185346
0.00689076
4.93356303
4.28067492
-0.32379827
3.42478872
3.38313239
5.28513559
-5.32342158
4.56548463
7.60192513
0.74441320
-9.09864519
-12.56408720
-0.35171357
0.67726462
2.49060679
-0.44554035
-0.78239360
-6.08564964
12.47056159
9.21193423
-9.43557388
-1.41689713
-0.54804058
-0.73672239
-0.68998828
0.37680877
1.26096661
0.26616418
3.54283065
-0.01600515
0.22933441
-1.87698205
-6.90512990
0.51302629
-5.56042034
-12.35231777
3.56714842
-0.63357365
0.68525937
7.56620044
6.72443724
0.97582352
-0.11262524
-0.51985594
2.08058107
0.94585098
-1.12906874
-3.04424550
-2.53430438
-0.23708792
-4.44218110
7.29135171
-7.18622667
0.27730379
20.33007080
0.00757741
-0.04841850
-5.00272621
2.00412200
-4.19453821
0.66020613
-25.10570233
-22.58445281
-29.98541456
-7.72278771
