10.94183600
-4.02614965
-4.66127169
0.29275967
-0.17930542
-1.39533471
2.84599411
-1.73480452
4.32493351
-14.43213399
-10.84283925
0.52995414
-1.99746672
17.29956888
2.06448287
-5.29985302
1.39973814
4.67649050
-4.19020507
-7.15545531
-14.34299326
-7.64610335
-6.85312184
8.16682515
9.59367259
-2.64720318
-12.92084009
0.35900778
-7.21384468
8.20417815
-1.51697586
-0.59404182
8.81410149
0.89106121
0.19151838
6.52922325
5.44244306
0.96946737
-0.05132373
3.34542348
5.24324557
4.34576134
-1.93666225
-14.66645339
-6.91593668
-7.94698315
-4.74210335
6.53026698
1.74692411
-3.90498523
-3.43823524
-4.35975704
-16.50846178
1.70553145
-10.90846991
-0.79537316
-0.26837738
0.29452547
4.48536050
0.27094507
8.46413782
-6.85779104
1.30394702
-7.45561025
1.54773106
5.66479236
9.48757013
-0.78130839
4.43051367
1.85750309
-7.67370866
-0.26747716
0.09983569
-5.41078800
-0.34831795
2.65900210
-4.56390914
-7.31654463
-2.97782732
0.54772607
-17.31802939
8.18296663
5.69153212
0.28657453
-12.40043642
6.20694441
2.22777283
3.29970593
-3.13533524
-7.63675923
19.58803130
-2.41360943
1.08338049
0.78350490
-0.64298538
0.76664519
0.58773874
0.82513299
1.24073446
-0.80387053
0.00016527
-3.86876217
-6.52041331
-3.12972565
-4.91792864
4.17943714
21.91126381
1.45134637
12.93751382
15.95608577
3.60863922
11.72628200
1.11890039
13.18403204
2.01458599
-0.00871399
-2.61437509
6.56921963
-3.18463535
-1.68835831
-0.32061391
-2.19237253
-1.17134805
-0.47383667
-2.45496906
-0.41300147
5.20985556
3.21875494
-0.53500478
-1.66183865
0.79755286
-3.59516703
-15.19436424
-2.66388940
-0.70738456
-5.74949283
2.27878989
6.24844195
7.16139090
-0.03003785
6.00463246
1.08381009
5.99590524
2.86971788
-15.25445330
1.23529900
-2.18816701
-2.18143346
2.43875743
-2.05854229
13.05797258
3.78574298
-7.06279663
-5.71797632
-9.89314692
-0.06708765
-3.59153613
-1.22545510
-3.23899759
-1.06616689
14.29129175
-7.33861010
21.42167494
3.22116095
-1.90509448
-2.23733352
-6.12590254
4.90465397
-0.02880524
8.45818900
-0.52446385
1.88193686
-10.07437953
-3.06198047
-8.54151388
0.00124775
-1.33682901
9.71436489
-0.00898775
1.62946068
7.15524783
-1.50295930
1.94384017
1.41689135
-3.25113069
0.35676510
2.78335993
18.02328388
-5.22438100
-9.86404627
-0.26038444
-1.41894049
-4.93407595
2.35506003
-0.29271959
-0.13363576
2.46449852
6.93667778
10.44052260
1.63136009
4.83013082
-3.29774959
-4.82796168
2.24130986
-7.70533791
6.84028698
-0.54987852
1.57090362
-0.87866169
-5.80610076
0.61866206
6.04896392
3.06417521
5.07150025
1.47914184
4.76097534
-0.50282065
-9.83961663
-2.44446286
-10.37789933
0.45077102
-2.53936535
-3.68630115
8.82099819
4.09762710
1.19039189
14.72047855
0.73786721
-0.53254858
-0.72752273
2.89202778
-3.14445407
0.37818738
-1.78086397
1.95881404
1.92329505
-6.09359914
-11.40082216
0.50493153
-1.37911869
-2.86561572
-5.61161944
-0.66215625
2.29284251
-0.01805812
-0.92378493
1.20802532
2.30683317
-0.22770353
-0.51311701
4.05671489
6.17444447
10.53859548
-2.25133656
-4.20367339
-6.23722640
-1.62496070
0.06046368
7.90932009
-6.24566354
-0.01055167
0.18840856
1.04255757
-4.13645133
13.37696434
-8.50305844
0.01154777
7.08524451
5.24879773
4.55519216
-5.59027125
-3.58670819
-0.23059853
0.18925374
13.64814597
15.10575005
-7.25852291
-9.09998641
0.00409595
-1.22231894
-19.13073169
0.28404299
-1.32517649
3.12273573
7.68773535
-6.13048830
1.43683295
3.70283383
3.82975600
-2.43888893
3.13248879
-0.82891273
0.69003632
-0.22148607
-2.29720171
0.41901651
-3.22006488
3.02190568
-3.51323822
-10.59214844
0.08265803
8.93030818
0.10632371
2.38739127
0.06340078
3.97051781
0.25789696
-8.11455695
7.05499725
-6.02855068
-0.75748993
1.33237949
-1.60632316
-6.88126949
-1.31467331
0.84263182
16.44864972
3.54328497
18.09569608
-3.15442433
3.88023179
-15.07652100
5.66772581
2.58121740
-20.78000326
-2.40677894
-15.16050089
-9.39347592
-3.68625193
9.46697678
-0.92579264
-12.68584323
0.82586302
1.96879404
5.74883107
-11.59351341
2.40563656
0.00183651
-0.15160303
-2.00989414
-1.31383990
3.38449541
-0.68266781
1.03505374
-10.27935886
-21.10093433
0.03688953
2.54320169
7.85186611
8.66443971
-2.25677119
1.04705378
8.94133793
-1.44905177
-13.99148487
10.97706024
1.07860976
1.12248337
6.88968238
3.90696863
-15.03180426
21.39690487
-0.79501430
4.27600578
-2.76450910
2.37365951
-6.96342154
5.27213846
0.33327476
-0.11579856
0.59204871
0.42481731
9.60143854
-1.05167303
-1.49742034
-2.80375485
7.56569616
4.75670508
-5.99491497
-3.30869835
-1.01031299
1.32399533
-2.90744848
-2.34844089
-11.99074649
3.22222820
-3.65774433
1.63809709
0.09807512
0.44385051
-2.52870086
-0.54712016
-4.58483988
3.79832544
8.78937917
-11.84861595
7.56359037
-0.14762694
-8.00136208
1.74566263
-0.23178505
0.35247987
0.69534625
-0.04032868
1.35488336
3.59827633
-1.47869892
-0.18811334
9.74082466
2.50442104
17.50247440
-6.23087922
3.05552897
1.92144926
-5.16396115
3.80500169
0.19657466
7.31483421
-11.19294017
9.62559852
-0.71873726
2.06040879
2.15913830
-7.59825051
-18.90064020
5.29165531
-4.19225186
-22.94944150
-0.76398246
-1.47515561
-2.75812240
-10.30873571
-2.43575574
1.98475349
-1.79058358
-1.42797813
-5.92267361
1.69503992
-0.42664674
2.60821091
7.26868161
-6.69289008
0.17836933
0.68101852
0.81636527
-5.85372050
-0.06423247
5.06354622
-2.86823207
0.10552692
0.14270106
-0.88708228
-7.14973646
8.63881852
-5.40318952
-10.11919075
-2.51719801
-3.85116162
-0.55861103
0.54368721
1.20406240
0.49652485
-1.21883235
4.21436277
0.10515633
1.88525442
-1.48894604
-5.03024490
0.61484537
0.39536282
-13.35815132
-5.91034335
5.73952058
-3.28534729
4.01362612
6.79494320
4.83006035
-1.11293344
-6.81456345
2.20572536
-5.19534847
5.93095873
4.19377032
2.86638408
-0.01596641
-1.33449564
3.49802880
-0.51665130
0.79794370
0.03434599
0.61676964
0.60206848
-0.06565532
0.67049311
-1.42993362
0.41253942
9.66713254
0.30330321
0.60190938
-10.80705664
-3.73753835
-0.70028685
-5.19772960
-6.52029469
8.25130716
17.17495223
12.18784514
14.49780985
-13.28327669
0.01963776
-9.89926611
-7.68525730
-1.05952495
0.00445727
-1.02524343
-2.79836821
5.13461461
6.60047855
-7.88900296
4.57272625
-1.34995758
1.79997848
-1.53046176
0.63531989
0.71794364
-5.96858215
2.73975593
-3.18538247
2.80833381
0.99833621
2.39869632
-0.58817502
-0.34497999
0.59822240
0.29652844
2.98123006
1.95046505
4.17362904
0.98344488
4.40897483
8.52334090
-0.66123167
1.12651838
10.79534666
-0.97276392
4.42157711
0.39686722
0.00429615
-22.31865343
-7.78912132
16.87453444
1.53032650
-12.58367035
-12.94293831
7.34574470
2.83245332
2.70852422
0.03421168
0.43115677
5.82017491
5.12560544
-17.67486942
11.29300677
2.02864094
-4.35460350
1.83197161
0.23262254
-1.41540499
-0.83496542
-3.80711754
2.86161516
5.22563482
0.92907816
0.38425945
-2.78845549
-0.66153208
1.27245885
21.39754687
-0.92007340
-3.58288203
3.34234722
-0.00332316
-6.03426315
0.81836585
-0.09774793
-1.47226799
-0.57126861
0.20436727
8.16682515
-2.18143346
-2.29720171
0.41901651
