17.93169768
-2.23337840
1.08221810
0.03367058
0.12648679
-1.17632125
-4.79477117
-2.23548154
2.96990103
-24.43404277
-9.35555196
-0.01012855
5.67037227
2.44190346
0.99419133
-4.70407433
-1.38652490
5.83605578
-4.05843553
-8.13710547
2.79092183
-4.49538857
-8.76822449
4.31708697
-7.82451731
2.99713321
13.00214536
-1.97954257
8.82086858
4.82156391
-1.05646567
-1.58868445
9.22966216
0.04900597
0.65493076
6.19061165
2.69121235
1.27884730
1.07611646
-5.51972352
12.94414801
-1.56341696
-0.59876218
6.32277875
2.64373422
-8.86705370
2.74261516
4.02582522
0.79810248
-13.39970974
-3.17205276
-0.01134427
9.89666418
3.90196463
7.96799086
-1.77394917
-0.28734329
0.20176689
5.90186415
-0.00567424
7.24358964
-11.29449217
2.27300141
-3.03533780
0.37193577
2.81190308
-5.12149240
-1.05389177
-8.19202975
-0.90015267
-4.28240490
0.23108640
0.24365635
7.06925523
-5.79595666
2.46461898
4.33417362
5.97483483
1.26364929
0.03915864
11.60685353
10.78936410
-7.44794800
0.26093117
-3.50281036
-0.28235907
-7.86578644
-1.01587148
22.59602782
-1.04124367
-0.12929993
0.05445523
0.98566072
5.56793751
1.85142664
1.71026452
1.06973293
6.82165958
-1.49275142
6.61481931
-2.96927040
1.92464708
6.52959324
2.27575268
1.79304461
-4.21817627
2.97964286
-1.23256337
8.64072067
10.41402929
0.38931872
14.20716141
1.11973343
1.87356342
0.59576636
-0.00852543
2.32158480
6.49943780
-2.87195324
-0.74102079
3.80244635
2.31702026
-0.11856981
0.68402998
2.01637474
-1.39940876
-13.53725640
-9.03542916
-1.57655901
0.91735475
0.53198177
-2.19257762
-14.10676557
1.90019672
8.40346350
2.14320753
0.03758976
-8.70955174
2.07185066
-0.59843454
21.30560836
0.33515984
0.03485431
-2.55529959
-0.04264422
0.12297058
1.29836262
-4.50434176
-2.80563687
-0.80722894
-6.81693037
-0.81010119
-10.40120111
-4.90880770
8.60681415
-0.89300937
-2.89668695
-0.74483052
0.15810765
9.62391194
13.22608715
-9.06564167
14.56623752
-13.36815972
-2.10454188
4.69056724
-1.00779593
9.92712662
0.00081192
-5.03374665
3.66040948
-11.04389068
-4.41104175
4.01378061
-8.11186384
3.13246249
0.92195621
-11.58996817
-0.60267056
1.81071527
14.36075551
1.22382133
1.02402915
-1.50611497
-0.70620619
0.24487336
-8.18072104
12.89056791
-12.33693067
-4.19645368
-1.73894076
0.01395907
11.71909236
-5.66411954
0.82149944
0.00953322
-0.32728007
-7.22777662
-1.63991421
2.23631467
-5.86087400
1.51147643
2.32582857
-1.16380646
-8.60967006
-6.23747979
2.66831932
4.20175280
-0.00506973
-0.42218236
4.08701137
-7.21407684
1.16402776
0.64689469
0.20002271
3.75579460
-0.93607230
-1.95192215
0.19696656
0.00819015
-0.36061927
-0.67098710
5.54495793
5.69168531
1.01039094
1.00530026
-5.42316683
12.70469153
-0.65294271
-0.88414903
2.28801047
-0.52226780
1.69694219
2.89207948
0.67917461
-0.59846397
-5.06685794
-8.84956425
-0.14258575
-1.35151957
-0.08491887
2.40829313
6.22700189
4.43856347
-0.25281302
-2.93310665
0.47772445
-2.49818173
0.08332621
-1.86576413
2.04298129
3.81789395
-11.13708019
6.17594006
1.39761861
5.98588278
1.25150267
-0.03440575
7.73515405
6.77049070
0.31494502
0.00167274
-0.27580034
-2.58624119
-9.76908340
4.38164199
-0.38065016
2.12843596
4.08073537
9.94111511
0.12670800
0.79376718
-2.08301710
-0.66892444
3.59465738
-11.72180191
13.22935027
6.58467754
0.58829192
-0.20054822
10.06221418
4.82648800
1.52823730
-0.34904240
-9.70158955
2.99365672
-1.43865880
-4.20733682
8.36476564
5.43113877
-1.99010092
-1.48002742
0.14273439
0.99634835
-0.06845293
5.56785377
5.05780017
1.29294115
0.04807178
-13.62004635
1.82328680
-4.25824162
0.15027778
2.62300218
1.15916460
3.56663960
-2.72719441
6.58881968
-1.83687398
0.38995500
-4.62432648
2.89380978
-16.23908665
-13.92791973
-0.81215043
0.21700234
16.48736089
6.03198613
-19.74187947
2.33790466
-4.94591012
-13.68731227
8.64853476
0.27053716
-7.54152111
2.30702268
-5.93194975
-15.38282189
2.68545875
10.19748189
-1.99614465
-5.92974733
0.38552473
0.01325710
5.68717607
-8.46566429
0.50208375
-0.03543144
-1.62846024
2.53627447
2.46904712
-3.94332462
6.14305879
9.16521185
3.20750140
6.44043203
-0.00101737
-2.16771115
5.34357784
10.96713244
2.31289776
-1.58361560
8.11549928
-1.79805021
-9.88374110
17.51648182
-0.17289111
1.18153646
4.17729607
2.16023731
0.14509555
-11.45499999
-2.44971178
6.11860165
-2.73970723
-1.64006726
-5.38793819
0.24117383
-1.97633708
-1.01792754
1.31803006
-0.01603307
1.19186548
-4.76399329
0.84364929
-0.46604191
7.88982654
14.69692367
-1.35423906
-1.70967286
3.30429012
2.16436079
-1.27825470
0.58006955
10.25470349
-0.22117081
-10.90279593
-3.65357425
0.04579354
-0.81558313
-2.65619233
-0.81620631
-5.99017671
3.39237178
-0.15036512
7.72254366
10.76542962
-4.46156089
-2.48143915
-0.50535674
-0.00027135
-0.30006349
-0.55295608
1.34293815
-0.53162040
-1.19785552
3.96290693
0.11801085
-3.73901794
1.36672459
15.61496874
-0.86605133
-2.37602806
-2.69772727
1.36393973
-15.99718384
-1.54525343
-8.84564512
-4.02325945
4.06445547
0.92302958
-6.41883440
-4.96768403
5.92818236
7.22313188
9.35367782
-18.53948090
-4.54779167
0.67626343
-3.73978867
-1.23817751
-6.15687841
-3.23734791
2.73004931
-0.00000102
-0.49744813
-8.85438456
-1.31477414
3.34854500
8.57344836
2.38179511
-9.19558963
0.05585955
1.90915263
-2.83408324
-8.56175280
-9.18469879
-0.91747480
2.96356735
0.80325268
-0.01674454
-0.86497236
-12.39577673
6.21646052
-4.56985892
-15.06325262
-1.74659035
-1.48344916
-1.20519966
0.18938626
0.79567257
0.70606009
-0.80705421
-1.09829565
1.54537322
-2.00523983
-0.77366574
-6.35951251
2.00794338
-1.89168289
-16.07250917
-1.89433967
2.37028190
-3.28121162
4.91144585
5.53281398
3.03706026
-1.29299155
-3.97554063
2.67095843
-3.32863686
-4.07166295
3.28083593
-1.85050055
-0.24506911
-0.35609189
6.18070216
-2.22973789
0.05111619
1.86265429
-0.06309578
0.00548916
-0.27959007
0.09057302
0.21558615
2.24181931
-1.13072562
-0.52537244
2.05607007
-4.09448675
1.13843680
-1.76435811
-2.62113195
-5.81971099
1.58233489
-11.81841302
1.04095575
-6.86840686
13.23749477
-5.99159382
-2.13747483
-6.10801688
0.37293975
0.18646267
-0.00478571
0.52399913
-1.05261750
-7.27001647
-7.97233529
-2.48074319
-0.53406135
-0.55369440
1.33566726
0.97052896
-2.96378788
-3.69153812
-1.06427094
2.83402566
-5.40344767
5.33639223
1.30740522
0.04453373
-1.21081873
1.24696518
0.69616124
-0.82954731
1.68294613
-5.72110336
-6.46901145
0.59677878
-5.08470737
3.68334282
4.32987647
-2.80178557
-0.00081966
7.56406645
0.07968656
-0.19205955
