5.82347957
-4.65786830
0.70824938
3.45540590
-0.05876397
0.12102309
-6.58801849
4.77928017
3.86010743
-9.06392316
-9.63220494
0.31239542
-3.12647167
7.04505406
-0.70360039
-2.69415483
1.52780277
14.03252893
-4.33562330
-14.70339763
12.14909356
-6.83513865
-10.69946978
10.91131406
-12.13541754
1.73680632
-8.24476466
-5.57133018
-16.24609680
8.43061100
-2.25852790
-2.20017954
9.16310581
0.84045808
-0.13546894
-7.69831786
2.81342302
1.71536606
-0.99914935
1.66485094
-2.75205264
-2.23937661
-3.39817448
-3.69690813
4.38236284
5.31210571
-2.34349402
-11.56527752
-7.63246072
-5.77776233
1.69872677
-6.41290781
-20.25424022
10.37945870
-11.90315774
-3.61245619
0.34960095
1.17980945
3.35459131
0.22296423
5.15140993
10.32616596
1.13992405
-12.44520968
3.32250208
7.68660257
6.94368428
0.55604931
0.54381568
-0.03613241
-2.13384438
3.97190425
1.91298483
-6.94150825
6.12656274
-2.88495488
-8.52627225
-8.65990441
-1.17810534
1.48495970
-15.61872897
4.64089159
0.49282841
0.00455995
-8.14830954
9.15774134
10.09281877
4.98686327
-12.48351491
-4.89422444
16.83345317
-6.17021237
1.03246219
3.71425854
3.42070871
1.64085252
1.19525435
5.29469226
1.43133163
-0.15493147
-1.48472582
-0.79640612
-4.11792871
-3.45487841
1.36812752
2.59608688
8.69980333
-4.84856017
15.80483970
11.00301088
1.04297074
-13.05826375
3.75332176
8.50589644
-0.91281947
-0.00733998
-0.14399928
-1.86079365
-1.03149023
-1.30639974
-0.09493413
-4.49078714
0.81256157
-0.02089489
6.49782087
2.44781134
1.12250913
-0.24676391
-1.03103659
-3.29811129
0.47885091
-4.92882069
-12.32518183
-6.90917462
1.06484175
-3.77674897
-7.13145283
6.39982239
-1.03784608
0.21228165
4.72558739
3.11268548
4.41720194
2.17348231
1.15133404
3.25694867
3.39426993
-16.81899885
1.55749053
0.98288032
-15.22128568
-3.86810778
2.93390742
3.27240396
-16.73922173
-2.73350149
-8.28066085
-1.03769337
5.87548616
-4.55779173
14.05758325
-8.61339596
17.61874201
-11.37327066
-1.48867920
0.37456637
-9.77904458
4.34959492
-0.03547331
13.04494669
-2.38087435
-13.68953017
-13.11572575
-3.55099205
2.12184949
-1.02291856
6.62616267
11.16367174
-0.58385485
2.06136103
7.52815948
1.42814890
4.79347436
-19.49534659
3.61470985
1.73966607
6.16831288
16.84689591
6.05434645
-15.66664854
0.37460127
0.02378927
-1.35852810
-3.89386427
0.37444311
1.19857706
3.43762691
14.11099433
-3.84211380
-0.32636597
2.51495876
-4.79598941
-8.36695732
0.84367896
-6.48490919
2.19339127
-5.02031901
3.68819570
-0.67598483
-12.63269997
-0.90147946
4.69610792
16.70260415
7.97165806
-4.12748648
-2.88247260
-0.54301417
-8.42630178
-5.35881760
-10.69829783
1.42538699
7.93694203
5.28012671
9.79178452
3.02367121
2.86424191
22.43446924
14.99293807
-0.08358094
-0.98193723
2.61339019
3.62727571
1.68846915
0.71717220
-4.72644469
4.74926747
-5.54245032
1.56896775
-1.23179815
-4.31295845
0.10689468
-0.64889970
-10.25960678
0.30202031
0.05975274
0.54930151
0.95236305
-1.49437813
-5.10209779
3.88461927
-5.08689055
0.59233293
-0.31346229
2.87717476
-19.08545624
-11.30138582
-1.48950362
0.08399065
4.99190988
-1.83514692
-0.56309068
0.24362556
3.17655881
12.08626498
14.59541213
-4.30178674
1.58836309
4.77944373
3.39397436
6.16112184
-9.17730138
-3.77069842
0.08412687
-4.01834920
13.30105207
16.34080063
5.77394779
5.69423738
0.23780374
-1.26295233
-0.25405371
-6.12855832
-0.63018943
2.96173799
4.94753293
-1.66217728
2.01392950
2.00251794
6.82565712
-3.23017367
0.68878123
-2.31679981
1.02763013
-0.00811998
-8.59105355
0.88685500
-5.30667940
-1.53950740
-0.40640995
3.40033436
-2.84444388
4.36998970
-0.00657769
-4.20118377
9.51096260
-2.79735966
-3.98205025
6.70008064
17.77856490
-0.08298605
-0.84297412
0.02810294
1.41668323
-5.47502884
-1.17263714
0.02597029
7.36958080
-1.30242380
13.26890323
-5.71499815
7.17569839
-15.62883548
6.06729264
10.93271255
-19.69742040
2.86833614
-10.08017121
-6.41449071
6.32046787
13.22293997
-0.76283668
-16.85885131
-1.32161254
2.76195386
5.97476478
-11.28526705
-1.89426451
-1.05907209
-1.32386064
-7.64182154
-4.35543702
5.90396998
11.70311794
12.47990298
-7.06375952
-3.94351377
-0.16737715
-5.97382711
-9.16891346
5.99410166
-3.09217386
1.52698746
8.46299478
-7.50582572
6.28129720
3.80918131
-1.64627899
0.32161567
-14.61380159
-9.26442916
-9.16232834
0.20651474
-2.53584995
2.82973094
-9.46016231
-7.33310444
-13.24223300
5.85452640
2.63740624
-0.14154390
-1.04260621
1.44614922
8.92014117
5.67780374
0.50256876
-3.63460219
5.84171433
-6.81931929
-5.91359471
0.40704027
1.33718501
4.10800756
2.39726650
0.30774350
0.92681645
-1.16840829
-8.13356567
6.23176416
0.17007804
-0.20513701
-9.02083757
-2.42524353
2.58883971
0.42696070
10.23866140
-15.40647685
11.27472105
-0.95446515
-4.14884121
0.87425027
-0.12770138
-1.36993917
-0.65144025
-0.04806270
5.91439741
2.28133803
0.72655860
-0.56825269
9.80174072
3.34416325
17.21747041
-6.10222754
1.84123226
2.41123462
-6.03906997
2.77449472
0.62142577
8.51444731
-14.81380780
11.06747762
1.33850578
10.39152363
-1.52842640
-9.68566093
-13.61452496
1.60758640
-13.78262312
-18.62337691
1.89684928
-3.33223206
-0.60239141
-12.18276237
-2.98786557
0.20093960
0.01222863
-1.24776917
-4.61002427
3.56887910
-3.41953978
0.73641292
5.01391885
-10.17149086
0.15004093
-4.76114572
10.79210620
4.92761008
3.12330213
1.88177856
-1.30899451
-0.25766211
2.37182786
-2.61037358
-1.24037728
10.34577388
-18.07329021
-6.90434607
-1.34494899
1.25288720
0.00811980
-0.10079445
1.09091517
0.27533480
-1.18153067
-5.80426593
1.33714950
1.13685500
-2.24954592
-8.85615310
2.87454587
-1.01578281
-8.32668460
-3.00888489
-1.33099120
9.72777251
5.83279297
-1.43948314
5.93350580
-0.99661168
-5.56112839
6.88329278
-0.30442015
-1.33011332
-1.03988704
-1.95281635
-3.21474076
4.49298461
-4.25059450
-0.45678596
0.47569796
-1.15856072
1.42332921
-1.56017169
-0.00808496
-0.01227207
-0.96917409
4.05484052
3.69298315
0.05085715
4.72143811
-7.85683776
-3.87682641
-2.69159357
-2.38437494
5.78412815
10.54096755
6.97087318
18.99676233
13.94834911
-2.38887117
2.84905477
9.48324398
-6.32704710
-1.78293732
0.01302463
-0.83980259
2.58331807
3.96416168
-6.42268281
-5.95964510
14.41533502
0.12639960
2.26567482
-0.47695262
0.91580988
-0.55385266
11.69998659
3.70808931
-7.11171728
-0.61840820
0.01795025
4.17742264
-0.94814861
-3.22449608
0.29974942
-2.09114357
4.06852091
6.86336592
3.53530752
1.64247870
6.89690911
2.96143811
0.33741946
3.72628087
13.52553041
-1.16999616
5.98724852
1.15374940
0.47101001
-8.88426447
-8.55991733
0.53578687
-0.32063969
-15.36960181
-6.39084647
-2.09801328
0.47157080
2.28630426
2.47480502
-0.02842552
4.15100718
4.41694246
-4.00909540
2.99707620
9.46355526
-4.56579236
4.25481893
0.15387369
-3.81168702
6.24086073
-1.51645557
4.08954099
-3.82038046
-0.29038193
2.57008340
-3.22768009
-1.24873901
5.11787927
14.00152944
-4.87889559
3.90048309
5.36942786
-2.61744405
-5.59536624
1.59938303
0.50853489
3.32326348
-0.89838883
1.21409201
-14.15002013
10.13243419
1.64908932
-7.34909751
-5.53294079
-4.83325835
7.42581321
3.36492426
1.06714907
0.24348264
-0.31466618
11.21248090
-0.03049782
-11.62738666
2.83214668
-4.28135647
-0.00835980
7.41640907
2.64530080
2.14718088
5.38356129
-15.95257336
-7.33838049
17.16893688
