5.73238947
-3.56285027
-0.55309741
2.68565165
-0.18633882
0.26142080
0.09450323
3.35372594
3.26966482
-7.36417966
-11.61436478
-3.45695953
-3.75444585
-9.33614534
2.35996883
-3.86002526
-0.22544504
-3.14651166
0.39138183
-12.86191360
0.73900551
-7.14692650
-10.91962462
7.64567166
-2.46586629
8.96290284
-4.49102037
-3.25768975
-14.29874209
13.35887511
0.01732721
-0.51450989
14.00304450
-1.26699236
0.01737439
-10.87049610
2.81987092
3.60401654
-0.39620848
-5.05515332
-1.66393405
0.23406235
-0.27722393
-3.85479243
4.32266976
5.12664068
-1.16420060
-12.38456184
-5.69886574
-7.11149518
3.14586163
-6.05216145
-21.12584747
11.44607527
-12.75355758
-2.86751316
1.00096368
1.42283104
4.03644664
0.18869230
0.18930603
9.82113428
1.25695605
-11.90622294
3.27700661
10.48877563
4.71816554
-0.22925654
-0.01604285
-0.05612817
6.27718163
4.80127989
2.59956417
-5.69593279
6.43276638
0.16560982
-9.08881626
-7.31440063
1.21366680
1.42386318
-18.23307067
4.52618761
0.44678913
0.46947239
-7.82726502
9.58383391
10.42751042
4.98410365
-11.12895887
-5.97737156
16.22584169
-6.23903463
0.93828909
3.76880027
2.59995907
1.72996398
0.82032852
5.42419566
1.36604536
0.26220178
-1.75861688
0.14361409
-3.36938817
-3.39661209
-0.27551452
3.30804873
10.73122788
-3.53811138
13.83734252
0.60101724
1.05646359
-11.69758629
2.83718278
-2.84613797
-2.00955080
-0.00746396
0.03294527
9.46837824
-0.66018826
-0.79934612
-1.02431612
-5.90507907
1.12879820
-0.02841319
8.17864620
2.07329826
1.98615628
2.90855896
-0.93989887
-2.72939839
0.46864295
-5.85930619
-13.42741126
-3.31929053
1.72694652
-4.42654955
-9.31252550
2.54736222
-0.95878085
-0.04370868
5.27308143
1.97322922
4.36066523
3.44428558
-0.92415813
3.65460506
0.29117800
-12.45898558
1.50785734
0.74412279
-14.11978149
-2.78331362
-4.84967268
8.74811882
-15.68774346
-1.40855968
-10.88216404
-1.39322975
5.23439001
-4.98291718
13.92445558
-8.75480124
22.02041547
-14.69858685
-0.23010723
-1.64568684
-10.18741631
4.82825156
-0.07482168
10.43862816
-2.03511750
-16.17081494
-14.36365650
1.12991006
2.64349884
-0.45827489
-1.41303917
10.82594370
-0.53090604
0.73142891
6.54206591
3.56320852
-0.86406781
-17.37637257
4.59069158
1.50762309
5.89148188
17.12623924
8.62321594
-8.77449569
0.71680829
-0.91009446
-3.10690969
4.07464704
0.63300508
-1.94523191
12.77828346
14.61153123
-3.27296919
-0.94434088
0.26986101
-3.67554599
-7.19299337
0.73121298
-7.70881316
0.23171255
-5.14196222
3.87811501
-0.03568949
-9.10282762
-0.28984088
13.84607787
13.86123563
8.35053480
-7.27173312
-4.58564108
-1.43689763
-7.12573536
-5.46054028
-8.96542415
1.38734708
8.29315953
5.14084805
9.55603404
0.41168145
1.11082226
24.48909354
17.27144344
-0.62270165
-1.21197696
2.70192356
1.38393865
2.05272466
0.69256838
-6.92988351
1.32106764
-7.48861585
1.85099855
-2.65803651
-4.32885123
0.29452311
-0.26684459
-11.25026953
5.99750590
0.13817239
0.86393564
2.10776841
-1.71304437
-6.80191396
3.72721498
-6.09938355
-4.98280244
0.08827988
3.35902149
-17.65331847
-12.21692374
1.13750223
0.06005640
5.61881124
0.62831994
-0.52672774
0.14160481
4.06381597
3.96944286
15.03995871
6.86265981
2.65522510
5.30716510
3.20417649
6.34545057
-9.33168036
-4.15668738
0.34835489
-4.40598351
14.55572512
15.51373770
0.22073520
6.41425734
-0.00505199
-2.01620873
7.30314653
-6.77556932
-0.82999646
2.62833221
4.74157421
0.21220900
2.14436510
3.01640792
8.30223778
-4.91090574
1.31584135
-2.46781430
1.09864910
-0.01143870
-12.85164909
-3.29746218
-8.20844044
-1.49027751
-2.28551049
1.96805541
-2.45103729
7.05521180
-0.00208054
-4.44411068
0.67118282
-3.50381864
-4.66937497
0.37390694
17.99202507
0.44658188
-0.93658354
-0.25255635
0.71589970
-5.01859326
-0.51100434
-0.03794600
7.24261117
-1.11787862
12.12253382
-5.54949068
7.45923559
-15.34496049
6.32212340
11.58576426
-24.66860960
3.35618553
-1.95014730
-6.16882762
-3.44143864
6.80757599
2.74077283
-7.00244206
0.36506901
3.11288788
6.39294273
-11.11595606
-2.89514937
-0.65884563
-1.20864691
-6.97546050
-4.93256182
5.12736446
10.79734118
16.25722551
-5.05860205
2.42515696
-0.24462292
-6.81993297
-6.43268871
7.46946930
-3.03630946
1.38426318
12.30886046
-3.42956558
7.77696981
3.60496276
-1.25681236
0.76182192
-8.92193057
-7.81163942
-7.23675032
-0.31456603
-2.36958718
3.87566188
2.87626387
-4.22933443
-13.27995944
8.04621642
-0.34269249
-0.38018054
-2.82314674
1.33992990
9.02887477
5.40539154
-0.14761028
-3.99603850
5.88981166
-6.55268645
-5.73650372
-0.15899114
1.79223576
3.81982011
0.30451807
-2.47689495
-0.19241693
-4.21493870
-10.01995336
1.32719790
0.45610969
0.31237417
2.77707256
-0.19635031
-1.44906405
-7.45455152
11.55058849
-16.41218512
11.39141334
-0.88438546
-4.92414344
1.26783587
0.33946884
-2.48580037
-2.12825058
-0.04201605
4.86270554
-3.57892847
0.98322346
-0.94781386
10.84683654
2.87437484
16.88002786
-5.29521677
1.28860806
2.72749352
-5.53653169
1.35199730
0.20841066
3.12827663
-14.10822929
10.17079735
2.68932391
10.84651671
-1.70467350
-13.37786271
-11.49038864
2.22326071
-14.17778690
-18.79599633
-1.36872894
-4.22508144
5.64300477
-11.98455289
-8.11168964
0.35696820
-0.02697752
-2.62943801
-4.49703399
2.99517458
-3.18414318
-5.44014058
6.46736954
-10.14869939
0.19157614
-4.95307477
13.15118601
3.22646529
-1.91013393
1.55357443
4.13012115
0.35197587
1.06616916
-0.67718758
-1.34990942
10.32721930
-19.29829539
-7.85376341
-2.42891640
2.25041988
0.00628645
-0.23949139
1.09792309
0.28891756
-1.20275589
-2.48298519
1.52984108
0.88275434
-2.56632135
-8.44938954
2.76845761
-3.09729100
-9.95064826
-8.04675121
-1.04329872
8.42388856
6.56764206
-0.40703067
4.35591438
-1.17484701
-5.85558404
6.63621248
1.65176850
-0.70504335
-3.16406959
-1.91947030
-3.14287780
5.30834221
-3.50367539
-1.51324340
0.31021994
-0.47971279
0.82233235
-0.55689392
0.01848971
-0.01203928
-2.60260211
4.30623694
4.65130872
1.53034255
5.23895459
-9.58768494
-0.73798314
-1.16463206
-1.03820929
8.22161898
5.43539982
9.85743788
14.20184427
17.47893298
-6.32607625
2.91938147
6.82373735
-6.39101306
-1.33994828
0.01146015
-0.10064219
2.06133030
3.11377353
-7.00503411
-5.99485950
12.85328692
0.03382614
2.23122956
-0.23046230
0.97378852
-1.19109261
7.97266671
7.41182972
-10.93002943
-4.70750603
0.02750784
4.44216016
-2.24320363
-4.69354103
0.21149897
-1.51714592
1.52260204
6.42557266
2.84561489
1.70221391
6.88454652
-1.78514101
0.33929070
4.96107920
13.70203815
-1.47263918
6.43988997
1.49351826
-0.18756865
13.74352692
-8.81410274
-18.02965075
-0.30586969
-13.18049890
-5.22180653
2.88248657
0.13987392
1.88030305
2.01045831
-0.06113713
4.37070360
4.16859930
-5.32279720
-2.10889763
11.09517064
-4.87753406
4.75621050
0.15577877
-3.57535309
6.23447310
-2.09384813
3.09003082
-4.53965899
-0.38717859
-0.98981578
-1.00974858
-0.01788393
3.86099217
9.51864040
-5.36537274
7.64689225
4.77944636
-2.77544506
-6.65228420
0.42156334
0.17005525
3.28492973
-0.99206875
1.31300828
-6.18263379
8.68075256
3.49091065
-1.94359851
-6.40195828
-5.21076196
8.13308072
5.59328075
0.48737066
3.55499460
-0.01639279
15.67150452
1.01366158
-11.50900618
0.24143618
-8.53781941
-0.00241578
4.84889628
3.80817376
0.71138946
10.26195356
2.23070979
-1.50549939
7.48645490
0.18346462
-7.64048951
3.82739461
-0.09227796
