0.00251773
-1.18638218
-0.39611388
-0.52320267
-0.22432307
-0.42337548
-0.66219449
-0.46015617
0.38101670
1.70044045
1.70950483
-0.48731820
-1.70017746
0.05092546
0.02307890
0.13460595
-0.21287718
-0.40093561
-0.03186488
-3.11903378
-0.05914455
-0.06975315
2.31941330
-1.03514643
0.15229677
1.64930072
-1.79594479
0.10272972
0.37910701
1.83213313
-0.06716784
-0.60818770
-2.86111513
0.29447803
-1.03350754
0.00855058
1.12110439
-3.75464946
0.97736436
0.19602071
1.74806414
1.59096401
-0.07441762
-0.04687479
-1.26548992
-0.84223415
-0.35726392
0.17715939
-0.44269414
1.91794668
0.00691961
-1.18055801
3.44303537
5.17657722
0.18432271
3.81634680
-0.03814414
0.54515933
1.89254630
0.77454757
0.31004119
0.65037927
2.12610281
0.47970208
0.83154371
-0.01763529
-3.05639035
-0.01905687
-0.04159826
0.03884143
-3.78900228
0.45362145
-0.23555480
0.88091828
-0.17507422
-1.23170263
-0.01137583
0.00937472
0.16624295
-0.00532788
2.36935089
-5.31356199
-1.17223213
0.30882310
0.55973682
0.06381629
1.95306433
0.11439771
-1.87925397
-1.73780495
2.62917592
2.47690186
0.22484480
-0.37480844
0.03322573
-0.12382114
0.02265476
0.34673851
-0.49355897
-4.07255570
0.76895807
-0.00319596
-0.30535226
0.00329082
-2.15898921
1.47745799
-0.10647292
-0.02353555
-1.89927342
