-9.03818009
-1.23654269
1.18175533
-6.04519529
0.53113838
0.32124031
-2.16595499
-1.01120781
2.92826708
-10.42669987
-5.84299399
-5.25679181
-6.91584384
-7.61078621
3.31984218
-2.27507452
-3.53157118
0.56065882
2.93833564
-10.20924460
-4.40993900
-6.53615309
-10.77047548
-8.17166237
0.21588461
14.45582130
-2.09405056
1.12164779
-13.80022998
10.69849821
1.70325838
-0.35565682
11.08080676
0.88268662
0.00697590
-5.77652791
8.91848225
-5.39140318
0.01126646
-2.97233876
-1.75792266
-3.43261230
-0.95668952
-7.71798262
-8.09198651
-1.72264199
1.54006711
-11.06075472
-3.61010720
5.59346057
5.28707765
-6.21487654
-11.56422970
10.76400698
-13.07017105
-6.55988821
-0.03641399
-0.01343484
-3.11613069
0.23334203
-2.90584691
10.92852031
9.91165768
-11.46159487
4.04682289
21.48573019
2.66618991
0.35730813
-7.40682615
0.67733823
6.02864489
7.00706595
1.26978472
-3.91091376
4.98928110
-4.63719452
-21.85797633
-0.65236333
5.40330041
1.42375893
-21.24090933
3.44698976
0.42512823
0.76404842
-10.12008734
3.32039833
28.76564651
2.31200385
22.70955089
-12.85579271
-16.51881103
1.20307393
1.07499073
-14.11495386
1.43667895
1.07588565
3.53553200
6.89835215
2.95616627
23.96041618
0.71762078
-2.38724312
-2.95440623
11.09114061
-2.99699308
-2.46434546
17.49447542
-2.30325528
17.72494984
-16.46523098
-0.68867369
-13.39402471
5.88011902
1.22871499
-2.37234785
0.90922058
3.34603592
8.93788669
-3.27692754
-2.49193588
8.42516412
-5.01181732
1.26442976
0.06654502
8.73610021
1.39278972
5.93694926
4.57304889
0.61697183
-3.71919084
0.50620326
-7.38142123
-2.86905033
0.92101696
-7.60607398
0.26986799
-10.35522382
-0.31905515
0.39280062
1.13258710
3.14796086
2.16614659
3.63047642
-2.15779779
-9.99583454
2.30540973
4.80706275
4.27245818
1.94267729
-1.80983728
-10.05719675
1.33582145
-1.62557174
9.81487638
2.07370694
-0.78390514
-2.13668735
-1.62018524
-2.32372143
17.02459777
14.47462479
-17.25983196
21.69335525
-8.99195004
5.09734672
-4.94552282
-11.71249210
0.68394351
-0.21161070
11.47191994
-1.75861978
-19.03080212
-13.88952808
6.32016034
-1.28932678
-1.06128358
-0.12870009
7.51921683
-0.21641770
2.21711652
-18.10419742
0.89345039
-0.31968584
-1.83430632
4.89685832
1.42459760
-6.44822268
7.63015466
-7.11366451
11.97319968
6.58297137
-0.35057064
-10.99462340
3.10968593
-1.31913148
-1.13808009
8.88691498
22.44471966
6.28847794
0.89446591
-4.16717666
-6.62517143
5.97630096
0.55910391
0.65632952
9.01102429
-7.08445976
-0.15400373
-1.40364018
-4.82928821
2.45857502
21.21427567
7.81763679
1.42922319
-6.22745327
-7.43726987
-0.82406288
-7.04754657
1.73469752
-4.41915929
0.83887474
8.49441855
10.10111466
14.44913206
-0.53582899
2.40630228
23.68631695
11.17315674
-0.58366537
-0.95847615
-0.42805653
3.03942668
2.10922627
8.94941669
-9.44255573
-1.45357968
-6.04865193
8.49683011
0.04729675
1.14157684
0.75036896
1.91139433
-15.26528739
5.66139377
0.33737250
3.29507852
3.60196583
-3.65826116
-8.09808738
3.46128308
-5.51584289
-7.50427477
1.54100666
-3.59768390
-21.70337469
13.73838406
-2.59519913
-0.53593835
6.38890496
0.21663669
1.47633441
-0.00712952
2.65533752
-6.55904093
2.31946097
-5.65042185
2.40028169
5.32160807
3.82992518
8.09225820
0.77121782
-3.46899908
-0.74048493
-5.51905387
12.62749523
12.62310609
4.11362774
7.22868987
0.76376803
-5.28525928
-10.72876399
6.51155322
-1.70327286
2.02859570
2.54025239
-8.63678085
2.38363483
-6.92032858
0.29724864
-10.47551047
13.14833170
-0.07673274
0.64972642
-0.08350794
-13.07309543
-6.43926904
-9.05586392
-1.64479848
3.47922483
2.27266864
-0.78279025
5.66268024
-0.01595749
-6.13493145
-1.20055503
-0.99539911
-3.73529720
0.98104499
5.63147794
-3.77161460
4.16810260
-0.61509085
-14.60680223
9.18130070
0.24858925
0.19295229
5.52604125
0.02990929
0.43688250
0.26766579
-1.22024649
3.02284841
14.51752105
12.99717730
-26.73803270
7.95521343
-0.96492278
8.88219349
-3.06330970
-30.44643870
-9.21336759
24.07687536
-1.38033786
1.11488301
0.24182883
-13.28303692
-3.22796357
-0.86816728
2.44534346
-5.71783482
-4.71097071
4.49421219
13.68289398
17.86804894
-6.75200016
-0.23793277
-0.44865907
-7.04831052
-3.65682760
11.84114450
-2.41162601
1.62108471
8.13613668
-3.70458441
0.18185687
7.29467016
2.00127167
-0.05632720
8.42842279
4.04990623
-3.10845888
14.92132853
-1.60795080
3.42500737
0.01475603
-4.08383551
-7.13725265
13.56508513
-4.66641964
-1.72846130
-3.14915430
0.47497348
9.28952078
0.06304957
-9.71491496
-6.97341523
-0.12606760
14.26299702
0.55848345
-1.84892828
1.10718235
-4.67054924
2.46739830
-1.78433880
1.68755984
5.71055374
-5.04171012
1.79028743
0.26777255
-1.12820793
-0.37925214
-1.31530900
1.07805302
-2.61837538
15.64211369
-15.40240641
9.73515921
-0.93832143
-7.82423963
-0.59576341
-0.19027879
-2.92995189
-3.35620616
0.00021978
6.35877911
3.99970328
2.12984502
0.25233502
-3.74751425
4.55646203
17.05310528
-11.65536647
0.97837204
18.05740014
-5.51870257
-14.33068591
0.53290627
3.37473323
-9.14860683
9.62708722
7.08907478
25.44672465
-13.45603113
-21.47135289
3.33816946
-3.12686088
7.93344573
-20.93676572
-1.47495478
-7.71303609
3.23654696
-16.37334603
-4.32724214
7.53564835
-0.49108037
-4.07083820
17.63970196
11.37257466
2.89069455
6.15880479
13.01213589
-7.18495423
4.19921072
-8.40771424
15.11280737
11.50309641
-1.91677107
4.15797606
9.04173784
-0.56141616
3.55776747
-1.94290027
-6.98807358
8.83376456
-19.71599293
11.58805100
-3.25706591
1.35909419
-0.26370789
-0.29181103
-0.07545985
-0.89250541
-0.13574195
-0.86859457
1.93960372
-1.82820871
0.16417153
-5.79844812
-2.39298313
-2.11914544
-13.13492705
-4.41490156
-5.84032221
3.78629935
8.64628422
-4.89117936
2.17742615
-0.88643948
-5.78262384
-6.18660291
2.54798104
-3.04514952
-3.06158143
-3.26603717
-16.64536239
12.62570076
-10.91100857
-7.78551887
0.55255295
-1.24699959
1.01930977
-0.08912543
0.07604442
-0.01156119
-4.39997251
4.53725502
13.10167029
3.38708068
6.69287488
-14.89669888
-2.90652447
3.22203577
-0.69241082
7.60420938
-11.24606768
15.84697750
15.29634979
17.17549787
-6.31080665
1.57312793
7.66336051
-4.48423717
-0.55634696
-0.97268273
-0.39310882
1.95547668
2.22806844
-4.29541109
-5.22806837
4.68110386
0.78917829
2.11908835
-0.98934535
1.07661999
-5.71143626
-10.31415637
14.00160394
-16.89524544
0.02068610
0.70561495
-13.32202030
4.97037190
-6.65888795
1.87654136
-1.52577845
-0.85113705
6.63552496
3.78011546
1.15722917
2.49249836
11.61733228
1.68809343
-0.36662157
9.80107392
-1.45714665
5.93475445
1.48236909
0.75350543
10.86361953
-7.81138781
-10.83840580
-0.66903941
-12.48576440
-3.43883394
3.35943312
-0.30663119
2.75847226
3.68635420
0.38586221
5.71948949
3.77392410
-9.33842565
9.68771549
-13.16693568
-7.40545595
6.87935798
0.18503372
-2.38331523
7.75150609
-0.40113710
4.01836744
1.29221536
-2.15596906
-3.95760842
-2.68337177
0.00616639
-0.47226709
0.07433432
6.43979586
3.42510480
7.24761082
-1.61193464
-13.32401568
0.31428823
-0.01128452
-7.19676163
-0.53470954
0.42747254
5.77708087
-7.56804900
3.47655452
-9.97306885
-14.14221587
-5.47573757
8.83411600
9.65149039
-3.04379912
1.05694292
0.01133566
14.99040022
0.71891069
-12.47827214
-2.88348347
-4.93570165
-0.01108662
-2.97725648
5.15586168
1.04310588
15.02369223
0.02736725
10.25217530
-5.00010556
-0.87290676
-8.61799043
3.71620558
1.90983732
9.24437837
-14.49228282
-0.76434598
4.61787495
4.57951615
-0.07913591
5.28285020
-1.32269120
7.22781096
-9.42615427
8.84384010
6.24338885
-1.67801554
0.59769987
-0.43076736
-0.94917587
1.09987343
-5.90442327
-1.23772513
-15.75628949
-25.07344540
-13.48415747
-0.94073587
-1.41623468
-26.30795266
-16.27780154
-0.75300612
0.86344625
