0.00725200
-1.21522421
-0.03432241
-0.74416004
-0.12432736
-0.40190490
-0.90269625
-0.24027386
0.04671333
2.24169293
2.29899003
-0.51722242
-2.39790872
-3.77820499
-0.22154277
0.08885138
-0.19993821
-0.51480046
-0.03648351
-2.44038034
-0.46824513
-0.02205866
0.35684463
-0.18493189
0.20900093
3.23910290
-0.16104174
0.34177515
0.00166405
1.50722236
-0.07061493
-0.69603751
-4.49530223
0.28584948
-0.69007589
0.00833212
1.10891254
-1.73412330
0.26380540
0.15999800
0.47656646
1.60625329
-0.09512411
0.43151064
-0.21282964
-1.04862722
-0.04007540
0.16496994
-0.36931510
1.53074369
-0.04203036
-0.29728642
4.07464236
3.06306940
0.47580097
1.80572142
-0.00724370
0.10606909
1.26943517
-0.00254394
-1.63687135
-1.36061051
-0.22069036
0.67726285
0.55820724
-0.00216089
-0.17290426
0.03672483
-0.00124137
0.03619452
0.18921988
0.19393001
0.06431498
-0.37842414
-0.04332420
2.13298694
-0.13695939
0.03200604
-2.38808846
-0.00390367
0.34450374
-0.51861537
1.58458031
0.23903769
-3.45806101
-0.51109423
-1.88697731
0.27890058
2.12118315
0.56174584
1.08057672
-0.08136781
-0.00014245
-1.67092394
0.07887445
0.79185659
0.16286556
0.23917230
0.34457605
-0.82375882
-0.37974147
-0.00280275
2.56047829
-0.45264016
-2.31805770
1.12947523
3.56661367
-0.03342133
-1.04387712
-1.15823660
-1.08428282
