-16.56115403
-5.11568535
0.66828018
-7.15786716
0.35105570
0.01955071
-5.74840564
-2.16831065
4.18707195
-6.55524898
-2.49297739
-3.99551158
-9.25154952
-8.05124278
1.08010498
-2.21152446
-0.16728511
6.79384266
2.91098641
1.62338119
-5.86968260
-6.31493307
-1.46020050
-12.38786340
1.48248015
15.79439051
1.63367839
4.36988280
-11.55577095
19.50598169
1.24679938
-0.70692455
-0.93819880
-0.59621069
0.03142047
4.55975253
12.12188078
-3.26639313
-0.24956265
-4.69138564
5.71243643
-5.81303192
-2.35873377
13.68768950
-10.77375638
-1.15106868
8.57918926
2.00610254
-20.71749037
-12.25856664
-0.75725236
-11.91560883
-21.36689986
-9.13488128
16.94780720
1.31889830
-1.50745276
-0.09269406
-5.27482807
-0.01251076
-4.58182454
-0.76452545
6.80289341
-2.40864813
3.20603327
-13.70878816
-8.01282194
5.06650714
-7.63413235
-2.83396314
-2.87813694
-7.85600859
-0.76572802
-6.86746923
-9.98538792
7.15811721
-9.80067615
-1.55157389
8.62001373
0.31029539
17.36032960
10.85247847
-1.62928776
0.25736514
2.32725337
5.06066269
23.05862412
-3.08493872
-6.32592799
-10.34849825
5.85571433
9.42552114
1.46153158
-7.72194137
-0.22813744
0.83031153
0.81240172
4.40866362
-2.82675140
-1.53006820
2.33973254
-3.47694833
-10.72085982
-14.95693680
5.87778388
0.66390598
-8.10620187
-2.14020970
-4.77252026
0.82052316
4.22781900
-8.35360115
0.70528544
11.84312381
1.06272608
-0.71164606
2.70603430
11.12650587
-2.11291923
-2.31422665
9.51486744
4.98309782
2.13191483
1.77753863
-0.19859665
1.64878813
10.06211977
-9.71889317
1.41469348
-1.94576210
1.10784459
-9.10595662
1.17519095
5.07266054
-5.10171312
3.93055020
-5.27264268
3.50084643
-0.41294296
-1.49036259
1.83511503
-6.08193554
1.92737674
-2.84874388
-11.35412960
-2.16570156
-5.78022164
-7.56202617
0.11020862
-0.73509051
-6.00327627
3.96329847
6.26741369
7.64880485
-2.82674550
4.30631044
-1.75671621
-4.23122846
-1.00799187
2.30880714
-4.42412175
0.33233741
0.13063852
6.89168160
0.19901075
-11.36073503
2.53132419
16.89822118
0.35973527
3.08789732
1.79434576
10.94175006
3.85209169
1.24830194
-9.76582724
-3.02726837
0.52157141
0.86231773
-0.66991370
1.14620645
-1.82034018
3.29810486
0.69074497
9.45190103
5.86338306
0.67568710
-10.38822037
3.64747014
-19.01223164
17.96045510
7.00723815
-0.29339358
-12.84979617
7.96745940
0.69371957
-1.64439203
6.40374957
4.56443655
6.10848770
4.60285399
-7.74335355
5.96468616
8.13294855
0.94616165
15.52827169
20.44442990
2.55882632
20.94545805
-9.47502702
-3.12650791
8.87025435
16.40190852
10.05708972
-3.63333432
-5.10261523
5.92509631
-1.73600874
-3.77155372
-11.17405723
0.72872747
1.52929637
3.68978373
3.11700839
8.42750482
5.31491621
-0.28463285
24.38566739
16.13259121
-0.62367422
0.01341196
-2.40354529
-6.23613594
2.81908844
2.16134770
7.37981943
-5.37257919
-5.09442837
-7.30145655
2.53343682
2.00005040
2.18760062
4.00824879
-23.07040926
7.41886116
0.36536807
8.15558891
-1.79690590
-1.35045175
-7.90090181
2.36506237
3.15857421
-3.78331771
2.32853262
10.11249035
-24.16646404
-20.35072303
-2.09772340
-1.59810723
8.13502838
4.91036714
4.39261994
0.15635144
-2.88130527
-4.77476331
18.59157385
-4.52350647
-1.22907053
7.72303574
-1.93119336
-0.56473794
-0.12631189
3.84475303
0.38110427
-5.48886259
11.07753513
4.50676780
-10.81820872
-1.76991413
1.42955030
-8.76108205
12.10011086
0.92956009
-2.63488181
1.24297346
9.41987226
-8.11707386
2.64836005
-9.17546881
-6.01679253
8.49169457
5.91283488
-1.80530776
-0.01247639
0.36734972
-10.04359235
-1.59751251
-10.22265794
2.22319321
0.61036809
2.43237385
0.06123513
-9.71630407
-0.01652145
-1.18312706
-0.41774713
-8.31210628
-2.89180019
4.14411549
0.67164803
-8.80310497
0.65750845
-1.11724227
-9.52379807
14.88131369
-0.51392967
0.00907120
9.27170115
1.42270706
-6.34500111
5.04341969
-1.79124035
-12.82028353
0.78816441
3.94172754
5.61469362
14.52823419
-12.08385633
13.38592990
2.39671782
9.37120155
-0.36851153
-7.78606347
-7.15307503
-0.26117133
2.35087488
-4.91247221
1.68840989
0.00265247
6.61428212
6.57361506
-0.56589582
-1.84285711
-2.59956715
6.58408887
-9.61744941
-2.83567915
-0.22381600
-4.56395965
-2.57328779
10.32439898
-0.53217646
0.35212681
6.72352637
-3.82553745
2.75187704
11.26878960
0.71093101
0.08301941
3.72879501
7.08365577
-22.71704859
-17.47427973
-1.27781226
3.67618388
-0.40409651
-4.36331581
1.57492969
-4.40529780
-0.23115517
-2.52496045
-2.45320992
-0.33357556
-15.51694756
-8.07343656
-1.26062841
-5.49448693
-10.22718293
22.07855131
15.11070429
1.71245731
3.24954183
-6.82530747
2.22120021
-2.07147787
-4.64837931
11.59344187
-10.34708000
-21.58063621
0.54449316
3.32682264
1.76276051
-1.79129988
2.14642153
-2.67050092
5.92906452
-1.35165780
2.53025020
-3.53285007
-5.76992172
-5.46408239
0.68927368
-5.57773285
-0.50299788
0.35213393
-1.63538856
-0.81327229
5.63599574
0.27189922
-20.06436346
7.34713005
3.50592609
-10.87073717
5.95336292
11.59359311
-9.75247822
-3.77574516
-1.98759789
-2.40426224
-7.35687392
7.24109559
4.65348226
10.42949388
-15.06609150
-14.57411416
-0.17568487
-4.91163466
5.70810877
1.32971263
-0.72333332
0.26879694
1.96479009
10.05134549
-2.53213546
-6.52923639
-0.45083815
13.26406833
4.39791122
5.93766045
3.05817927
23.73143959
11.51029736
-10.28949392
2.53481303
-1.95587864
10.87668671
15.42392231
-4.89350234
13.09576305
-3.93335658
-2.37803182
-1.04402193
0.19916954
-11.48109389
12.82265406
-23.11725081
7.83230033
-1.19196130
-4.03908398
-0.00895365
-1.01018927
0.24113676
2.60110481
1.99904475
6.37598463
0.61742992
-3.30127567
-2.10132192
-12.58218950
-8.83619038
3.71279179
-4.77036270
-4.56632319
-7.50914326
-6.50381800
7.00750810
11.87957347
5.68132322
-0.50922708
-10.53753614
-1.04288750
1.34458405
-4.35308651
0.72578969
-4.54277859
-22.18419116
-13.77633353
18.11568736
15.17614874
0.85859458
-1.53347706
2.39406819
0.01450598
1.43626473
0.17811169
5.29147882
2.33016515
10.79795304
2.20610644
9.58438519
-15.06634260
-5.50080805
1.71816697
-4.18419179
3.96488211
-18.62624015
-12.75853107
12.29796773
-23.20918346
-8.36545781
4.45162197
4.25600511
-6.11065108
1.36457952
-0.99240872
0.48650527
2.37760982
1.71055996
-1.97704968
-3.14346246
-0.17030369
6.59097516
0.04092040
-0.21332860
2.90694950
-7.02363909
-8.69388646
13.56232821
-16.02959436
5.07394994
-4.40882158
2.44524583
-20.58033420
2.32471923
-2.20231579
1.69298373
3.82739340
-4.33960372
3.39549936
5.95139698
-0.66711012
7.27054311
8.83755272
3.65275457
-6.20557566
-1.77488106
1.38176229
1.71735955
-0.24820079
17.75382683
1.87762018
-16.03076736
5.82198454
-3.62737784
-12.57991495
10.08294454
-3.80726855
4.73918215
-1.74806078
0.22191506
11.77077795
6.24577257
15.09253932
-10.38875753
-9.82644182
-2.54019311
5.74191400
1.38731699
-0.43538106
7.95714234
-3.66097456
0.34670839
0.59742651
-2.24538862
-8.90287981
1.67163452
-1.93826730
5.84495354
8.91490661
7.42314527
-11.75937442
-2.17809150
1.74427093
-14.05369028
3.17884113
-0.00533308
2.44977720
1.98978557
-1.62488670
10.20486814
2.44949558
12.75739184
-3.61942784
-0.20965802
-3.84039296
9.57487747
-4.90628772
-2.99368156
1.52258160
-1.86969534
1.21180942
1.59510207
-8.66431222
-2.69499339
-5.77570034
0.19949066
-4.27561534
2.72302375
1.02205834
5.75557194
-4.45369881
-8.91133662
6.84036882
0.41164346
-11.19296930
3.60088204
0.27872969
8.31415843
-6.11888951
1.85141202
1.32125206
-8.24569854
0.09891595
-0.31329609
8.08539325
-8.44064626
1.15100354
0.10906612
3.60861228
-1.20679759
-1.36507518
-0.68454219
0.93479138
-1.24240884
-10.77272162
-13.31123731
3.42531290
-2.10248450
-4.68095274
17.45595646
8.58521230
13.19731019
-6.52460234
14.51983209
-2.11357963
-5.41244328
6.05262256
1.20844527
-9.01688649
12.37685028
-1.72437327
-7.38640057
-12.81639916
-7.08164592
-3.91954331
6.69721393
-9.94209704
-6.88223569
3.38178236
2.95353459
5.05113074
-7.55713256
-11.45128440
2.68881597
3.69590583
15.67401555
1.66503100
-5.58352711
5.99014004
8.50167527
-11.53116959
1.05718375
-6.76823282
-1.66999033
-0.80165077
-3.77401275
-1.23558838
7.65772423
-8.26446459
-3.69929243
3.03398855
2.27102164
-1.78658719
-0.79783971
6.95421658
15.09530120
-0.19836316
8.67017038
12.79600293
-2.83100811
10.37233250
15.62865541
14.30966837
