15.69463092
-2.31774671
1.18003709
2.57201064
1.12643410
-0.73476289
-2.61140931
-0.81799913
-2.50708772
-11.49912872
-3.67355237
-2.19379655
-2.09715753
-7.09042622
-1.41965991
3.45456761
-0.67193158
0.02765812
3.66791563
-10.93679893
-4.80200528
1.11646126
-1.89049127
5.09535976
4.54037958
-4.69665756
7.97003013
-1.29959923
-0.24409965
-5.59292547
-1.34961152
-1.12528368
9.83277618
-0.07983536
-0.12743282
-7.03096232
-0.20973400
-10.18207818
-0.64169977
6.51661451
11.62091714
-0.39149897
-1.10311947
-2.60553049
-6.40645052
3.96416710
0.54674340
4.14141108
-6.73567367
-12.88248942
0.36568893
-3.36860146
1.33812815
6.47714119
1.52614302
-2.65154467
0.98564113
0.27005661
4.48028399
0.42166616
5.34483273
-3.96765673
-1.61778963
5.04112122
2.10957053
-0.98657910
-6.01012468
-1.69630440
-3.44444676
2.78861523
6.98866636
0.62937446
-0.00196401
-0.93280772
-1.82252383
-2.89109885
-2.89347823
-0.84207542
1.64505571
0.19375790
-11.79456144
15.25806101
0.10488655
0.40962050
-2.32617233
15.87347634
-4.86972783
-1.18349317
4.39241890
-0.01419011
-2.34856216
4.56980355
-0.60686112
6.10577623
1.25022809
-0.34594953
1.08670562
-2.57504803
-1.50156025
4.73754219
4.43273347
-2.82041302
7.90541346
-2.42631730
9.23776208
1.29573801
5.85069182
-1.45632170
7.34002161
-10.83800965
8.76244446
-3.37442315
2.56604046
2.09739652
-0.31022474
-0.00230300
0.60219215
-1.77998398
2.59982330
0.52596206
-1.39019671
0.58704911
4.48179929
0.04080993
-0.37164664
1.06083731
-2.79397810
1.57755684
-0.56834341
-9.20403940
0.01355020
3.53968444
1.40917068
-1.36623497
4.88622622
6.16219884
0.54043217
0.48491003
13.35784295
-0.28981456
11.95126928
-0.76261186
-7.74774673
-1.34474184
-5.04271281
-0.23241412
-1.17004271
3.81094566
0.86010406
-0.06385629
-10.39716758
1.23195889
-6.22589455
0.62531394
4.64011697
-0.21227727
-12.58988145
-0.51534562
-1.12534015
0.40940343
3.94466495
-4.40303475
-10.49460113
7.85660781
2.92224474
-3.73654736
4.88467134
-0.10427839
-0.32180805
-2.92843450
0.32086775
0.45618113
1.60243459
0.42836708
-4.39249676
1.27169500
3.73723760
-1.06315286
-0.46964127
-1.08095257
7.85757344
0.69583747
5.64286023
-2.54132579
-0.43585419
-0.00831999
-1.49987538
3.42587353
-3.81754913
0.53715552
4.60376496
-0.03805067
13.79999376
2.06048644
0.20574784
1.38257688
-0.24290622
-0.45636747
3.75213008
2.78521713
-3.70752623
-0.00024303
-0.02895716
-0.05322981
-7.39784772
1.67958231
-3.27522933
0.51088786
-4.37997123
-4.74819790
-10.19204431
8.66642725
3.39411391
7.20109498
-0.87602457
-0.24561153
-0.40846779
-4.95987402
-9.55088659
-12.11706891
-5.52725142
-10.01448293
-1.78639495
0.78542991
-1.13697784
1.11986322
-4.18016588
-2.35792073
0.20737435
0.31666595
1.07457429
-1.20086369
3.27872729
0.20728149
-3.21406565
3.66576600
0.81159411
-0.03169074
1.24381179
-0.98999880
-0.84604769
1.75263047
4.14052275
0.80654313
0.60708893
-0.01506059
-0.01812309
0.03079942
-0.82342372
0.02947522
2.30644842
-5.62967747
-8.97374312
16.57415013
7.38928295
-17.47983582
0.18845962
0.00758225
-2.83977262
4.05055580
0.02086664
0.11088492
0.17767501
-8.82178573
1.70481113
-7.82787542
0.70698592
3.95768040
2.49512087
-3.89652236
8.57303517
-2.33118329
0.38501835
-0.56191740
0.85465357
-5.99187400
11.15844225
-4.93320584
0.33867340
2.97820512
11.87141434
14.79777001
-0.64167421
1.08876565
3.28705442
-5.34252393
-2.31576633
-0.07617253
6.53705340
16.44657202
0.34587827
3.11090086
1.01257240
-1.23848982
-7.57703797
5.86099143
1.92109966
-0.78095438
-2.37848185
-9.52055780
-1.72855579
-2.77556466
0.34675348
0.15924657
3.33289688
-1.06858015
-0.65993643
-1.70978609
-6.59492236
-2.42721544
-1.77225528
2.36711252
-17.23455930
-0.62260091
-1.09576296
-0.15948195
6.87187986
-0.89369761
-1.71917000
1.86487116
-7.22258624
-3.67030719
5.34229935
-3.26274846
13.73848031
-1.12745213
-2.77758884
-10.40172276
7.12301553
-8.77361902
-4.16476853
7.02070404
-5.02224674
-0.64823708
6.94427516
-1.84747292
0.49141412
-0.64726086
-2.57194399
-0.31387497
5.80374897
-0.39035144
-5.92111690
-5.89994526
5.69280984
5.46287051
-0.00300784
2.09119995
-2.89469072
10.08399805
2.25386164
-1.12414946
1.05552744
-0.85920825
-10.22306239
9.84746318
-2.51465927
-1.22573715
2.24613457
-1.83451456
1.87279742
-7.14036374
0.44000413
-6.27626059
-7.61654507
-3.49760687
-2.55540478
-11.44203565
-0.84147228
-0.00021256
-2.81870908
0.88060420
-1.89708319
0.79587173
-0.00090036
-0.12752663
4.85145849
6.34712683
-1.91585018
2.01961948
2.87079619
-4.70706287
-2.16568046
1.14438697
2.72689275
-3.47155246
10.74535288
3.08672027
-0.00419749
-0.59194780
-0.29761833
-0.08223056
4.32776810
-1.38790292
-3.31779135
4.03714166
2.28029855
3.26242075
-8.11299130
-2.40795797
0.36481148
-3.05089216
-0.84765869
1.49101716
3.56432098
1.63517293
2.53600453
0.39343752
-0.02873441
-6.24954931
10.05019474
0.30473090
-1.23469820
4.09314927
0.80569411
2.08918480
0.19218442
-6.61961602
-0.56173772
0.44035339
3.46185292
0.42044737
5.71561234
2.25268324
-3.16940520
9.58411044
-13.07033479
-6.84350540
-0.03129307
0.27055874
0.52213432
-8.74218424
-6.10862947
0.13928344
-0.29665415
7.52511761
3.66238272
-0.48492001
12.83551229
2.45364659
3.07646515
-6.53437980
5.41344106
6.45777508
-0.07691162
8.57881976
-0.78041992
-0.67568307
0.33154865
1.63627971
2.69575738
-1.01537946
-11.62800347
7.23059348
4.76637717
-12.37657374
-2.58021449
-0.13285792
-1.26250809
-1.85812890
0.59999905
0.44620131
-0.00357382
1.37700773
0.02064080
-0.58043158
-3.52149956
-5.83735175
-12.31080774
6.08285949
0.33122395
-2.63349467
