13.66979761
-1.55430104
-0.17182199
1.16613821
-0.11352477
-2.03592215
-4.99058310
-1.14832993
7.69257973
-21.90491554
-3.28138572
-0.61258783
4.07468913
-2.30503551
1.95868071
-3.01284781
-2.20814562
6.02881000
-4.77261504
-9.86107593
-4.15485350
-1.17159556
-9.51928318
8.11618725
-3.67696913
6.56410539
6.68801124
7.22360722
4.61862785
8.15643910
-1.17138758
-1.45061786
8.25318194
0.15143776
-1.16025757
0.69098456
-0.77505031
0.01326253
0.78821413
-5.40272898
14.77475680
4.08241627
-0.31611698
0.21387005
3.87361128
-1.20365873
13.59969377
4.43578930
0.08311196
-12.49320554
-4.39786311
-1.26511019
1.90714277
4.35750713
10.23848371
-1.24704314
-0.92729810
0.91244491
4.33005985
1.11627904
8.50230058
-10.92481395
-0.96959469
4.30165459
0.16490987
-5.35664210
-7.24666944
-3.69634737
-8.43319470
-0.69977043
-19.09378161
5.53365194
0.05557660
-2.49583907
-5.99247101
-2.76983614
6.91856434
0.92097614
-0.21506700
0.36437266
18.30390142
-1.25849903
-6.14933323
-0.00161103
-0.97174142
5.88503347
-5.93744633
-3.26500490
15.99422425
-0.64725886
0.36924831
15.57560254
-0.07983376
5.22195137
-0.93730747
0.20141073
-2.66083552
-3.06104508
-1.58663763
10.81500026
3.72140292
0.75540551
4.34468268
0.45167297
0.89217098
-6.99239724
3.04580555
-0.47312278
9.08059905
20.23599383
2.01784285
8.82928623
0.91597940
0.87056054
-0.58177886
0.07153985
-0.14805182
-2.39831817
3.76623915
-0.42751531
-8.93002480
-0.36003066
-1.86150929
0.72471221
-0.13176720
-0.34665937
-8.13826812
-5.92451267
0.78377786
-2.73237452
1.01644148
-7.96088034
3.04425069
-1.93074905
6.91967387
1.86687452
3.59886063
-1.44251544
4.63175066
0.80166101
15.42201631
0.17735978
-7.72965629
-1.53957552
-0.03559207
-0.10996514
1.64077906
-2.34768568
-1.39727446
-0.43937845
7.02318838
1.68825925
-11.64765955
1.88936429
9.61364193
-0.43798150
-5.35978549
0.37570990
-1.58762136
5.03686221
10.56872824
-9.06493765
17.44808147
6.12124718
-0.75834013
6.47061374
7.83200342
9.17296863
-0.36083739
0.02869568
1.76154583
2.70144821
2.86850832
2.80222542
-11.17884098
0.63701132
0.61241524
-2.98195304
0.34743552
-1.11207554
13.43453479
0.43053709
0.70106792
-2.54247907
-0.91365226
0.21047800
-8.39970662
3.09699859
-5.26049583
-6.57305839
6.05227577
0.01437624
16.47857795
-6.80334765
0.04003929
0.28642610
-1.58757356
-9.99740767
-6.07126114
3.58115151
-4.30269832
0.59131072
3.27224882
-2.27298393
-7.10044746
-4.09758087
4.88230050
2.48240845
1.80329809
-2.48108625
2.40943250
-12.15232282
1.38905930
3.39905307
-2.41038669
1.68738400
-1.45076945
-10.65616095
-5.00166812
7.01403933
-2.69671214
8.95883801
6.99283110
-5.80950158
1.49877225
0.47811166
3.63220807
-4.39544100
-0.14094995
-0.84398486
1.63281701
-0.03360272
1.21412458
2.50972895
-2.25480141
-0.19527498
-6.01785981
-5.37085925
-0.06189865
-2.90555924
-0.92753472
13.68339228
7.03638050
5.79378519
0.16413101
-0.00807051
-0.30609862
2.45340876
-5.28570540
-1.47593974
7.92299678
3.64846643
-3.36380366
5.63952775
-0.01880019
-3.28723405
2.70575746
-0.78151657
8.53238414
9.77739284
0.24578608
1.04504151
0.25670143
-0.96448557
-0.47722558
-16.34006405
0.99720965
4.58521812
4.17734909
-4.13272405
11.35471179
0.59478709
0.50714663
0.85910756
1.87434636
-9.00080663
5.81886678
8.04124930
-0.12826970
-4.12780039
4.94729753
10.07074427
2.49731600
-0.69303111
4.82484661
-10.08165780
-2.52419656
6.00232728
14.82854818
4.88701618
-4.30882827
2.68097363
1.00042020
-0.99428686
0.91648180
-4.54519552
4.35317269
2.39812552
2.02838875
-10.42913957
0.15781942
-3.15516504
0.24293131
3.02584267
7.42196501
5.84368447
-3.71508010
6.22393373
-8.25413756
-0.12506396
-5.33568854
5.21867893
-18.34211796
-15.26387041
-0.57024061
-0.25371739
15.83535021
11.61422463
-14.46054962
0.64995129
-6.72531308
-9.10493203
8.29775914
-1.76800949
-16.25591688
5.96491959
-10.05912119
-11.01748009
3.61315867
12.86833431
-4.47168836
-13.21958818
-2.99812189
0.01435194
6.78363255
-1.29033853
3.75754290
0.02055678
3.00784290
-0.24156299
7.17327217
1.78062412
-5.06781555
-4.69662083
5.98096447
6.57785499
0.05750193
-1.18299100
-3.34576996
13.28967080
-2.14324948
2.04123599
4.73120923
-0.82614525
-13.96421703
19.83978127
-0.62702697
-0.50428742
3.17632575
2.05279076
-0.36874548
-3.02192578
-2.14857981
2.04670946
-5.06284444
-2.21032888
-4.20474883
3.79832751
-1.83244567
-0.62953594
-0.64467176
0.41780267
-3.95353250
0.01702724
-0.53913514
5.21879683
0.92303914
11.25349058
-1.61837543
-4.94343470
4.76415332
-5.43725528
-0.71757424
0.63863023
5.79046772
-1.85153254
-20.87117034
-4.80144631
0.92390725
4.06087673
-3.51183269
-0.71946599
-5.71883281
4.54624293
-0.66829212
8.93154961
10.31132603
1.95873265
-5.46188781
-1.98958010
-0.19540902
-3.73128022
-0.82329259
1.42534716
-4.62256320
-0.16782241
-5.41948190
1.51383073
-5.71444554
2.73865212
14.29072701
6.41087787
-1.17726799
-8.57458325
3.57287900
-10.99418355
-0.87578285
-5.14995433
-4.43139072
3.89253423
0.72975098
-5.69506965
-6.02021808
12.01739071
4.87362898
12.23272839
-16.30806521
-5.27015372
1.24216335
-1.59290920
0.75292348
-8.79270367
-3.37759404
-2.52682859
0.00156632
6.48132651
-3.76109428
-2.16793222
6.04148891
3.08720901
6.60706412
-12.91771358
7.65763456
-9.31429268
2.97799999
-6.96916861
-12.81470904
0.24206675
1.55261471
3.21888038
-0.20848170
-0.26344491
-9.28246677
18.15104296
3.15379966
-16.71604824
-2.17315397
-5.05562381
-0.53961057
-0.88892776
0.64333215
0.38567859
-0.57991826
-1.11373458
-0.00635322
-0.74536447
-2.57421937
-6.53487026
-2.20735903
-1.88246810
-17.57886753
2.59768980
0.03837021
-2.28104185
6.39303151
3.67582193
1.78272156
-0.04939563
-1.58358764
4.02892856
-0.33519336
5.07377690
-6.43972437
-6.96753979
2.62639449
1.01453869
6.05033169
-3.86725510
1.00812573
4.64952822
0.05023792
-0.01075943
0.47414926
0.05388525
0.64504556
-0.26259712
-3.52763128
0.52505182
4.92522970
-5.72422000
-1.01611959
-0.56249372
-9.38573185
-6.36740699
-0.23055879
-16.17500759
-5.75615756
-12.55765643
11.00656012
-8.07285714
1.26066351
0.03703339
0.06634193
-0.00670013
-0.00769060
-3.76940086
-0.36065641
-10.14429722
-6.23055449
-0.77699776
0.70356622
-0.79073394
2.30378214
-0.95678471
-13.58003112
-2.67984781
6.37599505
-2.21080662
