6.19397964
-3.58400121
1.72643765
3.16393980
1.03173665
-0.66384875
-2.60912435
0.58373053
-2.52818333
-6.50415954
-7.01909267
-1.43905945
-2.58973461
-6.60190431
0.22061833
2.03180489
-1.78484533
0.01756395
-2.70697574
-7.61363213
2.43783199
-3.18299803
-2.38121385
2.81996845
-2.84115877
-5.61022046
10.09639923
-0.19331905
0.99848348
-4.95629157
-0.82774245
-1.06463485
0.54683959
0.23424112
-0.12045462
-6.42449030
0.19588842
-5.47758806
0.00117785
9.12290135
8.80867117
6.15480111
-1.35756963
2.94100110
-4.80337867
6.28172458
1.23893287
-4.13218415
-3.67398567
-6.36028349
1.97960405
-3.15550850
3.10476766
-6.78198742
7.08252034
1.58145251
0.46789690
0.21748174
2.61341407
0.82441456
11.52685264
6.45781123
1.16285235
3.80386999
0.16780166
-7.98973396
-5.53540110
-16.66167185
-6.68562381
0.45903796
3.76595045
6.23092102
0.06965784
-0.93668521
-3.45504821
-3.07772950
-3.30701650
2.20971183
0.10213332
1.26365319
9.19439560
-4.69405592
-1.75551272
-0.00720999
-5.04958073
-9.02474813
-3.01718898
0.16398535
-4.51102506
-1.18651864
-3.91529781
3.90158622
5.61243883
4.36039014
1.57844888
-0.33192076
-0.72561699
-1.08472129
-0.71227546
-6.33308448
5.06004967
-3.17031509
8.80167460
-3.37723660
5.98180808
2.44394496
1.75578410
-0.63610651
-8.07243436
-5.99820287
-2.86089043
-5.77765818
-69.13197879
5.01088540
-0.43647789
-0.33645358
2.59030315
-0.91723047
2.80391464
0.43158778
-2.52451437
3.20436921
3.19846099
1.11043972
0.11883177
-1.74117374
2.27591292
-7.57598450
-0.51326176
-8.90730763
0.14386990
2.98284317
-0.13009970
1.70604002
5.54492947
4.88732420
-2.67373553
2.49624307
8.27241756
0.77528854
2.20763952
-2.10962194
-3.09033741
-1.14050191
5.93701959
0.27892313
-1.48003381
2.85192447
-0.91076610
-0.82808975
-5.00338920
0.24158423
-6.34511285
3.21925419
0.35062679
-0.40959338
12.36256131
-0.41920593
0.21156035
-0.28451965
-4.24067049
4.72515572
-2.41104832
-0.03149553
0.92385217
0.52780874
1.72659312
-0.53255500
-0.18513942
-7.60141123
0.00716349
5.96056285
2.07948460
0.81893494
-4.98052653
2.17432711
0.33843319
-3.15434336
-0.52030726
-2.93753038
-2.35255832
0.65744932
4.59603708
-6.34592084
-0.07666860
0.73736744
-0.27276396
-5.19351124
-1.98711478
-0.43497452
5.90463707
-0.29370923
4.80163060
-0.41028609
-0.00581281
1.00204051
-0.96413257
1.37798436
-3.01517369
1.76054617
-2.15119667
-0.48518100
-0.85352877
-0.54636626
-1.67946134
3.99798171
0.56327607
1.31752459
-4.08915114
-3.96503959
-4.78882945
4.01672629
0.33564792
4.06378914
0.86827392
1.18222066
0.13437438
-19.28493882
-10.61453611
2.64883313
3.19413118
6.69955623
-0.52618591
-1.11482548
-2.05616168
0.34507640
-9.95145808
11.07449464
-0.63193878
-0.76930586
0.85103100
1.57271284
-0.59253719
-3.64199857
-6.06326161
-0.47162184
4.82810705
6.57371395
2.38026512
-0.50899701
-1.10884678
1.90105139
1.59467427
1.41238564
-0.00739758
-0.74566200
-0.01759427
-0.00950201
-0.63827248
-0.33332744
0.96970428
0.70542747
-3.26972264
-2.21142219
3.16512272
11.68170478
0.39669965
0.34746917
0.04394779
0.88072386
0.78266678
0.28273389
0.01924446
-4.33192965
-1.92168600
5.41549377
-0.46304784
10.76328550
1.14289417
-2.48897502
3.74925135
-1.44042605
-1.17763748
-0.78928943
0.38614661
-10.01568660
5.06568392
-0.17503284
-0.77502843
-1.98653878
1.41028851
-9.74995062
0.21121596
2.66154941
3.63262343
-4.54554578
-3.81201494
2.34153998
3.00015905
5.63661730
-2.08921936
2.64331148
0.00561267
-0.19183873
1.54394051
-0.39709748
1.99475070
-0.21977405
1.61411254
-8.72734719
1.15551378
-4.05493806
0.96705505
-1.15436457
4.34787056
0.64834464
-2.78120939
0.22200978
-1.29451499
5.24500999
-1.54994977
0.26475258
-10.23489432
-4.21045000
-1.15402785
1.16691534
5.45148032
-0.77107844
0.38534018
3.32527365
0.10141021
6.84953668
-3.51021608
-3.05866605
4.27166659
2.81428723
-12.88424034
2.13954512
5.16819788
-3.00501353
-1.88495670
7.67533901
-1.25430524
4.45334053
1.35909811
-1.05139147
0.40664723
-0.96048825
-1.51380979
6.33878848
1.75541815
-0.11583669
-8.86693310
-6.87917705
8.17739100
3.64780450
-0.00111439
1.32834536
-3.04167847
5.82318441
6.16933095
-3.57935895
-1.81501724
-0.47182790
-7.44415053
7.88295246
-2.36009865
-0.27819466
0.11460230
-0.49115033
-2.58564301
-4.32477377
1.77539987
-2.15198740
-3.58035947
-4.37686561
-5.51272773
-2.07312287
-1.30493917
-0.04698983
0.60840968
0.18357058
-7.57082169
-2.57824440
3.78139429
0.78144155
-2.82165492
6.97107337
3.74804177
0.46312859
1.81463729
-4.47912679
-1.48449670
1.38072723
4.31495893
5.02079511
-1.39049701
5.66369709
0.31290991
1.05167363
0.68604784
-0.75030422
-6.79789043
2.81435819
-0.13647810
3.03966065
1.86857470
1.70798650
0.92186021
-1.78578627
0.16660501
0.13722990
-0.66959411
0.66862793
2.67600912
3.23689669
0.20591741
1.06716528
0.88684227
-10.80768752
8.03607540
0.56981141
-0.01174691
3.54233789
-2.10751791
3.39460396
0.09290157
-7.45758387
0.02269916
0.79152921
3.26804081
0.26147422
1.52810179
1.74746854
-3.42921996
9.31801108
-9.93849115
-4.26542033
-0.62861957
2.24649495
0.00394228
8.29922937
-3.80678181
1.15681449
-0.13178316
4.12613591
1.76871551
-0.56711855
11.77237672
0.77580680
-0.23347679
-0.46906086
-2.38464020
-2.60909751
-1.09573412
7.66040829
-0.33540888
-2.78002667
-43.57207087
13.23636273
44.20963780
71.26971297
