5.56632502
-3.44089626
1.26891485
3.67762201
0.92754586
-0.56097043
-3.04935763
0.91033306
-0.89900168
-8.58792188
-6.97049602
-1.39706751
-3.56431177
-9.65946537
0.45656558
1.78955414
-0.65453342
0.01802126
-3.89599789
-6.75088955
2.12092415
-4.27997046
-4.64323807
3.63061217
-2.79386746
-7.08361491
10.10715693
-0.28112152
1.32754006
-6.61261668
-0.43706350
-1.12095024
1.07018348
0.01933122
-0.30181262
-6.39753458
-0.07082678
-7.74623590
0.00272603
8.97605126
10.06561726
6.84358837
-1.20172532
2.63597741
-4.29315794
7.15413900
0.90590175
-6.22898034
-4.64100132
-7.35820837
1.09882377
-2.77944383
2.07416745
-8.36377074
1.12952036
1.09633294
1.05167375
-0.26180530
3.87786711
0.37344016
10.24760294
21.59628025
1.66078260
-2.29533590
0.14282971
-6.28748740
-3.64536111
1.66229719
0.29119229
-2.71266365
1.55270732
-0.82413788
0.12309360
-1.94600920
-5.95459220
-1.99458015
-0.35197411
-0.56595578
-0.12908578
0.30156914
1.62844408
-4.00594664
-7.37702951
0.25952872
-5.28304253
-10.62140569
-9.61554266
1.48198416
0.07204846
-1.12934437
3.80081330
1.62599539
0.10506026
3.25335787
0.19472323
0.93756924
1.32589349
2.10174782
-0.63013843
-6.64476766
4.31316891
-2.45725292
3.42041811
-3.88192304
5.21025060
3.48707659
0.61955187
-0.86522789
-7.89353110
-3.82344606
-5.95677870
-62.68693852
-1.60711621
10.45804688
-0.53175219
-0.43200383
-0.07043442
-0.89394721
2.96488291
0.52951824
-2.26256156
0.49160166
3.71257395
0.06317733
-0.11399644
-2.14893356
0.01436134
-2.04000853
-0.33222601
-9.28692707
0.97895621
2.52546162
0.49074090
-2.14736439
-9.73007281
3.52766872
-2.64790972
5.56630502
8.62561479
-0.07713950
2.80958051
5.48082825
2.32278865
-0.63325254
5.71597448
0.08854180
-1.49433989
3.94104054
1.62287700
-0.90106092
-2.76536579
1.97852071
-5.78142854
3.15007841
-1.82485761
-0.44581215
13.22655416
-0.51661740
0.10035441
3.43940633
-2.70133250
4.10627655
-3.58850823
-0.42278720
0.97453659
1.07403001
0.01210542
-5.97774783
-0.21692314
-2.91301319
-0.54754580
5.45173462
2.15671715
0.58708831
-8.33309434
-0.83227424
0.49247965
-2.29605376
-0.38982518
-2.33182422
-3.09184627
0.29349254
4.00450465
-6.86665934
-0.07116142
0.07555178
-0.11502359
-4.76705666
-3.54435794
-1.84442400
5.67749348
-0.35316320
6.34693555
-1.19865453
-0.00882726
-1.11169437
-0.95544608
4.68418881
-2.06715490
-0.85365540
-1.12530571
-0.41038586
-1.02466978
-0.21297144
-0.28795208
-24.90802713
-0.45720016
0.22586999
-4.65621429
-3.74842544
-3.78311007
3.27937307
1.47915814
2.81440219
1.17061212
-1.15630383
0.13565623
-4.45542137
-8.40888310
-2.51742351
5.32622487
7.62839389
1.62850396
-16.27080355
0.59104308
0.88279125
-11.36356245
11.15369263
-0.74806615
-0.50723612
0.97286276
2.00938297
0.52211769
5.54551683
-4.56660537
-0.49207228
2.60292531
9.51780383
1.72723261
-0.50823214
-1.26694780
1.79160037
11.68928764
-1.38891638
1.31574996
-1.02336191
0.65796226
0.51804573
-0.99022694
-0.34183007
-0.04342407
0.51043873
-2.52456933
4.14936142
5.46676386
12.90684728
0.46286751
0.36146879
0.56844182
0.72404031
-0.15005887
0.02290984
-0.34486393
-3.01641124
-0.49379226
2.82847050
0.02178314
4.32757007
-2.30234287
7.97395136
5.63628451
-1.96323585
-1.92856154
-0.69593469
1.74388235
-10.23962446
3.46057755
0.26922242
-0.06143946
0.68272402
0.21240312
-6.60250861
0.70838683
0.27369054
3.21740733
-3.85569604
-2.90756697
2.40884986
0.55197884
6.38977840
-3.08828644
1.83761842
-0.00358107
-0.00913941
2.19870008
-2.10288539
6.33185090
-1.53074483
4.38314751
-10.87417134
1.30552121
-3.23278234
-0.00998437
1.98488587
4.90383126
0.05515356
-2.94411966
0.89982569
0.57600705
-1.49210665
-3.22038353
-0.81145405
-10.45284916
-9.21945708
-1.17037629
1.21829843
6.65491361
2.41469346
-3.26607665
4.62419045
0.86499517
6.66077455
-0.25622114
-3.25206865
4.16765368
2.71824336
-14.44539398
2.65360682
4.74016855
7.75985644
-1.99473978
1.66831936
-2.49928511
2.94360080
0.71612426
-1.93742220
0.30829330
-0.69346893
-1.07534264
5.91628854
-1.15130947
0.98390930
-8.55423786
-4.92817647
8.93281097
1.65948470
-0.00135470
1.15666191
-4.02205507
7.28403378
0.85288385
3.12292757
-1.50301666
-1.04305458
-5.99035626
9.42127286
-2.84300568
0.37433344
-0.79275453
-1.41630061
-1.19847398
-3.22834528
2.54833598
-0.86478685
-3.60808680
-4.41441672
-5.11962544
-1.84461128
-1.01895804
-0.09115010
0.13221774
1.22902606
-4.25906344
-2.31890846
7.13248086
0.03922310
1.21310738
7.98317561
3.86559236
1.86654983
1.52775836
-4.33544761
-1.11292082
1.49767015
6.25383290
7.57949574
0.88983898
5.71685464
-0.00317993
-1.45755406
1.57813484
-0.02353523
-7.12401113
3.15918897
4.00777343
-4.53465699
2.79848611
-1.02912349
3.34748898
2.60393764
0.09349935
-0.11998018
-0.60637536
0.58119287
1.77048216
2.36742106
0.32154280
0.67087843
-0.67675312
-3.18569665
6.18619865
29.90284703
1.46208046
-2.01636194
-3.11009960
3.67822033
0.07476119
-7.22207328
-0.24781572
0.81847990
3.96653555
-0.50251951
0.88974411
2.21792955
-4.43119478
6.44338797
-7.48653605
-2.89808306
-0.92842575
3.21190286
-0.00240452
8.26701966
-4.27094915
3.19619576
-0.13261479
6.36021537
-5.24058652
0.10662808
8.62793629
1.42344952
-0.20813821
-2.70359755
-5.18886414
-4.01411175
-21.53014568
66.42260396
-5.20106753
14.33438876
