12.02040894
-4.12798130
-5.05595122
0.38280061
-0.20493558
-1.27889246
2.70411487
-2.33315860
5.60171474
-17.63454389
-10.91807474
0.30091344
-0.17508224
15.09371393
1.99871086
-5.41535272
1.04520781
5.48444199
-4.43018743
-4.52312932
-14.05490655
-7.59165049
-7.14544875
15.51670212
9.31953929
-3.71476350
-12.58110380
0.52927694
-6.98780276
10.05356872
-1.48240437
-0.41430457
9.32689728
1.66642920
-0.05143511
6.58731065
4.79501832
-0.44611342
-0.50685580
3.17610106
5.74500011
4.43229726
-1.96847614
-15.60417711
-6.36222849
-8.22804137
-0.00885433
7.06741938
2.48869851
-3.97686722
-4.26292000
-5.36209187
-19.26053122
-0.14515195
-9.71683287
-2.34237711
-0.07302967
0.55592552
5.98289657
0.40058747
7.82326081
-10.10041554
-1.30284951
-1.04817814
1.71529773
5.98548793
10.92848732
-0.92508488
1.44814259
2.88779779
-8.57068919
0.29872273
0.21174164
-8.26948678
0.55071817
4.85921720
-3.84840846
0.33776312
-4.66774310
0.29898651
-15.32797028
9.39626984
3.93105922
0.52671168
-15.23640030
7.21574633
1.33330587
4.57918093
5.33781818
-10.77996988
20.09931024
3.87272646
1.17875863
2.94989316
-0.19505577
2.04283002
-0.26129246
0.17293069
2.15175155
-1.28512774
0.01020002
-4.39826157
-6.14296863
-4.18740224
-5.58099676
0.97326425
20.54844806
1.99723310
12.01928716
16.15148771
3.44220393
13.94714063
1.55732146
11.55564425
1.73169761
-0.00638177
-2.52648386
6.27682130
-3.16880149
-1.74457247
-1.50770267
-1.97868977
-1.26449367
2.28205608
-3.57614957
-1.14268170
7.15395447
3.54604501
-1.31682080
-2.40805499
0.54102221
-5.04599196
-17.14370173
1.57638174
7.69270234
-2.96231873
2.76939656
7.70574124
9.36187821
-0.21013842
3.41571539
0.33287719
9.87568211
4.87807320
-15.00734602
-0.26487728
-5.46396328
-6.01451804
0.37472498
-1.86210523
14.86870372
2.20114459
-8.45219417
-5.61718190
-10.29308917
0.67617292
-1.13152759
-1.23836313
-4.58609590
-2.33970476
14.82546229
-10.34089085
22.27400536
-2.39725252
-1.91990401
-2.34705514
-7.46583137
5.77632827
0.00285274
-4.48022195
-0.98299039
0.30453375
-9.46871925
-4.52248315
-9.55523671
0.12794417
-1.20943590
10.47364920
-0.00808487
-0.04699672
8.29095365
-1.38249966
1.79159658
4.73149724
-3.73031518
0.40840822
-4.94889283
19.15297304
-8.97608039
-9.59110804
-0.29279550
-1.34678680
-4.92422485
3.76547392
-0.08143987
0.08005699
2.02023811
6.21617403
11.33420126
2.41776284
6.85218948
-5.48997865
-6.11761015
2.89170475
-8.88511404
3.61379888
-0.85895906
2.59774980
-1.03775406
-5.52491366
0.00253405
6.44974975
4.41153512
5.23410969
1.36778422
3.06713375
-1.16889231
-9.68866755
-2.27530947
-10.98212512
-1.19212621
-2.09779418
-2.75633046
7.18955845
4.56138569
1.29918483
18.76112775
2.18452028
-0.48632409
-0.77210171
2.90880370
-4.45732855
0.42165016
-1.42337326
2.41761366
2.24497530
-6.09698012
-11.52522496
0.44317017
-1.44067125
-0.91361770
-7.87634170
1.53034424
2.82306503
-0.02141422
-1.49645669
-1.37867144
2.48549772
-0.97320005
0.61521865
4.10817014
6.18080594
11.06479066
-3.50275180
-3.28404278
-8.03065083
-1.78517615
0.00681825
7.21080744
-8.13431510
-0.00904297
0.31065838
-1.59147406
-5.05292793
13.41930669
-7.07823186
-0.38050507
6.88008587
6.86700114
2.73400925
-9.88461801
-0.65697435
-1.05405879
0.60320599
13.22484162
15.25847416
-8.28556254
-9.93214662
0.00060092
-1.92684090
-23.08552422
3.12426731
-1.94477342
2.93525236
9.10523421
-10.35601189
-0.27558549
6.08295571
5.69522207
-3.37725250
2.13313346
-1.06684593
0.84652009
-0.26546425
-2.92975191
0.03402846
-0.35823594
3.58484650
-2.85370868
-10.45546499
0.55937556
9.05927324
0.17256678
2.80004872
0.86978981
4.70980496
0.32362137
-7.73860382
6.82976844
-6.41510498
1.47872484
0.21610230
-2.46965768
-6.63711779
-1.36841986
0.91302041
17.10504100
2.99312496
15.09846286
-1.80366976
5.14095497
-16.65795759
8.92330836
6.54633239
-21.40323858
-2.73010589
-12.97264473
-11.32601020
-3.41430398
8.45562283
-0.92851529
-12.45525083
1.47598247
2.20745633
6.26635086
-10.36979581
1.76593382
-0.08542113
-0.73824694
1.39940727
-2.10095510
4.89817331
-0.40777913
4.23202848
-9.84819684
-20.16038823
0.08329887
4.02662936
9.54434905
7.58800975
2.94045602
-0.95313440
9.27478570
-1.69170786
-17.08382826
12.26994165
0.85575086
1.28322154
6.91958889
4.13282606
-13.14075350
23.08765243
-0.46460198
4.49630159
-2.66505373
2.51875008
-5.63408162
6.47150320
0.49510961
-0.10116904
0.71062314
0.84343597
8.30943657
-2.46252874
0.61235735
0.38219743
6.10712059
11.28317135
-5.52222929
-4.54782222
-1.91667740
2.67016015
-2.88980144
-2.45337511
-11.29618779
3.77784066
-4.76901094
-2.57580608
0.46672429
1.53173119
-2.87121532
-0.56482293
-4.96563042
3.84738529
9.05916265
-11.34294083
8.28723465
-1.18666439
-9.77220067
5.30479934
-0.23365823
2.35695778
0.25639078
-0.06708718
2.15570270
4.13662749
-3.24220298
-0.52517251
11.64833148
2.60114164
18.96375935
-5.19598823
5.66794316
2.56026477
-7.21947041
4.05012043
-0.29956131
7.19021709
-9.88551204
9.01888608
-0.88623330
3.52117432
2.14318111
-7.84892845
-17.89282160
6.98153418
-7.34574274
-22.43204160
-0.65327277
-3.16887334
-2.27886330
-9.97323906
-3.40953694
2.42714151
-1.70449345
-1.71246112
-6.18130712
1.59327950
-1.40620137
4.30266496
10.93692703
-6.81380130
-2.68097362
0.76699900
-1.05483357
-5.83927571
-1.43698560
4.76509297
-1.83013224
0.50761135
0.37479946
-1.05080575
-5.83021436
9.01067282
-7.28600303
-9.83337428
-2.43231317
-3.77852808
-0.74220293
0.46767997
1.58792928
0.31939951
-1.00299428
7.82922857
0.07282707
1.66133321
-1.94906433
-5.70963994
-0.53719054
0.36658923
-14.59829696
-4.87468523
5.39842050
-3.20464023
4.00575165
7.51577771
4.61835373
-1.26840313
-6.39072759
2.73708785
-6.67460386
6.77714524
6.75959819
0.92801372
-0.01998600
0.66655859
0.98120043
-2.32637898
0.65614017
0.04984280
0.82831343
0.13291575
-0.01978399
-0.01080264
-0.77276484
0.77181283
8.82191905
0.71575520
-0.18350311
-10.38491044
-1.45392357
-0.74328704
-5.79608926
-7.15484221
8.75224647
17.36616170
10.83584106
13.24894559
-13.89022253
1.48534845
-9.96715418
-8.07330236
-1.96659801
0.16383247
-0.81371230
-1.58113854
5.33327019
8.51685935
-7.06128716
4.67914309
-1.35118722
2.00100318
-2.04667283
0.66157368
1.39150423
-6.14246143
4.11487916
-4.58779021
1.57103817
1.52168753
2.81986725
-0.53264497
-0.35266315
0.68412489
0.91274684
2.69912275
-5.84249416
-0.20850301
0.78619073
1.44804609
9.11060976
0.01547885
8.37524016
3.24220633
-0.99774152
4.34210436
0.19064449
0.13099665
-22.33796227
-7.40672280
16.77561527
-0.20069384
-11.67369418
-12.43460371
7.37986074
2.50217524
3.32216950
0.04377493
0.57557746
6.80444239
3.69295533
-18.98455780
15.29105010
0.54950157
-4.97905511
1.94645220
0.17388034
-1.15468716
-0.18376650
-9.25601868
1.29933158
8.14373503
2.64340525
-2.12737923
-2.51557137
-2.54999317
-3.41820059
21.85674892
-1.61260440
-6.44562623
5.79627100
0.00411856
-7.03716481
1.05706688
-0.20679520
-2.50897300
-0.47499507
0.23839372
