3.50591446
-9.57314898
-0.91878993
1.11142989
0.15025212
0.31916334
-1.40984995
0.63241793
2.89425243
-7.66071410
-9.99571808
-27.16678904
-3.95602501
-8.19662143
2.81518617
-2.78959900
-0.51156268
3.56806123
3.05693740
-22.22271812
0.73188052
-7.41083073
-10.23314605
6.66518094
-0.53963044
10.22584536
-2.09619291
-3.32616605
-14.09724052
13.89343736
20.73718716
-0.40351599
13.29989812
-0.94914072
0.00847342
-9.24168167
6.66304049
4.57383809
0.00564939
-3.91384778
-11.25367709
-4.51091604
-0.69531573
-4.15555432
0.77045830
-0.39521422
1.19524865
-12.71937718
-3.35035861
-6.32719725
4.29193150
-5.01599149
-24.04413433
26.35878207
-10.70780294
15.34594418
1.10914766
8.88145043
-0.37330175
0.21416270
-3.21174147
5.18908205
0.81546779
-11.61243634
3.43214604
19.31460603
0.42057946
-15.69633613
-10.51776979
-0.01687533
-1.08912678
6.94476926
3.16938362
-5.80488775
6.99228213
-8.13527588
-9.79687941
-2.70240970
2.39907069
1.26505479
-17.68155880
5.14406719
0.13865767
0.63469785
7.99808675
10.47399093
12.64094467
4.65342075
-5.91086962
-9.49062164
21.32377943
-1.24135191
1.40564414
-0.95707977
2.52590118
1.33843238
1.00542449
5.40437731
2.91546659
-1.97679802
-1.07225561
-0.12776035
-2.13745977
-4.16874372
-1.77736426
3.59835804
9.37806300
-2.60234322
15.97224920
4.78258378
1.59635212
-9.96231303
-4.88394611
-4.32830049
-2.13086348
2.37814546
1.88953162
7.46016873
-0.82650363
-7.32421209
-0.46250809
-6.81416360
0.98670955
-0.01986387
7.86361449
1.86893824
-13.46736262
-0.36308079
-1.29047131
-2.66924080
0.47897092
-5.91357746
-14.47537699
-2.51719666
-17.14864558
-1.11566588
-9.65162366
3.87359634
-0.19007483
-0.38804370
3.44072449
1.84908184
4.88026019
5.11332234
-6.33002135
3.72146542
6.99033042
-9.03207361
1.61552368
0.77352256
-15.54613859
-2.65991401
-2.35288312
7.74525436
9.58675989
-13.23864926
24.90783921
-6.14308505
2.84867414
-5.52020002
8.28570662
-14.30859882
22.88811153
-16.04024648
17.11416456
-4.62231089
-0.68593417
3.86892673
-0.09038851
10.19519817
-2.43529253
-16.65573825
-22.75243424
6.43702494
2.47526729
-0.26887865
-1.08430240
9.96435463
-0.03567504
0.16248103
0.73799926
2.36624891
-0.50426703
-14.15031562
4.67911245
1.78559326
-6.37427229
18.37360532
-10.45046637
-6.44987554
0.91527758
-0.55649504
21.27318692
3.72338446
0.78148385
-1.61902756
11.79551819
15.54697894
-1.17405729
-0.12306676
-2.60928477
-7.53699968
-6.67313991
0.85058456
-2.54738394
0.90172211
-5.40324388
4.12888779
-0.75582123
-7.42279088
1.16608098
16.99563734
13.20768954
8.57671668
-6.71391493
-4.19697421
-1.29819763
-8.49214677
-6.56281355
-9.93627338
-1.34699733
7.70043234
7.00899943
11.40993543
9.65466145
0.17862018
27.43046832
18.63268604
-0.51539531
-1.26572367
-0.22379784
13.17292763
2.25547084
2.58120756
-7.97655332
0.51473350
-5.71798060
4.88184040
0.85114108
-4.53323819
0.43679836
-0.22174667
-13.20744071
8.05667270
0.22000709
2.56623430
2.83200973
-2.74281208
-7.11769709
3.03123747
-6.11310390
-5.38852604
0.30906908
-3.81698567
-17.14632123
-16.30654734
1.03442416
0.06509192
6.20443942
0.50037932
0.19496122
-0.00873162
3.54388626
-4.97867769
17.52047740
6.78769076
-0.88897857
5.55247555
2.76896261
5.78533568
5.20258625
-6.19787178
-0.86175267
-4.40328281
10.79818677
12.82404302
0.89151944
6.29267900
-0.05453606
-2.94435758
10.14422595
19.13885902
-1.14754774
2.46725522
1.98948937
-2.25228668
2.39103951
2.66497481
3.97629612
-7.40709710
13.14013868
-2.79358568
-0.01284928
-0.00900387
-13.64200579
-5.59741377
-9.47703743
-1.54228400
-1.26810834
1.48426738
-1.14131509
6.65707409
-0.00527841
-5.76828478
-3.73267999
-2.13539505
-3.01555276
-1.05039636
8.93514939
-20.52432285
17.07880656
5.29577253
20.90178381
14.73300329
6.60383496
-13.37090627
7.55879000
0.20056861
8.33291536
-5.64578202
5.54834066
-14.90228959
-8.91506357
13.38823664
-25.40478146
4.37189241
0.20980910
-3.79224673
-4.19278176
-9.24798145
0.64947936
-3.69682513
-0.08750994
6.00265650
6.20107295
-9.18953373
-3.04811161
-0.90571246
3.90894062
-4.09784600
-5.72496480
5.96261504
12.75456593
17.78590705
1.70198730
8.20837963
-0.29220039
-5.91937502
-5.44906871
9.22653940
-3.29480277
1.48819296
9.94982082
-3.48532214
6.77951779
3.81965140
11.37976658
0.10182333
5.20274346
-0.02211461
-7.48175839
-6.97786521
-1.68391013
4.41151991
2.02814022
-3.48329580
-5.53991737
10.77020683
-4.35739940
-1.00085420
-3.88396667
1.16513417
9.32805216
-1.03446597
8.58524970
0.19582586
7.72405993
15.69969630
-5.41349185
-0.54174321
1.79717825
2.41563027
1.85677098
-1.69064262
1.64204808
-2.96087751
-9.95962573
-1.35761583
0.38487909
0.35606903
4.44491812
-1.44710916
-1.63898231
-4.84615223
12.92167615
-17.36705082
10.47599386
-0.86869083
-6.26373949
0.76527951
-0.64676660
-3.14948298
-3.73288344
-0.00918663
5.05366260
-2.96399623
1.13450270
-1.22445853
-11.57554684
12.85377733
12.57153127
-8.04446787
3.26867975
2.92651829
-6.97717756
1.50313669
-0.35370203
1.36789707
-12.27456346
10.30065070
2.58623603
9.62533723
-1.31755201
-13.33270206
-11.22020476
2.19258269
-13.00189945
-15.46660758
-1.26936138
8.50741597
4.28188283
-14.81314056
-6.18048526
-3.83316814
-0.14807005
-0.14610797
-6.24884598
5.24479645
0.87749141
7.64431220
11.58237575
-10.24818912
-3.31331151
-5.89754718
19.29376534
2.70916930
-7.12579575
0.04554203
-6.82159936
6.57367146
-7.90777290
5.03022567
-1.91784430
10.39869248
-23.35225074
1.60639123
-2.61828588
2.06502735
-0.07558316
-0.29567768
0.18718939
-2.09268220
-0.16537785
-11.60899057
1.76310563
-1.11179342
-2.41040146
-7.20964258
2.14439066
-3.84112747
-10.51962650
-6.06879136
-2.65466539
6.80512511
6.42992842
-2.00944730
6.16194872
-6.04057273
-7.26393260
3.99411916
2.37780725
-0.48294516
-3.39371616
-1.80921192
-4.24899884
7.44922268
-4.35192012
-3.39171291
0.31190471
0.93346045
0.60832950
0.54606172
0.06473090
-0.01251261
-3.49924747
4.71975441
9.66192599
3.01805178
5.26010802
-13.18103071
-0.96781865
-0.54497284
-0.69860735
7.96250152
-0.16018345
10.92516025
8.48701624
15.49487042
-6.22038301
4.74593322
4.72524660
-7.22417184
-1.54141229
0.04482513
-0.29513803
2.10548029
2.84288877
-5.80718348
-5.45100716
8.97351476
0.46898900
1.99802359
-0.68966543
1.14100845
-1.62008132
-5.27302505
10.47954919
-12.65337193
-4.61390707
0.09871867
5.85785606
-1.16879884
-3.10006813
1.77673164
1.97161902
0.92959555
6.01316301
7.94150533
0.76973712
3.17643961
5.44393562
1.55873312
-6.06147756
9.81162231
-1.39902199
6.27761353
1.47181422
-0.26097514
9.51897855
-7.86955461
-17.34966313
-0.23168108
-13.67643151
-3.46711196
2.79339742
0.09603494
1.80364312
2.14307153
0.10949650
4.99232839
-0.71240017
0.51936950
-3.69111360
-23.28436927
-5.18180044
5.10512397
0.17968409
-3.23070134
3.19702720
4.68135916
4.35792555
-2.54532508
-0.40519018
-5.43899342
-1.54217562
0.25970836
5.86674859
3.31286113
3.09529529
11.22425946
8.23783591
-3.39591785
-13.92975778
1.53106521
0.03234281
-9.27842011
2.97091996
-3.98325093
-4.85169406
6.65547433
4.94523998
-4.15792530
-8.53422364
-5.91119550
9.36379571
7.53587134
0.27059253
3.91669107
0.00693202
16.55612626
1.08571857
-11.12379043
-3.38782444
-8.64115400
-0.00125199
4.38466766
4.61373405
1.23212653
10.40152358
-0.15949048
3.72195578
2.51030644
-0.46145039
-6.24997325
3.21809853
1.72886484
15.98853680
-3.11380382
-8.80138259
5.19408805
0.22253168
12.92982252
-17.08034595
-4.82832244
-2.14924687
-32.86667776
-23.63760350
5.10549686
-20.48089503
8.19118957
-10.35437401
15.45387366
