-17.39031989
-6.36221577
-2.24288669
-12.07284063
-0.35568049
0.99427786
-2.47241883
-1.58793862
6.25817256
-17.29517513
-7.74317335
-3.51295017
6.14049497
-17.37016650
0.55011996
1.82526243
-0.34271259
5.81789054
-9.51931122
6.06973767
-6.57191963
12.80141481
3.82404491
-8.45107087
1.66703395
9.99479602
1.57823307
3.73951167
-19.88624395
10.20304321
1.14816175
-0.83597878
-6.52417612
-0.12109372
-0.01116257
-43.95921116
13.10897983
9.25082558
0.55100345
-1.00181220
2.24754448
-3.42774503
-2.47666015
-7.25538955
11.23169515
-14.16983273
9.07135983
-20.47298757
-25.44433319
-15.42321169
0.67337004
-5.95919172
-20.13802075
-5.50713063
16.61654854
-0.47480446
-0.41320260
-1.18067776
-2.34844124
-0.01154969
-7.29298855
4.74987392
6.73357321
2.34839957
-2.44656164
-1.50557057
-2.38567899
6.00052412
-6.28693728
-3.12214540
-3.10116704
9.80614165
-1.23210899
-6.01301282
-11.84768612
2.28520944
-6.91925446
0.59265225
-13.33087893
0.66187332
15.02874906
12.60858463
-3.76686026
0.67989280
6.03080711
3.61541210
24.01093120
-2.36497208
-4.29020205
-7.17165844
13.52144195
-1.47540270
1.30046897
7.17206933
-0.24085582
1.23531030
0.66967649
3.20152517
2.89532708
-2.02830416
1.40160592
-3.97798299
2.49779302
-17.89165447
7.35569757
0.35728043
7.35783773
-1.14895704
-8.32205619
0.32690333
5.17053325
-5.62581372
0.17039009
11.81751241
1.08723968
-0.28114933
2.57169390
-11.53902532
8.13231218
0.14217537
9.55543517
7.86424336
0.34040299
0.67196172
-9.02171518
-1.51935550
9.41962025
-8.58676178
1.52474964
6.03959276
1.18389675
-13.85604895
1.30832428
6.88121782
-7.65240366
3.41092975
10.32382435
-27.21389504
3.84978563
-2.06931436
-3.44062300
-6.27823190
0.50884472
-2.62613031
4.27827788
1.01125974
-1.88636464
-7.24957117
0.12239761
-0.63286381
10.01524223
1.44664794
6.29966138
10.20644719
-1.20365373
1.88370088
7.94344311
-3.63117926
-0.84074644
9.45660749
-4.64299477
0.74592975
0.58760922
5.46891662
-0.67771236
-6.34621594
2.56914638
9.06729521
0.66199129
9.30893659
-0.32529806
13.39197758
-12.56747886
3.82583954
-6.62980985
2.32297546
0.39547276
3.48579399
-2.39994981
7.75471735
-16.55496438
1.95496268
1.00018246
9.21532414
-12.26680436
1.40599942
-12.60606469
4.10726229
-14.82586233
18.76205458
1.88635430
-0.56318944
-13.87591206
6.78400071
1.48618102
-1.21437646
5.08580868
5.24590062
-6.66588927
5.00213906
13.82547076
-5.14111118
6.03895095
0.39184770
16.32510511
14.48735622
2.86830966
19.96377630
-9.67085159
-4.06238857
9.73444926
-3.59738830
-4.32457017
5.85095624
-6.84758334
-2.33173071
-1.56746169
2.63547710
-3.18506616
1.76480642
1.35450677
7.71048641
0.01209262
-6.98424398
5.37091363
-0.50084001
24.69613608
15.63889575
-0.80545601
-0.07434687
-0.93312661
-4.52875888
2.42093265
2.49998862
7.28825463
-13.38922943
-4.06685511
20.77050766
2.47182778
-0.05735021
0.43419817
2.13020679
-20.26500178
10.97061109
2.22738005
0.35730726
0.65309846
-2.50286817
0.76822868
-0.52191027
1.20406632
-0.76662017
-0.46408939
4.56616919
-16.13946359
-21.73550708
-3.67432059
-1.71072045
-12.79738248
-0.73971020
3.64165615
0.62733522
-4.29145170
2.06220721
19.44146968
-4.09693485
-0.75646285
1.64136644
-0.68908295
-6.35753371
0.95315284
-0.47257405
0.05192326
12.52533709
3.51922846
0.15201528
5.81147593
-7.74119495
0.45846319
-6.35787174
10.10932850
3.65520812
-0.72291813
-2.06581949
5.31531065
-8.77773208
3.33828941
-10.27545225
-5.30100332
8.09817556
7.67349952
-1.52865920
-0.01219471
0.55533996
-8.87810708
2.40282783
-11.88188770
2.79933931
-6.33156328
-21.90685592
-0.70135704
4.27535369
-0.02628011
-2.66986844
0.15355114
-6.89786545
-4.56255533
-7.13231171
6.53031576
-12.03103055
-0.27686762
-1.82570117
4.80268206
4.73633654
-1.24375817
0.00524281
16.95823979
3.78050525
-5.93002184
-2.31724204
-2.24303597
-15.60111737
1.08271100
8.22914210
8.10219335
18.73223556
-14.38494342
-19.75647718
1.73870907
8.93169055
-0.13304531
-8.00275506
-9.34915003
-9.19870435
3.82126506
-2.98250573
1.22309256
0.00194016
13.87157529
9.43311205
-0.79321864
-2.93029260
3.18663898
8.27868051
10.08237180
8.69668695
0.27343780
4.78120067
12.12120426
12.82608644
7.78290923
1.65274286
7.19900562
-3.44637358
27.98654963
-23.20727337
8.48412346
-0.79746131
6.01181631
-21.48474066
22.61803260
-11.51448522
-0.65280152
-11.64770453
-0.95822868
-3.72142633
0.28569124
-6.40488719
-0.41268676
0.88920346
6.00915518
-0.34250577
-14.12265011
-4.87376673
-0.68806581
-5.50960903
-8.97064099
16.81166606
23.27540091
3.69134790
-3.79715078
7.09556728
0.89883535
-3.31279949
-2.21805837
-2.30369953
-12.93860133
-21.53257156
0.53344294
4.05570528
1.46823569
-1.60519078
-0.18944790
-0.20183634
1.66978028
-0.29177314
0.11545509
-3.19148275
-6.68461455
-4.55499894
-1.54882834
5.10219295
2.02277690
-0.74591950
-1.10206403
2.17254930
6.37421860
0.10369537
-19.32036933
0.34942062
-0.44564505
-11.17435522
7.46205397
11.27543952
-11.99896517
-12.10244744
-5.09047680
-5.51192303
-5.14044236
5.16138354
6.08562850
-0.87986204
-14.74720923
4.70260051
1.58172515
27.43946751
-8.97312613
-13.15911956
-0.18240989
0.59240795
2.00639223
5.96223097
-0.93351253
-2.30926999
-0.53201746
-8.49362776
0.40240122
6.59691384
0.05423880
23.01426856
4.16658721
-11.22101103
2.40815709
-2.76098394
10.54408791
15.97197366
-6.90892879
9.91994489
-2.81702518
-1.63066840
-0.28770625
0.15933280
-11.56403173
15.07054921
-21.64057624
12.71461322
-1.21758145
-3.47187311
-0.56563097
-0.97899275
0.53980307
2.08905355
0.92504511
5.51372480
1.37046263
-1.85889592
-1.22408111
-12.06959900
-6.60564832
2.12137892
-7.83355450
12.45837018
-2.13478014
15.87628295
0.83528872
-12.04954975
5.64979625
-0.33335952
-11.41552412
-1.87043907
1.06525408
-5.05870504
2.84923193
-2.77564621
-22.32524681
-12.83822988
15.44012044
13.66005721
0.24149500
0.44248614
-0.40330678
-7.76298351
1.63020933
-0.01729222
1.46524678
5.45947689
-9.18193654
0.23028483
-6.94074687
15.31838415
5.06516300
-2.96753167
-5.42000122
9.07034626
-16.28136988
-9.62167102
9.30386810
-24.35109770
-3.31224702
0.60263004
-0.61287508
-5.52131907
0.78502640
-0.44734435
0.62711691
2.61401958
-11.76326101
5.41633718
7.51800593
-0.84234050
4.64383820
-0.35998361
0.06017808
2.06896566
-5.18405450
-6.74698288
17.82811579
-6.73887575
4.60000182
-4.10618036
2.37864155
-23.16516498
-2.50271565
4.11696610
1.75212725
-1.65707049
-4.53103761
5.60813561
4.85667906
-0.06504821
8.52839166
-8.71798536
3.09320706
15.02889767
-0.01885204
-2.82753143
-12.44260531
-2.31908000
17.49539899
2.20152142
-9.12286177
0.68548845
-3.22015259
-9.72389391
2.09617728
-0.31747703
5.77906658
-2.12164720
0.18980246
11.82159009
-8.77055089
12.64092339
-2.35210703
-8.24002066
-1.03213841
4.80932595
0.94209763
1.27972391
5.32874672
-1.94343971
2.99976618
-2.30563189
-2.38536699
-5.83069359
-1.57207391
1.53460055
3.82453484
-9.08302030
2.01818630
-7.02498230
3.54766809
0.90012337
-14.15490325
2.51589580
-0.00047304
2.08311001
2.49599261
-2.11759630
7.00004843
2.37307777
11.13341465
-3.34687049
-1.06663548
-6.89129277
11.77056749
-1.41526633
0.71225639
8.51235993
-0.90937340
12.84682216
-3.19053629
-18.33868599
2.07275498
-16.28858811
1.22477251
-5.98819613
5.30114100
1.14456829
1.46675312
-4.98211536
-5.75756826
6.78781977
-0.23613505
8.87759229
4.51156312
-0.13994351
11.41236125
-6.61934759
-4.66474599
2.76607130
-9.11494738
3.48607733
-0.70513076
6.98800025
-6.03620368
1.80843180
3.94473892
2.91873994
-1.11066404
-0.15322002
-0.25899478
0.81645884
16.85990416
-11.99689262
-8.28066396
8.32580811
-2.39291524
-7.33067637
9.14515027
11.60131583
15.87752923
-5.45188956
16.37891675
-1.62773375
-5.69559176
5.88144673
-0.12403364
-9.35659823
20.60132743
-3.36987276
-17.95509351
-18.16737335
0.25217358
-5.99861151
8.95392699
11.99869677
-5.39478483
-0.04304527
4.23221112
-5.77397964
-6.26052190
-3.77033669
2.61424685
4.81152789
15.67778996
1.07977047
14.74349040
8.80777361
9.17088900
-11.94532026
0.98792777
7.27646979
-1.39125879
-0.64842430
-2.47882280
-1.13440520
0.36442022
-17.07211829
-0.76082510
10.93829651
0.55746038
3.76111789
-1.07860536
4.78326704
-4.52738712
-0.64425555
7.51250543
5.56464601
4.83566038
-2.11473246
-10.95638267
4.23383077
-2.48447981
-10.15797744
0.33081285
2.64734808
-15.35554859
10.85074645
-6.48186007
10.66878583
-3.47159849
2.83875312
2.08198931
-3.99509512
7.17624956
0.55848617
-4.72826988
0.95921589
1.56304776
2.06653125
-25.33251952
28.75152173
-3.26837619
2.45481471
-5.86315946
0.02589358
43.74358405
-23.35035789
-1.73928872
30.19319159
