-14.40999970
-5.03499855
0.95890590
-7.33450731
0.15158535
0.01773869
-5.71365355
-0.94827976
4.32689987
-5.88764497
-2.33045784
-3.92943345
-10.03160726
-4.25138490
1.10515934
-1.42529870
-0.14596074
7.44127343
3.52162607
-1.21662301
-6.06336525
-6.95101927
-4.07846161
-13.06417295
1.66158107
16.63591827
3.04619687
4.31305475
-12.98178395
22.07579077
1.20556517
-0.68639760
-0.91357881
-0.56842049
0.03326315
0.79896674
11.86363194
4.34442335
-0.67489174
-5.61362489
3.86530823
-8.01185501
-2.37193023
14.33362081
-10.53981274
0.87774116
8.20541129
1.85048699
-20.34385395
-12.34975758
-0.33638578
-11.10802162
-21.63482424
6.75359891
17.38516448
2.04654169
-1.62903456
-0.07886096
-6.17851029
-0.01309056
-2.28853857
-0.96816153
6.91787230
-2.06707115
3.59192551
5.35370651
-11.00677157
4.64122122
-8.43622009
-2.44313700
-2.85613100
-8.90148424
-0.53720775
-5.89330317
-9.80632665
7.61949716
-9.64198884
-2.23058853
9.31856462
0.59949920
17.95234300
10.27195619
-0.59025562
0.24532624
2.01240513
5.12747751
23.47956685
-3.09272647
-6.62035162
-10.53308463
10.99241080
9.71062026
1.49515201
-9.07641782
-0.36587495
0.86655754
0.83788459
5.22734027
-2.83628107
-1.81598070
2.53151076
-3.56179874
-12.85374865
-14.78677292
5.58610710
0.62278238
9.92839455
-2.19460271
-4.26248048
-0.52956322
4.78725887
-9.48266914
0.85733771
9.91558085
1.00578444
-0.76729490
2.75461635
10.96252933
0.70442919
-2.40198862
8.83463884
4.80109144
2.12669052
1.80582071
5.32609630
1.42124280
1.06016907
-8.58714783
1.40671644
-3.67112800
1.23441685
-9.25336483
1.20952027
5.02645901
-4.04009207
4.04569303
-7.25682851
-0.12274716
-1.39060163
-1.46054686
-0.11259205
-5.81156894
1.84206199
-2.94210926
-12.11549834
-2.36897095
-6.64439473
-3.83156321
-0.16047968
-0.65649886
-3.17756518
4.26415049
6.78184385
8.08198369
-2.58283791
4.51495132
-3.34591259
-4.08512371
-1.13129706
3.61108493
-3.55518640
0.20689799
0.04456981
7.22302169
0.07991544
-8.63664890
2.25884822
18.15412460
0.29517755
1.66093099
3.15384996
13.29755293
0.17287878
1.91511999
-8.73738816
-3.14091437
0.77030635
1.54993437
-0.90388352
-0.42902881
-0.28180108
3.57854014
0.73369299
9.68744135
6.63139192
0.40898386
-11.12815927
3.66054374
-19.46694075
18.83602603
7.67561944
-0.29423999
-5.05049797
8.06928435
0.66264217
-1.66131057
7.80698264
4.31679031
4.81786959
4.56461034
-7.68598011
6.38918837
8.19114091
0.92223476
17.83659601
20.28523121
2.48087104
21.19254623
-9.64716774
-3.49271352
8.62364018
16.46808487
11.61258438
-3.11937714
-5.37092854
8.61445825
-1.76057694
-3.19541239
-1.47090545
3.69854450
1.45710011
4.12863533
6.48388235
8.81451648
5.30537420
0.07533357
24.29251159
15.35583305
-0.63836044
0.01286054
-2.40498065
-6.59064351
2.99084086
3.05220351
7.35981036
-6.12324388
-5.03289927
-7.78316791
2.78787552
3.10295124
2.69664163
4.46448053
-23.92375706
5.23850950
0.25532803
8.84692396
-1.80759292
-1.39712637
-9.25411270
1.72653662
2.49832327
-5.61623757
-0.10468353
9.14713418
-27.07196018
-20.54438353
-2.30308667
-1.49640935
7.61866247
5.40021727
3.74586280
-0.00955995
-2.34541523
-4.99593694
18.50878534
-3.63487370
-1.13145406
8.69120547
-3.32767127
0.42944197
-0.61586977
3.94136416
0.31733118
-5.87713745
8.02580803
6.76612659
-8.41737895
-0.50439337
1.49274942
-8.69538217
13.77492738
-2.23093439
-2.52136277
1.61891030
9.22558102
-7.54447678
2.67408959
-8.91644272
-3.58579590
2.22192930
5.54854145
-1.88886013
-0.01268304
0.31558893
-11.66012174
-7.04182186
-9.61812381
2.11144525
-1.34664144
2.52660231
0.11485241
-10.16055065
-0.01765384
-2.39782347
-0.37341939
-10.66945331
-3.15987689
4.08740977
-3.68879758
-9.94433238
0.60609543
-1.07077773
-9.93768988
-3.84955854
-0.62041998
0.00788462
6.05725068
-2.01583888
-6.36445685
4.77440104
-1.91725459
-12.69408543
0.82644595
-0.55275905
5.83702535
13.91214891
-16.72554618
13.82027546
2.40280727
6.82575798
0.31611227
-6.45316364
-7.00326011
-0.00038689
2.52709157
-6.02226840
1.67579073
0.00224212
6.62380394
5.02210353
0.96887942
0.48419065
-5.23116031
1.34658949
8.75067365
1.86571497
-0.19840418
-7.67840169
-2.66272824
10.04892699
-0.20103752
0.06372836
6.30644466
-4.29393689
-5.10288972
11.89630243
0.66357793
-0.32979822
2.94773537
5.06651801
-22.97161346
-15.40564511
-1.41793099
3.46382484
-0.06315005
-4.58921119
1.17884139
6.81250967
0.82728981
0.07106299
-3.62732108
-0.07836764
-15.92003061
-7.38576164
-1.69968398
-5.57955056
-10.26200290
22.66648967
14.36512286
1.78222900
3.05951662
-7.27976257
2.34143540
-2.08639543
1.91561322
-3.90155927
-12.09633699
-22.84671235
0.56357545
3.23482534
1.78239118
-1.78195885
2.16585050
-3.08594186
6.30898282
-1.61362629
3.47231687
-4.14760996
-4.39651820
-5.39891188
0.85507704
-5.79398546
-0.97092992
0.24719046
-1.69687808
-0.55564242
5.44231631
0.35762306
-18.66738845
9.71763348
1.25117251
-10.54181033
5.77206691
11.60861115
-9.82822395
-6.07393709
-2.04326623
-1.84810258
-6.32249645
6.77600708
10.05338793
12.31479971
-14.87255910
-15.12673857
-0.88180441
2.61584099
4.09589336
-12.41684049
-0.70064476
0.38376485
2.10194418
10.37087509
-2.43234616
-6.72180123
-0.43545378
13.85176658
-1.53198063
5.71926565
-5.28031983
23.16913402
11.86237282
-6.83177202
2.84172824
-1.92110828
11.32361951
15.67282494
-5.48627217
14.42221541
-3.92469001
-2.59126832
-1.49151078
0.09465840
-10.46208380
12.52013789
-21.97345271
8.60213523
-1.25523066
-3.91720928
0.02925727
-0.96648505
0.26839698
2.71182767
2.09450441
7.14548858
0.52747975
-3.40494729
-2.27948159
-13.21961599
-8.57179828
4.06365605
-4.27662301
-4.67870503
-7.65057467
-5.99077253
7.12988035
11.62400239
5.12187077
-0.44807402
-10.16179895
-2.40356059
1.48948826
-3.83917749
0.35994941
-5.13404328
-22.32698505
-13.63444759
18.72293921
15.84982817
0.94710123
-1.62958144
2.54562194
0.99373036
1.58625334
0.33656951
5.63258117
1.14022649
10.77195894
-1.48940298
10.55720596
-15.05830327
-3.30494011
1.63234355
-4.33639510
5.64691131
-19.26530372
-12.98822365
18.59675818
-23.49619970
-8.32954538
-1.82808780
3.24303271
-6.18937989
1.34795775
-1.09842645
0.51655257
2.24383860
2.78014031
-1.28323468
-2.11050466
0.08769025
6.81413914
0.39498605
-0.75956324
3.35415449
-7.13280704
-7.70857170
13.33175014
-15.84128568
5.43960759
-4.33554045
2.78288891
-20.90629687
2.28079377
-0.68685433
1.05031794
2.08179625
-6.13188432
2.11798443
7.18428876
-0.72119168
7.48615231
9.55479028
3.86236359
-6.56476836
-1.87010828
0.64291590
1.84401133
-1.10440934
7.24707650
1.08758584
-1.63749813
5.86164174
-12.51994700
-11.94860344
10.25651132
-3.98237781
4.87618296
-1.70763412
0.21298050
11.99506581
7.19447140
13.10158847
-12.45445288
-6.65232879
-3.01073719
5.78756786
1.19797368
-0.70660851
7.50296241
-2.86924773
-0.40185657
1.90707828
-2.19465708
-8.88765340
1.71700399
-2.10297204
6.44552639
10.60104649
7.12149431
-10.91503952
-2.41418849
1.91221582
-14.24113677
3.13033562
-0.00846536
2.61985260
1.99082510
-1.63375773
11.08049370
-2.46082042
15.32798735
-4.08333212
-2.68724484
-2.10831473
8.74736145
-6.16523046
-1.16846380
0.21858517
-1.85111736
0.64468330
1.51080335
-8.92619770
-2.63410068
-5.05848517
0.30756815
-4.52526655
2.84633705
0.79137627
6.86276253
-5.38465984
-8.69238019
5.89113136
0.39302930
-11.23477623
3.57731256
0.29149071
3.44945323
-6.06759558
7.00410079
5.46217601
-8.17015182
-0.27312825
0.13820401
8.35358164
2.82384111
-2.81464742
3.60065285
6.43365838
-1.16861105
-1.40242313
-0.69273966
1.06741724
-1.17389394
-10.68546474
-9.42833012
3.06324765
-2.96003680
-5.22519899
17.60190663
8.59940663
13.18243877
-7.16868915
14.28170745
-2.17251915
-5.47432387
6.23562965
1.43823190
-6.90208291
12.38282834
-1.41861775
-7.48643841
-12.43882203
6.30068533
0.97514706
-4.81709906
-11.83555934
-7.02682871
-3.58075055
2.67198878
0.01458636
-8.23870523
-4.82324720
2.10898053
6.11325758
16.23412152
1.69480373
-6.86686458
5.71434560
8.73821990
-12.32323242
0.86431727
-7.09614706
-1.65320757
-0.95274848
-4.05094431
-0.99034554
9.43824345
-6.27245740
-3.57189446
2.25683606
1.48686222
-3.15554334
-2.27598858
6.02024177
14.33449951
-0.49296698
11.48575523
9.20884181
