14.49940120
-2.79284408
1.22702844
4.25891396
1.04294173
-0.82850846
-0.40622085
-1.40252933
-3.31374062
-10.97972448
-0.62964223
-2.34670510
-1.70085519
-7.11761136
-2.78895557
3.31153594
-0.61213204
0.02579201
4.84208056
-11.58770158
-5.36228887
0.95979512
-1.66594988
2.42790856
8.15151101
-1.19572887
8.09175913
-1.86508636
0.57691804
-5.24980342
-1.83384721
-1.38662597
8.94429376
-0.08241916
-0.12760267
-3.30704688
-0.24178338
-10.15523012
-0.58518805
6.00717972
12.06995892
4.94913118
-1.93193504
2.69970463
-6.58882252
5.40017135
0.79230402
5.29299327
-5.77147116
-11.37778276
0.40262263
-3.92165044
1.24831462
6.56600850
1.41662269
-2.70197448
0.81461224
0.29937337
3.99262070
0.40138281
5.23700099
5.99828821
-2.17960916
5.17581143
1.99394498
-0.88840838
-7.22078104
-1.43842852
-4.10405007
3.02799984
6.05186532
0.63414153
-0.00230007
-1.21957591
-1.14024676
-3.15123441
-2.18024947
-0.35357640
1.09089080
0.23458267
-12.06742062
16.71842630
0.14196578
0.36453789
-2.50175033
17.68476509
-4.92883717
-1.56071691
-7.08815384
-0.01312123
-1.46614918
6.01789587
-0.56736387
5.63739250
1.36119016
-0.27489728
1.37365440
-2.62102158
-1.57601558
5.04673046
4.62464290
-2.54332738
7.59485863
-2.75579131
5.47418727
0.90822469
4.37227668
-3.23298508
7.17808929
-10.41056030
9.04226112
-9.47966442
2.67208935
1.96131470
-0.19379636
-0.00256836
1.56225909
-2.47919919
-3.01816927
0.49182553
-1.44522815
-0.55417354
4.51383472
0.06215200
-0.03269149
0.16682260
-1.15950583
2.26525345
-0.53528574
-8.95866337
0.05702093
3.26345449
1.98071183
-0.83640672
4.89764717
6.52590766
0.82173422
0.37848247
13.50874744
-0.27524068
14.43117737
-0.21911908
-8.11214866
-1.32625918
1.31803478
-0.28720974
-1.33411842
2.78616057
0.37195273
-0.05625926
-9.65926529
0.96825695
-6.77868962
1.12483179
3.67169469
-0.36303214
-12.23773012
-0.48014324
-0.60873883
0.13154827
3.89429213
-4.29782055
-3.95774811
8.41400404
2.81636445
-1.36119164
5.09167754
0.30529713
-0.34242618
-3.65834612
0.53191613
1.37400383
0.56650099
0.56384454
-2.20913206
1.64544361
6.03466604
-4.42612632
-0.47140216
3.12472689
8.17515688
0.69905950
6.05604631
-3.11981720
-0.47293291
0.27301540
-1.69462794
2.15455056
-3.61023990
-0.46237570
4.82816481
-0.06575112
13.13141313
1.82574069
0.20729641
2.11566408
-0.30573674
-1.28495368
3.70717270
2.85467407
-3.42025117
0.04833839
-0.03011706
-0.09477168
-6.84625140
4.30010938
-3.28162128
0.57216583
-3.25106441
-4.46495718
-10.16739946
8.76182302
3.36858674
7.25927364
-0.04756480
-0.33850067
0.48391459
-4.88023561
-9.83621235
-11.73250576
-5.79488358
-9.89187606
-1.58598143
1.05792318
-0.97325246
1.18794635
-4.24174482
-2.08445171
0.42707297
0.20121344
1.15192316
-1.26400767
3.78976839
0.32438641
-2.62159884
12.86616902
1.81389191
-2.79832869
1.50920541
-0.74695551
-0.87598988
1.82900000
3.16496758
0.86573406
0.27317701
-0.00363786
-0.03890838
0.10457837
-0.72913595
-0.02583405
2.32052235
-7.20489224
-9.17979155
15.50543239
6.63075740
-19.12877385
0.18094126
-0.01570176
-2.95617032
4.21442990
0.71356953
0.12766039
0.46457834
-8.55704106
1.49752280
-6.93992336
0.52976973
3.65895366
2.32188514
-3.97702093
8.95433229
-2.79546213
0.36752708
-0.56855437
0.22500363
-5.70491654
10.18179611
-5.34606867
0.33092558
3.14276893
12.51238668
13.20565294
-1.03545328
1.12875203
3.45123385
-5.42381162
-2.35494719
0.02209470
3.96297165
10.80955501
0.45687944
3.42853691
1.11469938
-1.38953107
-5.36768004
4.73608196
3.01750134
-0.82041600
-1.47429921
-9.53236673
-0.92852232
-3.01140132
0.43108329
0.18049231
3.83356902
-0.92783355
-0.54909739
-6.00086981
-6.55658180
-1.80455895
-1.70450042
2.50300506
-16.20293630
-2.12131338
-1.04144905
0.00842944
6.73718287
-0.39480816
2.04565989
1.80726006
-7.63172871
-3.07018299
4.97934419
-3.27428417
11.46504890
-2.10961776
-1.70071403
-10.97307006
6.83940516
-8.92434752
-3.90088007
6.73602789
-5.61060362
0.04135947
7.81612305
-1.70661612
0.46452130
-0.62142097
-2.34990777
0.02932644
6.02446890
-0.32915491
-6.38064168
-6.76693265
6.30788765
6.44817470
-0.00277406
1.77078075
-2.90300275
5.04060586
3.15348049
-2.04598076
1.66418171
-3.54517467
-8.70776778
9.96011021
-2.48639300
-1.11272783
2.43847458
-1.52671453
-0.12025705
-7.29776418
0.23777586
-5.95336895
-9.84890311
-1.93386934
-4.93573939
-8.17954694
-0.83459921
-0.00010181
-2.36548417
0.17819322
-2.87540798
0.54638654
-0.00032862
-0.03541501
4.40229593
6.52951727
-6.10718100
-2.36112190
3.03674179
-4.62741207
-3.21492375
0.98084867
1.75150417
-2.85958669
9.87845120
3.54334130
-0.00524100
-1.03812002
-1.03169761
-0.32695167
3.35329694
1.12902285
-3.52018343
4.16674429
2.25757386
3.41690470
-8.60364897
-2.42838599
0.34950272
-3.13999101
-0.81256452
1.56544454
3.67323326
1.69672584
2.40953855
0.40427928
2.24445006
-9.85623829
10.11477809
0.31412831
-1.23471847
4.14807760
0.65761443
3.01608168
0.19661576
-6.64165292
-0.54985581
1.43359500
2.74428806
0.38061046
5.08121078
2.48769512
-3.58157919
10.02627991
-13.23184779
-5.94033664
-0.16523534
1.10195785
-1.66888957
-8.78229686
-8.21004493
-0.00107608
-0.44705277
7.93923491
3.66937244
-0.57561024
13.73229932
2.43011910
2.86098160
-6.80858429
5.56303807
6.19306942
-0.07581830
9.53046313
-0.09845846
-0.76005119
0.08201269
1.36424868
2.24357682
-1.09469245
-12.78099086
6.03014602
4.58244186
-13.55973118
-1.23243728
-0.39636471
-1.48890666
-1.84103611
0.56172053
0.54036194
-0.00372342
1.58813617
0.06701822
-1.64863628
-4.10789191
-6.97317609
-15.76716833
6.27858999
-1.29339738
-4.47496007
