-9.59488591
-2.71588202
1.10629025
-13.26577119
0.44504289
0.23517115
-2.56535882
-2.31169794
3.57614745
-7.63383108
9.14330062
-2.51543396
-5.79221902
14.95115745
2.42853951
-1.96812186
-3.01682652
2.34960355
3.76467113
-16.17058792
-4.45796084
-6.24519271
-11.74312274
-2.33403913
-0.71760936
5.43637772
-1.34832741
4.10607696
-12.08578324
9.48537921
1.00103803
-0.25719605
-18.46811290
0.53090377
-0.00589239
-6.01465727
5.62777781
-5.38406243
0.00993711
2.07172889
-10.47440662
-4.28757931
-1.86814193
24.01216270
-12.94796735
1.57617417
3.81184621
-10.22546310
-25.32125047
1.85849436
2.30420722
-6.59457084
-14.59229565
10.56524530
-12.29546187
0.59756399
-2.05126406
-0.54465677
-3.33798079
0.30928269
10.59550990
-2.18231576
9.04672354
-11.76780844
3.31530452
13.91598202
-6.26251016
-0.96264470
-7.93558548
-0.44902481
4.03720114
-6.32424445
-0.74953230
-3.96351730
3.85984563
2.61258169
-14.76216179
-1.98233000
8.92550596
2.09214779
-15.38213883
7.89688748
0.29043079
0.39355332
-0.07992064
10.15024792
22.19773441
0.35183919
2.59447707
-11.68030369
-13.95584582
-0.35894957
0.21337248
-13.90670683
1.27540122
1.40528286
0.52807899
8.54041112
1.76913782
-8.23006275
1.17072308
-2.11145004
-3.24024968
3.03713126
-4.65405856
-3.61086674
12.68933191
-1.82707250
20.00947654
-13.98468984
4.67542935
-7.60818516
-1.45413956
-2.93135449
-0.80015471
2.35054934
2.89583172
-12.06793126
-2.07497556
-1.37524281
8.16591481
-2.21598962
1.51284805
0.08983552
9.64680513
1.79830938
-5.43960011
6.88792498
0.73692294
-4.75524988
0.36647480
-9.00718564
-2.23487368
1.92419342
2.91516415
0.21269027
-9.58917333
3.90396364
-1.48667888
-0.73271986
8.35768685
1.18941194
3.19233639
-2.60390944
-7.99854673
0.64687858
-3.28599505
4.20830751
1.13996126
-3.27841106
-10.79363883
2.32317391
0.54963223
12.80143465
-2.35337407
-2.09411746
1.57509249
-0.98267981
0.12899607
6.79117556
-2.40927112
1.65326148
-2.69385129
-12.73135926
0.41538205
-4.40781648
-0.73135257
-0.02718380
-0.25977576
13.74645613
-1.23292775
-19.80279125
-11.79955454
5.28438600
-1.69119342
-2.34362147
-0.02315782
5.50467637
-0.07011358
3.02144479
29.36020817
-1.79573822
0.35516951
-8.16885946
4.69436211
1.29329492
-2.97627088
3.06442122
-3.67806778
7.53058928
8.39374968
-0.46268193
2.61307992
0.77689324
0.54747165
0.03640776
5.92840760
15.08356192
14.42378313
1.73552286
-6.87532980
-3.71275940
6.75647027
0.41839939
1.31592852
13.41335937
-2.20843053
6.38296216
0.05133699
-2.64534979
2.67484296
18.61336063
8.09335627
3.35579332
-5.53127039
10.11756844
-0.77182619
-5.32994756
-2.89856836
1.63388992
4.19954523
-2.25270658
7.45741033
-0.21114608
2.25995993
0.61526917
22.58257785
16.65057547
-1.71134829
0.01361986
3.78044589
2.82834151
1.20359281
11.88023365
5.39207696
-7.41705903
-6.04674691
2.73404547
-0.10351517
-1.75519571
1.04353431
3.55931221
-18.99546332
1.88521811
0.54644766
4.62021344
2.83608059
-3.23386922
-8.51853737
1.70325499
2.70854878
-11.04046167
-5.29968604
-2.79029374
-10.26571057
-12.52631258
-3.00704865
-0.67347488
7.72244000
-2.11598381
3.18859545
0.17148835
0.80329904
-6.99256565
9.75409830
0.96237286
2.41197671
9.06389747
3.91319243
9.78889338
-1.74655515
-3.96342731
-1.03624468
-5.43988326
10.69777743
13.66805365
-13.62995598
2.21169607
1.69835231
-6.43900257
3.72197028
1.71843535
-0.23628492
-0.09020225
2.69335166
-6.46394239
1.69314691
-5.70107750
-0.96774457
-11.84320428
10.36380711
-1.61942939
0.02727236
0.43190633
-11.51497230
-6.08788510
-5.31354972
-0.67771070
-2.08020441
3.39910771
2.35068627
-12.96010805
-0.01819933
-6.55064678
0.34476077
1.68176547
-7.43021478
-1.97924062
-6.26719332
-4.13958683
0.59145806
-1.66501886
-5.96960180
6.86193066
-0.39557136
-0.40348477
3.36160599
1.12626230
-4.94174550
1.17076836
-5.93445535
-6.89995733
0.01065982
-6.61069507
16.30907586
15.72338360
4.93344537
14.91739302
-3.78054315
-21.69890068
-3.75007304
19.66577843
-13.18775476
10.73311760
-4.23138213
-12.61224148
-2.48748913
-0.70339120
1.59880175
-9.46330912
-2.82721031
2.99107154
14.54548450
18.95826914
6.80742214
8.42448513
-0.61178607
-7.86525540
-2.61050143
8.39718442
-3.25787229
2.81725042
4.25208092
-3.76930262
-0.44309153
7.49118731
0.65059749
0.15049388
5.01313068
4.00063798
-0.43752676
5.68387408
-1.21473627
3.86782277
-2.99306901
-1.54086294
-4.81277610
14.17819309
-3.36269375
-0.51536574
-1.85463308
-0.00850548
10.18589075
2.54721754
-0.28366139
-8.09528925
-1.79925550
9.51426544
27.10026837
3.78133646
0.12784605
-9.15603243
1.76705684
-3.29449157
9.99759242
1.00976375
-3.68060744
0.95956679
0.95509295
0.63753618
-3.02275632
-1.48712413
-2.87524613
4.10743014
9.67647578
-7.72860079
0.02351773
-1.74039014
-6.85009510
-2.02584869
0.27410995
-1.70154526
-1.68791479
0.00520167
2.21181296
3.11714223
3.13748935
1.35496230
-10.96815059
5.24899434
8.64061756
-0.98551228
1.53988966
13.32388511
-5.21442173
-8.44965520
-1.02344465
4.71530432
-5.54680739
4.34291388
7.00647874
17.85404088
-8.64967992
-15.79728928
-2.50463686
-3.25350430
6.07743303
-13.47115092
-1.82441501
4.91777278
2.54829505
-14.10245100
-3.56559007
0.25743950
-0.61261654
3.39914224
7.23839447
10.55342899
6.17803512
-0.03074542
14.28325233
1.32630649
-0.23171470
4.57206613
11.57119218
9.93594039
-1.53441411
9.24495384
-3.96769286
2.33208424
-1.44156855
1.62576645
-5.00627594
8.42105460
-25.54464149
-14.83856066
-2.61077792
-3.89594461
-0.88636363
-1.61412822
1.20453434
-2.38535292
-3.04772552
4.43961218
1.74620300
-1.39127641
2.87343035
-5.38598019
-15.14839889
9.75584231
6.71717172
12.51018313
-0.88239629
-1.99761207
3.08616324
2.72645693
4.67722313
-0.56590905
-6.28182945
-0.35885353
1.79723768
-2.76407366
-1.16735352
-4.36582992
-16.88762784
13.52994610
-8.29848595
-7.84704731
0.81352783
-1.30429233
1.83333499
-2.04761722
0.42480097
0.00121701
-3.25204809
3.23556444
12.85654950
0.59804625
7.84958873
-15.09252355
-3.08238168
4.46240977
-3.80511900
11.86211920
-8.10686979
10.85643911
11.56260874
11.96255688
-0.68766185
-0.04729799
-23.51026048
-5.56983421
0.31866569
-0.83463537
-0.48486914
1.50450090
3.07462562
-1.48436715
-5.35388574
1.92818735
0.58025052
1.75349569
-0.37249243
0.72982779
-5.98257665
-6.92056617
13.48045204
-15.35776648
4.35284200
-0.72734556
8.24173158
-10.03833076
-0.49187386
0.25688208
-2.12234059
-0.89187171
7.44659247
-0.71297967
1.15667312
1.49834787
8.73003905
-0.66135596
1.31177446
10.91409465
-1.65137725
4.42587071
1.40209140
0.39095946
3.61239925
-8.71142563
-18.56071447
2.84591523
-6.92131984
-4.68359413
10.88706344
-1.01405675
3.16029340
1.54491072
0.19074424
5.22260475
9.66087689
-0.96589963
1.63432565
-7.29316791
-5.76583264
4.88451897
0.00135452
0.56772882
9.46224060
-0.38092285
3.14691803
5.36452291
-1.66690138
-5.68603635
-1.95540397
0.00883804
4.69309765
-4.48704919
6.79378319
11.45371210
4.01544040
0.85701009
-12.98016030
2.03348981
-0.00216112
-5.30877225
0.70020092
-0.60324485
-0.17514270
-5.76873401
3.45628234
-8.74013436
-15.41408193
-3.58309519
6.16218900
6.60534640
0.80885926
-3.65690662
-0.34102305
9.79632081
0.20711005
-8.90295304
-4.10069920
-1.12329404
1.34139201
-4.87217777
4.60697267
0.58824051
12.03735254
-2.86187737
7.00863754
-7.01329850
-0.68351674
1.25681134
5.68393444
1.79359374
-1.28471912
-11.45757379
9.39137064
6.14090261
-3.21639212
-1.15850208
0.09743649
5.38694495
1.96353807
-1.52927887
-1.34132994
11.49370884
-1.52250865
-0.17556302
-0.24682881
0.13350471
0.39136571
-8.57483788
0.98083585
-12.49304538
-7.39462326
-7.29479569
14.19092113
5.73523347
9.16757821
-4.29684859
9.57505499
-2.47443735
-0.27943800
3.20229790
-4.92314476
1.32588693
27.47394170
-16.42805631
-15.28258091
-10.97820986
2.41814272
-19.07227620
-6.01016394
-31.39607142
