17.86158622
-1.05761769
0.71331710
2.33787696
0.57685763
-0.52976510
4.27059539
-0.15455631
-0.90186181
-12.99635167
1.33749905
-1.52753433
-2.11318652
-9.71931583
0.78293503
1.34643177
-1.70631301
-0.94516812
-4.57776832
-9.64463195
-1.85678781
1.94104374
-1.28824052
3.40987594
-0.15544804
1.33554125
8.34823492
0.27550309
-1.02379960
-7.09911760
-0.99622542
-0.63889960
-2.67317246
-0.32157214
-0.18365709
-3.40944961
-4.12891898
-11.55218200
-0.61048402
5.65568694
13.00065344
-4.11735046
-0.35799246
-8.41928157
-6.05783578
-1.71430423
-0.41428045
2.34030832
-14.11738109
-16.19175205
-0.69192652
-2.92935894
2.95706361
6.76886631
1.68993188
-3.81171051
-0.80786047
0.13360538
4.27748585
0.46198833
8.89903519
-13.47631295
-3.81863995
4.48347828
0.81921304
0.05905590
-1.43531382
-1.56355387
-2.66949719
1.72471669
10.10570884
1.70042818
-0.00262795
-0.51917899
-4.17623679
-2.59266215
1.73786207
-0.72121674
3.02338618
0.53577818
-10.55392878
12.59968042
3.83553391
0.78424096
-2.97385686
11.67890700
1.36475152
-1.77668486
15.54227741
0.00829408
-4.60587180
-0.61551341
-0.45339720
8.15586207
-0.01513455
-0.49949405
-1.43980624
-2.13956214
-1.70730186
3.26086309
3.93098804
2.17886843
5.79025567
1.59417242
9.83486084
0.08916246
7.57710541
-1.33052258
9.91545942
-12.35672850
7.38198069
13.39691577
3.29211186
0.99663236
-0.56537648
0.09259613
-0.21931843
-1.16237845
-0.83026223
0.65482753
-0.41578213
1.80390914
4.18324125
0.06546202
-1.29378791
-0.11272554
-6.80144468
0.73150649
-0.64227861
-8.28551709
1.31671073
1.04187148
-0.78962036
-0.80220153
5.46911972
5.85890520
-0.72799181
3.17416304
11.58800120
0.57476381
10.59551801
2.43714068
-8.26814471
-0.07418820
-6.74249150
-0.29337931
-2.35244677
-0.53131275
2.12838400
-0.48832429
-7.88421518
1.31203885
-8.19597268
2.94289075
6.15303646
0.38058996
-13.01906853
0.24983308
-2.03137782
3.17723912
6.31088508
-4.50258675
4.90450957
7.10666898
-2.53782789
-6.11879454
6.80857324
8.34837612
-0.17918692
4.04995619
1.03148153
1.46895141
2.16831280
0.12383302
-10.98933475
0.20936152
2.26476323
4.45830073
-0.67658399
0.60405371
8.96958412
-1.17807401
-2.31932376
-1.46022251
0.44704300
0.14489734
-1.36224654
4.02204871
-4.23939332
-0.88757260
3.85242917
-1.88497910
17.94563217
4.38755674
0.06469730
-1.27808929
-1.84737455
-5.11006341
3.91053792
2.19932840
-4.60449190
0.02044909
0.44223711
-0.85559321
-1.44593235
0.42738906
3.86062552
0.64285025
-3.25541000
-3.89572856
-9.64300943
6.69793334
2.47766692
2.49398021
-0.18796314
0.55445997
-1.09725201
-2.96679409
-6.55444729
-13.59539042
-3.79684504
-10.24441339
-0.13133015
1.08179041
1.67021280
1.25923786
-3.88327948
-1.26880672
-0.47530615
0.53869143
1.09011480
-2.08113940
1.93017516
-0.34142443
-1.87144084
-5.75052209
-8.58753093
-6.32510107
1.61956760
-7.62882261
-0.28394561
1.17246161
4.19140347
0.22730754
1.38171009
0.31605417
0.15166610
0.46613444
-0.66613662
0.24279476
2.24473393
-0.96385656
-8.96288051
18.12503294
11.75681472
-14.91455155
0.65477023
0.13904122
-2.49382200
2.99564625
0.11716908
0.08139840
-0.95758303
-5.35727145
-0.54496352
-8.47382327
-0.68827090
3.28159951
2.48533960
-3.67983721
8.96193912
-1.66597331
0.42552477
-1.33331370
2.22028120
-8.44531449
13.80400512
-3.17008901
-0.52724323
-3.81629076
10.75994341
14.25061566
0.07308043
-0.25271084
3.31900964
-4.24177319
-0.20399070
-0.61994457
5.39594477
22.41385488
-0.35326688
2.65763051
1.06998428
-1.13635583
-0.75784428
11.09815571
-1.07922301
-0.59850292
2.06972348
-10.03007088
1.78106518
-0.79888033
0.12990274
0.79906041
-6.00069117
0.93096637
-3.44949392
-2.13822514
-7.27162241
-3.01933088
1.06460849
0.66477780
-20.95504321
0.37995628
-0.21227034
-0.25766164
8.99930818
3.09524668
-13.25546850
0.82782613
-7.06457548
-3.09214337
5.99178890
-6.95148696
3.29289882
2.48376701
-8.24846649
-11.17315022
5.75119330
-10.33357806
4.71848835
9.32300087
-4.78156375
1.93741623
5.96795512
-2.13189799
-0.39986984
-0.69241276
-2.09372664
-6.21198832
6.82116079
-1.47216592
-5.25491003
-7.22020541
4.64327839
1.36017631
-0.00078278
3.20979319
-1.84601748
15.05509361
-4.66701666
4.42461056
2.25113064
-0.01853550
-14.59417954
10.68472213
0.11371915
-1.71175916
4.28792943
-1.98845564
3.62308586
-6.50453183
0.58184836
-4.05160312
-3.42768596
-1.26502907
-1.15380483
-13.53341319
-0.24253927
-0.47544604
-2.49369605
0.84078423
2.36573771
0.01703560
0.00884869
-2.20260706
6.65986822
4.96748066
7.89101755
4.15269528
3.28746743
-4.95992335
-1.84638916
-2.26214447
0.02471169
-3.71597746
13.36392680
3.52587837
0.78404862
2.70533099
1.84014029
0.00237324
-5.76552188
3.48491050
-2.30167415
6.26464807
1.61839268
2.72765246
-7.25524718
-2.35519172
0.53445347
-3.87516347
-0.97754001
1.69131041
-2.16535612
-1.84624669
1.48462028
0.53840841
-4.61426415
-0.44321538
11.03537829
-0.63011750
-3.09725614
-1.43109043
3.42614839
-8.93269565
-2.81682853
-6.45518875
9.79377983
-2.94801640
1.72206108
-0.37109322
5.13116357
2.04230336
1.98587064
10.46666519
-13.06215654
-8.34035802
1.28656407
2.91258087
0.46428029
-9.51666966
-5.10012221
-1.35911518
0.00669268
5.29063716
3.53326983
0.03358031
7.57198366
2.64503663
4.17078484
-5.47285856
4.34568534
8.22907350
0.22013114
-10.18135102
-2.37185557
-0.30513969
2.38058664
1.99586801
-1.22462895
-1.28012690
-10.14462492
11.85415010
6.15118761
-12.34939783
-1.68257912
0.20128324
-0.83326161
-2.28772042
0.44621006
0.81127931
-0.00347854
3.00506659
-0.00496424
-0.25517581
-2.02349195
-5.98896887
0.02208433
-6.17671268
-9.97573161
2.90293868
0.85108583
1.11336824
8.16057280
5.25081560
1.21411042
-0.62399584
-1.60848329
2.72727870
