6.28659786
-2.37521729
1.17722217
6.41275095
1.50851858
-0.46502686
-2.75599628
0.77909870
0.73784950
-11.28381335
-7.16817549
-1.15350292
-6.76724722
-13.08955221
0.77055710
3.19869013
-0.08096424
-0.05529157
-4.55099438
-8.53110592
1.00993440
-3.20422031
3.31008447
5.36849829
-2.63171084
-7.47766170
7.59211803
0.13989973
2.59478501
-8.53091525
0.00454072
-0.67722052
1.42820627
-0.16354692
-1.16409293
-5.80022328
-0.85707559
-7.87447817
-0.00097466
8.25729616
9.76048261
6.55453509
-0.35286152
3.15991349
-4.11908291
6.45941474
-0.72386832
-7.64506542
-5.45538401
-7.63311736
-1.18507911
-6.27891663
-0.71300461
-6.21714879
4.62485462
0.13068916
1.30449746
-0.58366353
4.23967977
0.90858120
10.22916504
-0.69547272
1.36369557
-2.61406739
0.11700230
1.61172386
-4.48935052
-0.44432580
3.31048775
-1.46839173
-12.80857920
-0.74663113
-0.00062276
2.56570362
1.51580255
-4.11221350
0.01401936
-2.00608454
1.76012914
0.18972253
6.85006579
-5.66564334
3.90651345
0.12340282
-1.76947371
-11.46359039
-7.03366978
1.53408878
-3.29800956
2.91491393
-2.20210487
5.38272718
0.52108226
-1.01505314
-0.01753398
0.22490485
0.92711131
-1.55768936
-0.00395975
-2.30562656
3.88541268
-2.06008499
-3.31630185
-6.95640073
4.12760806
5.85610432
0.41925475
-1.39065879
-7.66412040
7.58616527
6.83821646
1.65838862
-0.66545745
9.24185885
-0.50989979
1.20419854
1.50058835
-0.03052068
3.95910565
0.64795773
-2.16538976
0.03270942
6.08768035
-0.02836756
1.74110367
-2.31442920
-0.15893095
-8.59116390
-0.12169541
-8.01441375
1.49492548
1.84133651
-9.05829865
-2.53677743
-1.64481858
10.71730848
-1.41671050
5.89866314
4.83454107
-0.37015810
4.69066040
0.66221316
1.52120523
0.30666413
1.54423105
0.33471739
1.55470496
3.63049549
1.40082919
-0.93094734
0.48627925
1.74221979
-3.93029280
-1.02730945
-2.04479343
-0.38646958
11.42256969
-0.63613712
-0.45102598
3.76880453
7.01720822
-3.33035490
-4.79860757
-0.10485277
1.13767362
10.40692854
0.60344765
0.55216560
-0.29596015
0.84720085
-1.91281028
7.20253724
-0.65194888
1.10639404
-11.82327408
-0.89916034
0.74870294
-2.27535135
-0.15816036
-2.44771480
1.06726510
1.64408087
3.46722777
-6.57128448
-2.10079190
-0.00530869
0.07920934
10.81558171
-4.14833591
-3.52790930
5.37366592
-0.43659216
6.50892761
-2.15852230
0.08707037
-1.64243887
-0.29878462
2.93807073
-2.19609856
-1.43947459
-1.95619470
-0.39657288
-0.88332755
-0.15330068
-8.69161207
-0.47109309
-1.32555634
-1.11169600
-3.45830056
-3.60145330
-3.31485953
3.30986701
4.27585052
-0.24860212
1.97594082
0.38026197
0.05487067
-8.53569966
1.87468194
4.31236333
-1.98185200
2.12034440
-7.57086360
-3.75821102
-0.11034791
0.50908751
-4.21210445
6.78075163
-0.64851764
-0.12166612
0.19201556
-1.32892018
-0.54055780
-4.37575727
-3.92203456
-1.15751478
1.76162830
10.93002974
0.32326586
0.26303625
-1.68755104
2.31251357
8.34906409
2.94247252
1.34465485
-1.08435107
0.76931038
0.08049193
-1.24627231
1.37648627
-1.07104276
0.68862822
-0.70704676
-5.93806639
6.97587690
14.09437379
0.75026598
0.11651708
-0.40698336
1.31130613
-0.25077979
-0.00461570
-0.29935348
-2.14647177
0.70685750
-2.97153150
1.13824277
8.25954272
-0.22099193
3.87413332
-1.88154099
-7.87049890
-0.62901202
0.89059959
2.96243260
-7.51167081
2.51909491
-1.03018029
0.07967047
2.01780012
2.49204182
-9.30103000
0.67617729
0.47194953
-2.33254871
-2.16049952
-2.51375416
2.58192879
8.13515932
7.37664957
2.12754221
0.37380641
0.23698148
0.39634111
3.16407947
-3.60766075
-0.66663423
-1.27429703
5.36480962
-13.90217373
0.69328468
-4.27939667
-0.00823790
2.40027851
4.60279917
-1.27445868
-1.10745641
1.34988067
2.19053618
-0.03596734
1.69283889
1.42624934
-10.36118305
-12.40003786
-1.27096792
1.02668587
6.25978271
1.96014904
2.25148344
-1.01119043
1.45884353
-10.66788996
3.37253869
-3.37684663
4.48103309
2.21221857
-13.56025341
-0.46141067
3.68071494
-3.16580490
-0.83403416
-3.03175024
-6.19452136
2.11897014
3.59395348
1.19739698
0.22848080
-0.57029034
-1.30929925
3.66374906
-0.59009246
-0.13623497
-8.72332387
-7.68776031
4.71065250
2.48587992
-0.28644547
-1.37902408
-4.63839231
10.41433212
-3.76125978
5.58141549
-1.37532173
-1.82177696
-6.84616419
11.68156609
-3.33864756
0.12441691
-0.75723131
-1.92965349
-0.50049305
-4.55284461
1.52693506
-3.22833970
-3.40965455
-4.65170442
-5.02105867
-1.24905778
-1.59456706
-0.14919924
0.32261005
2.51531362
-3.18247135
0.93773934
-1.78178573
-0.63440040
6.12983407
6.62287778
4.83981719
3.69873774
-0.08812498
-6.84186891
-1.61090460
0.83642094
6.36193183
2.87612909
-0.19028258
5.75682920
-0.00210321
-1.09066921
1.83281463
0.00403208
-8.56543034
3.99351159
1.34068738
-2.66736366
-5.98843665
0.29847196
1.01892310
4.17400599
0.64335635
0.39540733
-0.36092442
-0.04012016
0.97864325
2.03619887
-0.03537685
0.39627434
2.74635920
1.79401627
10.22379017
3.56500714
2.19229597
-1.96547399
-2.30774891
6.32594021
0.02848876
-5.97438721
-0.78032100
0.57510289
6.96584745
0.15317338
0.96822492
0.83950553
-3.38650254
6.06178041
-10.97018260
1.22058729
-1.67560733
3.08629887
-0.03049178
8.49633875
-5.09758548
2.96954515
-0.05046064
10.16457143
-2.20210487
7.58616527
1.87468194
4.31236333
