1.66989686
-5.12663170
-2.78868024
-8.20967802
-0.35471568
0.01649946
-5.87895173
-0.61841672
5.01845152
-6.42040653
-1.36870961
-1.47898980
-8.67778796
6.32865559
1.63642504
-2.93709957
0.69834966
8.38450453
3.57750519
-5.84794108
-6.77964613
-4.93659045
-4.10019201
-14.58661756
0.31820456
16.91276055
-0.91052599
3.80581141
-13.83477414
20.14200403
0.39047182
-0.62486155
-2.74799701
0.19093962
0.03334631
-3.10330894
9.72820508
4.46634579
-0.05669542
-4.20406723
2.43943323
-1.71241838
-1.34188989
16.55349911
-7.37594726
1.57025688
8.35047943
-0.62798329
-20.84341455
7.34266623
-0.41546444
-17.68981170
-22.76644549
9.01413555
11.05962813
1.98230645
-1.99775779
-0.08223559
-22.51809764
-0.01513943
-5.22446493
-0.18324965
6.34940970
-3.82830398
4.35353790
10.84020579
-8.32005132
4.33865205
-10.82818058
-1.16703867
-3.38027468
-10.29625542
-0.55132093
-11.62803945
-9.05126147
8.13219899
-8.62654391
-17.65311250
8.54374908
1.43408882
15.21180873
10.17267991
-0.75284239
0.30622501
-0.56135270
5.76216677
24.29259769
10.14915054
-5.56465548
-10.02468665
12.08298943
12.61394735
1.69053656
-9.90847567
0.27206382
2.71397821
0.99820095
12.30327136
-2.75661934
-3.52921032
1.97370523
-3.54381539
-14.07724731
-14.70139879
5.41682343
0.16247968
12.50777841
-2.08660779
11.11127626
-2.16394571
4.47035907
-11.46631685
1.28139842
-5.35651363
0.09793230
-0.95122353
4.17506647
9.61514543
5.09370002
-1.24950937
8.37514931
4.94052964
7.84899415
1.97968134
10.44175860
1.14226847
-7.28944217
-6.86749600
1.56575961
-2.00189696
6.33427380
-10.31081625
2.49382180
1.92522306
-4.24275839
6.98927177
-7.50450333
2.51280803
4.94585917
-1.12365671
-5.80682079
-5.42241616
3.26899649
-3.69060849
-14.07654239
-2.55843442
-6.85130403
-0.65064555
-1.51343706
-1.51988153
-3.78869430
5.98036665
8.46239549
9.68169980
-3.59879139
4.35116667
-2.29547119
-3.44140686
-1.44928422
3.86747601
-1.54666335
0.24951331
0.78558041
2.66472308
0.21388576
-10.89247671
-0.29226882
24.13389389
-0.00246409
16.63941674
7.35283880
-1.77621640
-7.77377964
2.78467168
-3.96149071
-8.41696811
1.01237452
3.23900944
-0.27142332
-2.82946652
7.54288493
1.09876495
-0.70894287
8.77896077
5.96852095
0.33131597
-0.44271571
3.36601200
-17.43280828
19.69853689
6.36099221
-0.62582722
8.37507638
7.89768505
0.41380607
-1.84557578
9.46936581
2.88387276
2.34935073
4.15127024
-6.46682895
6.56958936
9.08898933
0.49442135
15.21022506
20.34685823
2.39694265
21.75433012
-8.64424123
-2.50938379
9.15603406
16.46583596
12.14806995
-0.39305426
-5.82690357
10.82675034
-1.83181070
-4.66615540
-1.14018152
7.10975577
0.17755810
6.53590610
10.64729632
12.29765898
5.97223657
0.84832185
25.72423868
12.62495604
-1.36025033
0.01272836
-2.60361398
-6.56145066
3.47347686
6.85740969
2.69218914
-7.14079472
-4.58538147
-0.80254801
3.59566367
-1.25348339
-3.23602343
-3.18557660
-26.06683771
3.53977154
0.14646179
22.33680175
-1.81876767
-2.23356287
-9.20172446
0.36779300
2.39185669
-7.24855848
-0.13674831
4.61450038
-25.44708241
-23.88681615
-3.70193469
-1.65980597
5.36512721
0.94792152
-7.65197539
0.23367989
-2.50187614
-4.83901569
19.04332131
4.40975341
0.10892950
15.28355664
1.20246797
3.76890007
-1.23084073
3.62641772
-0.48298665
-5.41267876
13.30698216
9.48609544
-8.38110600
-6.55119754
1.57172747
-8.54353562
7.50900185
-0.44630570
-2.70917182
1.34234758
24.40128629
-8.97441766
2.75877270
-8.23477706
-3.37129017
-8.43253423
4.79437941
-2.04700451
-0.01233313
0.40416154
-10.35876311
-10.97381362
-9.55635355
3.55490557
-2.31656819
3.15131102
1.65465194
-10.11699740
-0.02509941
-5.30303435
-2.36867796
-10.95855725
-4.58950898
4.58805530
-3.64838053
-11.15269695
0.41859367
-0.67886112
-10.12838919
1.83185063
-1.40279362
-0.16845737
2.43512122
-2.44374741
-6.54567132
3.57524582
-2.07856544
-12.12333779
0.32385021
-4.32223480
6.60955130
13.32839458
-5.42213539
18.57221072
2.50309119
4.90763728
0.74534604
-4.68465304
-8.01551519
7.09258688
3.20234263
-9.29544971
-1.49384610
0.00747484
-6.85016609
5.55925119
-11.12409486
20.20090005
3.66505790
-3.48214095
7.93845105
-0.88954022
-0.16963339
-7.24025143
-3.17837236
8.86596303
-3.62772046
7.68997613
5.06079005
-4.84759260
-5.69529915
11.41507247
0.37030003
0.43120564
0.61425692
2.33221578
-29.76356818
-5.19862684
-1.42057835
3.92829361
0.64415188
-4.08011819
-0.38396165
12.13189626
0.07949409
1.22842382
-4.60772502
3.81442106
-8.00612461
7.96163218
-2.66413918
-5.23015194
-12.37738333
10.56253091
15.61419631
1.64361936
2.42504874
-6.58143293
1.35795538
-2.38063552
5.95712827
-6.71742004
-10.12434725
-21.97167479
0.62545399
2.51029269
2.36255902
-1.38278825
0.76656735
-2.22369127
6.62156938
-1.93706804
3.50986669
-9.06630456
-6.66636174
-4.83575758
1.19104945
-5.31791223
-1.78220528
0.08053322
-1.76962269
3.86802746
4.75431039
0.82434630
-16.33740194
8.88406501
2.98288638
-10.29395081
4.99418296
11.92949775
-9.91123067
-7.19352512
-1.19050946
-2.01156651
-8.00130393
7.53989360
12.03842423
12.49349082
-15.19772486
-15.09076975
-1.57378367
2.95406229
4.04246246
-15.21178343
-0.68881212
-0.17234490
2.45855500
-3.69239270
-2.15491695
-1.48596810
-0.38445994
5.87453684
-2.45890256
5.56950481
-5.80000242
20.06336228
12.37947694
-2.87319190
3.35152359
-1.34931192
12.37859909
14.71504468
-7.43202578
17.51791210
-4.04665415
-3.23732457
-1.37893789
-0.53736317
-9.05981276
11.17590349
-22.46013470
9.05588842
-1.64979919
-3.68256980
-0.48727568
-1.09636920
0.23918698
2.77026710
2.13875484
7.13388081
1.22898588
-5.11235976
-2.66888053
-21.91751390
-9.82853767
5.58039999
-2.35513220
-2.33663116
-7.95634717
-4.09522897
6.46022397
5.61697984
3.76234196
-0.85326696
-8.05370098
1.31857343
0.68038100
-1.49595929
1.48253798
2.96631957
-21.87777494
-13.49319602
19.69454665
16.75130260
1.39159734
-4.44896801
7.13896044
-4.22024007
1.68017233
0.89793366
5.84973726
0.56659304
11.37959116
-3.42049613
9.13920429
-12.98096334
0.03831207
2.28063370
-5.00075898
6.64335587
-19.65205509
-3.99310759
18.82955801
-22.13661542
-9.16198393
-2.23991607
-0.34973140
-5.87738557
1.13493838
-1.23790745
0.22033049
1.33212816
3.18333494
2.70526532
-6.09584225
-0.36562229
3.59458090
2.04008756
-3.52263245
5.21354163
-3.34539030
-6.06897002
12.99692472
-15.85552057
4.73239993
-5.37020712
5.22933159
-19.70828064
2.18392001
-1.85383738
-0.78057264
0.01499922
10.72053327
-2.06338628
-7.07868024
2.70352447
6.25661356
18.59733352
4.82166028
-18.28080539
-1.87853445
2.49167749
1.68832734
-0.89735521
-8.60812673
-4.58325429
5.14643759
3.22542358
-15.06580801
-1.55962220
9.78378698
0.29222768
4.81812094
-1.30801898
0.15142815
12.36524471
11.49649503
3.42147008
-11.53482736
-7.85002220
-3.74139701
5.61618962
0.54215551
-1.09011016
9.38030387
-1.02851133
-10.37276127
3.04392231
-2.00778178
-9.91359920
-2.76891768
2.91813478
8.36177943
20.57177922
6.68202714
-11.10261788
-2.57063642
2.10028179
-13.99756067
3.14350965
-0.00841131
2.79325932
1.86469583
-1.62533935
12.45085861
-1.99559893
14.12673373
-3.93413003
-8.38285538
-0.70921787
8.26276499
-6.93916433
0.64884435
-3.23757688
-0.82599281
-0.51280390
2.04235037
-8.66783797
-3.58802833
-2.73974071
0.67670446
-6.05513355
4.34818013
0.28148409
5.69978335
-8.87649685
-4.35532620
4.27970366
0.82082056
-10.98752493
3.81536955
0.98930402
2.01887376
-4.44450649
7.82930472
8.63580411
-7.44070792
-0.73983146
1.48693224
8.20513397
-1.16189287
-1.32496463
-3.19692657
8.38748755
-0.37843321
0.51174629
-0.61546609
2.04082658
-1.11196099
-10.35354199
-6.13399421
2.91687542
-4.65152973
-5.86178582
18.91101596
8.59382615
14.17750435
-7.30504738
12.39243518
-1.87970131
-4.80811448
5.22814816
0.48335701
-3.27977877
12.20170863
-0.66188353
-7.80545728
-10.87294747
14.23210902
-8.81807200
-6.71692749
-17.71379244
-7.67034966
-5.29228285
0.45005983
-0.49542667
-8.97533055
-7.16768893
0.79539568
7.93874197
16.46308023
1.52629226
-10.35689645
1.37661832
7.69998398
-13.77052590
1.78516987
-10.84271811
-0.77718027
-0.00006561
1.11816727
-2.00733329
21.94788566
-16.91343539
6.92198494
-2.92914408
8.59827337
-7.07769611
-12.56161865
-7.85657236
