0.78544131
1.31485702
0.64502154
-11.53972863
-0.10469215
0.19865658
-2.61907009
-1.73253489
3.28788929
-6.88238135
10.45144095
0.05971658
-5.77292961
18.28848997
1.02211600
-2.57845875
-2.08527069
-23.82203127
3.68105359
-12.79685479
-5.83771291
-5.80453747
-3.64311401
-9.67114768
-0.39063150
9.88341741
1.92089246
6.17658676
-11.51302958
4.67712749
0.85925861
-0.38418534
-18.59694445
0.36716066
-0.00497452
4.13836002
5.28661816
-2.53155927
0.00594607
0.23824700
-11.11460913
-7.24306412
-1.69199186
21.15463993
-6.21179327
-2.05592264
5.50913322
-7.04358059
-24.75702600
3.39525871
1.30625311
-5.53040366
-16.58695224
8.34924571
-13.10547461
0.62672276
-1.84168192
0.00349635
-3.31177919
0.30664909
-3.37720139
-1.51827063
7.72859289
-11.95774891
3.15022828
47.68359112
-4.09451593
2.04102256
-7.80555103
-0.18346621
1.30039124
-6.36670016
-1.08719818
-3.83380963
2.63316010
6.12066334
-13.36840554
-1.25466882
8.30031386
1.33762283
-16.68790269
4.71252267
0.07321565
0.46038143
-8.84693279
6.58069453
22.69468207
-0.29142403
1.53755181
-9.88645260
-13.22683068
-2.42068575
1.22628147
-1.48649351
0.68051546
1.31040701
1.03109068
7.26370135
-2.29093139
-5.54336806
0.94454632
-1.59980260
-4.90729067
-4.81423436
-5.39152691
-2.18101821
23.58937433
-1.76580065
19.08357392
-11.09754426
4.07821877
-7.21224016
1.50552626
-8.92579970
-0.74756682
1.16794460
5.08348570
-10.42454857
-0.06394454
-1.10538621
8.33690444
-1.47853078
1.40453918
0.10601472
11.70211545
1.61973708
-7.69027405
-4.18022598
0.65903105
-4.22532520
0.30625260
-8.49024257
0.43326218
2.11473164
-6.66443712
0.36767678
-9.16090076
10.66297844
7.34244724
-0.69094742
-0.55136200
3.16513728
3.09663174
-2.56620349
-10.41427767
-3.71742340
-4.64403431
6.10437145
0.59497347
-2.95164373
-10.06084444
3.14365627
-1.37297026
12.14736412
-3.75352849
-0.71275099
-4.85907685
-1.73615648
1.25409781
5.62265816
-3.86916314
0.62705486
4.48671364
-1.39301842
-23.95908026
-8.15976210
1.79631082
-0.38671647
-0.24795315
12.47785402
-1.23867908
-20.93042490
-43.83040217
4.32063015
-1.22333516
-2.44837802
-0.53084105
2.72650026
-0.25792095
1.24887688
11.84789192
-1.14034717
0.33256722
-4.15416253
5.84463400
1.24174434
-2.77907767
3.57308969
-9.75571665
14.10772016
5.72618666
-0.53568098
5.72325808
0.08439674
0.44419528
-0.12944506
18.17307830
12.28860233
1.90300690
1.79961097
-5.25703732
7.39779704
4.20032460
-0.00815856
1.55409118
13.11785153
1.60597428
11.99124684
0.31288554
-2.22598692
5.44663993
16.12188683
9.91806621
5.14080847
-5.40697006
8.75137914
-0.79191583
-4.35256013
-3.62566566
-4.35743638
1.43559472
9.19952564
8.17503016
1.68389333
2.99473330
1.29983777
24.77755818
15.41781796
-1.74767021
0.01265769
2.12325232
1.45662841
1.14484855
11.19155958
-7.93639737
-4.79123411
-4.74359189
4.53800388
0.00106843
-2.76560449
0.87128931
3.12458029
-19.10855468
2.11702701
0.42041450
4.85598266
3.26886652
-3.44029567
-9.09543262
2.38689219
2.14650946
-10.13425712
-3.41591029
29.22871926
-16.81987543
-13.17576560
-3.59585322
-0.86673759
1.84484612
-2.73851673
3.32440982
0.30211478
0.34900392
-5.95459312
12.16642722
5.21393081
0.97062488
9.05242082
4.09373340
8.40242157
1.44739768
-2.85344722
-0.45228086
-5.80305384
9.92013895
7.85412975
-13.87437014
-10.44883413
1.47389733
-6.72520261
10.19098829
-21.11343980
-0.22464410
0.20092668
1.84818180
-4.95932103
3.05998549
-6.27316494
-2.46526136
-8.49958167
7.88316935
-1.80095435
0.01562661
0.85244261
-11.01366536
-9.65653225
-4.78003044
-0.13250005
-2.10283323
2.72053253
2.25252967
-12.52559885
-0.01661924
-5.00482750
0.11576364
-0.35856796
-7.06612016
-3.44185272
-5.67550464
-3.95566169
0.90816349
-0.90091658
-4.96001639
-3.30516719
-0.20864766
-0.18518147
5.00246974
0.46719998
-4.98496743
0.81005990
-7.20252952
-7.57468243
-0.03030899
-8.51185323
-1.00029013
12.91762130
8.92457383
15.38957202
17.44926458
-14.07122350
8.58734407
23.00614721
-14.40166325
13.48512073
-3.36730385
-12.65857886
-2.23298592
-0.61321754
2.86789114
-9.45837580
-1.94122689
2.42601884
13.76988438
19.21909489
9.25343296
-1.21416583
-0.30882586
-7.06597362
-2.65787904
7.34775490
-2.62471937
2.24347037
0.62014487
-0.90169940
-16.20219351
8.08541227
0.88117867
0.18679648
3.37830656
3.38862830
-18.70083071
-14.66802421
-1.47335278
4.21938484
-15.37823458
-2.90977542
-1.13082750
13.53608139
-1.67398731
0.59341627
-1.92128569
-0.00890035
13.00297221
1.92964242
-0.50969051
-7.19847618
2.76161353
9.88216039
23.41359066
1.23815922
0.92502255
-6.64784338
1.88982731
-3.56301974
9.34455668
-2.55385432
-2.03951122
7.32689102
0.69647252
0.38580332
-26.17904198
-1.36077236
-2.05686898
1.78116089
10.12182555
-7.77364194
1.89743948
-1.41368490
-9.83073173
-2.12093714
1.38757287
-4.68720740
-2.17901288
-0.01334183
-2.15920039
2.54773059
4.79099402
1.63385060
-6.87692266
4.37747130
10.50133067
-0.96407405
3.13932244
12.88881964
-6.06993048
-6.07218975
-1.67514968
3.87424910
-6.62631031
5.30820899
7.12277852
13.22603143
-8.90221710
-13.49503567
-3.48108459
-2.00556728
4.05025906
-18.38439052
-1.50225414
-1.50694063
2.06555124
-12.86443027
-1.96223019
0.19594773
-0.58486857
4.41692900
-15.14215109
10.47631651
6.17860237
9.94151731
12.70397487
-2.43514237
1.85264281
-0.03087768
11.64199792
8.02489249
-2.91246783
9.19092846
-1.26610549
-2.42186634
0.59072605
-1.00497618
-5.66128385
7.18787996
-24.35456502
0.36683067
-1.95630497
-3.42361672
-0.77337182
-1.36832580
0.56463900
-1.33382940
-0.07713173
4.81727071
1.84255976
-3.60104707
2.90149719
-4.65274034
-10.99917002
7.70631970
5.70479704
8.33165926
-5.58308913
-6.30369101
6.71711149
4.78087750
6.23405431
-0.55612013
-7.31245878
2.80744693
1.56073813
-2.39382579
-1.12801669
-3.99718719
-17.70349114
13.28390639
-7.44984982
-8.95314934
0.93118965
-0.65835304
1.91579326
-2.60444066
0.22161818
0.20320947
-3.70884822
2.17030437
10.51497240
-1.96999825
7.74104318
-10.20923367
-2.11491332
4.03433343
-3.46991879
10.07702459
-16.49564587
8.82639253
14.23219589
16.05634832
-1.80037117
11.63206326
-22.54013259
-2.40086684
0.41464040
-0.79680298
0.28697643
1.24043002
4.22408292
6.68177778
-2.95992820
-0.03171763
0.89708587
1.56337042
-0.40584118
0.57147517
-5.79348795
-6.84295739
12.61790138
-14.98547894
4.50538731
-3.88071142
7.09354238
-11.85245354
-1.01000974
0.02344745
-1.19009518
-1.01607626
7.28698260
3.68467847
1.35346552
0.47692966
6.99382047
-1.90408797
1.21302397
10.29040331
-1.86131426
1.72274463
1.40038351
-0.04984947
-17.62886758
-5.46180458
10.98908690
5.36063674
-11.98688658
-1.77573359
13.49002648
-1.78195120
2.62978208
-0.22078858
0.08808010
6.54145571
14.22830710
4.30539945
-5.25532382
6.92665245
-6.76703631
4.69999577
0.00010673
0.26676846
8.98312985
0.01236631
2.12361185
4.30455573
-2.72776491
-7.90317462
-2.08665531
0.00684546
9.67758037
12.60071252
5.60094711
-2.58143709
-1.63318807
3.33354454
-13.16075015
2.37779789
-0.00669977
-2.64880579
0.93742394
-0.77000192
5.74699431
-4.11123131
0.37774661
-7.46485911
-14.42981408
-2.74636652
6.61425390
6.41766371
0.88102268
-2.80473852
-0.29676697
7.22022447
0.67640762
-7.80755198
-4.06484606
-0.72388672
1.12176138
-5.06407863
3.36087315
0.50931581
9.45953593
16.61998718
41.45069563
-4.60694547
-0.41702519
3.57738748
5.77005131
1.94086758
4.69337228
-8.75645184
7.99088183
5.73593541
-4.52551475
-1.41611334
-0.91278980
6.23488655
0.87567834
-0.94881530
-1.93400424
7.05901955
-1.48000598
-0.21884531
-0.43972417
-10.68866812
0.58981206
-10.68173987
-8.91964122
-6.98530038
-6.33093087
-6.84017631
14.83014033
5.90931401
8.67615251
-1.97300949
10.32810680
-2.98612054
-2.66664496
-1.64899723
-0.74601768
8.48538112
28.70466294
-1.81418376
-7.77318306
-8.30525332
4.73089396
-18.84612146
-2.95780198
-21.14097245
41.56126864
-29.38153205
5.70801502
-35.97395696
-11.56738387
30.15823796
-41.23049104
34.82489247
