16.73081822
-2.68508353
1.30179151
1.14545504
0.59772049
-0.79038958
-4.09795636
-0.01001988
-1.60296059
-14.69396533
-2.20727536
-2.73820477
-3.62499409
-8.08759065
1.00309575
3.40209035
-1.54766250
0.00852966
-8.84092630
-10.54492653
-5.40924881
1.14799876
-1.55540228
7.14110071
2.31262748
-1.90318245
7.89294356
-0.71202605
-1.90674217
-6.01493829
-0.51491384
-1.01989766
6.87264062
-0.06210354
-0.05247696
-3.41742861
-0.54508506
-10.72146425
-0.61643426
6.44299588
12.69091296
-2.77613432
-0.41040616
-13.36020188
-5.88583065
-2.31820104
2.07259783
0.78675706
-8.53167221
-14.58129244
0.11614271
-3.41694145
1.83083062
6.82915473
3.23938603
-3.03614198
1.02700603
0.21505643
5.33261917
0.43348440
6.57766009
-12.82989242
-0.76936816
5.24076724
2.24289510
-0.68432727
-5.29272302
-1.87880765
-4.16760445
2.64255063
8.42474943
0.73549987
-0.00187474
-0.84486712
-3.61367124
-2.55179539
2.47741812
-1.65407441
2.76736833
-0.02238431
-10.72184231
14.13606628
2.63480224
0.40965939
-2.21086676
12.89432082
-1.53088354
-1.03259947
13.42210972
0.00297541
-4.60313484
1.84199879
-0.57768234
6.12062911
-0.01862859
-0.38521492
-1.07492603
-2.53381091
-1.43544041
5.08322640
3.85111636
-2.56930663
6.90275355
0.98367163
9.23319253
1.85600489
8.21856007
-1.53130395
8.20736636
-11.33579847
7.76418388
13.01257177
2.72222416
2.10315372
-1.58862139
-0.00159159
0.23351017
-0.90095589
1.41170268
0.51382631
-0.69546629
1.76922024
4.70291786
-0.00768162
-1.52382346
-0.69495320
-6.20793252
0.46625707
-0.66267618
-8.87879291
0.00415837
0.94407119
0.96832339
-1.32638547
5.65381306
6.13985977
0.25003551
0.78681230
12.52719643
-0.30428935
10.26046692
0.99133693
-7.38360897
-1.84078814
-6.91793374
-0.15939868
-0.87560676
2.07785384
1.91764520
-1.16104249
-8.72821018
1.60279426
-6.79444491
0.95069134
5.10723193
0.19799803
-12.83905415
-0.50261440
-1.70181525
6.12225668
3.99856383
-3.98096650
7.03685708
7.62966191
2.52362260
-4.47321597
5.47528332
9.76680527
-0.23950083
4.13107996
-0.09856993
0.86504951
2.00494157
0.28986105
-14.16214116
-0.17086814
4.06624137
6.97847381
-0.47415789
-1.59469900
8.29586443
0.81434128
3.91260132
-2.53909017
0.46960246
-0.00891015
-1.60276966
3.07802018
-4.16229626
-1.09811841
3.98777868
0.00923650
15.93675324
1.05053671
0.19662641
-1.20729106
-0.33462406
-5.41507862
3.72913506
2.82166085
-4.33131538
0.10418502
0.19636390
0.08317240
-6.86374027
1.07674411
-3.36811599
1.17722728
-3.79221079
-4.81066503
-9.56983055
7.04018860
3.31042750
7.65758266
-0.91872211
-0.23593412
-1.08650766
-3.23737843
-8.96761740
-12.44337632
-4.92629834
-9.47660105
0.83779427
0.41460248
-1.34619057
1.15857918
-4.27993863
-2.55307036
-1.35862768
1.69780843
1.08362478
-1.37748568
3.05640365
-0.00614314
-0.21553322
0.54618343
-14.42628810
-9.08594389
2.21223923
-1.09715783
-0.06582803
0.92173339
5.20661220
-0.18964169
1.42650932
-0.01544137
0.01715868
0.01987138
-0.91198824
-0.01746468
4.64392015
0.32199405
-9.42574287
17.42618446
10.10744968
-15.76463853
0.23102300
0.02961417
-2.83607991
3.73440263
-0.06008622
0.09376622
-1.79346387
-6.87861496
1.21171245
-8.70045708
1.22106814
4.12617479
2.41499807
-4.30004358
8.53454644
-1.93865477
0.43571429
-1.18938007
2.31298124
-7.03250103
16.57363212
-4.13208617
0.42415046
2.04267803
11.46604275
14.88084671
-1.24793701
1.17690870
3.44952238
-4.98133610
-1.97163743
-0.15436047
6.46848037
20.05817840
0.03939656
2.66773034
0.81495498
-0.94819461
-8.05008196
9.04565858
0.11465043
-0.49455940
8.29572700
-13.16599291
4.03985637
3.24170124
0.17248513
0.15716969
2.04310546
-0.43990653
-2.09000531
1.58364165
-6.62864873
-2.37009043
-2.16717168
2.19885933
-19.26921097
-0.50614144
-0.68397353
-0.25971312
10.93970031
1.84369411
-10.81821015
-0.03723411
-7.77245358
-3.77831415
5.60858480
-3.95195995
4.03313384
-2.03198582
-4.94385531
-10.67257035
8.13196139
-9.42191330
-3.70254796
7.28528183
-3.75541234
-0.34688353
6.82123326
-1.68505477
-0.57260427
-0.51712005
-2.64282522
-5.29347321
5.84951629
-0.50766772
-5.82742444
-6.49151211
5.40861953
4.83342395
-0.00072358
3.00518056
-0.72388823
17.89280902
-5.62171641
5.30841275
2.82029969
-1.09506976
-15.47172098
12.08906581
-2.50524057
-1.17227176
4.06420856
-2.43767066
3.07228057
-6.99918140
0.47221478
-6.27145276
-5.03614007
-5.92737463
-2.05164551
-12.66221219
-0.34778483
-0.00377080
-3.21716901
1.03312644
-1.06720036
0.89674736
0.00184510
-0.63554973
5.63212783
6.12779159
0.66391563
1.63605098
2.80768750
-4.69576215
-1.00865471
1.04372098
2.47277957
-3.58933320
11.75626562
4.91643359
1.05871409
1.64580925
2.32734791
0.00177148
3.61665489
-2.48508734
-3.76507612
7.19871615
2.24664509
3.11249825
-7.46461218
-2.55522398
0.41432731
-3.44098786
-0.88355792
1.42439182
3.53613830
1.20770697
2.30813750
0.27110865
-0.78802081
-3.50800124
11.44441764
0.10068357
-1.76683635
-0.74769168
0.78734591
-10.12902704
0.15893956
-6.24918039
-0.61421102
0.08870023
3.79250187
0.28162211
4.72232904
1.14242023
0.24377360
11.43799330
-13.51027531
-8.38451063
-0.34713785
0.17202548
1.60582702
-9.03982012
-6.59925094
0.25334722
-0.15834591
5.87983169
3.86073334
0.96852308
11.24846237
2.40875989
3.78227254
-6.05241834
4.63833337
6.34396860
-0.04463720
-11.08883260
-3.30361700
-0.44401734
1.13614816
2.00493785
2.56263450
-1.16956790
-10.66869667
9.27749257
5.78392276
-12.09346088
-3.47374755
0.07900152
-1.54704293
-3.80720333
0.57013878
0.23020314
-0.00354771
1.44525312
-0.00585464
-0.18894795
-3.25164202
-7.21172994
-9.68098790
4.61424343
-14.83586746
-1.66484608
1.33962965
2.25939092
12.91677109
6.89635146
