18.07208449
-3.32234107
1.16619653
0.50326916
-0.84397554
-0.36927505
-4.69694291
-3.98398344
4.41509293
-22.20329789
-9.69167922
-0.56876549
6.36618321
-9.82070233
0.84978577
-6.08276948
-0.80404537
7.17373904
-2.24170778
-11.76943059
2.68221100
-4.12830062
-14.07563733
0.56573294
-6.48772272
4.95151783
-10.71199967
-2.20975810
0.07734544
4.86760052
-1.12970345
-0.86822276
8.83601801
0.03397641
-1.02572509
6.64930128
4.56755309
5.02005938
0.50895605
6.10350719
1.39278887
-9.76877353
-0.65607652
5.59826155
0.56910200
-10.02697675
2.21495649
5.35140344
1.29315770
-11.30712098
-2.51005702
0.05169588
6.97386944
4.83025601
-2.11664778
-2.02607319
-0.50250821
0.22328509
3.83033118
0.54067675
21.18821299
-11.96202533
2.28320593
-4.78997308
0.22812769
13.70938286
-0.53775452
-0.70791691
-4.10010514
-0.00582061
-7.88196294
-0.37165421
0.24358127
6.46236238
-5.60442292
3.99786805
3.11816158
7.24902751
1.38877103
0.06181413
11.51377991
5.46647435
-6.56073935
0.08800617
-13.38534433
1.42735674
-4.44764026
-1.09909136
25.34023802
-4.29873625
1.91805852
0.59710026
0.90709475
13.19643069
1.90263558
-0.23471164
0.16936420
1.08936930
-0.56665482
3.97219506
-3.16149308
2.14635489
7.78538787
2.92731281
-3.64214453
-4.74032392
17.81126076
-0.71170314
9.45566136
13.80283545
-1.38565227
16.16772715
1.15534930
12.33398949
0.90244450
-0.00931805
2.48906720
6.09567986
-5.36708487
-0.77763346
4.17416549
0.61456539
0.14490329
1.97100416
2.74157896
-1.76078676
-10.42242132
-11.99522618
-1.70406730
-1.20070399
0.00179565
-4.18789369
-15.40938984
2.58198062
6.32487194
0.87387058
-0.35089370
2.49904569
4.97252857
-0.40667850
16.68307991
0.49154281
0.68895760
-2.45059671
-0.00180316
0.05117888
2.63567191
-7.08844393
-1.84849318
-1.05156549
35.48968565
-1.08857963
-12.23076410
-5.14982509
9.25267578
-1.01319433
-2.61678786
-1.47596020
-0.23566781
7.25348121
13.58349440
-9.14454486
25.71550705
-7.22197628
-0.91465791
6.52006185
-2.88926999
6.64070110
0.00089424
-5.01845352
3.42387311
-4.32570089
-20.78869838
3.53855057
-6.53115005
2.58031995
1.26273890
-3.61870054
-0.54320179
2.13749922
11.22725006
-2.70320265
1.22625995
2.93126199
-1.01492051
0.17094206
-9.48701294
15.96327233
-9.32157458
1.48154800
-3.50723824
0.01284129
-5.14037020
-10.58975755
0.69016496
0.23541632
-3.61082882
-5.60313206
3.49707967
1.21627078
-4.18241435
0.88354190
2.77020518
-1.52269602
-11.52973851
-0.23525874
3.63589868
3.54463140
-0.13204928
-7.53894305
4.31869658
-6.31639205
6.21522016
2.43343065
0.29826533
3.73323297
-0.81081968
-1.19499046
1.82145068
-1.04176293
-0.62830199
-0.25900773
1.30652703
9.90745423
2.25874438
1.05163389
7.41374310
10.12581571
-0.53794700
-0.76432490
2.13036220
0.24822988
1.01923617
3.06131880
-0.48618012
4.79361704
-6.61522749
-12.04476766
-0.38444869
-1.31245509
0.25632136
2.65475610
3.52942282
4.03368118
-0.17635858
-2.79614762
-1.45278312
-0.90605351
2.62291706
5.87059982
3.10711474
5.03839378
-16.45529010
6.96895715
-9.40154634
6.37122958
2.17849830
0.06072954
-0.65822204
-11.63021177
0.37334477
0.74804111
-1.12407089
-3.31383416
-8.34867343
-5.05576173
-0.45232750
1.42595140
3.12983846
9.04848942
0.65003076
-2.85001217
-2.11594750
0.71373862
19.25184039
15.22005415
-27.55247097
-2.23364337
0.42988485
-1.02384103
12.17252019
0.43913992
1.23081786
-0.13209053
-8.82449082
5.08184792
-1.49301299
-4.29419626
8.08122658
-7.80117591
-3.30515824
-2.30424006
0.02685051
1.80171527
5.20200463
-6.58768296
3.78159271
3.32022936
-3.19730337
-12.19244168
0.07253863
-10.41094667
0.16197274
1.87560029
5.36886248
7.26136278
-1.50629483
5.45700058
-3.65790644
-2.09982429
-3.72679842
2.17823117
0.14966866
-5.73171662
-1.32185755
1.04911011
14.05281883
4.59736421
-21.17328371
4.47485172
-2.38062243
-15.34921861
8.75130620
0.27860111
-28.03526331
4.46684799
-18.96033977
-13.35362376
4.13837805
8.89986978
-3.23119210
-11.55476590
-0.47194636
0.76352477
4.03263374
-8.90951482
-0.58270018
-0.04797728
-0.11513422
1.00451391
1.42400601
-3.76184204
16.13092364
-0.57576594
-4.12189686
-9.12486144
0.60413975
-2.79268464
6.71121537
7.86807996
3.65758798
-1.81343272
9.56983491
-1.90122057
-29.10072495
14.75437910
0.01706165
1.58167889
8.14556299
4.42636922
2.04788759
-6.95671512
-1.87112703
6.17219591
-2.90240246
-4.10318895
1.91871942
8.96006522
-0.39187575
-0.61412096
1.35224169
-0.01531215
3.89849593
-2.57415387
0.66362932
-0.52836726
10.10541058
14.63628270
-10.77284525
-4.15011971
2.44766168
3.33083971
-0.48077112
-0.91935943
13.24443115
-0.70132511
-10.63808835
-4.75804464
0.29715374
-0.27131738
-3.47489735
-0.92993606
-5.41842733
2.68375767
-0.09293554
6.78379212
8.59397579
0.63831906
-3.61576670
-0.39898234
-0.38739319
-2.19872901
0.01059622
0.69671933
-0.75307343
-1.25118152
3.90132206
0.41312226
5.16972463
-3.74243535
21.83442588
-11.47449161
-2.72752658
-1.57964081
0.72502054
-13.57858753
-0.11132735
4.16273682
-8.33016628
7.09216612
-0.55082398
-6.42529363
-4.50092768
5.52369950
7.78562167
16.91112048
-23.71700815
-13.20937032
0.13803944
-3.18870564
-1.26806175
-6.78056994
-4.52673394
2.94923602
-0.76182102
-0.45219727
-5.99268334
0.39319613
4.83475615
9.38356665
5.16918044
-8.38585688
0.13027786
1.17293377
-3.59996546
-5.12591586
-4.88266127
-1.42969588
0.93895225
0.69355271
0.07199460
-0.96102460
-11.34080218
9.94854879
-12.46780436
-9.66840422
-2.01933096
-2.61215185
-1.08421807
-0.02214896
0.77967893
0.90780193
-0.79054510
-1.74603135
0.70455724
-1.59662189
-0.92754158
-4.66913672
4.36130048
-1.87841662
-15.04750181
-5.18443119
5.32231506
-2.65411860
5.37399237
7.74793281
4.02500276
-1.60497930
-6.09023873
2.35160977
-3.23039591
-4.41018746
3.57636615
-2.11090080
-0.37406530
0.85581454
5.62787698
-3.50368875
0.04525491
1.94239839
-0.05625629
0.00659679
-0.04286992
0.90744210
0.30225146
0.51645072
-0.71964802
-0.61543630
0.51235933
-3.97231612
0.40246832
-1.45073903
-4.16367464
-7.44924485
-3.11241135
-10.84640829
18.86845826
-3.11446624
17.48629855
-4.19086131
-1.79732777
-2.13190422
-0.45219186
0.29208222
-0.00680703
0.35573628
-0.33249120
3.85749178
-0.78156440
14.06099541
-0.08585006
-0.73477269
1.53075420
0.11830779
-1.66312838
-7.43545328
2.58079738
0.95215587
-0.17588477
5.88429873
-0.87148220
0.09938215
-0.58875286
0.91122527
0.86558016
-1.60286850
2.76442392
-3.99023216
-1.94812110
0.01993014
-3.16711123
2.76994575
4.29896780
-2.07115603
0.00294321
2.88460444
-0.12351727
0.01794551
-5.93264681
-15.69527762
12.36992843
-3.91911279
-15.02101414
-16.81742730
28.86603314
11.53617448
