17.40971844
-0.77656395
0.67905499
4.15980793
-2.10566240
-0.81812203
2.87451664
14.30389648
-8.54383297
-16.81580674
-2.80905025
-0.73478523
-0.41993951
1.45606993
-1.29568739
0.77650802
-2.91567685
3.19508435
-2.53094610
-8.55127313
-3.72155145
5.60084636
-4.51944037
5.02201326
3.50026358
14.01701304
9.22981026
2.46698255
-0.16236296
-3.73910092
-1.17857973
-1.00566279
6.21019844
-0.60554115
-0.15820394
-3.78031908
-3.76291886
-6.76659930
-0.41077592
-7.29189574
9.64284980
-7.79658632
-0.53490823
-4.31475558
3.64078816
6.00953911
-8.71794357
-9.23061450
-8.15562833
-16.78327610
-2.74145285
-9.31173674
0.48564897
14.03461272
-1.00501327
-1.22679869
-0.82841990
0.01573156
3.01819456
0.67599128
5.82531969
-8.78550465
-4.94998198
6.72718905
1.16680261
0.20636945
2.20214389
-2.71094649
-2.28646048
0.06574043
5.12439713
4.41771136
0.13268012
1.05459724
-9.20835848
2.27376189
3.92232518
0.65023538
-2.24421872
0.75089646
11.84445329
-7.14705878
0.48144137
1.37871184
-1.85342871
20.55967956
-2.63880638
-2.37124979
10.00067618
0.13157700
-9.62814328
-2.09454560
-0.38121243
-1.42634341
-1.36221616
-0.81373159
-3.13369311
-1.52352172
-1.10545602
-0.29152470
-5.40077382
2.47984719
7.28587139
0.02623953
9.99076323
-0.06746835
7.09412055
-2.14302311
14.73584480
13.16238227
-9.19376463
8.11687966
1.11457238
-0.11096214
0.67657994
-0.00695932
-0.02438784
-1.69538803
1.89595344
-0.02531446
2.47009140
1.87826889
-9.45408580
-0.00004444
3.44431220
8.91562933
-6.59871276
-0.10964786
-0.57333217
7.90708278
1.03561600
13.14246890
-3.91652921
-1.57099636
4.57826656
7.35363726
0.67422467
-1.18676405
-11.38035172
0.83934867
-1.12201607
-3.07817769
-7.25951841
4.54770459
-8.46667640
-0.07224849
-1.33783824
8.80827369
2.29842325
-0.70905928
9.39255954
1.92426626
-7.49169073
2.21637054
11.12280967
0.87633223
-24.09517352
0.26056697
-2.57585218
6.38550592
12.30055490
-6.49490784
20.78416046
4.87499745
-1.00974770
-1.87089405
7.58269674
9.33616950
-0.57618424
5.02461580
7.02255552
-2.17779570
1.00421855
4.93612424
-13.78861893
-0.81561011
4.31152610
4.52282665
-0.60997817
-0.62850004
7.73632744
-1.24201100
0.18532031
-6.52364591
1.95672706
0.40780647
-6.29263880
7.89850821
-2.79184709
-6.36953051
1.56416793
-1.38395270
20.48687782
-11.35369142
-0.00327019
0.25554120
-0.45605472
-6.78216041
-8.12234110
1.94771307
-6.32585974
-0.11602303
-0.91019591
-1.66748417
1.35422527
-0.80050906
7.45719663
1.28334821
-2.32600381
-0.29709561
-11.87516559
12.62416311
0.78939636
2.28413873
-1.72731577
2.79137052
-1.22129015
-5.66712915
-4.80195799
12.99465714
-2.59408296
17.14723386
5.77181769
-0.58033399
2.54349281
0.64664842
10.35539371
-4.90152583
-6.96829760
-3.18452026
0.67267785
-2.64495358
2.23862096
-1.36899939
-3.35567993
-1.23635927
-7.83181090
3.05684872
0.39842760
-3.01011573
2.52799950
7.78268333
6.16075597
3.82374207
0.07516115
0.00698483
0.26589178
1.35713455
0.44880678
1.23762836
-9.65985617
-4.36301106
-19.53620412
31.95756247
-0.83160094
-16.99718721
0.55723990
-0.29877559
-0.09487613
-0.55007035
1.59160005
0.10985755
0.67976782
-7.20469057
5.77478157
-12.02266944
0.07612676
3.53863571
2.75609256
-5.94978887
11.92405737
-3.64621384
0.23940734
-2.38263011
-2.54193882
-5.57321028
7.28399483
-1.27083394
-0.76804777
-5.30579073
10.22865019
30.28293956
0.87169491
4.53060844
-2.90194415
2.70758333
0.13293966
-2.99967789
3.09386046
20.98576223
-2.52918372
0.07546562
0.50140474
0.59149141
2.69928028
-2.02629193
-0.02892105
-0.09053222
3.24336658
-10.48579739
7.83577476
-0.93077288
0.28131412
1.96293686
5.22742546
-4.52881334
-3.63849943
-2.44510654
-9.48923764
0.79090592
-0.27996673
2.42815507
-21.28599516
5.40554675
-0.33233543
-0.19659915
15.26766326
6.17443101
4.86300371
-2.15756949
-5.55524803
-10.37852660
6.37009015
-6.05582460
-22.10136398
6.16800227
-8.27765948
-12.10658207
2.70758262
-3.87958565
-3.72485838
-2.30267124
-6.24080583
-0.35609238
7.44734263
-0.35715531
-1.40624311
0.25198043
3.14897732
-8.10788029
5.82711178
-0.25162456
-1.41746429
-4.00104606
1.71038211
3.74823094
1.66647383
-1.47961277
-3.94433125
14.06548152
-3.58685954
3.42405447
3.53307837
-0.05826904
-15.40576326
13.48136706
-0.26008249
-1.39604105
0.04290406
-15.94821552
4.66560913
-7.14911154
-0.49575420
-3.29332403
-4.70449467
0.85912394
-0.24547313
-6.05131700
-1.75087251
0.01804696
1.28647313
-0.43398472
0.15585124
0.02210363
0.02940164
7.87527163
-3.87332479
6.59619910
3.09595247
-5.09491535
1.39627466
-2.62435087
-2.45229788
-1.44328882
16.56446125
-9.30529888
11.93954530
-11.02376280
1.36188585
5.37442300
-1.42380347
-0.00283501
-5.94881693
3.02948151
-0.00997487
7.90838181
8.92996055
3.05485881
12.81188931
-3.26743779
0.18824407
7.01651297
0.24035517
1.12316389
-5.21161786
-1.84589152
2.87470880
0.96882038
-11.85681086
3.63109915
12.69518458
-1.84818111
-3.62850184
-1.64557387
2.73262911
-8.94040007
-3.24427755
-7.26036211
6.44197825
-4.09400404
1.13427364
-2.55039870
5.65824067
1.87054229
-5.81107016
12.01723312
-9.95951007
-10.65452821
1.30219628
1.01917127
0.94979020
-14.79201371
-6.01533550
-0.47093685
0.00646049
5.89669057
6.30305537
-5.95372870
3.89012280
-1.79547241
4.22925988
-9.09855762
7.58482999
-10.95542301
0.05017390
-8.15075401
-9.75722865
-0.39886800
0.45885248
2.91204417
-1.11528074
-0.54457212
-0.53513539
14.39447381
0.85416173
-8.72758725
-3.05157568
-1.71730561
-0.73750909
4.92867045
0.37189687
1.34174523
0.11222504
2.69869512
-0.01337506
0.00741997
-2.25680254
-6.63893168
-1.57256678
-4.71940263
-23.92305442
0.76769415
-0.24785025
2.82952283
8.88593829
4.66611288
0.96204637
-0.13541652
-0.40249534
2.20490735
5.66020572
-2.89926873
-7.48286588
-0.29217529
-0.02398982
-0.72317402
6.84270033
-1.98125014
1.34027725
13.78647356
1.14122099
-0.03060445
-1.39472493
0.47538852
-0.43292533
-0.19919082
0.18628551
-4.89022300
-1.34601551
-4.98281619
-9.56202686
-9.48644439
4.94238556
5.32296304
-2.87409188
-39.63633070
-5.81157435
-7.70287639
23.84241227
-28.30012303
2.11683098
15.92015320
