0.11352190
-1.10756545
-0.27888397
-0.54782274
-0.19026124
-0.41234106
-0.65647726
-0.26022731
0.32374598
1.75750825
1.73979743
-0.47340936
-1.88517001
0.07121008
-0.21071390
0.12666424
-0.16934788
-0.38359671
-0.03398257
-3.52077678
-0.09655247
-0.08055515
2.06373149
-0.81512252
0.15416773
1.24929558
-2.03780755
0.13618592
0.22405027
1.84284647
-0.06782886
-0.58870684
-2.67412135
0.27095576
-0.94912313
0.07436846
1.03754275
-3.02800940
0.87793599
0.21042196
-2.75902685
1.38727409
-0.08684658
-0.06705828
-1.14428615
-0.76361975
-0.44682888
0.15835161
-0.28376220
1.78249138
-0.01020251
-1.02656816
2.99152487
4.50546515
1.60199179
3.17926704
-0.03604139
0.44103983
2.19454163
0.65920133
0.54449363
-1.50028515
1.83057829
1.27512027
0.70406878
-0.04611898
4.95709165
-0.03179803
0.05202822
1.22995870
-12.06998081
0.40718486
-0.22072202
1.09189663
-0.67911631
-1.01406276
-0.01025351
0.10804909
0.15014664
-0.00457510
1.99890457
-8.57298454
-0.10522308
0.23353413
-2.77713989
4.44958543
-1.16285737
0.04984309
-0.35026930
-1.51103722
-5.40995790
8.83028348
0.19312911
-0.39365152
0.02524339
-0.05932972
-0.13559074
0.80449040
-0.39772407
-3.48425241
0.64621088
-0.00286403
7.53582291
-0.00586623
-2.02828686
1.43486655
-4.25035980
-0.02899871
-1.88216357
5.50048422
