12.83538689
1.50501302
-7.91663157
7.02216045
-0.24914530
0.74194426
-8.72485187
-1.21528199
-11.47218034
14.81843749
14.31973220
-0.47422621
1.63661798
12.40625758
-4.56957603
-5.29149010
-0.18244355
8.76441823
2.39708805
7.61433421
-9.62261093
-22.11939037
2.72471782
-8.53274933
7.29707635
-31.34311057
5.42738466
-8.43610304
7.66105803
14.30047104
2.01057181
-1.33513436
-14.35332070
-0.00885359
-0.76499100
10.97719409
-2.23155819
6.70558000
-0.52113635
1.89900454
28.16038596
14.15383610
-2.88146524
-4.27796502
0.06975817
-19.21223597
-25.07141622
-11.55071753
-9.42147880
1.41935087
-4.40338512
12.32012410
13.80131297
38.95046844
-28.79984360
-2.99637413
2.08168493
-0.60905084
-2.97427455
0.53954113
-3.89648442
15.00523150
7.48112932
14.68645812
7.11537910
-17.97518502
8.71140067
-4.87773014
7.20531466
-3.88090528
-6.65901039
-6.17632718
0.63169775
9.70917488
1.43339890
0.54724683
1.41451299
7.91066333
4.34715079
0.07080250
12.59928963
-12.79910480
-2.01906008
0.07511914
-22.29244720
-4.86602536
9.64063951
-2.52890989
-10.44582591
-12.33986273
-17.82610608
6.91383129
0.03407788
29.21515766
4.37389961
0.81402368
-1.28215894
-3.32078265
-1.52105157
-16.64753813
0.96651475
-6.86493520
0.15631008
13.50364857
8.29815367
-29.88481738
-24.43621225
0.37872391
-6.46197019
-5.93495106
16.50675160
-2.08160864
-2.01051072
-20.31952963
0.73986725
-0.28257351
-9.96648291
3.58674148
-7.38970853
-1.05666795
-5.81704666
6.11017760
-3.62030627
0.51634332
11.12488749
-0.61929610
-19.04461622
4.14298377
3.94230924
0.03389616
0.13580311
18.66902007
-13.78456982
-5.41892207
29.62309631
-19.12437638
-8.51484223
19.07539312
-21.59009157
-0.53917070
-7.10469299
-10.01503747
-13.20093371
3.10767716
-8.62287361
-0.28260274
0.02832499
-7.27929339
-0.45714795
-2.71330250
-26.08999617
-3.21061373
-3.52919156
-3.47260389
-5.09776233
-3.24832048
13.99004918
-5.78225697
11.40981672
-9.86335761
-17.84045630
-9.31460677
-24.99588707
21.96989518
-0.45913048
32.10378374
24.07020291
11.41019272
-3.88602588
10.09472252
6.44067243
11.74740356
-24.28262109
-8.67092966
-2.66281235
3.49694893
-2.83724242
-10.48184449
1.81677512
-5.68378001
8.79598804
7.50473109
-3.78262997
13.38726625
8.42191708
0.53764942
10.22267204
-1.43026565
15.02834342
12.16490261
-14.87977019
-2.16886344
20.51552499
-12.18930463
1.56529140
0.11970016
8.41674490
-4.71236148
-29.12777993
-7.89101597
-7.65475925
-5.50353041
-3.55135105
-13.08247170
12.02959714
-4.22408389
2.27818441
6.61072990
4.35050577
-0.36866717
19.12006708
24.08495598
-2.68149543
29.80446824
-9.74992404
-8.93299036
0.00925040
17.33536000
-28.10393171
-13.52404255
5.16656723
5.86778850
-0.03270813
17.04940002
-0.79878346
1.18679119
9.32185900
19.06049146
0.69092928
-0.08131759
-0.87397121
-0.09686687
-0.75803122
5.68456388
21.72644013
-2.50289613
-5.74103459
1.09304427
3.51649617
-3.19920147
-3.17354893
7.61521700
7.61404760
3.43396286
-1.32546174
1.34217445
-0.48488258
7.49573870
8.58455502
3.73798528
3.39915315
-2.67232837
1.34166812
20.76847795
-18.94851685
16.55622419
0.02741445
-0.03206279
-0.21749689
-15.86005185
-1.18463571
0.00072119
-16.29639359
26.18844147
-1.77782156
11.20130420
-0.43784077
15.83493065
4.52681808
-9.58361102
-22.68819957
3.35462983
-6.44972432
1.07749199
-3.15532422
-8.10300097
1.78204786
15.22319401
-0.79521379
-4.60245144
21.41672304
16.37471026
3.15620568
-1.84016482
12.67573099
25.97851258
-2.44230386
2.74964666
28.45021337
-11.16619778
6.90039309
-5.84175358
0.18523095
-0.00911764
-8.04595536
16.67825743
1.13250853
-0.06847790
11.12907548
18.51390399
-2.96866876
16.98413132
1.65437636
1.75412833
1.45565766
2.30299510
4.05415152
4.46654099
-4.23207361
14.37640439
12.03068059
-7.45424343
21.59029356
24.03059301
-2.06781956
-2.26920724
-10.39192687
-6.53766556
19.80575109
1.99117277
-23.25162510
-33.93089623
10.39071478
16.67676346
-0.60598368
20.33255972
20.46925972
19.16288362
-3.60507236
-21.73512741
-9.25463841
19.44697629
9.82142467
-1.94273350
5.69653515
17.61205052
-3.33535103
-1.25439756
-9.72873400
2.35359372
-0.23152351
9.70610410
11.15193688
19.84779204
-2.80686649
16.09977326
-4.16015106
15.44129457
23.79939345
1.58755206
14.51821146
6.82510073
-14.12429998
8.99944822
-14.76158987
3.12908634
2.57724554
0.54062091
-2.35382823
3.45656478
-11.46720072
-22.13873625
0.59849932
14.39038745
1.04621368
-4.26337159
-16.16821609
-5.39272679
-4.63152971
-0.11859083
-3.57426452
-1.58480903
6.16913521
5.71228820
1.79288091
-6.99781817
-14.97831674
-26.79029278
13.81089150
41.04838418
10.14732843
-0.22162996
-4.77003358
-1.60229123
-7.03026082
-36.80912429
10.86857011
-12.89775684
2.40537088
-2.01765513
-5.49469456
-0.67101088
-1.93617580
-8.35838329
9.57314426
-5.86412793
-3.17113369
0.13253780
11.78847250
-2.88419352
1.58054882
3.58796454
-1.99019192
1.08694678
-5.82979011
14.08989944
-2.36233525
-1.12050604
1.19797118
-15.94097003
-11.81914654
-11.04607650
-2.38448392
19.67339915
-2.83526355
-4.00379984
2.52675188
-18.62147831
-1.38833736
-12.53171887
-23.10872734
6.83332723
-7.00738374
-0.27930036
-9.22520631
4.52932710
-18.08955807
9.50958278
2.08823661
7.25963565
-5.14239132
13.19938948
-10.34684283
-22.38127284
-2.06547680
23.15437188
-2.99223504
11.33451915
-15.52641439
15.90800664
-7.95808811
2.04823064
-3.04871462
-1.25504974
-14.55804123
10.86072361
2.48823482
-2.19129391
-5.58749549
2.83000436
6.25624482
-3.64125871
6.37432893
29.34443304
-21.48207815
10.98613328
-2.80412347
1.14701630
1.24748929
0.08681144
-2.03605587
1.46770557
3.95194479
-2.26994092
2.33493899
-7.94100832
-1.18781348
-8.08269841
2.63064398
22.21837579
9.96158348
1.41598091
12.91598688
0.81507652
-16.22202002
-9.40167754
6.18106957
0.00223327
-2.58964145
0.80764462
-1.78528610
-27.08332822
3.08614570
-1.34667778
0.42736571
1.57949761
5.29793696
6.35031481
-0.48821155
-7.73943490
-0.51153858
8.42513287
-0.00640975
2.27023559
1.74139711
1.77288624
-2.95599584
3.61758624
-7.07967170
-0.36895228
-7.23590911
-0.18662850
-6.28101786
4.41907133
-21.51714419
-22.41318223
8.74137480
-6.43460865
-17.47622365
-28.33621406
-0.65675662
20.72337759
0.00410995
-0.14840505
0.94877625
7.44245919
23.65590980
-8.77277721
7.94917237
-10.40730540
1.30347665
-0.38677700
9.99035414
-0.10207414
-22.66955821
-2.10039536
-7.20467737
23.69979032
-2.01690353
-25.78300830
12.28811207
-23.94060493
4.53057752
-4.84972403
1.00815864
-0.42417568
-6.89799109
-3.28789679
-8.10604960
5.45424021
-26.79731319
12.43356071
22.82767737
-11.95202406
-1.01086998
2.28892563
-1.89834926
0.00846661
-12.56218402
3.23868514
16.79645602
-15.89778410
-6.74324554
-5.86061993
-5.24333192
4.21698009
4.11874234
-10.37351194
0.87542141
1.50656552
-7.86367333
16.24049254
-24.63634323
-13.41952252
15.10506300
-1.87635873
1.10771080
5.15295057
-8.09226825
-18.24203287
-3.93341452
2.90500422
1.52779109
2.47411023
-10.09266573
9.02824756
-18.29103944
-0.02425843
18.12165244
6.18608077
6.04053952
0.94834881
-10.90219074
3.95461426
-0.05478007
-2.61596044
0.24347868
-0.83593452
0.88584088
0.88788725
14.98282402
-13.83972656
8.68641406
-1.10190780
4.89587550
-5.86779941
-11.89548893
29.32165057
-0.95546462
15.85314405
2.48136315
10.81250050
3.28491694
-28.14863428
0.72648224
10.29341933
-1.83722352
4.03381526
10.47699765
-11.97777816
12.55611505
-14.85974862
-0.46770466
-5.57427719
0.71745510
-3.57255460
-22.27346077
24.26535267
1.17845496
15.22180881
1.32715589
4.40840895
2.04271142
-2.33870504
-17.50396889
-35.47446019
-23.31864159
-31.73393170
-1.92621532
2.18264818
-0.23190591
1.16101204
-25.79611756
4.90640566
2.57975840
-17.14224245
6.72931133
3.90357025
5.81286053
-7.18165928
29.76276806
-15.36618779
23.95222529
22.28648269
3.74212262
14.09923941
3.98771514
-8.12548108
17.44088454
-5.80761832
-2.53152433
-5.14323431
-17.19661588
-21.38139891
0.52789044
-14.74115337
-12.67799587
-1.88868045
1.35676639
-19.15570802
1.49231419
17.07091168
7.25121626
21.18561262
-18.01545421
13.83426104
6.26919963
-3.45366885
4.89072077
-11.37720920
7.10704225
-11.75211674
0.01090252
0.84525221
2.42472096
4.44722813
-15.19115286
-0.71370649
8.57026568
-9.37538412
17.26659559
-12.89832111
-4.11906425
-10.76066043
8.04328910
-15.80341405
-21.14324219
12.38490659
19.14011217
8.37749620
-16.04307300
-19.50636630
2.14294307
6.53665031
5.04485037
-13.69750227
20.21977473
-3.42461420
-5.14932619
-22.75076815
3.55308044
1.88278829
-0.49179980
-6.96853708
-17.47642088
6.19100649
6.98075761
-1.56041805
31.60603586
-32.47944620
21.46811667
0.46091324
-0.11893873
-1.43778589
-5.09047207
-2.05499700
-10.87639958
2.65650129
24.99214569
0.45691228
-17.00212644
-20.94462865
-8.52653806
-3.89951502
-9.20367862
5.78351776
-6.68741165
3.41085521
-16.71121842
4.01971367
-0.84630059
7.75422539
9.11562197
-15.23816357
-7.62622667
1.18403071
-0.27540102
-3.22972240
11.34744199
-3.62665940
7.23552057
-0.55461078
-5.60809905
1.86342304
26.59146767
-2.97539459
-2.89216683
-26.29480990
-10.70317919
21.15730505
-6.67548626
5.70352981
22.29738037
-8.37968126
9.17083415
21.89474664
-15.24110298
0.10391879
-6.15081771
-35.47319706
11.12593188
10.40280991
1.04035191
-9.05774383
-2.29856275
-1.64484916
6.93179619
0.73278830
-17.06854996
6.68173430
-28.17575637
-9.78392073
-14.72831792
18.50375629
5.45362198
-20.36544431
-0.32563119
1.20213314
0.03467610
9.17805230
-3.19335387
-2.08586968
3.35262005
1.40410470
3.47002938
-2.62177997
11.99537600
16.16921332
-3.72048594
3.34190568
-9.63081208
2.12548046
7.62087428
-0.59189254
6.40920875
4.08841984
16.81694552
3.60282662
-12.93664524
5.29147839
-2.55226800
13.79943373
11.29555014
1.93570055
2.56822274
-5.27630284
-13.11131969
0.11580809
5.65792535
12.12191427
-17.33833019
-0.03960388
7.84815846
-2.71602816
1.12562316
0.49888636
-5.88123308
-6.01721781
21.97433835
5.76979221
6.14894817
-12.10564154
18.62528506
-15.49125198
-2.37487952
-19.89481070
12.69879285
10.69360615
5.13128357
-10.69395744
-7.58400891
6.80308854
-1.36789678
6.41832064
5.11758275
0.71931616
-3.07883551
4.92857361
-7.05736073
-0.19987928
23.84827469
6.46890690
4.13994203
-7.91039098
12.09672393
-1.58755910
7.82436917
7.88296889
-13.12289731
-11.64742296
-8.35910204
-9.42942632
-1.76997952
17.01646929
-0.85998819
8.51743507
-0.85834062
9.16833442
1.27883070
-1.15607419
4.49842700
-14.76850740
-2.19476770
-12.22632053
-8.09611573
-2.20769519
-1.45051855
14.10989312
10.89524502
-8.26128876
-0.05406553
-13.50717497
-9.37094273
-18.52783936
34.54399372
-5.08885188
4.93318010
-22.31980856
7.81627270
-10.66232307
-0.53488135
22.74486785
-1.62807143
-15.23655646
9.07235491
-1.72237729
11.02050102
15.53532675
12.53992042
-1.03326715
-0.86742561
-3.90580596
-4.13007867
-1.76483165
6.67352328
-2.41099892
7.19998877
-0.43345293
4.51435230
2.17498473
12.74776985
2.55130524
-7.17641333
-0.35075446
-4.40517897
-9.52192413
-0.72261244
2.65282464
-9.18492984
-3.98502148
13.86368467
2.72552833
7.07643417
0.23675315
-0.66114786
-1.56216921
-3.82335822
0.43613440
-1.22892367
-1.09532739
1.58379266
0.00157678
-0.59924361
1.43786854
2.06169880
-1.11320691
0.56129548
2.75899242
0.06152864
-0.89102011
-0.80543522
-5.03583421
0.71641332
9.68142361
3.31970077
-0.01781000
-0.24852838
-7.64436811
-23.45817506
27.39277301
-19.69903716
-0.42660076
11.44705966
-1.69473633
3.16398240
2.11821241
-3.31975568
16.21912554
-1.55131271
6.61902552
3.43865829
-6.23965781
-0.22680520
1.30252845
-7.73577828
4.09719910
-4.09876370
-1.91188576
2.91870437
-0.78350766
-1.36038870
-0.05486138
0.51055671
0.90469057
0.90982409
0.64253589
-0.03816504
0.07701976
-5.71101506
-0.38291260
-1.01007181
-8.52017062
-11.83148580
9.96858597
-14.63036837
-0.07071325
-0.00843749
22.13235008
1.30935640
-3.80366082
1.49640101
-7.37116076
-0.58271204
0.61906853
0.00915306
0.10687298
0.48663025
-3.65590506
0.13002606
0.76832790
4.90927087
0.21057696
21.89776876
-15.18006388
-11.25926974
15.84756867
-10.34800861
-1.36146959
0.66596700
-4.23049071
0.62972463
0.63997340
-3.38503030
3.85385150
-3.12314624
-3.84646123
0.35964913
-15.28991793
21.10513212
-18.24368359
24.96189866
-11.06571329
2.47116939
-5.41400530
18.58463686
-13.29466153
14.76010177
-7.03845059
-1.63044880
23.92553486
13.03060760
29.57118532
-18.77736063
0.70360615
3.41066203
-0.76677949
-2.69825043
0.45652216
-0.62464183
-1.25236513
-0.55230626
-10.41262813
-4.47887654
-1.60368072
-6.28555726
17.03615108
-8.58617241
-14.00510615
-5.14494734
6.75294865
4.27895869
1.73122100
-0.90797762
0.38214137
7.01985730
2.86088596
-3.06156685
0.08480539
27.01549717
-81.04852209
-35.50803781
-15.62348838
26.34086595
-31.97631016
85.74649215
-14.75470295
