12.55119136
4.90593360
-0.98746301
-15.38435617
-3.00669329
-0.38945173
6.87714944
2.73742083
-0.64819410
-8.80323139
-5.72432121
-0.99029732
4.11281153
-2.06061687
5.95249004
-3.40460987
-3.43048623
8.02396807
-7.24834049
-3.27793435
-8.36924298
14.83639756
0.05869522
10.37185418
16.35436658
2.41764820
16.38047184
-3.80033846
5.96413901
-22.76196011
1.35400790
3.67380319
2.40355295
0.06820872
0.85247248
0.94207223
-2.05793356
7.12649441
0.06623653
-8.43465280
7.55956414
17.52062640
3.84176381
5.83085136
-10.45144011
0.26075457
6.94061169
3.57252925
-20.94606232
-12.06131266
7.03964674
17.73058035
21.91385851
24.67346595
-6.33674522
-8.19757405
0.23496421
2.36009012
9.55214950
0.72516278
-3.21436847
8.32198603
-4.15224450
2.26326929
-0.69002117
-8.84173137
-4.86542374
-5.45337413
-1.29766164
-8.75466525
8.34441234
2.35306722
1.87248602
3.47927373
2.23509638
5.13645364
4.06494915
13.75709831
8.59844595
2.02513488
5.28010510
-6.58328269
-8.58443864
0.35439017
-14.81172463
-22.41767100
-15.00134955
4.81590689
-18.61282557
0.32333178
18.45290237
-4.25199142
-0.30778246
12.34624000
0.96778613
1.54012569
-0.13044915
-6.64834495
2.57292080
4.26208737
1.06199477
5.00528626
1.00862828
15.55658889
6.48869015
-20.82441801
-13.45874143
2.59974443
4.83580674
8.77555318
-0.71599198
-2.09319155
-0.60022157
-23.14388871
1.08286571
-1.09084519
3.02937881
-6.77435493
9.42426070
0.24072099
3.19031953
7.30822964
9.56561775
1.16026406
0.64529274
-1.69800136
-14.91411877
11.76054103
0.31238836
-4.05820157
1.66293083
0.04137075
2.75206062
6.05800937
18.85266753
-18.09439195
-1.80820426
14.46732599
16.05870225
2.38965351
2.54942628
2.61591540
-5.79004240
4.30697702
11.96676559
2.40291520
-5.68507511
-0.42773135
-0.23698698
5.06859448
-18.53582845
1.77708819
-12.91334286
4.15632714
17.35510624
-5.35867974
16.78351364
-2.97396732
7.06861553
-12.71175345
-14.98844117
-5.86661693
18.06419518
18.52644636
-2.77240712
-0.67445415
13.87163837
16.36500288
-1.08614223
-0.13626798
4.58931570
12.33094928
-29.69983535
-1.03333559
-12.35971129
2.89030551
-9.12829865
-3.52058696
-0.81889866
-5.51467616
10.96708245
6.96600960
-6.42051801
8.45769682
1.45883292
0.36097200
4.12290595
1.88260919
8.69143316
6.27678322
2.67960489
1.69160415
2.25336118
1.09342729
-0.00730310
-0.93013803
2.97880150
-7.41269172
21.44389726
1.23559380
6.56357005
2.11515199
0.48786438
5.99124263
7.31249165
-11.58146146
8.88908245
-12.09034033
-5.37839196
-14.40835549
10.42023874
4.84676352
7.74501367
15.52016218
-7.61642955
5.58522487
-0.41364218
1.55226532
-3.51547517
-14.44627616
7.34410674
-5.95035880
-0.25797458
6.33369470
-3.69713903
1.62318664
1.03180120
14.37209854
-1.48060410
-0.15671352
-0.56023968
4.44536987
2.32867720
-2.19716280
-20.04125999
13.45636887
5.37945073
4.08874952
-7.34687624
-1.89926192
-2.36075375
2.77776360
16.65324142
16.84152796
1.73550315
-3.50162634
0.32786578
-3.95419468
5.91270832
9.04461587
-3.19394584
8.18596620
4.23193733
-21.65024082
-9.01816614
-1.07053966
0.58934285
-1.29989415
-0.74012676
8.06917237
-1.52308703
1.60462797
-7.74796130
0.13329436
-2.32257033
-10.62017280
1.58011347
-11.04435903
0.92770711
2.96291488
-10.59001888
1.37073340
2.75828857
-2.42601576
-1.67282820
-1.04439689
-6.29581079
-17.08961369
-0.00202137
0.71014823
7.97721386
24.49948364
0.02185413
1.08993781
0.49134187
26.52108397
-0.13180388
-10.11456386
22.54304882
-2.10688695
6.05673243
-0.77551743
0.49063641
-0.01237075
-7.81329712
-12.00249048
-5.56326268
7.38905193
8.00960185
18.16202473
-2.19460801
-10.96855578
-0.01248264
1.12253738
-4.78415022
1.55784268
1.91818305
-6.20592992
6.01510020
-2.03226270
9.54833159
-6.85794760
10.14536939
22.74039763
-2.02115894
0.37224056
-6.35532650
-13.37733226
13.52772837
12.93772276
-14.08037807
-31.96047687
14.40211943
18.03966415
-13.70486841
8.73796617
18.61066994
23.03757182
-19.28552020
-19.84654734
-1.91424023
9.78225060
-6.12901402
-1.56787808
-7.75769449
8.10937396
-2.10441986
-0.03912198
-7.27528367
-1.24847928
3.44658168
5.89842986
9.27278662
15.26855418
1.67149709
24.42366456
-1.15812052
-0.40377208
-3.50845681
4.77328820
-10.05113038
-2.36066682
-3.81193894
-6.98751207
-8.58224272
8.55881290
6.71283752
-0.59706686
8.20963092
-6.12026141
-12.85506722
-10.54494172
1.84210961
-11.17801564
4.22755350
-6.99405126
3.63668916
-19.88468170
-1.24759532
-1.16590216
-2.92373582
0.33708511
17.90305862
2.51011593
-2.80722975
-12.57664103
-5.54414548
-16.31043717
-6.72655982
-0.19317661
5.58609908
-2.69941023
-6.08255444
-2.71244561
-5.80306404
-28.20611992
2.79967667
8.49789664
1.12396157
4.49722831
0.83418594
0.02625916
-0.81987426
-9.70647576
11.05172591
-15.72558565
15.01341927
5.76816250
-17.32314910
1.13734752
0.22989413
3.27746219
-3.17469276
-3.94770300
6.72066125
-7.76291192
11.38682881
0.29123892
6.45339336
-10.44530680
-9.22923890
-11.06187052
-3.96028143
4.41582319
-2.17745005
-11.35499781
-10.78770111
-14.45596470
-8.02278473
-4.50755885
-16.12533679
1.11283020
-3.41051345
-1.05834419
-12.24662326
6.97680491
-11.78691365
6.34552622
-1.32132999
7.50016236
-4.56016106
10.78487517
-13.92701326
-13.90223485
-0.19087273
7.93753122
8.26436497
22.01295002
-0.08697574
3.22306561
-0.06590934
-12.76711536
-1.14327899
15.61074214
-9.79014639
11.33361544
-11.93143512
-1.58980370
-2.52958065
-0.75908983
4.42100210
-1.38487228
-5.54535287
16.91473677
-7.90758742
-7.05579220
1.21139830
0.26817004
-3.95676805
-0.37350260
-2.09824978
0.10075116
0.51627604
6.66316650
1.67894004
4.57894315
2.93922384
-10.33779413
3.06231305
16.01783130
-2.29408178
-0.31686097
-1.09714002
-9.19271004
-13.86837337
-3.13005671
1.98989908
-1.07675065
2.99600533
-0.17253417
-3.05780273
-1.84860883
3.05148143
-2.12412859
8.56404783
-5.68032363
-1.09800883
1.38247602
2.00334945
-4.49504645
0.33092578
11.01115478
0.60156529
0.03951128
-1.12071145
3.70302019
-7.41998109
4.71940616
-0.09612536
-0.61309861
-1.29669720
-6.08973102
0.98701087
-15.22334127
-4.19628335
-8.65680171
18.29053026
-12.62905012
-20.83735243
-0.65998940
-13.73618517
34.61571498
0.17587380
-0.09126703
-0.30210518
0.62043091
-17.34199295
-5.96792763
2.75410993
18.12331304
2.06217410
0.70871014
-2.16338826
-2.60091643
-2.20331156
-11.07182416
2.90497881
-1.81081232
0.42657283
-1.29792620
-3.56744287
-16.47896495
1.28598024
3.43689086
1.22110639
-1.79013840
-2.82360065
-2.79552329
-5.58028984
-1.56451216
-24.73163075
8.17189718
15.12791621
-7.81905335
-1.05874369
0.61850246
-2.29160071
-0.27387009
12.13899376
1.69886973
-25.67725331
15.47404181
-17.40873674
-22.26819328
1.75252459
-5.92954022
-11.54622846
-6.55766265
0.03546415
-1.25032803
-3.76237945
11.83568699
-15.56666614
-20.03935268
-3.46751237
6.10212140
1.47818705
-2.60627922
-6.61430544
-6.20659287
2.60865558
-9.89532593
-0.99174760
-11.12028956
1.52376329
-1.23091314
-2.62894821
-2.53345791
2.03523200
-0.06679225
-1.22976248
-1.92758101
-9.22965016
-0.27522289
0.00700634
-4.50723958
-0.65658077
0.59635722
-30.13938528
2.67072018
16.65173703
-2.11410599
-2.04858561
-6.99262534
3.71235685
0.75615572
-13.08257554
21.32050722
-0.88952435
18.76826124
8.47439794
2.94503571
2.71753994
-16.19665373
1.06049319
-5.94520563
3.80021164
-2.57471293
12.92209377
-9.31160961
10.16487504
-7.06081006
-9.79066609
1.68055143
-1.47023281
-15.39056810
-12.37898854
20.21884375
-6.14960867
5.72533770
6.45413264
4.17099327
2.58520970
-6.36325604
-18.04723223
-16.29267135
-4.12208524
-3.95423854
-1.76213448
-3.08759042
-0.90962924
0.90465759
-6.61835412
5.83889728
9.46789580
-5.70523038
14.02066052
11.88462396
-4.61984626
-8.42607654
17.10743424
-14.43744721
17.04483336
22.78930338
1.38065540
16.19742965
3.49567201
-16.66753811
23.00813735
18.37533802
-1.89078551
-0.80560431
-16.71008282
-21.20451396
4.44916276
-18.64956974
1.36987770
-16.20625153
-3.64915854
-22.90437103
17.94234455
16.45139534
2.31213830
26.99457912
4.55402667
11.40443804
8.90330664
1.97319987
8.58353562
-9.63894498
4.27250999
-7.74895912
-0.21512666
-0.44000067
2.81047213
0.85689181
-11.25352226
1.20845838
-1.50640312
-5.64340083
8.68465215
-5.52657052
-5.35918291
-8.15995937
17.22926070
-9.27401232
-16.66401724
18.31231084
25.40056467
6.07794760
-2.72078589
19.82580965
2.65961053
1.76628331
3.22556333
7.32592496
11.53204495
2.29589163
-5.09850535
-14.51752860
5.94715991
1.89715836
1.47971029
8.09321092
-12.96792879
7.79966805
4.13302895
5.44201456
12.38827451
-20.44205681
12.39550762
-0.42978639
-0.81993935
-0.32885041
-4.42170428
-1.30596860
-6.45974925
12.80573490
-2.66013810
4.72988965
-12.12055603
-14.93417289
-10.29410517
1.11611824
6.86821661
-5.35300812
-1.97995036
-3.66964899
-24.86710104
4.55749823
0.16541504
11.09898678
8.36623878
3.86681358
-11.27724247
12.84066847
-1.47917097
2.52979645
-6.31283204
-3.54220417
1.45335867
0.86566358
0.59799257
1.34979087
17.81752850
-1.19872435
-10.55535649
-20.24980139
7.62098435
8.99872025
-4.15077193
-9.35873264
-7.98302933
-9.58170302
11.60682879
15.08171313
-1.03427204
-0.70401810
11.98070914
5.61624501
-10.26721694
1.67208276
0.14019493
-12.45867002
-1.33435834
-2.82526621
7.44130588
0.13894097
-16.69816925
11.95173435
6.60156580
-2.73372926
20.27386512
-2.67554104
-7.39621801
-14.61152087
-0.23334686
-1.27246161
-0.00471814
6.76420729
-0.74083300
-4.50460318
-4.82419343
1.19411748
19.58032561
-2.84504798
3.78116258
21.88073022
-7.68979638
14.23345271
-0.89799460
5.14965050
2.72655766
-0.06108727
-2.22490000
2.67183612
-12.31927576
1.76289658
0.82190285
-3.23910567
-0.69483661
9.80543757
-7.72187137
-2.25025126
-0.69948210
-4.04815493
-1.95498018
-0.92528937
-7.04829753
-5.23214390
-10.52938438
0.02211377
3.86417301
3.16934427
-6.79395700
0.25081528
10.12356436
5.19784793
0.39874178
-5.21734693
9.39863714
5.52239398
8.63771468
7.93878037
9.47825098
-16.40943621
-0.50961631
18.01573140
0.92340551
-9.22667530
0.14312752
2.72356509
0.32623025
1.60301584
3.39773764
0.73393170
5.80949786
-3.41045166
7.15401571
6.48286332
12.45399339
9.76858402
-0.63395453
-3.70206031
14.69080829
0.98692079
4.93894803
3.33475585
2.13586842
-12.40458763
1.98969947
-6.67008671
-0.46959607
-14.22058119
-10.33948429
15.90690769
-2.67950799
9.91514585
-2.97081653
-3.31489755
4.88573329
-13.34624411
0.49268666
10.98352000
-10.53295328
-1.79457542
-2.99183575
12.86055232
14.05640925
-4.94911869
-2.13940794
-8.44004695
-20.26375347
-25.89017831
-11.15923250
11.72172949
2.61251140
-25.96358329
0.81660912
5.21576012
2.65186398
-18.29020602
-6.42844344
20.53520267
3.67995855
-9.89225137
7.48963835
-20.07078813
-3.62404394
7.54268138
6.97675014
-1.67561883
-19.82861459
-8.72455565
17.63123201
-7.41817180
-3.92146833
0.62522093
5.99854001
0.00015241
4.87802391
5.95300103
-9.13506141
0.00079976
-33.07221476
9.60451894
-11.88620326
-1.75576134
12.56035577
2.34496342
20.07011864
14.74856423
-4.94392852
-1.63423030
0.00068217
-0.80016783
3.16115235
0.53896759
0.01001545
0.24308731
1.65806206
0.77370108
4.63438652
1.60699130
2.20972403
1.00859810
-0.12894731
-6.49298065
-0.72918562
4.52289733
-0.65767470
11.21698064
-0.00309640
-3.50592532
4.51001903
-3.10606806
11.03801841
8.52021640
17.72832227
-14.10404268
2.97254063
-8.68923270
-13.51703168
-3.92129560
