8.89978468
-8.69225958
8.09824737
-13.38677572
1.96473520
-2.24511538
-6.08397476
4.29470805
-0.61378443
-5.44591799
-7.83803772
-6.24983824
7.93307830
-0.47036655
0.98139469
-0.36585279
10.74473302
-0.06002832
8.72494088
-6.37346967
-16.97884467
-1.38057230
-4.19853516
-14.05207598
-6.42648428
15.84333757
10.22583654
2.19485560
-8.06213664
-11.75799809
2.14678062
-0.41021165
-4.62531975
-0.60030842
-1.21331317
-5.62497637
8.70001600
0.74364117
0.09296359
11.82994131
-6.32204667
7.55154337
0.07107409
-6.13148500
11.31270188
3.38659381
9.24721048
-4.41735787
-15.94627074
-5.23351979
-1.01341942
-11.66233893
-17.48055680
-1.36072152
17.66666059
-2.16332405
0.13760541
-2.33667608
4.08017544
-0.01452433
-1.88525263
3.74158922
4.33952361
3.08512950
-1.57950640
5.71941051
8.67912174
5.17365854
-4.66839228
-4.52130825
-2.29250798
7.37315270
-1.66727228
-5.97570420
-7.01507304
-1.50334452
-0.13726434
-1.04976817
-7.86282626
0.11987752
19.84177678
11.66282281
-4.53761849
0.52843526
11.03070106
1.19308498
20.47152346
-2.20898648
-3.69161298
10.63008777
4.45506313
7.30696063
0.32638070
-5.98448216
-0.08994730
0.77830266
-0.13117671
3.46311991
3.72653284
5.43785574
-3.23378573
-1.74483658
2.62901757
-6.48338120
5.81135952
2.50573480
-3.74902358
-1.70517275
-3.26333575
0.80473732
3.18888709
-7.05197738
2.74663361
-18.80322093
-0.58621716
0.32110786
2.72568095
-7.77659969
9.76414327
-0.15209715
5.58755679
7.32726188
-1.44774497
0.63773589
-7.84162869
-3.23323672
11.06868671
-1.88069203
-4.34694066
3.69485436
1.74830622
-6.14764228
-2.67514642
-1.03486773
-10.26953504
6.08784426
27.23787271
7.00519802
2.89154419
-5.23324675
12.53735273
-5.42264451
-0.22596768
0.34325470
9.86495685
1.72565726
-0.39637493
-14.99303368
0.46112180
-1.90955513
-10.68500837
1.19443019
-3.43411571
10.38413460
-3.40398469
-3.89353389
-0.76935160
-5.07394964
-8.10936168
-7.95948884
-2.08958284
0.56777130
-0.02320755
6.22396289
-0.11437575
-0.45383428
4.18873402
11.83120243
1.97545368
5.40920956
-0.53285718
4.28715676
-19.33770389
0.23570181
-12.61425968
1.84335798
-1.65247368
4.85829774
-2.71733238
-8.88999128
-12.27826926
-12.55781906
-1.74982089
-18.78715611
-28.88049077
1.12920241
-7.28177624
5.57775220
-10.72978912
21.49763291
-7.30871540
-0.99838937
-18.97005014
-5.72916910
3.18114575
-1.98463145
1.48520603
2.91877460
-14.42168153
3.86822901
9.82374352
-4.06133206
7.22058126
1.11659665
15.51984819
13.78314580
3.22564525
9.47441817
-6.32784750
8.34256481
8.59323395
12.03282549
-6.30839827
-0.71878609
-6.07569848
-1.13293947
-2.00139140
-0.62208447
0.02009465
4.26057340
-3.71366122
11.32576914
1.58331459
-6.82452185
5.69117837
-0.32605068
21.56710691
12.64173019
-1.98723255
-0.71363619
4.98629879
-0.56960101
3.71288991
0.91626125
4.62206955
-13.22008198
5.89775521
11.15500955
7.91374719
-1.52040728
1.55653789
7.26147964
-23.00201339
9.97766250
1.39606770
1.00005341
-0.02122132
-2.54926645
4.53293330
-0.90123738
-0.57054940
-8.79978238
-6.35664124
-9.57682409
-19.41033593
-14.66451251
0.11345460
1.96690075
-14.80769392
-16.14037412
2.97352624
0.39041767
-10.45696342
-7.32648041
12.40327084
4.50313374
-2.72016190
-0.16109971
-0.30405671
-8.26388025
1.79060524
3.37462335
2.11847776
-32.23058055
10.94120295
12.71171508
2.87065573
-12.48344503
0.98365265
-4.99484448
-9.80616603
10.87015612
-0.41558920
-2.68838168
8.58415990
-11.37659200
1.89443058
-7.40673471
4.69150941
-4.12275850
-14.09858223
-0.23061962
-0.01305982
0.48569807
-5.35097646
16.87499892
-12.65381841
3.59903514
-7.06763527
-4.44156300
2.65971472
1.91782261
1.20816924
5.91064815
-12.54422183
3.00577199
-5.61605843
2.19552492
4.07718521
-6.63076020
-2.77110976
-1.94387018
-10.42525025
2.15385151
-1.74085212
0.01111609
4.80922165
-2.31975399
-8.68546569
-4.59555352
-3.14731502
-11.03757907
1.26469696
7.39407307
15.55029188
13.27502422
24.15865380
-5.79413706
-0.86010858
8.29356128
-3.91612138
-6.31063390
-3.35069702
-10.73523631
3.86824696
-0.01123571
2.24690122
-1.99912432
8.61720361
0.44818435
1.06916422
-3.75708145
6.47309850
12.79440539
-4.83682543
12.12354226
0.80780531
12.33808607
-5.62073362
7.79021263
6.00243634
1.13171651
-2.87806159
-3.42358374
8.70759835
-9.23138735
5.00003644
0.72880932
9.76026885
-9.33978738
-14.62676716
7.95113086
-1.33986046
-0.45822856
2.10990792
5.67967614
-8.81342261
16.69678041
-9.59458633
15.71718169
5.27783506
0.00764674
-13.70974104
-2.72206264
0.66669174
-4.09902678
-13.13921748
11.64723036
20.81116269
4.76116164
-5.16777422
8.84943083
-6.13059867
-2.57498340
-1.09660375
-7.04429980
6.45537307
17.27848311
0.81768048
5.34916747
2.32717300
0.02349611
-1.41501886
4.02639102
-0.31915147
-0.63804676
1.75127494
-2.86663526
-3.63112250
-3.35727269
-1.97322323
5.29846297
2.98277686
-1.17104376
-5.18836072
-3.27805073
6.69835927
-0.12511468
-20.60442457
4.97109248
-8.96407852
-11.62945008
17.29659418
-7.46980834
-14.49094096
8.87005701
-11.23272224
-12.62219888
0.42150373
-7.63659393
-5.92434248
-4.77542078
-1.18970224
-1.64580573
3.93498154
12.55473832
2.64663857
-0.39851026
-0.04858732
0.31571794
3.33354023
3.80864791
-1.02452590
-3.63646642
-0.74409551
-4.57826947
7.15395819
8.35481013
-2.07857486
17.41443590
-16.03167815
-9.24745606
6.08194951
-3.69025656
14.41268427
17.07416193
-6.55318091
6.71408439
-3.36830008
-2.70600728
0.03736971
-0.17878561
-12.38186474
20.49593748
-16.64867313
-13.62589055
-1.39658584
-0.66123893
-0.85039795
0.11140882
1.41299808
0.88686826
-0.71051831
2.07022824
1.31253253
-2.31137757
-2.52710526
-13.08713375
-12.97618439
1.14926360
1.23111367
12.22698420
3.25881274
5.90463169
-10.51663259
-11.39430762
8.87659646
-0.97127591
-9.18419977
2.52925208
-2.93047517
-8.92035374
3.28352146
-3.64419873
-14.56057008
-13.18723943
13.78693495
14.20061198
0.97538521
-0.37688121
-0.47415078
-6.31537801
1.44000348
-0.01370033
3.34704980
5.00334096
-10.10268102
20.43293072
-9.20622959
16.36948705
7.78660394
2.98999915
0.76114164
-0.58799381
-18.59979887
-15.00427961
12.57669462
-25.29653901
2.72495898
1.21649079
-8.56059700
0.33333872
0.48581815
0.03319175
0.36107938
3.62291717
-0.50111357
12.85262523
8.52137701
1.63160003
5.25463838
-0.13787237
-0.47738337
2.09295821
-3.11784236
-13.83433776
11.36823359
-8.96671846
6.14782375
-1.74440199
-0.69858822
-21.66778314
-0.44674929
-4.67776471
1.94237847
8.40093859
-7.42531384
7.21048531
5.78064428
1.84831630
9.79582545
3.22272380
2.32137754
1.24867197
-0.00247818
-6.91346843
-0.78527086
-15.13222104
8.78303246
-9.37984334
-12.16002151
4.85201524
-6.42134996
-17.50494466
1.06502845
-0.36300155
8.48055896
-2.87378440
0.31004584
11.47571415
11.71782163
2.18890542
0.91990115
-5.19262590
-0.44902140
4.83824526
1.36469637
0.80521103
6.65497147
-3.78827022
2.22963374
-0.45762990
-1.92384382
-12.40033868
2.77874156
-5.07619813
-0.39733110
-1.31682935
-13.36848278
-20.94348970
-0.45861292
0.61188405
15.24991397
3.05710975
0.52754939
10.83712652
3.72917145
-3.24291159
14.67836142
8.98024530
-2.59379066
3.32499586
-0.49079394
-6.94827722
12.61758584
-1.93102087
0.36675744
13.88848611
-0.77259409
12.56746236
3.37196567
-7.62687797
-7.65220657
-10.76864388
-0.02822311
0.18303302
-1.68048648
1.98785027
-10.71793368
6.59112214
-15.66029350
11.87928821
1.43149821
-2.28117573
2.46103490
0.51999404
12.62981322
-9.39401184
-1.93455699
0.31847480
-7.87984410
7.81110662
0.10119768
5.43365768
6.11940022
8.16941098
13.28957436
0.19472697
-1.89770875
-1.54703368
-0.11297708
-0.21094967
10.58126213
-5.64968967
-5.72680947
7.33867438
-5.04497493
-1.99628060
11.17916545
13.85284359
9.58603031
-3.82261676
13.62164967
-2.34618458
-6.29496425
5.22180707
1.70555135
-9.80768818
14.76005169
-15.20598256
-15.40282263
-10.81495119
-24.27358418
-9.87057251
7.95884827
11.36114184
-9.30964784
-8.00842264
8.48597364
-4.98083825
0.37973172
-6.42405130
2.54891450
4.44127584
9.99621644
1.35857533
12.08364708
8.06082503
7.43284546
-12.82595082
1.48733782
5.85116997
-0.91308027
-1.62640184
-2.43067127
-2.80793908
1.60608176
-12.82441452
-4.63254705
12.15219584
1.66904768
3.15631869
-0.18420764
8.91837683
15.70887543
-5.80802671
-3.81194428
18.18354090
11.35619313
-4.69514979
-1.66964788
5.98291026
7.30558014
-5.09788397
-2.35687172
9.13545534
0.45612740
8.86622226
-0.02120823
4.53310324
-5.10809750
0.67191951
1.05830692
-3.56990398
13.51419144
-1.02931090
1.11906978
1.96329394
4.25908324
-14.43953394
-12.75561479
3.74954590
-1.56610742
0.27829360
-3.48806020
0.08133302
1.34232987
-0.53163398
-2.77630540
9.70761752
-14.59814097
-7.81382689
10.37413709
13.30530079
2.38482075
10.41883986
6.30666771
-4.45203899
11.76706949
-0.29309207
-4.11197943
-1.43446429
1.25631654
10.50874174
6.58225170
-21.36822408
5.39583275
32.98554687
-12.30318995
-27.76606644
