17.22254889
-2.19558200
1.33630063
-0.22726280
-1.39389994
-0.27495437
6.55201489
1.50974554
0.29986968
20.34235362
0.71364890
1.31834482
5.89649782
-13.22880559
1.85463007
-0.89132610
5.29993306
-0.23054608
-2.36836077
-28.95953717
-17.14252563
8.33436477
-0.50394365
-23.05398186
-0.42847714
12.05636349
6.76485235
-8.53738190
8.09999746
-15.70347627
-1.39151514
0.45621227
2.69079010
0.42126094
-0.65271393
-0.24695854
-0.41188593
6.78154008
-1.11711804
3.58013164
19.58580195
11.29159500
-4.52858582
13.13788510
-12.87621818
-0.58202007
7.77023672
5.47915142
-18.44939459
-3.66875796
6.76327613
-4.08828538
-7.55179673
22.81807633
3.27499794
-0.51072654
1.21087737
2.95123598
7.93188387
-0.01099536
-0.92275152
-8.61646848
-11.28766066
5.98522610
2.62686104
-13.16234879
-12.69875751
-4.18577003
-1.90258378
-6.96526793
11.96189573
2.29715217
-1.81300327
-1.88259530
0.85286735
5.12344070
-5.08037339
2.15190028
12.08619321
2.03690635
10.97557973
-21.84092259
-5.46712114
0.18301518
-20.86660783
-14.86455153
-4.50797056
5.97613939
7.60915171
2.47904594
-10.66733090
-9.42494490
0.56946022
8.33765982
0.79281835
1.93298083
0.39239511
-1.24445197
-0.12528451
-10.24160801
-1.23644872
0.86094691
-15.45341646
4.05330573
10.44158440
-4.81421532
-0.55908219
2.12834358
19.13711888
18.00469167
-4.92718216
-6.76281727
0.32231161
-25.19168742
-2.01237881
0.38999093
6.01799513
-0.49907342
8.43648685
0.23608002
2.98605770
8.60648766
5.55404948
0.89483538
2.34320916
0.29183582
1.98931229
7.16473205
-1.08247465
-1.40010582
1.74037641
-0.15375764
-0.17669129
8.71910638
7.83531494
-12.28153981
-3.60838020
16.07804438
7.66550504
0.10577916
-13.57846139
-7.87261190
-3.63210036
0.40795373
2.33626212
1.56862950
-0.77629308
-5.81468591
0.69820600
0.30379775
-16.50643446
2.92956617
-12.27742860
-4.21657168
7.22353042
-2.32641524
-14.99031741
-4.82947616
-1.88065461
-6.39534489
1.13414683
-8.04466609
1.96909244
23.56147385
-2.61115395
13.94115159
10.85299780
-9.02594148
1.12580241
-4.38801762
3.22008666
-0.14896563
-31.07328739
-2.94737644
10.91754577
-2.04828687
-0.39345495
13.40607956
-2.35787400
-3.32311648
6.00802748
-10.21778687
4.28441120
1.13176398
2.56936310
0.04993303
3.18165187
-5.16078130
-6.62444817
9.95589398
-0.09839420
1.43808340
-6.78699023
-2.95786472
2.02774897
-1.52332519
1.73192418
-2.43375765
11.91349711
4.87533401
10.42533097
-0.21251413
0.58200405
-0.00202495
-2.10744823
-5.27631741
7.95898214
5.55405759
-8.86400806
-7.94479274
6.80935360
0.18544850
-20.08707877
3.14148220
-4.51249900
0.52337728
0.59803343
-10.32831083
-12.28575589
-13.13614789
12.31507203
-9.43377199
9.26695887
17.36094871
2.03879895
0.74699333
12.98597856
19.35566571
-0.69249142
-1.08970093
1.30763750
-0.32231217
3.79519422
-5.89444170
9.84195481
-3.50270521
-11.02915517
0.88228047
-1.63527490
-1.80163232
-2.13921047
6.19718817
-6.23096962
27.70516218
0.06755698
7.50848608
0.60108738
-2.96116219
-0.52139234
-4.83052074
-3.00869367
-0.77134682
2.68720884
-17.95949977
-13.46302596
11.39241444
0.26833702
-0.26917666
-0.71412476
-3.91285773
-2.90855651
-0.00797337
-11.71494076
-3.48014156
-8.85644525
15.33823565
-1.91906068
-9.68688442
-5.61503379
-21.40089770
-9.35422443
-14.08892017
3.16953239
0.62186123
5.99805795
1.24646722
-14.06790304
-20.66136906
-0.74057783
1.04410565
-0.61614065
22.63433487
-2.00800270
2.23803142
-2.52057561
15.55611385
1.95016374
-8.40432667
23.96715737
-5.91726210
13.95960258
-2.52755904
-0.01518773
0.92025566
-11.15923010
-10.47185678
-20.26724879
11.23993679
8.52374500
17.96516782
0.06189265
-15.72389015
-0.00515231
-3.11507161
-7.41949957
10.93467067
-0.56426569
-6.44731001
1.63854811
1.09459620
11.35126906
-6.31257222
-3.26801673
12.92882168
-2.37739929
0.03870714
-7.34237069
-9.39199582
-5.59807666
-4.55583013
-12.19244053
-15.39482930
7.73415285
4.81063634
-8.56804406
18.32304469
19.24902909
14.08221211
-9.50272326
5.34483499
-0.39210497
-6.86214678
23.33953007
-6.17922586
-0.28714104
24.21793724
-3.62736120
-0.78078039
3.47343679
16.73704807
-0.05502917
6.40629759
7.96678587
-0.52225833
13.77198776
24.02178570
-0.92080666
-0.46929128
-4.05409820
-5.46755183
-9.73834164
-2.78186404
12.95260512
4.41593299
-9.29869053
-14.83971877
6.29821212
0.80541658
9.00907375
-9.76413846
-17.27699647
10.33804848
2.19439446
-8.86065169
10.99795149
4.05984149
0.74468394
-7.16493651
-0.19885603
-0.00428675
-1.13477371
2.29340596
13.35674460
-1.59027653
-2.55051851
-0.82545036
12.12195647
-7.51045654
-9.33835375
-2.24786638
-1.47593372
-7.94078112
2.63781432
-0.42905976
-9.57373836
-15.87572218
9.11228762
12.27785875
1.07889794
-0.56263190
0.87076304
-1.41182435
2.82673378
-13.74704211
-3.72610871
-0.15615440
5.35800016
7.25258252
-12.28545568
-2.70222220
1.16619548
-0.46197852
-1.01751058
-2.22242176
5.08131189
-0.83815202
9.01491498
0.46531994
16.07942813
-8.25908892
-13.41118797
-1.47178661
-4.45255985
7.83547283
-5.82802169
-10.37824991
-10.12476473
-15.77525272
3.39795477
-2.78379037
-4.41122367
10.67732241
-9.33333252
-2.22912008
-15.83640675
0.70182384
-2.01873428
-11.64617285
-0.93510410
13.38040821
-5.49219926
3.83611581
4.93218950
-5.30350874
0.00058558
-0.45232614
19.24955082
25.01673108
1.97704684
-6.85055882
8.15451927
2.14031476
0.22562923
10.42106263
-3.58516513
-7.66613035
-26.25948459
-2.80891626
-5.86712610
3.93086981
-2.37975431
1.11792265
18.80316638
9.28332562
-11.08263420
6.13052064
-1.93369163
1.83084153
-1.07952304
-0.62690773
-0.46255271
1.57031032
0.53307074
0.71052795
2.00853620
-2.09504742
-2.48427398
3.87144750
-8.91313081
-1.59088271
-15.62672035
-0.69808034
-5.80174887
-15.68793661
10.81747227
14.06547425
7.74398287
-1.26193559
-4.85357621
3.77338866
-6.96066636
-5.32852725
6.74372899
-3.10219652
-9.45799673
-7.99233188
8.18347750
8.33897740
2.22765640
3.26471444
1.93611306
-5.67772318
1.17891076
0.23080076
-0.16552174
4.37316223
-1.65539497
-1.96369657
-3.28422278
0.76569557
0.75392206
-1.57624400
2.66217524
-8.95475217
-5.17962928
-5.15552320
15.16574814
0.76670916
3.81956458
-16.95109643
-8.82699648
16.96189531
-0.16757008
0.07342558
-0.03052984
2.53741751
-8.19265701
7.20769811
3.83172578
9.53182846
-5.88240936
1.85818638
-2.81866327
-0.78855652
-2.02398831
-16.55629240
4.83811025
-0.54731636
4.54492517
2.60470612
4.48570815
-27.98905949
4.16798210
5.21636527
1.87841121
-5.92301840
15.45416576
3.94311403
6.07338479
7.21310616
-24.61908540
-3.28666742
-3.58336571
13.55866523
-0.22034449
-0.42831541
-2.34292927
0.00959679
21.02362380
-1.11371281
-27.64430786
19.15028798
-14.22589131
-20.11867789
4.55914024
-3.63565166
-6.12142244
-7.27768999
0.08309803
4.96400985
27.32797478
1.58476279
-3.96346915
-12.05930215
0.63589297
6.03821331
1.68335519
-2.72731856
7.11027278
-0.56749652
9.95918399
3.76209156
-2.38031156
-3.17481787
-1.16380667
1.23283678
6.17332883
2.53083674
-2.39765915
-12.02720146
0.01112158
0.73928442
-15.76531621
5.09458652
0.16390114
-10.88968985
4.59120546
-4.35882835
13.63434905
6.71614375
7.41544576
-1.51967331
13.16029987
-5.69137313
8.77984029
2.15635889
-3.43439900
17.63416641
0.01888451
14.70285979
-5.52731295
-3.95811818
-1.74405020
-14.49783861
2.06146059
-3.69239000
4.10713693
-2.10729885
7.24410163
-2.10702603
2.46179220
-3.49722654
-4.33620675
8.41158548
-1.22503698
-7.37162026
-8.54561355
26.20220654
-2.29485521
0.78733932
6.80696175
3.53222072
-1.54358273
-2.22328125
-8.73512071
-21.48363026
4.23781110
-10.18253831
-0.26835161
-2.57605689
-0.34016798
1.09364533
-11.30430890
11.79969727
23.53560062
-11.17323837
-17.93723144
12.83653311
2.85198564
6.24241921
26.82702461
-3.70758975
9.11333751
6.77052790
2.16593673
3.84567013
11.80689514
-10.11208722
18.62794835
8.02836441
-0.95528142
-12.34527353
-19.07168088
-8.57936605
0.18436823
-19.05572216
6.84835434
-20.53729527
0.97499119
-20.30893155
14.05843173
9.93449938
1.22910830
18.43900123
-20.02053098
5.97373100
3.14019102
7.73047800
-5.27245976
9.86023147
11.68107659
8.17577975
0.01084662
-1.33160560
3.61755145
-2.23233220
-15.38838482
4.68121977
0.31315669
-20.18144244
13.42889156
-3.83330437
-4.42618865
-7.74929931
21.48963093
1.89639451
-9.60146874
19.91938756
23.70281719
10.23131174
-5.77481565
9.24186886
2.25102723
4.50013145
1.80916836
5.54231106
6.25080578
-17.19758843
-8.94122276
-7.26903512
8.61048179
-1.94014363
-1.80540164
7.41952398
-8.63933402
5.99989183
-12.68044506
-4.33237859
11.78114287
-14.88373952
11.76568295
-14.00657694
-2.19302287
-0.62623332
-3.71236968
0.00918658
-2.36415475
10.15739533
-1.94368066
10.00481838
-12.19692213
-12.03397053
-11.13367763
-8.32107355
3.38422411
-3.52975979
-2.00392292
-1.85391379
-8.31499320
0.32818922
-0.75733578
-6.42024610
1.20409525
9.46380734
-3.91789899
4.71525639
0.29717689
-3.41354902
-6.48504712
2.99725182
-1.55086485
2.14017662
1.57253604
0.43266597
8.51017333
2.86683367
-11.86500528
-3.20764015
14.79328630
-0.13527555
1.76762642
-15.91047433
-14.38671877
3.24005832
9.30047624
2.40347970
8.07879544
-0.03859968
16.49920373
-3.46236350
-11.53532133
9.46344956
2.75811329
-7.56937007
-0.70838756
-1.41000984
-7.21248847
-1.80283125
-19.48522342
-3.49949914
1.56429152
-5.36279317
-6.52309670
1.87945238
8.02423451
-8.29697759
0.10525200
-1.85463498
-0.00393803
7.16053648
-1.62036531
2.16159362
-3.88824156
-2.61327340
-4.41962396
-1.08294302
11.15491445
18.70947623
-9.09102225
1.08522619
4.31126116
8.47858222
5.02134530
-0.36442411
4.51728865
-0.07715148
-4.65159312
-1.35771842
6.56671898
1.76608901
0.66254726
8.74051128
-6.56710009
2.11757395
0.17900478
1.00387760
-3.40338537
-0.55360838
-3.96930379
-0.87848161
-1.14724490
0.36449701
6.98529171
2.86214751
-10.74180586
-0.68168491
-0.39537253
0.34420753
-2.89379185
-7.54311432
5.18820403
9.28829923
19.16997087
10.95203498
2.23424452
-5.44486479
1.46038274
11.70032965
3.31332507
0.10040426
-3.57111700
5.33295465
-1.24653114
0.64359464
0.57582178
0.88691680
4.22118323
5.15327541
5.39935618
6.43156624
1.47672864
2.35869120
-4.11725269
5.73942004
12.21817696
1.55453136
4.21102037
2.48514793
-0.63151984
-2.32012114
12.75193124
6.22593092
-8.57105148
-13.18576521
-7.05294293
14.77358762
-0.44706303
0.97819337
-0.87778785
-20.60699245
3.76404624
-1.94296027
-0.92509843
12.83763671
-3.14410537
-10.56567497
-4.39245987
16.81976647
3.69989007
-0.51246993
-1.40093609
0.42901034
1.76283813
-14.76317886
11.21937735
20.83290410
-25.88684607
-19.98297461
11.02045510
-6.82926336
-6.58721970
-13.23400357
-11.78950922
16.66386298
1.24695734
-7.02641420
-0.95952768
-5.91838205
22.12863660
7.32612976
-13.73840798
-18.66232494
-14.16016099
6.24395087
20.21217265
-5.45315805
