17.29797098
0.90858685
9.67500883
-2.77794626
1.00657615
-2.50617771
-6.38571291
-0.35236602
1.09846683
4.65126200
-1.69778218
-0.52696952
-0.57379903
15.75951643
-2.65371669
-0.00381596
-14.11597852
5.77988214
6.88520359
-18.30032687
-14.38575920
-4.16660330
8.25307041
-26.78987505
-1.04868403
3.80055344
-6.90965675
-3.76551516
4.33180512
5.06649094
0.00728193
-0.50332955
3.27891491
0.16011439
-1.05988837
1.10489176
-6.11017872
12.76396957
-0.00366117
3.29016506
7.52240598
13.36337178
-2.18456138
-18.16875162
-10.75837902
0.27530446
8.12093709
6.12313471
-14.73379639
3.56381512
3.93167324
-9.44186822
-5.39941927
-2.39828901
7.83901567
-1.02067790
1.13268166
-3.30081069
0.84594958
0.32995304
-13.00293885
7.09437781
5.55149337
-3.61400815
1.24116917
-14.70997368
1.44038984
6.33265185
-11.53634484
-0.30165618
-4.99209529
8.26055067
1.38384703
-4.42566142
4.53049291
5.25973930
7.89345505
-10.14574878
-0.89429703
1.08052160
13.30091489
-19.05707614
-2.98731951
1.00104431
3.61645929
-20.05155768
-19.26255391
4.06517570
-12.30496640
-10.80382759
17.14523770
-5.51220985
0.01132468
-4.05864117
-0.14578552
2.96705438
0.29061821
10.70919819
-51.53080316
-9.26378999
-18.94752319
0.24887540
6.37104838
9.16268319
-5.38728364
-2.06247292
-8.46042514
-1.55872633
-1.71276085
-4.49939686
-20.25856352
6.58206639
2.99861240
-19.67929976
-1.71235085
-0.00374747
5.43614252
-10.65170681
7.42324651
-1.96347179
4.06116110
5.45885216
3.74562763
0.85474795
-8.49278639
-1.72451605
5.91126306
25.04134551
-5.07265106
0.81246936
1.08461496
-5.28436290
-10.00059541
1.75614331
-8.77852907
-7.32583546
7.04571201
15.56257317
12.30378175
3.83113003
-15.09020034
-6.69505727
2.81491996
5.38675527
-18.08382079
20.50165042
-3.09415382
-6.63436918
0.46764232
-0.48995294
-9.49192038
4.22628890
-1.30982392
6.66599843
-4.51888040
-5.19100991
-0.55879407
4.45568936
8.36027752
4.03676943
5.33274550
4.45181070
-11.08581375
19.22483187
-1.43041852
4.92941689
-2.94458546
-3.23123677
1.45586785
-2.54878097
1.74331753
-4.94018672
-20.79955210
-2.45662409
-12.51216448
-2.74425419
-2.19642048
6.45585144
2.40294068
-3.73073350
6.76713346
0.15536427
3.44536557
4.49999702
-3.35056846
0.19534225
9.46558604
-9.75908744
6.37455803
2.92938223
-9.86410260
-2.93348489
-20.55088212
-8.31031329
-2.42321913
0.16889684
1.71982691
-1.32896781
-3.30150261
-7.57307051
-26.67617946
-18.39185817
-8.38193590
1.00323434
4.97666848
2.58274958
-5.51757299
-11.90392847
16.50489658
15.88849564
5.54077690
7.56147921
10.85628208
7.43301555
-1.85678080
-10.19590039
-1.25704300
-2.80456448
-8.82833081
-3.13431007
1.15199547
7.71699961
-1.53384781
-6.96311472
-2.89141009
1.89825747
9.60456940
11.88011676
-2.12129884
-1.37510576
5.09474179
1.29123842
4.43172291
7.76886882
18.29902303
-4.02654334
2.50291913
1.90822968
2.26797612
2.67628147
3.61082783
11.10169264
7.68189585
6.15463673
0.36538811
6.11069404
-0.06218377
-5.39091492
-8.43354775
-6.52834681
-3.84925227
-2.49316357
-7.66383896
-24.81659576
-7.68974341
-3.25507161
-2.51804786
1.69989897
4.92782813
-13.42800885
-1.54611453
1.15697790
-10.05975416
0.93666582
-3.59632554
12.64072511
2.07111671
-4.31321699
-5.29518929
-11.16908070
0.21664372
-19.35856292
-5.41365912
1.10099818
3.91109354
16.02811349
9.57440041
-12.67701024
0.00546454
4.65136506
-5.81059137
23.83466776
4.49608449
-4.06988855
0.75828297
-2.65151908
3.07505146
-1.11743781
3.84579796
-11.32544061
-8.77675072
0.94512458
1.37558353
-0.13766189
0.76964005
6.26112864
-12.69714245
3.80290193
-10.56946185
8.01154287
2.03525919
10.38276909
-0.01893057
1.90986549
3.25382683
2.15265742
-3.66125129
0.76139286
-0.27522005
-16.91765529
-2.02706725
-1.58454589
-2.26412303
18.57374342
0.00798762
-1.73034686
-3.05423156
3.61222092
4.16618425
4.98867627
-4.89149457
-5.51598081
-3.02583479
8.78279315
0.81001746
13.82735577
19.88237038
7.83729572
10.15205532
-5.66408017
-0.13286168
-4.25038113
0.58510192
-9.36394515
1.80879733
1.50334084
1.93547790
-1.75273285
1.53252610
-0.89730065
-5.37013154
1.83896795
-2.06086034
1.48305302
-1.49751287
14.40177675
0.42902005
1.88431188
-4.99850008
4.47730076
-6.52656276
-1.65057963
-4.01598887
-6.15423565
-0.60882891
-1.21101261
-4.50721056
1.23804579
3.22805687
-5.94065038
-17.46426614
2.23734926
-6.26958664
0.53990669
-12.34250734
2.67288117
-0.49806115
9.03394541
-1.72932955
-0.00017988
-2.16676641
0.51330062
23.25069958
-2.30308628
2.27099612
11.28621259
20.52494587
-0.03560258
-3.08365549
4.21695831
-11.14281697
9.84924789
0.02054172
-0.21095847
-3.46515243
3.83994985
-7.16739642
3.85429815
-0.56459554
-1.31198700
-3.57877509
0.00000000
-1.46658529
13.56883875
-2.59722231
2.72753315
9.02751019
-7.66598263
-14.05164962
-0.63061372
40.15769906
29.70233929
-53.60679009
49.26862453
7.05624519
-1.66638990
0.73923187
-0.06832499
-11.26424261
7.03137269
-7.65654386
-8.14128192
2.94260344
-10.78191649
-1.01483678
9.88719483
5.55740183
10.07001704
2.28337366
-16.42280111
-12.26083922
-1.20670993
5.64215456
-4.09694752
-1.10189312
2.09145751
5.36582793
0.31442431
-1.35923670
-1.01242415
1.70314910
12.78112302
-4.02670461
4.75389204
-0.49255887
-4.67940264
1.60481538
3.26702478
-0.78808147
-25.82921279
15.77047294
-12.69690858
0.62732083
-11.16813396
-15.04015402
8.64721046
2.16421533
5.56676995
5.99811542
-4.38970751
1.82113547
-0.65707360
15.56739602
18.42969400
-9.11122745
9.54746375
0.62835103
2.55124950
-0.71677621
-0.36993144
1.82582235
2.07975294
-0.10896432
0.12949467
1.53907261
-4.32568844
1.21661898
-0.03162187
-2.83528770
-0.99089994
-13.95831770
8.36812592
-0.79854531
2.33448044
-7.35297531
-13.07440133
-4.97717783
-1.46925810
2.08407617
-3.06412957
-7.10525942
-10.01078322
4.87435331
-7.17748844
13.55135706
-11.43493706
6.89384960
13.30582985
1.90052785
1.47951931
2.22135945
-4.04874999
-0.26948244
0.02918230
3.26242348
5.97083153
10.84679744
0.09762204
5.62011049
-13.35200533
1.94695455
-1.00082325
5.10608053
5.08561755
-6.46603558
-12.94396981
1.51188614
-5.24737976
25.89216539
-3.59581344
-18.14810057
17.96500320
0.13604855
0.52762961
0.42498160
4.62198074
5.68209506
7.60542293
-0.50884236
-8.68175544
8.69961016
-0.08883911
0.26022964
-0.17933770
-7.11800758
-13.81487134
13.96471408
-9.37683564
6.80593561
12.80901573
6.10216859
-23.76827453
-2.72337557
0.07091146
-0.20160219
11.01142717
6.21474999
11.29181762
10.28090895
4.15796265
4.17362722
2.01221223
-4.34299620
14.23280210
-1.71065993
-8.18534685
3.03797419
0.00664953
-10.99007221
-17.30968122
-13.83984517
15.27420064
-5.05290690
-2.42739531
-11.35270058
14.50626891
-2.73733461
2.67068647
0.14381159
2.44400813
13.90721954
8.99268088
5.24790368
-18.76565623
4.26287092
-4.85361419
0.03717122
2.29195148
7.90987458
-3.83308489
9.06946619
3.31900319
-3.32099632
-8.31570779
6.23700379
-9.20573031
-8.17469425
-0.19878136
21.78518076
-11.95776178
17.37672321
-2.23079052
-6.12558076
-4.31183197
0.01639581
11.77167085
-2.30480246
4.39588171
6.37840845
-8.84432890
6.63037384
-12.00970420
3.40607111
-8.50230712
12.75647828
-0.98267163
0.33145682
15.93518480
-0.43102105
8.75036108
8.49860898
-5.89012650
-5.60096791
-7.78034048
-0.14195535
-7.47089650
4.80811782
-0.34373690
8.31612885
-5.74318643
-2.71889795
4.90206635
4.20392564
3.01036700
2.69811893
5.76336045
3.29599071
2.11235188
2.09149452
13.56351308
-11.48080444
7.58229033
1.28922640
5.07396135
-14.81745696
-0.67925915
4.85787992
-7.73324193
-0.15942062
-0.33562342
0.00197363
-3.18078278
-19.73265833
-2.97741632
-6.51618703
-4.17581478
-0.29831580
-5.31864975
9.30470971
7.66963422
18.96964036
-3.48540046
1.33445076
5.43799259
-1.93387066
0.71711906
2.40408326
-11.11812717
13.53955772
2.64690659
-3.31468378
-9.49544323
-8.51434239
-11.84055885
7.96207789
-21.39419409
-8.05818851
-7.29770970
-3.14412082
-17.35361807
-9.01423769
11.38146940
1.04123563
16.82096913
-1.98613688
6.10255540
11.23858000
11.09772923
-4.25023656
-9.42503421
-5.77390004
8.10331670
-0.98448067
-1.35738415
-2.90357138
-3.00482856
10.00246323
-6.98075115
1.01189301
6.25716229
8.59170233
-0.01088811
-4.28304039
-0.54769602
17.47379185
4.08830257
4.87731363
6.73638852
11.83496669
8.72287535
1.01338193
13.58504894
-0.47382705
-54.43868064
-0.43400640
-3.91404058
4.36890094
11.45016976
-0.63145715
-3.18246316
1.26134731
-1.04367180
0.62131066
4.80001658
7.04881273
-0.95130475
1.50300195
1.87262434
17.08252098
-16.09659045
2.22939479
-0.28979975
-0.81710106
-1.37216523
-0.00825916
-1.55309849
-1.84472828
-7.70951376
-2.24076765
9.02712113
-8.07069243
-5.64170220
-3.71091423
-6.02950887
2.45078563
-3.07997496
7.97631579
3.15048562
-2.50139466
-5.33637947
-0.04964186
-6.08211549
-6.88618484
-3.57538502
2.98248447
-11.40458088
0.47275996
-2.61144435
6.70621186
-1.76021536
-2.54214120
0.55508292
3.49792535
0.95042553
-4.48649170
1.88394802
-19.56169028
-5.01841804
-2.09941488
8.65131550
1.53497536
-3.63331794
2.34740672
-2.15783769
6.99531912
4.94496118
-5.71964992
-0.02854819
10.62509271
-2.90136215
31.22138683
10.60395190
0.18108109
-0.13349933
-0.17644375
0.00599152
-3.63025778
-3.67040780
-7.77081196
9.37951707
6.21115763
-0.31973158
-24.29930217
5.10431869
24.74534004
-5.94901608
1.15016285
1.24579418
0.56156076
1.37290258
0.52242950
0.01628229
3.61099013
-0.00000000
1.43750081
-10.12505186
20.01152225
4.89516834
-7.86350872
-7.78509407
1.22303318
2.63732571
-19.56055986
-1.25071844
7.87087710
7.61019697
-5.94616686
3.95259496
13.60060767
1.55503896
-5.10882824
17.47823552
27.61692381
-0.14779970
0.02102405
-26.74828825
30.12900190
0.21869549
