15.66818078
0.75946960
5.22258130
0.69741302
-0.27090995
-2.18677263
6.07147232
-5.13645607
1.65209696
16.84350272
-4.03817181
0.79012676
4.23104308
0.19059635
0.71895289
-0.22008772
-1.88958750
-1.54047170
5.27779859
-25.12350495
-13.00603864
-0.74825277
-4.72271477
-8.19446508
-0.36761208
10.83412902
-3.67410416
-13.86369854
15.68390394
-14.14675231
0.51086301
0.28302759
6.95489856
0.69184693
-0.32204386
1.54203763
-4.41529578
4.07533395
-0.00304160
-0.31766666
5.60630800
12.33229250
-1.98546707
-14.36880110
-8.71436636
-1.69982707
9.10766006
7.59148031
-15.58060080
10.89983539
4.31740418
-12.07502313
-2.41328825
-5.96668376
9.12069426
-0.42738413
0.02558831
-0.37222547
2.12923196
1.07834033
1.48528673
1.47459704
0.00174099
-5.02519917
1.79231250
-9.04256135
-6.51612688
7.58926920
7.53760095
-4.30971071
-4.92781401
9.51534129
-0.72792262
-5.12696942
-1.06299287
-5.71559252
11.27831057
-13.07737902
2.80291365
1.61545699
12.87766626
-18.32489452
-2.36185386
0.62208195
-20.20254931
-22.78205208
-13.30748790
6.37806006
-17.16744404
7.13968104
-7.50153536
-10.75395692
0.09599030
-12.59253943
-0.00876099
0.25842283
0.00339495
9.81489251
-0.83797111
-7.81012962
5.60028299
2.31191338
15.88845381
11.46034796
11.23834226
-2.85013446
-6.23859628
0.61615365
-2.87314656
-11.22625457
-6.52752970
11.00953761
2.72075877
-20.25583652
-1.19710559
0.14023787
3.72807337
-11.82806363
8.12234799
0.34759005
12.31295774
4.80398710
4.47060370
0.49021472
-5.08134286
0.32298535
6.17181186
27.86543305
-2.04554888
1.97845286
0.95751854
-5.48185614
-4.46380170
0.99470523
-13.94973937
-3.40155572
4.85362557
16.41046235
1.34585291
1.41002651
-17.09659190
-4.17397638
-1.01546417
9.17832295
-7.59858607
-0.36591756
0.91208978
-13.33908211
0.13412239
-1.27300980
-13.29653621
2.89485233
1.32667917
-8.38126097
-3.46303684
-0.96147797
1.81091713
-5.13317892
-5.88053059
-5.31650449
4.01094350
5.55635296
-12.69062955
20.61345491
-0.80496030
6.27442644
0.07957018
-10.15198062
1.18553595
-0.83803670
2.69407603
-6.92199379
-18.87822178
-1.97871239
-10.38815261
-2.99133728
-3.92040370
11.92924775
-2.33621876
-3.87865068
5.98864407
1.44816217
3.12530236
-2.50132074
-4.87787629
0.27055436
13.13192010
-2.70509078
3.78935299
1.68803414
0.91156997
-2.54063550
-8.79420975
-1.53422062
-2.29001492
-0.27978979
4.90249803
-1.79884868
7.14395958
-0.02208915
2.69238792
-0.16804382
12.95914623
0.00000000
1.44016931
14.65821588
6.05689147
-14.24080138
-8.62048828
-2.21997996
11.41508801
-10.88759081
-29.15995126
-3.57204179
5.24959951
-10.21950692
-0.63178398
-3.06820808
21.43344374
-3.79847814
-4.12001881
1.95160507
1.02295986
-14.56242314
-2.64690541
1.36181708
5.56299672
6.88760713
-1.60078307
-1.35382139
1.63776581
-1.91744276
-0.03867422
10.86512328
18.02151375
-4.48034379
1.60343119
1.59759436
-5.73144697
-2.04035433
-2.33766660
7.53830867
13.90678990
2.50111964
0.46162966
8.01811608
-0.00787329
-2.70333717
3.44139483
-3.06830697
-3.38479260
-1.03058557
3.77093821
-26.61879485
-10.98938150
-2.41258847
-2.18294703
0.32736320
0.42256647
-12.05282820
-2.94715780
1.13014092
-14.61312926
5.56574368
-7.70335561
16.16727427
1.32102208
-4.82105324
-5.14526271
-9.53491574
2.75559578
-17.82889514
0.21001443
0.74837227
2.22085941
4.67063664
9.53123390
-17.59103424
1.16738905
3.57410958
-5.91127746
25.24842189
1.61528216
-3.17529471
1.11362873
-9.21900547
2.81286254
-6.37430859
4.96688889
-10.64232329
-8.85709081
2.49690788
0.25898270
0.25337085
-12.58511715
-4.26342472
-8.22360937
2.58417391
-5.97154270
24.57663764
1.43498329
5.61286938
-0.00722263
3.56674778
2.57043451
5.40250188
2.23629553
-9.35822232
5.10709833
8.85835812
0.34436550
-3.40152157
1.06552084
21.60246826
-1.63095227
0.96120194
-6.04011322
-23.17091877
20.20887646
12.06426543
-6.70799716
-13.22036281
-4.03530796
9.28831325
-3.53599594
16.34559944
23.15426363
5.17807622
12.55653746
-3.25056413
0.79637916
-4.10347909
2.74468801
-13.52525337
0.91609377
7.98233877
-2.56368702
-1.08533811
2.18281593
-1.32974241
-0.01124595
2.12720492
2.18316059
0.15742181
11.34379978
14.31954967
-0.14890757
-0.11836618
-4.90359662
4.83414048
-7.84878976
-1.48820480
-3.97717330
-7.03881609
-4.71010754
-17.69724314
7.35447967
-1.12125205
2.38082033
2.12315819
-14.04993620
8.08310538
-3.79732788
-1.61253958
-3.97783655
1.99733970
2.07593971
-6.31275790
0.72070869
-0.00367174
-1.16612536
2.09362110
24.68729054
-3.12140154
4.03566505
2.89508979
19.85468045
-1.73750625
-1.38543310
-1.81031204
-0.01240739
4.05532253
1.14070776
-0.27980943
0.92462666
12.04719692
-19.68281523
20.06916499
-0.44815659
-0.88174866
-3.41718746
-1.22784087
3.39126934
8.06149618
-0.25290305
-4.76146740
9.08694967
-5.92561066
-8.57783917
-2.12861985
2.00418953
2.59148681
-1.79472350
0.63390297
4.13139939
-1.26282754
3.61526932
0.00277745
14.35010193
18.43864503
-24.99612311
6.46786074
1.07904717
11.85113686
-1.76823159
-24.29480546
-12.26568770
-20.95964993
-4.15566554
-6.89563819
6.19010269
20.48596274
-5.95181397
11.33780685
-22.84989444
-17.36013070
32.30165845
11.03550473
-3.93460369
-1.81654727
-0.76021108
11.27178103
-4.88659428
4.21879929
-0.93039764
-5.94499065
3.67252799
3.88475653
-18.89562103
-25.67340787
-3.79122669
-12.08600346
1.62682400
-4.28240594
-18.93317134
-12.52445692
4.36854734
-6.70591371
5.68736457
-4.26085663
1.87488732
-0.58865774
14.43751372
18.79045502
-6.20671433
11.62654206
-1.66255779
2.04026875
-0.55024107
-0.60235516
1.63140349
1.36602140
0.46040466
3.49243618
2.16290362
-2.12343967
3.28852516
0.95004641
-5.13993888
-0.75086655
-15.97697218
7.94189994
-7.30117371
2.56847646
-4.63679235
-14.70959238
4.36298405
-0.57017904
-2.99544808
5.33955719
-9.54143257
-12.86469624
10.64345557
-4.83759517
16.50152178
-6.76063498
3.16484964
7.90816913
1.82372190
1.27629400
2.44036558
-5.61916296
0.57849667
0.30486782
2.76055118
3.46223864
0.82350367
-0.95091122
0.45493400
-5.52804503
-0.28181418
-1.50851147
6.01099856
3.65088772
-9.59484269
-9.01332392
5.69562682
-7.64472575
2.52223847
-4.90896781
-13.28094743
19.23205653
-0.74497506
0.50359930
1.05069957
5.29246552
-0.83174993
11.86456279
3.19081057
-1.58906025
-3.05092883
0.71868972
-0.06630041
-0.44562167
-9.24909479
-12.00221375
6.47851317
4.24857625
7.54517025
3.97564989
3.09531460
-27.33531016
-1.52535243
-2.18082083
0.85785229
12.43358545
11.33589603
11.22241969
7.28887543
4.31912770
11.93332656
0.34534144
-3.35302484
16.56128232
-0.54649567
-5.55274514
0.39053377
0.00255305
3.24361946
-7.88900328
-21.94335881
15.00185725
1.32289502
-15.02812923
-18.33840778
4.30483945
-4.74457491
-5.29116572
0.14461041
2.37999712
12.79455316
2.94531396
6.42308756
-22.40899367
-0.52319008
3.50831475
-0.57490696
-0.16025083
9.98538759
-3.19062020
8.09133543
2.51543779
-2.92728292
0.26583427
3.32985256
-7.31057321
-0.08910490
-11.03647057
9.86025003
-8.13217767
-0.40086333
0.47948179
10.41832274
-1.50420118
-0.04914489
4.27517783
1.69173241
0.35412607
6.58437696
13.37006237
13.42649004
-0.92522051
-3.53840082
-5.23455668
10.05690419
-0.01584606
-2.90917394
14.81041383
-0.15001718
15.39167797
10.40074689
-4.55103919
-4.43217682
-11.56649175
-0.08897725
-5.52938888
3.95262461
-1.41174065
5.39605032
1.27487283
1.53380340
-0.31765289
0.53749979
13.63229259
-3.93320698
-2.40721215
19.07243189
-9.75807255
-1.90329256
-23.85432528
-10.47092112
3.55875819
1.28373458
4.90530176
-16.61718981
5.32542556
5.99824402
-6.07750265
-0.56986730
-1.80924642
-0.93885609
1.66749760
10.44313193
13.82646784
9.73810499
-12.23819523
-7.11857003
2.81493152
10.46254173
-3.93342595
20.46357387
-6.99219215
6.34451566
8.58664928
-0.22824718
1.76056171
2.05233970
-10.88841331
15.18624474
2.06143052
-3.36537236
-8.03125371
-22.08726020
-5.18974641
0.85529178
-16.31751621
-5.49153965
-5.70039306
1.33246637
-20.72370457
-13.11813514
9.24664679
-0.52931028
19.88052665
-2.65703465
5.11738268
14.34528692
13.50504311
-2.64272101
2.08631632
-7.67794155
17.24952558
0.01086845
-1.58182023
1.83251738
-3.89962937
13.11605955
-9.05054230
0.39866467
10.50711358
9.50111107
-2.24785582
-4.20899042
-0.04068968
13.16987245
2.13652880
-3.57959990
19.85429187
13.27336817
7.24585242
-18.59817509
9.41591602
-0.07198744
2.04780167
0.81132189
5.95800181
10.56512596
11.09988526
-8.17815494
-13.01681180
-0.95592235
-1.32910499
1.51282102
5.52511827
8.04281680
-0.79736030
-0.21131996
5.67636284
4.25556357
-9.40800833
5.97282065
-16.44462770
-0.23652260
-0.90512114
-5.86066252
0.49066725
-6.16750027
-8.09957120
-2.64213409
3.90042098
-10.24947515
-7.22459686
0.52620932
-8.78676355
9.18312732
-11.06659590
3.83191283
4.36240371
-5.54956036
-3.34895922
-1.17650714
-5.82972479
0.53392214
13.84387961
-7.58992669
2.72432736
-0.11391737
-2.24274898
0.09279363
1.77209550
-1.34930891
0.46522933
2.32573645
0.59742933
-3.12724949
2.00890461
-18.96519201
-6.88721252
1.78446117
0.33553242
1.45935031
-0.63443772
13.86423355
-1.03608973
9.92000152
5.65938390
-5.38221048
4.85212366
14.08004539
-1.68200934
-5.60915830
5.88030231
1.67255478
-7.53222401
-0.43391151
0.00345624
-4.79672689
-2.22793296
7.18351171
-5.97117029
1.55972752
-5.70857807
-16.82486322
-6.54191969
21.21183786
-11.34246355
1.27686081
0.87442546
0.50777450
5.87173023
-2.19481835
1.58937591
3.02953075
-1.11592589
-0.78415197
-6.13901977
6.17469612
7.03023833
-6.47561573
1.03208655
2.18111605
6.98923635
4.47934112
0.34076184
-4.89490625
1.51258063
-4.17737439
2.67303217
4.06773873
4.36552472
-1.53613942
-1.32725981
-6.55655711
-5.71869571
-0.03897550
-1.99165729
1.87820031
-0.27493221
-1.77576302
-0.96155899
-9.39891319
1.26193000
10.00728369
6.42947787
-10.96964091
-1.07943447
19.31681497
3.19842071
3.47133229
-4.28619432
-7.15262738
4.86387139
2.75853985
-19.13937311
-6.02470546
-14.53567821
-1.32672655
21.40911456
2.18205315
-0.98197509
-2.81009189
13.93205952
-1.07752284
3.23527278
5.55204520
4.47566066
10.54678115
13.15971445
1.95239292
6.27062729
-8.44905768
12.81212210
-14.35516312
0.15674237
19.17923945
-24.37953785
5.18948007
0.03382482
