12.69784961
-0.36791861
-4.24877546
2.53465457
-0.55793476
-4.22488798
-1.99065975
4.44786472
13.16417167
1.16032609
17.76678765
-1.50850968
2.40471503
29.66941649
-6.33427845
-5.91576589
-0.73975250
8.00321101
6.74115544
1.63306532
-14.05437307
-1.51708112
3.00138711
10.48452817
7.01018573
-33.69936014
13.86673852
-7.82283469
8.58956676
-11.15013558
1.82406254
-1.06335614
-25.67676264
-0.33421862
-1.90271691
12.73958444
-7.45971727
12.87336921
-1.08950166
-3.94019210
22.33882299
16.00984351
-0.81295217
-3.31547635
-1.91148058
-7.24651753
13.91491657
-17.33409600
-14.68514693
3.01935086
1.30906824
16.23508937
21.78369268
31.43244507
-40.33905774
-4.09646301
0.58903907
1.98345076
1.01386356
-0.00022173
-3.44461179
11.09532665
6.95614919
6.61679193
6.24298144
-17.86028830
7.45669068
-5.07190219
8.74351064
-7.14378395
-11.53349447
-3.83190497
0.62347326
8.93983002
-2.63176863
2.28783999
5.76146048
10.12227346
4.90800186
0.78826194
10.42100078
8.94328951
-7.30904414
-1.72184268
-19.34904585
-9.07151139
11.36791063
0.63810286
-19.53616656
-9.33526343
-20.50146032
7.25287082
-0.06863457
26.79947761
-0.64552327
2.09377724
-1.60549796
-10.55279797
-1.55117357
-15.52304652
0.14428552
-2.69430636
5.26544728
16.79745925
10.21900684
-28.60670156
-26.44651567
1.29429731
4.09256996
-5.60509935
15.04520235
0.82713780
-2.37377871
-26.70419554
0.08430886
-0.54174355
-16.06041588
5.42252225
-11.04380826
-0.93893913
-7.10402893
3.15409721
-3.63498948
-1.22844942
12.31369371
14.93743957
0.62842520
6.21396733
0.94829481
-1.79878147
1.58702102
-11.47412672
-6.56851099
-6.56349527
28.55123217
-15.87439975
-21.65762755
7.08049377
-19.11361275
0.63149911
8.64208509
-9.69213925
2.50837096
3.66057703
18.19589434
0.50767549
-0.48884029
-4.73663438
4.83777818
-8.84042863
-7.44869880
1.74653971
-7.46700440
-4.09468704
-3.62947394
-3.08656922
20.89938811
-7.04162212
10.31941223
-6.74641217
-15.91186121
-8.60570355
-23.84755591
19.88649325
0.11350856
29.04819244
20.21628879
6.36031396
-2.19338400
10.87718857
-0.94823625
11.33654374
-28.35327382
-6.53678535
-1.93265674
3.24669784
4.36222606
-10.60139962
2.72340915
-5.14426570
11.34218550
-3.40179813
-6.67780727
16.02223299
14.58214944
1.03014172
11.41597037
-4.41432610
4.52776839
10.06527344
-15.00104597
0.80278680
6.85165574
-5.24951536
2.55682658
0.10841800
4.06296434
-9.84032369
-28.50569039
4.63983810
-10.51019253
-2.90407767
-2.78994141
-11.36349484
4.06981200
-5.85070880
8.36804952
3.81122365
7.23753283
-14.95037203
15.86809134
-1.26924518
12.63454902
30.20387067
-7.93692912
-4.84230049
0.12894323
0.79255258
-26.39638750
-17.88942002
7.38809275
-1.05469530
-6.96370260
11.96261272
-0.41886353
1.15511959
5.05969255
20.70876639
0.72056991
-2.57714570
-2.10511553
0.31364968
0.36094549
6.76667969
21.72606537
-11.51850815
-8.06413693
3.46892557
3.28733084
-3.94440117
-3.45335046
-1.13172929
4.66759702
7.06495243
-1.48092582
4.79634427
-0.24849544
13.47913897
11.55300023
-21.45408675
-1.49152669
-15.24278994
2.53418077
-9.31148766
-13.69561853
27.56186109
-1.93075814
-0.00140087
8.25555009
13.26938738
3.26402468
1.60502815
-7.10887182
5.34829225
1.79434291
3.42788334
-1.38087820
-1.26547829
4.31751054
-5.08748153
-19.59976881
5.32391251
-4.36756609
1.84014625
-6.71044691
-7.20662269
0.89755736
14.29697340
-1.45406046
2.52497279
11.36945998
14.39448500
7.82813973
-7.06387549
15.12646600
27.37732581
0.71482571
3.13045099
30.60275968
-15.13908316
5.77610613
-1.73326788
0.14785737
-0.00645593
-10.08609606
22.51525087
-0.41356266
-0.18180801
10.59529374
16.89066175
-1.44638579
17.67309985
2.10430265
-1.36239109
4.30188736
1.54860567
5.11862609
0.37192760
-7.20010069
11.82885872
12.19573472
-9.49477805
3.85876084
21.04268633
-2.23736880
-1.28015582
-13.82732384
-7.91655408
22.21236214
3.03285267
-21.75775212
-35.53470989
12.11186030
15.33088915
2.04166736
26.18420112
22.13285515
21.94845678
-14.08809377
-26.03106232
-6.46560982
18.41757896
6.90656532
-0.35044907
2.88873564
15.57489338
-2.55539352
-1.23674047
-10.95649303
2.39504131
5.70130789
-1.35180308
14.20567411
20.13605307
-1.08639890
24.98916244
-1.39247263
0.06493007
0.00674598
2.19534084
13.31765007
6.92430986
-19.52157054
10.52773373
-11.03296141
0.03453639
1.43872540
0.48391600
-0.69115891
17.03186290
-11.26708880
-17.45323636
5.03386238
1.40018500
1.76528909
-2.92325653
-16.81805750
5.22590531
0.14917186
-0.26635459
-4.19425697
0.83263114
11.17574076
5.55543283
1.35200074
-6.29970228
-14.77609617
-33.93056976
10.16250666
21.35543309
6.69095433
-4.24273385
-4.79540491
-1.51351031
-10.73039308
-34.78380720
6.02756426
-10.48595278
2.76612212
-2.44487853
-4.42083939
-0.06180310
2.38871904
-6.61639502
14.39480374
-9.04884639
11.95348020
7.65407502
25.12908315
1.61394358
-0.32157212
1.37727046
-1.64276360
0.64601276
-3.56276364
13.89193846
-2.68255713
-0.65805814
1.50633669
-20.65163365
-9.88906164
-8.67463873
-0.04529793
11.92717820
-0.49999040
-7.17170131
1.28806383
-22.87889538
1.21570794
-9.22504367
-20.69697580
2.22530026
-2.49234611
0.91909649
-16.10405095
-6.17811327
-15.52259450
5.19374020
3.18387693
7.62311419
-7.55967890
23.82015235
-11.37503930
-19.31357605
-2.10271665
19.63228636
10.34938727
14.78535966
-10.84419603
16.70649788
-7.54870532
-2.92277657
-1.25360805
9.06924921
-12.02413451
10.35142962
3.99157443
-4.47060002
-6.66574697
3.04284175
6.69644949
-3.05484981
-4.87076100
29.18958690
-8.23030827
3.06821025
-4.05116014
-14.96842761
3.79501582
-1.05409084
-2.24343351
1.37206726
4.28705061
-0.70931926
5.21468383
-12.43369457
-0.44207905
-11.09549788
-4.70680250
21.84723492
7.63446123
-19.79895701
15.83246276
-0.40252532
-15.91544939
-4.57268381
6.91550622
0.00137114
3.96103516
1.16642051
-3.30780715
-4.97726353
4.21356345
-6.74708713
2.07931197
1.23402701
-5.45418632
-3.02275794
-1.08644201
6.25928954
0.32791044
7.03544910
-0.66664299
3.86500686
7.06088803
5.17129967
-7.97576073
0.11423953
0.15334187
-10.99559433
-17.97957427
2.64560522
-4.30917662
11.33288094
-25.54504965
7.42650731
2.62417396
1.23854922
-30.14436916
-32.01759964
-14.91628906
3.40101289
-0.64631760
-0.37141629
1.14066703
-1.81701985
-12.52070598
-22.75454829
-1.70520278
19.18354535
-2.92344809
0.96758768
-2.59384929
-2.48823323
-3.30808950
8.33020859
11.72953095
-9.81395728
1.56076379
-14.95587761
12.60654297
-28.51696314
5.55948602
0.02879168
1.78845666
-3.43756262
-2.09944220
1.55423663
-7.26430739
-4.55726685
-20.98102491
14.43857012
19.33293746
-15.44378354
-0.44003465
7.24524622
-3.77999876
0.00914005
-22.14587465
-4.32279178
25.23183619
-13.22962644
-24.14958029
-19.45056986
-3.42490596
-9.22730876
-5.77915513
-12.42697185
0.19633765
0.76882579
-8.39316992
12.23617965
-17.68764363
-15.27107464
16.81707301
-1.38007560
-0.37624432
2.03856049
-7.91366953
-10.26741292
-11.14654579
6.55978891
-0.65585693
-16.75324062
-9.07299317
7.22494905
-6.75333694
-5.39663566
2.49815780
-0.13557383
-0.97431174
0.58959430
-9.64975804
1.93193142
-0.22253041
-4.35890999
-0.48153379
1.00696894
-14.09670439
-1.36159758
16.46955597
-15.65877537
14.64464463
-3.90591427
6.67364223
3.51544973
-8.54796477
31.03700452
-0.35553114
0.82084313
4.92228758
11.83682273
0.16567098
-30.89796643
1.91014520
11.09647516
-2.40060131
1.04497122
8.17360592
-11.99862432
11.62436039
-16.13495788
-6.73068203
-4.81267619
0.01468867
-5.19921807
-21.20353306
19.80617071
5.19167733
14.70529772
0.70337994
2.65105143
0.00803112
-0.69223092
-12.25228435
-28.82756969
12.74551857
-27.65013829
-1.80326658
2.06482396
-0.10077623
1.62202657
-24.77941253
4.98335714
10.26378791
-13.26389131
9.54589587
1.96168588
5.19542236
-0.61644540
31.08504377
-15.37803474
22.49996534
19.73600617
4.64273479
15.20714692
4.73120738
-11.64851019
18.63455146
-14.22238410
4.25924699
-18.89822068
-19.15038202
-25.26505924
4.44175994
-19.45635569
-7.64562162
-11.35141468
2.10790531
-20.55569477
12.37048422
20.19109106
8.44543235
24.84534475
-17.36803499
11.24365652
8.76050233
-0.27526426
4.93579714
-10.31935378
9.12477733
-7.84152261
0.01424704
-0.25033790
2.80869870
2.35879219
-18.11775232
-2.69466207
6.63448829
-5.02381308
-6.39231853
-0.62808172
-0.60883508
5.36361538
11.96256549
-17.03384598
-24.37964447
19.21922206
27.05222323
8.84935989
-15.02365311
-25.04039730
0.93846555
4.18173802
2.77106845
-11.67228796
22.94034561
-1.34666374
-3.71662379
-23.77630427
3.67123479
4.29422275
-2.30823351
-6.12688354
-16.33171987
7.36923364
8.13630458
-3.80816617
33.10924521
-31.93128601
24.68429445
0.08299493
-0.94385870
-1.17977079
-3.09391101
-1.72339177
-15.25781985
3.25404875
-0.43877618
-16.43292144
-15.05559860
-16.06314859
-3.86502635
-2.25215945
8.69679199
-7.84335760
-10.32134205
-1.31750722
-17.46565205
5.94147376
-0.82767628
9.43397232
12.27495004
-10.42813511
-10.97817583
-9.79838419
0.00270466
-4.12302959
12.55469833
0.22823607
5.70613446
-0.20635735
-10.43534003
0.60184778
35.10766597
-3.62988189
-3.14102321
-29.68541074
-6.44220115
17.68058627
-4.14384684
-3.56912677
24.90589029
-8.54917259
14.03764679
19.25965253
-12.07876381
18.09034628
16.99739925
-12.75171767
19.34841155
7.29914993
0.46323511
-8.07503548
-2.56542554
-2.19099612
5.75007574
1.54279733
-19.25144757
-5.06816821
-33.20509414
-11.49800200
-13.48748799
2.95737093
1.89536847
-8.23345602
-0.64146829
-0.14007104
-0.00914634
11.85953906
-2.47593450
-1.91092478
1.90103984
1.42929360
3.94358996
-0.56673152
10.34294600
16.80140474
0.64397509
4.97836221
-12.12626655
-1.38826271
14.58126233
-1.64345914
10.87159056
0.66197060
-1.34458606
4.11411557
-13.92495361
0.77090825
0.80690842
16.01096479
12.02655221
4.74899019
0.72400999
-3.44836653
-8.27849893
0.44441350
5.85985405
9.70775644
-15.56741237
1.50569383
5.34493113
-4.93514512
-0.76550272
1.10615731
-5.24601270
-5.81564953
21.30409562
4.76368938
4.14340935
-8.18913027
17.18522823
-14.82617034
3.96819837
-17.38083641
2.43914817
8.58744926
1.04931615
-12.05903646
-2.13203304
6.38533814
0.31694821
1.13740665
1.31992044
4.54524946
3.50030707
6.46791792
-0.12434184
5.59392455
22.97120882
6.17680274
-0.02028427
-1.04374946
16.19006199
0.96737226
6.34684287
7.37557768
-4.48622959
-12.81695750
-2.72613189
-6.78833480
-4.44026660
12.50524755
-4.70233680
15.71498391
-1.24796643
8.52246336
1.32933912
-7.49380236
3.17116207
-14.66535667
-1.97814858
13.13207595
-7.42876740
-1.46376400
-2.84731892
10.38729448
8.60603487
-4.98444890
-0.85802422
-14.62486278
-4.29249700
-23.30136497
33.09964979
3.84826781
-5.08418310
-24.14641748
8.66061316
-13.61513791
-2.25534704
10.04037048
-0.95682442
8.31942603
8.32790687
-9.94996314
9.47057358
-13.47779273
14.30939938
-2.38859102
-4.84814752
-4.02474425
-0.95295206
-0.01215523
4.94105107
-0.91067526
0.42741901
-0.34057198
2.82727299
2.01562347
11.88793175
2.29063605
-6.17764833
-1.07910429
-0.90575001
-1.86221072
-11.22390801
-12.25304731
-10.53280053
-1.62171090
19.43697870
8.78143475
5.46525781
-2.66511498
-1.49830085
5.26729490
-5.18953501
-2.41667689
-3.85196562
0.87262568
1.39764293
0.00220377
0.69747474
0.53386872
2.24375959
-0.80802945
0.36121779
1.05282797
-0.31135621
-0.33622645
-0.39380976
-3.79337430
0.28995196
16.98308011
2.86086869
0.07098180
1.48275243
0.66548221
-26.29059129
-18.00111235
10.11893732
-9.19727690
20.19558635
14.82752870
2.22241966
4.27478131
0.92662401
21.56216415
-9.30413374
8.38289312
14.07570018
-5.66498017
-2.35969367
1.31320000
-3.85454474
4.37682951
-4.34492658
-1.04062216
-5.02079797
-3.96056881
0.85154706
6.25545045
1.97593204
7.49201689
0.69584799
1.74779968
-1.94345591
-1.01271051
-11.00101178
-3.14887553
5.32014667
-5.48952955
-8.12442652
-7.95327389
3.91773409
8.13663408
2.41891718
10.74430118
1.43467235
-4.89229474
1.05620089
-13.30698920
-0.35452883
0.17618256
0.89646369
0.20215524
2.50390999
-7.41178585
0.23814909
1.55662860
-4.25192076
-1.71875331
15.52834943
-11.01516582
-14.81636179
16.43547108
6.80033764
-1.95618292
-1.34768903
9.83422990
-6.35766438
-4.52690726
2.45972196
-3.93103878
7.85365962
-5.03566211
4.12747621
-18.31221250
30.25673205
-8.90551556
15.97643549
14.01314023
-1.66201831
-7.47131766
13.43845210
-14.34592928
24.95584158
-17.00680062
15.49710559
9.53389661
30.49783212
28.39106260
-25.04055564
-10.96882877
