12.63331102
4.79405828
-0.85545516
-11.57824805
-2.97807215
-0.39315268
5.93103975
2.04945415
-0.16008966
-8.44652683
-6.71449393
-1.10507562
3.20803250
15.11868402
6.39043384
-4.10258186
-3.01491904
8.50489755
-3.79153609
-3.67955079
-11.52991581
14.58154212
0.05619698
18.56648581
12.70287310
8.54626645
15.63892846
-3.27000289
4.57341501
-22.81860156
1.17899483
2.43026311
3.94059327
0.09029862
0.89367259
0.36251599
-3.49415979
9.21276484
0.11052188
-8.11577898
9.60147818
17.27852904
3.15051683
1.46081499
-10.79443462
-0.89117397
7.25188132
0.68568171
-16.54310044
-11.41222606
7.19409196
16.72265520
19.53339410
26.47752783
-6.19923739
-7.86160583
0.09547497
2.38827104
9.82827220
0.62460631
-3.11753956
8.49155792
-3.85713836
3.79070260
-1.02113385
-8.92423005
-5.60642672
-5.28653674
-0.56734757
-9.33982191
-1.43205818
0.79951999
2.00787229
3.39095809
1.88632867
4.11429952
3.85649373
13.72631538
8.42140681
2.03449566
5.36221077
-0.89750706
-9.15975298
0.19737769
-13.07296495
-21.18404753
-13.10555447
4.57214021
-15.66711155
1.20526859
20.44024394
-0.34296252
-0.21725727
14.82357734
0.92932905
0.11777536
-0.51308561
-4.74816630
2.51817893
4.77658267
1.34254269
4.65390777
8.80072213
15.98853115
9.46776081
-22.09119026
-15.25659487
0.73873363
6.80833916
3.20075139
1.44801581
-4.82744925
-0.97640031
-23.99567036
0.96832550
-1.19952996
3.33293329
-4.77688628
10.38447119
0.16392749
3.24659201
4.67444562
9.49650608
1.09281133
0.68386851
-3.95884202
-15.63584385
11.84626211
0.17211050
-4.31471271
1.62888484
-0.23691489
2.66691410
6.03786655
20.69741835
-14.63794319
-1.64734288
12.45810178
15.76640863
2.00722961
-9.44159692
-4.72318098
-7.62092111
4.37644688
13.26633910
2.27923075
-4.90024999
-0.26809439
-0.14880709
5.18678692
-16.47922251
1.91826243
-9.60119522
3.39703086
14.07255174
-4.77917259
17.16634547
-0.23046066
7.72246511
-13.93485724
-14.42238329
-5.92972146
-0.02852479
16.89209514
-2.72478669
-0.83257246
15.66076469
15.44523563
-1.04286302
0.63567137
4.65954754
12.61161431
-26.77626895
-0.96080124
-10.80581817
2.75319026
-9.52221945
-6.25675178
-0.12048367
-7.12412967
10.93020632
8.19379581
-6.32066448
8.57275518
1.09060972
0.25832702
3.74698532
1.43673313
8.88425990
-0.01665838
1.61139457
1.28500322
2.49610008
-3.73796830
0.00793005
0.34188576
1.06349880
-8.32866469
21.90121448
2.19468656
6.23861284
2.28225018
0.36292410
5.57649980
4.67280584
-9.52305219
9.27799872
-12.93397105
-4.49501571
-15.20618454
11.65959282
4.53403647
6.88054638
19.63995177
-4.66998921
4.56898632
-1.32767233
0.08186734
-10.05225829
-17.31616458
7.65738127
-5.76532758
2.29553407
1.08100669
-3.69836946
1.53053246
7.34651080
17.90907898
-1.44249696
-0.03586288
-0.57215327
3.72378417
2.06210261
-5.85109118
17.68814360
9.13875236
5.34204519
4.32196209
-7.26072084
-2.18733175
-2.14962418
3.21208082
19.55652386
15.97824244
1.72393871
-3.51253629
0.36692376
-3.40533482
6.41714844
9.69505154
-3.15915365
8.14065158
5.91388820
-21.13989315
-9.72849706
0.32114334
0.69129617
-1.14050586
-1.06038644
10.81903019
-0.90269643
1.51507946
-7.91317876
-1.49708095
-1.72004412
-8.70775984
1.53309553
-11.54473534
1.28978755
0.14225240
-10.46165587
1.13675705
2.14171432
-2.55469765
-4.70730426
-1.88028488
-4.80160825
-16.04374168
0.24885741
4.09672552
8.61357822
24.32865723
0.02693807
1.65777106
1.03890892
25.74996853
-0.02392450
-9.90828582
23.12820041
-2.29516093
6.33592856
0.23262357
0.39641935
-0.01208718
-10.89666587
-9.28132253
-5.73657836
7.29058993
-2.47231474
16.84788338
-2.00023165
-2.07315749
-0.01273939
1.16344415
-4.89225110
1.22220021
3.56890274
-5.17409304
2.59051075
0.92520252
10.01620604
-6.75198319
8.37311414
21.42434939
-1.37705327
-0.20551481
-6.88672992
-13.11752523
15.51713335
13.03882449
-15.41743732
-32.65435172
14.04951331
18.73133243
-18.97600615
9.11257188
18.18061460
22.47543931
-18.43695452
-18.00059826
-1.98483630
8.45443114
-3.01172696
-1.74201167
-9.28306393
7.78492774
-2.34646903
-0.05644145
-7.44168548
-1.41662909
2.96866972
6.12499507
10.68990128
16.38092101
2.01042413
21.34195281
-1.13342796
-0.07008250
-0.69344508
3.39808801
-10.08184372
-2.38278848
-4.53733313
-5.59789210
-7.22340282
8.05247075
6.17925105
-0.73208502
9.48675087
-5.27945061
-12.75189871
-12.46762478
2.02024271
-10.64480147
5.10243504
-6.53739729
-0.11665081
-20.23304073
-1.42656624
-1.53878381
-3.00290743
-0.43597235
16.73831695
2.55268564
-2.47215626
-12.57734561
-5.37805368
-16.75188769
-12.23210993
-12.11034303
7.00553459
-2.85410605
-4.79672816
-2.21125304
-7.50004699
-28.58660208
2.57112980
9.28514881
1.49560003
1.21142488
-4.09930741
0.02265869
1.41374980
-9.68056287
11.89089818
-15.62018300
13.83259708
4.20360615
-17.59745217
2.65400426
-0.32684627
3.21746939
-2.97532043
-3.62131439
7.59889203
-7.32917136
11.38146442
0.26190460
3.30650208
-11.33118619
-9.89433088
-12.29116315
-3.86063242
4.43448841
-2.03299406
-13.19938140
-10.11790451
-14.94408309
-9.48562360
-5.77278154
-17.40572907
1.15875319
-3.35097108
-0.34000118
-13.98256388
7.47506578
-13.01780041
7.05583937
1.26790382
7.41832675
-2.94822587
10.84791823
-10.78334955
-14.03433450
-0.20491219
9.05386808
8.96849118
23.25696947
0.67685815
2.82158852
-0.02650785
-11.89426117
-1.41046896
15.43343828
-9.09851998
14.14775734
-11.67250530
-1.41227570
-3.23725467
-0.55133942
4.97061486
-1.38465828
8.96540509
17.87401386
-9.76720218
2.72809574
3.05280125
1.12271061
-4.33247180
-0.31135689
-1.93025296
0.46164449
0.81065003
5.75091984
1.38067950
5.70767894
6.34600870
-9.51391774
14.39679405
16.17676825
21.93859410
-3.59934538
13.52406623
-5.73886389
-29.94051600
-1.90385794
-1.76663093
-1.01473961
5.73928150
-0.37800516
-3.37787708
-1.41859560
3.33851194
-2.43768716
8.53142695
-4.38947617
-0.93270457
4.68682220
2.06385622
-4.54019745
0.54851652
10.47369509
0.76899434
0.05735925
-1.21598283
3.37531412
-7.79736414
5.15832053
0.05261221
-0.84585923
1.41017332
-7.01095319
1.36472948
-12.33065680
-4.09978759
-10.57778574
13.72719624
-14.21556667
-21.87852084
-1.43979392
-21.19311558
32.54197970
0.04074507
-0.22810819
-0.22592658
0.27336275
-18.22303009
-8.62134628
3.46926884
18.14666383
1.00834472
0.64620162
-2.06181150
-1.84092037
-2.77016956
-11.46247000
3.09080348
-2.36424970
0.61936619
-3.02934742
-4.85126685
-17.45194695
1.84000818
3.51391957
1.20400618
-1.52119524
-3.11920910
-3.02039848
-5.28860988
-0.19464019
-23.41599973
8.58504907
14.41334148
-10.29707626
-1.11069563
-0.32776549
-2.53648763
-0.30161615
1.97258038
2.06002245
-22.92311377
15.53096939
-11.59946322
-21.52050250
2.64380676
-5.48728948
-11.64121413
-7.08340442
-0.23565703
-1.19535105
-3.50195538
12.37249023
-15.92299951
-20.70045844
7.57622944
7.54333868
1.48270573
-4.78014187
-5.80391426
-4.91623526
-1.81767842
-7.20204821
-0.90215860
-11.91766983
1.31691615
-1.31986261
-2.70979912
-4.35703445
2.70996950
0.51996556
-2.21582649
-1.86545510
-9.39940632
-0.51386222
-0.13200657
-4.45345324
-0.60736542
0.86184333
-28.89928946
3.06865722
15.85411167
-2.50883514
0.71200941
-6.44075657
3.92406551
1.93453100
-11.27864828
21.93666753
-1.07242737
9.82294393
5.92874744
8.34880434
2.47655364
-16.19013605
1.08914706
-6.27197639
3.92959322
-2.64285250
13.58872461
-10.41604695
10.43385165
-8.60480347
-8.98482957
2.04791968
-2.94194221
-12.56681428
-14.30148443
21.41246249
-2.58369759
6.31926988
5.95610588
3.77048952
2.10107478
-5.84945344
-17.77309278
-17.83092801
-3.90552423
-3.61705015
-1.65270472
-2.10353099
-0.80006889
-0.93211664
-9.70896137
5.30802743
12.41524979
-6.39459570
14.20423339
10.48205721
-5.30928295
-10.32597677
16.70408358
-14.78002656
17.68290038
23.15987104
1.59877595
16.36193287
3.03567718
-16.65366546
23.55546718
19.09791432
3.96853637
-0.69393350
-16.59920697
-23.10917213
4.66372934
-18.47274446
-3.16556398
-16.01493361
-3.59615823
-22.48168884
18.35878872
16.13881671
2.34615579
25.98542653
0.87909927
10.42044682
7.04430273
2.69011142
7.70541190
-10.13341214
3.59137542
-7.28143797
-0.11781303
-0.48452630
2.90391681
0.92665592
-11.30320902
0.74721447
-1.72978378
-5.63219880
9.83848165
-5.53369964
-5.36980477
-8.28046430
17.12498211
-11.15626854
-17.70696558
18.35292744
24.14150809
8.02022278
-2.61337954
21.38942329
2.72556409
1.78582599
3.15949728
6.75210456
13.36459347
2.09987208
-4.94054485
-18.32883205
5.75434915
1.94829003
1.50735701
8.25975715
-11.53535443
4.43961298
2.98244753
6.31750678
15.79741202
-22.42032662
10.84965897
-0.07267512
-0.59120899
-0.13744017
-3.99834428
-1.52920373
-6.52835237
9.05382496
-2.98336918
5.28264037
-11.43161807
-12.15665565
-8.91959821
1.21207674
6.55982091
-4.75824632
-1.91485997
-3.97814715
-20.39447052
3.68932615
0.19856105
10.96831756
9.13837998
2.16703654
-12.52698123
12.79395019
-1.41489819
2.63788564
-5.97107249
-3.60836423
1.52695505
0.81725575
0.65374624
1.66630641
18.23681153
-1.23525174
-10.15444565
-19.85487005
7.90686799
9.60547414
-4.35163183
-9.55013381
1.49562048
-9.53335742
15.22853165
15.01218645
4.64503939
1.87132831
-1.01498870
12.31017520
-10.03464692
1.73339962
0.39387044
-11.25984139
-1.22039704
-2.26121650
6.48415118
1.38984093
-17.38380960
12.21893335
7.99128223
-3.67827219
20.15397679
-0.30312354
-6.52454679
-14.78684236
-0.30337277
-1.30606487
-0.00564051
7.36048890
-0.38023700
-4.36614860
1.76953837
1.02392535
14.30641572
-3.50352440
7.60084496
20.55242074
-2.60626314
16.32274166
-6.53795465
0.91051981
3.17835622
3.03844383
-2.70168297
2.42215333
-12.35557467
-1.60550716
0.35105187
-3.49764490
-1.27292827
9.40192091
-7.28036472
-1.47491449
-0.65879055
-3.75905522
-3.07663805
-0.71137236
-7.61919001
-4.83598898
-11.13853022
-0.02653638
2.77758070
3.00073895
-6.52423713
0.42191953
8.72598641
5.53661749
4.25227839
-5.42618344
7.37177062
5.88756283
10.54281260
0.76108596
9.60139418
-16.04927249
-2.96340802
18.60941954
1.36580034
-9.71708299
0.32365912
4.13976676
0.80229092
0.81037928
4.05598001
1.70752588
5.73783219
-2.98340478
6.96592042
7.06749143
13.86290207
9.29736576
-1.81442955
-4.49571147
15.60268666
0.57450618
5.28505130
5.84660347
0.00678743
-10.43957687
2.06079819
-6.45250318
-1.94611732
-13.72161271
-9.93439799
17.35197345
-2.14884304
9.66321868
-3.61144515
-3.92719120
1.74513129
-13.66213058
0.62838625
11.79794589
-9.06962627
-1.87541921
-1.33104371
12.87684606
8.50996444
-5.19198652
-1.53277471
-8.95790736
-19.95625561
-25.17145701
-9.44337745
13.51537081
0.98156790
-26.30232319
-2.19218374
4.76355013
2.52397254
-18.69724346
-6.95468243
21.06239637
3.42816622
-9.24681969
7.57232927
-20.61934789
-2.88299860
7.98242446
4.49832888
-1.00309948
-21.13901448
-6.89022309
17.72753871
-6.78055666
-3.41192803
0.67423875
5.98445276
0.00039834
6.55097403
5.51811625
-8.90406277
-0.00913380
-31.18692086
9.39204896
-9.63223919
-2.80309399
0.22234539
0.87210663
19.50469872
6.58396630
-5.15397863
-1.99885933
0.00174971
-1.13206843
3.14682034
0.90549844
0.01146399
0.01105047
1.56732586
0.36659443
4.07446648
1.22201655
2.06807656
1.10764194
-0.15528374
-5.49374229
-0.55209651
3.96417779
-1.19917681
12.42483389
-0.00254510
-4.04323869
3.59188473
-3.29713499
8.80430272
5.38052486
-20.28904925
-16.57075794
1.86268402
-15.41519462
-9.97784465
1.22519038
