2.08379840
1.31732310
0.18587045
-5.81748287
-0.19335844
-0.00692838
-0.32104579
2.39112368
0.67398685
-1.63369740
-0.81248905
-0.48138103
-0.49852843
1.03142157
0.10164944
-1.55821881
-5.37328910
-3.85524722
0.63591570
5.99101277
2.75888815
-0.92306581
1.51226180
-4.56733995
-2.21045236
5.74175881
7.36920411
0.44975083
-0.27832657
-6.91913859
-0.02316775
-1.47730858
5.50212204
0.08827470
-0.30200428
-0.64268050
1.09713286
-0.04141149
-2.04286047
1.30690331
-16.33421483
2.97004260
-1.59567148
2.51665127
1.97228170
0.13708323
2.21695798
-0.86559527
-4.15593925
1.57148446
-0.11197929
-2.44854052
3.58775965
2.30165608
0.03890139
-0.01558850
-1.12729783
-1.48819408
3.32558532
0.89884741
0.83202392
4.59930797
4.87472649
-3.94016292
0.37547095
14.29573436
-8.74124846
1.94830257
6.95911664
25.17388100
0.84167672
-0.10872974
-0.63883398
4.54316328
-25.86362838
0.25374701
-4.77121573
-2.04565260
0.33500072
0.80341973
1.69882017
-3.56428221
3.56154316
5.27523632
8.46670784
-6.03760608
8.78587539
-1.32940916
-3.33870702
0.13400906
-6.73296345
4.98791520
0.37044986
0.44839360
1.27784422
-1.19936458
0.51234649
2.68732255
0.00246244
-1.55394518
0.33656938
-0.12643536
-9.18561515
3.99463968
5.21073950
-2.14849474
11.67530271
-1.50256481
3.03974690
3.74580709
-4.17363532
-4.65431474
-0.70612427
-0.00027093
-1.03651433
-0.00114675
1.93261554
4.01570317
1.45252544
-0.34179321
0.15164853
1.00723926
1.13638015
0.04717831
0.04513330
-1.34220763
-6.73866145
-4.73186701
-0.23904159
-1.37608318
0.70077550
2.79465975
4.42506793
1.03860010
-5.30960842
5.32411623
-1.52200730
-12.43077259
-0.45147943
0.74053128
7.86663330
0.32245001
-0.01793200
-2.95620396
-0.02243041
0.09054788
-0.24911108
-1.44978814
-1.84599970
0.32684501
-9.13551715
0.01393569
5.60669651
-1.32760052
-7.10331075
-0.89391837
1.56833351
-0.97114310
-3.59085694
-0.12518037
-1.36111961
0.50780917
3.29481271
4.84385203
-0.29868858
1.12786326
4.13227194
2.63415595
0.04158819
-3.42525984
-1.59897943
-10.11387586
3.59485402
2.29108787
0.77178504
-1.32435828
0.79454375
0.06628887
-0.01708919
-2.90001936
5.50323297
1.30290473
2.03349560
2.02354560
0.17965703
1.09450854
5.90987834
-2.17281130
-6.57221608
2.32070662
3.46703594
-0.36950358
4.37349622
4.32368509
0.21161748
0.00066652
-0.27054278
7.76108617
-5.18323263
1.33461659
-1.66605558
-0.12858279
0.83862553
1.50041231
3.51736594
4.92116712
-0.76863486
-10.36659628
-4.12982892
-0.25433275
1.79840359
2.24717064
-1.27108066
-8.87884252
1.71486794
-2.86980388
-0.18934933
3.16675029
10.24901494
9.57843743
-3.74533232
6.11188736
2.14535665
-2.24659532
3.12785086
0.69178064
-2.88964862
0.80423283
-0.31381843
0.00465511
0.06379219
1.11228307
-0.78660050
-2.57081833
-1.73717888
-5.15752492
0.85838905
-2.39992519
-2.31136085
-0.16659746
-0.33050293
-0.19421882
-3.31687172
0.50720063
0.31936679
1.48916048
1.30906147
-0.05738561
-4.02872170
1.34924373
-1.15064639
-0.17670780
-4.28538477
-4.63376479
-1.34011695
2.85527624
-0.86611811
-0.21626002
-0.30129003
-7.42357300
0.91795812
0.88941417
-1.64513747
-2.47437528
1.42980033
-3.11212975
-0.81241821
-0.38973365
-0.30941529
5.33189880
-0.76649346
-4.46785779
0.30535969
-0.20581045
7.76437207
-3.56264911
5.58591143
1.57562408
0.51745976
-0.25823189
-9.89092976
-8.46831417
-0.75275345
-5.38132511
