14.62362187
-2.09771915
1.09999592
-0.17143367
-2.13430715
0.17337177
8.53952947
5.28293151
-1.14840467
24.16310256
-0.28270619
0.87788686
4.65966849
-13.07266481
2.52533912
-1.31483254
2.80403545
5.80262847
-6.83218977
-24.05588790
-14.17535001
10.73568474
-0.20203834
-21.61522930
-0.69644096
12.18050754
6.44934683
-8.36457548
-13.26185692
-14.39290204
-0.19668306
1.06213453
5.07926350
0.38249030
-0.74494858
-2.86378743
-0.54080391
6.83293748
-0.50129130
3.93579544
17.29831439
12.56533312
3.12469141
10.97775242
-6.00613898
0.54968028
8.45412710
8.74786893
-18.66477903
-4.99968269
7.72768604
0.78827875
-3.93467655
23.61065936
-2.80324682
0.52192680
1.41429805
2.94218638
7.72804529
-0.01193768
-1.26149566
-5.56593524
-7.86326178
2.18553199
2.64107329
-16.86124903
-12.77187039
9.15046856
-4.27505096
-8.04805801
21.42184337
17.99652005
-2.22555170
-2.16027890
0.20403849
-3.73211445
-4.89163981
5.30452302
9.86634456
-0.05723956
-12.65787892
-9.17221990
5.88016316
1.24455318
-18.21414593
-10.47292758
-11.78238776
6.92800310
-15.91507269
1.96846777
7.10262227
-12.09229363
7.73692044
7.28802479
1.05794021
1.12005165
0.55329441
-2.76846841
2.14399800
-9.92551944
5.97155618
1.32207805
-0.84419402
8.97513901
8.48741160
-9.30700086
1.47651426
-2.81124838
17.38801273
19.46039635
-2.86293750
1.15499512
6.33958846
-23.90867584
-1.51315593
0.28509183
2.83918164
-9.41982114
9.66001543
0.29002841
5.01985160
1.93698791
6.48588831
1.81106605
2.33868685
-1.99685720
0.22568761
2.32744636
-1.15781315
-1.23674089
1.68204938
1.32732315
-2.39441041
7.28102490
2.75024921
-15.93499333
-3.90028881
15.57899842
14.22499460
-0.42009521
-14.20106901
-4.25087211
-9.22992785
2.08085389
0.20942805
0.12785831
3.67472134
-3.87031604
-1.88409851
-1.46647564
-16.70186210
2.92094016
-11.40172818
-3.37021179
13.01975804
-16.10246360
-16.60980474
-4.53728160
-0.83849092
-9.86262056
0.60042743
-5.30988183
0.61407627
22.30566887
-2.96926563
4.08562774
8.65102366
-10.41547190
1.21306832
-2.08861449
2.06813091
2.99209985
-29.23276469
-0.64366560
-4.35979747
-2.32792507
-1.11243054
16.58381121
-3.05968136
-4.63900509
5.23158990
-11.73763882
-7.29887460
1.12283752
3.48564044
0.95676981
-0.31585537
-3.80684217
-10.82928095
11.16239034
-0.74750772
1.48728308
-4.43796264
0.36854118
2.54845885
-1.64192716
1.68987783
-3.45174528
18.52888521
5.10557361
7.68973758
0.56616739
2.13559944
1.13479067
7.83181743
-9.07928798
8.40002512
6.78298812
-6.92133180
-10.07071920
5.60910376
1.00518678
-23.56880644
-1.24576294
-8.58311957
1.75620354
1.29872882
-4.71659215
15.83590150
-9.75310600
7.93714042
-10.12390446
-5.35849516
5.47961474
15.43875589
-1.23339911
15.70517860
19.27502850
0.01512659
-0.85427003
15.02980964
2.05689917
3.04780088
-1.92224549
12.22853421
-3.68423615
-9.00230441
2.25431963
-0.05292822
-1.86354581
-2.80490738
6.36477013
21.68538739
5.67797270
0.31635385
8.39667735
1.73176183
-1.51660786
1.84132774
-3.25387713
-3.36017356
1.52760608
1.67095397
-12.82047497
-13.25186550
13.05801979
0.22551793
-0.41346284
-2.76031327
-0.83815488
-4.16651026
1.55432450
-11.44901225
-3.31777171
-3.33613387
12.63834893
-10.46460488
-14.47309941
4.23687944
-12.07081175
-0.31279683
-7.76031029
4.29385087
0.60737666
4.84304122
0.91793609
-14.09577558
-20.13363570
-0.91756784
-3.98291428
0.43851120
18.95581088
0.15037002
-0.66850817
-3.77610207
15.92921751
2.09224229
-8.40628608
21.62280675
-9.03399070
12.07561543
-1.18735449
-0.00781537
0.88223269
-11.53547922
-13.80729890
-10.62624775
6.02531521
10.29280116
19.13780779
-4.36681059
-12.69812988
-0.00690439
-5.77249282
-8.68786591
7.51964809
1.43765949
-11.26770267
11.14923302
-0.29774924
11.33970654
-5.21692318
-3.77014541
8.06586313
-2.22539017
-0.23990311
-4.64125232
-11.09194908
22.06937010
3.50628696
-10.99439954
-15.51162097
-2.35541206
5.78466105
-8.57539791
18.73105395
17.64138875
18.75420821
-15.16443084
-17.81499093
-2.32345390
8.14910625
20.40033566
-2.88138238
0.26210568
13.68228177
-3.63264860
-0.43766019
3.84612510
9.75238119
-0.70591046
7.37314594
7.35009853
-0.21396465
-0.10795793
25.74808384
-0.94524911
-0.34136804
-5.57370816
3.02548692
-8.95229880
-2.65657485
13.03877282
-0.05056693
-9.66655314
-16.61034395
6.95447333
0.54873308
7.74445375
-9.82933742
-16.85378895
10.29510892
1.85163838
-10.44671735
11.32263706
4.14323109
1.89156807
-13.50386145
-0.44684830
-0.00395740
-0.53266976
4.15840088
11.32670999
0.03253383
-5.24287338
-4.05680132
11.17504606
-10.61160987
-7.34405212
-2.03249313
-2.19894690
-6.42036176
0.05002345
-0.44536528
-8.21055998
-18.69595091
7.37596889
11.03426070
1.61141069
2.53018309
1.16033614
-1.58939302
2.94052084
-12.04308932
-6.60491393
1.49312343
11.75897356
5.96776997
-18.39425829
-3.33272682
0.43297096
3.12408165
-0.94636870
-3.15559616
4.69842253
-0.74105516
8.65473532
0.42960887
10.19353870
-3.57574659
-11.39523110
5.24032673
-5.20679797
7.77694615
-2.96766787
-11.57703382
-10.86077591
-14.74087198
3.82655196
-3.05707984
-7.50939536
9.67300539
-6.24898241
-3.63058823
-24.36672097
7.84953354
-3.43866877
12.29792714
-2.04766922
16.04263133
3.05108814
3.82539356
11.58825907
-10.84661477
-0.00083552
12.56418570
11.69497782
18.90414536
2.10776143
-6.01116496
6.11470443
4.51205198
1.16362041
16.73892311
1.16798126
-10.65324203
-6.55497446
9.01433041
-2.63816416
23.92424372
-3.90822366
-1.29512806
11.18739207
7.10824194
-10.37085429
5.40202266
-1.13220375
1.11385373
-0.39000688
-0.19018582
-0.06022697
1.97655645
0.15033562
-1.74254911
0.86739485
-1.32237079
-2.29391025
5.13764698
-11.01113207
1.98063366
-16.70753114
4.60756175
-12.31395966
-15.58860915
10.50740318
9.55500967
5.65650715
-1.22804253
-2.42990129
3.05010354
-5.05229149
-5.36023555
5.94432257
-2.14833600
-5.53998713
3.71386355
-2.85435736
3.10872849
2.08344192
4.08573478
2.12895968
-5.77345791
1.14132307
0.30929127
-0.99769851
2.36240124
-4.46977904
-1.52578788
-2.79117916
3.65602273
-0.44614843
0.24123723
1.65299521
-11.23759003
-5.47116382
3.83344080
15.98251653
16.17576605
0.36623671
8.39421939
-9.38062132
5.11174978
-0.52732907
0.00592286
-0.12243417
2.61371381
-11.37538601
5.67608835
4.29783666
10.28309288
-7.17362531
2.03065821
-2.34819397
-2.74945003
-5.11124614
-16.12743553
4.16348940
-0.40825872
-0.10777529
4.33626405
4.80804760
-23.95247377
-3.93076042
10.00685968
2.13416519
-5.06049368
14.10708981
-6.96191778
-3.97579726
11.13295675
-23.45802707
-3.68738231
-6.02680980
15.26516205
-0.21169069
0.26403438
-2.37588205
0.00830694
21.39242870
0.94520911
-27.07216954
16.74223257
-15.22514885
-19.84329836
12.40705266
-4.68632114
-6.06618489
-6.96324919
0.08389125
3.11052173
25.16156488
-4.06028856
-9.83907190
-5.45923065
-1.12072225
6.68706550
1.12677791
-2.14925203
5.14369951
0.76592828
12.44074113
-3.83069020
-2.08885859
-2.65664919
-1.72137277
-0.22438363
2.92943622
-8.06152868
1.77056346
-1.10510953
0.15055144
2.18535979
-13.19426328
2.23047252
0.18805577
-10.18809743
2.15162374
-1.48084877
12.95081950
3.54489818
10.37602095
-5.89324167
1.82751699
-0.98284692
2.27254495
3.20647880
-7.50553768
18.99506798
-0.02631147
14.71894677
2.76476725
-6.24512726
4.57873174
-15.78343742
2.56871667
-4.71600254
6.30156245
13.07554166
11.75597193
-6.11538710
4.50988214
-1.63527420
-5.51710520
12.36333323
-1.30793336
-5.89706314
-8.06380049
24.72441433
-9.54258425
0.42317018
8.35793051
3.54515763
-2.69440019
-2.60054078
-2.06347140
-20.99021242
3.02719699
-7.85563542
-0.96954125
-2.11781457
-0.57018675
1.07201914
-11.98397674
12.47179933
22.19094061
-12.26295930
9.35921765
13.94755200
-2.87035841
-13.00341213
26.30330397
-5.84355635
7.79763404
9.19864279
-0.78390125
3.41472484
9.43599095
-10.22867328
18.36191271
6.79281461
-1.17679775
-14.27208198
-17.68325386
-10.77464072
-1.30385894
-18.86492610
3.25204243
-13.94192387
1.68352059
-19.66253042
16.06726608
22.49067994
3.00228498
19.81073098
-18.61140356
6.04809951
-2.65702395
5.17927261
-2.49992446
14.39484232
7.88701090
0.18206665
0.00923548
-1.37596462
3.82267026
-2.65377966
-13.24832497
3.83795656
-1.05937205
-15.22841801
16.43091849
-3.59949306
-4.23963801
-9.37945622
21.92155156
2.17075119
-9.51070710
18.55528173
26.30558157
10.21379999
-5.96849399
9.69904146
1.90870054
2.19917147
2.45053119
4.03530530
5.07055925
-7.18397452
-8.99418145
-7.69121080
6.78696961
-1.69624975
-1.85600530
7.14383200
-8.36726957
-7.61516290
-12.78930792
-1.71080620
11.97326637
-15.92957089
16.23308964
-11.99708548
-2.03763539
-0.29595847
-4.30340482
-0.27229854
-0.60717301
11.06522541
-0.28911240
8.85560186
-9.22555912
-11.10363633
-7.42535457
-6.32519402
2.88242080
-3.57086042
-2.51572924
-2.51843293
-5.85896677
0.10316295
-1.01637833
2.20073182
2.49617851
10.92780752
-7.21233868
9.78641983
0.11958188
-3.01752985
-5.12346096
2.37413277
4.56123811
-1.28557897
-2.72591804
-0.01484686
11.18947442
2.27364467
-6.28130446
-5.75355975
12.27656636
2.85028476
0.31353830
-15.37137404
-22.98636215
6.91605376
-0.31829734
-0.33094868
4.12948567
-1.02467293
17.09614429
-3.46470950
-8.13182242
0.57222888
-2.79450376
-8.36410212
-1.14911891
-1.45625751
-5.08627618
-1.60109934
-17.40118447
-3.11999484
2.52723531
-5.38215306
-3.59541693
-0.51657919
8.22136901
-8.20567219
-0.07108690
-2.35708749
-0.00594320
6.88093169
-2.90817920
2.22076644
-5.02512930
-1.91834032
-4.83279662
-2.64295738
9.15044701
17.05387553
-4.24150565
1.82220772
7.26900417
6.45936365
3.21506916
0.02401395
-3.76156210
-0.49762220
-8.47490568
-0.59168176
2.22266742
2.37576674
-1.79664502
8.18320894
-5.09960292
-3.37281422
-0.47585374
3.22780900
-0.18748636
0.05721643
-4.01835420
-1.33261258
-3.39647064
0.22863039
7.28917738
1.27269211
-10.65278174
-0.77680120
1.29964698
10.71834756
-8.00801394
-16.21218618
16.03688032
3.21611253
18.13775516
5.36040866
4.80886633
-10.06342354
4.67431223
15.75891823
2.28854434
-1.09686496
-6.05960199
3.29697242
-1.42027909
1.03492596
0.92843339
0.63104306
4.47636289
4.24985895
5.73901314
8.39923719
5.98049637
4.26356844
-2.83013128
5.31521893
10.43338543
0.76301508
3.59434990
2.20463708
2.07135853
-15.74620492
0.07792814
-9.46338233
-5.69630978
5.53992988
0.83061856
3.17524190
-1.04087945
-3.32077155
-0.68167959
-18.40310623
4.99248413
-7.77847803
-0.57886235
9.70810803
-5.91780329
-9.23252906
-0.80992699
13.90989110
6.10324248
-0.63374835
-1.17572509
-4.97210474
-11.72563376
-18.54936723
-17.75228241
2.98341942
-8.08925095
-19.30749442
7.65182459
2.14869871
8.88637451
-15.22647108
-7.75941737
17.64262989
-2.31824339
-8.68948233
2.94680962
-9.58075014
6.93078153
-6.22594715
-4.63594034
-8.15297484
-16.55217371
5.42885506
17.71249270
-6.83403769
-21.36798219
-4.92330313
4.95084738
2.25172072
-1.06328507
-24.04354478
-10.85551737
-0.48099254
