11.98071669
-6.74899894
6.96186513
-12.56662243
2.07692322
0.15077885
-6.08598085
1.62097298
0.39011377
-4.64538846
-7.95478606
-4.35042849
9.73826475
0.90629041
1.03395986
0.00033982
-1.53319182
-1.79948171
9.49176225
-2.28053775
-18.29070140
-2.15881194
5.30693305
-15.10301053
-6.45896540
15.64563045
10.02998820
0.77052385
-9.02973458
-15.47226238
1.43215446
-0.33413695
-6.91376170
-0.51260467
-0.95891905
-7.79224672
10.43638866
0.71939982
-0.01228884
14.43802021
-7.79205196
1.55988230
0.19318666
-6.12561225
11.52971248
-1.15560337
8.66329316
-5.31569962
-19.14190889
-2.77318619
-0.82866145
-8.21422829
-19.32039417
-0.29042237
19.29384032
-2.12800365
-0.12625011
-2.24035850
4.59361191
-0.01388188
-6.89858477
3.96698200
4.73918542
3.20124013
-1.71793160
4.64220840
11.24644067
6.04426400
-4.70195402
-3.82387026
-2.70607371
7.25274254
-1.65321798
-6.34579876
-8.70321167
1.41807353
-1.20891311
2.05670815
-10.59753117
0.07689074
20.64432290
10.61029356
-3.85116811
0.54545541
10.75125885
1.64615389
21.57562010
-2.07184172
-3.36443545
-1.58815231
12.95136416
2.44402500
0.77962991
-5.70812353
-0.09533543
0.75452018
-0.06909551
3.29818450
2.70035926
3.28530963
-4.97410096
-1.27892299
2.79937164
-8.55833086
-8.62761790
1.16680810
-2.72571181
-2.29211942
-4.12417314
0.50104756
2.94319864
-6.14274217
0.71559941
-23.80980790
-0.50068071
0.18095233
2.33111183
-10.05969088
11.16225155
-0.02985638
6.63063582
7.47652418
-1.50641627
0.72106853
-2.65715275
-2.39025145
11.20078018
-1.35057433
-3.79168509
3.95960286
1.77735604
-6.37081376
-3.77914430
-2.91844773
-10.30383325
5.45405924
0.94928899
5.27513057
2.96765333
-4.76468093
7.66421158
-5.97965434
-0.04314886
-4.38208526
5.41039623
0.86001335
-0.68925510
-19.21245691
0.44777891
-0.85499020
-11.41746555
0.36369691
-5.29263605
10.66749290
-2.26610056
-0.46388274
-0.37076697
-4.22304705
-9.20003159
-8.98088353
-4.14002287
0.54672757
0.33474821
6.86888651
-0.56819802
-0.85566780
4.28737665
11.45001273
1.69700922
5.68555374
-0.41007448
3.01195861
-16.85584149
0.53749795
-11.63276146
2.10366942
0.02127357
6.39449600
-3.36484220
-10.97554812
6.20983856
-14.65769906
-3.07455885
-23.74520391
-0.63039720
1.10232183
-5.84660258
6.24731586
-9.19240836
20.40326835
-1.86148093
-0.92960218
-17.93623090
-9.10744759
3.11502179
-2.68691889
-1.06464691
3.41788672
-11.58818916
3.96060598
11.14263084
-4.98094775
8.35726259
1.07987431
14.45280200
14.21648584
3.49931354
11.86140166
0.72502669
6.53196989
5.11053658
-7.78132076
-5.50060053
0.97141660
-7.11501455
-0.59615119
-1.58177368
-2.05239807
-0.12059879
4.30488584
-0.63541176
10.09318337
0.72005920
-7.34747532
5.89331190
-0.63645901
22.19935769
15.27386435
-2.13144489
-1.03436571
0.57510152
-2.20925233
3.45866055
1.26052563
4.60010680
-13.87993637
5.93792081
11.27579539
3.67798652
-0.72228172
0.25859962
5.90335114
-21.86283460
10.57195248
1.56416186
1.08013327
-0.06076959
-2.37406506
3.31144784
-1.62459458
-0.61506162
-9.68429062
-3.71055165
-12.56910364
-20.93008285
-15.46386145
-0.64556573
1.83384582
-15.28173205
-16.00678277
2.88727573
0.41754224
-10.34534702
1.06865951
15.85693473
6.29283894
-2.27399348
-0.04177707
-0.50479992
-8.69124546
1.78416042
0.52713467
2.31405845
1.89676141
9.97837585
-1.90781868
3.25700958
-14.18674080
0.87625519
-5.33004074
-16.49865664
12.09036931
-0.46365987
-2.82232431
7.53127044
-11.00136955
2.35836502
-8.64893496
1.24185665
-5.87213222
-14.62442973
-1.71667425
-0.01281447
0.54048841
-1.49312966
1.03105133
-12.05194626
2.84194633
-7.15260767
-6.12135380
2.97218347
1.98581672
1.73650174
6.50538059
-3.10827782
4.57094219
-4.65057628
1.26302980
4.62181152
-10.15782137
-2.47320434
-1.86994073
-9.18765548
1.74693839
-2.57285801
0.00222469
4.56740024
-2.56902250
-8.62191629
-4.71018887
-2.92891075
-14.17122012
1.23765466
7.26141251
15.17071034
13.30263561
25.53219314
-2.02217979
1.60003882
9.01227308
-1.61384523
-6.48665886
-3.95196759
-11.12438549
3.36425824
-0.20418137
0.29511905
-1.89330582
9.92350377
1.81534366
1.48175880
-3.59838916
6.19937490
14.97706003
-6.41045520
11.49760028
0.74702347
0.71370516
-2.17420906
7.87147079
6.11539909
1.72027583
-2.83035626
-1.74647117
10.10763536
-9.28504548
5.65107112
0.25635662
7.95239164
-8.15025638
-21.50233108
15.63625860
-0.13593001
-0.56870316
1.00731953
5.60704893
-11.83976145
17.98341686
2.33731777
1.83757028
5.99320543
-0.11048064
-16.89221153
-6.30167522
0.42066375
-4.13181578
-11.07504570
11.43912749
22.17913043
5.55086627
-5.37970466
9.06952641
-6.31683633
-2.81427323
-0.32653394
-5.88942086
7.05433778
18.53682461
0.79422617
4.77453847
3.44676494
0.02386999
-0.73910518
6.88182614
0.58194689
-0.33725063
0.49326703
-2.77443478
-2.23143880
-3.44919304
-1.35488960
7.10831864
2.94897212
-0.72905857
-5.50974801
-2.52180716
7.22434349
-0.17209218
-19.64826490
3.83013469
-8.30187242
-11.21566372
17.01035665
-6.67849633
-13.69817271
8.32419286
-11.04929652
-8.92683966
-3.45042438
-4.39627717
-6.42723908
-6.01178002
-1.20172685
5.32559406
3.58388441
14.10928888
2.24250392
-2.19627804
-0.29553668
0.19606434
3.23746845
7.66385961
-1.24365135
-4.24562905
-0.74474730
-4.30384803
-2.21218962
6.77055905
-2.10808922
17.87100971
-4.82882356
-11.81882746
5.02478515
-2.59231439
13.20926639
16.98307784
-7.08261063
7.27315734
-3.66516440
-0.84914650
0.22447091
0.22488740
-10.79159976
24.96626870
-17.46574268
-10.39201726
-1.48939654
0.21693810
-1.02841395
0.08424225
0.74518633
1.19173933
0.19687554
2.44613676
1.19082173
-2.15154267
-2.31950552
-12.91966163
-12.31437080
2.81611818
0.66548851
13.20789902
3.98884657
5.49225682
-9.45585963
-9.52817321
7.51159950
-0.93343826
-11.40535064
1.35910889
-1.80778398
-8.77785060
2.81636107
-2.34193215
-16.59344630
-12.68359140
13.86949576
13.95069438
0.20037237
-0.36629992
-0.48915901
-5.66934625
1.48563259
-0.01464087
3.52741591
4.39595145
-10.99430883
-2.35914866
-8.77491382
16.76671350
9.24406827
2.39917675
-0.53025902
-1.58648460
-19.37124686
-12.82379111
12.37536802
-25.97066422
5.99871245
1.09660652
-8.62608143
-1.98260886
0.59051175
-0.17623965
0.38830077
2.53746822
-3.55884204
17.62926334
7.89622262
-2.46268308
4.97410423
-0.14319632
-0.59378953
2.00779881
-1.58548940
-12.88472625
10.69488449
-3.18004679
5.55412267
0.29075492
-0.35527722
-24.05644008
-0.20174502
-4.30511977
1.92920615
10.48741090
-7.54532223
7.42258100
6.35932651
1.42484826
9.77352144
-4.87065800
2.46952854
10.97501047
-0.00271338
-6.26468448
-2.00002836
-2.07204250
9.17242700
-0.32993208
-10.91495549
5.78366840
-6.99083462
-17.34070023
1.62021619
0.80024556
8.27746824
-2.82248692
0.42905974
11.31263366
7.62029654
1.07744942
2.26506343
-8.24121632
-0.79216504
4.96252413
1.09487013
1.12862325
5.03032046
-3.04327811
2.73869609
-1.01051435
-2.21210239
-4.20857021
1.98442932
-3.81796640
0.67542431
-1.94745172
-8.42952648
-26.72336880
3.05875914
1.01708799
7.63422033
2.91276833
0.00132879
12.31504670
3.61791515
-3.23040119
15.87627917
10.47554907
-4.28248932
-3.67501608
-0.75227979
-5.41889897
11.30307472
-1.70126636
0.35793333
13.81827708
-0.92847336
12.62224986
1.82499865
-9.41586616
-8.48045792
-11.36129409
-0.08544452
1.35408503
-2.15117468
1.47775565
12.37507262
8.47626367
-19.29553921
9.95314758
0.78831673
-3.31069748
2.87083918
1.94313688
12.27400108
-9.38451257
-1.67028620
1.26559312
-8.32993331
7.64169937
-0.17730301
5.35261034
7.42104176
6.53643149
11.29245123
4.10084729
-1.41137334
-1.62475629
-0.05455777
2.16853519
9.14091714
-4.46285993
-5.63361837
9.90326279
-5.15120244
-0.39417360
10.95858183
13.31447040
11.35331717
-4.02126730
16.99957159
-2.34891918
-6.10360688
6.14878024
1.92412296
-9.86287009
17.21172958
-13.71886809
-15.45700090
-11.80087947
-24.68122200
-11.48864780
9.43680449
1.91149419
-11.57446397
-2.58957254
1.98203515
-8.95398755
0.42483610
-5.04275255
6.61187122
5.31863902
9.89051552
1.38463592
12.66408530
9.59325709
7.78214419
-12.71636160
1.51619020
6.34177219
-0.94831870
-1.47532936
-0.63493984
-2.23793708
0.47092849
-13.40964736
-6.02455904
12.18237813
1.09992940
3.10581787
-0.09366683
8.84502140
24.14381129
-6.12645747
-5.03914270
20.87950176
7.67080341
-4.21481122
-0.09550070
4.67897497
-2.53456768
-6.56546913
-2.11377284
3.24184714
-5.70448008
8.24542676
-0.10069112
7.76608048
-5.21005281
0.29299232
1.49203365
-3.46576235
12.52296831
-0.88406683
0.88313243
0.48606883
3.10627984
-13.42883974
-13.66586298
4.72218844
-1.27941380
0.22150827
-4.02300861
0.11669264
7.60976145
0.46967816
-3.73994566
9.26817234
-16.64067953
-8.66305756
10.61702898
2.67082369
5.95278304
10.89835261
0.91752895
-1.57949247
13.01087645
-0.00734432
-5.43095668
-0.82448110
0.19305910
16.11804677
14.24784377
-7.93178908
