11.39976539
4.55469455
-0.89434779
-9.73894029
-1.89870153
1.03730192
-0.83592241
0.08584670
-2.01004402
-5.28106207
7.84540668
-1.68043089
3.49476475
27.20470981
4.72318234
-5.99293643
-4.69701156
8.84836029
-8.24385378
0.01427753
-15.49791188
13.37854095
0.00355132
21.63621645
3.66313454
7.57586320
14.77982147
-1.08666939
4.72335221
-22.05336374
1.57609468
1.00159188
-10.70104596
0.32764448
0.82575875
2.49503186
-3.78274511
15.20035508
0.21135945
-7.08609170
10.48055765
18.30465055
1.94691598
-4.02308455
-8.82813307
-2.92004159
5.47628978
-5.64747057
-25.05866799
0.86351563
7.42053994
17.97645162
21.56254217
28.55236296
-7.14512520
-6.09790597
-0.82599977
1.88752774
10.60877114
0.65903853
-4.23176443
8.88742912
-2.55234830
5.25532804
-1.43615370
-2.83880606
-8.71951806
-4.50996011
7.16791863
-8.30173561
-5.84557350
0.17742605
1.74265232
5.65784878
2.64094563
3.43803732
2.92258791
14.29513632
8.78676957
2.10555966
6.77936680
5.13543850
-2.81542697
0.15937115
-16.44783024
-18.07242101
-13.07148497
5.22830819
-16.13215760
-4.39569478
-19.20361046
0.99723874
-0.08624674
22.67827972
0.75803590
0.81465468
-1.18397816
-4.24392278
1.91417454
-4.12566380
-0.20371435
5.30245155
2.76722413
14.85368746
11.55980578
-22.60541319
-21.22950139
-1.98236919
6.03315223
-0.24254378
6.56250557
-5.98776071
-2.34913515
-26.24829928
-3.48534081
-0.36615966
2.90493693
-2.06607307
-2.29709642
0.17760145
5.28866042
0.01973371
6.13779807
1.06832468
1.12576249
-9.40551282
-15.39748544
8.01670928
0.00130676
-5.35350430
1.21232280
4.16578602
-1.37626619
4.70764530
22.29903036
-18.40008739
-1.67327462
16.88341785
14.26923703
0.29976825
-6.06230941
-5.52674383
-9.62011254
2.56925320
20.71360354
2.33544703
-2.29797195
0.11795974
-0.36824723
4.96479826
-20.68310838
1.83587102
-7.76431441
3.26779666
-0.39636308
-4.02598295
19.63195181
-4.30205902
9.86024253
-15.32811380
-13.81889045
-6.18631207
-13.44195308
15.46362455
-2.23357775
-0.90358677
21.29388729
9.58273309
0.01299235
4.38299247
4.03350171
9.87680851
-27.80295602
-0.85983155
-4.70856115
3.20403150
-8.03375158
-0.76989671
0.46462033
12.96077646
10.25614878
4.47550671
-7.48433705
11.89582009
1.26497215
0.50050095
2.57109967
-3.75281183
9.84064978
-10.40287090
-2.11183140
0.88556647
2.07576714
-3.63203630
1.53403599
0.17225671
0.08707874
-7.84654615
20.41801710
2.10813567
6.11791986
1.32951722
-0.88544664
5.07348715
-1.01574065
-11.65196632
9.89669464
-12.10216090
-2.20015786
-15.00435418
14.43676062
3.29374747
4.44475425
25.84119749
-3.80691725
-1.79654442
1.52771120
0.17144840
-24.02380535
-18.37845073
9.06883873
-3.55823951
1.31851985
2.95067636
-2.81746404
1.29390209
8.08775660
22.59526193
-0.42234317
0.00963447
0.08684344
2.60999586
1.77681617
-4.05002239
4.88425424
6.20613335
13.90187619
-24.74588144
-9.16769759
-2.10779465
-0.03682738
-2.88642954
21.79307471
12.91154465
1.75050458
-4.23294308
1.08702959
-2.72299771
7.72969908
10.70680279
-0.53143945
1.31337246
3.23711292
-19.06451166
-13.20941881
6.92730957
1.05034720
0.18130013
-2.12599664
12.88093826
-2.27747735
1.67219542
2.97826485
14.70267037
-4.58501948
-0.93574353
1.42890890
-12.90023004
2.87348681
-1.55448518
-13.85055933
-1.65068432
0.69801966
-2.76253924
-4.91272675
-3.04355282
-1.40371181
-14.69410969
-0.23384824
4.44219644
9.91533485
24.94506825
0.13427046
1.47265636
0.05480874
25.30797003
0.66037345
-9.71754628
25.83012206
-5.99059687
4.70068632
0.59350637
0.28351198
-0.20826776
-13.20625178
12.27101005
-5.92443755
7.87840123
12.30692556
13.79446738
0.42705314
15.68679582
-0.01434441
0.79363741
-1.85354195
-0.50199533
3.13151710
-5.13704294
-2.85853944
10.18727900
11.52745435
-7.48267035
10.02171662
22.08705144
-1.67244488
0.85612865
-10.26619369
-12.57058469
20.27404451
16.80104795
-18.87643364
-33.35019236
12.50354081
19.83726114
-10.99995544
-14.28464175
20.07225206
21.20363042
-17.72976716
-14.93266880
-1.99635814
8.66159481
7.33431686
-2.33337230
-6.77062096
6.37845442
-3.35658658
-0.72645465
-4.31371717
-2.27387962
1.55433388
6.87151402
8.83860877
18.33118253
4.41114106
21.36528800
-1.12468169
0.47661140
-4.66470290
5.79229221
-9.99051491
-2.27570594
-11.95125457
0.47858725
-13.76593669
5.29515559
4.74412227
-1.41488613
-12.99720519
-1.79813135
-10.49624216
-13.90330895
2.34453724
-9.99483619
1.26923000
-4.11096807
-5.32121346
-16.05862018
-1.72751254
-1.31094574
-1.05264432
1.06438148
14.96966685
4.80087134
-2.13477183
-10.20164793
-4.03147905
-16.72509644
2.56931828
-9.16904512
6.94556699
-4.25572529
-4.44347517
-1.68940113
-7.95945147
-31.05636236
3.68867898
11.34169665
1.62919496
-1.45075075
-3.72659477
0.01573683
4.92449361
-6.48531705
8.12373461
-14.02998636
12.95772106
2.01861220
-17.58245576
3.75544559
-0.76243486
2.69677530
-1.19366241
-0.53031239
6.53675828
-3.90212120
10.41451605
0.18750170
1.77621779
-17.66383892
-11.08615919
-12.40659346
-3.45322138
6.82201249
-3.16280788
-14.07805644
-8.45043501
-14.40583810
-8.97770786
-5.57691540
-21.47623224
1.48619232
-5.29690858
2.85459314
-13.40320263
-8.05460605
-7.51990132
1.70692350
1.44576633
7.44117320
-3.37745569
11.08153617
-8.54387445
-15.74913790
0.00743798
16.58880910
12.36960935
18.22735268
-0.89773734
5.56970211
-2.42871196
-7.73957782
-1.63149749
14.86424479
-11.80822383
11.63987479
-11.03706795
-3.15666486
-3.41197394
-1.00281876
5.59985534
-1.33143889
12.57144426
21.27361640
-19.12304491
7.07131568
4.80804333
5.80824403
-4.02961462
0.00683494
-1.61639331
0.57228301
-0.08937908
3.70047884
0.96008544
6.60550057
6.08300191
-6.86486605
9.31478135
2.43395543
15.33676695
-10.05536776
1.37429281
6.84591377
-20.94004703
0.20423808
4.38737713
-0.90040288
2.91506808
0.02467295
-3.85016100
-0.43276489
-2.50559189
1.78613824
7.10115479
-1.54771074
-1.22778531
4.04509745
2.12054890
0.61725641
0.64028602
10.51174782
0.82167153
0.08330968
-1.61730512
2.58751735
-9.36580442
5.06875393
1.01229652
-1.04309696
10.35444875
-0.81506778
0.87534210
-7.17644060
-10.64130293
-13.57875104
14.14341700
-16.60171637
-14.81556264
-2.48130699
-28.80906777
30.07654263
-0.61377558
-0.30813266
-0.15145426
-1.32767042
-18.46196828
-11.13256166
4.49650315
17.07417901
-0.10084563
1.15199768
-2.02496356
-0.97102948
-0.74836542
8.23374441
-4.30888480
-0.88898514
0.64588907
-6.43709023
1.10315311
-20.99541612
2.12534824
4.56796269
0.99013145
-0.77349685
-3.88689777
-1.52538390
-4.23319462
2.16974550
-20.01813354
8.59273849
16.36315246
-9.85711421
-1.05993587
-0.82796364
-1.95817527
-0.48852333
-9.92873921
1.80108300
-15.02968457
14.54479817
-13.51618828
-18.42837764
1.75009079
-5.46557901
-11.02483555
-8.68144837
0.08676069
-1.75268307
-7.38881844
12.69061894
-16.70574068
-23.27712040
8.53995963
6.47094088
1.36725198
-4.44509661
-12.49150744
-11.29060264
0.57138904
-2.04487187
-0.17868372
-16.40479020
-2.49403165
0.35933332
-4.48631927
-4.89801437
1.64861645
5.62591441
-3.01235557
-1.61488466
-7.27969841
-0.46549482
-0.07724020
-4.59779147
-0.22829505
0.89548037
-17.73519531
0.62316671
16.89103584
-2.44543078
-3.55543444
-4.92682152
1.48100588
2.79494217
-2.23910524
24.22299311
-0.87600070
8.71353412
-7.63415967
-1.73559144
-2.28407046
-13.04872251
1.34370003
-6.72994662
4.48176252
-3.03485411
12.14917990
-12.65710934
13.06389785
-18.16881188
-6.40370241
4.16905377
0.44318643
0.71476366
-16.51536107
18.94965453
6.67015189
10.40369807
6.01548520
3.30339099
0.75647102
-4.76086778
-19.99451720
-19.00592474
-4.52267455
-1.87285289
-1.79728112
-3.48656197
-1.18190665
1.21380833
-10.41790381
3.63727724
15.64450378
-6.80541080
14.58727348
11.76828075
1.57293361
-14.34891072
22.28671015
-15.11868689
19.49449758
23.35331123
2.93848849
15.66978768
2.84616230
-15.48691199
27.21804111
16.18724514
0.50395591
30.85793884
-18.82370223
-24.39072931
4.99007008
-17.73633999
-2.63364245
-17.89728909
-3.11646872
-23.86101163
16.19988206
12.19920102
1.95114854
26.91585197
-9.88275300
10.58819270
1.88403432
-0.85409551
3.94083230
-6.33177872
4.23701758
-5.62643757
0.00933134
-0.44329939
3.03241015
-1.61316478
-12.59611107
-0.97468890
-1.67693774
-5.03500703
15.34289261
-4.98644798
-5.69384583
-8.83467012
8.66317809
-14.60910861
-19.60859265
19.66001518
27.28282987
5.47053798
-8.79482155
19.12942303
2.48475493
1.82309353
1.95245190
6.89985707
-1.76092258
2.70950531
-7.91086944
-5.41470388
5.66683521
2.33643500
1.84746142
8.22774308
-0.60066545
3.95884486
10.02742065
2.69765805
18.43443878
-26.79585363
18.31918438
-0.92469065
0.44725697
-0.36932562
-3.02526033
-1.35831036
0.62859805
-16.41996615
1.59887413
0.36308261
-11.11375336
-9.71331595
-6.28748519
-0.62941152
7.14267042
-5.68633495
-2.24253869
-3.70509378
-14.87647391
3.38353785
0.16526769
9.83159697
9.76373095
-6.85781970
-19.04058748
7.78246850
-1.38313036
2.44937313
-5.75012719
-3.74701943
5.55847944
-0.80081248
-2.94723664
1.16435338
18.57168257
-0.73929081
-8.72633762
-21.35306166
10.21845790
14.39107172
-5.33361622
-13.45429771
7.28021882
-10.64501191
16.64390612
16.37007957
-0.10853368
12.85747804
-3.17488383
12.68218060
-10.47115945
2.79492876
-0.92013853
-6.52074465
-2.78122942
-2.03743399
5.10007004
1.10589480
-19.79473114
12.63559367
9.30531793
-6.87932372
15.52599963
-2.81910211
-7.85307922
-17.73616505
-0.29659078
-0.92058091
-0.00600575
9.09584623
-0.91706636
-2.70162984
0.75357816
1.19776224
8.00845418
-0.68199492
1.63231735
17.48077208
5.03680992
16.92841965
-5.79652339
-0.69213354
4.22483482
-0.33533507
0.41309267
1.39012773
-10.70226647
0.31244923
-1.90858724
-1.80168178
-3.55139009
9.80441483
-8.64960519
2.30733563
-0.02509245
-2.46029115
-3.21535448
-0.95609443
-1.62209010
-5.99158009
-12.61651494
-0.12448767
1.01458300
-5.53003187
-1.61295512
0.35297740
-6.04599156
1.98221280
19.40463995
2.78555702
-0.79099658
-1.12961419
17.40057151
6.75741175
7.25966971
-15.99172753
-2.30657986
18.50443587
1.58718744
-11.16794217
2.67780755
5.26819966
1.77636702
-1.73171104
4.58821586
2.78881829
5.99031791
-2.31825604
7.69960224
9.82707701
16.07413603
13.47577438
0.03665916
-5.77389373
20.74691215
-2.58908225
5.42952210
5.88789361
-4.71985806
-10.40139889
8.00064907
-4.23679888
-6.06152816
-9.71764561
-6.08665400
20.97404539
-0.94883442
10.07146772
-3.05206705
-4.88345852
0.96562442
-14.10648895
-2.75267387
12.44350496
-7.15657266
-3.71816658
-1.33654951
12.28406565
2.71038793
-7.41171039
-0.17482431
-10.14336431
-4.84524107
-25.92639689
27.99842036
16.13912787
-5.73669006
-24.21059740
7.08164625
4.53745285
2.18220914
-17.79713345
-7.33596496
20.91039198
2.43978106
-9.54315130
9.43799025
-19.92261037
-4.81426829
9.47119096
7.58447496
-0.67967692
-21.81364746
-6.57444132
20.12033460
-5.27381300
-2.69254106
2.04622209
4.08928679
0.01244097
8.46636676
4.49734532
-7.41969811
-0.40226133
-23.53714122
2.30631637
-6.23156718
6.14785385
-13.65614519
-0.06364185
19.70049718
-6.47020968
-1.70595270
-0.06059675
-1.20043458
-4.13660892
0.54133450
-0.29403938
0.01500362
-1.15081739
1.71426771
0.10242273
3.26744739
0.82188327
1.73006739
0.48017825
0.64264836
-3.85393377
-0.28244473
3.26866688
-0.14919945
6.75064353
0.20894075
-3.14501597
0.79057704
-0.83914331
-3.06123528
10.14725934
-10.85001693
-16.62572325
2.49017002
-6.57610251
-7.22050648
4.53404537
3.67938926
-10.92250626
-9.68504603
20.33100002
-9.74522963
-3.51660012
12.44409026
-3.23775267
