14.12289081
1.57208238
-8.78945903
8.40174024
-0.25319549
0.10471920
-7.05090226
-2.04552903
8.61898109
15.56902079
16.58823075
-1.38214779
1.69916221
13.35576844
-5.50432820
-4.24264265
-1.32432728
8.33769661
3.73439523
9.27810168
-8.42721989
-23.34935205
1.44689911
-5.70189214
8.35290394
-30.88743652
3.83299775
-10.57799553
8.99321881
14.45501558
2.08414660
-1.29309797
-15.93697831
-0.01370521
-0.84055344
10.39047897
-1.68341003
10.45441404
-0.42211670
1.91607032
26.26125017
12.79406763
-2.66247965
-4.88740015
-1.22990094
-8.47736284
11.24843398
-11.15324547
-8.97262111
1.40932717
-4.51706512
11.85233526
15.76945063
38.77482157
-31.06473984
-3.81985522
1.69501923
-0.13744380
-2.96509626
0.13631059
-3.06457809
14.72303815
7.24813063
6.35541517
8.78252084
-15.70054446
7.22016970
-5.00490553
6.85161336
-4.52559455
-6.99061136
-6.17018314
0.79869632
11.03039462
-0.28234245
0.87657543
2.35089890
7.74756546
3.34631622
0.07129194
10.30217759
-14.61919647
-1.65315863
0.30047946
-21.56803678
-0.10166062
11.02602885
-5.84279612
-11.63555320
-11.24650288
-16.03018004
6.79437584
0.02412199
28.97897345
4.40106854
0.72336800
-1.51529769
-2.49193532
-1.50948117
-16.31238421
0.75222606
-6.75223205
0.50758542
15.37191713
11.58479864
-30.50165196
-25.62929774
0.54499534
-6.72303606
-5.59451399
15.19479722
-3.12249581
-2.11720166
-21.59296383
0.60973271
-0.33325687
-10.36323235
4.52535659
-7.33732920
-0.95270685
-7.23191576
6.47408327
-4.12168713
-1.34100400
8.10074039
-0.74612807
-18.39795030
-2.95114387
3.97360256
0.15459683
0.26555702
-11.77589245
-7.50800865
-5.81137302
30.04800901
-19.39362600
-9.68686564
18.39200854
-20.03706527
-0.06224274
-7.19239057
-9.98623561
-15.82201779
2.64648314
-8.95097677
-0.10418528
0.19029315
-6.80308182
1.63237506
-4.10470849
-26.06905842
-3.31453087
-6.72205106
-4.27803571
-4.73454920
-3.29121154
15.88414849
-5.90488749
11.67696852
-11.84545356
-17.37770515
-9.52700809
-25.06856178
22.38234678
-0.03687551
30.88360621
22.38910114
12.40178787
-5.32335950
10.00662447
5.89786596
11.67465668
-23.35582424
-8.60050184
-2.47388310
4.28208174
-2.46712170
-9.99974881
1.66878478
-5.37046153
10.40551096
10.20148107
-4.16322183
15.18399902
11.40260976
0.92632041
10.47855024
-0.50647391
18.79631780
0.47923471
-15.46153487
-0.86544181
21.06386441
-12.90916918
1.91885555
0.11871821
6.29076792
-5.60121377
-27.92617837
-10.87153861
-8.11336308
-5.42125278
-2.79517283
-13.93905776
10.83342567
-4.61706298
2.39068387
7.53630687
3.98153786
-1.18391287
19.54426862
-0.70560931
-4.00644036
30.50805530
-9.19090867
-8.48789550
0.53871972
17.30768162
-27.81841509
-14.18171739
7.74544103
-0.51220875
0.74654117
16.83009236
-0.56647371
1.24428412
8.22199815
21.74553092
0.72924081
-0.00328661
-1.19181399
-0.20383599
-0.25209051
5.63620385
21.76254875
2.43077498
-6.10362732
1.15771184
3.92818217
-3.42144791
-3.26010418
1.96267940
7.29240471
3.41591871
-2.06063230
2.85870388
-0.47871064
7.19124408
9.07384831
-9.80514018
2.82197072
-4.04959833
0.37031514
8.92033081
-19.08894442
19.95639593
1.55713685
-0.01041957
0.37562788
-14.81633912
-2.48083010
0.00138694
-6.05141517
4.85610755
-1.92896814
10.51430337
-0.56564204
15.77367006
4.45993859
-7.01561040
-23.35055095
4.10916399
-6.35086314
1.18555555
-3.04738527
-9.23782366
2.86320593
14.89569480
-1.29348971
-4.61712010
21.37780797
9.04537643
3.00144611
-1.81667459
15.99949717
26.09529610
-3.64576206
2.45129348
28.25945054
-12.39798090
7.16310936
-5.15851924
0.34782759
-0.01069002
-7.28183104
18.51459960
0.73235817
0.18621629
11.71178188
19.21088454
-3.28376308
16.95311925
1.71283245
1.71993627
1.91129806
2.24785367
4.45708789
3.82623657
-4.23840351
14.34398582
12.46600998
-8.09800395
20.51021575
24.15409423
-2.13034388
-2.41701013
-10.92672398
-7.48911593
19.83053542
1.28087585
-22.11107847
-34.57954434
11.09712648
16.15973812
1.30276186
21.14447904
20.34779727
21.67096540
-12.19784097
-20.29452876
-9.81290258
17.95566268
10.43652245
-1.29488843
4.72742493
17.40065186
-3.85005529
-1.39553144
-10.90936613
2.34256567
9.76951727
8.92511959
13.63477959
21.19567160
-2.43031138
13.81601134
-4.48648817
13.86654134
0.03931870
1.67602697
14.84116436
6.69038637
-16.36071998
10.53890521
-15.21964154
1.82382810
2.76522154
0.89035686
3.95491634
5.95641550
-12.15163169
-22.03935855
1.10283124
15.54715330
1.52421997
-3.82193056
-19.28925716
0.95978162
-5.26878404
-1.64715698
-3.66816708
-1.54466819
1.90794872
5.71107915
1.80052048
-8.94124256
-13.83362898
-26.90971837
16.40821109
40.34916358
9.81244200
-1.23290964
-4.65281251
-1.47888838
-7.21277166
-37.34512800
12.01699242
-15.30342137
2.71093201
-1.20531549
-4.82438531
-0.46592478
0.18378419
-8.43326649
11.95474827
-9.03017003
5.66933238
-0.29819222
10.48130017
-5.05118145
1.75328943
4.21796113
-2.22484608
0.96631848
-5.87882869
14.97410981
-1.34719622
-1.32030549
1.31061194
-16.22412050
-11.30912541
-10.82983611
-1.96348549
17.12944908
-5.22352748
-6.14957660
2.95601581
-22.80022594
-3.42702533
-12.47346284
-23.92512518
4.25108134
-6.34552637
0.00339359
-10.23281268
4.03897658
-18.21762220
8.90438280
2.12888254
7.37465206
-5.57715601
13.23161637
-10.54720790
-21.24937003
-2.11826184
22.48612896
-3.50996527
13.25479732
-15.41088904
15.64344990
-7.74913960
2.37630955
-3.13061584
6.10260936
-14.55218799
11.13889851
2.13521260
-1.71249080
-5.49884166
2.85519022
6.39304020
-3.46834975
5.61018883
29.90347905
-20.61844944
11.00496125
-2.94505631
1.00643058
1.49221803
-0.20873580
-2.15063427
1.07869263
4.03132973
-2.25840851
2.55759476
-7.85740075
-0.93480362
-8.97924358
4.76407856
22.89099043
10.42361028
0.79730714
14.81489492
0.84673369
-17.70538838
-9.92554828
6.52599304
0.00222129
-3.04515648
0.88860021
-2.01659591
-10.96311275
3.45810885
-1.91022344
-0.68292570
0.55363584
-1.17539817
5.16515043
-0.66404941
-1.42899251
0.51189744
8.00254350
-0.00478794
2.52201982
1.62293026
2.71582623
-4.16862561
3.93585491
-1.93319667
-0.44906118
-8.02773885
-0.27156214
-6.82052181
5.02613305
-25.02796224
-10.26565759
8.13059071
-20.25135680
-17.42228404
-28.46344034
1.96794383
18.15465672
0.00586682
-0.20243878
1.12388003
7.76120056
20.33636043
-13.20642466
-10.61446710
-11.85266701
3.96777388
-0.00320835
15.58289479
0.55764186
0.21202193
-2.19631921
11.11495163
-10.35255962
-2.08768989
-20.08773601
13.56152454
-24.17821679
4.78853075
-4.93642605
1.03675645
-0.40970190
-5.97544983
-4.82753778
-7.33287730
7.78475304
-26.73872655
13.73321176
23.57276217
-12.62803664
-1.00792214
-0.23727700
-2.05591905
0.01388082
-14.16282362
2.28031272
19.65023698
-11.07987380
-7.21855216
-6.88860965
-5.97863909
2.37815785
4.04333380
-11.04027539
1.11649764
3.95605266
-9.84224873
15.80290914
-25.03181275
-9.34812752
15.44355897
-1.46357180
1.37276493
4.96276645
-7.71410068
-20.58621936
-4.63243165
2.96406966
2.06563408
-19.13225060
-11.84901760
11.49637987
-18.42077068
2.01980958
19.46154677
5.29387260
5.32103951
0.89760879
-11.21538754
3.14239244
-0.10781837
-3.12773999
-0.20549314
0.91734362
-2.38288077
-1.77379795
14.76519125
-15.30348119
8.35711207
-1.61987546
4.16044026
-4.49112754
-12.81815481
29.94220901
-0.90151416
16.76844152
3.03687895
10.36900642
3.70702981
-28.93558544
0.74842781
10.64941707
-1.90775818
4.12550093
10.78627611
-10.95712322
11.89915244
-15.28088163
-2.68059248
-5.65878744
0.35914057
-4.92903885
-22.30236622
24.30702030
0.48997456
15.01347025
1.68159171
4.13333721
2.19963523
-2.40204324
-17.38793332
-34.76407245
-21.16926338
-30.77453783
-2.01664683
2.16312683
-0.21873671
1.18035828
-26.75062801
4.86091678
3.32792970
-15.67188044
7.88805165
4.15760007
5.15316954
-5.25029125
30.43370607
-15.45872058
22.07736742
21.44182631
4.04058821
13.83008691
5.02621905
-9.19083011
16.34837179
-7.63771042
-3.13882855
-5.89677496
-17.87458560
-23.85511020
1.09123720
-16.52301261
-8.70916864
-2.17621983
1.54727336
-18.37840013
8.56718544
14.79098837
8.61441367
21.87129655
-20.42639882
13.91160371
8.14103189
-3.28967483
5.51867295
-11.68754988
7.73170600
-12.09142236
0.01290158
1.39258286
2.42140628
6.39975191
-15.51751814
-1.06605818
9.15500580
-8.84873820
19.73008473
-10.79892259
-15.56708055
-14.75416621
8.74693918
-17.12970829
-23.26773421
13.82241441
19.55797982
7.64337329
-15.41019924
-19.33799856
1.87978101
7.90017192
5.31250749
-17.32713153
20.75618979
-3.15871151
-5.65382525
-22.71520917
3.54383809
2.20024901
-0.29179028
-6.68523192
-16.41492181
6.24907643
6.86698693
-1.95347333
32.16222680
-32.72418209
22.52408686
0.54826901
-0.86605196
-0.92119164
-4.85144391
-2.12511880
-11.62401465
1.94769063
-1.81077817
-6.25800675
-17.08524054
-20.56736142
-10.67090431
-4.25661620
-10.91291772
5.86420938
-6.75414656
2.53058937
-17.70566183
4.53694622
1.98008610
8.66761230
12.02419721
-17.92451351
-6.56228774
-3.18540550
-0.26187833
-3.84774178
12.73311032
-1.13934864
7.10819627
-0.86984551
-7.94474297
1.99057932
27.31735498
-3.50887735
-1.34204624
-26.57164733
-10.79811039
19.71648984
-6.74371066
4.50270560
21.95125179
-11.75806216
9.68391245
22.79226360
-15.73198734
8.72348007
-7.48548378
-34.87538714
13.83862532
9.58911231
2.18406363
-8.82893937
-2.29024509
-2.04905072
6.72881287
1.22209182
-18.00147094
3.39371981
-29.06232914
-11.42305086
-13.17078240
18.81154713
2.88957832
-18.64818130
-0.45537320
0.86349128
0.00759063
9.97586259
-3.22733950
-2.19717524
2.12690416
1.42732318
3.39230827
-5.44411764
11.07111841
16.86868214
-3.10467027
2.85955052
-10.12322917
2.66988657
12.54160003
-0.37167530
7.23160122
4.89952111
7.36267597
2.79379862
-11.48373630
4.02577096
-2.67072704
14.60184242
13.06977022
2.60985769
2.72580733
-5.51656049
-12.62994922
0.17772303
7.25475827
12.20991148
-17.72738202
-0.64462535
9.09492586
-3.62141057
0.08738396
0.48269397
-5.40436413
-6.07151589
21.58419278
6.02363888
5.64150086
-11.37091357
18.15344616
-15.87810402
-0.48350434
-19.29892246
13.00401081
9.90724034
6.73292024
-11.93524048
-7.98669091
9.08159682
-1.28382681
5.34450294
5.76905998
2.68627880
-4.63551695
8.93901462
-7.72717234
0.59937536
24.58892680
6.62240032
3.15164457
-3.22750223
11.92363318
0.27410422
8.22611367
8.22567517
-12.01654484
-11.76779402
-6.27879567
-8.84828802
-2.20232484
16.68096601
-0.01429058
9.25989412
-1.06595209
8.77973218
1.32854899
-0.96275286
4.19170681
-14.86728173
-2.24087045
-12.08009614
-8.07854845
-1.77166430
-1.39917025
13.18863146
10.08900726
-7.78105149
-0.24767487
-13.75615366
-12.05456063
-20.25317057
34.50130096
-2.78102506
5.25228490
-22.55509036
6.94601402
-10.76433719
-0.51574714
16.71529569
-2.60709021
3.91908928
8.82922894
-7.67110188
11.28115007
-9.27945398
12.47621661
-0.53033621
0.36534944
-3.87127596
-4.41647524
-3.15427932
7.05802041
-2.25561614
7.05379656
-0.50266887
3.96797079
2.15729639
12.52784807
2.60495060
-6.97936673
-0.61639200
-4.61568047
-8.50364229
-1.70381683
2.82009390
-7.36725749
-3.91939691
14.19669920
1.25865909
7.69279050
0.31229396
-0.69562081
-1.25808254
-4.36735235
0.48126785
-1.46700632
-0.73958037
1.50885695
0.00160076
-0.18248613
0.22786480
2.17262669
-0.66619899
0.49661928
2.76866517
1.98738366
-0.88317662
-2.37911901
-4.44977956
0.25849735
10.24480523
4.02946356
-0.05751635
-0.24798600
-10.29904826
-23.56984568
28.84235794
-21.98779682
-0.27916605
12.30235613
-1.63702407
2.70731947
4.09299111
-2.86385928
16.97065735
-1.65395489
6.60726174
3.69597910
-6.48519547
-0.76568312
1.22750884
-8.09734263
4.61615776
-4.43331305
-1.75488093
2.37721048
-1.82712236
-0.22162719
7.89725237
0.37024359
1.28556955
0.45145370
1.93616674
-2.68517672
-0.49669592
-9.93511030
-0.28338806
7.48186305
-8.30331151
-8.89500621
7.77013406
-11.33278898
1.20354262
-0.00806450
20.76848569
2.03269873
-5.01730334
0.64172197
-14.10553217
-0.54998226
-0.21679091
0.00714816
1.03288393
0.47722214
-3.89199068
0.19537119
0.37377445
2.72823284
-0.82099456
20.28547923
-15.27279689
-12.79641335
15.49472521
-1.90685516
-1.20774778
-3.42995532
2.01711023
1.46257896
1.73421208
-2.80687562
1.67762577
-1.87853825
-2.64024267
0.61925307
-16.85519913
20.52228204
-16.18473403
21.76530915
11.37146050
1.16871375
-3.20119065
16.50298894
-13.73693811
18.16355855
-7.70549034
3.45570425
24.34176118
13.30607461
31.27756939
-20.34515304
-1.29705167
5.24816000
0.04920449
-3.66130128
0.54455698
-0.87510224
-2.06180796
-0.55727994
-11.55083787
-6.63735632
9.90212491
-5.50942418
17.68245396
-0.72628759
-13.18275187
3.54634629
9.64618785
13.30615674
3.80346649
-1.79939939
0.00008219
7.69643800
5.05169206
-5.42232790
-0.00908681
