10.73149438
-7.67979807
7.66602373
-12.76826757
2.02938686
-1.60514424
-6.13659524
3.10132236
-0.46653469
-5.05919480
-8.02306833
-6.12899095
8.97630738
0.29338955
0.76811259
-0.23844143
3.97729135
-0.44984225
9.01768518
-5.00350159
-17.16605876
-2.73428720
-3.55087698
-14.29150148
-6.26091949
16.05822300
9.24355598
1.79946406
-8.57325260
-13.74273755
2.09372662
-0.37510928
-5.27728964
-0.56301742
-1.31343449
-6.86636003
9.83993494
0.20052529
-0.01327382
13.69105638
-7.45021245
6.18301405
0.05191942
-6.07905556
11.41720441
-1.00542512
8.91275275
-5.19800153
-17.57964069
-3.30501582
-0.64902434
-10.01710214
-19.56168888
-1.48498625
18.52670803
-2.09515618
0.04161303
-2.42832202
4.16809599
-0.01420386
-2.95414582
3.86853665
3.61519043
3.21598947
-1.61958817
5.35550099
10.82061632
5.60302194
-4.72657614
-4.15389074
-2.48555666
7.52889593
-1.70795759
-6.24821380
-7.92221295
-0.50668759
-0.59059672
-0.05014889
-9.53394403
0.03581882
20.09617193
10.69407561
-4.08190254
0.52920279
10.83129954
0.86548598
21.12366680
-2.14877426
-3.56883748
9.58295368
11.54257544
5.03458806
0.57310369
-5.78507733
-0.05551507
0.74342397
-0.09177245
3.39571458
3.51750331
4.53332098
-4.28833110
-1.65501330
2.68493346
-7.54526776
-0.47773007
1.59119652
-3.11875387
-2.05725733
-3.93349824
0.58353689
2.87913725
-6.63935089
1.78464139
-21.96032611
-0.55958964
0.27934876
2.21699100
-8.61908080
10.49595674
-0.11667418
6.00680209
7.38184958
-1.42406414
0.65556391
-3.34281225
-2.67510975
11.62026202
-1.66450603
-4.18295290
3.88154351
1.78054062
-5.90467961
-3.22441501
-1.96501196
-10.35379228
6.00077491
1.48906497
5.98048800
2.81691522
-5.08158135
9.38846643
-5.69132084
-0.13798947
-2.98595272
10.21684789
1.02974339
-0.32242941
-15.90446532
0.52009603
-1.56757853
-10.97129520
0.51432016
-3.30445156
10.64880206
-2.79786091
-2.29009358
-0.19525641
-4.84882675
-8.47168091
-8.93800672
-3.64817762
0.57844099
-0.02380364
6.42345838
0.19651054
-0.74632158
4.26460473
11.64369239
1.92335305
5.17666566
-0.48883319
3.46488366
-18.41748961
0.43271931
-11.93956633
1.95552598
-1.51063262
4.78794929
-2.88214686
-9.94668280
-8.91786586
-13.51231046
-2.05913807
-20.37172994
-0.58727664
1.12042081
-6.39583432
6.87149316
-10.15708690
21.06519540
-6.71938046
-0.91266099
-18.75379887
-7.49302297
3.09707878
-2.39725699
-0.07698336
3.19861815
-14.74490486
3.91191669
10.78336000
-5.20546889
8.11634825
1.10512134
14.89396489
14.01835429
3.40692495
10.87201477
-4.01862282
8.53144467
6.49516596
-0.60573974
-5.95090792
0.26730075
-6.82707445
-0.99096450
-1.92697713
-1.41626934
-0.09422161
4.43249741
-3.60068588
11.00445378
1.12144045
-7.13301800
5.79949697
-0.63551636
22.69480437
13.82049939
-2.06282638
-0.88985903
3.46126035
-1.57582103
3.48402245
1.25820022
4.57976817
-13.86469558
6.02170534
11.28104819
5.19519025
-1.27003388
0.86585289
6.38730015
-22.51396533
10.14328375
1.44958969
1.07971383
-0.03965175
-2.29542588
4.65214003
-1.30847046
-0.58332127
-9.19863509
-5.21606883
-11.58819683
-20.31777099
-14.89378035
-0.23584104
2.03418795
-15.14744316
-17.24657031
2.92452135
0.41348310
-10.36724010
-1.66899279
14.84795360
5.41751630
-2.42561486
-0.19924698
-0.43084776
-8.74025804
1.82310677
2.57277172
1.53146467
1.36806030
10.75260863
12.05449235
2.92230319
-13.46941192
0.94280051
-5.11877206
-14.49690593
11.78872588
-0.43413931
-2.73273391
8.23724534
-11.25888156
2.09914031
-7.97938193
4.85560268
-6.26090094
-14.53145294
-0.97413488
-0.01303390
0.53827320
-3.23899561
11.50671385
-12.08084022
2.97680958
-7.09549432
-5.49237177
2.82486983
1.98495093
1.44877003
6.23776200
-5.13698172
2.47769716
-5.22244624
1.71345032
4.28118535
-9.26396232
-2.67567845
-1.89400950
-10.32496363
1.76596550
-1.68754425
0.01053939
4.65076492
-2.52797378
-8.65178068
-4.64651593
-3.12118222
-12.95326900
1.22432929
7.45263350
15.45139442
13.08446852
25.23280544
-5.11960331
-0.25900946
8.48942435
-6.42893342
-6.42755209
-3.54626321
-11.12717258
3.35984954
-0.05811993
1.57955399
-2.03764273
9.24152074
0.89317185
1.28875582
-3.70558203
5.79310716
13.63691389
-7.31026798
11.79872667
0.80986935
1.31002577
-2.59310787
7.64515619
5.85433900
1.30382937
-3.04933895
-3.13126090
9.57311050
-9.25094733
5.60083594
0.72998113
9.37146841
-8.75737681
-18.40275991
12.34844323
-1.25667505
-1.10426841
1.83259620
5.57660868
-10.76173642
18.51259945
1.69840274
1.49295735
5.60958183
-0.04741105
-14.89201187
-3.99041315
0.42111093
-3.70634001
-12.28191788
11.32570549
21.61477458
5.15882183
-5.40080127
9.90975576
-6.14879632
-2.60832913
-0.72775012
-6.29321264
6.69322328
17.54117135
0.79582056
5.08289702
2.92877848
0.02551906
-0.71787635
4.15089646
0.14709203
-0.39036326
1.66220920
-2.78145938
-2.49268211
-3.38579232
-1.94171590
6.30543371
3.04012288
-0.79354604
-5.51193919
-2.94727637
6.96334165
-0.10447869
-20.10167270
4.38890452
-8.60547361
-11.41026614
17.28475916
-7.20121449
-14.12812956
8.61638732
-11.73882369
-10.18043289
-0.34828228
-7.35578514
-6.20167217
-5.26347162
-0.85705551
2.76629300
3.76342069
13.40889284
2.41575962
-1.38111252
-0.10968872
0.26870777
3.50232334
5.49922441
-0.94501930
-3.97972272
-0.75931880
-4.48317183
-0.67986840
7.04805230
-2.19805272
17.51100265
-12.93793451
-10.78573754
6.13885918
-3.77464284
13.79742682
17.06824847
-6.66665747
7.08280657
-3.43813296
-2.12882335
0.03073952
0.13460015
-10.31788459
23.93751576
-17.33506679
-11.62964497
-1.36389112
-0.20525492
-0.93757659
0.10869432
1.25599854
0.96829704
-0.48419710
2.49217361
1.13396281
-2.18994410
-2.36489763
-13.01273609
-12.85256896
1.75887609
1.04553987
12.80045320
3.80553401
5.90513176
-10.12593796
-10.51009045
8.56762826
-1.06696919
-12.16187733
1.77316253
-1.71516682
-8.82079729
2.53125669
-2.82719121
-15.64461248
-12.92721010
13.83574740
14.10320744
0.54983850
-0.43112612
-0.47219339
-5.91513345
1.46247818
-0.01419603
3.43124744
4.17858158
-10.38785140
-2.33492395
-9.33903741
16.49047169
8.46997409
2.73315096
0.43633834
-1.10638327
-19.03400684
-13.28251855
12.45565266
-25.44021695
4.46363845
1.30515401
-8.90401460
-0.71918387
0.49149471
-0.03764495
0.37548155
3.14108847
-1.35037658
15.48335151
8.67894330
-0.15231257
5.19100054
-0.14091651
-0.53640507
2.02883102
-1.67602652
-13.65682662
10.69808299
-5.51544039
6.10212347
-0.60444307
-0.33381964
-23.69636356
-0.35599535
-5.07925985
2.03848744
9.98506909
-7.60302126
7.42756310
6.20988245
1.62640423
9.81914274
-0.70553472
2.40620688
5.45811345
-0.00100333
-8.74726931
-1.57812494
-1.39374308
9.02515013
-8.91314210
-11.52161744
5.59821914
-6.78724723
-18.11088674
1.34613668
0.23589145
8.43483899
-2.85067944
0.36589296
11.36166093
10.50735850
0.51549385
1.55153656
-6.38624187
-0.66167205
4.92305973
1.22222540
0.94780622
5.88555953
-3.40151501
2.25032349
-0.75318873
-2.00325196
-8.07121894
2.43863111
-4.48913773
-0.02515400
-1.72541589
-14.22382585
-24.53849222
2.44353317
1.17335362
12.28701352
2.83629253
0.00184153
11.72831199
3.72942368
-3.28739926
14.92349488
9.72975127
-3.06665915
-2.39471966
-0.63654392
-5.20331734
11.48371906
-1.63628005
0.64100305
13.70034046
-0.85347211
12.44257461
3.06993209
-6.93285313
-8.07418332
-11.05273835
-0.05574203
1.42533622
-1.86179292
1.46036349
3.58526104
7.38743797
-17.99089494
10.97512991
1.35098097
-2.47956352
2.58839921
0.97840043
12.44377760
-9.42201081
-1.69984237
0.90370879
-8.02742813
7.92367854
0.16061313
5.27339856
7.27317329
7.74507749
12.41474278
1.79878074
-1.97377952
-1.79158497
-0.15705811
-0.34995882
9.98491116
-5.32595932
-5.71002092
8.39298304
-5.04402598
-0.94826403
11.04811483
13.54782779
9.69956885
-3.88556859
15.90565332
-2.49292059
-6.39872603
5.96657805
1.94385550
-10.05972540
16.11653971
-14.68421832
-15.19622619
-11.29251961
-25.52557280
-10.19714515
8.64522435
12.30638950
-10.24841554
-4.11912082
8.18733045
-7.20097183
1.09978347
-5.43521579
7.03559236
4.88463350
9.69005837
1.69800179
12.48694640
8.94608876
7.53641539
-12.79446999
1.51799354
6.19186498
-0.86871366
-1.63514886
-1.64898309
-2.56470055
1.49374898
-13.06078043
-5.37264991
12.44988307
1.40241572
3.10946258
-0.13701051
8.92758435
20.48256002
-6.23005376
-4.42569234
19.57383581
9.73099432
-4.39766759
1.01910758
5.07046605
-2.37681491
-5.97355452
-2.31382359
3.23600302
-4.66636444
8.92569672
-0.06050187
6.65934568
-4.99932085
0.41946662
1.26761598
-3.33961930
12.88806030
-1.12865312
1.24184680
1.85898667
3.59903060
-13.85628842
-13.31843867
3.71362392
-1.46429510
0.25207987
-4.09163140
0.10817526
6.69041459
-0.04864989
-3.55960339
9.55278195
-15.59183304
-8.76140008
11.04297677
11.02788917
4.22353982
11.75714259
5.86589285
-3.29071967
12.07940437
-0.19156127
-4.65537099
-1.51778640
2.16228983
11.74937425
9.58306449
-19.83368139
