17.61328792
-0.56812756
2.18317080
0.14532835
-0.64722987
-1.66998923
8.52697536
-8.53024387
2.52111477
15.97932058
-2.81403024
1.44441594
11.13875438
9.25003116
1.75835856
-0.24846953
5.20525230
1.39987298
0.48729604
-25.80446515
-7.11959476
2.39766237
-1.32424827
-20.21814202
-0.21230506
11.88909285
3.16137113
-9.22652095
6.30913195
-16.31297971
-2.14812102
1.71644108
8.52292882
0.22255506
-0.76351950
1.58064208
-1.22341728
5.83713451
-0.24560821
-0.43606205
13.50079913
10.30866543
-1.13155478
-2.59048768
-6.38341757
-1.68206908
9.79453242
8.71500605
-20.37859627
5.98512696
11.95591004
-11.98561495
-0.04151696
-3.14177793
9.01788839
-2.35301769
0.50858307
-2.32119589
7.45620606
1.03094005
-3.32119932
-3.33091508
4.15074261
-2.65308246
2.23133254
-12.27051943
-15.05173692
-4.20811941
3.22713282
-6.07393922
-4.49604225
1.62582469
-2.44434254
-4.55973869
-0.45810021
-5.42067466
-3.80666984
-9.17199355
3.01347781
3.33185306
11.22265296
-17.08554351
-5.75049968
0.61475147
0.05955103
-16.73186675
6.99067601
5.74806213
-8.93154617
4.58563246
1.27270006
-12.59820877
0.77552652
22.62761736
-0.16335051
-0.06208703
-1.09743781
6.82177110
-1.03736899
-8.65668395
5.08137795
1.65254190
15.58038370
8.34848727
10.69895810
-1.98036760
-0.22925816
0.34603613
20.23188375
-13.49517965
-6.33080063
10.02294274
0.25901839
-21.88455427
-2.19842397
0.17746187
4.68406022
5.04551023
8.14178421
-0.00061227
4.03586954
7.07637572
5.19986075
0.54369219
3.49400033
3.46186789
3.57316330
30.29754177
-1.63528695
0.04178836
0.90915570
-1.76550730
-7.60785869
3.88928350
-13.75128889
-3.76725810
-3.77167684
15.28131734
5.04334343
2.33220061
-17.41008969
-2.24499797
-2.64994289
-9.13400487
1.78764419
-2.48826915
1.98535317
-12.22843094
-0.09172942
0.98503366
-14.16512470
4.40462166
-11.38916256
-4.47679217
-0.78276371
0.29081811
-4.68843206
-5.17986989
-5.27490981
3.23068382
2.95764752
-10.18214454
-13.98357343
20.06173355
-2.46594060
7.43690048
4.70079151
-9.74923516
1.44832225
-3.26580216
4.10824551
-6.39602411
-25.49365002
0.67634722
-9.06478108
-2.86475507
-8.75848287
10.18226434
-0.74420832
-3.31664693
6.24211294
-3.72469247
3.51496868
-0.23352784
2.84744756
-0.01390345
13.77006820
-4.86042606
4.88074103
6.79281589
1.83313243
1.27009157
-9.36084618
5.83976642
-3.03955919
-1.74402893
2.84982262
-2.08789316
8.42414236
4.64802928
2.69847987
-0.56322421
2.81193678
-0.00493343
5.14772044
21.40600737
6.91663582
5.33757259
-9.54958479
-3.52411260
11.86082585
-2.30847992
-23.32036005
0.19331563
-6.94035535
3.51012540
1.21820643
-12.37072484
19.46531542
-4.37803016
-4.13781947
6.19111482
-3.56654316
-14.94790535
6.53069131
0.01391830
4.31943277
7.67535738
-1.53940095
-1.42946222
0.14716588
-1.76276700
0.22068706
1.53853927
18.48207621
-1.46731075
-15.25102548
-4.20266215
-2.78247387
-1.89309262
-2.50136761
-0.56790206
-5.71594451
7.20575986
0.36805726
8.60787618
-0.01254671
-2.93953945
2.17137429
-1.91177275
-2.61718330
-1.98872158
4.13566736
-28.59678148
-14.63671747
7.94347422
-0.93068190
-0.23234234
-1.49058025
-9.69132235
-2.47567382
0.58872649
-13.95027492
1.91775174
-15.02497867
17.06334050
-2.31507987
-15.85013000
-4.77231604
-11.44091498
3.42764304
-20.01208271
-0.60352860
0.96535623
4.95773485
1.48946488
-14.81180986
-16.57979166
0.62146186
2.76958968
-5.71806375
26.93222272
0.37893042
-1.39307960
0.37059387
-9.13179808
1.90605810
-5.11066720
16.16803293
-7.04873422
-11.07804739
0.30208174
-0.01289627
0.57291941
-15.13821363
-5.53579402
-7.70138755
3.02762721
2.41343385
20.88786031
1.13816680
6.73085241
-0.00492564
-5.06663193
-3.61130261
9.47678096
0.43679613
-5.27195888
5.54200413
2.32147532
11.16149489
-10.38870564
0.66828891
18.31873816
-1.45303157
0.41527953
-5.19920629
-13.67461540
-2.58431192
15.18003004
-11.07976121
-18.67736239
8.93453618
3.26623314
-6.74864838
16.47704976
23.05675319
5.63472003
-9.50888811
-1.21033773
0.75681167
-7.64509649
22.35504173
-15.21973785
0.59761153
9.14323101
-3.37867619
-1.25899404
0.10395537
18.69310589
-0.01712048
4.14317646
4.36859536
3.97501905
22.23248948
19.21812990
-0.06655667
0.83243752
-6.43304527
2.47783337
-9.82291443
-2.06211538
15.04758325
-10.23909868
-6.72438557
-8.86120771
4.53608213
0.76468068
4.03057315
5.47038940
-15.72392922
10.69661809
3.42114589
-5.87638749
-1.25247162
3.22638403
-1.11272670
-5.82201644
0.05444589
-0.00294802
-1.36371925
1.22411873
16.97340848
-1.91796975
4.48675700
5.26961054
20.62170707
1.15544806
-11.39705064
-1.74845442
-0.01341011
3.96102467
1.32865621
-1.02974673
-8.79595242
7.43407930
7.05147322
15.19044840
0.83333862
-0.31489251
1.04299942
-0.86837590
2.75365834
9.89614307
-0.20025712
-1.55567133
9.88162508
-2.83774345
-11.25085577
-0.58210072
1.56143932
2.86166206
-1.41933616
0.84073346
4.79531296
-2.41452087
3.69076559
0.58725845
-0.01184013
22.13849925
15.17965529
10.73325622
-3.45530830
6.50869856
-5.07154766
-9.54864289
-7.92428575
-15.54760080
1.40133861
-2.80346190
-3.20923604
14.32445554
-10.21706621
0.78400853
-1.89952820
17.35076838
-1.51148699
1.11827775
-0.93184777
18.08924058
-4.61085985
3.07837598
0.55466647
2.47328128
-0.00001280
-13.93185384
4.36011825
4.94667657
-22.23800112
-26.71779259
-3.32521832
-13.18224631
0.80334257
-7.60077525
-18.16450557
-13.99719685
3.93148379
-1.92001795
-9.32190125
4.05907967
-5.40014436
1.98666122
13.22746341
21.44395286
-6.69692523
11.57430885
1.34649506
2.28808278
-1.29867173
-0.73897227
-0.34392249
0.97351088
0.56254836
2.78956179
2.03782047
-2.10668025
2.12784925
2.98849895
-12.25977213
2.84266053
-19.56487648
-5.57668960
-15.46998856
2.11199998
15.21339223
-11.50637293
6.41645339
-1.09517472
-4.74206665
4.86164043
-9.93728917
-7.48397996
9.60628420
-0.72970033
-16.14862548
-10.84222258
8.71033754
7.80796057
2.33195100
1.85570011
2.55004465
-5.51815987
0.75651180
0.22646744
3.19209214
3.79970582
-0.21141977
-2.21791919
0.38721653
-1.84046897
-0.22218213
-3.35060654
5.07733733
5.37458035
-6.47319790
-5.86664443
11.83922314
-8.59790722
4.47009727
-5.14007838
-20.22944238
17.82658668
0.46419321
0.57552118
0.10288585
3.09921977
0.15819726
8.87857608
2.24056962
7.90336864
-5.82937595
1.62168727
-0.32820941
-0.14832470
8.70915196
-13.14648837
7.01152367
-1.05602236
9.37355659
4.10829807
1.24666154
-30.68074128
4.50229520
7.14316297
2.24952801
-1.94300814
11.93026583
7.76516664
5.79095945
5.97569075
12.84049503
0.83325249
-5.67251920
16.30811626
-0.05764475
-2.92534126
-2.77464737
0.00975673
4.45242038
-2.35187000
-24.26571462
13.71871749
-7.80049042
-17.09975052
9.35767226
-2.17451964
-5.86764330
-6.68921386
0.11573121
3.97631263
16.07817408
-2.37065247
7.18919508
-21.58882865
-0.47193642
4.90960698
0.56495068
-1.66353117
10.05455210
-1.41039423
8.35302886
2.98097332
-2.99866321
-8.68505053
2.69213619
-0.67952477
2.85578504
-8.64365110
3.27217419
-10.49459114
0.64896121
2.35923320
10.03066497
2.32392166
0.00271551
5.93097064
3.82594947
-2.75532851
10.86445059
12.68643097
13.55465128
-0.34049333
4.64194156
-5.77345035
9.22217924
-1.12325521
-3.11692500
17.40627589
-0.28767163
12.48289185
12.34850161
-4.57585531
-4.00525416
-14.12496652
2.15013378
-4.85711035
5.28617472
-3.40471369
4.99642797
-3.62920851
3.80390932
-1.91824103
-1.87927691
5.48329614
-2.83831391
-6.06680937
18.24804064
-12.54935665
-1.33081766
-22.28772193
-11.40896750
2.50563394
-2.67710366
9.17733657
-14.20109413
0.49136298
4.48671970
-7.88404580
-0.01058591
-1.47548514
-0.67043362
1.76391015
11.72708236
10.91933343
12.60477501
-7.42871117
-21.09793409
6.27064796
27.19511712
-2.29008991
22.02981030
-8.21608232
8.56139628
9.68909541
2.49667837
1.07001328
16.97163972
-10.46074878
20.67411957
8.27777748
0.28401650
-7.08171022
-21.83298470
-7.50560034
3.83923247
-16.63034043
6.05165502
-4.90694646
-0.18869856
-23.23224930
15.05100219
12.45694646
0.08814957
23.53548059
-18.41824188
8.29678840
12.69557791
13.53544200
-3.25596740
4.06401358
-1.19799180
17.08189214
0.01382281
-1.63628839
2.82630069
-2.85189090
-4.52083540
1.19515295
0.82687101
-18.11452915
11.25516687
-3.40920301
-3.66340813
-2.92195885
18.62558468
-0.78579783
-8.14062164
19.05258053
14.61303676
8.06069585
-26.95100798
10.02800612
0.96690741
1.34470887
0.65374147
4.50679396
8.58659017
10.16086809
-7.00648657
-9.82808102
3.32740553
-1.66994719
0.09899975
6.62150485
-14.41535282
6.29258089
-15.06118709
9.15958815
-18.93430939
-0.70893585
11.87600426
-17.36064396
-1.48962717
-0.50608993
-2.69568372
0.00344240
-3.37984391
-9.22117746
-2.69728470
1.98048279
-12.06745840
-6.58946930
-3.84415041
-9.17280060
2.50951654
-2.80348116
-3.34336435
2.73548760
-8.08178019
-2.69365591
-0.92423714
-5.22536975
0.50569364
11.67012308
-2.63623319
-0.05401201
0.39049612
-3.28571613
-5.58455401
3.25697083
-1.01987570
0.00845441
2.01175496
1.04385247
-0.93134694
3.65430042
-16.77333126
-6.56867604
-7.48705209
8.10947776
1.60946874
3.65311522
16.31943052
-1.89719776
11.98839483
5.30499116
10.13181429
1.00261308
18.35107507
-2.94074925
-5.73624218
3.15058644
3.29379131
-6.05374747
-1.67644961
-1.33478817
-6.92212082
-2.80568074
-17.73216861
-4.63317503
1.50722760
-4.91989272
-7.47261308
-7.98675072
8.55041543
-10.28631833
1.10614584
1.91817601
0.00528674
6.94369718
-0.95468552
1.60409713
-2.97588062
-1.60449924
-1.09602332
-8.37718126
5.45735573
5.53087907
-7.86308773
2.11905889
0.68631796
9.35462705
2.96840390
0.36057066
-7.57447631
-1.63950759
-4.96280200
0.95587530
3.41269605
2.82274325
-1.18453207
-2.24618541
-5.55522769
-5.74902853
-0.07614489
-2.74489422
0.18916019
0.21287987
-3.94937205
-1.01884241
-0.91934380
0.43542784
7.65356774
4.71187194
-7.62298243
-0.99037680
-2.27930353
1.62483449
8.36624794
-0.71781016
-5.24652247
1.34287091
-13.60237854
-19.44793347
1.39162907
-8.43139342
0.55366855
10.16413626
2.45876443
1.03504057
-3.49031560
5.32695715
-1.45195857
0.86642097
1.43064007
0.85909537
6.06518798
7.92402588
2.10612130
2.16540859
-1.48180446
6.50516076
5.90255742
5.25894584
12.70156840
-8.54344860
0.98960387
-1.02157853
-25.19036986
-2.75722969
-5.15116866
1.58353771
-11.45355607
-14.02910570
-8.14885000
-10.68071803
-1.69182675
2.74267247
-1.25728669
-22.18064178
7.27927711
-1.15628640
-1.97289243
15.36971479
-7.45912184
-15.89394784
-3.63725373
15.17700235
7.12162651
-0.12610662
-0.00045879
5.28478484
