17.34248086
-0.38188825
3.73897057
-1.79514178
-0.78376953
-2.03046893
14.80087490
-8.45310350
3.03787611
16.51628446
-1.54254415
2.51090847
5.81006097
10.70090370
3.23200052
-0.42452623
2.37139595
2.23468792
1.07938083
-26.03563007
-12.69843997
1.44002878
-2.08908838
-12.56542019
-0.48857176
11.98644334
2.51169328
-9.79820831
11.38210867
-14.99621668
-1.05730565
0.03172864
9.41368087
0.28235433
-0.61706909
2.08552258
-2.30427337
4.72170787
-0.02469006
-5.82833821
7.97975449
10.47596269
-1.52292965
-8.59200358
-6.96248226
-2.75131660
13.39744486
10.75873069
-19.96914641
7.17686911
6.41362081
-12.28737275
-0.01113969
-7.90249077
9.34298181
-5.27000417
0.23248400
-1.11999790
1.72904944
0.79890597
-2.74947960
-2.44177481
0.02056265
-3.33664436
2.05624616
-13.62835991
-16.58240182
-5.46404433
1.11835947
-5.30931356
-4.87825597
-4.49548532
-1.43314308
-4.92837733
-0.67835280
-5.95461356
-1.08746016
-14.86686460
2.63378047
3.27641282
11.94552996
-17.23809626
-5.30807355
0.69626888
-2.07589483
-17.01486957
-0.06479030
5.92156531
-6.93160157
5.50158721
-0.30274554
-12.46812191
1.62926689
23.09666274
-0.25357689
0.15347123
-1.24437965
7.68343520
-0.99082651
-8.72457116
5.46863783
1.85374616
16.04923615
9.78443375
10.81624042
-2.45678740
1.52597051
-2.97401325
26.32397700
-12.47313093
-5.68740026
10.01221282
-0.80330933
-21.26145021
-1.99888763
0.18778354
4.34762398
3.80181236
8.21946049
-0.09809741
9.29485682
5.37174698
4.96500655
0.57308526
2.54610729
2.60537143
3.92471163
29.33029630
-2.13426531
0.23866563
0.84415614
-3.30362369
-6.44722702
11.21011482
-14.31923682
-2.91782989
-1.55218955
17.14853559
3.23535410
2.29914009
-17.09134380
-2.79212192
-2.29964610
-5.40538777
0.25098113
-1.55341970
1.48807300
-13.39786315
-0.12128923
-0.99914047
-15.59811975
6.07055836
-12.58785740
-3.02266926
-0.54378146
0.14487313
-0.04776163
-5.16405286
-6.15328763
-5.17747733
2.96815337
-13.58334297
-14.42002432
20.14185341
-3.15670414
7.24767489
1.72736923
-10.25289808
0.72694850
-3.54861087
3.73146775
-6.55276983
-23.24163678
0.57069762
-9.30673096
-3.75618301
-14.96739973
11.42239602
-1.68306363
-3.63405524
6.44791162
1.58183426
3.63452686
-1.78333962
-0.18578601
-0.01468597
18.58166807
-3.94179434
4.82772153
4.01707715
1.25352899
2.31320174
-9.39066822
0.28766473
-3.34983768
-0.51965569
3.00286726
-2.10253289
7.97982500
4.59414752
2.69163708
-0.63197353
3.89031989
-0.00258724
-3.84842434
21.74507292
6.47303911
-2.08644502
-9.65984749
-2.84277886
11.30657598
-2.64880046
-22.28483579
0.33356175
-9.16339789
7.41633161
2.02553209
-14.84131660
18.74681555
-4.91942220
-3.64263338
4.29825777
1.57507320
-15.18081181
9.79543926
-0.33562174
3.91196243
7.18675334
-2.17998692
-1.52592927
0.32664210
-2.08260904
0.31219186
7.24020822
19.72306376
-1.43246666
-0.75694293
-1.67000597
-2.88671588
-1.84100191
-1.86648003
6.57793220
-3.58992204
5.78938845
0.45906850
8.63883735
-0.01317444
-2.86769009
2.57170437
-2.00169899
-3.07757834
-1.31100750
7.43457866
-28.00177491
-15.60884860
5.84272912
-1.48086964
-0.22592591
-0.88913582
-9.72893131
-2.67987043
0.71434200
-15.29694239
4.02499664
-13.74705799
16.94235813
-5.42579804
-15.40264361
-5.48728248
-11.30959637
3.15515942
-18.20603394
0.97254095
0.98234668
5.00552988
1.66726991
-6.50030920
-16.62235004
0.80154699
2.66842629
-6.15188889
26.64704122
0.69755435
-2.29032620
1.50839838
-9.95356808
2.05883789
-5.79282453
16.26993026
-8.33432114
-9.96182135
1.64069952
-0.01128170
0.41665202
-13.55056059
-5.18872598
-7.99717051
3.71786861
1.79691311
21.88834748
0.85763043
8.06815478
1.16612599
5.50483462
-1.05846245
9.22442243
1.59091757
-8.84984569
5.56458776
2.65131537
12.76816815
-12.31225711
0.38777271
19.93221980
-1.59744251
0.03412276
-3.77447343
-17.49622080
-13.09126530
16.22004595
-9.02308468
-16.66531604
9.74165126
3.32511876
-5.76509529
17.08608867
23.08249811
5.63229256
-7.83904745
-2.15384079
0.59431614
-6.38413678
19.42117987
-18.11425284
0.69277964
9.34963568
-2.92692633
-0.65974050
-0.92718176
11.85871812
-0.01352442
3.38669011
3.84752604
3.60191121
22.73331438
19.32224638
-0.08349343
0.66439417
-6.01977492
2.60011167
-8.67340769
-1.94300340
-2.67036894
-13.57692117
-8.85640551
-11.22083945
5.05996056
-0.19529259
2.48165690
5.74819636
-15.53623377
10.74552447
-0.20685849
-5.59504598
3.62426387
1.21334224
-1.08742613
-5.72251512
0.17354095
-0.00367724
-1.31065823
1.69961347
17.01265875
-0.12832564
4.47377964
4.05173320
20.40060901
0.66971622
-4.98962336
-1.79720919
-0.01271327
4.13184776
0.58154344
-0.86957908
-8.58712104
9.78971280
7.96424891
14.98460390
0.92233303
-0.63322674
-2.04333113
-1.12586342
3.05095698
4.70946321
-0.16867648
-4.13386605
9.02531336
-4.17468980
-10.04020909
-0.65368740
1.67409366
2.68620223
-1.51254441
0.75726889
4.12954691
-2.42204369
3.91125054
0.00242744
2.22962665
19.79781600
-11.04789850
10.55431086
-2.18565824
6.25241623
-4.10706948
-12.49232033
-8.82895359
-15.68165451
-1.26012553
-2.99991222
0.43899635
14.60902413
-9.33081724
2.09525043
7.25185519
17.83200175
1.24518515
4.33309153
-2.22169506
22.95087807
2.15783151
5.25440402
-6.38790923
3.76739795
-0.00002846
-22.27405908
4.03296720
4.18208593
-16.54497446
-26.36417485
-3.95963904
-12.27802987
1.22136886
-5.76878808
-21.03082503
-14.81442598
5.34097606
-1.61470187
-11.18202660
4.94772666
-9.78859104
3.83824414
13.15236895
19.92767700
-6.09312451
11.64657010
0.83204206
2.37433452
-0.69740591
-0.53185965
-0.40841628
1.12367512
0.61904804
3.31302546
2.09266664
-1.38084109
3.38107585
2.59965104
-14.52639492
14.00674258
-19.89953913
-1.41545632
-17.59915943
1.60520225
5.71293931
-12.78967194
5.61552713
-0.84409079
-4.31842845
4.89769817
-10.05928800
-9.12227869
10.47614280
-3.57227023
1.29108273
-10.93046446
9.62662699
8.88304102
2.31893033
1.25027649
3.29928918
-5.55115385
0.81288146
0.22269020
3.63095154
3.96598464
0.49879063
-1.64089466
0.53378386
-4.36392374
-0.51101879
-2.63174079
5.72632914
4.89879037
-7.75505778
-6.46258722
11.98260378
-8.36539077
0.59471636
-4.86814401
-19.94863420
17.34478886
0.04459663
0.35609237
0.53734699
2.67448980
0.97774948
9.78161626
2.58713207
7.30337777
-5.57286331
1.79022962
-0.14315749
-0.31701490
-3.52437578
-12.37460744
7.80785283
-1.99069384
8.78075755
4.21531797
1.82357472
-29.21763378
11.09579431
5.33913632
5.27705999
-9.05171314
11.77156463
9.00666908
7.00094792
5.70425759
12.88002332
1.44131594
-4.76880212
16.36553525
-0.60071953
-4.63254785
-0.10750809
0.00967258
0.37518031
-2.86966240
-20.74816934
13.73634615
-8.08047719
-17.14759755
-0.16803451
-1.26222589
-5.21397828
-6.36465821
0.11215405
3.25448104
13.78413799
-1.10597625
7.41398856
-23.19930799
-0.57183346
4.55286778
0.19489219
-0.87356077
10.59725907
-1.90792752
7.79863366
3.04428487
-2.73017157
-8.73002390
4.98010564
-5.47483024
1.44411363
-9.27152343
5.56017303
-10.01428353
0.64231797
1.42057094
9.73203559
0.06088035
-0.12419127
4.81714989
3.20211601
-1.36052288
8.62417096
14.60304921
12.29575465
-0.65096711
-2.56390298
-6.22400880
9.94197291
-1.93582091
-2.70599234
18.81351523
-0.08312282
13.95053674
16.04157436
-5.02144772
-4.23635413
-14.66074719
-0.09342596
-7.97867807
4.00087490
-2.62144153
5.80044507
-3.15440580
4.52600080
-1.50410191
-2.42703664
6.19949620
-3.68167003
-8.90099888
18.91727145
-11.86997765
-1.50791569
-22.46729406
-11.92859845
1.94566149
-3.87465076
9.09085296
-16.02228381
7.87627086
5.61877184
-7.34780473
-0.10046261
-0.87433860
-0.47803952
1.81284061
15.97039039
11.04332157
10.65895623
-6.38416640
-22.01501639
4.65266747
25.54171921
0.83296665
21.27553626
-8.05624560
6.67249722
10.38589186
4.10640600
0.90141451
20.64348754
-10.96716749
19.93442645
6.88820910
-1.04944862
-7.69519587
-21.97414797
-7.07394924
3.53116543
-16.88596947
4.16448081
-3.71563764
0.63313141
-23.13307175
13.95885686
13.32497564
0.09661575
23.00070327
-20.60106190
8.53448248
18.92195165
13.34287238
-3.52233734
4.04458672
-5.00111538
18.09802109
0.01319375
-1.20003617
2.14186785
-2.46548038
13.59941778
2.80411821
0.83302322
-15.96521281
10.59377585
-3.09731763
-3.75694851
-1.72109119
17.50631497
-0.70371101
-6.54611782
19.43808698
11.61385135
8.54331194
-26.76332824
8.59747068
0.58158867
1.26666294
0.81069796
6.09151136
9.71243855
9.87413947
-6.76519141
-11.51418730
-0.88893444
-1.45986558
-3.39986084
6.77124139
-17.82376545
1.97735773
-1.72704175
13.62339455
-18.77335883
-1.49714210
14.16567181
-15.54700551
-0.85051834
-0.94224410
-3.20407289
0.17163460
-4.33743147
-8.59428681
-2.52628858
1.71433309
-11.57595867
-6.36566146
-3.55780149
-9.33354238
5.36017301
-5.30182474
-1.14923276
5.08515274
-7.80095017
-1.62026574
-0.51448801
-4.20132958
-0.07081176
10.90194120
-3.74841364
0.68194589
0.05458961
-3.30875659
-5.73393763
2.68900406
-1.07981091
0.15470882
2.14134801
0.77093541
-0.95276992
1.75722597
-18.19270213
-11.77971953
-1.23353031
4.43637634
1.73463431
0.14434499
15.84853936
-2.11602367
11.57547787
5.49229696
-1.42203315
1.67428275
19.42624151
-2.28440383
-5.52081233
3.70653503
1.84383635
-6.06999322
-1.71282386
-2.27803141
-4.74975121
-7.62450711
-17.72381982
-5.65004156
1.96530005
-5.43856205
-7.96278196
-4.61050840
6.86710328
-9.86988672
1.40058690
1.92354316
0.07683982
6.66296037
-2.08620483
1.55569370
-1.45956620
-0.93614086
-2.90844955
-6.46676004
7.58943078
10.48440913
-6.85602555
1.67254261
1.41631484
9.27104500
3.75136978
0.27383753
-6.27955223
-2.10496032
-4.34889797
1.64859212
3.57819761
3.57374312
-1.31906005
-1.79974044
-6.02208049
-5.79044861
-0.07902073
-2.36950799
1.74536309
0.15946774
-2.95043601
-1.18597470
-1.35090507
0.98067081
7.83018672
4.51772967
-6.63612167
-0.94538515
1.33338586
1.24096405
7.10484778
-0.88021430
-6.51252335
3.93959475
5.48891266
-20.43330239
0.14133406
-8.25395052
0.45342552
13.67532134
2.31017339
0.81779605
-3.58496903
5.82926434
-0.98293761
0.76711605
2.51207886
1.38610266
7.19424552
8.24090177
1.88315686
2.80832207
-0.02369204
8.26419391
5.60618130
4.69212512
12.38906020
-10.08561874
0.80151247
-1.99568440
-26.40646259
-3.64552673
-14.66249014
2.30003947
-12.01459360
-11.44571479
-3.13727337
-3.65619514
-0.00763629
5.48014886
-0.00668657
-23.95551674
10.63051759
-1.45707807
-3.83561933
19.16028474
-10.08805710
-19.28470870
-0.50226587
12.08080207
11.92610832
-1.13456480
-0.00133905
10.52214989
