13.79018208
-4.49927064
11.54709275
-2.98141199
1.32130762
-2.89290806
-6.61680467
-1.20321499
1.69217944
6.14020926
-3.52648371
-0.25900779
2.72484440
6.30400339
-0.66818717
-1.97277535
-13.01143734
-6.19662153
6.79890934
-24.11850895
-12.59945048
-1.28149010
-2.74818230
-17.89157977
-1.61453607
6.65614409
-0.93203538
-9.71177101
14.79482679
8.38504483
0.00219662
-1.65173557
4.74688510
1.23803865
-1.01589870
0.22798551
-4.19602353
4.44356188
0.00596514
3.50392168
5.02268017
8.96060166
-1.30417069
-14.82151741
-8.18660371
0.76049955
8.94988471
6.93979821
-14.76729338
4.97090443
3.89139735
-12.19481060
-4.03786796
0.78988781
8.68404029
-0.75931252
-0.34901630
-1.17696492
0.76476193
1.35329316
1.52898712
8.60517600
3.34888952
-5.31280863
1.42105616
-8.08213473
-4.48897771
7.27744047
10.91880143
3.17475226
-0.39803519
9.44013971
-0.24266119
-4.88254331
2.82188279
-2.12130116
8.34167662
-11.00943705
-0.84534384
1.41802095
12.77767058
-19.59471737
-4.09286697
0.62619675
-25.75506805
-21.60124140
-21.00246125
6.13452556
-14.71772134
-5.34745450
0.78431339
-9.32907761
0.15787600
-15.06937504
-0.19597819
0.45300960
0.21620208
9.84346806
0.00386011
-8.04989616
3.26189461
-1.78265491
15.56055965
-0.74815734
-4.01013334
-2.04171650
-8.36029874
-1.51293411
-2.19902682
3.24069393
-4.85588721
9.61763636
3.04439361
-19.62072569
-1.74051292
-0.14237648
3.30063570
-11.69273181
8.31333424
-1.47841028
2.07871488
6.48208339
3.04567273
0.57137766
-7.32455207
-0.94915081
4.14985903
26.79417840
-8.77645946
1.06709409
1.00299011
-6.77636577
-2.76462134
1.99266987
-21.62338848
-3.26682571
5.98271616
14.97871633
0.48421375
0.54994542
-16.76381627
-5.57941487
-0.18284609
8.08958079
-14.81103846
-0.06655247
-0.89786287
-9.75238595
0.28474228
-0.38741962
-10.94101444
3.68862704
3.92763930
4.37922865
-4.21716573
-2.98909016
4.35480309
1.65528177
7.46929644
-0.38846207
4.45136428
4.80152046
-10.92417903
17.43394929
-0.49221417
5.81277120
-1.50259652
-10.77806623
1.79190451
-2.04425054
1.75156398
-6.48496226
-19.89666213
0.07851403
-13.15790576
-2.95676354
-2.47639545
7.91741722
-2.74405410
-3.96164562
8.20565078
-0.40970261
2.87415024
-0.52830579
-2.02261514
0.27095481
10.43811338
-1.53683631
5.33661215
2.82313304
1.78083873
-2.73292462
-9.41834978
-10.91074520
-2.41780586
-0.72663594
2.00624138
2.94591325
-2.56937464
-3.62622199
-2.84449377
0.04980068
-8.02623278
0.00018327
-0.63534962
-15.77044388
1.07599320
-25.79996201
13.41998923
4.58173121
-8.06238524
8.34307871
-5.68804664
3.13291392
-3.83780680
-11.26458672
-0.75557315
-3.10992090
15.03470763
-4.00804077
4.06205166
3.12759111
0.46282876
-11.95843374
-3.39712229
1.98013594
6.87968223
8.26319106
-2.20220755
-1.37050461
3.51133437
0.06757974
0.61181112
9.96707865
17.31845260
-5.25350392
2.53640204
2.14442123
6.38704229
1.89461550
4.64138556
11.93562754
15.95038751
6.09351518
0.39470942
6.86909344
0.07593010
-2.76334759
-4.11443545
-2.07449905
-4.29642997
-2.73351793
-10.60132887
-26.09045390
-12.34936837
-1.35821052
-1.27574169
3.63318702
5.75254161
-10.32532767
0.49475727
0.58371946
-11.46416668
1.20143859
-6.91777724
14.86875554
2.18626966
-4.89135821
-5.89125693
-8.83541020
5.33527422
-18.33849678
4.33757716
1.39209767
4.26932110
4.93901745
9.06968216
-15.75812512
0.02990650
-1.09089001
-6.98313531
24.01575301
2.69824045
-3.32011229
1.82873419
-11.27375905
3.33038612
6.33460169
7.99941078
-5.59331486
-8.58895536
2.51475050
1.15691429
0.60873382
-0.43737202
6.39668610
-11.44164256
4.09080590
-8.14560856
7.28116522
1.83299756
6.31881387
-0.01493751
3.51124305
3.28403873
0.61753853
-3.18980500
0.10515693
2.33696809
6.19753262
-0.70204095
-3.23637613
-1.54965028
21.12654587
-0.01384431
-1.16762621
-0.20686121
3.50730512
17.20981669
1.75338228
-6.32543371
-9.10340900
-2.95007346
9.90203824
-0.41505541
16.29645263
20.87796323
7.86886921
10.28376723
1.42881332
-0.47536716
-10.91115275
3.15370086
-11.81096744
2.08263364
6.19404188
2.38856254
-3.61175691
1.42777697
0.25917044
-0.91254628
-2.23006164
0.19201394
-0.44915677
10.24725620
14.36062505
0.45538619
0.29033978
-7.99820191
5.39650300
-5.98641144
-1.34449360
-3.76325115
-6.33137246
0.03150171
-9.06884492
-0.94490398
-1.04965492
5.50207521
-6.09761962
-12.40525058
5.17169104
-8.34336366
-1.43420278
-9.09835570
3.11128933
-0.87217099
5.06511636
0.01397872
-0.00448609
-2.40060658
-0.34122784
24.80467240
-3.72144098
2.73646813
4.25597020
21.65555736
-0.89438343
-1.19303529
3.26803331
0.08646776
3.32276330
0.01455112
-0.00977761
2.68164523
7.97208350
-10.00610663
-0.22561906
-0.30299970
0.29106632
-2.31934855
-0.00682955
3.23760331
11.09226114
-3.89748765
1.17493793
10.05467443
-7.44799330
-0.51406240
-0.70147697
1.68434648
1.81491411
-0.34310627
-0.22257061
3.07911369
-3.47472616
6.40436060
-0.47268985
10.79284377
25.36734186
-26.14206010
7.95242526
-3.77438893
16.57370008
-2.58402360
-10.20611087
0.12736102
7.12693238
-2.38407214
-6.97455132
-5.78534021
-0.05475888
15.01283065
-5.19965232
-21.07387824
-17.23449350
25.18549846
11.94036488
1.08959095
-2.39850106
1.19523213
12.08068681
-3.45103919
4.90674598
-0.45664003
-5.01020260
4.09099136
3.94651969
-22.78103039
-28.22751302
7.20718194
-12.87980368
0.22910563
-6.24427366
-16.35531903
-17.78380584
3.07404484
-10.58210059
6.66634770
-4.67796669
2.30098410
-0.68437676
15.47924628
19.98067525
-7.26905055
11.17862927
-0.28695435
2.55508249
-0.91371489
-0.10579564
1.66282105
2.07319637
0.34362104
0.52586084
2.38714037
-0.65475078
2.01376815
1.64117786
-4.43394161
-0.93055847
-15.07015668
10.10913398
-4.20715537
2.19879763
-5.70367942
-13.95491866
-3.60107906
-0.29927793
-0.08287733
-0.44805223
-6.98672800
-10.17828102
5.93303419
-8.54086575
24.86130807
-8.51631593
4.01726416
10.54560373
1.66255843
1.22389565
2.42113280
-5.31410558
0.29684662
0.19005509
3.18100695
4.90260812
8.11105991
-0.47997056
0.50435412
-9.57498162
2.07876266
-1.19163610
5.36304230
4.12491784
-10.32625109
-10.68212960
5.64559346
-5.28216589
18.12270247
-3.71559608
-12.97133919
19.08976072
-2.23749747
0.76079932
1.25490137
5.50839473
5.39554574
11.71305500
-2.21339363
-2.79109239
0.47896789
-0.03139752
0.16642155
0.74677415
-9.25190959
-14.41339979
14.38967827
-11.87757605
7.43864902
0.80520309
3.66663002
-26.89496995
-2.24730609
-1.12134929
0.14262583
11.91966268
9.35793699
15.57598022
8.70090496
4.76210312
13.02324734
1.67581453
-2.52732446
15.61561002
-1.53922167
-6.08177755
2.35912615
0.00851320
-4.33312750
-4.05850907
-19.00436780
12.14690235
-2.29690727
-15.01897654
-15.56709812
2.16775705
1.06983351
2.86590016
-0.00048681
0.18042587
11.62788404
6.40471732
5.24632215
-22.15692245
-3.61451645
3.20362190
-2.60111670
0.93633586
10.36839108
-4.20943881
8.85264972
3.80980540
-3.10184664
-1.71901993
3.96858284
-10.92986047
-1.53902643
4.39394652
15.07834579
-12.50084275
-0.49833567
-0.40685637
4.84705404
-3.71072984
-0.19994691
7.48338021
-1.70836806
3.51434791
6.88138777
4.08470041
8.91839506
-10.96918671
-5.23598464
-7.09199544
12.02774743
-0.99579285
-1.59950074
18.37038945
-0.41602356
12.61302822
9.51612364
-8.32699995
-5.66477124
-11.81593838
-0.14439899
-7.00139074
4.40706484
-0.76243992
7.75314582
6.12461521
-8.54467767
5.25375794
3.86447764
5.99519324
2.21343318
4.75455491
25.39722632
-1.62488120
-2.11727472
-32.09750514
-11.25911426
5.14258512
1.25301006
5.08036312
-17.28816699
1.18275297
6.49276594
-4.92159210
-0.01300514
-0.36501945
-0.16590857
-1.72531899
-11.49829038
12.60063132
1.01909394
-4.62483174
21.87322151
1.85534453
8.07913775
0.44069242
19.45079314
-6.68349829
4.82741962
5.53962594
-1.20463025
2.70452352
2.50639908
-12.23912628
11.95755873
1.50349517
-2.24720869
-9.80121163
-18.82126838
-5.50117723
-0.89848114
-18.11684196
-1.99711652
-7.41862950
2.64205715
-19.64303553
-12.42393772
5.70171805
0.57024660
15.76139642
-4.36139268
5.44802155
12.64799300
13.19338441
-3.30006091
8.79742153
-5.95717150
16.18438758
-1.43857692
-1.84005706
-4.52319256
-3.60075557
10.99343072
-8.54559498
1.13532300
8.67544478
9.81211044
0.44384030
-4.92952043
2.49680729
14.33939037
4.43614091
-1.17973442
16.98380228
12.60872405
6.04414973
-19.18065682
12.29919188
-2.14936570
-2.69781881
-1.57929961
0.94180236
3.40997015
11.38066103
0.67424767
-1.53372533
0.26016571
-0.85257177
0.51860239
4.50047528
7.60492609
-0.85079923
1.45441936
2.93543906
19.55236221
-17.82921838
1.35736870
-2.48001145
0.84126774
-1.00752177
-1.26100036
0.13481155
-1.24940719
-7.37105553
-3.63445166
9.27201997
-6.31838876
-7.82752957
-7.73008137
-7.84349057
-3.85926604
3.04503819
8.18258724
-0.00498598
-3.71578930
-5.04160433
-0.00440615
-6.90675020
-6.88246228
-8.31343169
3.64163041
-9.57487466
0.78723140
-5.45625387
4.78875560
0.63909610
-2.38655791
0.28663187
3.88755930
1.47484790
-3.99481702
2.71539074
-19.27525581
-5.42403948
0.41378421
-1.04155181
1.65810700
-4.44553640
-8.65099742
-1.69319021
8.90540026
4.96261866
-5.95189040
5.63134732
12.30642705
-1.95320137
4.97367099
5.92642329
-2.31157392
-7.84491438
-0.04127927
0.00508378
-4.39539419
-3.17589982
-4.35411465
-4.50331213
4.06842094
-3.50616053
-19.21106322
8.60338485
24.14724101
-6.70746771
1.47627673
1.30485561
0.52505958
-2.03925537
-1.92632985
0.77742174
1.72446034
-0.00213345
0.27463704
-9.60448042
10.84948817
5.29960064
-6.31525521
-2.09591083
4.92668513
3.10469237
4.61188183
0.25322626
2.42269914
4.27539475
-5.63420145
3.70519565
2.19629793
2.85360752
-1.81793867
-4.99565918
2.05519229
-3.35491344
-0.21414438
0.96111475
1.40177425
-0.00176619
-2.20926278
0.84062856
-5.31820412
-0.62290146
7.91724847
4.06157551
-9.12572071
0.48579395
24.15866613
-2.91130762
6.42314011
0.43978329
-5.25441896
1.99212334
1.53764968
-5.16101635
-9.90502600
-8.02019740
2.71339044
16.20355693
5.97283549
-14.03351698
-7.47740072
16.97191354
