9.68831170
-7.27463394
5.99720781
-10.82149931
2.03614663
0.60931054
4.37512754
-0.31707084
1.66001755
-3.36219205
-5.49732009
-4.18851787
9.97697904
3.83612317
-4.59559708
-0.12724808
-1.15160648
6.45870658
1.47885996
-5.80293604
-7.66553056
-9.61691865
7.17973710
-12.49600632
1.63850710
17.31456041
-11.88640121
-2.53647321
-11.25603755
-7.81686359
1.37858051
-0.36590187
-7.74625375
-0.37604403
-0.96696910
-10.30494769
18.69485357
4.01794343
0.38069442
8.44893690
-5.66596240
-2.64017923
-0.63780566
-5.32518768
13.09238159
-0.94118856
8.01703391
-9.39081435
-20.29519140
-0.56529014
2.12856818
-6.03897353
-20.79230663
-3.38722936
21.44202424
-1.96986912
-0.84799660
-1.73787341
5.85971348
-0.01393249
-6.40960730
4.00303094
6.01321780
3.09441905
-1.67865067
4.57364142
1.77754607
6.38151442
-4.83968247
-3.66675692
-3.10213252
7.20464783
-1.45332124
-5.91332334
-10.90417311
2.41390429
-2.58169174
-1.38141609
-12.55294313
0.23369849
28.01710172
4.12542103
-4.10983350
0.70496666
10.04077739
1.32778731
21.74946474
-2.34747233
-2.99921652
-6.44669471
13.53634403
0.51084816
0.90298435
-5.22871095
0.03635330
0.93082389
0.33472123
3.28128037
2.90281495
1.51985130
0.52000825
0.12405624
2.99967332
-11.51428693
5.46716392
1.44668884
-4.76721958
-2.31440225
-4.82545096
0.57252725
3.16406931
-5.23188268
0.28994329
-21.19358647
-0.13060494
0.04651795
2.73388021
-13.49326237
10.70358540
-0.44412106
7.98167659
8.04951141
-1.59672982
0.88381801
-5.33485062
-1.10967843
9.31844850
-2.08024864
-2.80722359
9.49804483
1.70226197
-7.76616397
-3.82923798
1.49079243
-9.40841708
4.22451659
3.31577591
12.97142871
3.89977214
-3.13815699
-2.25904929
-6.58103583
0.13222948
-4.63808527
8.56199242
0.79909697
-1.19590493
-9.64480989
0.29080999
-0.12758900
-14.60974126
0.56225808
7.13686032
10.18432525
-1.26226063
0.18746527
0.37325965
-5.75260957
-11.80307300
-8.58473574
-5.32097875
0.69192250
1.07665667
5.98612397
-0.91956202
-0.25183232
3.69447394
9.81315404
0.98952315
4.82509050
-0.46652243
0.55183834
-15.35727536
0.64184690
-11.01380888
2.04531548
0.08445308
9.74793721
-1.18432728
-10.95443403
14.12350531
-14.75679838
-0.82396701
13.75950792
-4.09361420
1.15983831
-6.52628408
5.43787629
-8.77720199
16.81154081
0.28835848
-0.44823784
-18.45654982
6.83331867
2.22760078
-1.00826657
8.11515047
4.26251569
-10.03715610
4.06933174
12.64272118
-5.04430646
9.01202911
1.05290538
15.38001895
14.27884018
3.69626944
14.21659856
-9.35666412
-1.31223265
4.64469767
-9.87914233
-6.16416456
1.57989267
-3.99126004
-0.42977342
-1.09051322
-2.65011019
-0.44706430
3.40724134
1.07422097
8.76457516
0.34407043
-7.71456931
5.14874470
-0.80188915
23.11904761
17.40313221
-0.54079853
-0.74296686
0.05906866
-3.32884050
3.32513139
3.12216007
2.76482977
-11.66346897
5.96578312
12.04394479
5.71922036
-0.17859568
1.12199958
6.28243979
-19.87613094
11.20040526
1.64443860
1.07826387
0.00133678
-2.52589304
2.70636953
-1.61641117
-0.65776916
-4.57839252
-0.15369804
-12.86138790
-25.03562816
-19.38497740
-1.75664725
-0.04689069
-16.13229074
-3.71676417
2.83445039
0.42260073
-9.67464741
0.41412151
19.38513097
6.49743200
-1.07643821
-1.49820344
-0.49515706
-8.42697308
1.35938551
-0.86610601
-4.05549305
3.82129426
10.67423337
-11.52422488
1.54473724
-11.40011233
0.99288124
-5.84187843
-19.84962909
10.90509340
-0.60193179
-2.93649803
5.71382971
-10.51332337
2.88844111
-9.61975940
-4.84278341
4.55824573
1.46357076
-1.74821630
-0.01167989
0.52816145
-10.38835528
4.43353616
-11.90472435
2.79346981
-8.26998782
-7.61601338
-2.23183126
1.96305563
1.05418904
6.43607484
-3.62889253
-6.77968015
-6.66774640
-8.09570941
5.22090911
-11.38604005
-1.67231209
-1.78687839
-0.86287195
7.72181414
-1.62468118
0.01442566
4.74829982
-2.98074018
-8.55201325
-4.36079709
-2.72910848
-16.67721157
1.09850072
7.28260279
14.19166302
16.59369789
18.03464663
9.03548822
0.92299930
10.33701139
0.15124156
-7.86863728
-5.15203747
-10.88076312
2.12866366
-0.61757922
1.14164343
-0.00202864
12.44335784
5.38659016
1.26031512
-2.97234072
7.09387956
17.70365809
6.21548849
12.00934144
0.62038975
1.89818460
2.09855023
10.01554840
6.86147127
1.83079340
-3.34999469
1.21821032
1.93203238
-10.40565144
4.73274924
-0.12358915
7.04563204
-6.60289399
-20.64540342
-22.73776276
-1.10597206
1.34542669
1.99290440
-1.39310054
0.85542331
-3.50626842
3.86888638
-0.04171394
6.20887646
-0.18702253
-18.84598717
-6.01100188
-0.57048166
-5.06304111
-9.71516735
12.31145971
20.81181979
4.20998503
-4.34844873
7.56270499
0.83493102
-3.13268658
-1.74469616
-1.77639486
0.01941638
-17.84714839
0.66328425
4.47968962
1.35313136
-1.56331341
1.34943212
-5.92401178
1.15141467
-0.24073963
0.51353841
-3.01222795
-2.81612602
-3.56976247
-1.46627703
5.02051700
2.72645971
-0.73408242
-4.18051931
-1.26953631
6.54003875
-0.48902830
-19.22309421
2.09933139
-7.41041193
-11.19620527
14.66413671
-5.13542372
-13.00929810
8.33060587
-4.50309588
2.52373639
-7.45844294
-0.63280543
-7.69983412
-7.75657135
-3.17346877
5.76493804
3.26741023
16.60918417
2.72119455
-4.28971107
-0.00939001
0.48645262
2.04231511
8.60977461
-0.21417540
-3.74348126
-0.54636167
-4.56338046
-0.87432701
6.80780392
-1.73947075
20.02851820
4.18027756
-13.02703960
3.57419216
-1.83323294
11.81856678
16.69742722
-7.53631896
7.92612634
-3.65008748
-1.09664363
0.46178308
0.33760632
-1.45515846
23.76378717
-21.08425190
3.42561836
1.14188937
-0.41015861
-0.36238607
-0.42965054
0.81399659
1.46649943
0.30894580
3.95891635
1.31775150
-1.91766324
-2.15993259
-12.65248795
-9.97929487
0.81827478
0.32113346
12.93553144
8.01984589
6.74386888
-7.81271288
-8.77665207
9.55745620
-0.91427896
-14.41944071
-0.41681213
-0.27377733
-8.51390584
2.25422578
-3.13947782
-17.89849526
-12.43350333
13.92171226
13.71963676
0.20727378
0.24171704
-0.48068949
-5.02155762
1.55911171
-0.01580179
3.41178701
4.84616368
-12.36550996
-2.21861657
-8.19736666
17.55558613
6.97947954
0.34207897
-1.22847861
-1.11717922
-18.97844306
-27.08823023
15.95450491
-28.11007380
3.81137119
0.76090242
-9.46596259
0.87307709
0.84543890
-0.33334804
0.43345548
2.34861508
-17.74692484
6.99585661
9.31184987
-1.78341891
4.55998230
-0.15930234
-0.51453500
2.06806283
-3.43371222
-11.51348942
11.28596605
-3.09058865
4.76977662
0.67571833
0.95095284
-25.80110627
-0.28439694
-5.06434012
2.14652018
11.02809580
-6.82319167
6.90035070
5.93796352
0.96892671
9.62934370
-7.47457171
2.24985898
14.20655327
-0.00273350
-3.27616174
-3.00203054
-1.12035519
9.31250711
6.44953695
-9.95546844
3.22600791
-7.49700384
10.98958857
2.56033043
-0.23220335
7.36380218
-2.85673704
0.59605852
11.05662372
1.71755513
26.11912230
14.92183110
-5.14952522
-0.83186923
5.01478918
1.12792570
1.52087078
3.33743425
-2.53053455
3.66463006
-1.08224175
-2.48959902
-1.10795223
1.27814308
-3.11451238
-4.05353313
-11.20179660
-5.39507553
-15.81288307
3.52600998
1.02695560
-10.78849897
2.77396562
-0.00002644
5.03376191
2.92568397
-2.54417818
9.51954739
1.98402245
10.01163956
-3.90509913
-0.92922241
-6.25340395
11.94672559
-1.90446458
3.70598945
17.96250777
-0.73521232
14.49159993
-3.34267960
-16.60568689
0.27771294
-16.68050401
-0.26292025
-2.02883900
0.25933978
0.25041107
0.71835005
-6.09974262
-2.94412674
5.95963910
-3.31380239
7.86065227
2.67731974
-2.60318347
11.55072041
-8.87668508
-2.13425216
1.81515467
-8.58355609
6.83526397
-0.22804949
5.57912959
-5.53370493
8.79416187
6.44423680
3.68873611
-1.32619397
-1.78719327
-0.15644573
0.59664810
8.29936761
-0.27099060
-6.12929617
14.37879229
-4.99240459
1.30915005
10.94776853
12.15720709
15.37955377
-4.04436237
18.00845729
-2.20276608
-6.03352265
6.19206746
0.68130239
-9.08221080
16.78629135
-11.22839865
-16.61871934
-13.58896049
-17.22394790
-16.21880526
9.42503648
-18.12247823
-5.81617407
-1.47034361
5.61976689
-7.91629603
-7.28147890
-7.45121848
-0.36054048
5.67701486
13.00276861
1.53189757
13.39462325
10.37322360
8.22834909
-12.64422174
1.50997684
7.10924854
-1.26193753
-0.89280406
-2.37572909
-2.09415342
1.62794949
-14.52948895
-8.22195096
11.10199798
1.11731740
3.37698471
-0.00392458
7.53147851
13.67613908
-5.92662208
5.24357582
-1.48875493
7.12502031
-4.61122883
-9.28536691
5.36547365
-2.71858574
-8.48070275
-1.37641285
3.35745319
-8.70067632
6.25837838
0.35496261
8.25483786
-6.26534191
0.82201101
0.86349730
-3.69067891
9.93246521
-0.07645678
0.30065475
-1.20000666
6.87813409
-14.94458342
-7.58506994
7.11508082
-1.10543522
0.16568784
-2.34036156
-0.59020724
9.86170025
1.10866877
-3.57949435
8.88194677
-15.24086455
-15.39193452
12.88525639
22.81199613
14.55599162
6.42725255
1.11194336
5.51009334
1.63850710
-0.82396701
1.99290440
-1.39310054
