11.15328976
-0.87145798
5.19067860
-7.07005367
-0.84080934
-0.00509794
0.71479111
-4.35472513
-7.60094559
1.30837680
17.16477097
-0.40781424
2.85397237
24.42069761
-4.07722617
-5.69555904
-3.47039164
8.45849032
-4.58034093
3.88124412
-19.89822855
12.08133154
0.97535567
-0.25923874
5.72221222
3.00724770
13.86704097
2.37846190
6.89185188
-19.82685388
1.42538918
-0.87759178
-21.65633696
-1.03713497
-0.20533937
8.67758642
-6.75158152
15.41505843
0.11568840
-2.40494384
9.58130013
17.81559304
0.36068224
-1.24144896
0.64193865
-5.89443156
21.30198681
-10.10869970
-15.21093276
2.37117388
5.98157831
12.64657808
22.58297583
25.59394314
-4.80775364
-4.33398446
-1.27476332
2.65128382
10.32178323
0.71153827
-3.22571084
16.02611789
0.32790088
6.38331149
7.20113118
-8.49795567
7.32632055
-4.93004411
9.53745747
-7.58689881
-5.96837244
-0.01218677
1.32590736
13.33011003
-1.20695601
3.30366736
4.13726531
14.54707944
10.10306037
1.79516259
8.31288864
1.83947139
-10.81602856
0.26195054
-19.09964472
-21.05981321
4.90029771
4.98415978
-24.09587034
1.90586394
-18.97384674
-0.15222029
-0.19341954
27.09692522
-8.49536900
1.38055631
-0.74474686
-10.07909090
-1.33378728
-5.41884675
-1.54013077
4.50812419
-7.12690425
15.64610943
8.07061386
-28.43157396
-23.17501736
1.36079663
3.92432300
-1.90670183
11.17043682
-6.06781287
-2.09203817
-25.04775236
-1.42436766
-0.24928534
9.23126811
1.38901045
-4.18019171
-1.15112408
-11.44327322
1.88298348
-6.77087488
1.66532073
1.98679529
-2.25301890
-16.66513145
9.00474462
-3.17178993
-6.42598787
1.43579401
4.45431369
-6.11463993
8.89676522
24.34605015
-19.17142628
-0.87386584
7.03509339
-12.15608836
0.32061870
-6.76198704
-4.85621292
-9.52334359
2.28068621
21.72591310
1.05327805
-1.85328783
1.58374320
-1.57881476
3.64399299
-15.89350566
20.08313107
-8.36442489
1.28832667
-1.59510288
-3.00441704
20.05877768
-8.41951715
13.65358773
-5.76853209
-13.57917118
-7.48922315
-16.37573913
17.28765803
-2.30658222
-0.74584823
24.10467673
8.31394051
-1.04918199
3.45708668
-4.31254765
10.17041037
-26.02633968
-1.44618561
-3.37817996
-2.21941916
3.54733551
-7.42965598
0.99023657
-1.46900195
10.73197173
-4.13487605
-8.03278051
8.77515030
1.05118791
3.02133506
5.62975511
-7.46935839
8.83557851
11.78891825
2.79771032
0.88746225
2.10630136
1.86221978
2.32308756
0.13404732
2.68471531
-16.55438879
10.17214669
2.68607046
6.96750065
-4.49965480
-2.81997232
-6.01868812
2.57488176
-13.65070053
10.81987391
5.34234116
7.28257843
-16.31942738
17.70746519
-2.15105593
12.04023169
26.77189862
-5.63903159
-4.54183906
0.05504810
-0.29609560
-24.61966391
-19.10985419
9.61587423
-5.09941589
6.16772128
14.85417276
-0.53882964
0.84088430
5.93885762
22.16541443
0.26364190
-0.48752802
0.38915908
1.83682873
2.55097455
3.37279135
16.85397746
-3.19449167
-3.27228262
3.99900383
4.89696024
-3.16918856
-12.79808412
-6.02481678
5.39684329
11.89864566
-4.15065275
-6.48324255
-0.05612597
-4.40097176
9.74691260
17.11538813
6.64671236
2.28519020
0.01354605
-19.12463895
-11.90990263
6.94793996
-0.72484354
0.00141490
-1.16297195
15.70602470
-2.47323683
1.51518398
-9.57330226
10.16633279
-6.68923379
4.01153176
-1.71568222
-13.66939737
4.17293293
-2.66923253
-17.89515901
-4.36332547
-0.95748771
-1.54614749
-5.64302697
-6.52538831
1.92202484
9.94987895
-0.82890802
5.22439217
10.72734050
25.45113585
-3.96778201
1.67262358
21.07587562
24.90531289
2.06584687
8.55855359
26.02963875
-15.02356913
4.03483937
-2.15527872
0.24565703
-0.15262451
-8.38885336
24.21486256
-0.95453351
7.17390423
10.37993522
17.92510906
-0.82284972
13.71961742
0.09925079
-1.41120140
7.65709426
-1.28679464
4.93340012
-7.02377659
-5.55926919
9.84832288
12.08227698
-9.74133279
6.94809536
24.20439388
-2.26651777
-1.01166236
-15.98591621
-10.12978216
23.01480180
23.83104737
-20.92327804
-33.57978963
12.08772791
17.31075155
4.64899529
25.05773975
21.54257999
20.86792630
-16.44671580
-16.40498531
-2.88105977
10.16716673
4.96093449
-1.47197846
0.33501599
10.09560045
-8.54415309
-2.39116472
-8.20400856
-1.62836249
3.59055661
0.82980029
15.61719882
20.58504179
-1.39333486
22.97248012
-1.92993673
-1.17419850
-4.82558386
2.06545638
-3.57111082
16.11078398
-17.32669582
9.85667450
-5.41203425
-2.29629574
1.04117518
0.46678127
-2.00566743
-2.62760705
-9.36162332
-15.75936660
3.67365467
-7.13223217
2.38045305
-2.84874687
-12.48617125
5.92808990
0.91890459
-1.19710203
-19.10283913
7.47789311
16.17702227
6.48686913
-0.34820867
-4.15905798
-2.70846942
-16.53239881
3.53295368
-0.61743321
5.47322927
-0.85282677
-4.84573531
-1.66531879
-8.53397725
-32.23721950
4.80683199
12.52996343
1.83728000
-2.71011451
-4.08081682
-0.03055426
2.58081437
-5.96726098
11.43089605
-7.72177835
13.46371005
5.64330499
12.88700546
3.94603338
0.29176843
2.90571914
-0.77011853
1.56025790
7.19977678
12.97356009
-3.86818492
0.25812918
3.68381422
-18.90928095
-11.35247151
-10.25961523
-4.60376008
9.76010693
8.04045409
-3.49576551
0.71214371
-21.15387441
2.14292727
-11.90373678
-18.85508175
0.70894335
-1.45628205
3.86982372
-17.63846651
-9.04512132
-13.46840801
4.62514161
3.29216419
7.55750117
-5.19579797
13.46118803
-9.50523132
-18.06956218
-1.91930536
18.68030853
11.34314834
18.69303760
-7.03620180
4.39403967
-1.93022714
-2.33997724
-2.65555183
10.82020406
-15.88636790
8.98132707
2.88256103
-4.54717330
-6.08840182
-0.35813641
6.35276400
-2.93658737
13.35409050
26.60378634
-19.03236946
6.12510174
-4.73206335
2.30369483
-2.82138261
0.50456318
-2.06638980
1.44541476
-0.08386229
2.85965404
2.43472234
9.40815755
0.09931913
-12.31827888
-2.30279417
13.77444086
3.15735414
-14.22552937
-0.00325431
-2.75281213
-10.22263249
-0.95969204
8.41323090
0.00094727
3.38494132
-8.43036323
6.49669201
1.34998965
12.05834129
-10.32949783
1.52834524
-1.49773164
-13.34921812
13.74155640
-4.54861440
24.63260124
6.55597046
5.84728265
2.86617412
0.18695904
11.87104878
5.74659379
-9.80389994
3.28637325
0.57023104
1.02413750
3.05443124
-1.52419182
-6.22331201
-14.94313729
-7.11386260
-14.62422989
16.66586978
-15.30364372
-14.28292040
-3.04714615
-20.96669644
30.59351225
1.70890819
1.01070897
1.21385256
-1.19730196
-18.00344289
-18.63442029
2.61350160
17.20221268
-0.87097456
1.47853568
-2.67347742
-1.90203381
-5.22722828
-9.01566119
8.24075915
-11.78037334
-0.17917587
-8.77451682
2.72110500
-23.25988356
5.80862302
8.81479954
1.99366121
-4.33824104
-2.71731714
-1.74673413
-6.18303795
2.94082377
-20.37889333
10.13360169
18.95358055
-10.13096839
-0.75158042
-0.45634653
-3.05818032
-0.68653197
-22.14995816
1.09613279
28.42922032
-15.62795734
-24.79867177
-20.01326720
-5.47806484
-12.32174556
-10.60456381
-13.73702628
0.46454928
-1.42378593
-9.06146879
13.84594368
-17.45006300
-23.23881556
7.28529549
6.87825689
2.02992922
6.09993762
-8.40954381
-18.19575523
-13.06971802
3.72309878
-3.91866631
-20.02658212
-7.46968613
2.42102437
-6.56958142
-7.32859559
1.01266580
6.86330253
2.70319728
-0.59328287
-7.45677726
0.19516582
-0.14680837
-4.14414906
-0.17344703
0.94460862
-4.12389816
-6.09219211
15.25953475
-16.23183352
-5.77230774
-6.62358638
8.07203556
-17.45951997
-8.28876520
29.20930654
-0.77943968
7.41039993
1.73044560
9.55903966
0.24429151
-29.68062099
1.74010352
-12.95951504
3.00588576
-2.10565240
6.40874566
-12.30111190
12.89368302
-15.25363404
-7.51000508
4.80985488
-0.00061011
-3.17696688
-16.04835191
20.24895307
5.34347046
12.09859708
2.32562880
1.94129133
-0.96267315
-1.43739102
-17.13370017
-19.30185237
4.07500408
-1.85814812
-1.47541968
1.19177748
-0.05277819
2.10364168
-23.30848111
2.67800788
14.52736071
-8.78918442
15.66964755
1.20865275
1.85289447
-5.71352276
24.36110949
-14.53903642
20.84782011
22.56903413
4.23298395
13.44854438
3.76988655
-11.60250965
18.01596313
-8.73003213
-6.62007648
-24.02617537
-19.94128919
-25.49529965
4.18931296
-18.48837964
-4.98444951
-13.80500521
0.98526473
-25.55950875
14.47489214
12.63580814
3.76051200
28.80137158
-8.85308936
10.50357084
5.41216043
-0.85117434
3.25854192
-4.40039489
10.90055462
-8.16114279
0.03974243
-0.69629060
8.62128214
3.36813943
-21.09457513
-1.28246979
1.62161165
-3.95270038
4.89289385
2.11226445
-7.24663049
5.04213581
8.37360435
-18.39855366
-24.32718078
20.80877149
26.00549223
7.76089439
-10.78846464
-25.15148589
1.72119551
2.52437367
1.01398347
9.36037039
21.23635829
0.16948683
-5.72154433
-18.37443483
6.95150737
10.59328243
-10.13816936
-8.70322449
-7.91712429
6.19814067
7.99327750
-4.23569566
30.78580571
-31.59723821
21.35034617
0.06713438
-0.67515413
-0.33585059
-2.95886378
-1.90056788
-13.55261656
-1.03852025
0.88165804
2.80781233
-13.23523998
-11.75330511
-3.36097226
-0.86269363
8.27232972
-6.41485527
-3.92468901
-3.36923165
-13.83493957
6.30002583
-1.26856687
9.75995413
12.90241350
-6.84853501
-14.33867244
-12.98689736
-1.32184068
2.08429203
-8.37748102
-3.77399446
11.37930073
-2.45761990
-8.92492866
-0.01842249
17.77558563
-1.71768782
-8.34458440
-26.31325515
5.77793398
17.03858616
-3.07235467
-13.13012945
8.43150200
-11.73691051
18.84421409
17.68057398
-5.54182746
1.68071762
11.47549143
0.85698690
-11.04597952
-1.24573001
-5.92166492
-8.50474019
-2.77114161
-2.23981907
5.55217275
1.69766367
-20.66792363
10.95732662
9.51747015
-7.28484420
15.92427892
-12.05158981
-8.97789329
-7.61090306
-0.86683402
-1.16937647
-0.00697547
13.59622954
-1.76939658
-1.94364928
0.81336340
1.40053268
0.15833083
3.67998810
9.82550967
18.06838298
1.17470194
9.53333006
-9.12001317
-8.41712459
15.17021636
-1.37555908
-5.05359532
1.01007399
-7.01289614
4.16179407
-8.46403450
-0.46281936
-2.10460209
12.39204674
-10.67220516
0.95238623
1.44108003
-0.79544349
-1.96193340
-0.06109325
-3.49423878
-2.12649747
-16.63844410
1.56604003
-1.29945810
-2.26014681
-2.53786473
0.33134126
-4.51786644
-3.96919350
20.08116582
5.58009864
1.51596823
-6.22698820
18.49240549
10.76452435
9.45574413
-15.97013116
0.58889500
7.16388053
-3.27486322
-11.30912356
-2.38333619
1.25490596
7.46636577
3.64127111
1.51499163
0.85437789
6.79768584
4.25577297
-2.08911341
8.14860728
20.48133423
8.41724046
-1.02555780
0.44864501
15.84457238
-0.17285885
5.51445494
8.11098774
-6.18052825
-12.30890823
-1.07639424
-6.87010878
-3.45937793
12.24774535
-5.74464998
15.25136297
-1.28221843
8.83043360
1.25100453
-5.65910364
1.83802480
-14.42410425
-1.99662377
11.78718026
-6.91163085
-2.08502001
-2.43509526
10.31318963
4.61591683
-8.68736691
-0.63981116
-11.30888948
-6.14491462
-27.08562372
29.07466721
17.90942684
-5.07665637
-25.38795857
8.55245910
4.71559490
5.64918852
-17.06790339
-8.31902770
17.42008945
0.00495078
-11.48426390
8.32315781
-15.88144023
-7.89696434
4.88316254
2.51489135
-1.24832681
-6.36552450
-7.03243803
3.45002470
-1.96962270
-0.24287941
1.41774100
2.74567562
1.99992794
11.39597482
3.62997514
-6.11288956
-0.69509605
-22.19616554
-1.91498569
-5.58273767
8.65547325
-13.06401580
-2.02547600
17.10350534
-6.01660926
4.94121246
-0.30708939
-1.11930970
-1.99842545
-4.40017386
-5.41372648
0.03564768
-1.17553361
1.32504947
0.00252770
2.11744938
0.79148482
2.13783380
-1.21400339
1.47601650
-2.55814486
-0.63294217
1.19006133
1.57560480
0.19212214
0.09606115
-8.34545807
-2.03607155
-0.00676125
0.78308885
5.24093694
-20.76096115
-17.22765313
9.88074550
-7.77974114
19.76415703
6.14200991
14.03034723
1.09239987
-0.44750950
17.56396647
-4.42437842
0.05899873
9.62805461
-4.68871923
-0.75845386
1.40028226
-4.99897196
3.94239799
-3.87049229
-0.91809671
-6.04639237
0.97875452
4.90498916
7.92175657
3.04301066
11.00269752
-4.52139187
-3.88543529
-6.35174026
-1.88813324
-4.35781113
-0.46652082
5.55404556
-9.85981437
-6.57917312
-0.20396254
16.11771178
-11.51801739
8.32294916
6.91811501
4.07191226
12.36675451
4.37499359
-23.52393468
-6.44983050
3.75264383
