12.64065273
1.69731474
-0.75713240
-5.71118904
-0.00826366
0.13825365
-0.51362934
1.75370654
2.53121869
-0.22044671
-0.43067842
-1.01899961
-1.07625285
6.47226395
0.13321426
-0.53463020
5.54937716
0.63401535
0.83251986
-9.48608261
4.36883548
0.39088843
2.08103581
-9.42881572
-3.99468600
6.97670820
6.30136338
-1.30360379
-1.35272012
-9.68889988
-0.01329648
-1.83227883
6.31971699
0.26643724
-0.10883863
-2.69861639
0.58015965
-0.30511524
-1.67761093
0.05332864
-11.30577097
-8.67028874
-1.07778929
3.19873674
2.31972135
-0.05302234
0.00527772
-2.60582405
-3.01014323
-1.60913683
-0.25283663
2.45933165
7.25656442
9.79338403
-0.36572697
1.12509155
1.19293199
-0.37736067
3.74919453
0.52863947
2.74803546
3.51265397
2.33639856
-0.78496522
1.77454852
9.92815120
-8.52909430
4.76580955
2.12837254
3.41109278
-1.57077274
0.64024868
0.00535194
0.47513886
-3.44050241
4.93199426
2.72045495
-0.09619868
3.61181232
0.76893924
-0.26429079
0.47837329
1.35944483
-0.00549363
4.81333158
-4.27239237
8.10910279
-0.09767130
-5.69519107
-0.38385809
-5.40811082
6.47577690
0.33632083
-0.32044944
1.25327787
0.37397381
-0.05872352
1.55568979
0.05335939
-5.53973370
-3.72999688
3.13816593
-5.18299663
3.98822200
4.51424311
-1.21173202
7.76884054
-1.31202562
4.84979047
2.79187616
-7.46519182
-3.63311626
-2.25749231
-0.00169788
-1.43320735
0.02368202
0.29334891
2.20502570
3.29157380
-0.45958746
-2.35875077
-0.12388753
-2.29553590
-0.00674354
0.05582350
-1.36243916
-3.98378316
-1.59832869
-0.26149076
-0.51024130
0.36716179
-4.39755739
8.20046686
1.12507290
-4.40800086
0.65924158
-2.14242558
-8.75199604
-0.83661786
-0.78863533
2.11694924
-1.31514248
0.26740227
-0.41248957
-13.28857095
-0.08298498
0.16279375
1.25476656
-2.59357616
0.24164338
-3.07245038
0.00354793
-3.82659856
-0.58424657
-4.84139889
-1.51032640
-3.71351604
-1.43365906
-4.11186275
0.30569612
1.10981540
-0.00700703
1.10160458
-5.97291937
0.74217846
1.58695100
6.51957450
-2.83089311
-0.95312518
-3.13016046
0.18094434
-0.49047589
3.71721660
1.75930598
-1.64953630
-1.29638911
0.39572816
0.61658230
-0.04592991
0.27813216
-2.37036830
0.23115506
-0.45574467
-4.69383561
0.18138914
0.36043671
1.84992349
-2.69132782
-3.36732904
-0.00473503
1.75406000
-0.25870354
4.38743045
10.15520762
0.70310709
-0.10687466
-0.82801775
-0.37859043
-3.21185394
-0.34240006
-3.51583096
-1.10753738
-0.04486836
-0.89491554
4.81362239
2.70465986
1.32404327
-6.47741911
-3.00981060
-0.04794751
3.72742527
-5.59768430
-3.41568432
-3.53228929
2.23650810
-3.49726279
-0.52804600
1.28224086
9.77701224
4.91330236
0.39560203
2.18669072
2.71228942
6.56636798
2.36742552
2.25397258
-7.89985292
9.27123240
-0.31642542
0.00939485
-0.07228982
1.18258929
-0.50048584
0.96340988
-0.54008812
-2.92480345
0.99341815
-2.53562507
-3.14024765
-0.10059590
-1.17600273
2.32397737
-5.80129259
2.07641314
0.02095695
0.38548572
1.52138819
0.76982342
-3.14802945
2.21820259
-2.51960787
-0.16491775
-3.96771688
-2.93150297
-4.62372226
-1.25864710
-1.16801299
0.00619553
-0.38436469
-5.37033633
0.11117109
0.51556077
0.23857189
6.79298330
-1.70054101
0.57435476
-0.77895585
-0.48834705
0.29056379
4.28652052
-0.52747439
-0.19450276
-0.66752126
-0.20981286
-0.22584527
-5.17395892
2.87566223
1.31171229
-0.00337382
0.08383487
-1.16782209
-1.75747032
0.05046316
1.29191416
-2.33601201
-0.21265463
0.26710327
0.55343609
8.92557683
14.52577950
-3.51097089
-2.13964398
0.60068265
0.17926683
