-2.39307915
-8.35693375
8.46812489
-12.95896503
-2.64134949
-2.63936666
-4.96641714
4.43766933
-0.16300434
-5.94634927
-7.93218111
-5.89622514
6.17893422
-2.20312838
0.53145373
0.10822185
11.22232209
-1.42193339
8.46967210
-10.84397224
-17.27482130
-0.55530739
-8.54964920
-14.09888077
-5.76676697
14.73630515
9.30265487
2.34907234
-7.04914382
-8.68573985
2.19027440
-0.36357721
-3.35880048
-0.64176325
0.86262340
-3.47154884
6.93438439
-0.94989049
-0.01074974
11.83434892
-5.55516075
5.84116363
0.10282585
-6.12571855
15.17375561
3.60497404
8.92410192
-2.62379533
-13.45560137
-12.85498371
-1.83785453
-17.50984946
-11.86658460
-3.11714292
21.74720686
-1.49044644
0.22029652
-2.31394118
1.51473868
-0.01702745
4.36573934
2.97716195
6.27692121
3.36620048
0.01770001
6.18131884
5.44115036
4.16217017
-5.09791209
-5.26515366
-1.90067689
7.03191621
-1.31818954
-6.28669475
-5.13791791
0.44435347
0.13152856
0.93054193
-6.57580405
0.10201811
26.79913919
9.33481524
-4.80005219
0.48818686
11.27556008
-18.83410952
18.76703382
-7.22451448
-3.89995068
12.09735479
-6.48044738
14.10984261
0.39217750
-6.65597699
-0.10825994
1.37188166
-0.09123218
3.91831196
2.16777498
3.33918771
-2.79392129
-1.75302042
1.18602893
-4.00922569
3.27992617
2.34630920
-5.50479219
-1.35043509
-1.79753958
1.23473882
4.57478099
-7.54436845
2.98163351
-17.62211076
-0.23376915
0.24320922
2.76807546
-6.25554151
8.83418251
-0.13181692
5.12928993
7.10839083
0.76033655
0.62193512
-6.27365853
-3.17731281
9.55282445
4.99367867
-4.37740856
5.48679988
0.63794914
-5.55277084
-3.33665233
2.27491691
-9.86686518
-1.61471320
5.68686792
11.75636791
2.79157243
-5.01354077
16.84094156
-4.88942654
1.75201862
-0.66510672
5.44067557
2.35386520
-1.97566174
-11.57741240
0.47029232
-1.80284444
-10.60213068
2.58965123
-1.92234885
9.05947993
-5.72638883
-4.45240963
-12.17896163
-4.29055904
-7.91592389
-5.97459274
-2.27005421
0.49676597
-0.49585165
7.11004211
-0.15177233
1.64535018
4.94575256
12.67303124
1.74887250
-12.04936623
5.88518005
10.64644210
-20.36976891
0.01869718
-13.82237717
3.70199402
-1.75368075
4.36050596
-1.29093523
-7.79820848
-13.67414537
-13.35157351
-2.19140718
-15.36237103
-8.68827628
0.63073820
-0.58471597
1.61025973
2.86847029
23.18931605
-8.53010113
-0.96640764
-19.13279532
-3.02575465
2.90164852
-1.39569307
4.85153776
2.14264998
-17.05981921
3.59765928
6.95940719
-2.25300043
7.85059242
1.05779352
14.60698172
13.22667321
2.82764827
7.00658063
-5.75541821
9.77403657
7.56352132
10.17991068
-6.10433372
-1.50898864
-5.26591110
-1.23757917
-1.92487620
-0.87878233
0.79311079
6.58165021
-4.30562123
12.19891278
1.95850525
-5.60752985
5.54118451
0.05908552
18.09668053
10.55672936
-1.98046149
-0.43870952
6.05924008
-0.73788260
3.98780974
1.48614638
4.86045133
-12.34164917
5.61999523
9.81707027
9.10747996
-2.17984020
1.96609051
8.01701272
-23.58447690
10.71705230
1.66989792
-1.16518452
0.04929569
-2.76148003
6.18918485
-1.31933935
-0.27862955
-7.94684599
-8.90305966
-11.75645527
-17.23624724
-10.01020507
0.50039304
1.63758671
-12.53632733
-7.94896935
7.65859513
0.19939787
-10.31689517
-5.93415311
6.84913764
7.38047354
-2.85563871
-0.04000190
-1.67482428
-6.56847086
1.56034572
-7.05556118
1.70121216
-6.07972431
10.45003385
19.14891686
2.06495307
-11.65558028
1.04026384
-5.14598889
-4.81024269
8.33964205
-0.13719040
-2.74120282
8.81771669
-7.52352602
1.66649568
-6.51397597
5.37543495
-0.31057248
-12.02928446
-0.29420057
-0.01236514
0.37101407
-8.81826446
13.11417453
-13.61422403
4.05327140
-7.86103504
-2.85235721
2.57033355
2.08496940
1.52228260
4.64419135
-13.18367259
1.85050156
-5.68258022
1.16953101
2.49259260
-1.44709698
-2.94145906
-1.92719582
-12.35826000
3.65384487
-1.55064504
0.00933182
4.55299356
-2.10574560
-8.45963682
-4.61846619
-4.34986250
-13.85976122
1.34882046
7.50803944
15.40249724
12.48971371
23.67156840
-4.18569648
-1.93761651
8.48005548
-0.66527442
-6.87950030
-1.34745619
-10.46217885
4.72906897
-0.01340621
2.24670956
-1.71928793
1.22969927
32.49425541
0.64736312
-3.58044331
2.36293560
9.41251781
-3.45022592
12.68011149
-0.15423695
-0.59435302
-5.29827323
8.21616771
-5.74491647
-1.59923255
-2.41196708
-3.71055547
1.70872606
-8.73998461
4.91807076
1.24788101
8.58737683
-8.72414024
-11.64404952
0.67898633
0.02252947
-0.81863947
2.29182204
5.10158143
-9.34656812
13.07307356
0.85108561
-0.54487649
-8.94787123
-2.99468552
36.12196154
-32.92290513
0.51720979
-2.13496080
-14.59502897
-13.40759370
20.56531651
3.28707119
-4.66973038
7.48873004
-5.42759394
-2.56126023
0.47701530
-7.23861958
7.28964727
14.54511711
0.80807823
5.89526368
1.58245281
0.01755547
-1.25797116
2.40178486
-1.16570016
-1.26995927
0.67810584
-3.79590646
-3.16047457
-3.07452702
-1.43508677
5.06456415
2.61303253
-1.20039356
-4.39274991
-3.63996809
6.34173470
-0.12582337
-21.04445520
7.35831122
-9.02426194
-11.52441169
16.78136806
-7.47250325
-14.46353768
9.47817507
-11.30423349
0.28067338
1.54338166
-7.04358948
-5.13801553
-4.15805119
0.51749792
-1.63820181
4.08726356
10.89820132
2.96545582
0.72977021
-0.00643534
-0.40320187
2.90586578
27.78903385
-2.27170126
-3.97262114
-0.71437931
-2.86575773
11.25393275
10.50925655
-2.42739833
12.28497798
-15.40487218
-7.91954917
5.29158825
-5.96839976
16.02252332
16.65061864
-6.93858881
7.23412362
-3.78815256
-3.26564352
0.26171724
-0.25551634
-14.93100895
16.29319589
-14.16640162
-16.60294879
-1.18305807
-1.57252944
-0.75497517
0.08836812
1.33824433
1.13226780
-0.66348442
2.71662099
1.42605126
-2.54929206
-2.65968296
-12.59630389
-13.05729735
-0.75671751
1.10371369
11.46235707
2.97859516
5.33936685
-10.42817439
-13.21725588
7.81108766
-1.42122235
-6.30195856
2.78159218
-4.26195104
-9.20498864
3.75656009
-4.38560243
-12.46865873
-13.58763161
13.58330454
14.07320376
1.67584303
-0.03083058
-1.68764821
6.98800549
1.34774473
-0.06194972
3.23928815
5.21651974
-15.20900146
-2.26948470
-8.57742826
19.43853736
6.53401361
2.46987090
1.51172506
1.00646175
-17.59394109
-21.90596473
12.39877334
-33.99495335
1.54252150
-3.21921405
-7.85116587
4.43682759
0.52767545
0.14497105
0.33638661
4.37994306
-9.99589280
12.55798908
0.72330309
-4.09387591
8.35436573
-0.09109656
1.33846333
2.46599724
-3.16307525
-14.28294563
11.37053235
-7.65078567
6.63095376
-0.45192589
1.42647238
-22.71478933
0.40042433
-2.77820521
1.48345578
9.07677878
-9.91052822
5.76351948
5.99396941
2.03814785
9.09217318
11.74213827
0.10661121
-10.62926743
-0.85263419
9.08888291
1.38321593
-0.80911736
8.36431044
-18.52289035
-13.96110622
4.22425386
-5.06599638
-18.43859921
0.84374292
2.25886880
8.27684050
-2.80410738
0.24158017
11.98777669
18.38872995
1.70147338
0.34333912
7.59223477
-0.00483683
4.66815672
1.44099523
0.53696277
8.62182769
-5.11740877
4.50305835
3.20959566
-1.98424213
-11.87637950
3.14187040
-5.74932996
-0.08189348
-0.97537294
-9.99839809
-16.12799757
-2.28339803
-0.13762782
14.77906567
2.85259026
0.70010841
8.75771610
3.23775554
-2.71807544
14.27296990
7.13858586
-1.29459847
1.17103544
-1.31510210
-7.37357710
13.18059133
-1.58725909
0.84753324
13.95873168
-0.93723532
13.42323364
3.41087485
-8.03534775
-7.38031613
-9.93024019
-0.01322935
-4.33135612
0.60760951
2.70610862
-5.84250544
6.26234495
-12.03257744
8.39281893
1.41584985
-1.30011595
2.24868101
-0.01922982
12.51888376
-9.05377012
-2.32226736
-0.01318400
-6.98317464
7.42319184
0.21658608
5.29841374
6.48642599
7.06495851
16.15860176
0.83183888
-1.84852102
-1.65444725
-0.06285624
-0.03707405
10.28255823
-5.71639080
-5.32770341
4.67142081
-5.18043771
-3.79417701
11.37802020
14.28622828
14.31787803
-4.17935544
14.53081665
-0.68807192
-5.75579007
5.99050457
1.85577247
-10.15595148
13.14697498
-16.21145398
-16.04320927
-9.64633572
-22.62051656
-10.69349647
3.23062986
17.58955086
-7.05828774
-9.22033243
7.74534654
-6.30707589
-0.38714205
-8.01213845
-1.72881248
6.56431574
9.10585021
1.71271270
10.19981106
6.92111901
7.60174884
-12.79396622
0.28281789
4.25968717
-0.86215251
-1.33642406
-2.52376860
-3.22575659
-2.53072385
-5.66848159
-2.12082206
3.80876696
1.41749164
0.64932513
-0.23581544
9.83145193
11.38186609
-2.19828786
4.56045736
16.32449319
13.10691245
-4.96583236
-1.75711485
7.06939320
0.92519295
-3.22847713
1.31595276
1.83440238
-0.42591365
10.89392734
-0.00157757
3.58579407
9.62729706
-0.00137379
0.57855892
3.18482447
15.49440464
-1.08992561
1.09910214
2.05668885
6.32136316
-15.72273989
-7.21410679
3.74450991
-2.96302368
-1.85162862
-3.23899175
0.07587260
1.69543095
-2.14098143
-2.71444394
8.52264214
-12.59576625
-4.50744155
9.41860212
16.58736525
0.86460120
10.42138103
-4.61205928
-1.95130063
11.18971286
-0.32165236
-3.56259260
-0.74940438
-9.49459017
9.35217630
9.00115623
-19.46452279
0.14981557
6.87237058
-0.37355860
0.49150779
-5.33244635
-0.63415452
10.81051012
2.94843421
-25.00540001
4.24265776
-36.21898806
25.42378607
