11.57360535
1.97567127
-0.94023968
-8.23862107
-1.60604942
0.70942494
0.01233349
-0.18682450
-2.21623428
-7.33235399
13.27099617
-2.68948575
4.24298685
24.98724435
3.94264179
-1.64544542
-9.80494627
8.28917309
-7.06055685
2.04794335
-19.64586113
12.62598428
0.03468021
14.84303557
5.09911608
4.65504849
14.88622575
3.30175684
1.01881431
-21.58553828
1.29394659
-0.20707089
-20.37081758
0.34144366
0.38018602
5.53467490
-4.25730546
12.42154367
0.11735374
-6.69930113
10.13856801
22.08806084
0.99741202
-4.49506002
-5.92674708
-7.70821190
6.95039225
-6.03152593
-20.77242833
2.36950297
6.79439585
18.18744890
21.46006741
28.21313099
-6.53424535
-5.35686388
-1.05802294
1.60950036
10.76953515
0.63201343
-4.81874116
9.92273699
-1.94420812
6.33133015
-1.62622771
-1.57486557
-7.79752392
-4.44784744
5.84823962
-7.56966051
-5.94020893
0.06352019
1.57040369
6.32319752
3.11851476
5.19891879
2.41973585
15.35859155
9.59498180
2.06303782
6.80764265
4.17669603
-1.71404465
0.54496035
-15.98136947
-18.67810728
-11.83227902
5.56119409
-17.23880293
-1.06685614
-19.20116380
0.68586834
-0.10825519
22.93154478
0.64581677
0.99417059
-1.59733777
-5.24107654
1.66443027
-5.50814285
-2.12152950
5.57176856
-1.38724128
15.26699694
7.09441762
-22.91559665
-22.45005129
-1.62649414
4.61023047
-0.64286277
7.15089577
-1.24798449
-2.20393056
-25.78997747
-2.93058056
0.23245755
2.07695939
-0.12417873
-6.37621643
0.01073385
4.81436925
0.32416204
4.89508607
1.30124635
1.55681041
-7.53016610
-14.84308249
8.25452472
0.09046430
-5.84949601
1.13135084
3.83155198
-3.38622638
4.39368654
22.38600001
-18.40895710
-1.42822639
16.30934854
13.31583931
0.35418858
-6.76215857
-5.37192940
-10.41981000
2.03983367
21.18320571
1.90790333
-2.69917160
1.80738691
-1.18610205
4.18791583
-19.80855888
1.97436125
-9.30625201
1.83062875
-2.59770483
-3.37923992
20.10643825
-12.08157625
12.15830947
-16.31384772
-13.57622459
-6.91314363
-16.33320136
16.12158844
2.65455787
-1.08317563
22.85755050
8.14838059
-0.30344866
4.96360211
4.07221868
10.44256201
-28.63365144
-1.37791836
3.33414541
3.33735155
-6.33504938
-4.22503169
1.82047213
6.17196185
10.41141977
4.14758450
-9.81317667
12.73953698
0.59479830
0.52596616
2.38812978
-5.10648103
9.52405425
-4.16219063
0.88771751
0.94748262
1.50005664
-2.80546281
1.42536456
0.21153506
2.14244628
-7.39101113
19.94247152
2.31150597
6.65733767
0.34456792
-0.89995543
4.71470499
1.70089440
-12.45635951
9.20680295
-10.63387606
12.57306412
-17.00025923
14.68048506
3.20803258
5.50738061
26.88499357
-5.73782582
-3.66736390
1.15063380
-0.56280070
-25.21624499
-18.68130715
10.22374337
-4.25276117
-1.50135331
10.84091424
-1.72141478
1.00778797
7.45086897
22.26590537
-0.11214428
0.00764798
0.84814082
2.58735618
2.08149676
-1.22277185
11.92886432
4.04465814
11.12279447
-15.47378522
-9.65879839
3.56187547
-0.03399992
-2.45091589
21.49789385
13.19567491
1.82807325
-4.54642177
1.15315416
-2.52619257
9.10998476
12.44444766
0.07194495
-0.79097578
0.98472497
-19.08427983
-11.11533021
6.42315444
1.16495451
0.17001784
-2.19917433
15.46209280
-2.12484266
1.52370386
1.26280887
12.80894530
-5.16318075
0.48845337
-0.00154230
-12.47002480
4.62227663
-2.34438852
-14.25816406
-2.80466586
-0.27032036
-2.60193204
-3.44378721
-3.58123557
-2.20917574
-12.03903783
-0.07375839
4.79623643
10.71236235
25.07974124
0.20586557
0.49368179
-1.64026713
25.38029392
0.67467732
-8.67219322
25.23945332
-12.13722891
2.98922466
0.66571586
0.20343492
-0.25606679
-11.24319252
28.52558645
-6.44790347
8.76249978
11.81011019
13.57371148
0.06220549
14.54961566
-0.01339563
1.08257533
7.16852770
-1.09948341
4.36182329
-5.62097090
-3.95607414
10.93626460
12.29635510
-9.09405248
10.24550971
22.76499745
-2.87056730
-0.15579763
-10.14620916
-12.10606290
22.16935221
17.19987236
-19.94894647
-33.54890477
12.43643925
18.83429880
-4.11612496
-12.03720155
20.54639122
21.47903970
-9.52196465
-13.99006786
-3.39696177
7.88918927
5.99122681
-2.12383079
-2.21452044
6.55315147
-3.35422835
-0.63552423
-3.67566567
-3.55451589
1.60290069
6.87390537
10.60471807
18.83628766
4.32499482
25.87802277
-1.08049515
0.04470559
-3.96125294
2.13535631
-9.87971984
-2.24291567
-15.77759440
4.16938126
-13.84629154
5.24692348
-0.07655437
-0.33002404
-7.45986651
0.35323849
-10.59320489
-14.91085863
3.00674364
-7.21924330
1.92712956
-5.25190442
-3.81437521
-4.13234737
-1.30875915
-1.13861216
-2.26253258
1.16501388
15.19867703
4.91516907
-1.75696056
-8.30784127
-3.43289282
-16.69882296
0.69459767
-7.42949388
5.55435155
-2.96964768
-5.74551671
-1.82541034
-5.60715444
-31.37168236
3.86367616
12.91924836
1.72185984
-2.30059164
-3.44532318
0.02023482
1.30012814
-6.00731359
8.81674739
-13.71926774
13.25855393
2.47741271
-17.07572305
4.85869773
-0.77455760
3.66981535
-0.68916472
-0.24286371
5.32103280
-3.65632372
9.36091092
0.10837830
2.33457760
-17.83394686
-10.39521213
-6.05476881
-2.56183475
8.37334586
4.11973198
-12.79854391
-5.43705243
-18.36284149
-6.83480797
-9.79407927
-20.79586311
2.02212085
-3.07433745
2.67954007
-14.84708646
-5.91669226
-9.20244240
-4.10268133
2.45067201
7.76243184
-3.65030007
11.66750612
-9.62499011
-16.79922479
-0.07305503
17.45970032
13.09945597
18.89862264
-3.13720453
5.26644637
-1.11111847
-7.32306437
-2.80892313
13.81821348
-9.82669223
3.49978669
-11.20292081
-4.93412544
-4.60139181
-1.26561558
6.18942120
-2.09065639
13.40765172
22.95814063
-19.12286944
6.93850148
4.65522184
4.28972993
-3.35332663
0.00069933
-1.55961011
1.02230134
-0.63027386
3.87708582
0.55630052
5.46807254
3.07132603
-7.91852011
7.96212350
4.07226386
10.46085313
-13.20851671
0.30839924
8.92454872
-14.11047364
0.61709379
9.41351366
-0.87343041
4.70393943
-14.51797497
-3.35538127
-0.82718250
-2.98714922
1.75751812
5.81647061
-1.81615637
-1.15523523
3.97707775
2.16076311
3.10997917
0.53689422
11.09595518
0.64481455
0.02574081
-0.70621356
2.81129280
-9.94214484
4.60823992
1.65199100
-0.79975067
9.08833641
0.03893975
0.99797030
-9.25261551
-13.88448001
-13.80540495
14.76639288
-16.11080997
-14.08189159
-2.57271934
-26.51848083
30.11454603
-0.68448084
-0.34287262
-0.10260988
-1.15533264
-19.54553812
-14.58408894
4.94632540
18.32193414
-0.13549956
1.45810075
-2.19066711
-0.86996633
-0.87160610
3.36979652
-1.43104048
-5.02018811
0.65111030
-7.24988459
2.24979750
-21.81212692
3.75043192
4.39519582
1.45400317
-0.43642848
-3.21304749
-1.29506348
-5.23310641
3.14139244
-19.91431911
7.96737924
16.39503571
-9.47314990
-0.92463914
-0.87265551
-2.80547857
-0.57542138
-9.11253458
1.64008452
-13.78374411
11.24514635
-19.32791482
-18.73240821
3.76265242
-6.22040765
-10.12313294
-9.07304001
0.16083024
-4.60879309
-8.88162159
13.43599478
-17.17834308
-23.57679672
9.56976107
5.46787353
1.19732192
-3.79170455
-13.40519321
-11.90234549
0.91253443
-0.79738521
-0.43750950
-15.55931974
-2.61822118
0.57498098
-5.67111097
-4.18929285
2.02919520
6.20663985
-2.95516824
-1.44750109
-6.14566352
-0.38733161
-0.06057005
-3.98531898
-0.10659653
0.96026460
-11.64809035
-1.62820590
16.98243933
-0.45639836
-3.58549865
-4.89141818
1.51470188
2.56317039
-2.52591668
24.59937578
-0.79306693
8.86754588
-8.17928213
2.54273764
-1.50960275
-13.71818183
1.11962006
-6.81108473
4.34660225
-2.92087926
0.02465059
-11.80234391
12.03700638
-20.17244663
-8.73212976
4.58450969
0.44832776
-1.19565138
-15.14600894
19.85101023
6.70940790
10.62239309
5.44926334
2.98770289
0.38115872
-3.90508544
-19.83499047
-19.17492458
-3.12546017
-1.48565662
-1.51790614
-0.92392000
-0.01029443
4.03240390
-7.03910960
0.15311544
15.92195393
-6.85458644
17.14982267
12.92785867
-0.35419442
-16.89027761
23.39492467
-14.82749631
19.96317734
23.03955808
3.25211302
14.62507636
3.63792587
-14.02536641
24.55537728
0.37073690
0.03694588
24.68839862
-19.11681180
-24.61151488
5.22663444
-17.92354035
-12.92555116
-19.04147515
-0.01480991
-24.41592596
13.97276991
10.55901986
6.20391453
27.49004722
-9.39894641
10.70308394
4.02899200
-0.84467072
2.52869431
-3.50235665
6.58058043
-7.79831308
0.00936542
-0.15680838
2.57753812
-1.25887174
-12.70494595
-0.83955033
-2.64138182
-3.37593898
16.37482451
-4.58275908
-5.94304867
-8.94198186
9.54653956
-15.68747673
-21.30853651
20.31625305
28.51025351
4.07314070
-9.60194772
13.93911898
2.45506403
2.40792726
1.62473062
7.82875064
0.57744936
-4.18403851
-8.92625464
-7.73684455
5.78271124
3.29135004
1.87573099
8.15663952
-1.68235045
5.08995548
11.86986397
-1.06035371
17.50926214
-27.73169816
19.70320706
-0.34443748
0.11404978
-0.09288591
-2.54382348
-3.38319040
3.77303360
-10.22747657
1.87518022
-2.38826600
-11.79325613
-10.20334126
-6.40791500
-0.81111936
9.82748763
-8.60705351
-1.95148291
-4.26067563
-14.41922777
6.49273783
-8.00081355
13.49423095
10.51556331
-8.44686232
-23.65070891
-6.90626637
-1.42706030
2.36535679
-6.54182295
-3.75565043
5.80134453
-0.81371826
-2.98965056
1.16966244
18.47449069
-0.42119960
-8.34603336
-22.57080047
10.07794683
15.59328316
-6.11000475
-14.31522675
7.29855043
-11.15104151
17.44021797
16.96146529
-0.83158519
15.40674737
1.83372012
6.94629354
-11.28027236
0.77822599
-2.57825303
-7.78079810
-3.45407675
-2.49688059
7.49770186
1.66276896
-19.86201117
12.16064105
9.17670199
-5.73616895
15.96179548
-4.71631537
-8.34638869
-18.78077220
-0.30349230
-0.60186094
-0.00604743
9.57239766
-1.77251259
-3.71115164
3.77455395
1.60709021
3.03669623
5.12854572
7.10589857
18.27040899
4.12303908
17.03365936
-6.64872493
-0.72511450
5.37540007
-1.08712923
-3.84904691
0.93735901
-9.30217891
1.58304258
-3.07775009
-1.62714010
-3.92536908
11.82773589
-10.32091357
1.80153690
0.13863147
-2.43338849
-1.67281027
-0.92162017
-1.31538257
-6.23020039
-13.49565276
-0.16444729
-1.43967828
-5.50358377
-1.10927162
0.34138773
-4.85191964
-4.73033653
19.15896790
5.97238582
-1.00708371
-2.66390762
15.94357083
2.79001674
5.52128265
-16.79022740
-1.88052552
18.36701311
-2.43472716
-11.02439970
2.34368532
4.35858750
14.81319699
-1.57975804
-3.29150912
5.70107825
1.75810242
0.63901759
9.45699495
9.28370908
14.72743816
12.68888579
-0.55753995
-4.33345620
19.62586126
-4.85837405
4.08215540
8.21469874
-4.59443934
-8.14881475
8.17749163
-1.66844848
-6.51157142
-11.44743580
-5.60814799
23.54209713
-0.56373793
9.44253199
-3.10163212
-5.41395674
1.58278354
-14.26697731
-3.34999549
11.85923749
-7.15845674
-2.96200300
-2.30241444
11.86198046
3.18256884
-8.24889876
-0.19250789
-10.52585892
-5.93651164
-26.44557007
28.90021000
16.97858841
-6.07521180
-24.89095334
7.60092878
4.49069310
5.64555951
-17.22933263
-11.04565379
20.61939529
0.20107796
-9.73526535
10.17651712
-18.30146468
-6.38836985
6.12878526
8.19018437
-1.31457834
-21.43818920
-7.09241261
20.27475388
3.09062281
-0.82677957
2.08526733
3.39428284
1.39240372
10.08140114
4.19617670
-7.04218873
-1.17908958
-22.60924998
1.28049944
-5.47656287
6.81256928
-14.04333270
-0.53140519
18.95435420
-6.20020270
-0.82984011
0.01805400
-0.88552468
-3.26604052
0.21603677
-0.10073886
0.01184037
-1.42554277
1.69035971
0.00179885
2.39521600
0.97638405
1.65719848
-0.42621851
1.02064077
-3.65312918
-0.38498144
2.83945829
-0.16429822
1.84238476
0.20790921
-1.97960199
-0.09028434
0.07623296
-2.65772234
8.73525511
-21.03066830
-16.87754452
3.21954289
-5.71561428
13.12416988
7.00637532
4.55412500
-3.65472043
-6.19292549
15.83582038
-7.62135036
-5.05816821
10.45817720
-1.08612965
-2.31518070
-4.49313347
0.02494048
2.46997093
-11.54392985
0.05215705
0.35836363
1.80080856
