-2.16958385
1.05513438
0.32575510
-6.86849703
-0.18997824
0.00236004
-0.20104931
2.51685893
-1.24958690
-3.84075410
2.66963617
-0.96247220
0.42572078
3.99676284
0.13487492
-1.70559328
-8.96935348
-4.72845793
0.53630491
9.11088464
4.25024408
-0.61039343
4.45638736
-5.30298083
-3.42083941
2.19290011
7.58636155
-0.46274702
3.31336899
-8.57196710
0.00238709
-1.87142091
-3.40622751
0.03928085
-0.24486055
0.41864399
0.91374012
-2.07452327
-1.68100566
1.34430585
9.37679553
8.34594792
-1.75499418
2.62069142
0.86530575
-0.00639369
1.18401221
-0.71980566
1.23278285
-12.97324305
-0.02232764
1.95837530
5.02380785
-6.71381219
0.03002469
0.47403231
-0.12616401
-1.58976379
3.61574191
0.93106201
1.92748514
1.44742288
5.23866658
-3.17456128
1.54104799
-10.24521982
-2.96578447
1.95915058
6.50846956
-1.51198164
2.00295787
-0.07139626
-0.56813259
3.04939087
2.33661785
-0.96354366
2.96352025
-2.16609876
-1.24302670
0.79341662
9.96287055
1.05242031
2.22118941
0.10680622
-0.34705039
-4.46868293
5.51483865
-0.92032245
1.36938715
1.60874597
5.69694878
3.42491108
0.47773526
1.72562482
1.23450107
-1.17096977
0.34931626
2.60618880
-0.06823870
-1.61289936
1.27493370
0.70600828
-3.92457382
5.24737240
4.82539539
-2.71245480
6.30238608
-1.68255141
1.89536047
-1.22192977
-1.46640364
-3.69048287
-0.74602871
0.06657468
-0.98028257
0.00567660
2.60800833
1.84179427
1.32611243
-0.30344001
0.29616762
-0.30616278
-0.89373316
0.05254285
0.00391979
-1.53285917
-1.21362092
-4.98415963
-0.01087971
-1.29688910
0.59643549
3.52872810
0.96774097
0.99826089
-5.08313993
-0.53461296
-0.57531737
-10.57258479
0.05671825
0.15648755
-10.37043043
1.43001338
-0.42507446
-2.29052485
-1.34644116
0.04567626
0.23848973
-0.89507386
-2.39603546
0.33084355
-10.66124955
-0.00765407
6.51841508
-0.69944058
-7.32966683
-0.92368889
1.80053851
-0.89809338
-3.68112871
0.69893527
-1.39738040
0.56219328
6.21494260
-7.85076545
-0.25704909
1.98386900
4.83084820
2.51305925
0.15987479
-2.65922807
-1.22637352
7.53117239
-0.34786119
1.90237659
-0.21509564
-1.31035874
1.01397040
0.09030567
-0.01712413
-2.88331509
5.26142490
1.45705786
2.51960779
1.66824951
0.15502492
0.87307561
5.75861812
-3.01378504
-6.56754366
-2.57755871
-0.17577619
-0.57957780
-1.43760107
5.26944761
0.75736401
0.00159488
-0.65371806
-2.50115643
-5.17712937
1.15432488
-0.13607629
-0.10460727
0.53599788
0.50312116
1.04644887
1.76319486
-0.35896208
-6.72319488
-3.71766947
-0.62883964
1.49820170
4.41874622
-2.69593429
0.32194430
2.12025175
-3.37726751
-0.21932363
2.69763319
6.00016751
9.02252973
-3.01677998
7.91468678
1.88912708
-1.12905095
2.96416192
0.73222184
-4.36384479
7.47524816
-0.31460219
-0.49764648
0.13219507
0.58516562
-0.85275474
-2.28986718
-3.00571075
-0.24373626
1.38974050
-2.40151242
-2.07395623
-0.22944979
0.38084487
-0.73331309
-4.32675529
1.41717072
0.02123714
0.27598580
1.00454342
-0.06213982
-2.41832664
0.75165057
0.16262353
-0.16981499
1.57525784
-7.09266183
-2.68414200
2.04013862
-1.43442153
-0.03079115
-0.18051108
-2.11289171
0.71247800
0.86796891
-0.73809191
-4.49529637
-1.13971464
-0.67906892
-0.75814878
-0.45045004
-0.79931072
5.09772157
-0.22941583
-0.88935143
0.24763745
-0.16973765
-2.39836300
-8.35305115
8.95320942
1.05063164
-0.12616401
0.15648755
