1.37059277
-8.23868015
8.35309778
-13.57836405
-4.59108335
-2.66788592
-5.48932328
4.54066793
-0.32880601
-5.82994780
-7.96300370
-6.03432853
7.17618124
-1.34013387
0.84287471
-0.23836526
11.19391737
0.15035317
8.60588408
-9.23735669
-17.09149019
-0.75338792
-6.53888912
-13.69086281
-6.03436252
15.22629183
9.27873435
2.25662724
-7.70119639
-9.04241048
2.21075444
-0.40338849
-3.80840557
-0.62045096
1.33877015
-4.41027996
8.33941273
0.00272707
-0.00666584
11.90016709
-5.61830597
5.99171043
0.09773914
-6.18855703
11.62807847
3.86722168
9.19913660
-3.48604736
-14.53092440
-13.78290041
-1.24416588
-13.56233087
-14.93951547
-1.60655082
16.43902258
-2.00186261
0.20135657
-2.31816319
-1.98789301
-0.01625378
-0.56787457
3.44551725
5.95010438
2.93490398
3.53179578
5.77250972
6.57036305
4.71802488
-4.73832530
-4.89597396
-2.09764995
7.08249504
-1.50133026
-8.38580321
-6.05511305
0.21794061
0.08862764
-2.36866978
-7.36793200
0.15165352
19.96560633
12.56022723
-4.60664596
0.44958616
11.20320097
3.22238824
19.70377828
-13.61029963
-3.77404256
11.88542143
-3.00334427
8.42430287
0.30608177
-6.20090090
-0.68853585
0.80383917
-0.13757333
3.51302807
2.68933896
4.80961148
-2.91613556
-1.71137206
2.32314131
-5.12281536
6.40758065
2.21646264
-4.34646349
-1.51352091
-2.36067723
0.94474419
4.41906812
-7.30100902
3.03409108
-17.78955933
-0.50950165
0.28799416
2.79483031
-6.69442482
9.12910053
-0.20919792
5.38614502
7.23228709
3.87883122
0.64843839
-10.15299133
-3.30116922
10.23466055
-1.66515911
-4.44059777
7.60558539
0.70840091
-5.77354086
-2.08858573
-0.34920300
-10.02551916
5.55607326
11.03234746
8.68830273
3.53103284
-5.21343166
15.45500305
-5.16109257
0.79774446
-0.33340898
6.38163888
2.37165791
-1.78533227
-13.10924603
0.46801523
-1.91248006
-10.39720227
1.05448219
-2.54712951
9.79936311
-5.04629149
-4.31036031
-7.26190354
-4.82665857
-8.11544029
-6.98320077
-1.73586625
0.50651722
-0.15515829
6.63782722
-0.03753428
0.13555539
4.19807135
12.00629598
1.84418832
4.94897499
2.45778622
9.98325866
-19.97937944
0.02737729
-13.31116372
2.99256583
-1.75049422
4.38919503
-2.24312529
-8.34824882
-15.67796203
-13.35149340
-1.88011413
-16.89456478
-13.82812167
5.89774523
-8.42942049
3.13494955
-11.32266630
22.32950647
-8.61512494
-1.01910690
-19.02407265
-4.22194073
3.12035670
-1.69878532
3.82741656
2.56756023
-15.93848362
3.71971414
7.51380814
-2.42136396
7.70328397
1.09894384
15.33030867
13.67754778
3.02895174
8.14614078
-6.92733916
11.06298711
8.01618931
10.51077902
-6.30556897
-1.40238723
-5.98801440
-1.09542358
-1.99984317
-0.53454457
0.61118954
4.16010626
-3.43704376
12.17460025
1.74366898
-6.50917873
5.61441223
0.04995938
19.81801509
12.30847183
-1.96986973
-0.57870684
5.64597492
-0.71091273
4.02542554
0.99541806
4.86604810
-12.79648217
5.70922838
10.26266128
8.23472192
-1.73025639
1.77758333
7.60418393
-23.32324627
10.16994564
7.23763478
0.19833939
0.01326123
-2.71167203
7.13548159
-2.45164884
-0.52893440
-8.19805199
-7.47589683
-8.92771331
-18.36594891
-14.11510502
0.34963549
1.81015058
-4.94765260
-13.69116024
16.34628435
0.34658700
-10.33948827
-6.70189565
9.57635645
5.24284563
-2.78259227
0.03403860
-0.32219528
-7.17652627
1.83264630
3.76344336
2.53745202
-12.79392703
11.11088937
18.80945681
2.45657417
-13.54485268
1.01084366
-5.02106073
-5.00181294
10.14289270
-0.32003409
-2.72895335
7.93733128
-11.31836701
1.75306238
-6.89352821
4.76232924
0.75833465
-12.74024691
-0.30238836
-0.01295689
0.42273369
-8.16010956
14.78954712
-13.24645855
3.83015104
-7.41619779
-3.46450790
2.59275038
1.96900720
1.14989355
5.44849938
-13.04054135
2.29297800
-5.77716758
1.66008526
4.09395241
-2.82724056
-2.84241292
-1.93106440
-11.66653866
4.22895481
-1.77718082
0.01036475
4.86945768
-2.21220501
-8.63728728
-4.58085758
-3.40607903
-11.89694062
1.30139473
7.23463262
15.64471273
12.76853215
23.40253168
-5.18723236
-1.24120396
8.19055515
-2.42307289
-6.45601461
-3.49764061
-10.25182754
4.59643599
-0.01052650
2.37342696
-1.85854246
8.35918087
-2.11775627
0.83950651
-10.86851261
4.42393857
11.22413784
-3.83099516
12.49342553
-0.04936382
4.69043874
-5.36619831
8.04041653
2.91812595
0.33238334
-2.56477836
-3.60923359
6.70450165
-9.02694908
4.62326101
1.14923446
9.20532333
-9.09151171
-12.46347842
0.94786858
-0.82816889
-0.70364550
2.25018358
5.60375565
-10.47372813
14.48973715
4.09029223
-0.67235967
-16.08620368
-3.37402393
-13.83509908
-3.19508643
0.73066513
-4.35522947
-13.63541796
12.63267454
20.56664527
4.12565323
-3.94218342
8.39668738
-5.98299897
-2.58072677
-0.22717331
-7.30559614
6.51964334
16.07079083
0.82855230
5.60292516
1.95346429
0.01951803
-1.28267481
2.82970620
-0.72693201
-0.95857364
1.43607188
-2.90732141
-3.93338437
-3.43197536
-1.99681579
5.02727314
1.90670273
-1.40422902
-4.81721844
-3.49813299
6.41330406
-0.14229047
-20.92508226
6.03971355
-9.06188353
-11.66692841
17.17491176
-7.62201741
-14.58303700
9.14273181
-10.02479240
-1.65522014
0.69664668
-8.34857046
-5.60893403
-4.46582015
-0.20806293
-1.46102212
4.06452022
11.84105142
2.75255457
0.35106587
-0.01565594
-0.08136102
3.22128917
4.21336067
-1.24938728
-3.40453720
-0.72437843
-4.49145911
9.49474606
10.05355333
-2.22714884
17.80894427
-15.80148136
-9.70597318
5.65794953
-4.96598123
15.16055125
16.84626106
-6.62960506
6.69690949
-3.63919301
-3.04737434
0.23941622
-0.29859146
-13.93025938
18.47692895
-15.68548661
-15.96898325
-1.32443653
-0.90763655
-0.79694884
0.10295465
1.38499337
1.03494053
-0.68936872
2.58436946
1.36373740
-2.44187507
-2.73363446
-12.85333475
-12.97975588
0.05115465
1.03141736
11.61006946
3.19032256
5.55276547
-10.49708073
-12.72734381
8.55840187
-1.33950541
-8.47036623
2.61410666
-3.60957776
-9.14989509
3.38864661
-4.02111626
-13.51410400
-13.29113339
13.66221007
14.13758954
2.39107307
0.26418543
-7.33238685
14.81806944
1.40639735
-0.01300618
3.35428557
5.06321939
-6.86541411
-5.92902674
-9.11108365
5.84533353
7.02104173
2.76108570
1.03889910
0.04283492
-18.05336840
-16.74161078
12.46679013
-25.00717747
1.56865071
0.70221663
-8.06893471
-0.46412919
0.50502816
0.09795525
0.33899003
4.06409999
-6.03228874
14.09940571
0.88488528
-1.08732234
8.74582288
-0.11222018
2.10646360
2.11088191
-3.01405930
-14.20424037
11.38781633
-7.81982563
6.26842024
-0.77251879
-0.17086235
-21.85722069
-0.12610323
-4.19601315
1.54626292
7.19536220
-10.43247642
6.47468439
5.17881707
2.05068972
9.62821598
5.34431696
1.10168972
-0.73172127
-1.31616643
1.19870304
3.47844705
1.00407104
8.52049167
-18.82440632
-13.08089727
6.64180323
-5.76970035
-18.33947875
0.98578030
1.09088894
8.41176684
-2.83334976
0.26938870
11.73072619
15.39657726
3.35886940
0.47505365
1.14254083
-0.23949580
4.76888145
1.42825106
0.66722059
0.67643101
-4.10246294
2.57717164
-0.12717274
-1.93470208
-12.23765638
3.03373636
-5.45587725
-0.19359227
-0.70653400
-11.27577972
-16.98296379
-2.25654175
0.07730631
14.90720277
3.00502005
0.67846117
9.59420149
3.51613422
-3.00920549
14.52326971
7.45948564
-1.35067103
1.99257261
-0.95561602
-7.15105667
12.85008879
-1.66232180
0.52430694
13.76312104
-0.77595467
12.72689891
3.38393793
-7.55070792
-7.48890865
-10.12095131
-0.01710876
0.30499235
-1.61436215
2.41265280
-6.12131751
5.75983285
-13.37614320
8.87866010
1.44363273
-1.75598028
2.37099714
0.22773416
12.67107693
-9.31197025
-2.17135718
0.01794297
-7.54503519
7.62161166
0.10270909
5.34662109
5.12011142
7.48371483
14.45692961
0.38779593
-1.90068039
-1.64107602
-0.06669055
0.04847659
10.62817798
-5.58533899
-5.65100686
5.84403890
-5.20104921
-2.90117653
11.30547733
14.08850861
11.77592358
-3.91147108
13.15668936
-1.27407370
-6.02299945
5.24606610
1.74199755
-9.73299257
13.70891311
-15.78089523
-15.69785590
-9.84004656
-23.89093064
-10.93418423
7.93912910
15.99979657
-8.55143253
-8.58250646
7.96281563
-4.99764077
-0.32326940
-7.12831817
0.52336106
5.49781689
9.89119503
1.52468611
11.59656139
7.55595081
7.36206772
-12.62271478
1.25190590
5.11882892
-0.83664081
-1.43373409
-2.56496859
-3.03638767
6.24600365
-11.91253386
-4.49474673
11.14203523
-2.13921291
5.14853390
1.20023038
10.37777425
10.76910971
-4.19051048
4.88433223
17.37232153
12.61957744
-4.98079661
-1.67049111
6.63799072
1.75512474
-3.98276180
3.44613342
4.50924756
-0.55794166
10.18595874
-0.00055724
4.09910965
-6.41978902
-0.03831242
0.98401206
-2.02967940
14.69831933
-0.91309549
0.97621536
2.02300936
5.22669902
-15.04926995
-11.28649721
3.51604370
-2.87458059
-3.67180218
-2.83987311
0.06788188
1.83420608
-1.09427803
-2.91937278
9.06339985
-13.74103839
-5.50496745
9.85515135
17.98578041
1.33568355
9.96441337
2.74525440
-4.55586071
11.47024516
-0.29866401
-3.72454660
-1.17070581
-10.24092058
9.61302589
9.97225485
-20.62542352
0.08128774
11.74405198
-3.35901882
0.66465280
-6.56263302
-5.90357977
16.01592066
4.20051245
