16.99682057
0.27249109
4.52308576
-0.11802094
-0.47974232
-2.35656860
5.02729412
-8.23122598
3.00735882
15.66644595
-4.72919576
2.62845466
6.62000914
7.05553111
1.29698234
-0.58914885
2.18623806
1.44708926
4.87642480
-25.48895312
-13.14477458
-0.94180375
-3.38118662
-5.10524209
-0.68957211
10.97634057
1.72473320
-9.75322510
17.38531748
-13.74562697
-0.63220274
0.12521283
7.95544978
0.56500158
-0.50897567
2.30457252
-3.79994798
4.73677748
-0.00036015
-4.42029257
6.46489152
10.65370281
-2.31022486
-15.22012136
-7.73607046
-4.62074276
13.63634088
7.98507284
-16.69910975
8.21731915
4.36121157
-12.21311547
-1.60759391
-6.78262148
9.09010125
-0.20047191
-0.09384836
-0.42051211
2.31681628
0.94972428
-0.60387142
-0.91518604
0.07398009
-4.82560566
1.85004862
-11.98397093
-7.16665358
7.75412178
0.45101798
-5.28914771
-4.67410413
9.51689943
-0.99345386
-4.96653368
-0.74847565
-5.92922006
0.24299043
-13.32570851
2.10646544
1.62656090
12.48198276
-17.96543998
-3.66699112
0.59250457
-6.61996666
-22.87880532
-7.31442809
6.08188613
-0.72443527
6.67838360
-6.84777521
-11.31027323
0.13698170
17.37139745
0.14191343
0.34313242
-0.37752277
8.48599061
-0.95109729
-7.94105505
5.67978430
2.13702229
17.65287167
8.63653413
11.54108717
-1.24636305
1.82270677
0.51150832
-1.45216848
-11.71238190
-6.45099188
11.16775600
2.58397116
-20.65727314
-1.45939179
0.26091325
3.69048816
-11.58068731
7.99343988
0.02034180
8.69968281
5.54958828
4.67573741
0.48902398
-1.25214397
1.58821028
5.27537849
28.22475117
-1.37484584
0.83161096
0.90248065
-5.02206109
-5.30614648
0.77928329
-13.45076052
-2.91840670
1.77609294
23.09583817
1.67757978
1.48454733
-16.99742808
-3.53833400
-1.79117637
4.73073127
-3.01597735
-0.71552478
1.29526454
-12.83783476
0.08539366
-0.89569891
-19.24972874
2.50984516
-11.23726106
-8.33919880
-0.37203538
-0.97027388
2.02999416
-5.32903723
-0.40787087
-13.76989457
4.07508847
5.68024217
-13.18624084
20.03541825
-3.43771570
6.65646643
0.08708141
-9.97847058
0.52524469
-0.59958485
2.72533694
-6.74903211
-27.83339280
-0.91194469
-8.95930931
-2.94071757
-4.31054318
11.95549364
-2.08083669
-4.05109702
7.05497917
1.62227957
3.56465357
-2.20627341
-2.93754119
0.24502260
13.51527088
-3.06268305
4.01332375
1.38589633
0.73888546
-2.74768212
-9.42767423
0.65194849
-2.66811698
-0.38289307
3.66029929
-2.26180887
7.07548619
2.31194947
2.37526887
-0.47993182
1.01955083
-0.00982932
-13.73131445
27.19079021
6.97543878
-9.93441626
-10.53294085
-0.12473040
6.16101598
-4.44065421
-16.24535441
-2.98564243
2.35090644
-5.00231209
-0.55041719
-1.51244227
18.74227753
-3.63170241
-3.96812148
2.55359640
1.77665802
-13.96478941
-2.45815862
1.20924482
5.05894369
7.20793613
-1.57673800
-1.47834768
1.43746174
-2.01233643
0.13469695
9.87866634
18.61346983
-3.29767979
0.85765051
0.42456287
-4.81051420
-1.80316894
-2.17399051
6.47374878
-1.53911335
4.43371437
0.44670596
8.10540034
-0.00736733
-2.61107108
2.94991657
-2.21078614
-3.32541149
-0.95581853
6.48742274
-26.89803817
-13.42465333
-3.03036812
-2.12176672
-0.64576772
-1.62366445
-11.28518439
-2.95330862
0.97603772
-15.95041896
8.60829846
-7.82080155
16.50766392
0.92522216
-4.79213338
-5.48948680
-9.39005296
2.51809294
-17.34448268
1.16042733
0.90059880
5.50184195
2.64047958
5.26755677
-16.58229334
1.07592236
2.71484399
-6.02712072
25.83823186
1.35651053
-2.91150923
1.03531498
-9.62662984
2.65728702
-2.15209819
8.10179123
-9.18434571
-9.25848114
2.08497050
-0.01103277
0.25092610
-15.46659149
-5.19562194
-7.84576109
2.73335343
-4.62984460
22.68499272
1.59365336
6.72471427
0.01170057
3.57377087
0.63097838
9.34419314
2.27482412
-9.26654815
5.49731008
5.92590079
0.87653184
-3.31832332
1.88357868
23.35733379
-1.62155080
0.73862995
-9.52725873
-18.11005538
-30.34191150
18.44657049
-6.53498754
-14.19786382
-4.21860853
9.22974439
-5.51513817
16.45507032
23.26789656
6.21258663
4.41267367
-2.94768542
0.64636340
-5.10669624
2.06118405
-13.95372293
0.89938392
7.71744953
-2.59293441
-0.21717053
2.37845055
-1.54790898
-0.01128485
2.67333150
2.91676726
3.15966006
18.19345963
16.78555695
-0.10199197
1.07711214
-5.07573679
2.83469374
-8.02914449
-1.51274818
-4.09945077
-7.35208281
-19.88266648
-17.16228343
5.87342122
-0.92710573
-0.99698816
6.45678874
-15.12122197
8.91360382
-3.29991134
-3.29993467
-4.44638113
1.66682787
-0.18366135
-6.51134276
0.27917401
-0.00406825
-1.11502989
2.09620251
24.30544712
-3.05267746
4.11755677
2.81418461
19.51097258
-1.67924284
-2.98930236
-1.58901498
-0.01286594
4.36769913
1.15360364
-0.75026104
-4.07950338
11.80829957
-12.19375087
16.56370414
-0.18755495
-0.66326719
-2.73812838
-1.12977850
2.61560812
8.41046168
-0.00803237
-7.15323848
8.94025430
-5.03981363
-8.76169033
-1.59794619
1.89105918
2.67763753
-1.71181951
0.72044256
3.14428401
-1.95829664
2.69327341
0.00242532
3.96335042
17.27832748
-20.57886968
9.69853188
-2.38928230
5.75747974
-2.08968164
-24.94604800
-9.73995114
-17.31466284
-2.25740114
-3.80594610
-0.34757673
16.46071504
-5.77456967
6.37184205
25.52852941
18.13451584
3.53086035
8.84692541
-1.62558337
-0.80730971
-0.28474520
5.31901493
-2.10653364
2.08850916
-0.56657019
-3.06923024
6.10945307
4.75078298
-7.07923811
-25.54058486
-3.96101381
-11.97798267
1.34118150
-3.88913816
-21.69132412
-14.05695369
5.49320156
-1.96593712
5.47280165
-4.18016828
1.81677660
-0.55839859
13.96169316
19.03157402
-6.23618584
11.69777567
-1.95350452
2.35832991
-0.65496765
-0.54217631
1.64441762
1.11877205
0.49411307
3.71142704
2.05595771
-1.60297676
3.59051349
1.65776215
-6.43548775
-0.27162704
-17.07045315
7.02067141
-8.64595468
2.29009736
-2.60608356
-13.18292735
4.93830523
-0.63941430
-3.23630018
4.77682880
-9.87966461
-9.82716382
10.95743941
-3.56751482
17.21584793
-9.91041441
11.12656007
8.73192630
1.83594705
1.35505922
2.41945753
-5.54357457
0.64567464
0.26046552
2.76325247
3.49021091
0.60058648
-0.68705044
0.69454030
-4.58181709
-0.70632678
-2.41291036
6.34171726
3.63811826
-9.03513582
-7.97838622
8.43765711
-8.00033181
-2.35059352
-5.04516883
-18.11499175
18.77256508
-0.74680663
0.35124162
1.02917815
3.48185589
0.77104721
10.47018249
3.46211792
4.80124425
-4.15349573
1.42723954
-0.11675748
-0.56809884
-7.53872309
-11.49623191
9.01150590
-0.90900076
7.49540186
4.08600346
3.18051068
-27.43169707
-1.25153139
-2.37381274
1.11930470
12.48967149
11.66226431
9.58923915
6.93972541
5.04673486
12.33434641
0.04232799
-3.68811363
16.80933051
-0.73230452
-5.78073484
1.03237879
0.00632280
-1.00495738
-4.95251917
-19.32277099
13.76795173
-2.75866105
-17.32852704
-15.65210330
0.51774236
-4.11165494
-6.52962945
0.12708790
1.91159598
12.96315139
1.82105306
7.07946863
-23.08384146
-0.51037976
4.09953112
-0.13771185
-0.50518405
9.87529218
-2.69116231
8.02713497
2.59443212
-2.60483212
-9.00715959
4.70951858
-7.28122438
1.23297969
-11.31961689
7.40546693
-8.70489872
0.19544678
0.74411335
10.19433857
-0.45300439
-0.05329526
4.33343220
3.02178053
-1.05651689
4.12570765
14.40991481
12.11867574
-0.81098496
-4.31742390
-5.37092387
10.05455194
-0.13701312
-3.35054876
18.06919319
-0.11327634
15.59973259
10.59841799
-4.86638089
-4.63520215
-13.75166036
-0.07637221
-5.22427301
3.81540628
-1.53932583
5.49522288
-1.89538466
5.10310230
-1.76688835
1.10696191
13.70540275
-3.98182054
-1.15965614
19.90355202
-10.94412709
-1.98786494
-23.26678673
-10.07762569
3.39494245
1.00799593
4.59824204
-18.52697793
5.38594220
4.88052149
-7.08065366
-0.25234900
-1.32745605
-0.83179902
1.85692500
23.20406596
10.32791766
3.38877602
-5.86837574
-25.41915769
4.12183699
38.40659350
9.66109991
20.69532893
-7.29891797
6.41975127
9.05380505
-0.05331130
1.59164548
1.93472416
-10.64886634
16.65583011
4.28024425
-1.41846547
-7.43134187
-22.15166348
-6.69375415
2.24850073
-17.31514272
-4.65767899
-5.47254264
1.26245121
-22.02331951
6.51521478
11.86599805
-0.29514995
21.62115986
-1.41395630
5.01456094
14.55470578
13.61281372
-3.01281858
3.57310568
-6.87089293
17.37576454
0.01220398
-1.16383932
1.79763342
-3.02671597
13.41827724
-8.97528776
0.26534296
10.52064539
9.91966662
-2.44334893
-3.98529059
-0.87303741
16.37428376
-0.49253573
-5.46108363
19.96747449
12.60083886
7.28685732
-23.53056593
9.93993880
0.09239088
1.57557001
0.88364521
5.90412717
9.93015809
9.15170376
-7.21862467
-11.95491974
-1.23126872
-1.35359246
1.80706466
5.60513545
7.99293688
-0.79167473
-0.32049629
6.14615568
-19.22324638
-1.62002035
22.97070269
-18.31867441
-0.35828742
-1.08017409
-4.12815863
0.33864824
-4.81412316
-8.35148068
-1.74393372
1.02211740
-10.92810929
-6.38357446
-2.25780826
-9.38428787
8.41657201
-8.17468852
1.29607221
6.22712843
-6.55177971
-4.36262817
-0.35490969
-5.87471483
-0.27779400
11.29767486
-4.93421490
2.08866036
-0.21316191
-2.86524606
-2.52071978
2.07152678
-1.13921038
0.43185479
2.11584747
0.60504464
-2.98961549
1.84643619
-18.30710751
-7.11677802
1.12472675
1.84633957
1.58193375
-0.45122610
14.60286785
-1.04736299
10.22249397
5.89519598
-4.08357451
3.61778060
14.62842892
-1.60960267
-5.21593391
4.34387283
1.78681948
-6.59765207
-0.31523864
0.00420537
-4.31846954
-1.04482338
0.24661426
-5.79478045
1.92381562
-5.39135688
-11.56854552
-4.97635861
16.60758536
-10.73750519
1.19714736
1.44342849
0.50902360
7.05696347
-2.16276766
1.55614227
2.54989776
-1.12914764
-0.34820106
-6.78620795
6.36713112
8.02179589
-7.33338383
3.23946830
1.96306096
9.11713595
4.51646471
0.26606809
-4.50802635
-0.57948763
-4.12894969
2.16694114
3.91425504
4.14669836
-1.44656577
-1.74152199
-6.19293781
-5.85990982
-0.07905373
-2.19530891
1.83963318
-0.11903240
-2.48705144
-1.22484173
-4.65785553
1.18697193
8.04548050
4.31537800
-6.68898332
-0.92643595
-3.05502559
1.04757441
7.08153745
-0.72373270
-9.35395193
7.39348735
20.18048329
-22.50445773
0.78363251
-7.37323796
-0.48625512
22.53785943
2.11549883
-0.28810753
-4.34941438
16.11821250
-0.92211728
1.44737992
3.81349257
2.46827242
8.27748285
9.56530484
1.76006704
1.65106656
0.98242723
7.17126551
2.59227558
1.20407055
15.94576196
-12.87126522
2.02287172
-2.86548837
-35.01483769
-9.41764056
-21.17759781
2.08052948
-23.42499531
-15.68155111
5.41805011
0.16077250
0.12521283
-0.20047191
0.51150832
-1.45216848
2.35090644
-5.00231209
-0.55041719
-1.51244227
-1.62558337
-0.80730971
-0.28474520
5.31901493
-2.10653364
2.08850916
-0.56657019
-3.06923024
