-3.51751780
-8.30459846
8.59070986
-10.74936373
1.85138102
-2.56577749
5.69051642
0.02181908
0.76074473
-5.06284210
-7.73756666
-5.88326848
4.72500718
-3.06824283
-2.80070177
-0.05273987
9.31085359
-1.94644815
6.57540029
-11.27399594
-17.84164510
-0.17234714
-9.47672789
-14.82247662
-6.71397433
13.77563790
8.68782295
2.66716389
-5.21292539
-6.43882803
2.07118517
-0.32746942
-2.28709369
-0.71842833
0.51243741
4.34632665
3.80039065
-2.87442397
0.00276277
9.96171044
-1.39964284
6.37784565
0.13331783
-8.68875596
15.85889596
2.37883829
8.54246092
1.56239007
-11.28311870
-9.41724113
3.35874606
-1.48206250
-9.74799579
-7.18123654
14.58981899
-1.63366321
0.23282875
-5.55803662
3.06870595
0.01619846
5.82514005
2.88152060
14.06408422
0.94584899
0.01312928
-15.22867366
2.85116355
6.77554398
-5.75052799
-5.84501448
-0.85419173
6.96477710
-2.40536961
-2.91270077
-4.07634245
-3.23506226
-0.06769193
3.29603266
-7.64852026
1.70612277
21.17513637
0.94740963
-4.99149794
0.57675913
11.46406652
-13.85324003
17.39805559
-5.66538624
-3.74316230
8.51852425
-12.46694166
-1.35233956
0.66733801
-10.87140724
-0.29279917
1.62120406
0.13131786
4.01339643
2.89911527
7.74339584
-7.58786657
-1.88940749
0.95522707
-2.86969929
-0.38446927
1.65924674
-6.31826987
-1.55899232
0.66449043
-3.48366017
-0.79950843
-7.17884297
3.86739196
-20.94006639
0.74578684
2.11812084
3.94216915
-8.03348728
3.14897245
-0.13600015
4.51016015
7.28216169
-1.23340342
0.55904231
-7.20651701
-2.07938278
8.27190509
12.43716066
-4.25578575
2.46752350
0.81155241
-5.09029387
-13.35844992
9.22164432
-8.00788158
-9.40467749
4.55456542
13.42450589
1.46209746
-4.29548976
13.20092423
-4.84790331
3.16701420
-0.85660552
1.93561338
0.96038189
10.77743097
-10.12764631
0.47964969
-1.12188095
-9.71924467
3.08663570
0.21670963
7.52708384
-4.70574612
-7.69417016
-15.33209001
-3.77200003
-5.75816864
-6.01265258
15.30790541
1.55829478
-1.40172683
8.50314298
0.38767609
4.97346414
1.12105370
13.18377600
1.61365425
-10.22245127
2.79847538
7.58690611
-23.13619139
-0.62066337
-14.22511874
2.58651915
-1.66352445
3.77180994
-0.96793517
-3.69075388
-11.37771058
-11.20428570
-3.07647434
-12.82682267
-5.31099132
0.41061461
-0.23801785
-20.97090162
11.70931798
23.06539480
-7.22686894
-0.66042307
-18.89403267
-1.22492417
2.01976596
-1.28335139
6.02882175
1.62572029
-18.85067745
3.48665585
6.62173800
-6.08185894
6.78340083
0.95397967
13.20372736
12.27779161
1.74031503
5.78024657
-1.48528895
10.88536463
7.46959474
9.60807192
-9.58279789
-1.79118187
-3.80715569
-0.24023897
-1.64001729
-5.05438449
0.85349240
9.14075414
-2.36388248
16.39841514
2.18988270
-3.86441376
5.40076202
-0.19792617
19.30429434
9.47669368
-1.83188837
-0.30015449
9.16190317
10.28904433
3.62616674
1.71302517
4.89665484
-12.16781600
6.13189497
9.10376132
8.68618378
-2.46743465
2.50236179
8.92771988
-22.64340340
11.76362807
1.19655384
-0.75295528
0.09390472
-2.76983075
6.01092367
-1.08689958
-0.42338633
-6.09609142
-11.04179280
-17.30510179
-14.92865685
-6.90510520
0.50312838
1.51460215
-10.29440462
-10.11859604
5.15473040
0.11491760
-10.41473588
-4.28029571
5.95371178
6.94180277
-0.10521425
-0.30381022
-1.59329813
-3.84889808
-1.45354881
-5.75514523
1.44136648
-3.40347636
10.83022586
18.19294345
2.69338955
-11.27453693
1.04459011
-5.52175143
-8.12681260
12.98717755
0.20815729
-2.79372457
-2.19108466
-4.29605606
1.57138257
-5.41202768
4.52724613
-3.23785878
-10.56099913
0.32639143
2.26965151
0.94579674
-9.06377184
11.38499399
-13.64510585
4.18249804
-8.46791341
-0.18598499
2.24634369
2.76136519
-0.03355731
3.63891690
-11.61253330
1.65369464
-4.43470892
-9.96546225
5.91862644
-0.06370761
1.75129388
5.06353742
-14.98262449
10.02226457
-1.13361104
0.00771397
2.32292280
-1.45259349
-8.62385035
-6.29429022
5.75171834
9.49060339
-1.14323402
8.10209514
14.70322836
12.92700703
25.66023453
-3.47413779
-0.34927403
-12.85197098
0.14638164
5.09146516
-0.03059259
-11.61211158
4.36087869
0.23144963
1.83954120
-1.64009317
9.04513034
12.17196971
0.48604383
-1.95538117
0.67310388
6.77946277
-1.06181014
11.76892511
0.35067493
0.79864021
-5.20782191
7.59686533
-2.44331482
-0.67424618
-2.97353223
-4.20135401
-3.20909209
-8.87927161
4.19563286
1.14730307
6.83266942
-4.44936038
-11.95705910
2.67819179
0.00554196
-0.46722360
2.22848318
4.40675928
-7.09483252
12.01909692
-1.00174051
0.15354251
-5.20023404
-2.38063454
17.02274170
-15.59308437
-9.36282415
17.25788446
-5.34725138
-9.62140368
18.99374103
2.93730618
-7.30503851
6.73041637
-4.64092063
-1.65765182
1.86137377
-2.15326011
8.41129247
10.45832286
0.68528157
6.36379659
1.41819664
0.01485719
-1.35919099
3.42263016
-2.31195059
-1.81710682
0.64482651
-4.05642284
2.81733950
-2.90096041
-0.70309219
8.80007441
1.42602162
-0.78071094
-3.14093232
-3.82347001
5.91817437
-0.09509528
-22.39081411
10.02585268
-8.23915999
-11.32404652
15.52562773
-6.69618176
-14.13494351
10.79082211
-9.85259939
2.05216040
3.13828353
-8.53499018
-4.96524109
-4.18419974
0.80940066
-1.94030669
3.70669008
2.89468884
11.54477587
1.43311426
-0.55382464
-1.11821126
2.30784915
-6.43983612
-3.15476550
-3.30760886
-0.53167204
-1.86420173
14.46743740
11.37248540
-2.44521556
-10.21084559
-7.19997731
-10.49490249
1.96052770
-24.59006367
17.50917813
15.68353313
-7.89441520
6.41782665
-3.84692099
-5.04901561
1.48384883
-0.01937959
-10.78382018
20.54298436
-16.39932553
-11.85906860
0.45228861
-2.21655412
-0.63230250
0.06467575
2.11481758
-1.34983824
-0.89208754
-12.27240805
1.87273360
-3.20434572
-2.35330959
-10.66111596
-13.11076949
-0.61314118
1.30250656
11.53110720
-0.01666771
2.74958271
-10.14303134
-13.26674830
7.06915003
-1.35258956
-5.16174614
2.63022052
-5.61463989
-9.14968191
4.30729129
-5.14016966
-10.86608396
-13.44819947
12.79583392
13.41359628
0.96888985
0.86787805
-1.20986491
2.87810729
1.23617550
-0.48084476
3.05312945
5.40291856
-13.70905980
0.55732683
-7.08349045
16.45973784
4.88235390
0.89262826
2.88010937
4.50609714
-16.82478412
-16.02286342
11.90695407
-14.13351149
2.47688753
-6.81642846
-8.58300044
8.17497173
0.59106313
0.23218023
0.48638778
4.51119924
-4.42593505
12.75287981
0.22305351
-3.82139880
6.04882872
-0.10449531
0.93097312
2.56313278
-3.59486854
-14.36471555
11.75539044
-7.50810730
-2.31565191
5.06248367
-3.65409106
-15.05351444
-2.51621538
-3.64896324
1.59791503
9.27696569
-7.39694726
5.55613528
4.11969445
3.24726138
6.93622774
-11.02149162
-0.94043364
20.18526197
-0.74450233
6.98505021
0.56306006
-0.78544810
6.54379052
-18.72614745
-15.21181667
-0.02145037
-1.41135028
-17.74998008
0.27647966
3.28653614
7.64107562
-2.01203890
0.21060039
12.63936836
19.57967770
2.19634692
1.12356083
8.78387822
0.89327898
4.05626490
1.49419441
0.62865445
4.39080150
-5.35422822
10.31304652
3.43835369
-1.98955470
-11.25290593
3.53239895
-6.36181597
0.18292227
2.86069171
-6.97840644
-17.85960522
4.31620416
0.91356665
6.49365883
-0.26854259
0.07419990
8.36709237
-2.87332995
4.59219988
15.32645184
7.51013909
-0.49486183
-0.32408903
-1.33360507
-7.45410867
13.33855959
-1.29300979
3.36032267
14.41132229
-1.49672113
13.71645857
4.18377966
-7.26970802
-6.16074010
-9.30688496
-0.04246178
-6.95663771
4.65925087
-1.06759438
-5.53263951
5.94302645
-10.47514200
7.37227703
-3.92979111
4.93281518
1.13360420
0.03034639
11.93968292
-9.30013255
-2.57887039
-0.27907331
7.61913474
11.09825968
5.19515034
-10.09377573
3.33749621
7.58237103
14.11058362
-7.07730437
-1.74080474
-1.59458868
-0.09012368
-0.04635541
14.08552558
-6.63666850
-4.72376249
3.29643464
-4.49808624
-3.87865198
12.23539097
15.05969660
1.99434968
-6.13772465
-15.55780227
4.57084680
-7.27500837
-0.34061680
5.30311858
-12.20651975
12.65853462
-17.22788359
-15.44310672
-9.70519007
-22.98434223
-8.35568212
0.52531427
16.16553091
-6.89273071
-12.35760632
6.84571209
-11.39377128
-2.94605523
14.13073681
-2.01196043
12.24268181
2.56309481
0.03664165
11.58507899
13.42374756
7.22518833
-12.06946769
-0.59915884
1.73111486
-1.03315419
-1.28775016
-2.34230447
-3.16101874
-1.93228721
-7.94502076
-3.83627122
13.73643100
2.37139569
0.31207481
0.27233736
6.74466425
14.07855750
-0.96157886
2.56079493
15.73109029
15.45497283
6.50080982
-1.66516378
6.35918804
-1.84570165
0.95833936
-2.53221640
-3.70700340
1.52084348
11.65003360
-0.00358525
0.90066026
2.76972965
-0.00226502
-0.73863009
1.35153883
14.65275066
-1.57150300
1.60360010
1.94340603
6.02746883
-16.50723462
1.29461692
3.57449769
-2.77955634
-1.08791458
-2.49311666
0.12827859
-3.96575529
-6.25278320
-0.25638998
7.26375592
-10.64476435
-6.19442568
6.33351947
13.54236711
-0.11354827
8.35982766
-4.41549566
-1.15481154
11.02666847
-0.53672835
-4.00848920
0.21162093
-7.55160255
9.16347727
7.30012980
-18.47415443
0.27094883
4.17451018
2.88124139
-2.31420114
-3.89584664
1.08372361
7.89059609
2.35042990
-11.23137958
0.33597290
-8.48507522
20.95124435
-19.82751089
20.40836329
6.33890142
-1.06003546
-0.85419173
11.70931798
-5.34725138
-9.62140368
