1.54307620
-0.11295093
-0.02135952
0.52830365
0.22007680
-0.23940054
-0.97452117
0.00994056
0.15705679
-1.97297612
1.09453231
-0.46430465
-0.14179117
0.38429873
-0.60271073
-0.07157718
-1.34499366
0.83794226
0.60306373
0.38053446
-0.73649131
-0.15687497
-0.97975396
1.13889159
-0.34529852
2.69521912
-0.19597792
-0.52248254
2.72095548
0.32264197
-0.10648564
-0.62951774
-2.49233518
-0.05345186
-0.29144086
0.00423912
0.70010718
-2.02194527
-0.50925980
-0.00276563
1.70386446
-1.06685245
0.00306972
-2.97615349
0.31590577
2.56627403
-0.29498117
-2.86201460
0.07349668
-1.32153030
-0.59651664
0.47113164
3.37556465
1.37598652
1.02176963
0.99579615
0.21037306
-0.04294404
0.58167764
0.51238556
-0.16363047
3.18751028
0.00536623
-1.12170237
-0.13889861
-0.00179577
-4.73918942
1.24131798
0.11594916
-1.09317686
-0.02742502
0.10479581
0.24119837
1.66444624
-0.04837706
0.07924905
-0.62718290
-0.37522516
0.19755890
0.56154502
1.19790427
-3.83084026
-0.01580435
1.22116696
4.58134552
-2.13006859
2.57695815
-0.00790330
-0.55227596
0.07148081
0.02133225
-0.85381457
-0.04794374
0.00596746
0.12842915
0.92693200
0.25138122
-1.36161726
-0.13565635
-1.22361652
-0.05195490
0.07367203
-4.75532320
2.45139987
