15.23274729
-2.03697000
15.38854345
-2.74567559
1.32150105
-3.06621284
-6.65938707
-0.86417464
1.52904132
2.51765197
-3.01207874
-0.39037291
-2.40032580
7.78526873
-0.84752802
-1.77658588
-13.61826345
-6.92692732
7.30637785
-22.05655542
-12.70576349
-1.54865818
-2.57804431
-19.98857293
-1.69103269
2.66811170
-0.81568781
-7.66525621
11.28025391
6.60003374
0.00244076
-1.42172965
3.91227002
0.30768396
-1.05429058
0.37349633
-3.70866740
5.87447536
0.00871117
3.95702452
5.12255602
9.66144157
-1.72477414
-15.65789774
-8.21270724
0.74397090
10.37475526
6.27833579
-14.09671334
4.47841051
3.74630822
-11.58735896
-3.38935420
1.67752666
8.38653437
-0.97171951
-1.58493969
-2.05931658
0.98161620
1.42719146
1.67801187
11.01041628
4.60281611
-3.06548174
1.32394773
-7.99397659
-4.75775870
7.37186357
-7.03322382
3.41933175
0.45978867
9.32988876
0.99278327
-5.05972449
2.93051046
1.56893116
0.84565038
-10.89163908
0.30604876
1.37255445
12.86336820
-19.57175509
-5.21264826
1.10860301
-22.80415111
-21.19743836
-12.90222061
5.16166498
-12.46097655
-5.18426274
7.10702261
-7.58442334
0.08641850
-14.01740203
-0.18718426
0.48090814
0.16815688
10.70681603
0.00528997
-8.20815534
2.56530433
-6.11967566
7.76958553
-7.66810189
-3.94854571
-0.88064404
-9.29657218
-1.50165498
-1.71914640
2.14438744
-7.90101332
8.09648778
3.15779516
-20.70329555
-1.81053533
-0.15307019
3.11647309
-11.86065351
8.09372959
-1.52721531
4.67865235
12.12426796
3.21310178
0.65636837
-8.83103817
-1.29090352
2.56853190
26.54870937
-12.19604212
0.91376829
0.90799793
-6.86867814
-5.47279387
2.07105810
-20.56997780
-4.12909770
8.02755222
15.39157553
0.58497323
-3.63521251
-15.80555838
-7.45632364
0.84279955
10.20435332
-17.82587415
-0.07871914
-1.00713974
-6.16400435
0.32119993
-0.70989960
-10.79761855
3.85749240
4.11911178
5.09944796
-3.46554581
-3.47321946
3.72329396
2.57285761
8.32549208
0.92795014
4.57096445
4.73815232
-10.84755114
19.59232546
-0.48232778
5.11984689
-2.30324257
-11.07223940
2.05659471
-1.95596914
1.75568202
-5.98680611
-19.24583126
-0.17476254
-13.08450638
-2.83871940
-2.20194533
8.30123912
-2.47956955
-3.99720817
6.96318614
-0.52193063
3.17580898
3.58060524
-3.78492138
0.19103201
10.20748638
-7.56220191
5.43830239
3.11200460
0.60630019
-2.73879612
-12.05625717
-9.83355443
3.02822048
-0.66493391
1.73720775
-4.60391488
0.55475175
-4.89782380
-3.94407110
-0.26519803
-5.64581929
-0.03394611
-1.79189342
-1.23289421
2.62666390
2.97927933
13.29347120
4.80641195
-6.47663087
11.77767082
-11.68782628
4.76711603
-4.02849042
-11.28533473
-0.90671159
-2.93948704
13.99711443
-3.93947259
4.22640105
4.12079160
0.90380459
-10.75492641
-3.42410638
2.12924869
6.31574077
10.69540141
-2.23756923
-1.33442980
4.01139618
0.26589037
0.49214120
9.73612188
17.59507747
-5.54299046
2.77751399
1.97166621
5.26292252
2.01863018
5.75769275
13.14519920
12.61186784
9.87554802
0.39035028
6.52604991
0.11234094
-2.88251026
-5.29799391
-2.24252057
-4.09796509
-2.95527135
-11.35232868
-26.02858026
-8.90290101
-2.66430763
-0.32835690
4.69797313
5.55707598
-12.30525264
1.48971032
0.75482893
-11.37173751
-0.99736498
-6.35905313
14.99019465
2.27873508
-4.79493677
-7.14440489
-10.44750917
5.31876046
-19.59791686
3.69371384
1.41407954
3.50491182
5.15696202
9.46090951
-15.32655724
0.12599048
-13.69394503
-7.30033466
23.73050987
4.57901169
-4.14037930
1.87333158
-7.73852008
-0.36738613
1.61596831
7.21416936
-6.35893327
-10.77280311
1.12205597
1.43761233
0.05488576
-0.09116347
6.39931042
-12.87216426
4.42696318
-9.36410920
9.24395791
2.02094100
6.53557393
-0.01626090
3.34186793
3.31718675
-0.15812048
-3.21435854
0.38959589
1.50010986
-2.01605766
-0.88394464
-2.98303045
-1.81552004
19.98134487
-0.20338065
-1.65027492
0.82663075
3.85814041
8.00412892
-1.94852240
-5.87621317
-8.08129506
-2.74500220
9.71142055
-1.83596567
15.70319397
20.44991650
7.84911613
9.99654703
3.43706889
-0.44387776
-11.70282331
1.10385620
-11.46768938
2.79672748
3.53383735
2.80624239
-4.66253185
1.49611969
0.43903521
-1.64705783
-2.27403025
-0.22874675
0.11899906
9.67411135
14.46143358
0.51631621
1.05677511
-8.35597514
5.06058186
-6.11966849
-1.39526408
-3.62816800
-5.94514816
1.03970023
-7.12845349
-1.29213792
-0.79609554
5.93798877
-6.50243404
-14.11137325
3.36131076
-8.55947914
-0.99129035
-9.97274955
3.19029578
-0.03301443
9.32302277
0.13454479
-0.00340311
-2.32185221
-1.03874104
24.32150636
-3.48228995
3.30241225
8.22888909
21.99051052
-0.55554595
-1.55418193
3.88962856
0.06575976
2.92605775
0.01670555
-0.07188336
2.59366698
5.54967107
-11.81930378
1.58535041
-0.52072671
7.61452330
-2.06466373
-0.00595148
3.11856735
12.04098159
2.40270142
-8.83716603
9.93693161
-8.20431317
-2.59153348
-0.25972319
2.45334255
2.44917999
-1.45395825
-0.10843758
2.86431790
-11.20443803
9.76002817
-1.21795274
0.52430710
22.84791478
-35.48735119
17.12073896
-20.85365111
28.27999577
-4.48154250
-1.18145136
1.08124220
6.75013766
-2.15962005
-7.51710350
-6.73816245
2.00576570
18.05384936
-11.08338652
-18.33023542
-10.65626663
28.66323195
7.10337980
0.77480970
-1.97767606
1.44929748
12.42908320
-3.50940044
5.05770423
-0.49873034
-5.05135574
3.95891008
4.13026548
-26.76837309
-28.14763205
8.82269367
-13.45630189
0.63725061
-8.86267105
-13.11118160
-22.73517458
1.20855907
6.42163591
6.66301815
-4.73777502
2.29327339
-0.72708667
15.13725686
21.18533159
-7.79587396
8.86975230
-0.29369413
2.58571193
-0.56243268
-0.19564880
1.71346606
2.59614955
0.31013985
0.23222728
2.42880367
-0.35482906
2.07176374
2.61187564
-3.63581970
-0.76831810
-14.49202557
10.28101224
-2.06958854
2.36036665
-6.70140961
-13.45865060
-4.02189837
-0.37643538
0.12056935
-1.09700625
-6.84036269
-10.43760223
4.98549321
-9.75975843
2.85705552
-12.12172550
5.59370784
13.09136143
1.69817928
1.16821374
2.30338358
-4.78249748
-0.26607090
0.21629871
3.65558489
5.09175933
8.63908363
-0.20663323
0.68468359
-10.39284707
2.18136208
-1.09521059
5.18019864
4.52095083
-5.58437641
-11.42790441
5.54179413
-4.93187187
20.06704113
-3.05571594
-13.59393216
18.77941262
-0.48993176
0.63010558
0.56649736
5.46702552
6.40118992
11.65355241
-1.45908881
-1.20886928
4.47116077
-0.03837646
0.50092053
0.75010058
-10.97589791
-14.89981233
15.19295418
-13.01871018
7.29713138
1.58606193
4.22123995
-26.21846776
-2.36281820
-0.84851726
-0.07196224
11.66233272
4.37029022
12.13603860
12.16080815
4.32736842
10.04394350
2.07759141
-3.10237976
15.47988460
-1.57305070
-6.82988874
2.57833983
0.00822547
-6.94941806
-4.44728892
-16.55669500
12.32631388
-3.33050985
-14.66956993
-14.70640210
0.53567295
11.15667516
0.08817046
0.00945525
-0.80215376
11.35488720
8.38635572
5.22377744
-21.52623694
2.16120722
-4.13803710
-1.82889365
2.68873161
9.47055441
-4.13139321
8.76976920
3.64275747
-2.57407344
-6.43143501
10.88576008
-17.23381869
-6.44907886
2.14737638
21.30966104
-11.51139046
0.07722409
-0.78505756
3.99244786
-4.76671848
-0.17568677
9.09185846
-2.50229658
4.40807682
7.00295593
-7.16555790
9.08945126
-10.64007318
-5.75671926
-7.12846512
13.28847642
-1.31133752
-1.26427977
17.95347435
-0.32899645
10.48212536
8.91554874
-8.29771980
-6.04061405
-10.53502704
-0.15073555
-7.23671794
4.48570576
-0.61602769
7.47485893
7.63380844
-9.28434032
5.96011695
3.87352092
5.02214409
2.30533125
5.05782228
23.07974668
-0.99002776
-1.08600264
-15.45892307
-11.66894743
6.21521712
1.17124039
5.37822516
-17.00604456
0.14615867
7.20088979
-5.79107366
-0.02082363
-0.33921092
-0.03535457
-2.07218636
-8.30986466
27.58476995
2.84441364
-3.72666873
20.68610936
0.86745401
-0.61820739
9.86955230
19.16283042
-6.47198972
4.21385698
5.95337130
-1.78372765
2.67097630
2.47015507
-12.16865468
11.70448924
1.67988894
0.26122643
-9.87390020
-18.72274519
-6.04635705
-0.94298421
-19.25153461
-1.93888837
-9.07076686
-0.67361943
-19.77559639
-12.23397045
3.74185288
0.02763769
16.03393778
-1.88436058
5.62553030
12.53716904
12.84048734
-4.22689363
11.98993246
-6.92734754
17.39556478
-1.51717116
-2.07492961
-5.02903302
-3.64038358
10.37392995
-8.17274321
1.05548876
7.37848144
9.36985313
0.31088304
-4.96558538
2.50207891
14.52047119
4.55139928
-1.14621589
16.91614286
12.51743460
6.44281808
-17.25685147
12.50537885
-2.53309635
-3.54799218
-0.87475076
0.71372943
4.20493857
11.14245801
1.81781848
-3.02243318
0.53105516
-0.91291673
0.49354547
4.48479998
7.48618741
-0.83614898
1.59474825
2.28597519
17.72640433
-18.16654999
0.18709498
-0.20302504
0.69304100
-1.13904652
-0.86505482
-0.07803741
-1.50704583
-7.47050920
-3.49907367
9.51380171
-7.25130394
-8.00303747
-5.74994874
-5.38315690
-3.17569320
1.88391063
8.96213043
-0.09582598
-3.31420864
-5.05753588
-0.00286472
-7.29673136
-6.65744026
-6.17037892
3.05569547
-10.60922091
0.50015754
-5.27419359
5.49692331
0.24841195
-2.47712133
0.47093798
3.74254194
1.42866606
-3.66466928
2.22763479
-19.28819348
-5.23590255
-0.90283103
5.49088375
1.57574129
-4.08328388
-7.04418617
-1.92517069
7.96824253
4.66537065
-6.01206583
2.78760654
11.52647763
-1.37173200
5.40025522
7.07112447
-1.61802504
-9.02521432
-0.06826051
0.00520867
-4.13126421
-3.23816724
-2.22695235
-1.05268274
4.63423174
-2.49069689
-20.95790521
7.00559223
24.75366459
-6.60127790
2.14063246
-0.16322640
0.52277713
-1.42006305
-0.05471823
0.71885065
1.71652109
-0.00250259
0.47820863
-10.81753986
12.83826749
5.11420102
-14.21106911
8.68663256
0.91496544
9.68769271
4.66842794
0.38162406
1.63460397
4.86110820
-7.01483376
4.21231261
4.31765651
2.78792873
-2.45319653
-5.79867895
2.89350983
-3.95370463
-0.24328266
0.72846891
1.65940329
-0.00214940
-7.61898710
2.62677087
-5.74105037
-1.21469878
5.84333315
11.13990793
-23.68509097
1.23064242
36.08084938
-1.89274477
8.37035680
1.78939521
-5.25623597
7.42704577
2.40724231
-18.87403851
-11.30817737
-4.56970745
6.26567562
1.25828349
25.71261720
-26.87204644
-4.55630054
15.79251486
