-3.23471146
-8.13195176
8.48492619
-12.07839060
1.62060099
-2.52702480
-3.50223185
4.16106949
-0.22086063
-5.81190236
-7.84885590
-5.58895378
5.40876382
-2.50150856
-1.07323387
0.14066553
10.62504105
-1.47460661
7.96049593
-11.19974342
-17.78706273
-0.34996504
-9.40341683
-14.52964606
-5.72282538
14.38516829
8.95501418
2.37488721
-6.28408727
-7.21167737
2.09081863
-0.31569401
-2.83690542
-0.69133837
0.67899673
-1.37352324
5.60775320
-2.32395848
-0.00319890
11.27921602
-3.68753578
6.32472287
0.11700114
-7.27480720
14.68366347
3.30923909
8.75223620
0.49964614
-12.38208772
-10.93268760
-1.25368507
-5.87371442
-8.17390173
-6.13725314
13.88475256
-0.81550328
0.23597829
-2.34848730
2.88128300
-0.01828111
7.52667542
2.80911442
-20.55998937
2.27650519
0.01568858
-1.91296269
4.22453190
3.74492850
-5.35926439
-5.52592039
-2.20788440
5.91084963
-1.39280785
-3.95943885
-4.33356809
0.56031769
-0.13390313
2.98504206
-5.62529970
0.11904345
21.91749351
1.12517280
-5.06760775
0.53760446
11.40292897
-13.49674276
17.97547296
-5.98598909
-3.81395565
12.19743837
-10.27197677
1.62311284
0.66827295
-8.11956080
-0.16519529
1.60420158
-0.01321958
3.98251012
1.48281368
5.95370345
-2.57864156
-1.78932781
-0.08345778
-3.36911087
1.59149243
2.33066300
-6.42858980
-1.46675049
-3.79312229
0.70301414
5.81843721
-7.58745822
2.68795816
-17.75741544
0.33283698
0.20221022
2.69427958
-6.20042739
7.67317292
-0.10136153
4.82286999
7.11190572
-1.78294107
0.56997895
-6.43022953
-3.29287182
8.75697686
9.96980159
-4.27648896
3.74875156
0.74974889
-5.18672597
-2.43025591
9.99197779
-8.04257463
-8.17142409
4.21084890
12.69099855
2.87749693
-4.70219389
15.06148045
-4.83717659
2.89618140
-0.99450512
2.87903993
1.96319825
-2.09797518
-10.57941218
0.47067575
-1.64723804
-10.30970423
3.03034289
-0.21991804
8.50224263
-5.80377427
-4.60409485
-14.53557708
-3.96982373
-7.74348990
-5.97763709
11.50981468
1.41748617
-0.83624157
6.63307911
-0.14939682
2.44500543
2.05356381
13.61615377
1.65234436
-10.69651180
3.89864912
9.19505628
-21.21062725
-0.63029009
-14.14164475
2.85502612
-1.67137604
4.16431867
-1.11122569
-6.14431508
-12.19989449
-12.46531836
-2.54955698
-14.29673112
-6.56029044
0.47847643
-0.27334307
-26.55593314
20.64382689
23.31626413
-8.19091816
-0.89044821
-18.87208612
-1.90189036
2.56360441
-1.26334821
5.67414099
1.89592019
-16.45237903
3.71222375
5.54385476
-1.55683380
7.87471942
0.99862917
13.91001473
12.91791943
2.40180388
6.47515466
-4.86003385
9.88944907
7.37079043
9.93354219
-7.20141775
-1.50992631
-5.13726836
-0.61444424
-1.77330504
1.40649033
1.14392905
5.06307250
-6.93959226
9.58263007
2.11738878
-3.81180137
6.03670404
-0.19110740
16.53058225
7.91963566
-1.93061344
-0.30397398
6.40401106
-0.77446636
3.84521848
1.46638137
4.75266378
-12.09264646
5.96232268
9.85556325
9.01828517
-2.41714224
2.17224847
8.40022322
-23.31831980
11.40836243
1.14936096
-0.46149801
0.05871705
-2.55072658
5.65647706
-1.20365258
-0.29642512
-7.85842504
-10.09019605
-16.09876346
-16.08216628
-2.72662072
0.53787114
1.46011274
-10.88075469
-7.63579788
6.01020659
0.16748478
-10.33309117
-5.23191773
1.10436636
9.40684774
-2.70826854
-0.74093333
-1.58093300
-5.01755790
-0.79229561
-4.66236485
0.90836080
-4.37409176
10.46713184
18.85288664
2.50393311
-11.61403934
1.04414672
-5.29939452
-6.86709316
12.47066393
0.02117452
-2.78880917
-0.93576159
-4.46121326
1.60545238
-5.95405986
5.30545006
-2.02528714
-18.79726116
-0.26489201
-0.01185446
0.36427095
-9.36959866
11.84394750
-13.77104131
4.21129477
-8.31800261
-2.12864741
2.45318245
2.31973843
0.34724304
3.90113387
-12.21174713
1.51712348
-5.35536530
-0.45969448
5.78981207
0.06102468
-3.93759784
-1.86046574
-12.89540881
6.75063823
-1.39030653
0.00825616
3.62519904
-1.85544202
-8.73338257
-5.37613819
-3.68963762
14.77370215
1.35505308
7.83018613
14.84485992
12.39968178
24.21951933
-3.34074492
-1.30392237
5.03448462
0.02309350
-6.89690839
0.04657757
-10.75946343
4.80003569
-0.00751487
2.06705322
-1.57703789
-2.38020448
14.20296625
0.54061598
-2.73859087
1.19727869
7.97210475
-2.49938770
11.77327506
0.07003915
0.80288697
-5.22375749
8.02919518
-4.25723102
-1.01197672
-2.74488598
-4.09179024
-1.13409921
-8.70284561
4.72069460
1.21077638
7.90100912
-7.30916129
-11.66866896
2.23886731
0.00393546
-0.97596694
2.20633539
4.85286133
-8.44372768
12.30822954
-0.50331410
-0.60313709
-6.36168695
-2.63787137
18.83575240
-17.01442862
-1.77767505
-8.63144111
-12.99027888
-19.77106082
19.81394046
2.92383526
-4.16467318
6.49817367
-5.13610163
-2.41604157
1.40654966
-4.62581649
8.19571116
12.44056998
0.77102827
6.12931026
1.41107885
0.01632292
-1.41206917
2.67807609
-1.73079018
-1.66869963
0.11178122
-4.07635880
-3.32218655
-3.23653981
-0.03985364
4.44097242
0.60514358
-1.12557132
-3.79351362
-3.75083329
6.15544405
-0.11111600
-21.59815107
9.03622116
-8.85871128
-11.33495596
16.11876446
-6.95577845
-14.27054683
10.14265864
-11.13567295
1.62380912
2.70681857
-7.22321706
-4.94770706
-4.13957931
0.86980901
-1.78598184
3.95193369
8.40983325
5.90429655
0.58427407
-0.14390309
-0.87571461
2.84311030
8.15242465
-2.53601909
-0.44203734
-0.61778230
-3.55887314
13.59419327
11.69093915
-2.74416725
-3.34930610
-14.62715595
-5.83363852
3.09419680
-1.01513193
16.86652862
16.26557168
-7.38867198
7.43108071
-4.04321895
-3.47581459
0.53129180
-0.03877109
-11.35801999
14.69494488
-12.71118161
-14.28696083
-0.51377641
-2.11630621
-0.69159410
0.07368050
1.26536072
1.24168755
-0.62268621
2.85271888
1.65448375
-2.43760926
-2.57072390
-11.92994872
-13.06581617
-0.99704004
1.17360874
11.17536513
0.82451607
3.32948978
-10.25329387
-13.61320825
7.24326604
-1.39470048
-5.59540694
2.64785663
-5.16749968
-9.22895634
4.17720439
-4.68367954
-11.68306494
-13.64705534
13.24946941
13.80490694
1.18450256
0.57386634
-1.08302817
3.73210133
1.31184462
-0.44837805
3.16913894
5.52576193
-13.91378088
-1.27331720
-6.88043282
17.02915163
5.91302608
1.96345173
2.08531824
3.89495563
-17.31722842
-17.08729070
12.27223121
-16.70262146
1.89064766
-3.24980381
-8.32300671
8.78852302
0.54847153
0.18930238
0.41484254
4.59416601
-8.22187205
12.18481764
0.64556391
-4.28830082
7.20101395
-0.12770868
0.96051205
2.56511649
-3.28808838
-14.39925734
11.35915445
-7.57766076
1.97689579
-0.59781935
-5.35678114
-21.89252394
0.46921811
-2.72439403
1.80269033
6.19698760
-8.47275146
5.23055282
4.91755255
2.57928606
8.04899887
6.66961087
-0.85564377
12.52111167
-0.89165727
8.54401273
0.90318483
-0.69970593
7.08903001
-18.79307438
-14.23677777
3.46549137
-2.85897189
-17.75635799
0.43853956
2.67471578
8.00556508
-2.57527693
0.21107200
12.26922108
19.51591502
1.97550703
0.35639194
7.87090394
0.36815426
4.41962715
1.43618139
0.58079999
4.94440639
-5.20481037
8.43725848
4.20450029
-1.98269482
-11.54475020
3.27871647
-6.02363147
-0.06700665
1.28297866
-7.93465242
-16.86948822
-2.47534173
0.07946262
14.27784811
2.77886449
0.65621047
18.43258762
3.00160677
-2.47306639
14.94398260
7.17905169
-0.71650442
0.47657145
-1.30552789
-7.69019758
13.34877324
-1.48836346
2.23121768
14.14067723
-1.23950598
13.78741016
4.05431712
-7.95612977
-6.88579820
-9.55584450
-0.02069492
-6.83859849
4.09855501
3.17087492
-5.62656667
5.96312589
-10.80238941
7.61998023
0.96170498
-0.56490902
2.03782456
-0.09649624
12.26760188
-9.74655201
-3.00342111
-0.46229127
-6.86619506
7.63262787
-1.54675029
4.82900417
5.59840903
7.72674529
15.30626229
-2.19747765
-1.74722533
-1.58341518
-0.06224914
-0.01554712
11.38405277
-5.65574632
-4.97432296
3.93987507
-5.08016381
-3.52948988
11.60384231
14.64791770
11.30797530
14.51255709
8.31168034
1.01519673
-5.58816637
2.89643046
2.34398059
-11.20413667
12.99666792
-16.68543336
-15.81145397
-9.63265418
-21.14615180
-8.71322309
-1.00135682
17.06350397
-6.93822611
-9.83388690
7.27910119
-10.11362629
-2.14300943
-3.06400963
-2.40042739
10.40613526
-0.16546765
-2.00452432
11.29265344
13.14186139
7.72677485
-12.54425492
-0.15318441
2.20106146
-0.94588849
-1.24975064
-2.35833053
-3.36167793
-3.66271256
-4.35482076
1.54531482
2.82838584
1.39677834
0.38490156
0.31499862
8.56400967
12.79879957
-1.61396582
3.74842947
15.65754526
13.80766266
-0.94815470
-2.75997086
6.76746047
-1.81464093
2.42567176
-1.87467487
-3.82070236
-0.22743631
11.55449839
-0.00339096
3.00263977
2.89117520
-0.00242399
-0.40721447
2.20750377
15.11056072
-1.50453034
1.48049521
2.02872962
6.41052451
-16.13261728
-2.74804815
3.89178894
-2.90032711
-1.27544389
-3.05539455
0.10091409
0.50470808
-5.24282836
-2.10559469
8.06266906
-10.84466668
-4.32651636
7.39128525
14.25899358
0.37037706
9.68869461
-5.40138151
-0.03153984
11.28546700
-0.32567394
-3.73907597
-0.43011612
-8.82926179
9.52305445
8.36087439
-18.96509443
0.23476901
5.11771704
2.52228521
0.19559533
-4.79901191
0.94356383
9.69961709
2.64484617
-12.55672011
-2.86084525
-15.70615661
22.78515870
-13.09942314
8.51329374
12.70713555
7.82866976
