8.51467117
1.57300164
-5.09773424
3.44008090
-0.35306599
1.59923080
-7.26749558
-2.17233978
-5.82512546
-0.51781510
13.27103221
-0.18779238
1.90391409
15.72586688
-3.99517927
-9.02091279
4.56973315
7.94052783
0.38552383
0.61023571
-10.44176276
-14.96551402
2.21461381
-9.40065056
4.40362445
-30.37877805
20.25779760
-7.69276017
7.25540490
11.01054206
1.90285514
-1.28535317
-14.44485677
-0.00579066
-0.15526086
15.12070367
-5.66297062
-6.13394354
-0.85755705
8.09309669
27.93678653
-8.02376804
-2.38148773
-7.86351194
-2.95450275
-9.26699088
-20.27559149
-11.68345572
-5.04143792
-8.67033376
33.10374098
18.13608111
19.96453100
38.09530439
-21.18543969
-2.24864852
2.44486865
-0.77296701
-3.71143584
1.41354077
-4.26694375
15.56993128
11.89184814
13.20749154
6.76132955
-19.01022339
13.63912103
-4.46851720
7.96408660
-3.85241279
-6.56289328
-12.85851854
-0.06667132
10.53481773
1.43835856
0.26234427
1.41184399
6.24546747
4.04898209
10.38666324
2.32872669
-20.95675570
-0.43022802
-0.69233893
-23.32079536
-10.95878538
-0.17798848
-1.16707377
-9.11698824
-9.72006039
-18.92250946
4.62989370
-0.06860614
31.75794068
4.23085347
1.35136191
-0.43839876
-8.02103311
-1.77413299
-0.68660843
1.43976498
-6.46520615
-0.04199684
12.11688794
8.77421073
-30.91425769
-22.71588965
0.31708380
-4.72569476
-5.15621998
29.11867685
0.33783758
-1.96230975
-17.33925881
0.74886332
-0.41587038
-7.18986927
-12.52502784
-10.13865864
0.00773671
6.07368048
5.81769733
-5.32817701
3.21942358
7.57947054
-0.17646157
-15.40621803
0.85823999
2.51087168
0.00536709
0.07319386
13.50306699
26.28959926
14.43863584
28.30655287
-21.61043196
2.61889985
18.31373819
-26.88331272
-1.13044843
-8.59052521
-9.28835764
-12.37675548
7.91025923
-9.84044144
-0.50735581
-1.79392651
-8.02081167
-3.18718088
-0.40787231
-24.22247314
7.26598394
1.35772540
-2.33245671
-4.00101276
-2.88427405
8.73135800
-5.57720116
8.06455845
-19.45169127
-13.02854871
-10.01612562
-25.91882267
18.06541083
-0.34863745
31.15357951
29.78083245
12.86405095
-3.01550876
4.07204507
8.26313784
17.13381107
-24.73370574
-8.34387096
-6.07221541
2.83988369
-2.35990135
-19.72533730
0.72319542
-3.22756355
3.57182635
6.36245401
-3.21361650
9.20591106
-10.68085290
0.18627242
11.21362740
-5.01194558
14.08188903
-0.40629016
-13.10437726
-2.93110542
18.84670793
-10.93020995
1.47928221
0.09687270
11.56302962
-3.25374982
-38.32567314
-6.90832257
-7.10447309
-5.75541103
-5.66732649
-11.51776108
13.33012853
-4.20624650
3.99619412
6.70898508
1.81266552
5.79930088
11.23567145
18.53242311
9.88145767
28.40643312
-10.78308951
-10.12314341
-0.78350956
15.04138050
-27.70004786
-9.61776224
-15.91533251
1.56437754
-1.33645554
17.27686300
-0.68455658
0.59865945
24.06810965
5.20879780
0.67636227
-0.06246635
-0.01062211
1.20253581
0.20570880
6.75870824
20.60754927
8.56920996
-6.35132285
0.65573051
2.62728921
-3.04299110
4.92978390
-14.73503457
9.64780572
1.57107920
-0.91927331
-0.63724234
0.46172660
7.10568759
8.17067168
0.51363833
-5.99991180
-0.21493710
0.17802362
11.27827480
-16.37783484
3.87045818
-0.63844987
0.10496320
0.50167930
-17.79149025
-0.38363104
0.00048243
-17.06202198
-5.48436942
13.83797451
-0.02361882
77.71412824
17.86359089
4.45190596
-7.89960758
-19.95125143
1.49015345
-3.38223551
-1.96860687
-3.39170041
-9.49608866
3.06123872
16.97015794
-0.31127105
-4.83008494
18.67066099
9.09088166
2.75425087
-1.66509675
-20.90439481
28.66413895
-1.12837305
-2.11977649
29.08059791
10.07793522
5.73170333
-6.96346936
-0.43251911
-0.00161909
-7.05884290
10.10529010
1.84058865
-0.46885240
10.17953124
15.49046353
-2.87595958
17.50059950
1.49829698
-21.95879264
-1.38861447
1.55358005
4.58269454
-3.82033112
2.69398334
13.15103944
12.87382645
-5.47025300
23.82418059
23.35099684
-2.09085034
-2.03644372
-8.21385358
-8.83831274
19.52177852
4.27907651
-30.41671533
-33.69092605
8.46406973
18.54419972
4.05261923
19.60275752
16.12177647
18.62851418
6.81954863
-22.24026415
-8.93025149
18.45045699
5.23762603
-2.94865993
6.53169462
17.07906370
2.26082906
-0.76034194
-7.68678170
-0.41451764
0.44504476
8.70056946
5.84258191
10.20578761
-3.63621169
17.63494710
-3.34074763
14.37195234
3.83402280
2.77567501
16.77665603
6.94327146
-13.35495103
8.68735918
-13.61339321
15.30681341
-1.82535721
-2.95455002
6.17314513
-1.10666807
-8.62624694
-20.20283427
-6.85849612
8.88955819
-5.80665927
-5.61220079
-20.22485383
-10.06662558
-1.58573050
0.60727301
2.16930874
-1.82457130
11.38947643
5.41354124
2.18005779
-2.17206690
-12.32990602
-24.12813179
14.03885921
37.97274997
9.15681521
1.22435552
-5.98909736
-1.73942100
12.43363629
-36.46726689
-2.19891378
-13.26675261
1.86970440
-1.78462484
-5.04277799
-0.53530180
-3.70719434
1.58671372
2.31460218
0.74604096
-13.75648407
2.58385603
15.65110130
-1.63323602
1.30579499
3.00051872
-2.01780632
1.47781801
-6.50012413
12.97532735
-0.71129456
-1.01312636
1.24854710
-16.14664583
-12.64852898
-11.81123764
-3.46111742
22.55658094
-0.64354027
-5.96611296
3.03901471
-18.92546243
1.46325566
-13.17090364
-22.71292845
10.05646023
-0.77802712
-12.35994677
-8.64749218
8.04267398
-19.24822614
10.43607269
1.66231073
-8.02851648
-4.44898762
13.52106130
-9.13427638
-25.69539500
-1.97280151
26.12396185
-2.50291495
11.17333928
-15.37613535
13.32179379
-7.53198614
-9.91384128
-0.98437179
-0.70140723
-15.94663340
11.15367558
2.75226044
-2.42458560
17.97706103
2.79570229
6.04574080
-3.75997819
-0.65400386
-6.46354217
-32.06271605
17.40713578
-3.23232156
0.77055603
0.74051607
0.07514167
-1.70255618
2.56793106
3.22413188
1.46888163
0.71487989
-7.39505089
0.12553043
-9.22765477
4.61407075
21.73710954
9.59295878
10.23018852
10.59974486
1.39917688
-16.28852091
-9.00543349
5.72535678
-0.00124230
-0.41577281
7.57524155
4.06936804
-5.37060977
-9.30895142
-5.99851650
-4.14578871
2.70880193
9.35190484
7.28394360
-0.21949299
-19.41720613
-1.07031438
8.25435633
-0.29166154
2.03400473
1.57366525
1.65534235
-0.81800594
-0.13928896
-12.30642063
-0.00465184
-4.08130611
-0.88572355
5.15166374
3.59389073
-16.68994800
-16.78945824
8.90615501
-8.28141816
-16.44406515
-27.64814715
9.89921686
29.05006536
0.00289577
-0.01215435
0.93534096
3.22315448
12.74929615
-17.19214980
3.71518969
3.36489810
2.44202869
-0.83344608
5.85281159
-2.07248744
-13.09862699
-10.74642464
-5.09489167
15.09863606
-0.14350984
25.53111471
2.98629507
-6.39727172
45.42985987
48.56278124
-40.29516901
11.77764344
-6.94046968
-2.73590635
-8.80030310
4.56946492
-27.99204515
5.14894124
20.85707338
-8.92722431
-1.27969198
1.21671659
2.69515014
-1.00608166
-16.33720491
-1.28321437
20.04018113
-25.39786960
-4.08225370
-15.77049314
-5.55317833
-12.33775534
2.88474056
-10.26443877
0.47838594
0.60207775
-2.66989383
6.43360167
-18.70316815
-7.96781099
13.94638581
-1.71105975
1.28538022
5.11213359
-6.26626197
-15.35235210
20.03821867
-15.09651202
1.48682752
-0.77971210
-8.40271543
3.88180176
-9.69297123
-2.43412405
6.44873356
-0.68413090
7.21349196
1.05416612
-9.17145620
6.34306119
0.16490713
-2.09882565
2.31013477
-5.67153343
1.47658775
12.47624466
11.54590235
-11.65177938
8.15594576
-0.21488997
3.63690822
-6.71302292
-11.19469847
27.11631756
-1.00889276
17.32129103
1.49442971
17.66236351
2.90168286
-24.65284143
16.63009825
-0.79632869
5.47262368
-12.46283613
9.74229315
-11.82380683
12.03074246
-13.25102654
0.93405289
9.83568482
1.13109844
-0.88053037
-21.82878863
25.69704267
-0.35239371
15.58043833
1.15908983
4.00001946
3.49542639
-3.05457292
-17.91143756
-34.62135083
-24.40181927
-30.24556205
-1.77305110
1.88274282
-0.18542511
1.23667574
-26.02683617
6.72982885
3.13462274
-20.14643968
5.90240888
6.82739073
6.82372863
-11.30740975
12.57560798
-18.51408267
28.38599611
17.14648630
3.17820516
16.36551563
5.76704776
-8.50158975
12.38692278
-6.99106039
-8.09106947
-4.72631615
-10.47259944
-13.16487157
-0.96486817
-11.06823326
-13.05454279
-0.87177889
1.42761713
-19.46888304
-9.90982608
18.70290996
5.67055564
21.64348842
-9.44702080
15.42482546
5.29312762
0.79445149
5.43069357
-13.03434870
8.10032822
-11.99942357
-2.20832067
0.01863524
-6.61631632
1.54145945
-23.14297047
1.76922575
7.67665470
-8.41489303
15.90923649
-14.48019504
-2.54803125
-8.05309399
5.80816198
-9.41333960
-19.39746240
16.22608455
19.53773287
7.53393711
-17.41183250
-22.33539934
1.99551000
4.85559603
4.11111582
-9.19686177
15.27433277
-2.67541334
-0.64637351
-24.75108757
13.44969257
-2.39611577
-11.10604866
-5.97309806
-20.17509569
5.60389661
7.72922358
-2.47378103
31.35397127
-30.84970746
19.98856389
1.31899186
4.33419589
-2.37069695
7.30659747
-2.03169638
-6.51839441
2.68364773
-1.50504057
5.18030986
-15.55251008
-14.04589573
-6.76331736
-8.45430998
-9.54613339
5.40887121
7.69140975
1.52643451
-13.69484162
2.77025783
-3.42403109
6.62846773
10.78291794
-4.57678193
9.24401765
1.72202562
-0.12440100
1.49270003
8.09494972
0.48469522
6.62228380
-0.20891565
-4.06585035
2.20188400
21.92605206
-1.52526097
-3.79545934
-26.39244497
-16.27204864
11.07890248
-7.45539470
19.99957681
21.50496454
-10.35120326
8.78393035
21.15044763
-16.36528602
8.19505161
-7.40215609
-33.28179737
7.43876519
13.51219466
1.13269669
-8.21573511
-1.65006328
-1.43727865
8.03136765
0.02321881
-5.19292027
9.96367692
-19.14469076
-12.16657694
-12.47961921
18.96574469
3.14000868
-22.32988674
-0.16019080
1.58692678
0.06370627
8.27589372
-2.78842673
-2.14077745
2.66779715
1.35969354
6.43598692
1.67872963
10.86348911
7.83390221
-3.56113438
-0.24769452
-5.49253398
5.73903547
20.22563125
-2.68159527
6.20723473
5.90046663
24.70879444
5.50524840
-26.65170370
7.34184529
-2.03294910
11.06457915
7.71875064
0.47370962
2.02407212
-5.37433535
-10.65862724
0.03277306
4.84040516
12.37753819
-14.48879075
-0.08068554
7.75161076
-3.42964111
2.71272380
0.91428027
-6.63248353
-5.93847683
22.22427193
5.70454020
6.65078532
-12.46008927
19.95312157
-15.19617087
-2.57502945
-21.24008624
13.15961046
13.48788321
4.40883564
-9.99505477
-8.10784146
4.29152982
-3.45256959
9.87972239
5.30658959
-1.29293721
3.69832965
-0.87853835
-9.52218038
-4.77700534
27.87570458
4.59789000
-13.43532853
7.11662104
18.51890765
1.45720956
7.02204006
13.41361775
-14.87869369
-11.69463914
-14.33906216
-9.67465177
-0.74954024
17.64517634
-7.51140671
7.94442019
-0.65037046
9.97774719
1.19917293
-2.03624335
4.55920975
-14.88436642
-2.05027443
-3.89852435
-7.99196281
-3.17924683
-0.75538868
13.54020068
11.12498023
-11.36331088
0.10954500
-13.36435199
-8.85608628
-17.00860101
33.95366816
-8.87387952
5.59661678
-22.89751987
9.73728245
-9.23053455
-13.11160640
32.33180838
17.11532287
-35.93656647
9.40913438
5.60414264
6.81674629
36.81586811
12.35241793
-1.31561062
-1.22169226
-3.36084708
-3.96027256
-0.37710999
5.92180148
-2.59571159
1.60642364
-0.23641148
5.41251355
2.45053507
8.32398970
2.25483950
-7.15690751
-0.01962438
-8.03091887
11.62307295
12.47256717
3.51880793
4.34324282
-2.19579121
13.64565590
5.03553038
6.40778200
0.28461624
-0.64074866
-2.92638809
-3.19786242
-0.95643130
-0.73363504
-1.96862925
1.55384601
0.00274139
-1.09372821
3.14050317
1.76769399
-2.28187163
1.02557287
0.46108093
1.77240067
-0.58194039
0.93379490
-5.95415004
-0.01023333
8.48315588
-2.71244257
-0.05090361
-0.19634052
-2.29072245
-22.98384758
23.45157182
-17.70102275
1.00094396
9.92930036
-9.36567743
3.21048610
0.38137966
-3.32421810
17.04125678
-0.40619245
5.43766673
3.64077881
-5.43406859
0.64536831
-5.35955505
-7.27233272
2.22727685
-3.20307413
-1.01086956
4.96126768
-10.32068018
-7.62360564
-4.47979775
2.29058192
4.61829460
-4.81855813
-1.55415397
10.07164702
6.99023320
5.23999229
-2.07432006
-11.13135863
-7.20514195
2.57752389
9.13002798
-14.19860591
-1.56286325
0.00414701
22.44075545
0.90537771
-2.47072368
1.97871711
18.33482555
-0.78397555
0.90086498
0.30533554
-1.31305439
0.40276499
-2.52672172
0.10949060
1.30369923
6.62966463
0.15229829
27.13982505
-11.60151990
-9.66750913
20.77084523
-9.19949168
-1.76441930
4.17921002
-1.69990846
3.21276696
2.07329784
3.49480597
2.82512003
-4.92634683
-3.83434821
-2.49678176
-13.58497370
14.21448789
-14.27658184
24.55319651
-8.62546926
2.66796477
3.68629075
9.29004041
8.86110076
5.34521985
1.65687288
-11.68222135
17.07709573
11.30795363
30.23304897
-14.51608680
3.27829139
2.44261666
-2.82153831
-2.30301023
-0.08747987
-0.50666097
-1.06451347
-0.55638169
-2.77457876
-0.01108097
8.51378921
-8.24070620
16.18109792
-1.48545522
-14.61700005
-3.27743425
-8.79534578
1.16285697
0.58348482
-0.65168730
0.32288113
4.47425557
2.27640302
-1.89679671
0.18149065
1.53237864
-5.65583198
-1.41900473
-8.62518507
18.07651981
-6.76689652
12.57693621
4.48207498
-7.21012702
-42.11962309
-22.71117904
-19.93238587
13.37418212
-21.07656245
-7.75277510
-2.15735235
-28.28761504
-17.99743262
-77.91190264
-3.66049015
-49.56506794
-45.02581093
40.16854983
1.59929349
