8.59194154
-0.79287505
-1.73433647
-4.88035400
-0.05403800
-0.62321818
-1.33685137
-1.51328975
-3.38262840
-5.06458239
4.21088312
-1.40086417
0.05259340
5.50605361
2.14776935
0.11424830
1.08554802
1.05227259
-3.70152630
-4.96166424
-0.15200820
-2.85189925
2.46963051
-3.22349000
-2.79295509
-4.65834887
3.28441292
0.13089350
-1.21030482
-2.25916661
-0.30502162
-1.83351770
-2.58180735
0.01091008
-0.15011579
-9.37440887
-0.65120837
2.29752796
-0.77115090
2.45488239
-4.48778421
-4.68918308
-0.99066798
2.12380740
2.85897604
-0.46721147
-5.61455126
-2.79507768
2.10221614
-5.11884375
-0.95244805
-3.29961415
8.45911042
7.21486825
1.57800540
1.67465401
-0.12832038
-0.75807882
-1.55070446
1.58611736
3.69725410
1.72262827
3.84670138
-2.07318222
-1.30230927
7.74822298
-5.94551736
1.20360823
5.57385709
-2.43087624
-6.52225446
3.81251285
0.00162553
-1.83149294
4.38011141
0.95697344
4.86641216
-1.80477683
0.65188710
0.32333847
3.42207036
2.50970722
2.73229994
0.66310059
7.36549609
3.58493116
7.17023445
0.45810283
-8.14690013
1.39871686
-7.60528762
2.33020528
0.70276651
1.60857627
0.21401622
-0.53021695
0.81655549
0.69044800
0.09423232
-3.61177492
-0.71192989
-2.22359206
-7.32961948
3.64545333
2.59181383
-3.18467619
11.57189485
-2.39576600
-2.43946334
6.23864404
-5.99621100
-1.07361122
0.09648008
-1.58765605
-0.57998354
0.03512245
3.99372341
-5.24561946
7.41089103
-0.32502965
3.67414408
-0.02021861
4.04497704
0.44705720
0.04232172
3.93606474
5.88854960
-2.67455155
-0.78184759
-2.56549526
-0.66237345
-3.87057517
8.38761768
1.69564467
-3.14285466
-0.03539387
2.31374399
-10.88484153
-0.76361920
0.66449536
-4.44022979
1.13486863
0.22498676
3.44108629
-9.78223777
-1.25544855
0.06726399
-2.24148325
0.23247452
0.01122578
3.49429942
0.29445462
-2.56692382
1.74489420
-4.63824308
-0.13689377
-7.34406765
-0.00100310
-6.93818086
0.02766942
-0.12353938
0.23821883
11.30250604
-7.23745144
0.80902445
6.00416784
7.39687872
5.62597545
0.62555674
1.23678085
1.26974924
3.00119873
2.70709394
0.85647077
2.89980848
1.62457573
0.92661958
6.10115178
-0.25996034
3.31582008
-2.15446176
1.89797511
0.38747063
-4.74748067
0.08861770
0.47307728
5.15032064
-3.78813255
-6.17608181
-0.53115783
1.15454447
-0.12734163
-6.15835852
0.66720108
-0.82574014
-0.02619621
1.39783179
-6.56667180
-2.66816153
4.15158641
-0.65188205
0.29381854
2.12091224
1.03584386
7.40636105
8.65235628
1.41538979
-5.95164075
-1.84513175
-0.54780165
2.94166525
-1.71123361
-2.64945111
-8.39226863
2.13689947
-6.25227055
-0.74028621
0.08525052
7.92782503
8.43396179
-1.36348759
1.50931103
5.18115225
-8.33485434
-0.09150972
1.32543486
-6.47267780
9.53660434
-0.98198647
-1.65506031
-0.46404313
1.12363442
-1.28618721
-3.68410167
-7.58319919
3.11756911
1.85350792
0.06454219
-0.44372680
-0.70793810
1.71478372
-3.01090030
-5.76433018
-3.38042073
1.31278527
1.04461222
0.21592708
-0.24210220
-4.04554323
2.98249250
1.27231199
-6.42589370
1.88583428
-7.12162647
-6.73082996
-1.27764031
0.68334879
0.70908337
-3.04201034
-1.69824250
0.71267050
0.57569007
3.46183254
4.49933420
-6.45720947
-1.67204729
-0.11140227
-0.67485222
-3.46904110
5.82778842
-0.35514511
6.50213974
0.04358415
-1.04719978
-2.20917416
-6.38615792
8.60390433
2.80407012
-0.03749759
1.22371363
0.29227050
0.13061110
1.15368550
-0.69336778
7.68245787
-5.55707069
3.46422982
-3.77553302
3.70228894
10.67232128
-0.55376953
0.85893036
0.08184848
-1.31908582
0.46419822
1.95667475
-0.00612980
2.49786974
2.81019308
-1.59880860
-3.35377564
-14.24489809
