9.34186361
-1.32961448
-1.70407178
0.83817642
-0.06220783
-0.01602000
-1.73676184
-3.21962790
-4.20050751
6.52062691
2.75854035
-1.07892353
2.58619219
4.32284007
5.73243560
0.27417377
-0.86803431
2.05505162
-11.01321333
-5.27923123
-1.22858518
-2.14223982
2.21146088
-5.68179047
2.24123358
-6.79775342
3.37953577
2.56512750
-0.92411629
-2.98278453
-0.30545986
1.70864184
-2.61471619
-0.22685814
-0.21827917
-15.68370123
0.49709627
3.19670448
-0.67575134
3.08753794
-8.30013483
-3.55789135
-0.79564246
2.88775024
3.03752673
-0.10982786
-5.26853915
-7.62799257
-0.19908340
-4.22007774
-0.87916327
-2.86267420
8.56983531
9.51298375
1.10013463
1.41201637
-0.52042761
-0.24081816
-1.90473695
0.88539993
3.79015685
0.52897452
2.46405014
-2.86829788
-1.28613200
10.32986956
-7.28727443
1.15336171
5.08755132
1.39023660
-7.65507589
3.23065431
-0.00075200
-2.09271586
0.33068646
0.99388432
5.78242824
-1.20783116
0.39974509
0.54284106
2.07153730
2.82988318
1.89546187
0.35331758
7.34366038
4.49746417
6.99158627
1.32028324
-8.49570856
0.95391354
-7.80279858
3.73367399
0.63229196
-2.04291016
0.14773187
-0.52902155
0.90398168
0.35277461
0.07157913
-4.11151711
-0.66633830
-2.09302443
-6.89870595
1.90830016
1.38314745
-2.32130272
11.20839568
-3.53955947
-3.55103180
6.76614660
-6.14553539
0.20021276
0.08930175
-0.77828893
-0.02139800
0.06302282
-0.20066175
-4.18139613
13.03241227
-0.43504329
3.57725200
0.61551004
3.63664239
0.21215243
-0.13240340
10.14006923
8.43738949
-2.13042966
-0.67025212
-2.58161844
-0.37099579
-13.21398915
7.39197804
1.35794911
-4.95623579
-0.01932364
0.15721858
-10.75107205
-0.88209497
1.51440792
-4.74187974
-0.04738369
0.16356485
5.48725624
-10.00361484
-0.76424104
-0.26915415
2.33924645
-1.55246688
0.03903240
12.88505273
0.38962950
-1.48985897
0.74865874
-4.21853033
-0.56478152
-6.50497547
0.01913319
-9.30884751
1.08026210
0.22619179
0.10676900
13.33445519
-7.43372304
0.49949768
5.03689937
7.00453702
1.71817483
0.41816190
2.28004582
1.32647744
1.86790310
3.27164563
0.98057894
5.39357823
1.77407494
0.07067145
-10.71615495
-0.28059998
11.23103857
-2.52182304
0.93057378
-1.32510768
-4.24284165
0.10171077
0.52457449
3.08700646
-1.57462078
-3.45273480
2.56984655
1.27288465
-1.48504157
-7.00644494
-1.63835316
-1.06395508
-0.08684543
-7.04432293
-5.05979208
-3.12129035
1.95609985
-0.64799362
0.00619519
2.57158460
0.99795709
7.55602996
8.84677960
-0.58809356
-4.91471232
-0.95709768
-0.45145007
4.97719658
-4.59278061
-3.39750526
-6.95007898
-3.35541883
-5.93317245
-1.03981726
0.04157029
8.16236688
6.44309442
-1.41020091
1.83783515
5.48886170
-4.79309034
0.62978568
1.10082731
-6.60394042
9.94990002
-2.95118098
-1.53783085
-0.38927438
0.92874052
0.61924730
0.59931969
-6.33620238
1.14781873
1.77183252
0.46801785
-0.69034602
-0.27452178
3.87624133
-4.67991637
-5.07682902
-4.11469891
1.29483974
1.24624534
0.11612983
1.26991809
-2.89065190
1.54463248
1.98800610
-18.47379638
3.73392132
-6.09825651
-7.56972649
-0.41092459
0.89612367
1.51466125
-1.39431762
-1.57298241
-0.00867474
0.62637950
5.57896430
12.03746323
-6.73040673
-2.43704095
-0.45711478
-0.57622662
-0.43448338
6.64038046
0.00064548
6.86595251
0.16236305
-0.51110293
1.02710363
-6.36126395
4.72542757
2.54319951
0.00375030
1.41965535
-0.28406105
1.27417790
0.15040735
-0.68899142
7.43108225
-7.60160465
3.74804589
-4.25817077
3.22621377
10.66737544
-0.48712829
0.50437586
0.00272187
-1.03001663
5.89386694
-0.51575888
-0.01044782
4.15445786
10.86830074
6.50931104
-10.05547612
-21.89835162
