8.50573530
-0.54001088
-1.61087386
-4.83749165
-0.04764131
-0.58753064
-1.10212024
-1.49142163
-3.36892183
-4.71389194
4.33275971
-1.14218405
0.35637117
5.66800409
1.93887574
0.02282847
1.41759262
1.47210668
-3.34464060
-5.13522697
-0.18602703
-3.14181653
2.43562359
-2.16271257
-2.46871860
-4.21344803
3.08979598
0.10561064
-0.86375984
-1.73711776
-0.12470521
-2.04102421
-3.35073654
-0.04288834
-0.11872231
-6.95833741
-0.46506590
2.92859790
-0.80162501
2.80674866
-5.90164191
-5.41429233
-0.56281023
1.74370311
2.89011468
-0.55577559
-5.48202706
-2.62745609
2.85424139
-5.53971234
-0.95953720
-3.34572674
8.10224736
6.78640355
1.78731080
1.68352691
-0.02082560
-0.88852379
-1.49132551
1.55980363
3.44999677
2.58930995
3.95489247
-1.87077973
-1.27293860
8.62684235
-5.71887880
1.20612736
5.52768822
-1.87131862
-6.19096316
3.94215188
0.00163062
-1.87879954
3.36560816
0.89058381
4.72836370
-1.90111726
0.64736730
0.26594332
6.12376404
1.32857112
3.14765637
0.53788577
7.08119620
3.08923206
7.92688457
0.36728900
-8.31145200
1.47953518
-7.67074823
2.21421200
0.69755598
1.34755048
0.24321516
-0.50114675
0.74735645
0.72330050
0.10534340
-3.15396097
-0.74950257
-2.10749578
-7.17176212
3.81846355
2.29523142
-3.01682356
11.23550809
-2.22178385
-2.10687358
5.92354345
-5.70890424
-1.65282009
0.09778051
-1.74770589
-0.48252981
0.02711731
3.89743903
-5.41239425
5.90208689
-0.24751306
3.55067489
-0.01486628
4.03560343
0.40960183
0.05137862
3.35686015
5.26811788
-4.24994650
-0.72139714
-2.54594644
-0.67732493
-2.96784277
8.30406152
1.73425964
-2.84956969
-0.03637839
2.40725618
-10.88115633
-0.77837409
0.59127555
-3.08384945
0.80829446
0.24491096
3.26746509
-9.79782150
-1.31261241
0.21512171
-3.74623640
0.35041462
0.00952146
2.94068250
0.27284085
-2.60107224
1.85606086
-4.74172747
-0.07407015
-5.12964107
0.00035399
-6.78214784
0.03315345
-0.09688866
0.34455590
10.24274273
-7.70486755
-0.09029775
5.21866851
7.39207464
5.69881528
0.58589472
1.02898719
1.30841765
3.59197675
3.39860710
0.85947112
3.11582351
1.57502262
1.00523756
4.66174649
-0.79037505
3.13580610
1.54792475
1.90099294
-0.25004672
-5.63259665
0.15150151
0.40207792
5.54508899
-4.23962064
-6.76715066
-0.46395942
1.10690550
-0.20305063
-5.49115836
0.53564054
-0.77981113
-0.12181149
1.12770727
-5.78111401
-2.57180035
4.29334304
-0.54123572
0.34024194
2.02107964
0.96394216
7.34618653
8.55778082
1.34445021
-6.76892338
-1.48429191
-0.76068353
2.68874868
-1.44500569
-2.44822075
-8.22545648
1.95890628
-6.25582063
-0.57072071
0.10269925
8.37351170
8.82066590
-1.36945050
1.52826860
4.96968470
-8.34969471
-0.31345904
1.36793911
-6.33203391
9.22326623
-0.89169166
-1.42421058
-0.45609159
1.12272017
-1.26423276
-3.60494525
-7.15397423
3.38620652
1.91024752
-0.31894112
0.18443356
-1.49137554
1.58102457
-2.88010530
-6.04097859
-3.00459405
1.28418852
0.99416695
0.19099816
-0.21568939
-4.29788882
3.43449410
0.93641756
-5.43367574
1.03488932
-6.85456638
-6.72859883
-0.69714561
0.68022702
0.61156475
-3.51436458
-1.49215459
0.87121520
0.52724216
3.24733347
2.86318524
-6.30347251
-1.35649581
-0.05663997
-0.66355312
-3.78995590
5.47902186
-0.30358753
6.43969957
0.59656468
-1.15528871
-2.48114165
-6.16630804
8.23375936
2.70229808
-0.04473747
1.20140243
-0.89583979
-5.98089001
0.92370383
-0.56441171
7.65481990
-5.50638568
3.24251685
-3.58059204
3.85548572
10.73090491
-0.43625463
0.82830695
0.05290315
-1.28529339
-0.28489719
4.23122762
0.00319888
2.07698879
2.45927929
-1.06236459
-2.87993344
-12.94385216
