10.14531767
-1.98184120
-0.57857229
-5.58467365
-0.05873533
0.14798220
-1.41407748
2.07232948
1.41543116
-2.00420923
1.80265032
-1.75494110
1.38991530
6.02673244
0.12900392
0.35999562
-1.31036612
5.21344209
1.08927957
-6.43365599
-1.48405323
-1.49652233
2.52890853
-11.49030472
1.56037730
3.10928266
5.27519246
0.39057260
-2.15946574
-1.94182894
-0.06114020
-2.23866282
0.42154172
0.07844886
-0.15525910
-6.72037823
1.76017061
-2.50245164
-0.56348236
2.25274941
-11.10677702
-3.36555311
0.09656714
-2.78879950
2.45049586
-0.79387302
0.38711980
-3.02810740
-5.65711053
-2.90941681
-0.46042796
-2.58681576
8.27963154
6.55205816
0.33562164
1.61969499
0.55666887
-0.36689185
-0.92426410
0.57811984
3.57483576
0.10093478
2.33878433
-3.12852164
-1.49165857
8.84296583
-7.41564895
1.45148862
2.83208255
1.75789379
-5.00265278
2.26845140
0.00133656
-1.49824137
-1.83371522
0.77198679
3.16975037
-1.30466675
0.43891480
0.52426198
1.97156391
3.11434859
-1.12749735
-0.05444386
3.84282263
6.05105779
7.04089207
1.15656380
5.37509754
0.28741476
-5.92403261
4.87542969
0.53708368
0.01424614
0.91343462
-0.80479912
-0.07684518
1.20662138
0.05147978
-3.79432360
-0.34511841
0.17767408
-4.26062314
2.49290210
2.36190921
-1.06759608
8.00205947
-1.28406238
-4.21728699
4.91177583
-6.75876878
0.17401961
-0.78638988
-0.03748596
-1.26712296
0.10225179
0.16392016
2.50024093
6.47578074
-0.60873659
-0.91422867
0.24203021
3.51017561
0.01451878
-0.05995310
0.03141985
-3.85707965
-2.03308379
-0.20823160
-3.07221420
-0.03123355
-1.77546393
6.83200867
1.10494560
-5.95695207
-0.01407347
-1.77989882
-7.56707074
-0.03321827
-0.20437385
-5.17322029
-0.78969828
-0.54628490
0.82859081
-10.94589293
-0.50553173
-0.24854671
2.47545265
-1.35806757
-0.74281120
6.10740407
0.27020679
-2.14545064
-0.25892240
-4.97078649
-0.66101367
-4.51887379
0.07148745
-4.81421475
0.05773351
0.34325084
-0.17042989
-1.52120880
-7.79731941
-0.18899019
3.54231836
6.68460553
-2.31101625
-0.55313651
2.41409548
0.90336192
-0.43174983
3.40416795
0.89545460
1.92958966
0.43862855
0.18295916
3.71782352
-0.36098588
-1.79036162
-2.45738668
0.02575917
-3.72761408
-8.24941096
0.04476703
0.65082509
3.24254847
-2.06515146
-3.31861433
6.43226055
1.01434189
-0.27483129
6.14860340
4.18354025
0.67375746
0.00313787
-11.17437458
-1.83502925
-2.72414907
1.91625600
-0.91584138
0.00202495
-0.18085505
0.18018889
-1.98544015
-6.77659488
0.25256627
-5.31318148
-2.16688222
1.09854259
2.63742932
-4.77418871
0.70325818
-4.72383194
2.63174089
-5.11542373
-0.74926702
-0.00151037
8.91990673
5.56789075
-1.07783369
2.76238447
3.97931862
9.15545135
1.24705484
1.24260852
-6.94927369
11.33634231
-0.17376082
-0.10081502
-0.15863567
0.19267733
-0.18054053
1.31911651
-1.33295444
-2.66970565
1.44290139
-0.08771130
-0.88670672
-0.13836796
-1.21151891
1.48588394
-5.99052884
1.36567883
1.46559296
0.90798263
1.37972603
0.72275414
-2.33038649
0.87352811
-1.02483186
-2.77874875
-1.09626024
-4.59469315
-1.80366211
-1.38718580
-0.72834104
0.00023548
0.43949071
-2.76793271
-0.03061743
0.82010009
0.01027170
6.65198193
-6.74154971
-1.91098160
-0.78302545
-0.25972441
-0.07975905
6.62292703
-0.17812759
4.64904848
-0.37622293
0.20638756
-0.51160997
-6.71993556
0.38716391
2.86445871
-0.00003962
0.37697980
-0.55223567
0.60221263
0.02313044
0.77783351
6.66448637
-6.12771852
2.16348126
-1.20309015
5.28039302
11.77121118
-0.71449617
0.18145888
-0.05929093
-0.25128071
10.01604720
1.20470901
