0.84160432
-0.04713110
-0.16135501
-0.23876473
0.04477793
-0.22947737
-1.09369577
-0.00655316
0.22011210
-0.73940306
1.40708914
-0.54437640
-0.21683000
0.16184041
-0.54626269
0.01220484
-1.59963988
0.96310079
0.52371918
-1.74807788
-0.40442351
-0.33378577
-0.72518261
0.02866714
-0.35965204
1.93226233
0.38256879
-0.13013773
1.67169067
0.27940876
-0.11398270
-0.17537370
-2.32827428
0.10297169
-0.14781098
-0.03369001
0.90425456
-1.44858533
-0.50372405
-0.00146671
0.98306963
1.08054292
0.00395370
-1.72631349
0.27642554
1.49950779
-0.04940022
-1.38868704
0.05717733
-1.11988560
-0.55983691
0.54017692
3.06401670
2.47660203
0.96348535
0.99048616
-0.04538788
0.01368541
0.50967223
0.42168652
-0.12668146
1.06265714
-0.00601712
-0.17941988
-0.10285847
-0.00291528
-2.09413372
1.18608293
0.09228924
-0.55824347
0.21719230
0.10804550
0.19783437
0.75841353
-0.12417970
0.04325555
-0.17876405
-0.33135021
0.14911427
0.51261534
0.93285780
-3.19305039
-0.34836710
0.54042003
2.03746407
-2.03227058
1.46652403
-0.00316674
-0.37126314
-0.02165280
-0.07812961
-1.07857619
-0.03850818
-0.18362449
0.09566781
0.33164948
0.22965346
-0.36226831
-0.05878341
-1.20228452
-0.13799967
0.03429341
-1.78458558
1.01347056
