11.37466151
3.63445199
-1.36198257
-4.04820824
-0.01330364
-0.49061267
-1.19272997
-2.33803766
-2.62728064
-4.86972387
2.56343553
-1.58395357
0.90597924
6.37161494
1.62588842
-0.93005284
-10.24252819
1.24409980
-2.99249815
1.30526206
-1.44469682
-2.28011095
0.97914870
-0.51417021
-1.04066258
-2.72675029
1.37931828
0.02615066
-1.00495781
-2.57708302
-0.08614918
-1.76669679
-2.71180621
-0.01440983
-0.08963857
-2.84158458
1.44422795
1.99431495
-0.46649857
4.75986483
-1.00384793
2.88008453
-0.06285270
0.84268175
2.41673947
-2.29497137
-4.51797626
-3.64895362
4.92419106
-2.69094684
-3.76086063
-3.86086887
7.71796690
3.97744857
0.65503261
-0.03655080
-0.00820518
-1.81052767
-0.31745472
1.54573690
3.41287301
3.35995779
6.28251721
-1.19064266
-1.02575057
5.52920565
-2.85945426
1.54594414
4.18556320
-0.82657454
-6.00554064
7.45547426
-0.25492634
-2.08680866
1.44037215
0.71614546
3.57478019
-2.08657112
-0.55737588
-1.03998062
9.65861905
0.76420702
4.42135511
0.66564672
5.15969723
1.35236331
8.98918739
0.43441805
-8.46958405
1.61208548
-8.13558491
2.25744188
0.96717771
0.99366995
0.22071374
-0.79795164
0.47616024
2.10558140
0.06533235
-1.86937876
-0.41588620
-1.78868623
-5.72524052
3.26258908
-1.59077756
-2.77496384
10.09616657
-1.78109524
0.65198845
4.88269616
-3.98709860
-2.92995493
-0.52138024
-2.53479946
-0.10759192
0.02874552
3.72514664
-4.65060815
2.94584055
-0.77696326
3.29387798
-0.35462068
4.13304560
0.26689726
-0.26061421
2.13204561
4.40226706
-6.63260558
-0.65304523
-2.63634626
-0.52204253
-3.93038686
7.45575102
3.65058646
-1.17526378
0.03485928
1.56197589
-9.92730625
-0.87919400
0.63354173
-1.99980114
0.86900258
0.35634436
2.88418168
-12.83456383
-1.18016016
-0.36228131
1.39559017
0.97101867
-0.03253087
1.38919513
-0.97931913
-0.02085212
1.74604449
-4.75498863
-0.07587438
-3.86290379
-2.72521759
-4.92890760
0.01577989
-1.99297435
1.25190874
6.34938601
-7.86432860
1.88700201
5.19826662
8.49144338
5.11204277
0.49327970
-0.40871820
1.64950483
2.67633598
1.40349163
0.48718004
2.17786385
0.87486603
0.93885230
3.51038751
-0.42345053
3.92827375
9.17150925
1.76066183
-1.35257713
-1.79642607
0.00621556
0.35296126
5.50360375
-4.81674506
-7.26708401
-1.76894419
1.96810652
-0.27935748
-6.99347391
0.77995404
-0.36278795
-0.46038937
-0.57659088
-4.72555079
-3.54324728
3.85333380
0.38757292
0.52849872
1.75148755
0.71891151
7.59552303
8.71786069
1.17363192
-7.23634900
1.06618851
-4.30233695
1.34517652
-0.99531543
-2.45676072
-7.64758930
1.75761608
-7.83910186
-0.47728924
0.67191111
7.99062095
10.08501257
-3.16511988
2.40003534
4.96808964
-8.09041559
0.26248362
1.13906533
-6.03615319
7.78256773
-0.72737013
-1.01840278
-0.40720038
1.23886140
-1.22374613
-4.75343308
-5.42601473
3.61221218
2.12933549
0.27492190
-9.17575770
-0.37403419
1.50870488
-2.86697795
-6.83130265
-3.27300263
1.01053801
0.82559330
0.14047651
-0.11496823
-5.24742152
4.97333659
0.62012655
-3.29711134
0.47550441
-6.17304913
-7.53115231
0.05519093
0.60886841
0.50872229
-4.86791125
1.24691414
0.80481316
0.78785248
2.18210216
3.53844915
-6.33704465
-1.83197377
2.57678423
-2.10432295
-3.96887113
4.10986547
0.01793159
6.28903360
0.52831256
-0.95753515
-0.68083438
-4.29656961
5.62540805
2.71612829
0.02467207
0.39179631
-9.17963179
-10.37685371
0.14114079
0.29164977
7.98723996
-5.69341009
2.78012180
-3.11429837
2.13201266
9.58590065
0.18007741
1.46668713
0.03648204
-0.92867757
0.51901061
-1.05710986
0.53703824
1.27534264
2.72038100
-0.36279629
-1.96533306
-7.87684286
1.02560356
0.61010849
7.13448994
-1.70421672
