9.82243397
1.07447397
-1.26898870
-2.41604917
0.00394728
-0.00140488
-1.30084999
-2.72728264
-2.00381480
-5.67164787
2.57730210
-1.72113083
1.44002765
6.38816609
1.58876281
-0.82421536
-5.56589186
1.49718836
-3.48695399
2.37851474
-0.79346275
-3.51652813
1.12511229
-2.18633727
-1.19811495
-2.90746448
1.90748285
-0.97329813
-1.72009187
-0.79319141
-0.46383041
0.59490414
-5.06440246
-0.16234878
-0.04171666
-1.57785416
-2.80099508
0.08859093
-0.09549989
6.46442640
-1.03889386
-3.06379222
0.06990050
-0.20985846
2.77832559
-1.62458658
-3.82922013
-5.11858491
8.03498133
-0.87252910
-3.48011442
-3.64480747
8.50458058
3.09808165
1.19729062
0.49451201
-0.02255488
-2.13878059
-1.11215918
1.48991088
4.14969227
2.91329488
6.86231367
-0.84571692
-1.07994809
6.54481930
-1.37174313
1.41153749
3.81573635
-1.65890857
-6.49881621
7.05482439
-0.00206561
-2.57133560
2.35341320
0.86385381
3.89127641
-2.08568845
-0.65368951
-1.01447466
10.05499870
0.80943759
4.82478575
0.85154031
5.15423518
1.52720400
8.60644372
0.91483120
-8.64576561
2.52526878
-9.26526853
2.49621232
0.95992596
0.85346223
0.06186245
-0.77557493
0.42010070
2.16436940
0.05972446
-1.21039988
-0.44519489
-1.67863172
-5.60855356
3.71361997
-4.09904123
-4.38704920
10.04200093
-1.05741714
0.39768319
5.02019600
-3.26909948
-3.03669253
-0.60537017
-2.88572331
0.00879479
0.00791573
3.75368794
-6.99429669
2.21500522
-0.26708287
2.35195514
-0.62258643
3.96776965
0.15558227
0.00650428
1.18849785
5.22446170
-7.31466256
-0.60277244
-5.29164639
-0.50344852
-4.49162297
7.01477475
3.31079393
0.66419246
0.02495203
2.46712318
-8.96951408
1.54838966
0.38684410
-1.21060535
1.12841983
0.50223497
2.93021047
-10.65658130
-1.02867277
-0.63234299
-0.39558304
0.78198204
-0.02133866
-0.33156257
-0.85619498
-4.08885251
3.88569951
-3.76291561
0.40519405
-2.75588953
-1.13812655
-3.65303262
-0.00096265
-1.82663689
1.13078132
2.91922064
-7.16971131
1.21554603
4.76714250
7.99983581
3.98594248
-0.13139959
-0.29990845
2.31342749
2.06520284
-0.00871640
0.09297003
0.51397037
1.94665154
-0.64164531
4.12384844
-0.82228504
4.49809856
10.08479934
2.03441438
-1.25182447
-1.65123100
-0.09529213
0.05865998
5.33922586
-4.79766513
-7.30471938
-0.76004424
2.36177477
-0.06617625
-6.24490539
0.95706757
-0.48630791
-0.72975412
0.54014035
-4.66477216
-5.41878424
3.17871979
0.60518214
0.50266843
1.48942067
0.68365207
7.79113547
8.73192514
1.28810323
-7.29875842
5.52510378
-3.91551902
0.22677431
-1.12044346
-2.42443967
-7.43506020
0.18851167
-7.68010746
-0.95213687
0.84485490
6.94384932
10.06258150
-4.46238212
3.57174388
4.83634386
-7.58114298
0.08394116
1.18612076
-7.04334948
7.10439368
-0.89614863
-0.73574849
-0.30138004
1.13533810
-1.23728025
-4.77357573
-3.92647030
4.06043484
3.38692803
1.64539801
-3.58396024
-0.12920603
1.69151187
-2.12352094
-6.44559628
-3.06472053
1.07106354
0.64616615
0.09719888
-0.04843646
-5.95552545
5.59382963
-0.06219198
-1.79796549
1.56159512
-5.59481631
-8.66616875
0.04474779
0.76511811
0.58077583
-5.72423214
0.70155130
0.59403065
0.74991647
0.84086436
4.92585339
-7.34972944
-2.03201197
2.48890666
-2.09528934
-2.86452050
2.15829050
-0.28774319
6.40447467
1.08644237
-1.45079498
-0.77525697
-5.16933047
5.24532596
2.56608380
0.05057019
0.55907090
-10.21970889
-11.61762188
0.83646275
-0.33977964
8.41242834
-5.90879130
2.57767654
-2.79800377
-0.04056043
9.92998995
1.11256646
1.23315640
-0.16612822
-0.70656274
0.25069350
-1.34042947
0.62823348
1.21133291
3.50444604
-0.06224441
-1.15688970
-4.67497011
1.00049394
0.45995759
6.92711391
0.24773086
-1.63536247
-0.82057837
