10.04931103
1.44092710
-1.35826723
-2.49370135
-0.00151002
-0.07468307
-0.83249643
-2.97473688
-2.29090038
-5.21859955
3.58554127
-1.70726941
1.29292169
6.25244102
2.01857172
-0.95640518
-6.60262235
2.04843124
-4.02390476
2.06508792
-0.13985645
-2.88643737
1.20155555
-2.41028569
-3.45620013
-3.07605225
1.83744730
-0.70896922
-1.49111404
-0.98181700
-0.73060308
2.59788123
-5.48038374
-0.15222322
-0.07023487
-2.10539659
-0.24664964
0.17337239
-0.17335051
5.86614659
-0.33564878
-2.51514628
0.08144701
0.33603020
2.64645773
-1.97541558
-4.08242336
-5.78274082
7.79386230
-1.32483750
-3.55924539
-3.83365986
8.37431112
3.49052686
0.96965900
0.34847837
-0.01491973
-2.01372298
-1.02046110
1.51181350
4.11395232
3.22710079
6.64317350
-1.07537215
-1.08103138
6.08975527
-1.67683260
1.44795025
3.93599744
-1.80754382
-6.35142611
7.21192377
-0.09248449
-2.16964275
2.66083439
0.71755588
3.88906904
-1.96007539
-0.87879826
-1.02078938
10.02612886
0.91144207
4.73357676
0.85274359
5.11667482
1.52926730
8.53445698
0.46062878
-8.74812050
2.25284603
-8.87189356
2.49385990
0.97446898
0.80566212
0.08893954
-0.77992199
0.46982790
2.21761597
0.05333971
-1.43950658
-0.24158231
-1.68116760
-5.58956437
3.41797831
-2.27579532
-3.57195717
10.08341116
-1.83354700
0.48868981
4.91365703
-3.56154588
-3.10810596
-0.57987675
-2.85512227
0.00775057
0.01205882
3.77362006
-8.63776419
2.68535336
-0.27903274
2.46777426
-0.66193721
4.25138356
0.19171269
0.02891811
1.75965471
5.32972675
-7.17368611
-0.59647999
-4.50497063
-0.44306746
-4.70724347
7.23621540
3.42461661
-0.14937681
0.03152828
2.02948725
-9.31942075
1.02124161
0.48392968
-1.65700058
1.11347888
0.49840865
2.86199503
-10.86965906
-1.03374631
-0.55069140
-0.51475542
0.93546283
-0.07871219
0.42848438
-0.91196796
-4.54642667
4.10259194
-4.17826475
0.19786060
-3.17526500
-1.14476991
-4.21560086
-0.00136709
-1.84407037
1.16816000
4.82453436
-7.37575043
0.98189332
4.79575105
8.15288100
4.39978749
-0.03622872
-0.31862911
1.57648892
2.18752105
0.25096654
0.17712367
0.93694307
1.77607182
-0.14974872
3.88576339
-0.54707706
4.69995533
9.73930390
1.87715454
-1.44749105
-1.92476589
-0.09701533
0.30626413
5.22435253
-4.82348120
-7.16295987
-0.69915958
2.22682671
-0.07604547
-6.90681910
1.26746108
-0.53136227
-0.70029580
1.80241345
-4.95600950
-4.84807706
3.37024106
0.63284892
0.55230291
1.60474884
0.66420663
7.83271087
8.76848395
1.23963413
-7.15623832
3.93197393
-4.01569867
0.58352611
-1.01981668
-2.50971601
-7.46361833
-0.02142787
-7.74136733
-2.65621261
0.81110560
7.19440822
10.12130346
-4.00604190
3.10099909
4.86455120
-7.76654037
0.10973704
1.18663621
-6.96336695
7.47633535
-0.97320150
-0.87652659
-0.28873644
1.15547510
-1.26337127
-4.81027892
-4.54577946
4.29232686
3.49385664
1.69223768
-5.25978060
-0.27446579
1.64030532
-2.15641377
-6.61127035
-3.12299138
1.07243569
0.69207912
0.11151543
-0.07022930
-5.63067986
5.08348014
0.25136540
-2.26729579
1.81486970
-5.78054769
-8.40460247
0.07838787
0.72744603
0.54437110
-5.22601217
-0.15481236
0.73792429
0.76466575
1.43447666
4.94856107
-7.15909600
-1.90279343
2.53271076
-2.13603413
-3.52549818
3.42898006
-0.20321409
6.35976690
0.77896791
-1.14006557
-0.56772603
-5.20105176
5.17377999
2.67396527
0.03898765
0.63262069
-10.05312092
-11.25262612
0.80261930
-0.24172360
8.26351233
-5.83117381
2.52588677
-2.74977337
0.30117157
10.22489063
0.80838966
1.30278270
-0.04870774
-0.78891886
0.28372018
-1.23100208
0.62196383
1.12846225
4.04228388
-0.04878010
-1.66555186
-5.92917711
1.00664659
0.51435558
8.35779425
0.20371039
-4.04111671
0.83985638
