8.24107701
-0.50072843
-1.53228994
-4.74992572
-0.04019216
-0.56360843
-1.29033071
-1.64816593
-3.11462128
-4.60871461
4.24494177
-0.26835747
0.76015323
5.93576479
1.79730593
-0.04118384
1.70451985
2.00319109
-3.14471690
-4.06518414
-0.27204234
-3.35349958
2.27023915
-2.06263569
-1.59997413
-3.97084516
2.76877930
0.14519610
-0.55014365
-2.33267745
-0.12327691
-2.05215124
-3.72634693
-0.05273346
-0.11110470
-5.88529373
-0.54504822
3.22417908
-0.82476386
3.21420463
-5.50279914
-5.70003868
0.04711542
1.40906153
2.75852318
-0.82862075
-5.36670784
-2.79298851
3.40968307
-5.61694793
-0.95749039
-3.37585535
7.77516786
6.32974924
1.57582583
1.82405337
-0.09556097
-1.19179510
-1.07618044
1.52817416
3.29767674
3.02034761
4.18862805
-1.70839268
-1.24435049
8.39017612
-5.73878684
1.17017149
5.34414636
-1.51067978
-5.93855355
4.01011399
0.00173841
-1.94217906
2.52452829
0.47505199
4.33963035
-1.89835188
0.43966639
0.21769954
7.19229289
0.81342585
3.40314618
0.49413038
6.61037322
2.67273671
8.41073664
0.36795557
-8.38747837
1.49897618
-7.57176694
2.21192966
0.85067676
1.31825080
0.30244361
-0.46844670
0.75524617
1.09839082
0.10097830
-2.55047093
-0.71486505
-1.99796752
-6.99563851
3.61426045
1.93729784
-3.00177853
10.92386239
-2.08708137
-1.35859562
5.46565621
-5.28563352
-1.96837643
0.10003006
-1.98177930
-0.38667603
0.03189116
3.77019792
-5.36874022
5.16794628
-0.16767936
3.42595772
-0.01214055
4.01887030
0.37152164
-0.11732167
3.00205377
4.81335439
-4.96290365
-0.68638767
-2.55537366
-0.66680924
-3.16425620
7.99239558
1.75638039
-2.51562346
-0.03599682
2.29648426
-10.89219329
-0.73824173
0.58950309
-2.64386069
0.67306274
0.28587894
3.23078323
-9.40220345
-1.19502442
0.21481439
-2.98247229
0.50563374
0.00850545
2.39808879
0.24225862
-2.71075355
2.01439401
-4.95243997
0.05515225
-4.84585007
0.08192386
-6.33275031
0.01708539
-0.17287628
0.27638353
9.39056173
-7.60585736
-1.18634163
5.01948087
7.22684142
5.70782693
0.56232204
0.35533638
1.33732375
3.89827288
3.25029151
0.87452584
2.86403251
1.38978899
1.01546758
3.74090260
-0.82102776
3.24909237
3.61679034
1.96661237
-1.46223025
-4.23301238
0.14214036
0.35843251
5.55936375
-4.62145904
-6.89302446
-0.42614969
1.23713230
-0.27008431
-5.61846482
0.61099529
-0.78086221
-0.47254864
0.48221087
-5.22279140
-2.56820086
4.31324842
-0.35697570
0.35154696
1.86384387
0.88099450
7.34472228
8.57052104
1.25895713
-6.98958357
-1.15188986
-0.92828211
2.36314234
-1.28042404
-2.34265145
-7.95969244
1.91400338
-6.16423253
-0.46494252
0.11577758
8.94885893
8.92505850
-1.45068584
1.58746979
4.95549484
-8.33808451
-0.61395728
1.40859572
-5.90192874
8.57674377
-0.81982380
-1.26355182
-0.45898918
1.08404159
-1.21357096
-3.89371597
-6.64739813
3.44929339
1.97468537
-0.18096039
0.76283584
-1.61733679
1.44822918
-2.77355805
-6.30386961
-2.80939455
1.25567445
0.92343578
0.17982447
-0.19124448
-4.50703287
3.93284080
0.71937972
-4.87513339
0.41770233
-6.54685888
-6.78135504
-0.37298078
0.65447299
0.54768550
-3.87771204
-1.30890078
0.91240425
0.48506180
3.08790475
2.84834427
-5.94867451
-1.42806455
-0.01399357
-0.62881206
-3.95348997
5.12544247
-0.25450008
6.31065867
0.67254752
-1.08098768
-2.35939033
-5.71530453
8.03435356
2.65921657
0.07066574
1.03851757
-3.13253071
-7.24894033
0.87134135
-0.50559358
7.65166135
-5.49235607
3.11037133
-3.36280223
4.18348978
10.34160976
-0.28765914
1.06424692
0.01112133
-1.20461878
-0.20713932
2.93709890
0.00222620
1.78523772
2.39274241
-0.67937902
-2.61324673
-11.86934344
