3.43523354
1.18089131
-0.83513365
-3.83464895
0.07412585
-1.15698553
0.00834752
1.28953860
-2.62036632
1.88931772
4.52245171
-1.28155446
0.16855262
-0.50664995
-1.31363817
-0.00399846
-1.83214554
-1.76713325
-0.26090422
-3.58332653
-1.24804867
5.42909368
1.49964452
-0.00899268
-2.67461476
0.21595424
-3.02748415
4.59842667
14.55499070
-0.68077396
0.00159560
-1.20097063
-11.47905458
-0.53410399
0.01822254
-5.40130811
-1.18592188
-10.43818849
-0.13662308
-10.07823340
-3.06079117
0.10683021
-0.99326294
2.77051013
6.62779714
2.78965142
-0.03411649
1.77416510
2.07825474
-2.60079284
-1.95907923
-4.33535692
-0.90176651
-11.35062412
5.84149837
-0.80512195
0.13872445
-0.84450222
-2.34934601
0.00539230
-18.33058035
-8.20989076
0.36078252
1.27917650
-0.83672388
5.55989646
-3.19229802
0.16519345
5.40648362
1.65663372
4.28085658
8.78299713
0.36527144
-0.44666489
-1.24221439
1.07220889
-3.43739613
-2.56208439
1.54395157
-1.48625224
5.86674033
-3.38468953
-4.98166260
1.09738704
0.52291392
-3.27465634
-3.10178648
0.55759594
14.99378496
-2.03561972
-3.38238231
0.37629143
0.00382305
7.96663435
0.10899069
2.13673188
0.77305517
-1.31303458
0.18624151
9.10552658
-3.36745410
-1.25141663
-3.52589478
-2.79176098
-2.94588866
-0.13959848
-0.39130303
-0.50847628
-1.97544432
-1.52154873
0.00630728
4.19477939
-0.46059831
-18.93040449
-1.12710743
1.23996035
-0.47407525
-7.85170408
6.72830585
-1.09380422
-1.46579930
-2.10882413
4.90877779
1.06066576
-0.67510884
2.79240369
-5.47005406
-1.21063309
-0.79485290
12.30961743
2.19693539
0.91735891
2.44685217
4.64628321
-4.84532450
0.67557864
3.52206952
1.36918862
-5.84563370
0.51299182
0.49732391
2.49596066
-2.07228039
-0.97854918
-4.85556386
1.97439015
4.37063464
2.04042055
-0.68090986
-0.05682982
13.93974835
-0.77496242
-0.32900538
2.35976655
-0.91554857
1.03221487
11.56715174
-1.26683652
2.26036334
-5.90750857
3.53143934
-3.72598089
11.06596037
-1.18342042
1.61592205
6.18732617
10.82814840
-3.53058626
-0.00012154
0.45827165
-0.67602340
2.24858801
0.17908627
1.65786664
9.12296483
3.18735907
0.75965787
3.91732801
0.01506107
-2.90825350
3.19887289
-1.20017648
0.58004973
-2.30238988
-1.16623274
0.85619513
8.64395565
-8.59667269
-8.25113919
-4.33378215
1.66677621
-0.31653603
14.85493620
-2.79991557
-0.71090803
-0.06948476
4.40648667
1.13844671
-7.93200962
-3.62812286
-0.57777837
-0.78854935
-4.95138575
-0.53872801
16.23355457
-11.13562989
-2.16249231
4.29463262
2.94489950
-3.15830318
-2.08453785
1.59866491
-14.62283673
0.75290141
0.77250141
-8.60906057
-0.27736246
4.09775708
5.11636452
5.18623503
5.64911015
5.33068624
3.81911989
10.05758342
-2.01022296
1.36556368
2.49425529
2.01319496
-0.18135833
-1.39031099
-0.17722246
-1.57950362
0.80157469
3.40265652
0.01076281
7.31200266
-0.24530182
-7.00218835
-5.31231488
0.82585561
2.06747694
-2.79351076
3.09656840
-2.86586206
0.81667802
1.17743690
-0.85759886
0.90526435
-4.83442348
2.19404209
0.93960566
-4.32142462
8.43106216
-6.31076430
3.55782345
-0.43762006
1.27240892
1.03822376
-3.86282030
5.26131131
0.57841481
0.25668597
1.07365970
-2.07751644
2.64290209
8.88425565
3.59926249
-4.20894537
4.29194568
2.38572267
5.47374359
1.40119822
-4.11572364
-2.90667335
-1.90564262
15.71276867
-16.95637690
-12.52994823
0.35094642
1.43413710
0.63516117
-8.54825504
-0.11064560
-1.14652979
6.87701837
-6.97195893
0.00169422
5.28386415
3.11566489
5.49042901
-3.03288984
-2.21578684
1.22958532
0.58668633
-2.20808516
-1.62194947
2.30281657
2.56817203
-0.98843894
-9.91566284
-2.47495021
-1.70946259
1.46612369
0.22864884
3.95019476
-2.89972446
-0.87290558
-0.41604505
-3.55495530
0.80866840
-0.64796187
0.79334214
1.70829964
-5.58312993
-0.54960910
0.11936290
-5.92164894
1.49615267
-17.20051707
6.62631412
-13.23035253
-0.59233235
2.39060183
1.35347834
-15.53790182
0.66655291
19.51583043
-4.28561423
