2.15221206
0.99941683
0.04380157
-3.25575130
0.08200734
-1.05117125
-0.00210986
1.80272330
-2.84540066
11.70267076
4.79923730
-1.31327666
-0.34627929
2.05598931
-0.70853607
-0.72001282
-1.57793481
-2.76616352
0.69740802
-6.30635764
-0.90553807
-3.85045037
0.39265888
0.99301857
-3.06715343
-0.49159093
-9.00444643
1.46813170
12.45989241
-2.41032875
0.00174426
-1.45985791
-11.50106486
-0.43671611
-0.21437098
-0.31992472
-1.89301953
-10.16370595
-0.42914245
7.54590762
-3.01316263
-2.40016121
-0.89666830
-3.15578722
-2.72242969
-1.85877529
-0.23339163
2.47345847
3.37863095
-8.44034948
-2.42659260
-4.63194122
0.20526794
-13.59403582
6.16426159
-0.77545471
0.15581831
-1.94074798
-2.42356969
-0.01002687
-41.79989057
-7.99786671
-1.27013967
1.17009349
-1.02678301
4.34560911
-2.94906245
-0.63405078
6.41198976
1.85065946
2.76276802
8.89375466
0.38998963
-0.81775107
-1.99932581
1.31674934
-2.87867474
-3.15581448
0.63227143
-1.69535401
4.49798086
5.09720214
-4.87648231
1.22399411
1.73074086
-2.35279713
-1.17508041
0.75191002
15.42083388
-2.80371638
-3.32310629
1.73586832
0.54837922
9.39418174
0.20918888
2.13116531
0.97947539
-1.40714325
0.14997243
9.50805461
-3.50534520
-0.96778799
-4.49037580
-3.35289812
-1.45843173
2.28857229
3.00217789
0.54942541
-2.34225065
-1.60690137
0.09496238
3.88748435
-0.07470421
-23.83083485
-1.48738158
0.95518484
-1.02929061
-8.78765322
8.30024077
-1.24652244
2.76525686
-2.17946553
5.54168350
1.24405620
-0.73857706
2.66381673
-3.65774729
-1.49618841
-1.01631369
-6.96346906
2.49666121
-2.52973296
-0.90410879
5.38224957
-5.07855439
0.74115432
2.09081675
-3.79923022
5.16042483
0.06515794
-1.64152666
2.52309741
-2.22929488
0.22980919
-2.96809794
1.98477621
4.53528832
1.44205662
-0.68507579
0.00644089
12.03502846
-0.76438031
-0.91030139
2.57077214
-1.25865561
1.71574160
12.55875513
-1.17374111
1.29712192
-6.85642854
4.53077942
-5.38241124
11.36160451
-0.57465411
1.81489394
8.44765307
8.77373963
-4.19961459
0.00179341
0.29230253
-0.73570049
12.84321454
-0.01348026
1.00499218
-0.37152479
3.14583586
-1.47005407
-9.59123705
-1.03546057
-3.60430484
-4.14873992
-0.27793744
0.86843907
1.01881311
-0.16367231
1.05268614
10.01266426
-3.78502343
-10.34235643
-6.13932439
6.15130105
-0.31494682
13.46007617
-3.03478051
-1.14891170
-0.07388829
4.81338162
0.30790177
-1.41944473
-4.04768076
-0.12986479
-0.44963187
1.61128952
-0.70273032
15.34615915
-12.08721965
-1.76384896
4.68767547
4.01688274
-2.71438100
-1.99380905
-1.00626411
-13.83170781
-1.67486327
1.08453493
-9.36802301
-0.78948848
3.61873833
5.53224958
8.12060055
7.75714669
0.26456965
3.82363851
11.13396856
-2.13704947
1.27974102
-6.23055377
2.49342439
-0.91081451
-1.71283597
-0.06081868
-0.61630632
1.23697301
3.83904103
0.00622424
7.91968825
0.13586647
-6.62033958
-4.98282948
1.12245339
2.89185978
-3.80296240
2.81265117
-3.23405375
1.01366861
1.48242263
-1.11421993
0.98958519
-7.06558214
5.70007816
1.02800746
-4.62112331
8.17804599
-8.86454442
-0.12102655
-4.25491288
1.33582576
1.45093864
-5.39754847
0.49993640
0.73366561
0.28829392
1.22493856
0.45327889
2.38288889
16.85796474
3.75755893
-4.36512933
4.78291553
2.78261359
5.64186809
2.18352572
1.36012309
-1.80850531
0.58692240
13.30045542
-9.54809112
-6.88665836
0.50532298
2.44178517
7.78788138
-2.87986616
-0.17541929
-1.13477333
8.31620588
-8.41589975
-0.19820848
-2.15536801
1.83912931
4.39028106
-3.27283388
-2.28211522
0.83402997
0.34375289
-4.08737301
-1.38394242
2.13085681
2.87590041
-2.07361032
4.86802642
-2.34874165
2.25233285
1.67230610
0.27682689
4.37551425
-2.50286764
-0.26221348
-1.36125218
-4.59620497
1.25596030
-0.65896119
1.08847064
0.65169096
-7.70074567
-0.58922673
0.11083126
-9.87205061
1.42179179
-16.78549856
5.74647482
-10.34203558
-1.20003939
2.65501459
2.74428243
-12.09485458
0.70262096
41.54930321
-0.47017372
