2.73799620
0.82906078
0.11983344
-2.96768007
0.09727454
-1.21338919
0.00593926
1.36087526
-2.21523140
8.81601198
4.36208125
-1.18704236
-0.27552622
-1.30140000
-0.37571902
-0.73266081
-2.52224670
-2.21890112
-0.63475828
-3.04274125
-1.04344178
2.29499590
1.81832117
0.68962514
-3.21403464
0.33052869
-2.95859375
3.02149398
14.06102190
-0.56026250
0.00172573
-1.00043713
-11.84697526
-0.67804118
-0.02225598
-1.83468028
-1.31199105
-11.77261818
-0.40023815
-8.73418688
-2.52833940
0.06656309
-1.24885631
2.28075034
5.64140952
1.63229631
-0.36318549
0.33616108
2.85326767
-3.27122302
-2.01049166
-4.45615935
-0.12760706
-12.84806155
6.14885074
-0.77455626
0.13577901
-1.13886675
-2.23558592
-0.00946126
-22.27382028
-8.08167064
-0.22212088
1.17657578
-0.92189792
4.91372737
-2.94860260
-0.20335373
5.75028346
1.72830970
3.53365444
8.31557971
0.29892842
-0.59860414
-1.48447322
1.13315584
-3.12297075
-2.84116698
0.94493396
-1.40790085
6.72920856
-4.50440523
-5.00278575
1.13441790
0.84162669
-2.54290359
-2.12228738
0.59603060
15.40607463
-2.64451420
-2.92217302
1.11255343
0.23663009
8.49400606
0.18172428
2.15290632
0.90545384
-1.37295354
0.22445182
-2.04376273
-3.26559378
-1.03895468
-3.80907430
-2.95269841
-3.34765377
1.41800838
-0.36613395
0.33522494
-2.52818686
-1.46887101
0.00557566
4.10475527
-0.24627457
-23.57225288
-1.27554710
1.24380781
-0.74326489
-8.01597900
6.95732569
-1.16649128
1.91024467
-2.10561285
5.17327735
1.11816491
-0.55009197
2.46105660
-5.39113474
-1.91685150
-0.81908211
14.77559751
2.30402102
-1.07353943
2.41397005
4.94023055
-4.95633714
0.73445415
4.11318810
2.51207516
-4.58422160
0.19645581
0.71121760
2.46965493
-2.10763652
-1.44469244
-4.39692112
2.06490194
4.51178181
1.49479383
-0.67731295
0.00628965
15.27742171
-0.80358667
-0.93167228
2.36514899
-1.23146339
1.42392644
13.05290135
-1.07671794
1.61422946
-6.39544630
3.76748832
-4.23017006
11.63031281
-0.77827430
1.59434912
7.28663087
9.10766531
-3.80476787
0.00137707
0.37788349
-0.69608796
4.31659818
0.06667924
1.49072112
4.84720259
3.10161948
-0.86430454
-3.88711195
-1.04714188
-2.92920984
3.65453830
-0.75391401
0.97274771
-2.00863086
-1.04148745
0.94912861
9.20517697
-4.75130790
-9.12964175
-5.33466193
4.37589666
-0.31876816
16.42813504
-3.02640618
-1.06739290
-0.08118189
5.34553451
0.46268265
-7.40119708
-3.77761965
-0.40393160
-0.61482895
-0.97630960
-0.61478795
16.26342271
-11.68589209
-1.94877482
4.52761031
3.77234349
-4.65612161
-1.73903913
0.95385040
-14.73793549
0.45306651
0.71497761
-7.78852888
-0.64324876
3.88988433
4.91563694
7.02684431
6.45115593
3.33547865
3.75641036
10.59228920
-1.68289824
1.17835933
4.39462333
2.41642642
-0.74234944
-1.40277952
-0.18299784
-1.74426363
1.03201804
3.65734755
0.11219101
7.28465817
-0.06555467
-6.50805981
-4.65145240
1.11474296
2.21572220
-3.33712363
2.89452911
-2.97282338
0.90230837
1.24974435
-0.94405305
0.94951491
-6.28123001
3.24332714
0.98229834
-4.26753464
8.42459340
-7.75506962
3.84541855
-0.31709532
1.44985852
1.11969590
-6.57581174
4.57005637
0.66123256
0.26683038
1.33602365
-2.26940859
2.09570118
15.09914586
3.27229497
-4.33211233
4.47810775
2.58017805
5.44691803
1.70905502
-0.03859125
-3.82588188
-1.58527928
17.11449583
-17.02234349
-14.86596711
0.44203228
2.09040748
0.00099688
-10.40578493
-0.14267983
-1.12892119
7.40450591
-7.53114296
-0.00482306
0.42948348
2.73626535
4.84527721
-3.32849548
-2.29310861
1.20285924
0.73512914
-3.08334878
-1.28805750
2.22721455
2.64880159
0.68830694
-4.73783189
-2.22378051
0.01665893
1.38903318
0.27737333
4.14238446
-2.96940380
-0.98029792
-0.49043527
-3.99216025
1.16234175
-0.63964836
0.87271216
1.51988098
-5.86830783
-0.60116758
0.11718756
-9.13927671
0.88314751
-17.23583688
6.24132811
-6.39917254
-0.75843859
2.57262516
1.67442533
-16.96951773
0.14451469
22.99522833
-4.43456668
