0.02025241
-10.19206045
-0.25754359
-0.89617493
-0.31550491
-0.26383868
-1.22150312
-0.08231260
0.27391645
-0.73755924
1.60454249
-0.48926638
0.11371668
0.13439124
-0.53517300
0.24137068
-1.35480333
0.72782763
0.50463159
-0.83218832
-1.30662131
0.08309871
6.22587876
0.14906755
-0.26373847
2.49270200
-5.38489183
-0.32230629
1.79166074
-0.89852668
-0.31350741
-0.00471287
-2.95872420
0.22446394
-0.85274052
-0.20755514
10.99438958
0.19926772
0.60129756
-0.00375368
0.76801353
1.78987067
0.00339786
-1.60818144
-0.68193767
0.64756067
0.17891436
-0.71230369
0.03896674
12.23502407
-0.52610350
0.52735461
3.21565293
1.80420174
1.03105439
0.90831372
-0.09790096
-0.03185340
0.55663020
0.43802675
-0.09767092
0.79078569
0.00595759
0.04363668
-0.10126892
-0.02902725
-1.70449524
1.14070895
0.05245751
-0.50038744
0.52581385
0.10958940
0.23650924
0.59248751
-0.16838647
0.22783337
-0.10199000
-0.34026264
0.38754209
0.47146148
0.72652560
-2.63048459
-0.48048139
0.48724124
1.65366432
-2.05601110
1.72858130
0.13623869
-0.74451801
-1.42505828
-0.12151845
-1.20515202
-0.03824882
-0.25825741
0.09420916
-0.04857850
0.19095360
-0.00204928
-0.04799313
-1.12599234
-0.15797974
0.08024890
-1.35971670
0.98926292
-13.09835084
