4.40923186
1.11484700
0.07404404
-2.24911058
0.06198846
-1.37287137
0.04907826
-2.52037928
0.16934765
10.47652661
1.60671416
-1.51385374
-0.36106121
9.95739333
0.91071986
-0.74035488
-2.11281543
-1.49260149
-3.07383184
0.79498964
-0.01751467
-3.79833634
-0.19872768
-0.95461706
0.11845898
3.94911494
-2.15427332
1.04844284
9.80796962
-0.13160325
0.00232856
-1.77281763
-5.86518860
-1.35613903
-0.04557221
4.17447435
-1.89377152
-10.34638185
-0.47438844
7.34296505
-4.31280971
-2.20627089
-0.50844563
-1.39243065
3.70828858
-3.85016041
0.10832223
-5.17598812
7.70760257
-0.68071404
-1.10883366
-4.89010988
0.53396730
-13.99408070
4.84288738
-2.19251704
0.24134802
-0.02584118
-2.25111298
-0.01079897
2.82199439
-9.33814238
-2.63883942
1.34609321
-1.23046884
4.74589163
-2.53607846
0.08563728
8.23556268
2.23171694
2.38346842
8.43228751
-0.95677146
-0.99800656
-2.50299319
1.31345046
-2.43834825
-3.27218232
0.79150791
3.34557043
4.18844631
5.75769536
-4.79635917
1.39660527
4.02109680
-1.07836734
-0.80528198
1.25758847
17.96009517
-2.46286620
-4.31536807
2.07031427
0.66425590
10.97254124
0.37682070
1.92815373
0.94544176
-1.19590633
0.14629412
11.58846434
-3.07706771
-1.50268225
-6.27832776
-3.81251783
-1.05582384
3.30227515
8.17005547
0.59505824
0.20582661
-0.91181829
0.77989425
3.76018991
0.41849806
-3.46209516
0.01485685
-0.09528295
-1.68473329
-5.98267124
-4.39980946
-0.96332345
2.06639299
-2.68612367
6.08779250
1.72315432
-0.59433354
-2.34118565
1.29852045
-2.08239022
-0.47527529
-4.88867649
3.15135520
-1.87976951
-2.33818747
3.42037997
-5.54572229
0.73635712
2.57203209
-8.50975036
1.04015968
0.08940153
-1.60290922
2.81160208
-2.62826946
0.63427042
-5.28375613
-0.51734699
-1.60271964
2.41105343
-0.50236826
-0.61186129
2.91295781
-0.31339768
-0.98725513
2.00611149
-0.81551432
-0.00097332
13.85830285
-1.25360553
1.14582357
-7.72394082
0.92287558
1.83428544
3.83968855
-8.26704482
2.11478812
11.01943094
9.11201475
-5.45177746
-0.08497606
0.28963868
-1.24282399
2.42673448
0.43030323
1.00681896
-9.03803189
2.52910491
-2.12049315
-9.94328534
-1.04134235
2.83493353
0.57866912
0.11229639
0.49673658
-0.05372392
-0.28302727
1.22534534
10.00643532
-5.50958056
-12.30276952
-4.74655208
5.64930201
-0.37909289
12.28603215
-2.98317323
-1.18356827
-0.04025051
-0.84420790
0.78036635
-9.26128349
-4.92173392
0.04676468
0.17251984
1.88805649
-0.87670323
14.30092728
-14.28233234
-1.63867966
4.55026264
4.27118118
-3.14186193
-2.41131127
-2.59053850
-11.94177982
-5.38647263
1.15012185
-8.93961883
-0.62404061
1.55578668
5.31243478
10.44471243
0.38345767
9.02741773
5.36895431
13.57726533
2.37545805
0.71272424
-5.53730865
7.28797212
-1.26554753
0.00990247
-0.28883247
2.11993149
1.51919174
4.26596786
-4.61234484
5.38137280
2.84002150
5.05037222
-5.52169635
0.91350762
2.44202883
-2.68893335
3.01648510
-4.52665887
1.22049372
1.45796168
-1.71707395
1.12976888
-8.06745958
6.39283453
-1.23646403
2.25553815
6.30102184
-10.74532860
-13.94717818
-3.88234744
1.91819757
0.75903309
-6.31609801
0.43795066
0.86362490
0.35024182
-2.05992919
3.33964311
0.94780399
-2.46946276
-3.09829103
-3.02186912
5.81784044
3.36638676
6.55797200
3.22656994
1.44125327
-1.97087080
-1.52243543
-1.99310910
-6.82650633
2.13036628
0.58888425
2.85590011
2.10551373
-5.99599242
0.02277959
-1.33595374
9.49696008
-9.49786691
-0.08343354
-2.37592528
-0.87406001
4.65354231
1.56077414
2.69055528
0.95209573
-0.64214675
-1.93941780
-2.14817285
1.96926572
4.20102173
2.93593317
10.93432579
0.99843288
-3.71818516
-0.00864633
0.16336738
4.74064343
-0.70822799
0.99359429
-2.42323275
-6.11229997
1.45514492
2.53770136
-1.03784885
1.09594423
-10.40918000
-0.80221679
0.15054597
-11.50531659
1.80494065
-18.20026136
4.99100403
-11.05204376
-0.90222044
0.08563728
1.83428544
