3.55487841
0.99179152
0.29185134
-1.22944583
0.03040826
-1.56777705
0.14774958
-3.21506780
-0.43522274
-2.81581719
0.51201359
-1.35565583
1.89487495
9.62875028
1.18600211
-0.28299611
-0.19375204
-1.53366721
-3.45356915
2.69125859
0.22025488
-4.58377320
0.47233371
-1.33193832
0.51096377
2.88467796
-1.08077478
0.57617516
3.98427515
0.28118779
0.00359062
-1.66419811
-4.98907911
-0.56106354
-0.05197356
2.59878739
-4.20517988
-11.09780802
-0.00163668
7.13239581
-4.88245066
-3.80344763
-0.56056598
-3.16033842
2.15111773
-3.95397948
-0.59495859
-6.03459998
7.72881316
-0.00252929
-2.91547426
-5.09904241
0.05281226
-14.90673290
3.91659765
-1.41334236
0.34750006
-2.85483672
-2.11363937
0.10128277
3.68933995
-17.68590572
-5.05592494
1.74111376
-1.28215996
5.09311077
-2.99798644
-0.16223497
8.07955735
-2.22691290
-4.10485254
13.92543243
-0.00509514
-1.06200204
3.13166688
1.04644947
-4.50548691
-3.05761730
-0.42641385
1.63983581
4.81421234
2.90389527
-6.32261365
1.62985771
5.13851351
-0.92010290
-5.02468027
1.13710992
29.58629552
-2.28212340
-5.25243379
6.93418828
0.69936191
10.84319388
0.26238129
2.21385130
0.61676251
-1.33929036
0.06938351
17.64469791
-1.17216859
-1.27563541
-5.42771450
-10.63805528
-2.45363588
-0.71775833
13.37607828
0.49183548
1.59013545
2.31062783
-3.06389192
5.90841826
-0.20674339
-2.61973799
0.00999273
-0.37989212
-1.95598024
-6.15245380
-2.81628780
-0.09900717
3.52455580
-4.03132626
6.15139374
2.10688786
-0.22288926
0.31385322
1.48387436
-1.60644521
-0.97318609
-5.59636289
2.29411238
-3.65751900
2.73062160
3.89630347
-6.26466959
0.77803211
2.53643298
-11.57739957
1.78150414
0.13706597
-0.28340675
4.12585890
-3.10299354
1.41518337
-5.58468783
-0.12929172
-0.76231793
2.67884022
-1.28475400
0.00334549
0.65486495
-0.61695947
-0.85703630
2.61278841
-2.87452183
-0.01958259
14.77788385
-1.35138165
0.87244102
-8.96121136
-3.45941395
6.82948722
2.65078222
-7.00276535
1.36100784
12.52469994
14.64267508
-5.85688241
-0.05706348
0.06425058
-1.22522379
0.99688225
1.44120747
0.18433542
-8.17499407
2.83492763
-2.17222084
0.91429097
-0.97972179
3.88545320
-0.85074483
-0.03981992
0.47538639
0.21486864
-0.24064269
1.18503828
9.74043019
-9.02047581
-13.04921845
-4.33220125
5.30297795
-0.36284536
12.80845378
-3.00445521
-0.78560825
-0.13483131
-1.50711014
-1.01079559
-10.10292834
-3.80092053
0.68595649
0.47795896
5.13980732
-0.18432695
17.00421903
-19.00573959
0.16748747
10.29239047
5.92498650
-2.66150966
0.16587990
-1.72485961
-11.36497793
-9.47831939
0.62098049
-14.01382534
-0.58083761
1.45557816
4.15780407
12.87000707
-1.92142586
11.11597118
12.42800971
17.99709549
2.33585646
1.99021435
-4.06969279
6.97860371
-1.30107674
-0.03063172
-0.14630416
3.62408541
1.95614370
5.96538050
-4.49495105
5.44924370
3.09775197
5.56279106
-3.74293698
0.31958257
2.99996019
-3.61361472
2.19065675
-8.21597179
1.27810911
1.26133475
-1.96390220
1.49983537
-7.42080100
6.47866068
-1.65336723
0.56945269
7.05953329
-13.52873962
-13.94671572
-2.27812036
0.81528290
0.39980491
-6.39763783
1.06728078
0.97068146
0.28991840
-2.20010124
5.32322802
1.77197105
-6.73338449
-0.04128035
-2.74445931
5.10007507
4.24187656
7.03646370
5.15098184
1.50605706
-1.51240640
-2.14636423
-2.92656204
-1.57403139
2.75428625
0.14931378
1.54530182
2.75683166
-5.75403755
1.59942863
-2.09330731
10.60900079
-10.59128001
-0.65811943
-5.62009067
-2.33878183
5.37888553
2.35552692
0.75216215
0.00050429
-0.03844252
-1.69665541
-2.52547599
3.26067567
7.58896502
3.47670864
6.41444725
-0.88866065
-1.12817127
-0.00421952
0.29086303
3.72629054
-0.51865790
1.09907222
-2.84602432
-7.16020988
2.69106339
3.93794855
-0.46798343
1.29911190
-12.57996206
-1.24347922
0.23847933
-1.03626471
-0.84682719
-28.95808211
8.23145785
-19.64767789
1.52532785
