5.86922352
0.85565637
0.48588401
-1.07516045
0.02882842
-1.64769524
0.23956884
-3.05273605
-1.45563483
-10.97206187
0.04457595
-1.41819694
3.18368294
10.07636370
1.12800204
-0.42407916
0.59675852
-1.34761025
-3.53848065
4.72387930
0.17084251
-4.43103903
0.54047931
-1.54080509
0.55077732
3.29064347
-0.04198935
-3.03896273
0.81621821
0.62509667
0.00457180
-1.76377084
-4.92915742
-0.75593453
-0.04115986
-0.95223960
-5.44176928
-11.58610790
-0.00113953
7.09151707
-4.96846138
-5.01345509
-0.56559243
-3.37733273
1.65749880
-1.80501395
-1.20854297
-6.26367391
7.73376843
0.41152720
-2.20886899
-5.46864612
7.82006696
-14.97770996
3.07247808
-0.69494823
-0.06281330
1.01766571
-1.99042651
1.19495588
3.76452248
-2.25016727
4.04308427
1.41196699
-1.36053171
5.42017036
-2.45390900
-0.10732524
4.34740361
-3.63548178
-4.67349797
7.99558520
-0.00185788
-1.28272093
6.42097936
1.20746918
-0.48578951
-3.13523791
-0.39521424
0.99634229
5.63053314
-1.84348676
-1.68844832
1.25045637
6.23559549
1.57710687
-2.35161283
0.98716630
11.97001354
1.82193638
-5.35001615
7.11368122
0.74200277
-5.23213603
0.19417783
1.14405850
-0.07263461
0.62751310
0.09128275
-0.02887190
-0.77389789
0.14130107
-4.73174154
-8.97528828
-3.19321039
-4.16981703
13.48335139
0.55166843
-0.03236524
1.83518941
-1.31585746
-0.18219459
-0.15974392
-3.04238245
0.01031114
0.02016400
3.09368460
-5.98672541
1.41476371
-0.12675112
4.61837825
0.16964191
6.51671077
0.45235809
-0.08216289
1.16614486
1.66226793
-1.39299393
-0.50147125
-5.73593853
1.74918090
-4.39328248
4.26900217
3.85322541
-5.06213983
-0.00424936
2.70918162
-10.71649831
2.15705639
0.25379616
0.69489898
1.15994851
-2.62620593
1.76742885
-7.28163880
-0.71763797
-2.44214472
2.78154352
-0.77715600
0.00335106
0.50774171
-0.77947913
-1.03811033
2.86370309
-4.45035013
-0.00513868
14.88659512
-1.41717003
-0.46396110
2.99611491
-0.87006457
2.38682205
2.45021099
-5.57104393
1.30433588
13.08812105
6.33776328
-3.02017680
-0.07880933
-0.06530527
-1.23142262
0.40406669
1.99524070
0.07473356
-0.32920763
3.02628184
-2.27276198
9.91832605
-0.96424316
4.08181142
0.48653755
-0.05736243
0.39471537
0.29194093
-0.23681168
1.23876821
9.96244306
-2.93107449
-13.26262078
-4.68481388
3.47888877
-0.00452560
13.19263918
-2.95542130
-0.11053756
-0.11735955
-1.92921487
-3.07918547
-6.58599797
-3.14584333
0.55925418
0.44038490
7.11944226
0.37833915
-3.74947184
-8.50819778
2.96909746
8.05426617
7.04855381
-2.84611156
0.18124029
-0.82684028
1.36097663
-12.32864032
0.63574376
-7.68331402
-0.57962642
1.07544128
1.04685173
13.50397638
-6.19236889
5.64116639
4.44732044
9.35368712
0.07326072
1.18163455
-5.67177229
5.60392642
-1.30846289
-0.53035446
-0.46846890
1.18460832
-1.17974023
0.40883777
-5.29895895
5.35979584
3.42586467
3.50916648
-3.20282865
0.53486201
3.28591659
-4.05910432
-4.86705192
0.06476706
1.35835085
1.19716032
-0.32138672
0.16582344
-6.54328719
6.26558543
-0.63530511
-1.79911511
7.03911463
-13.96170539
-14.16974155
-0.05963230
0.74710204
-0.14109644
-6.24445069
1.09094262
1.04295496
0.45384214
-2.02052664
5.86722606
-6.91023299
-1.77994040
-0.27342219
-2.60034604
2.66712809
3.09817258
2.82641591
6.24334781
1.63802056
-1.66361239
-3.05268790
-3.46361130
0.63887212
2.86259279
0.18435208
-0.09576910
-0.34160012
-5.51528958
3.10055780
-2.10174632
10.46266848
-9.70614658
-1.05834394
-7.57959743
-3.26324736
6.45453995
2.21279408
0.71230698
-0.00342207
0.05644883
-1.42271479
-2.97710913
0.55457215
2.44476262
3.56723619
-3.13258331
-0.94810631
-0.86910994
0.21308557
0.36257085
3.47959812
-0.39584089
0.86277390
-3.11718287
-2.03841188
5.20467643
0.17310571
-0.54006276
1.28686868
-13.93579105
-1.57396027
0.30335205
11.00190396
-0.36602382
