4.08252068
1.03342942
0.14521886
-1.89739219
0.05104942
-1.48391428
0.08827728
-2.80877664
0.11210210
12.04451148
1.37715787
-1.47695200
-0.20440566
10.24355196
0.90088294
-0.30760456
-0.67955775
-1.55985486
-3.26340670
1.99775376
0.24841591
-4.25683979
-0.41025207
-1.14814285
0.29140715
3.45315566
-2.13071947
1.18444841
8.20550428
0.19563088
0.00286055
-1.74701962
-5.67760080
-1.71861977
-0.04657094
4.28870970
-3.09932345
-10.73484938
-0.40669861
7.24059026
-4.79604540
-3.36166083
-0.52904434
-3.43031678
3.87989166
-4.75453685
0.01887834
-6.00554856
8.11153580
-0.58312513
-1.86149165
-5.20060925
0.31505262
-14.80112894
5.27697544
-2.96033364
0.28762917
-0.71855020
-2.42315030
-0.01267842
2.79828842
-12.09871738
-1.23021807
1.46447048
-1.30062751
5.22831169
-2.84605986
0.07223612
8.62623710
-0.89642449
-0.69148436
10.14069593
-0.93409552
-1.09372947
2.64677062
1.26314415
-3.35547408
-3.49179877
0.66098691
2.91538254
5.06326242
2.61429401
-5.07269810
1.52061589
4.25364839
-1.94074273
-5.04904080
1.35024316
20.95746314
-2.78211238
-4.82294931
3.84166218
0.55792717
11.37432827
0.28536402
1.98580129
0.66216395
-1.14464280
0.12513190
14.84548216
-2.71856943
-1.62171530
-6.51019129
-4.17877924
-1.63932862
4.51981222
10.31712493
0.61339225
0.77427413
1.10364109
1.18366244
4.25567692
-0.23379555
-3.31395059
0.01586161
-0.14355717
-2.16761624
-6.09072993
-4.32764127
-0.77212127
2.83715050
-3.71262200
6.40490899
2.30504764
-0.51359159
-2.42899594
1.24647221
-3.37781090
-0.38943410
-4.99597757
3.22269475
-2.97679272
-2.90833708
3.94736775
-5.90357562
0.90252505
2.74327344
-10.32179705
0.77287112
0.15914771
-0.61745835
3.28057182
-2.83168187
0.89596390
-5.60062065
0.43984445
-1.29607669
2.58918440
-0.57953003
-0.64840979
1.69960215
-0.52532678
-0.80626573
2.24962219
-0.46189227
-0.00187362
14.67037476
-1.25625250
1.40487263
-7.76695785
1.16861733
4.59201770
2.78692782
-7.90318433
1.76223322
11.31674171
10.67094091
-6.13448977
-0.10253402
0.17141408
-1.33635931
2.00807752
0.79484788
0.90652719
-10.65167399
2.91491431
-2.10750259
-11.11821425
-1.02337799
3.38752632
-0.10261997
-0.16090302
0.50021510
-0.01866236
-0.36601389
1.38128279
10.29313247
-7.85979919
-13.02733735
-4.53086091
6.23835352
-0.37553628
12.61037112
-3.00585629
-0.94029948
-0.06748677
-1.09248549
0.10065911
-10.46730070
-5.07281945
0.21254521
0.01072347
3.01483804
-0.77833195
15.40406187
-16.03046541
-1.07504320
5.67370609
5.11843403
-2.85346776
-1.66944065
-3.61050748
-12.10854900
-6.94577852
0.94134050
-9.53032699
-0.64199326
1.89339194
6.03256305
10.93000834
-0.85396935
11.37644680
7.69089517
15.43400645
2.48866840
1.08775869
-4.00370859
7.00586695
-1.24736663
0.01131117
-0.10758525
2.40002363
1.92648276
4.67566623
-4.20070810
5.40663641
2.81625256
5.72359588
-4.64621483
0.86211191
2.66157947
-3.12241462
3.89881502
-6.03435595
1.29375903
1.60800919
-2.28311592
1.20905788
-8.66278163
6.73400478
-1.44865511
2.19466086
6.52688301
-10.31731777
-14.47015643
-1.58106446
2.15383672
0.45549609
-6.66259904
0.78449577
0.91621924
0.33234265
-2.21297103
4.71992600
1.89877203
-3.49881816
-2.25093425
-3.06569423
6.22752544
3.74942204
6.77879162
4.29482566
1.45725822
-1.84861185
-1.70420039
-1.89722173
-4.02530469
2.27049280
0.46805227
2.25523553
2.44801055
-6.61151306
1.12034041
-1.65732811
10.29053036
-10.36704209
-0.27099797
-3.80358460
-1.92303890
5.05819644
2.04980818
1.59839123
0.93282785
-0.52511541
-1.90982105
-2.27181709
2.21296466
5.73458820
3.26588750
12.59036142
1.02673327
-1.65507857
-0.00523695
0.24529743
3.94868474
-0.66671938
1.03863223
-2.56768832
-6.84340954
0.37761084
3.26719012
-0.91763721
1.22601304
-11.85816936
-0.98921600
0.19048429
-12.13797669
0.68151831
-20.84407978
6.28709538
-13.67149174
-3.86999064
