0.97134352
0.66435221
0.10923617
-5.78822764
0.02719841
-0.00942859
-0.78783137
-2.05399767
-3.46990540
-3.58286080
5.92674947
1.16401820
0.34959197
-2.93093583
-0.97720692
0.11109212
-0.54625790
-2.64677706
-0.54701260
-0.26228219
-2.21600938
3.64661646
0.70870292
-1.81005125
2.07050429
-1.93117628
-3.28040083
3.97037636
10.67142344
-1.66047518
-0.30046617
-1.79406683
-10.14085619
0.19038652
0.01341065
-6.51181370
-2.82810339
-9.60587780
0.06264448
-7.10109334
-0.49371679
-0.92869030
-0.12020765
3.95614645
4.67907408
3.41435989
0.85512896
2.49716975
-2.10360691
-0.48307013
-2.49560020
-5.66344479
6.64033394
-13.16096825
0.15992980
0.65488476
0.12972271
-0.53619025
2.17232711
0.74876808
-12.19378662
-10.49832947
-0.46334303
-0.01395250
-1.40403838
0.70375787
3.39941157
0.03131916
-0.06887435
-1.82998460
7.39216660
-0.74844787
0.46242037
-0.41138662
2.33141035
0.86247385
-2.40414176
-1.11864173
1.53616618
-1.11475268
0.07510297
-5.93472563
-4.37435758
0.73429753
-0.88849464
-9.75142610
-4.88722702
-0.00128145
9.04385602
0.55768211
3.59056616
0.79675415
0.50652660
-1.46438797
1.24987399
-2.19508401
0.13640479
5.32464852
0.10771778
1.21097995
-2.74644686
-0.73434101
1.25396904
-5.42748353
-2.71088525
-0.94011293
-0.69799546
-1.85220968
1.08348175
-8.58396670
0.03819024
5.77901894
0.20019062
-8.75411244
-0.39368053
0.81747471
0.91951331
4.64276897
5.30234197
-1.12131024
-3.74730240
-0.99099986
5.41943039
0.36994324
0.16700498
4.79772901
-4.31275957
0.83088948
-1.05125832
8.26366862
-0.76620270
1.99084431
1.97262169
-3.94680889
-8.63381935
0.99109987
2.04559685
5.66378044
-5.72645066
0.64514212
7.07388435
1.05908698
-0.00348657
-0.30711473
-4.46442355
1.72969963
2.76040539
2.26593217
-1.23031177
-0.17600796
10.32862402
3.09106100
0.72531439
-4.84881600
0.29691671
0.18941150
2.40756595
-0.55561455
2.88408928
-5.31467452
1.81218336
-0.88736463
8.59346659
-0.03406091
-1.91455053
-13.42135888
-1.44400972
-3.36078598
-0.65856675
-0.71546416
-0.19117958
0.61152661
-6.00035810
-0.72633975
10.89742673
-0.70308065
1.23701302
8.79041651
0.01026982
-0.77397038
-11.34974208
0.08773985
-0.20603662
-0.56230341
-0.96642067
0.65209033
5.88529500
-1.31821384
-7.32590813
3.87014761
-3.17397626
-0.56931190
12.76237574
-7.47440391
-0.36546266
-1.05261314
-5.04303795
-0.26988223
-1.32384320
3.29822144
-0.37260822
-0.77647768
-4.74314457
-0.22968741
13.21911806
-8.51581827
-1.84277232
7.79927482
4.27325926
-3.91256254
-4.79200434
3.53059006
-12.82909264
0.27218429
2.03833234
1.95815060
-0.20146840
-9.73085557
-1.83497973
9.14660411
5.26489206
-0.75028967
4.20723006
11.96953690
-0.30840197
-0.01332310
-4.08689011
1.04471943
0.00294864
-0.93543494
-0.30649476
-1.24428547
0.00422040
4.05258423
-0.01528537
-2.97006850
-0.27817513
-6.31006922
-4.39752189
1.15381826
4.73331173
-2.37515173
2.74417788
-2.29718037
0.84364557
-0.04773951
0.16951618
0.57713690
1.73390729
-0.02153311
1.95928643
-5.31593575
9.38757566
-9.50648983
5.12057620
5.61640823
0.86042288
0.86925090
-1.37879104
5.14895367
1.32831591
1.55926570
-0.77970473
-3.01519130
-1.74836695
1.89056084
3.02094616
10.28406842
-6.23348030
7.09176537
1.59147940
-3.01810358
-2.64177714
-2.14979983
1.14286537
10.95770921
-15.63716912
-7.40353886
0.22244632
0.72070749
4.14930408
3.45721586
1.95325578
-1.36806814
7.24196558
-4.56996800
-0.39919137
6.15089372
1.19926999
5.34053464
-1.75050481
-2.16961285
0.67991018
1.01377783
6.41885187
-1.42175342
2.91800599
2.17926426
-0.75180220
-12.15041026
-3.48561281
-2.85890656
1.09801838
0.14358467
1.77555596
-3.17874351
0.68774810
-1.02412906
-0.61917946
0.67561840
0.18877091
0.80030720
0.83856079
11.62578245
-0.03481767
-0.27108986
5.09048866
3.68551942
-13.46116662
11.92268115
1.28431136
-0.56765320
0.43549453
-0.94472321
-10.38712424
-0.99905488
12.39031681
1.82113910
1.33298637
-4.44492047
2.49930789
15.43473220
9.55339127
0.79611908
-2.30517972
0.88473458
-3.77362290
-0.00206026
