-3.63499697
-1.92755387
1.07787908
-3.94659800
-0.00007346
-0.97803858
-0.81692645
-1.57508495
-2.75383319
-9.07242089
4.50842562
-0.78443312
-1.42224058
-3.38828282
-0.22307366
-0.88867205
0.34717666
-0.52560782
-1.50962852
6.05658123
-2.94669398
1.73688020
1.42777421
-1.85135076
2.54522216
-5.52256663
0.60395105
2.63060078
-3.46526557
0.55403203
-0.37752051
-1.22163509
-7.31668568
-0.56742970
0.00851412
-8.09481926
-7.37485779
-4.54500595
0.18483186
-4.40253350
10.01636053
-3.50924685
-0.17588538
-6.82377409
4.00836736
2.64675548
-0.91040466
-1.75437932
-1.05173015
-0.05618179
-1.48483772
-2.14899193
6.20479641
-7.01794069
-2.84822205
1.70178001
0.12179013
-0.36568043
-1.54971018
0.01599387
-8.80373054
-6.28189483
0.59201589
-2.84627967
-0.55725971
6.24939696
-2.06627365
0.48543057
4.09148834
-0.80904870
3.97490475
0.10867595
0.13099970
4.22509299
3.45083878
0.48742026
-0.66015613
1.72863316
1.42511002
-0.85163011
2.11303501
4.75561276
-5.00730603
0.60642167
0.10327159
-3.78601337
-3.96016483
2.64329531
6.13347154
0.11742205
3.98065559
1.54153731
0.27307994
-1.29481720
-0.00428158
1.80236454
0.16716172
-1.97811975
0.01959081
-2.11753580
-1.92932250
0.41557041
-4.08247146
-5.64669962
-2.85711507
-1.55368978
0.76786147
-1.04031816
1.96312495
-3.12947440
0.39606444
0.70832778
0.21390891
-6.21603397
-0.60940750
0.27468745
0.53291412
2.32250332
5.12198392
-1.47736455
-4.70092474
-1.33416027
1.77931447
0.61019321
0.30627421
4.34819110
0.92332177
-1.70818963
0.29674665
6.15977708
-0.26715167
3.27104438
3.01957680
-0.23823352
-7.37579383
2.01717516
1.50697847
-9.72669226
-6.30025754
0.45051198
-2.28499282
0.60049410
-0.15097333
0.08650256
-1.26506245
1.74206854
2.21314872
1.55806358
-0.05359853
-0.18863282
-4.76080851
0.84722473
0.58220413
-2.33780675
-0.52899075
-0.09924478
1.61507274
0.20390921
-0.15302119
-4.80000708
-2.99568807
2.87748503
5.28268437
-4.71419106
0.59564774
6.37720390
-4.25604470
3.84368081
-0.29696364
1.49691810
1.17551680
0.53407659
-7.43296576
-0.50432515
8.21393557
1.08225984
0.55879205
8.49224030
0.00502959
-1.13493071
1.88036992
2.23842624
-0.92997946
0.69346957
-0.94622889
0.24369701
0.54676511
-5.32148999
-0.76446295
5.80070003
-1.68743652
-0.47417874
5.87810138
-5.69945607
-0.53611579
-0.39214563
-3.87826007
-1.18867974
-0.94445583
1.21184745
-0.37572444
-0.88328389
-2.54154685
-0.23330084
-2.46779575
-2.47186158
-0.94241577
7.14285615
5.48879174
-5.59286674
-6.79645022
5.57559466
4.35554962
0.78983884
0.37666289
1.80703514
-0.24897815
-5.04819600
1.04995077
4.76120537
3.71802042
-0.13726464
5.79215025
3.03292052
-0.84915769
-0.06933989
-9.36691365
4.83696515
0.00012405
-1.12536995
1.09631643
-1.36302913
0.47608699
-1.73357058
-0.02056169
-1.16686808
0.69806940
-2.27414742
4.48058078
1.67567511
-4.20534634
3.28799906
-0.99580190
-1.29913957
0.54633674
0.34041253
-0.32214259
0.03853200
0.55125340
0.68686917
1.76973007
-4.90704243
5.33717165
-3.51755071
3.22411370
0.99889887
0.48808358
-0.49046869
-1.11374905
5.40692605
-0.24044996
0.27881748
2.05813579
-3.64562202
-2.30996464
2.50035332
2.33307964
3.57438506
1.09054197
4.66602758
3.29404027
-4.21558288
-1.41606074
-1.37227344
2.78905474
5.41148662
14.53433089
-6.05990235
0.17164011
0.21640194
0.55365470
-2.19962083
1.17230762
-0.64466562
-2.77442639
2.81709388
-1.18063736
3.85652153
-2.80897307
4.71967812
-1.67961855
-2.15177159
0.30950543
1.72497469
5.34064995
-0.87281471
3.63278927
1.25458738
1.02274172
-6.33225043
-2.59139488
-1.60654097
0.88144570
0.00457876
0.12421252
-2.87480378
0.59169028
-1.00631584
0.26743359
-0.03136261
-0.64967154
1.62656176
-5.45241658
-6.24025164
0.02171453
-0.30044758
5.60921162
6.61803823
-1.35703454
6.89426495
3.20835837
5.00456682
-1.37668597
0.95787442
-1.46156748
-0.43251069
9.69617439
-0.13301307
1.52968460
-4.27001884
-3.45972273
-2.02952408
4.48267059
0.87092267
2.29389699
-1.48987832
0.92067226
0.29583476
0.03830185
-0.14413775
-0.50872442
-1.18280705
-2.22390591
2.45713698
1.21232662
8.31209669
-0.00007346
-0.50432515
