0.34026657
1.22321330
0.17254647
-4.73218777
0.02043445
-1.19261725
-0.79561036
-1.79837425
-2.37129028
-8.02425480
5.15439284
0.76838813
-0.94453779
-2.14582304
-0.64296077
-1.50021053
-2.35387658
-2.22253898
-0.82910967
7.91443790
-3.51435866
2.96199900
1.15864924
-1.10060321
2.60310488
-2.71801845
0.15587649
3.54517036
6.53600035
0.09918608
-0.40052084
-1.48802059
-8.73060302
-1.11881085
0.01222409
-6.75909885
-0.78713849
-5.69608845
0.17938006
-4.52887879
3.56750510
-1.94035701
-0.19893866
1.58677326
4.71712016
2.12187750
-0.97799833
0.83697944
-1.95496455
1.03627057
-1.88548217
-3.20421183
-0.08368404
-13.29578093
-1.96555671
-0.01271551
0.08850826
-0.40915229
-0.61068443
0.20830279
-8.97098896
-7.92168728
0.13113041
-5.58152163
-0.25022826
-3.83442764
5.10651365
-0.96907945
-0.67381492
-0.15272132
3.86282484
0.31537852
0.34364255
3.96116185
0.99837882
0.44726479
-1.79731617
1.25267432
1.17873195
-1.05163410
0.85599415
-1.66876839
-4.38984778
0.32382501
-1.86704480
-6.44542396
-3.72768725
4.46718736
6.15555363
0.86962816
0.96359819
2.11649997
0.20386890
-0.05280308
0.50676958
0.84714808
0.22358089
-0.42103060
0.03902563
0.65870935
-2.13538013
-0.78855013
5.00710233
-5.42678663
-1.46082967
-0.57877088
-2.91665292
-1.38333842
0.69375250
-4.42123913
0.35288297
3.57268783
0.82333660
-10.24459942
-0.62901475
0.36245543
-0.46325234
4.00449236
4.76758152
-0.87217648
-4.72807548
-0.66610433
1.92940247
0.32387082
0.18635681
4.60066757
-3.22508394
-1.06957997
0.81962756
7.24000763
-0.58539120
2.35874044
2.34687996
0.23651195
-9.90744669
1.59776207
2.26718365
4.75734226
-6.33912412
0.54697976
2.53447928
0.49172079
-0.01166213
0.25751693
-5.77178428
1.65215016
2.31387041
1.22038119
0.12151691
-0.19294044
7.32524645
0.87791215
0.60146740
-3.58717648
-0.69633069
-0.19054322
1.60363706
-1.14067305
1.49376108
-6.37874576
1.71239793
-1.15282142
6.98489837
-6.18479508
-2.04992514
-10.11252575
-1.93138341
2.62211281
-0.33058805
0.31272822
1.57554269
-2.53002477
-4.42750417
-0.56196019
9.09180126
0.62567926
0.86251236
9.24387229
0.00855656
-0.50168245
-5.01660593
1.13208155
-0.64547164
0.32554815
-1.07678680
-0.00330099
0.82649684
-1.33278664
-2.40264297
5.29053548
-2.23411159
-0.46441126
9.22397117
-6.30661871
-0.34414562
-0.88863487
-4.35417062
-0.46123342
-2.29199503
1.61462889
-0.02253893
-0.82162307
-3.75629246
-0.21717699
6.88878131
-6.48765688
-1.56960918
7.34900061
4.95500921
-6.23395666
-5.86872993
4.06842547
-3.95848901
1.80694166
1.17305606
1.36042843
-0.26861668
-6.18565422
-3.59551602
7.55394623
3.79960276
0.51699511
2.16003129
6.22543492
-0.96059031
-0.03797248
-3.41247437
3.02485401
0.00173733
-1.03086339
1.17002604
-1.35632038
0.25605145
-1.03849222
-0.04101928
-2.40653060
-0.02461550
-4.14494509
-6.20189383
-0.53835849
-4.98461357
3.76042178
2.41644956
-1.05889277
0.67952154
-0.08837261
0.18408551
0.00669687
0.38784914
1.52227268
1.81547099
-4.88019095
6.37273103
-7.45411967
3.51680616
5.35541019
1.11779907
-0.82212948
-3.40247881
6.85812970
-0.01110797
1.21375765
2.53397175
-2.65807859
-0.02385368
5.06561546
2.87194164
4.05974512
-0.40896373
7.54048732
2.80013787
-3.95437597
-2.14811157
-2.12477979
0.62215214
6.76317118
-10.57836791
-6.47144688
0.22974700
0.97166245
2.39631478
1.74155789
-0.03223353
0.26015232
-1.33713302
1.60013425
-0.22441279
4.78331191
-4.31182434
6.45636909
-1.42100143
-2.17513170
0.39852086
1.43961986
6.05080411
-1.41094873
3.73741243
0.62372693
-0.16762531
-9.32241931
-2.90132980
-1.48415439
1.03675641
0.00081647
2.25084268
-2.42178620
0.47128818
-0.94459570
0.99995981
0.16996938
-0.59155979
1.51270902
1.25911469
8.79847802
0.11691863
-0.21109612
4.99903103
5.28882218
-7.22839615
10.60660795
0.93209789
-0.90645425
1.05320036
0.10918706
-7.83629511
-0.91812152
13.44814531
0.04931854
0.97658374
-0.79536734
2.72077123
10.20526567
6.29018636
0.20901945
2.44951116
-1.42592418
1.16368354
0.34197579
2.11116473
0.96192613
-0.09585294
-1.59858128
-2.04118195
4.60373271
