0.83430771
0.64306813
0.30181090
-5.99642225
0.02873348
0.02665699
-0.80261525
0.35701009
-1.61306756
-3.90414788
5.96029445
1.54293219
0.48073158
-1.85123345
-1.14448975
0.14617482
-0.64992940
-3.27933529
-0.16511736
5.47698107
-1.89947354
4.29566786
0.73482027
-1.55966573
1.62442880
-1.95347659
-3.43644817
4.06085917
12.10265559
-0.23324072
-0.19442245
-1.91158901
-10.52750804
-0.53120851
0.01450715
-5.91024596
-3.05607257
-10.20748823
0.03502115
-7.77811774
-1.20781782
-0.45842711
-0.04104823
3.70774878
5.21214621
1.41814788
2.71332705
2.59642419
-1.38339485
-0.74181920
-2.56822808
-5.65943339
5.51858052
-14.53755238
0.20546114
0.58341492
0.13012383
-0.55592001
2.49929080
1.26045978
-13.12841170
-10.31721503
-1.42725889
-0.26727346
-0.96214268
2.69688690
2.17890541
0.04843904
2.99429384
-1.90412645
8.26697593
-0.87980296
0.59585140
-0.38513720
2.24537064
0.89510901
-2.57743194
-1.23439120
1.74253525
-1.21676455
0.08448780
-7.40087079
-4.67672931
0.76863381
0.35884299
-11.06711644
-5.60483964
0.04507456
11.60527493
0.30193704
3.42397345
-0.00588874
0.48972015
-2.96377642
1.63145335
-3.09218242
0.19860547
7.00508905
0.11942240
0.96382543
-3.02387567
-1.23256588
-6.33252066
-4.83605740
-3.23364251
-0.07991853
-1.51191908
-1.90297991
0.70915091
-9.03686976
0.03652989
5.60222561
0.15397049
-8.25131408
-1.08020033
0.86323065
1.43428697
4.75451780
5.29298307
-1.16582104
-2.78397117
-1.27832207
5.20177550
0.47513358
0.11620145
3.69477580
-4.14466672
1.51470358
-0.32795346
9.13115268
-1.36694012
1.06942924
1.86910746
-4.88320743
-9.10110710
0.84407129
2.16320178
6.01117896
-5.97329661
0.64539395
7.57978643
1.43098960
-0.08753365
-0.32218310
-3.87437422
1.67930173
3.10765279
2.94554557
-1.71510469
-0.16827086
11.13182024
3.58026157
0.94218692
-5.01227605
0.25289336
0.67506374
3.11514576
-0.52978142
2.81705989
-3.77154384
1.49044688
-1.22911320
9.03414808
0.51066618
-2.22167233
-14.61262350
-0.60134873
-5.38338121
-0.48308264
-0.46363452
0.10628562
0.51742947
-6.60240385
-0.77510619
11.30580742
-1.17190927
1.33040551
8.81418216
0.01137542
-2.53919047
-9.20156480
-0.22488795
-0.02318332
-1.02323850
-0.99976447
0.67904616
6.53214193
-1.18358328
-7.87442912
3.10313693
-3.58239248
-0.60509754
13.26248595
-7.73926769
-0.38993008
-1.22273009
-5.14453033
-0.11593090
-1.80367860
5.76912699
-0.49702399
-0.74598587
-4.68969129
-0.24390127
14.73619553
-9.11715672
-1.92931353
7.48267972
4.97916039
-3.38004567
-3.98139702
3.66536250
-14.43827735
0.91683244
2.26185891
1.01547959
-0.14915673
-10.67233514
1.13065280
9.23518746
6.14865263
-0.80953039
4.31941625
13.79845309
-0.50797458
-0.00844035
-3.26809473
1.03051811
0.00392746
-0.79292541
-0.54368522
-1.19800434
0.00721391
5.16639551
0.01363024
-2.89244308
-0.32437867
-6.83948304
-4.36510364
1.18509622
8.81809466
-4.94380713
3.45147755
-2.37560549
0.75392063
-0.18068058
-0.11016379
1.08970537
2.06109942
-0.16134278
-0.19646977
-5.12629862
9.83478080
-10.70350225
4.94163715
6.81656795
1.28377681
1.92167920
-1.77267641
5.05131259
1.90173173
1.93500016
-5.57650584
0.82848900
-1.11784483
2.06729404
3.33823260
11.41662712
-9.48613885
7.74654238
2.08152314
-3.02478045
-2.99410981
-2.26154352
-0.13146174
12.33870688
-17.44253195
-8.47920008
0.22807589
0.74362279
0.08550104
3.12772989
2.02974543
-1.76621917
7.48857307
-4.81189401
-0.04423657
6.45424475
-2.76926961
5.02161139
-1.81409970
-2.23059241
0.83421187
0.78448616
6.27063449
-1.03344608
2.27590879
2.59773604
-0.69894111
-11.87130753
-3.07100273
-2.94939058
1.19823521
0.26454501
1.46634801
-4.12510792
0.79134352
-1.03001641
-0.88025863
0.98812241
0.26027287
0.54098090
1.75657714
12.55125525
-0.20257527
-0.28662060
5.78534062
2.91299476
-15.70666187
10.62656190
0.78002343
0.46040859
0.40272618
-0.51960216
-11.60753801
-0.51219728
13.07567270
0.16848472
1.66785378
-6.11932460
2.77423262
17.53078055
10.81553892
1.40638833
-3.31661007
2.38153208
-7.84091933
-0.00006795
