2.50972757
0.89970362
0.17489818
-5.07836810
0.02364856
-1.51985363
-0.79779262
-1.83860824
-1.44294436
-6.59919613
5.44477726
0.80575960
-0.58979823
-2.42769337
-0.72249483
-0.89268013
0.05865020
-2.02722636
-0.74313488
1.66214055
-3.33751316
2.78582502
0.66286363
-1.33274712
2.57615964
-2.06744074
-3.25849266
3.48262780
7.34282095
-1.55153601
-0.37029666
-1.61133166
-9.04452660
-1.22099112
0.01120469
-6.71208420
-2.49535576
-7.93727918
0.10941187
-5.85917110
-1.06543287
-1.76072082
-0.17665549
1.98973463
3.77676787
2.53401636
-0.18722153
1.49301345
-2.02242417
-0.73052848
-1.63039193
-4.00424412
5.31770644
-11.09722704
-1.48118408
-0.02666107
0.09867896
-0.32153975
5.42102290
0.33628699
-10.49589474
-8.87445234
-0.18046708
-7.91017681
-0.08789501
-2.04851869
4.85082619
-1.25094337
-1.30672234
-1.04523207
6.44850134
0.32989966
0.34245801
8.14422876
1.70157892
0.57502894
-2.11081374
0.40858489
1.23060921
-1.01850275
0.58797052
-3.74408633
-4.63549056
0.46464730
-0.75438419
-7.25243368
-3.81415791
7.81657681
6.98728102
0.71193588
1.15367097
-1.14806387
0.23616601
-0.05733783
1.70697605
1.02881795
0.20379736
0.75396111
0.05874481
1.27728125
-2.33388566
-0.82044004
4.07118675
-5.37472881
-1.82175647
-0.55637131
-0.97278058
-1.56767767
1.81585513
-6.08346138
0.22821034
4.68937303
1.07069729
-9.17214559
-0.59881191
0.36088756
-0.62426105
4.22298960
4.84610524
-1.09050620
-5.26395528
-0.64029439
2.58106391
0.35381351
0.14393249
4.71828397
-3.55618626
-0.57683252
0.99733660
6.97510284
-1.06088206
2.34764892
2.16618920
0.75175872
-10.52233593
2.05778864
1.91497490
4.30890470
-5.59378562
0.58312468
5.16956673
0.49354953
-0.04809351
0.04628142
-5.48366458
1.73968080
2.26469728
1.40942248
0.42061805
-0.19218854
7.64893850
1.06530618
0.59678005
-4.00081745
-0.48297805
-0.16128792
1.83518749
-0.71920775
2.22901370
-6.54605681
2.03040648
-1.28714826
7.35901547
-1.09170646
-1.58491015
-11.59835243
-2.24944059
-0.58042536
-0.30362064
-4.36132739
4.01005509
0.51357889
-5.13871922
-0.74985287
9.68131196
-1.69135450
0.96671545
8.99124806
0.00801547
-0.67108035
-9.07528365
1.29130993
-0.59827720
0.09482146
-0.96172042
-0.01377324
-1.72030826
-1.18436520
-2.97533604
4.93723133
-2.44009081
-0.48967622
10.47856954
-6.87928596
-0.40275024
-0.85847700
-4.59330231
-0.60864392
-0.14992427
0.34586760
-0.08329057
-0.82458591
-4.05936014
-0.21121521
7.21201149
-7.68329770
-1.52948369
7.46680056
3.10988907
-5.36530977
-5.46862610
3.67832693
-5.65066088
0.09695116
1.51045743
1.44858242
-0.26310705
-6.84537124
-2.75839443
8.30130558
4.13574782
-0.88662173
1.99452810
9.00576415
-1.20611964
-0.02411985
-4.01793651
1.05705874
0.00208439
-1.05257766
1.15160235
-1.36613390
0.33698710
0.31196563
-0.02950985
-2.42788261
-0.14187796
-4.88049076
-4.36655997
1.05082546
-5.98919315
4.50950964
2.56886978
-1.23606713
1.21027949
-1.04815915
0.34172822
0.01172904
0.85507586
0.65354898
1.42022730
-4.98924808
7.63911262
-8.84591771
4.06545095
3.93120182
1.21978447
-0.99015497
-1.10305581
5.63280943
-0.01739367
1.96726810
2.08602704
-2.79696975
-1.50267919
2.67426484
2.85298706
5.07015933
-1.35109449
8.97759951
2.37858145
-4.69685999
-2.10999414
-1.80842116
1.12996779
10.01331512
-11.09139591
-6.23109630
0.21997907
0.94974469
2.99584804
2.85952525
0.74256235
-0.00681281
-6.90920730
5.77819762
-0.23749950
5.15213618
0.62972101
6.16964117
-1.49277721
-2.20673440
0.49822892
1.35582881
6.23684864
-2.25223584
3.52139368
0.32231713
-0.42896150
-10.01398750
-3.06062221
-1.72603004
1.00404618
0.00236488
2.06989326
-2.22342951
0.51517804
-0.97491069
0.11507297
0.23490652
0.24801536
0.65502368
1.19667321
10.59005920
0.07193941
-0.21169051
4.81704761
4.53713867
-8.74762046
11.37495439
1.14366823
-1.13761084
1.19641135
0.41106662
-7.90687782
-0.96132156
11.62559124
0.95091022
1.04479498
-1.59190167
1.99352137
12.11980120
7.19861603
0.42838615
2.59023809
-1.47714672
1.51602978
0.13038837
2.50316697
2.14026211
0.07518886
-4.02160076
