-9.06344925
-3.38966083
0.54096075
0.27506475
-0.01792217
-0.85252263
-1.64434121
-0.50080731
2.14070702
-6.38906519
-1.53518381
-0.31000433
1.49347282
-5.66022514
0.07632048
-0.36492762
-4.35427412
-1.82242270
-0.28670684
-9.92978394
-3.40592373
-4.14370165
-1.14289093
3.52767589
2.43882499
-1.99496910
-6.76745999
0.58478659
5.85025249
-1.99332634
0.00454916
-0.28123950
5.47277839
-0.48067876
-0.21293157
-3.17299196
4.18013013
-2.80244807
-0.19724399
1.79822171
10.06013252
-9.78034273
-1.40193018
5.01825757
4.46029486
2.21004237
-2.93705340
-8.82954140
-2.41091912
-5.29626671
-0.64359379
-1.26486576
4.07752017
3.02647930
-5.42074492
3.21773425
0.26201625
0.73815395
-0.86391804
0.07423103
-9.81897977
-5.11517556
-0.48623270
-1.80027612
-0.73498485
-2.25793737
1.27932029
0.93649923
5.66770650
0.79718051
-7.06437969
1.50030343
-0.06193268
4.54849699
-0.21365104
-0.13227987
-1.01323759
4.59370096
1.36353683
-0.25708237
0.89811407
8.68569069
-5.73447160
0.98367275
-1.96314686
-5.62252784
-0.83474534
-0.64921020
3.38967199
-0.29288282
-2.91876435
5.51159438
0.40770699
5.70919184
0.17768042
-0.39145960
0.27369557
2.31060098
0.29304953
-4.59777337
-1.49712432
0.59389222
-4.29408312
-6.58663697
1.54489974
0.06693841
6.76409238
-1.95838336
1.74661817
12.71159792
-2.39330875
-0.48892969
0.01462821
-7.76684568
-0.10675230
0.07641270
-3.75943740
2.74241116
-0.38334321
0.57136325
-4.41055678
-2.20701023
2.57663796
0.80312687
-2.04993815
-1.74125630
1.37434179
-1.37154021
0.64067054
-1.05265043
1.52425518
2.98756068
5.49212898
3.65882356
-5.70929682
4.74526905
-0.45315457
7.39768502
-2.41978669
0.25490926
-6.27533372
2.12791550
-2.10990132
2.40076556
-4.99872651
1.62867599
0.75913779
-6.06032593
-0.02839515
-0.12397157
-4.96963191
-0.00745833
-2.66169466
-3.44279060
-3.49852665
0.15818284
0.00198051
-0.54549476
1.90691257
-8.66315572
-3.80817349
5.98751772
-7.36011386
-6.49020919
0.10612746
12.79944117
-4.86342530
2.33199329
-0.76450935
-0.85898931
1.93889931
-0.41966193
0.03486388
0.07673506
-8.02047419
-0.50998889
2.33623585
-5.99751515
-0.27950813
1.85410608
-14.21874977
-0.84884867
1.61035063
-6.29669188
0.12073149
0.07073048
-3.09293766
-7.26629313
3.54019426
0.73258006
-1.96178512
-0.56045909
-0.48037353
-1.27774864
-0.51138100
-0.09333327
-2.51409870
1.78206992
-0.52380682
0.04593642
-0.86988823
-0.85158446
-1.80657168
-0.37645032
4.03561019
-0.83758690
-0.45063153
4.59480563
-0.49956189
1.43661722
-4.94943556
5.84461064
-6.04463572
-6.43263599
-0.51938939
0.66998223
-0.15049840
-5.47012322
4.53791780
4.65149106
3.18734119
-0.25307696
8.96082521
0.94236965
-1.95794101
0.30277892
-8.84762136
5.29995324
-0.49693735
-0.14586122
0.65641465
-0.45206066
3.20625000
5.23735641
-1.74535887
-5.36785467
1.96649726
12.27821470
1.87983047
-2.87016180
-3.77227646
4.25203014
-2.29397524
-3.73032690
1.13514803
0.84997760
-0.70843948
1.42649362
0.24711800
-1.48836761
-0.78050947
1.60865794
0.12311513
-4.92727267
4.49591919
3.62291422
0.48187488
-0.67472832
0.14027770
-0.09326827
0.46471593
0.51152146
0.12628757
-4.94117739
-1.49385398
5.78095847
2.75277012
1.79008815
-0.68015406
3.64590373
1.84833231
-4.13970014
-2.30581610
-0.09854191
-0.15659288
9.74612662
5.75722991
1.19883827
-0.00648852
1.08769318
3.85360134
-7.74265324
0.22750314
-1.09614066
-4.31459054
2.75521397
-0.99069859
2.65543575
9.98103767
13.69768282
-0.98595033
-2.00592209
0.20939019
1.85109493
2.94652120
-6.63305212
4.75268832
2.20411671
3.12383536
-9.71182353
-1.01034119
-6.11387707
0.86973771
-0.62887272
-1.33256094
6.00294203
0.05294240
-1.10447881
1.01956476
-0.10080966
-1.25269518
0.26425395
-6.28638368
-8.35689069
-1.55621275
0.90015543
3.90173575
3.65936888
-0.59582499
6.01791822
2.53455953
7.58720767
-1.82840828
-0.39136523
5.41084058
1.73492416
12.62510923
13.35308298
0.96537186
-0.30914088
0.58379259
-8.19932868
6.04624596
2.68547532
-2.75098327
0.00252237
0.81837481
0.11884295
-0.23231890
1.44786658
3.06153407
-1.92963977
-1.72628040
2.06844264
4.54644944
-4.00125889
0.21931817
1.06150435
-0.73969502
8.72541203
-1.35468730
1.34818606
-0.57375601
-5.75960521
-7.59673605
7.43897287
-0.57997621
0.59348264
0.95127828
-3.69431988
2.04301390
11.83693973
1.90088119
0.89573776
-2.44332280
0.17931081
9.07449239
7.11474591
