-3.21631613
-2.02844156
1.31814809
-3.67609572
-0.26111759
-0.99958657
-0.81106662
-1.69070419
-3.06336622
-8.45253685
4.06918650
-0.61263816
-1.09694161
-3.22671109
0.29138253
-1.24557488
0.30126432
-0.60551202
-2.33336887
6.00601583
-2.89738721
0.89673634
0.93330804
-1.93369687
2.57664417
-4.22813190
1.52463558
2.37739849
-4.71527468
0.28345113
-0.34487364
-1.17236083
-6.48797444
-0.40611378
0.00484599
-8.79379163
-6.89718786
-6.35454957
-0.03500544
-1.56260034
8.97041977
-3.28186834
-0.15267565
-2.83962151
2.60509556
3.83980701
-0.84513414
-2.19809225
-0.85086426
-0.92034114
-1.23586166
-1.99662344
4.32295177
-6.22621254
-3.53177677
1.36978012
0.12487820
-0.51844565
-1.00724915
0.02498498
-9.54205349
-6.05993374
0.46163846
-2.53637250
-0.66555269
2.18400918
-3.18056611
0.31567581
6.18051484
-0.73103610
-3.11282072
0.10627470
0.04480662
3.92588067
3.49517652
0.29787690
-0.54595022
2.00851137
1.22939807
-0.74405200
2.52776148
1.74597333
-4.64559214
0.73980430
0.93767939
-4.76969002
-3.85989152
1.90841306
5.50197473
-0.03976702
-2.79000186
3.97411082
0.33764471
-0.34949432
0.03704135
1.41604722
0.13445888
-1.61057368
0.25222233
-2.02367131
-1.79750745
0.78732216
-5.33067326
-6.13780134
-4.14898921
-1.83100002
1.90814196
-1.04111920
1.89014773
7.59261785
0.17890251
0.20927006
0.23799882
-6.13531913
-0.43603645
0.32520081
0.39147217
1.98792335
5.64795245
-1.35232530
-4.70123582
-1.39790628
2.04011384
0.68794067
-0.92965410
4.23427775
0.14542133
-0.75090820
0.12975836
3.34381950
-0.20074581
3.67396839
2.69530815
-0.79947348
-7.24814334
3.84478512
0.75629139
-6.41490333
-1.97540269
0.44115760
-1.53664511
0.69133452
-0.28237134
0.15270452
-0.13447199
1.75486076
2.42996214
1.73031689
-0.05836606
-0.17331395
-3.72355184
1.11501909
0.54231093
-1.97590883
-0.54929990
0.27204104
1.85764261
0.15076581
-0.46142735
-5.05642651
-2.84175763
2.59904748
5.17040222
-3.45063232
0.50644169
6.74988206
-4.77715963
4.25105646
-0.31084297
1.05252494
1.24909831
0.69558589
-1.11349693
1.13056450
8.26274005
0.98136405
0.28617171
8.86584100
0.00406258
-1.33957318
2.81323915
2.71914185
-1.05498990
0.60326490
-0.93461815
0.17096775
0.36472626
-5.64788238
0.11982396
4.92920336
-1.29916008
-0.45486737
7.15812882
-5.55724735
-0.55525336
-0.40307570
-4.05360709
-1.25588055
-0.84116945
1.05347072
-0.63784871
-0.83306904
-2.19530082
-0.22905002
-3.74338559
-2.16668545
-0.72626813
7.45455982
5.16822040
-6.57606595
-7.29965145
5.91314809
4.61514577
-2.41966702
0.39143360
2.20393004
-0.28320412
-6.65150151
2.53252529
4.32784750
3.68606424
-0.40577970
6.22096395
2.55300199
-0.62087910
-0.05731209
-8.68964215
4.06004474
-0.15768544
-1.24183973
0.83221675
-1.37013287
0.62647398
-2.11093882
-0.05334633
-1.02712345
0.89239765
-3.20815872
4.11585656
1.52846684
-4.22048945
3.25415011
-1.42840859
-1.82347542
0.65244508
0.16741909
-0.53837294
0.27943232
-0.38901403
-1.96810399
1.91764169
-4.89505847
5.37629245
-3.49633419
3.20446672
4.80428006
0.26146459
-0.40108077
-0.04632782
4.54667541
-0.04668583
0.21681519
2.19793863
-3.96029127
-2.04620165
2.86857560
2.05541185
4.50512866
1.20403160
4.02791246
3.54625617
-3.30374192
-0.72364619
-0.75450565
2.62824821
5.46583375
11.83855262
-4.53678383
0.14798480
0.14486385
-0.85781857
-3.52158973
1.14766194
-0.79599649
-1.92145766
0.34208264
-1.50643220
3.55600966
-2.73688381
3.84246994
-1.90623228
-2.13133498
0.37371226
1.72786377
5.28124064
-0.67721646
3.87649706
1.63682998
1.46145347
-7.98525943
-2.42688128
-3.47819937
0.81280326
0.00808944
0.11299559
-2.65335370
0.58332472
-0.96761311
-1.14066555
0.01197129
-0.42970554
1.26337064
-8.62170857
-6.59521556
0.01339995
-0.22476830
4.94534033
7.28908087
-0.32741553
6.33284343
2.82594908
5.58173481
-1.02915403
1.25106785
-1.63888722
0.77182873
9.91633167
-0.10008465
1.58528057
-2.86726025
-3.11594737
-3.16507618
4.76945810
0.88456054
2.24699892
-1.50397773
0.93241770
0.31872297
-0.71470376
0.83887991
-0.17919061
-1.25683530
-1.39379491
2.23831535
4.72085978
5.86210072
0.33605857
0.26551846
