-0.61349246
-3.63187142
0.15822856
1.05221325
0.10267668
-0.57690272
-2.20569766
-0.73255436
2.38179449
-4.98543647
-2.30047096
-0.97378391
1.62394750
-5.57909386
0.27706465
-2.11929706
-7.29411921
-1.80353684
-0.44958045
-3.53041044
-0.24503456
-9.22336148
-0.33027178
-2.81447083
-0.54971533
-3.14496845
6.26096775
0.11283431
6.34375542
-4.99947549
0.00566413
-0.33020796
4.41362343
-1.31052103
-0.87963914
-0.60646887
-5.93235521
-7.61374823
-0.22156930
3.29359084
9.51277142
5.92176986
0.32934965
4.57411493
5.43645086
-0.05406158
0.93324239
-11.03726278
-1.99010361
-1.37986270
-0.33243555
-1.28627660
4.56748350
0.54194698
-5.42715862
2.85403873
0.24546643
-0.50870242
-0.95703786
0.07706629
-10.16700119
-4.93539581
0.45949222
-1.83430586
-0.67099777
1.93637651
-1.73598049
0.49941872
5.81279335
-0.18957676
-4.81029493
1.20743280
-0.04179034
4.91899261
2.39479941
0.08886907
-0.54779621
3.86276477
1.50703149
0.29909650
2.78676011
10.71376837
-5.24133885
0.85970318
-1.99102631
-5.93270077
0.61936183
-0.24875161
4.92544312
-0.35345562
-1.20628182
4.46942984
0.52904777
5.49942479
0.00285397
-0.39532960
0.33306897
2.04350643
0.23720165
-1.84173458
-1.84603630
-1.33706224
-3.29381508
-4.73578473
-4.71047184
0.99997421
7.26564632
-3.08549781
2.63434125
10.22900843
-1.84461595
-1.56016707
0.33592610
-7.92066114
0.43119176
0.44093619
-3.56477760
1.67343018
-0.02802438
-2.92988684
-2.87909028
-1.73408488
2.11123992
0.78748061
-1.68065554
-1.00141809
1.12415484
-0.32854831
1.19875896
-0.66754180
1.34194218
4.53432508
5.56324992
2.26907189
-4.50635359
5.61317449
-0.62993968
5.65910373
-2.61789940
0.39504188
-11.07171302
1.22143128
-1.63230436
-2.93311545
7.99859497
1.68877538
2.25852413
1.56752749
-0.03104088
-0.41885681
-4.42415310
0.39213464
1.40870917
-1.70313991
0.43400841
0.99087563
0.01161445
-0.56599956
4.34266276
-7.85446557
-3.28981373
5.32010554
-8.91662788
-2.79258175
0.64873887
15.60354801
-3.23562820
3.22082536
-0.46010675
-1.49538552
2.14540393
-2.66866353
-0.83821316
0.72157216
-8.80881892
0.28261631
3.82670576
-6.01520960
-0.72318937
2.91671465
-26.10563343
2.30728513
0.74734300
4.51717855
-0.46325960
0.04287410
-2.32250286
-7.41707623
2.70718826
5.00804215
-1.96306924
-0.42004445
4.07002751
-4.66506722
-0.68514531
-1.07677156
-3.78183614
-0.57829997
-1.37837979
-0.02989953
-0.73542507
-0.81765580
-0.78137630
-0.12577288
4.92966672
-0.65575655
-0.01883006
3.95135197
3.47828259
1.67419762
1.25028611
4.38181465
-7.15630441
-6.39603474
-1.57570837
-0.06511417
-0.12446005
-6.29097168
4.31450217
4.65787890
3.92994176
-0.43453759
8.65157665
0.72078052
-1.83939153
0.23363646
-6.68227931
1.49118311
-0.56823329
-0.71307751
-0.06979585
-1.11873343
2.94983625
4.82649112
-0.52984886
-4.26781541
2.85220192
12.40369164
4.54047832
1.85855422
-4.13390053
4.72792161
-3.89476988
-3.21302523
0.65121578
0.94564144
-0.69207582
1.33112556
-0.46055716
-3.22593066
-0.14331169
0.71461091
4.99368878
-5.53990231
1.58312122
3.91524385
1.29128587
-1.24458670
1.25068002
-5.97362854
0.36035342
0.51692065
-2.30278313
-3.72387623
-3.41388084
4.49106719
2.10326520
3.74010926
-0.18732107
2.76116602
2.45690934
-4.49645670
-4.49058108
-0.27467960
1.09581262
5.62204954
6.93645468
3.11549413
0.04335943
1.15027530
1.55877133
-12.73753481
0.62803969
-0.96153805
-4.01364604
2.34590341
0.65293142
1.24957678
8.68796651
-7.49359131
-1.60037314
-1.93766054
0.40774122
1.62136497
4.82894657
-1.06967130
4.34678148
1.98305203
5.53972158
-9.92151944
-1.71857677
-7.13592309
0.54076919
-0.62362608
0.59875517
-4.78762238
0.31547841
-0.65436775
-1.14520986
-1.95743220
-1.67196314
0.46491403
-9.75916535
-6.00532193
-2.07679092
1.30090372
3.13641793
-3.13644705
-2.12590174
5.14953262
1.31439583
7.00481926
-1.79299644
0.03136623
7.46407734
1.63409864
15.37518355
14.83419409
2.20476964
-3.68432024
-3.16854203
-7.37610807
6.40912994
2.96061094
-2.63279215
-0.85712645
0.58777740
0.00192271
-0.46475946
1.07191080
2.05780658
-2.21257171
0.71668825
-3.47355420
4.06877075
-0.32130315
0.12190453
1.30172006
-0.05171114
9.88978236
0.42945649
-0.28517796
-1.31011358
-8.40394495
-8.10763395
6.30633628
2.30606687
0.29937699
0.89713008
-5.94812692
-10.22007491
26.05997866
5.42641698
1.94308194
