-7.94334866
-2.63011529
0.54402458
0.87070576
-0.59171795
-0.67187054
-0.11076879
1.50623197
4.95195382
-8.05096882
-3.59775693
-0.09954400
-0.84307798
-4.14867465
-0.01107974
0.00235543
-0.28019604
-1.42467228
-0.18375201
8.19909771
3.81797188
3.54443328
-0.68765940
-0.91960298
-2.79798027
-3.80023712
-8.36874099
-0.72642095
3.78242249
0.15319128
0.00382605
-1.01209471
5.07075968
-0.17186712
0.81202295
-3.59269284
-0.37026457
0.12160686
-0.00089014
-4.11029164
9.30164713
-0.55299779
-1.06882913
3.90538330
2.20003070
1.85340657
2.44348139
-8.49962261
-3.08667543
7.95898445
-0.84486370
-0.77197884
4.55108153
-5.99523766
-18.86607892
-0.71600477
-0.65780567
0.28415395
2.38414263
0.12738080
-10.95162726
2.82100952
-1.46712013
3.30759750
0.14759705
-2.84080759
-4.20085945
0.26983069
6.62813748
0.09738657
-4.60907840
0.36799834
1.61704514
-4.92027457
3.42543324
-2.16052939
4.72705115
-2.44133909
-3.16300177
-0.61188532
1.42452863
13.11045724
-5.58726261
0.79084337
-2.29145099
1.16652550
9.65234807
0.19909457
2.64820167
0.62796037
-6.53500996
4.46839287
0.46514327
3.22538842
0.22150303
-0.01893028
0.15323757
2.19470618
0.00559068
-2.63505005
2.37536175
1.52296408
-3.62135926
-0.88789758
6.31439541
0.74953000
6.24863446
-1.81517989
-11.26288529
9.79134076
-5.36883180
-4.50430142
0.26594290
-5.36929667
-0.49663675
0.17673200
-3.20239687
3.35292829
-0.17037240
0.62459620
-3.19619991
-0.34175716
1.11811213
0.95921711
-2.62458076
-4.03798862
0.99097937
5.56242052
0.40248744
3.00433625
1.78740151
1.90273104
7.95619505
-4.62015733
-5.89074275
0.69312620
0.00840056
4.31140490
-2.71660418
0.37832673
-4.58893308
0.36172809
-3.53542428
-0.71894616
0.84113285
0.56499024
-0.43925868
-1.30002062
-0.02568792
-0.39381567
-4.68112594
2.05703118
0.29404781
-5.27082866
-3.99434799
-0.24101086
5.58383933
-0.61758298
-4.31144931
-5.98097887
9.59714580
-5.03319713
-6.29894396
-2.93453187
0.54416682
11.03591299
-9.29156068
2.34476174
-0.39729488
10.35328771
-1.91960517
-4.23823985
-0.00066955
-1.10829608
-7.69176230
-1.67549667
2.26087172
-3.78521065
-0.87128827
1.97426874
-10.96396314
1.71958611
0.38759041
2.76006479
2.37675709
-0.00541978
3.72290436
11.30169115
-6.49942911
3.09631091
-1.56225639
-0.41762871
0.00231678
0.38755063
-0.48112769
-0.20947252
-2.94581993
-5.33726833
-0.46490759
-1.87912023
1.29824041
-1.06338673
0.05473311
0.08791692
4.86604007
-1.74842281
2.72347941
-3.00580538
-3.29891420
-4.03229882
-4.16097432
4.38579346
-4.19089545
-5.96530810
0.23795609
6.43940343
-0.13652878
-4.85339935
4.41344399
2.47379682
2.03633721
1.97852019
8.61059419
2.89960546
0.06942129
0.73880671
-14.99730756
6.64563311
-0.55730158
0.39519440
1.43248737
-0.75425021
3.29494663
4.78451563
-2.24999476
-3.10211629
2.27394822
11.25398704
1.43950773
-1.61000294
-2.24528915
3.15420277
-8.73037482
-3.15309362
1.43977497
-0.40969822
-0.86935294
0.95151995
-0.14140501
-0.48350397
-3.42484549
0.88717223
0.06321630
-3.19249632
2.42172601
-0.51374495
0.30984887
-0.87850981
-0.84141606
2.83439059
-0.03544068
0.76585139
-4.78598244
-4.04695385
1.56400786
3.96395709
2.30406848
4.31476344
-0.82591856
0.74032840
3.32889281
0.72541305
-2.71269172
-2.31947167
1.56527166
12.74609177
5.51232452
-1.82372031
-0.25257860
-0.80034589
-1.56052844
-9.95963844
0.74911151
-0.50346021
7.25395962
-4.48995544
-1.55887049
2.27344089
-4.38936679
-4.68407226
3.72842786
-3.96932667
-0.01014697
3.17019883
-0.75635712
0.43217229
4.78757784
2.27359828
4.07429504
-8.93782710
0.77373857
-4.10585661
0.59544906
2.55888270
-3.57620047
2.70730809
0.64761665
0.17993578
1.71903339
0.03481224
3.37092243
0.43287258
-6.76402760
-7.43527867
-1.55839910
0.81476145
4.19026994
3.79873406
-0.78413075
0.55325708
13.12950121
-19.41371966
2.74706500
3.72170589
4.29036534
1.72284543
12.28612459
7.63705813
2.67636561
0.34823117
-0.22168624
-3.73673421
6.20214608
-8.83406173
-2.54182730
-0.15077501
0.25087301
0.03335195
-2.04536931
-3.09994413
1.50014030
4.85673690
-2.11153725
2.01543863
7.22796830
0.62587034
0.28889605
1.17661676
-1.58863531
7.65606761
-4.54550619
4.46273974
-1.86791536
-4.59598359
-6.97832855
8.42432824
-0.31335113
0.32214128
1.41197005
-2.95947976
-1.29415894
5.23266460
-1.18464210
0.36841910
0.22798020
-2.24462458
2.68024245
-3.57618967
0.93978998
-0.18451704
0.23559350
2.12705829
18.83666934
8.90439342
-1.93709290
-12.77070945
