-2.69594070
-2.44797363
0.54479199
-0.40288238
-0.65458045
-0.69470002
-0.87573515
1.63133391
3.72482250
-10.41555497
-6.49744899
-0.96469427
-2.95105363
-9.35907048
-0.22068494
-0.00486972
0.15144347
-1.28913150
-0.79016914
10.65163845
2.17047493
4.01182046
-0.23723144
-1.30583850
-0.67718877
-0.91183564
-6.10650863
-0.25012958
-2.79822474
2.42918280
0.00494116
-0.31482478
9.82380339
0.55486807
0.86912239
-6.16816293
0.76522780
11.21066097
-0.06233583
-6.61790431
11.59950645
-4.91026622
-0.01469124
2.44129248
4.32282795
4.56546236
4.21200405
-7.88379778
-18.30874518
2.92472416
-0.88929850
-4.71191808
-1.54962529
-14.15700068
5.08113461
0.61578214
-0.60275015
-1.22557015
3.07384250
0.10536767
-8.75874078
12.13532239
0.83382271
-1.44639976
0.23542953
-2.75393332
-4.77778156
-0.66009520
4.88611418
-0.32622260
-5.75504539
0.76715808
-0.24716194
-2.89263449
3.50008902
-1.71726973
4.30434502
-2.38081349
0.65962426
0.10118901
7.09799811
11.05280176
-3.92806174
-0.02786264
3.19279855
0.92987525
4.24489674
-1.98585401
-2.59821912
-0.13753605
-2.64216476
5.20861094
0.55136070
-11.23241937
0.03096650
-0.19264157
0.32071578
0.85131129
0.12471668
0.56196526
-0.66304847
1.22775041
-6.24300724
0.81029566
3.24064424
1.73105643
5.68959315
-1.72698577
1.36497273
4.91101399
-6.15147860
-6.56723018
0.84314954
4.52139635
-0.53582876
0.78665855
-3.47247659
-3.50246531
1.20018959
0.44891192
-2.01319217
1.30198007
4.68790263
0.47083178
-2.86464067
-3.95571101
11.33534117
-11.18161791
-0.21953732
6.90492419
1.74056445
2.29963722
3.97536171
-2.49061815
-6.61784009
5.57143517
0.00257470
9.56433462
-5.59136792
0.41068709
-1.11318988
-1.37068267
-4.68096565
-3.12692336
-2.57436055
0.53529780
2.36861702
-0.07485026
-0.01162761
-0.38526165
-5.21503009
1.48917698
2.23887456
5.09894281
1.35281487
0.66856992
14.53436996
-0.44426127
-3.72447506
11.98847455
2.41178845
-3.72465544
1.89286195
0.01987342
0.47875650
11.08104337
1.57651130
2.52153877
-0.65745563
3.22616932
-2.14429631
-5.69829152
-0.42476420
1.07771426
-7.58939962
-0.78139353
1.92555424
0.76179331
-0.86356347
0.50809970
-3.83533630
-2.92436634
0.44959970
0.65878851
2.48846645
-0.00555737
2.30124256
2.33092246
-2.91051375
-1.33832834
-4.31093611
-0.97876748
-6.99322545
-3.53134530
-0.24411375
-0.05818066
1.89538573
-4.06425768
1.50195843
0.43604529
-0.12018164
0.38809690
0.43573091
0.04273063
-3.59749081
-0.77005560
2.19317574
-3.76361200
-2.84142958
3.97987541
-2.32918814
3.97052493
7.67977329
-5.69707333
-0.85714569
0.48922077
-0.19451800
-1.90023718
6.02585892
13.29989449
1.56347793
0.00454212
2.61524580
6.04396184
-0.23656910
0.34681017
-11.87835643
2.08384323
-0.94057933
0.39233788
-0.41480024
-0.50138166
2.92776793
3.30955791
-5.65208373
1.04032487
-3.50227874
11.63525092
1.13781354
-1.42790654
-1.21434531
1.94364772
-7.47195817
0.33424191
0.74567846
-0.57988631
0.85812874
0.86364151
0.01382943
-1.72405113
-3.40406393
0.84563756
6.93128731
-6.72496487
6.78643162
-0.69022217
0.73989926
-0.42152890
-0.41873719
-2.41020965
1.15899760
0.80828174
-5.07919080
-4.45498797
4.59729229
-0.35834252
1.19015590
3.58137763
1.51702589
6.04666211
3.69616377
-6.33242846
-2.63355679
-2.37867232
-3.58603049
12.06753212
6.74390914
-0.02485349
-0.33593976
-0.74895698
-7.09327573
-9.39210036
0.17449549
1.72430818
5.08289506
-3.72579258
-1.99548639
1.84666453
-3.40388999
-3.51793695
-0.27345092
0.10442673
0.74535471
-0.37412732
-4.08312364
0.18991784
5.13824385
-0.82778422
4.25002812
-8.63407454
1.39198275
-2.54283632
0.26678251
1.65227977
-4.22207172
1.91843514
-4.06082364
0.01531756
0.88059456
-4.50799158
1.83253742
1.18154862
-6.68692723
-11.75568052
-1.42446224
0.85055400
9.23383179
1.74697784
0.31251818
-8.58107075
2.34476160
-5.95180554
0.30560613
1.83356261
1.75246420
0.62848834
7.98459343
0.03647799
-4.34650006
1.78231618
-0.36156538
-1.88012437
2.79003074
-7.17738894
-1.22294191
-4.56092686
0.20800511
-0.00966088
-1.89454152
-1.31364438
4.35365359
2.66860062
3.41382010
2.27269138
9.49183595
-0.29744185
0.46623151
0.53076352
-2.85537350
5.90130751
-2.18225571
2.05598488
-0.35203694
-3.50623807
-6.31132177
9.21549202
-0.03693039
0.04406700
1.57139519
-2.01083073
-4.98210715
6.20585294
-0.99876404
-0.34845816
-0.29973353
0.83405553
4.41620463
-0.02217583
1.08322205
-0.11505790
0.37336059
2.34663232
-6.48167687
5.44386338
-1.75264818
-3.68103172
2.29858598
0.12824484
-7.05734400
9.47000026
-0.78902913
3.46584988
-0.18900270
1.00061120
-15.74090072
11.20518507
