-4.48830853
-2.93865365
1.09949826
-3.59508368
-0.50604882
-0.71508095
-1.45000660
1.55710400
3.99608773
-10.45680134
1.15577750
-0.26807120
-3.42506691
-8.14433736
0.02728518
-0.01016483
0.34388915
-1.39581175
-0.09837900
11.79327734
5.44671407
4.10472379
-1.25155628
-3.43703542
-4.32825905
0.27723258
-6.95519752
-0.21000820
-1.43871222
3.44378341
0.00643911
-0.55516505
3.69902499
0.03200281
0.91580043
-6.99599945
2.61992125
0.00737201
-0.01300688
-6.92926741
10.12383034
-3.61880887
-0.03395315
2.61998417
5.57672095
5.29114050
3.28281649
-8.25654215
-15.36004533
6.37567186
-1.29922735
-3.09141988
0.70125705
-6.16666878
1.92047226
0.06954748
-0.60497095
-0.99735295
3.13107799
0.00854466
-10.01601440
12.38129764
-0.67032654
2.25292450
0.33496766
-2.58665610
-4.42713109
-0.55104028
3.14824016
-0.27363596
-4.74233751
1.84260298
-0.48879270
-3.85869872
3.72832460
-2.67512744
4.53018586
-1.69919198
-0.32749015
-0.32419414
5.38155744
10.60543224
-4.51381327
-0.02702079
-0.26766795
0.89585694
4.38881005
-0.68520385
-2.93494157
-0.99515607
-3.32799045
5.47165735
0.63758584
-11.74557428
0.06884343
0.01253948
0.26147611
1.44444058
-0.24347817
-0.62406941
-0.19759956
1.49208618
-0.77110678
0.28423543
6.76337885
2.14174484
6.35987281
-1.40906557
2.80377562
5.58685730
-5.00392729
-6.11941179
1.34519450
-1.45448527
-0.50000245
0.83970901
-3.33450284
-2.34557133
-0.01242364
0.54986115
-3.31800952
1.14221618
3.86887389
0.46988840
-2.77393934
-3.96642444
-1.69305192
-8.98199647
-0.00501140
7.90491169
1.65706986
2.60536554
4.69903131
-2.50234541
-6.50464760
4.15633158
0.00273787
7.98322313
-6.47451084
0.46092170
-0.72820371
-1.42875424
-1.87134845
-1.89053300
1.39857635
0.97202205
2.84188558
-0.29315439
-0.01471722
-0.35382388
-4.96383320
1.50543247
-1.27980878
3.59389264
0.62171680
1.08024807
7.04737788
-0.54063653
-4.06452839
11.95107409
3.10006626
-5.30148842
-0.10291598
-0.66919960
0.50782739
10.41435278
2.42700615
2.30350463
-0.51753973
2.36379591
-1.95965393
-5.72568593
0.46298845
-0.52663448
-8.13325514
-0.80826196
1.70115593
-1.18254298
-0.90014991
1.58863386
-7.02386725
-2.84906735
-0.03093287
-0.32463666
2.54706578
-0.00530957
2.46050657
3.17451524
6.94242019
-0.44955676
-3.92008273
-1.18618704
0.06022420
1.24845332
-0.15457796
-0.49442333
-3.07704190
-4.35868773
2.25751912
-1.43043508
1.43852250
0.22657777
-0.04285793
0.06377467
0.47774616
-1.56855897
2.21468010
-3.31225568
-4.55559187
2.95905629
-3.58568528
4.76820452
5.45419700
-5.90353036
-0.07307429
-0.56069439
-0.41868298
-3.61429544
4.59230992
3.42235919
3.74754754
0.25646211
2.44061630
5.92162618
-0.66732453
0.40575285
-12.41908889
3.39213277
-1.03610140
0.42682097
-0.51202752
-1.19254604
3.14650110
3.58972681
-0.95384965
-2.17058004
-2.52756109
12.21682593
0.96979499
-2.52840902
-1.91172114
3.11353702
-7.40489417
0.82439683
0.73444034
-0.58078164
1.00165917
0.79125957
0.37145329
-2.86375007
-3.80553798
1.07591597
-1.27469205
-5.84823689
12.21016536
-0.29042872
0.60129847
-0.54885893
0.30572884
-3.97927802
0.44065762
0.91259284
-4.87262269
-5.20365125
3.31981384
3.32442409
1.98240653
4.87911119
0.45968051
1.91409278
2.92520042
-6.57125324
-2.97467325
-2.39660115
2.42805365
12.46821350
5.90301109
1.35156442
-0.29033367
-0.83882516
-4.70626990
-7.60721806
0.17922018
1.74094925
5.71571327
-3.51849038
-2.14694140
2.78072274
-8.19370092
-4.88568831
0.12479097
-0.64411687
0.49013662
1.05222984
-1.97825104
0.43978003
5.10580030
-1.13241491
4.12520756
-9.45390230
1.22288638
-1.23114705
0.51467172
1.66348070
-3.88242557
2.40160261
-4.48448290
0.19975576
0.45002573
-3.83110186
2.88597743
0.80634388
-7.71673150
-9.89047718
-1.71783853
0.98492246
10.19821182
3.15784368
0.37977740
-8.56113671
1.76520413
-6.63847534
0.66260976
3.04634750
3.25878266
-0.01251698
10.73353138
3.95575424
4.34781784
0.60886150
-0.25671235
-1.82256013
2.72676163
-6.57513205
-1.51183248
-2.74947024
0.28275313
-0.20000839
-2.61863621
-0.45506112
2.48528360
3.07431064
1.01440317
1.15394872
8.70232766
-1.01989192
0.02742027
1.04596719
-2.92731087
6.51122658
-2.14958516
2.05450745
-0.49337234
-4.12354366
-6.91529313
9.66179324
-0.19621657
0.20597799
1.66569789
-2.33000032
-1.86153631
3.80689502
-0.94603974
-0.14989288
0.00862227
-2.56746969
4.22312988
0.06483722
0.93752588
-0.14342153
0.29822994
2.20297094
-3.22246742
4.06437590
-2.77280838
-5.34863941
2.67018344
-4.37434951
-9.25685694
12.75817290
-0.95780110
4.23195315
0.20441406
1.19231597
