0.00771746
-2.20370962
-0.40536282
-1.36752947
-0.13600261
-0.07725844
1.25685609
-0.26273262
0.11749362
-2.73706540
-0.29420794
-0.35647177
0.54220372
0.06718715
0.16722267
0.18807907
-0.29729795
-0.48377760
-1.21484433
1.12045766
-0.51390970
0.12300438
3.52520703
1.24682474
-0.95628358
-0.01966197
-3.00189880
-0.73676405
0.52807806
-0.55980822
0.22093913
8.46612175
-1.13524811
0.13814195
-1.18095853
-0.76599520
2.10468723
-1.95749662
1.06494541
0.01013644
3.39127745
-0.21043312
-8.98271616
-0.44685381
-1.25787035
-2.50460097
0.74976522
2.76718803
0.11417946
3.37726380
-0.66030626
1.08098931
2.67354710
-0.50865061
1.28413455
19.64488092
-0.18606728
-0.13466959
0.70932365
0.55756686
0.50078356
1.05506278
0.58896366
0.07420882
-0.11853178
-0.00296327
-1.78697629
5.79390717
-0.08960049
-0.58707510
3.21070125
0.08908621
0.25622455
0.77803630
-0.01374140
0.32597722
-0.01491914
13.37067272
-0.27322820
0.59324722
-0.18772357
-1.27123241
-0.74483914
0.57601732
0.85791120
-1.29041659
4.16478459
0.07160539
-4.94435074
-1.92810392
-0.83211680
-1.91783174
0.12596786
3.49784615
0.11044143
0.34015705
0.18530685
-0.19875111
0.21614328
-25.60951261
0.09325517
1.06407722
-0.28878128
0.02245547
-4.01388201
1.24427185
-0.78654255
-0.23379482
-13.76116377
