-11.17990674
-1.68165760
0.47598745
0.07278579
-0.11330013
-0.82002571
1.00241632
-0.43822762
1.11744503
-7.86860538
-2.19967323
-0.09281069
0.62177427
-5.51660910
0.04588188
-0.03199046
-1.01614544
-2.22404511
-0.57707745
-6.18127758
0.78384232
-3.01701781
-1.19668527
0.12757252
-0.28496042
-3.19129377
-8.93706616
1.53027202
4.30076304
-2.81109484
0.00318125
-0.33630538
5.23378384
-0.35022522
0.27918521
-3.60963149
2.25615683
-0.71854405
-0.34356295
1.43480573
10.79773490
-4.64944166
-1.28898176
3.95999527
3.06206868
1.95351144
-2.88327706
-9.18394631
-3.56146419
10.23849800
-0.90308524
-0.62431423
3.88594042
-2.27440356
-4.80415414
2.51987042
0.27481692
0.60810941
-0.50183412
0.08148765
-9.97042228
-2.29570998
-1.06528096
-1.35532504
0.82546137
-2.83586164
0.39394724
1.10991492
5.34255405
0.69769875
-7.15348288
1.67553221
-0.05078385
4.10343132
1.16711010
-0.34866371
1.32021230
3.88814367
0.46622998
0.12974506
2.14240339
6.78658813
-5.55813674
0.94421773
-2.08170675
-5.02592406
0.60135472
-0.66511309
2.31569928
-0.51707882
-3.29054845
5.88765183
0.30078994
5.27756976
0.16807598
-0.35303840
0.25431453
2.15883848
-0.01838345
-4.93780125
-0.76908606
0.90390606
-3.74731439
-5.93326448
4.39638026
0.30412607
6.61796531
-1.80979889
1.30617655
12.27445322
-2.22338135
-2.54418491
-0.47226897
-7.79846361
-0.10667231
0.00755470
-3.60538223
3.56059947
-0.31549908
0.82983121
-4.04983534
-2.76174153
-2.21455562
0.76383467
-1.59784065
-1.94833541
-0.76011936
-1.46634124
0.68074617
-0.14692327
1.49018877
2.37077407
4.74559467
3.50989338
-5.18092859
4.74997852
-0.27261468
6.83781129
-1.97714747
0.30718326
-4.22747972
2.06106895
-2.34063157
3.07282292
-1.89850747
1.86551780
0.56267774
-0.53245510
-0.03094841
-0.20948172
-4.64867128
0.00216746
-1.64111409
-3.95966547
-2.39960461
0.10510958
3.56650478
-0.81274281
-2.53712842
-8.96729811
-4.31590812
6.25495820
-6.28184929
-3.86144455
0.91604945
13.11697163
-4.72766165
2.71327303
-0.63225937
-1.02119466
-33.71579926
-2.49005326
0.00829187
-0.40507511
-8.39976747
-0.53511349
2.27874900
-4.41709569
-0.50857183
1.70909871
-11.82112434
-2.31112101
-0.02293845
5.46180142
1.20162386
0.37045386
-3.00528343
-6.74412615
3.53893425
3.14069870
-1.55977932
-0.87364824
0.28303475
0.32875385
-0.49169072
-0.08080432
-3.51586783
-0.06043703
0.23107594
-0.05421968
0.32540477
-1.00377124
-1.24767290
-0.37679215
4.42901398
-0.00142646
-0.65233724
3.71961810
-2.11707340
3.66005160
-6.80595449
5.71044823
-4.49998050
-6.49704968
0.03950612
0.68065997
-0.20290500
-5.07371805
4.66684629
4.75138394
3.05364124
-0.43810905
8.67833509
1.10666949
-1.19016217
0.85463318
-8.85425104
4.60164716
-0.57313355
-0.00713125
0.89854456
-0.43326210
3.08494246
4.97816184
-2.33746270
-4.70956413
2.63893592
12.21826491
0.67304204
-2.70355981
-3.16643018
3.94539103
-3.12442722
-3.50780207
0.36220021
-22.37276606
-0.67377236
1.37477993
-0.08970561
-1.21287171
-0.59001704
1.47022315
-0.25969397
-5.05086355
5.23347719
3.29025164
0.35060238
-0.86361609
-0.18724643
-1.27548443
0.55092046
0.46994852
0.39101361
-5.18107910
-1.09499719
5.75262430
2.34105198
1.48074436
-0.69542962
3.18040159
1.65785716
-3.97062785
-2.65197782
-1.46059112
2.36251536
10.41675424
5.54581418
0.94425508
-0.09687158
0.92335126
1.35563521
-8.96615229
0.22760727
-1.05076782
-4.16346048
2.50428430
-1.03030549
2.49936691
6.98071190
-5.03970556
-0.67805005
-2.07751851
0.09878164
2.02307057
0.40481719
-2.96620223
4.75294996
2.10376433
3.82689366
-9.90067733
-0.33228643
-4.66300416
0.70090222
-0.63661556
-1.40201527
4.11099702
0.02457716
-1.48492118
0.42742388
-0.82745183
-0.85944233
0.23246831
-7.02769458
-8.05601004
-1.05936076
0.15118802
3.55294289
7.21598617
-0.11784714
5.16060561
2.60710155
7.43155668
-1.98047545
-0.37981123
3.90291648
1.68677570
12.42062245
11.13212368
2.02481224
0.22497736
-0.05445932
-8.21007466
5.47045325
2.59078538
-2.55943733
-0.34028928
0.72022197
0.23832950
-0.17520179
1.83691630
3.28897164
-1.63898309
-1.20940775
1.99627422
5.23854764
-3.81251241
0.08403063
0.35693504
-1.72905447
9.06940862
-1.45389600
1.44416671
-1.26435032
-5.44784295
-7.13817840
8.92966905
-0.43250031
0.44393392
1.26598702
-3.10111717
0.38498985
8.56349832
1.50302679
1.36081084
-0.57955956
-0.06472497
5.24481084
-6.13778181
0.58665041
-0.21496144
26.73792248
35.18372636
