-3.30174991
-2.54417967
1.09891218
-1.43667978
-0.57419695
-0.67621077
-1.13781715
1.60033803
3.91124159
-10.40779292
-3.53899337
-0.30241855
-3.23171888
-7.84528354
-0.09723183
-0.00982343
0.37800696
-1.40853884
-0.06919213
12.00366882
4.02335675
3.94477754
-0.66768219
-2.40633694
-2.61541326
-0.86408628
-6.42279964
-0.16190705
-2.81686858
4.18326942
0.00572807
-0.34676029
7.49053611
0.02906326
0.86895220
-6.76712657
2.61027033
1.56658350
-0.03736987
-6.51715467
10.04893744
-4.12899461
-0.01614390
1.85105810
4.85098409
5.03336479
3.73813333
-8.05478861
-13.26376914
4.89264107
-1.11723687
-4.11604800
-1.27369848
-6.42682657
6.10785718
0.53864781
-0.60381373
-1.23327259
2.88869303
0.01590687
-9.38358475
12.28297234
0.63020752
0.23303831
0.35128237
-1.81676318
-4.89848553
-0.58433374
3.91386402
-0.34214772
-5.89628953
1.31149136
-0.35489568
-3.18003124
3.71343467
-1.79003536
4.40770684
-1.48732472
0.56951901
0.02197299
6.39208704
11.36207821
-4.23396848
-0.02828999
1.66490342
0.75195594
4.19878707
-1.43537427
-2.80911705
-0.22539539
-2.90068247
5.28564764
0.58516056
-11.58883885
0.04817835
-0.07827710
0.30621951
1.14737105
-0.04813291
-0.42569400
-0.66262936
1.50651635
-3.16752817
0.35967749
4.72802558
2.12022539
5.99695859
-1.61245832
2.04986645
5.21182222
-5.77594874
-6.32421912
0.91822960
2.25363711
-0.52063955
0.79914509
-3.39493234
-3.86189921
1.18970264
0.50665880
-2.85062283
1.26001388
4.46894670
0.47231394
-2.92268226
-3.99304953
-1.00147607
-12.31988650
-0.11477961
7.56278471
1.65443642
2.36938380
4.33176480
-1.93908125
-6.73304106
4.85963271
0.00313123
7.35456829
-6.05324080
0.44309139
-1.18013127
-1.41099925
-4.40486750
-2.36583038
1.00986765
0.63834197
2.64815935
-0.08562870
-0.01256125
-0.35594126
-4.67847228
1.39942242
0.17452429
5.28837956
1.94263609
0.71758527
7.33514052
-0.49925878
-3.88822391
12.04026348
2.53592050
-4.16781045
-1.53556877
-0.49788333
0.52282860
10.48870453
1.85225432
2.40648088
-0.64501477
1.70740928
-2.05813899
-5.73042100
0.26560477
0.16931844
-7.76081190
-0.74288478
1.80444163
0.47716713
-0.85706262
0.43749825
-5.03620691
-3.68516650
0.93007957
0.11955853
2.48877885
-0.00537143
2.32051902
2.60515131
-3.60206668
1.60789867
-4.17173783
-1.12720302
-0.00555211
0.97192774
-0.19929690
-0.09829855
-1.87701421
-4.25653221
1.91524588
-0.54328912
0.50989498
0.37643375
0.02041502
0.03771764
-2.15651045
-1.40355446
2.16795280
-3.41692416
-3.82981628
4.13659319
-3.05256496
4.21060303
7.13299295
-5.79235141
-0.80097972
-0.17966406
-0.26778546
-2.53166273
5.20255025
14.37665934
1.88755278
0.12404941
2.60932490
6.18540269
-0.29400941
0.37642880
-12.34595920
2.26458882
-0.95927478
0.41681106
-0.43751009
-0.60484516
3.07346881
3.42571599
-2.00654488
-0.35731877
-3.56004127
12.02649446
0.35234953
-2.28183663
-1.47003665
2.43045233
-7.47936608
0.50655215
0.69011742
-0.45253954
0.91144625
0.79730355
0.43129021
-2.69316165
-3.64272168
0.99185077
-6.07239902
-7.32399819
11.43106595
-0.71414324
0.78791444
-0.49696846
-0.09039228
-3.48206844
0.86239504
0.89257310
-4.94291615
-4.72493516
4.33510547
1.67017242
1.34457583
3.99613960
1.09556603
5.08767390
3.75725071
-5.73112797
-2.75270801
-2.34953239
2.30089694
11.92981906
5.54758990
0.96869453
-0.31783276
-0.76031474
-5.57847666
-8.01084725
0.18716616
1.73360919
5.35721723
-3.68425032
-2.31540015
2.62096341
-8.25149173
-4.50259244
-0.29221416
-0.28115601
0.62820976
0.20085269
-2.81379973
0.05914231
5.10243056
-0.94108091
3.68457748
-8.95409974
1.25945065
-1.10488538
0.33000974
1.50484591
-3.84891320
2.44338787
-4.44290177
0.19181708
0.59790438
-5.15167476
2.09126094
1.13574641
-7.28399142
-10.39646669
-1.59293844
0.84167428
9.74868165
2.57639001
0.35320628
-8.54938579
2.23097378
-6.16385005
0.36316568
2.16918150
2.78501151
-0.00660449
9.13162142
2.45389477
2.71994180
0.86003209
-0.13823482
-1.81183267
2.59990492
-6.60207243
-1.31430505
-4.24685584
0.19833648
-0.06872438
-2.15614881
-0.36492172
3.85187471
2.73266861
2.72355242
1.21472899
8.34524393
-0.15388880
0.34856489
0.97179274
-3.04205887
6.15072704
-1.98421074
1.87255714
-0.39760178
-3.71188788
-6.60804843
9.35989649
-0.10577549
0.11464014
1.69922194
-2.05488791
-1.82564111
4.00074890
-0.95251180
-0.20852301
-0.46794821
-2.67319845
4.55822149
-0.01857650
1.00433273
-0.12893673
0.14502713
2.26331540
-6.65325759
5.16429344
-2.03341826
-4.27890557
2.09796837
0.09216877
-8.59634416
11.26986143
-0.83932473
3.35757817
-0.36948050
1.15132154
