1.12438195
-4.72063399
0.15492627
1.27677004
-0.79539935
-0.70527782
-0.10791701
1.23214904
2.09203704
-12.20250380
-7.92703264
-1.62904480
-2.40901357
-7.58769540
-0.29291680
0.40585985
-3.34017338
-0.01141140
-1.36086013
15.05333845
-8.39789548
5.49508302
22.43096628
-10.85257032
4.39824324
-1.02535154
2.66129710
0.12095801
-3.55547432
-11.26665787
0.00372932
-2.57135660
5.69117603
0.63938218
0.62135016
-5.65792850
-3.90009879
5.24919181
-0.23458510
-8.18307167
5.61127881
-7.81684029
-0.24067404
2.60423573
1.03355430
4.93425178
6.20185426
-8.80001850
-6.25606329
-7.08123421
-0.31008760
-4.36263569
-1.40057919
-0.68016298
4.34918349
0.72319538
0.12417797
-1.16331937
3.05071676
0.04734777
0.22755968
7.95488002
-0.68567544
-0.60579751
1.35086037
-0.09151270
-3.86464169
-0.94639389
3.76949302
-4.36934965
-6.51385576
0.03628216
-0.11678718
-5.31410868
3.69574634
-0.98327376
1.32483449
-3.87612104
0.36568868
0.09684354
3.69648060
15.76032750
-2.50866794
0.70775513
4.05378762
3.34220207
7.85290784
-1.67896367
2.42898957
-2.50159195
0.21976471
6.11166404
0.50083488
-3.13177365
0.00216428
-0.58589222
-1.28761698
-10.21820296
0.08247772
4.28619006
-0.36566091
0.52867772
-9.10643804
5.66880880
-4.34035706
0.26436293
2.08309653
-1.05071711
-0.26956108
4.53732616
17.87837137
-5.94805976
0.97036366
7.17125477
-0.42351361
0.93328335
-2.03593847
7.60315115
2.03477671
-0.16756240
4.56235308
-0.14575581
2.91090227
0.30351957
1.02346692
-5.47673948
4.17778114
-10.44151006
-0.86716653
9.16718493
5.69845890
3.15431511
-6.81562270
-2.57977579
-6.89713412
5.94581942
0.45423002
8.54481559
-4.94168483
-0.90954327
-8.68664127
2.67903310
-5.26532367
-6.11127399
-5.51548532
0.29792966
0.42630297
-2.86485740
2.69032613
-0.60276698
-1.43923008
1.08231889
-1.98850604
-10.60742699
1.25633981
0.69965451
8.87484001
-0.15627476
-1.91490559
3.38624210
4.58406611
-5.08243426
-4.89751095
2.30647356
2.53553054
7.27515468
1.11760652
3.98017541
-1.17602319
4.24246163
1.64881762
-0.38428612
-0.45494149
0.87855473
-8.57345688
-0.51518647
1.46822567
2.16620988
-0.98851104
-0.03106470
-1.41493676
5.75120030
-1.34268396
-2.37716571
-0.42186480
0.83406704
4.45829166
5.75449687
-1.56190849
3.54696537
-3.58261721
-0.44602463
4.55721611
-0.33128113
0.00683190
-1.76671767
-2.22924459
3.17310305
-2.11043925
-6.67906029
-0.09181047
0.31655242
3.09381254
0.45433994
-5.30358761
-3.57757990
-3.24409167
-6.23576115
0.57790747
-11.42334918
3.90357614
3.48743239
7.93584292
-3.14592893
0.56882784
2.90918686
-0.12130538
-1.45424550
5.29022321
12.37998360
-0.17429602
1.94427106
6.61424096
10.88027486
0.08014526
0.37929525
-8.31542215
2.61489275
-1.41894547
0.38864061
-0.31300135
-0.80114310
0.38374138
-5.37355043
-2.94260173
-0.73026593
2.58699681
11.14150728
2.61486115
0.00944342
1.37072076
-4.45291168
-10.14367200
-2.79261486
0.88341341
0.16899057
-0.10570671
0.89815853
2.19992241
0.60817272
-2.72529247
1.96984795
7.18436338
-7.09074031
7.17423130
-3.97311213
-0.37146185
-1.49226250
-1.69143475
14.53562208
1.60677036
0.81062233
-5.08957883
-4.56984025
6.07648354
-4.92226603
0.84705916
2.30848881
5.92799340
6.25025255
3.36223837
-6.68779972
-1.96505185
-1.92496752
-3.82107762
-0.18046253
1.19022064
-20.85785035
-0.01070519
4.66166432
-13.38822242
-3.78843369
3.52568516
-0.31712485
6.57989559
-5.76098747
0.10477240
-4.46906462
-10.13339534
9.52601080
3.69933309
0.37181907
0.63917081
0.05643385
-4.80881707
1.50695880
4.46791310
-0.74963132
4.54157462
-9.24608370
2.17919677
-2.45832118
0.11103819
1.99222571
-1.75859968
1.15740862
5.19634248
-3.39802571
0.34618367
-4.36665364
1.87230201
1.17832595
-4.94533009
-11.05735493
-1.87075080
1.00387629
6.72513844
-5.02611843
-1.08482883
-5.12658231
1.53698733
-6.92676509
1.37192407
1.77886495
3.61173209
0.84915042
-8.20860247
-2.58958700
4.09770538
-0.26817138
-1.65270151
0.59136351
2.08785176
-8.44846019
7.35804838
-8.66197601
-0.50303901
0.77122014
-1.87369735
-1.09497225
4.72953358
4.64899210
1.61965643
3.95660469
5.46985605
-0.16787338
0.40037985
-3.79977615
-2.42331284
5.58676771
-1.90548323
2.68877974
-0.73176651
-3.61965222
-2.17398543
10.04732941
-0.44542980
-0.49878812
0.69326782
-2.15941131
1.81683313
9.85904878
-0.94347937
-2.31723815
-0.32766108
-2.98116617
7.63887967
-2.01353484
1.50476825
-0.00143908
-1.79139304
0.43991472
-3.29635903
7.69059650
-2.01899563
2.39972368
2.30706964
-5.17942281
-2.41818723
5.61628910
-1.12445367
4.34625289
-0.57917836
-2.98657346
-13.46302595
-3.02439951
11.44571954
9.02283613
0.00122509
-0.00159392
2.18924160
0.00499595
11.62864956
-3.05472998
1.76151539
-4.65343536
-21.33216402
1.51094193
0.07962354
10.35530303
