-5.25402366
-4.08691640
0.99397821
0.70003799
0.89418258
-0.75019769
-1.52943203
0.65977361
1.09217853
9.42813876
-3.28535987
-1.02742187
0.07945951
-8.56834242
-0.22112937
0.94793041
-1.83312147
-0.00312883
-2.30187073
2.97202003
-4.66421925
6.23710885
8.94093960
3.38783836
0.83712999
-4.67301497
-1.22479653
0.26563067
0.14997316
-4.63675753
0.00348062
-1.92073115
0.77754630
-0.27452591
-1.44811141
-1.99269479
-3.86829855
-7.38954929
0.00370430
-9.97717228
8.06478820
2.30246012
0.33677263
8.05623032
1.53701342
4.05312821
5.01288461
-8.66740829
-3.25992289
-1.46028583
0.28951152
-6.75335143
-1.86675400
-7.39997933
-7.62130542
-1.91088629
0.01176938
-0.98655744
5.71526718
0.85933122
-3.48290059
0.85924531
0.52897186
-2.38790244
0.51833579
1.72793926
-4.08438303
-1.46966105
5.36168844
-4.38520835
-12.62632197
0.15397395
-0.20991509
-1.22711880
-0.96660824
-1.88785980
8.67248929
-6.43280165
-1.64391624
0.05837923
3.22544255
7.03771282
-1.55275381
0.35519154
-4.24026420
1.23635956
8.04018146
-1.44578387
4.24141927
-3.03961145
-2.18934859
7.44542616
0.71428567
3.77732480
-0.00069415
-0.38138337
-0.10857442
-5.97030887
0.22113292
-1.17455514
0.83254217
-0.12787775
-6.18802383
0.20851956
-1.45057049
4.21821049
-0.94544002
-1.24254108
-4.54430191
9.87475178
9.00789453
-3.12846141
2.46861627
7.58707667
-0.33417863
1.37284811
-0.71378546
6.41032325
0.10643616
-0.23407281
0.58606733
0.19485899
5.67254235
0.09529884
2.49098648
-4.39047349
3.45259120
0.04375956
-0.31664225
7.66833426
2.22953095
3.26543760
-11.80012780
-2.34580541
-4.88079151
10.21148458
0.24679133
9.92018930
-2.83033802
-0.22307147
-4.47803355
2.58324869
-2.62167739
-4.09053135
-6.29912569
-0.16856539
-1.04141079
2.16933385
1.62141058
-0.69478858
2.15123776
0.86069393
-1.29258196
-7.62989675
-0.62218645
0.87908359
13.28802095
-0.09526871
2.10984333
1.43388333
6.09465706
-6.31905592
-3.75256126
-1.54564664
1.64678740
7.96695587
-0.10074358
3.28476125
-0.89017760
5.99218532
-3.23404127
-0.88700280
0.43056069
0.28275654
-11.48669711
1.13623940
1.61723208
-0.99439012
-0.07422413
1.07284265
-2.04451283
3.40442828
0.54614890
-1.52513917
-2.78168323
0.00096524
3.67441811
8.55950468
-2.47700369
-2.36279086
-3.15245444
-0.32391668
6.14195837
-3.41752056
-0.08074684
-0.59301180
0.16668133
0.25398126
-0.55295017
-2.03461405
0.47630100
-0.00233793
-0.96340049
-0.50321738
6.00388577
2.80054908
-2.15823795
-9.17604394
-0.03227935
-4.23744177
0.09290036
-1.15570721
-6.28108774
-8.20150747
0.27787588
2.78241530
-0.03191737
-0.21073671
-0.42569856
8.71527041
-0.97284567
0.49653940
3.93304972
5.54032678
1.26120131
0.03248336
-4.52451372
4.99521083
-1.40642387
0.14996885
-0.42038560
0.46859069
-0.04948464
-2.18188281
-1.59643592
-2.76810622
1.96386196
10.88051373
3.07502302
1.07144018
-0.07631736
-2.00382250
-7.60388458
0.90468659
0.57485587
-2.84133480
1.26890672
0.51936771
3.40942064
-1.67309987
-1.98683068
0.98579789
0.17034908
-7.62765320
4.46606646
-1.55175876
1.10796949
-0.82573403
0.41880680
8.11381604
0.93744226
0.32241920
-3.51439335
-2.40560601
5.16588466
-0.37954773
0.45846046
0.47668794
5.86274644
5.60303933
1.50540631
-9.57859977
-0.24912294
1.32882032
-5.79114937
5.41706488
-7.14807882
-11.38834334
-0.02961457
1.80264389
-6.23899384
-5.77903684
1.07356838
0.56020575
3.05419930
-5.91994884
-1.89256740
2.45420542
0.91082092
9.66726059
3.65832755
0.02847502
-0.47378508
1.26860589
-6.00186424
4.43688884
2.52328718
-2.88388962
5.58941974
3.52308753
2.19656570
-1.70403657
0.00314200
1.98352954
-2.35633093
0.19315518
3.87785474
-0.02339377
3.79186949
-3.15904729
2.30557133
0.75407169
-6.41430065
-10.12652454
-1.56643846
0.98536734
-2.77367621
-0.23044245
-4.41467316
-0.39896836
4.76398200
-9.43724179
2.02701986
3.86315662
2.78419320
0.19553650
-6.88419546
1.44053098
2.18604217
-8.53227409
-1.49162592
1.50522122
3.24077636
-9.01689385
3.91537108
-8.12842361
0.60070057
0.52012915
-1.48386428
-1.50010700
3.25564693
2.38607495
-1.00639573
5.56538455
5.17732702
1.53784480
0.00110866
-1.13300763
-2.52378556
0.10538771
-2.35123885
2.27295315
-1.06429477
-3.70133692
3.56379887
-9.74159545
-0.98862166
-1.01023848
-0.54244012
-2.08239934
-0.00525770
3.76289978
-0.82160672
-4.22241754
-0.87231803
-0.97900013
-1.71083444
-6.43856490
-0.91777423
0.00649060
1.17298139
2.94342275
6.63698225
8.89049761
-1.68931688
3.01098067
7.91330486
-3.58205771
1.22314140
2.71854065
-0.07629398
4.25607488
-0.71752701
-2.15449019
2.01572997
2.64473514
3.70067356
4.54885139
0.00465719
0.09410859
0.50343692
0.00155877
5.18363216
-2.27733256
0.99827567
0.16354585
-7.81661469
2.83990981
0.00903825
5.46703690
-0.13601743
-1.02565667
-0.47443398
0.00088420
1.07437119
1.35112398
-1.54866126
0.50440656
-1.01894601
7.20312038
4.71461512
-2.89000499
-2.94995418
-4.03412920
0.66281521
0.31009386
