1.70363204
-2.79879500
0.44319253
1.67875520
-0.81812101
-0.82913054
-0.18390359
1.37026358
2.86508032
-12.34951933
-9.82566248
-1.87122797
-2.46011675
-7.34377964
-0.14869065
-0.38324563
-3.15451279
-0.02008530
-1.51867872
14.68149542
-11.95188755
5.06058662
23.31521234
-15.08518949
6.00805839
-1.81083738
-0.82575067
-2.50320690
-3.35361071
-9.73392768
0.00365046
-3.05422874
8.74232735
0.69744608
0.94750787
-5.49015168
-1.86982666
2.79225426
-0.13987002
-8.50079265
5.46162063
-7.86851719
-0.44407623
2.16755290
5.77260105
4.76814855
5.47495209
-10.33220235
-6.97052027
-5.80063453
-0.42919648
-5.25464660
0.81371708
-4.47208744
6.68152619
0.72497201
-0.14685652
-1.24188574
3.77950290
6.04649058
3.46728481
6.10212708
0.88182494
0.63714569
0.06824978
-0.04812406
-5.34780477
-0.79495468
5.59285710
-5.69463876
-5.72017851
0.26972252
-0.16822047
-2.22824837
4.19435049
-1.33114392
11.71852456
-3.42036603
0.65184145
0.09237442
4.45075480
15.14595873
-5.25934064
1.14110704
3.77144509
3.42010478
13.61873809
1.80511400
4.25916940
-0.22317508
-0.50117712
5.23332909
0.49680334
2.04872642
0.00321680
-5.77709126
-1.88684470
-35.77118478
-0.01012878
3.61913356
-0.77723731
1.94096049
-9.73962761
3.42856749
1.20927044
0.66708298
4.13161619
-1.59838389
0.52070407
4.73339904
21.75398309
-5.87963583
0.84625586
14.82421280
-0.46770852
0.84171893
-4.20885499
9.89254184
1.68648878
0.40859065
-0.71677280
-0.23563884
4.84916226
0.26072866
-2.70661325
-5.58066401
5.66420181
-11.22009539
-0.94872568
6.64429673
9.45939761
3.11057409
3.98856129
-2.47265741
-6.52160704
6.18966183
0.26509187
7.36726655
-7.19742803
-0.82209490
-8.09012382
0.21437386
-5.06321967
-6.03009724
-3.50558393
0.40659946
2.15742637
-4.62969580
0.39034688
-0.75158782
-2.64889220
1.11644457
-2.04731213
-14.05736802
1.08024556
0.62759761
8.53434107
-0.47641905
-7.08935408
-5.64101016
2.81427916
-4.04772391
-5.76754730
5.38884473
3.78768421
7.57542378
0.90101895
2.13633421
-0.77986440
3.95766207
-2.15279917
3.18498311
-0.35149961
1.68370331
-8.38377115
-0.80731185
2.00589144
2.13320336
-0.94733099
0.33194340
-2.38111944
2.28127417
-2.12688294
1.09575584
2.15730575
0.08210259
2.81961651
1.97575467
-3.09344108
5.04980365
-4.89959074
-0.36720144
3.41327208
0.25126439
0.00860222
-4.33961548
-4.96564931
-8.35520804
-28.66012757
-12.89714795
-0.38204829
0.37758017
3.40504317
0.54379332
-4.63570392
-1.78561145
0.05216937
-5.02628115
-0.76337754
-2.44927590
1.18394877
4.36247375
5.42757962
-4.49884761
0.74028731
2.35031766
-0.11912700
-1.68533193
6.37160620
13.14402012
1.53868017
28.66635384
8.71319318
7.79406765
-0.12847863
0.34204263
-10.74284576
2.89362923
-1.49437174
0.48930554
-0.33980091
-0.69012031
3.82689620
4.42560308
-1.56794756
-0.01651270
1.75137349
10.99508794
1.84547359
-1.12442901
-1.05263096
0.85227915
-11.83514931
-2.43944958
0.80093810
-0.91828707
0.61096757
1.02298453
-0.09255325
-0.41485322
-3.11401077
2.26331974
8.70500316
-6.95315458
7.58141324
-6.00498848
-0.46495396
-0.68586629
-0.74649838
3.89627571
1.57473691
0.02376629
-5.50971874
-5.15076169
4.88521986
-6.45795732
0.92896511
2.78499533
1.71256022
5.81886907
3.82670253
-6.39297725
-3.21267032
-2.72756981
-3.49287362
2.10565310
2.78692935
-23.51422163
-0.26155199
0.75201584
-11.65340951
-5.82183604
6.80882224
-1.36078289
4.45744420
-3.70088752
-1.32883053
-1.24848350
-8.92571563
5.90849094
-0.07180552
0.26012591
0.75640588
-0.28230284
-7.79760848
0.88372936
5.31397969
1.19969524
5.36449821
-9.26921320
2.25792791
-1.88807282
0.15442464
1.90657574
-2.47198668
4.43523974
6.93117679
-4.25155533
0.85243996
-4.45095180
1.96564172
1.26039475
-4.01836584
-11.27482182
-1.93340203
0.21594318
5.94342805
-3.37246639
-3.05754684
-1.68499270
1.62475374
-4.92570463
0.65369214
1.73344959
3.83368586
0.97588312
-9.79137085
-2.15007542
6.52090216
0.11060719
-2.36577803
0.75359662
1.82485498
-7.69815109
-1.32711349
-4.98336155
0.48830682
0.05758441
-1.85532173
-1.25387703
4.65824622
2.39280761
1.11886997
-2.52183717
6.51878944
0.88012240
0.49159808
-0.13245394
-2.51606506
5.75958114
-2.36300813
2.23581350
-0.19864413
-4.59976612
-4.55936951
9.65034097
0.15022614
-0.14915237
0.69740780
-2.37178137
-0.71730885
10.75996213
-1.06788364
-0.73942726
1.39751125
-7.02624069
8.72859022
-0.02799412
1.60645961
-0.03026019
0.83287380
2.26403129
-6.79645773
6.75839882
-1.90818274
-3.14989501
2.26872401
-0.22679381
-4.53504220
7.76542853
-0.82961105
4.13045710
-0.52256081
-4.27901063
-12.36972121
3.07844568
8.07768692
10.60806663
0.00158332
0.72394922
4.64614675
0.01194479
15.66827507
-3.32724783
6.90669080
-0.40043222
-32.78263251
34.23337132
1.21560010
2.06991121
