-3.43349437
-5.04728118
11.73697565
2.30955402
-11.60043794
10.08615364
0.11764263
7.70111179
9.06475271
5.89033896
2.42369128
-3.28509285
6.93221644
2.49115256
4.95603115
-7.57887764
-4.57006009
-2.77235751
5.47957440
-1.76872831
0.21484171
-7.90758342
-6.56622984
0.05547627
0.11036068
1.04700609
-5.38605696
10.20048728
4.81031800
-1.42410752
-3.20762706
1.79215703
2.79168488
12.88134702
-10.03174284
6.13779486
-5.59892915
-0.20384934
-11.63193572
-7.86442572
0.07229182
-4.25984216
-0.61176050
4.60817941
-8.34277308
6.36062943
9.55634311
5.07540160
2.13487571
-3.30651566
-5.80725170
-0.66961422
-4.54833621
-0.71328914
-2.68018603
-7.86360008
11.21286239
-9.62706761
-2.33877310
6.28239632
-5.12275757
5.64826716
-7.89966081
2.91727076
-0.48848118
0.84679043
1.96130491
-8.92242471
2.63156120
9.38570010
0.01333176
-5.93707591
-12.74508034
0.48417289
8.11804553
-10.76369335
8.42257086
-2.74408287
-10.35679271
-6.37535207
-1.88604436
-3.17508319
6.16870662
10.53930133
4.44294852
-3.82294008
7.47454976
2.06268534
5.07800707
-9.18931041
1.26431789
0.42614936
-9.76206037
5.27151264
-3.18791369
5.11300691
10.69457534
4.25721994
-12.30208661
-5.69259477
-10.41179567
11.03430856
3.33350147
7.33895767
-5.14071143
6.84419213
3.17989828
4.45005156
-3.62476841
0.39889173
-6.53357081
5.22505069
-8.38707567
-5.29080894
7.95094159
-11.18273494
6.58398264
1.25176679
6.42320002
-7.10196568
10.78539370
7.98190807
-0.38410766
8.56692727
-10.29961143
6.75724883
1.00844744
-2.27446801
12.85503390
-7.78535751
2.95023543
7.92096275
-6.54480037
-4.41325251
2.68237495
-0.66981122
-9.04666160
2.66354142
-7.67367953
11.10132095
-2.83861780
8.78454703
1.78448624
9.64900603
-2.16928251
-12.01132912
-10.58128597
-2.35246079
7.85534045
7.31954432
3.38533999
-4.05791832
-2.63839615
1.43234953
1.11242676
-9.90769626
-1.03390816
-6.00304718
9.14302135
6.64017995
-7.33496927
-7.78480439
3.03420308
-3.99312763
-3.86231458
-0.73374777
-6.69828292
4.88666785
11.48136591
-3.62131861
0.23872907
-4.31268978
1.21809626
-10.54850235
5.19490405
-2.08926667
3.74435039
4.90026691
-9.41006462
6.99247379
-3.05910150
-6.95334648
-0.79025553
-2.31762408
-10.19671785
0.06143882
-1.75980763
-6.62391126
-1.65648790
0.37880314
-9.34521500
0.19163851
0.36719700
-0.53763307
11.11820757
-2.24204883
-1.64046868
8.66887159
-7.69086030
3.20161870
-10.80041399
-11.71673631
9.50920200
12.03878010
3.59983948
4.12732279
10.25759323
7.69539777
-5.21771346
-6.85757328
8.64155313
8.64922185
5.17810626
2.60710507
2.35267158
-5.50296934
2.78133339
-4.79378388
2.46937283
-1.38178857
-8.64759197
-7.83211184
6.59275485
3.84361056
-7.03933792
-8.12294477
-4.21261429
-3.71987951
5.85763943
9.11444781
-10.19449567
-10.72527153
5.90091451
5.66195199
3.86659832
1.33366319
3.79746107
5.16173437
-4.76472523
-6.09117862
10.30624228
10.67619433
6.96794577
7.49941590
-1.59355738
-1.76509500
9.20465171
7.28406408
-9.62799683
-8.87651692
8.94679906
6.04562210
-0.26700543
-0.95232482
2.14895521
-3.57191967
12.58730403
11.91049134
-8.99518205
-6.63337497
1.60900364
4.29894499
9.14606528
8.18525938
-4.86866209
-5.47782874
-6.82873826
-4.73401771
4.13121449
2.84344579
1.62499518
-0.87646947
-8.73396342
-9.96333945
1.40802434
-5.52387882
3.70499596
-6.55473943
12.20305253
9.79434306
-1.98830227
-1.59557230
10.24468633
9.64384404
0.49078483
0.33151030
11.70962174
10.61375280
-1.34091693
-3.24920982
-9.84495572
-11.52184118
-12.04460704
-11.81316733
-1.35691750
-3.50240781
6.96397229
8.38536048
4.79298126
5.78991262
6.24579007
4.27768726
-5.19626185
-5.47962734
-3.64684898
-2.43992777
1.25909115
0.27618174
1.66091876
1.70198289
-8.43348240
-8.95049172
0.51517182
-0.27914291
-4.04019936
-4.90674664
6.24423171
8.00459305
5.51197315
6.21718640
-6.16250470
-6.86068547
-8.23027373
-7.08731140
3.21107444
4.10808015
-4.72948673
-2.92485548
-1.72511380
0.50404217
-3.69627227
-0.05904203
-4.66453092
-5.53929705
5.30746234
3.80979948
10.08857283
11.74346548
-1.66290842
-3.74484408
1.57309485
0.84183961
-4.28063163
-4.34525871
1.55954409
2.24884716
-12.60252304
-9.94940412
6.82385429
5.44223056
-3.21404085
-2.92151530
3.33892759
4.19575731
3.73060854
5.97056344
-7.29375574
-8.36355067
7.17276066
7.92675608
-2.43079410
-2.47547524
-8.78758763
-7.82002108
-0.73032269
-1.72081901
-4.27164918
-3.32914846
-11.10698301
-11.22706105
-1.04873642
0.51949875
-2.69923465
-2.72393963
-8.91421935
-7.52741320
-0.72054714
-2.27646347
2.01258630
1.37718905
-11.38624671
-9.87657041
-1.37986179
0.91323695
0.09855599
-0.67617908
-0.84916120
-1.47057909
11.59201639
10.10562298
-2.28248052
-2.05188845
-0.72247140
-0.78264368
9.12712607
8.64674945
-6.15475882
4.46203087
-7.17006634
3.50045199
-12.58121665
-10.89397969
-11.76550897
-12.72326301
10.19823071
11.27960828
10.46774523
12.65614345
3.60090631
2.77376668
4.23416728
4.48146304
9.26492756
8.31879094
9.42116921
7.18071556
-6.53247921
-5.50380792
-6.08227437
-6.05026691
6.94416837
7.71179262
8.55586757
7.75972917
6.16365207
4.14813318
4.61218917
3.47532060
2.46566927
-6.86447916
3.46478984
-3.59591345
2.84277627
-6.03720027
3.75884127
-4.53954637
