-3.42244450
-5.03761639
11.68750919
2.28366480
-11.57712951
10.00436097
0.14539682
7.62207209
9.04174037
5.92624171
2.42955345
-3.25523007
7.06467544
2.49317690
4.93772478
-7.49351463
-4.51331725
-2.79169315
5.42372444
-1.76084180
0.22897234
-7.82948509
-6.52510199
0.07669733
0.08944550
1.06724953
-5.33922602
10.20068532
4.68940442
-1.38138536
-3.24122768
1.78808355
2.75013488
12.81379500
-9.95665242
6.07282910
-5.53408891
-0.20310655
-11.62455050
-7.82896302
0.11003232
-4.21327582
-0.57968532
4.60785129
-8.32218387
6.32011623
9.50588985
5.04679695
2.12733062
-3.27572140
-5.73045333
-0.65859997
-4.52092550
-0.70562075
-2.63891411
-7.82335490
11.13962874
-9.54575659
-2.35701746
6.25732363
-5.10272307
5.61568077
-7.84133939
2.84014876
-0.51146391
0.80662076
1.90592875
-8.89895793
2.66095056
9.34255045
0.00698471
-5.94334985
-12.68794190
0.48981555
8.05122115
-10.69108550
8.38246083
-2.71729060
-10.33603161
-6.33460382
-1.89087529
-3.15957011
6.17766301
10.49433052
4.43499662
-3.87894830
7.45844651
2.00969663
5.05066368
-9.14275892
1.29183576
0.42780360
-9.71618878
5.27382848
-3.16601338
5.08251884
10.68269589
4.29019575
-12.29045276
-5.65488856
-10.36219271
11.02924584
3.28009818
7.32448492
-5.09266893
6.79459498
3.12122951
4.38637377
-3.55074251
0.39478778
-6.51743325
5.22896267
-8.34367842
-5.27163013
7.86225944
-11.12658660
6.56454372
1.24779045
6.34284227
-7.06083807
10.73787341
7.94440279
-0.41348805
8.52998202
-10.24419579
6.68180142
1.00065375
-2.23783365
12.80360010
-7.73798069
2.94131216
7.90407222
-6.50697761
-4.44003834
2.67394147
-0.67339087
-8.99866469
2.56330551
-7.62487679
11.05265844
-2.83266429
8.75979043
1.73388101
9.59484213
-2.12761031
-11.92811046
-10.50903295
-2.31848721
7.82888291
7.29084896
3.39082874
-4.04377260
-2.65823419
1.43993373
1.09206637
-9.82263529
-1.02844470
-5.99018266
9.13676262
6.57228247
-7.27064464
-7.70818661
3.02118942
-3.97074570
-3.86630024
-0.72550655
-6.64340467
4.82293968
11.43625427
-3.62301632
0.20633100
-4.27845236
1.18354269
-10.53436046
5.15531986
-2.11205245
3.70320795
4.86193614
-9.38741954
6.97755333
-3.03005387
-6.91811968
-0.75875940
-2.28081947
-10.14472487
0.09222233
-1.77459918
-6.58961938
-1.64279329
0.41177416
-9.32346070
0.18671195
0.35009978
-0.51949767
11.06368623
-2.23771213
-1.66533668
8.55941467
-7.66352378
3.15538152
-10.76188515
-11.69408177
9.45310070
12.02524760
3.65506618
4.09658122
10.19306358
7.60389128
-5.16081706
-6.86143441
8.66821286
8.59225187
5.16045796
2.54345074
2.35728427
-5.43520155
2.77857102
-4.80620781
2.52012695
-1.33823176
-8.60617207
-7.78337345
6.58421459
3.82291008
-6.97947537
-8.06279164
-4.19140717
-3.69855460
5.86625403
9.04517447
-10.11656981
-10.64443908
5.87252638
5.65493748
3.80034232
1.33785315
3.79246479
5.08901707
-4.75683974
-6.08191889
10.26480604
10.61060847
6.96614773
7.49056112
-1.61334977
-1.78736124
9.16437090
7.24950384
-9.59258720
-8.82492506
8.86308043
6.02434386
-0.23337230
-0.94603684
2.16343725
-3.54585856
12.51426986
11.83723196
-8.94639800
-6.61759870
1.60156244
4.29120904
9.13637109
8.13729796
-4.83782015
-5.45048153
-6.74836223
-4.68736592
4.06888246
2.78846353
1.58377395
-0.90219168
-8.65135307
-9.94074625
1.36040576
-5.49044824
3.68913781
-6.51625452
12.12576855
9.75429382
-1.95423044
-1.58727895
10.19439697
9.60476978
0.45037299
0.30618427
11.63522391
10.56512108
-1.33609067
-3.20118670
-9.78294888
-11.46697546
-11.96055346
-11.72423870
-1.34133982
-3.45238015
6.95219722
8.35213657
4.77979047
5.77215470
6.22604555
4.25249734
-5.19815196
-5.44833567
-3.63109101
-2.44240761
1.27321695
0.28215957
1.67260373
1.68319697
-8.37095159
-8.86702429
0.52685788
-0.29066516
-4.02643800
-4.90510599
6.18714280
8.01242622
5.49618737
6.21130744
-6.08857012
-6.80845068
-8.17832291
-7.06328462
3.20650113
4.07512787
-4.71320445
-2.91721608
-1.72557506
0.50149731
-3.70740984
-0.01691028
-4.63089953
-5.49396737
5.30794028
3.76314447
10.07236179
11.67704136
-1.67034501
-3.72244775
1.56900826
0.80311797
-4.24669441
-4.32036515
1.53639400
2.26594253
-12.56431470
-9.89535785
6.75522689
5.42357275
-3.25255125
-2.91326789
3.34705076
4.21847973
3.61742827
5.88613057
-7.28147790
-8.34393659
7.11318814
7.90486405
-2.41693416
-2.47463230
-8.77262688
-7.80324158
-0.74260172
-1.68347690
-4.20438565
-3.27471592
-11.08489806
-11.16428971
-1.07499744
0.49386456
-2.66468421
-2.66986207
-8.83742007
-7.48993068
-0.70611234
-2.23590342
1.99153554
1.38240885
-11.35846309
-9.84524321
-1.34019504
0.85988930
0.07861708
-0.69307080
-0.85735506
-1.42990886
11.58020678
10.05703893
-2.26621350
-2.05835400
-0.69687233
-0.78584559
9.08420527
8.62219216
-6.13164918
4.42899570
-7.14090210
3.49293232
-12.53743795
-10.85841204
-11.72118896
-12.69912623
10.16219775
11.23121124
10.42244736
12.64279274
3.58561607
2.73596168
4.24833288
4.46288202
9.21862264
8.28053080
9.33531744
7.04057280
-6.45158697
-5.48892975
-6.00085897
-5.99701698
6.92315245
7.69315180
8.50052595
7.70848147
6.01960536
4.04225430
4.56256679
3.46048040
2.48362029
-6.88170670
3.48880064
-3.55788313
2.73950740
-6.00743954
3.74757055
-4.42303059
