-3.45307445
-5.06253173
11.77239784
2.31793943
-11.62924485
10.15429317
0.11151757
7.75570267
9.09049341
5.89801090
2.43111142
-3.31751059
6.92694369
2.49189685
4.97688817
-7.65591312
-4.61869173
-2.76645203
5.51756411
-1.77085939
0.22700749
-7.95006208
-6.60859200
0.06521402
0.12201213
1.05381163
-5.44281472
10.21644788
4.84038864
-1.45903750
-3.18666601
1.81462935
2.84652371
12.93568881
-10.10478520
6.17731400
-5.65754880
-0.16741788
-11.63800447
-7.89613194
0.06443596
-4.28029636
-0.63517722
4.63911918
-8.36386295
6.39373724
9.57990670
5.10023375
2.15052528
-3.32994249
-5.87620199
-0.67631763
-4.60461258
-0.73305779
-2.78383045
-7.88133922
11.27586616
-9.68979038
-2.32955428
6.29906650
-5.14194418
5.65965928
-7.90088896
2.98229283
-0.46581140
0.83113270
2.11463056
-8.96626799
2.59922894
9.42194010
0.01759017
-5.95975862
-12.82196526
0.48653870
8.16394406
-10.83606211
8.47375459
-2.78007765
-10.37870638
-6.39833915
-1.95856092
-3.20992010
6.16250576
10.57512565
4.50192352
-3.74707997
7.51289812
2.10533421
5.09733376
-9.11209834
1.54374708
0.36181611
-9.80479213
5.28453553
-3.20819920
5.13616692
10.71966616
4.22256177
-12.31772912
-5.73249552
-10.46665955
11.06457001
3.45904664
7.37357338
-5.20023871
6.89487922
3.22221600
4.45551200
-3.69247118
-0.14594500
-6.78044020
5.24523868
-8.43536777
-5.26311002
8.00992407
-11.23664478
6.60190348
1.26235916
6.51988166
-7.14226180
10.81329024
7.98773606
-0.36615120
8.59868975
-10.35422075
6.79806447
1.04043474
-2.31607286
12.89305097
-7.83445191
2.95865485
7.94361815
-6.59963163
-4.40979980
2.70191539
-0.70183369
-9.09333224
2.71198192
-7.72821560
11.14705897
-2.86809204
8.80366051
1.81393888
9.68074277
-2.18979745
-12.09725950
-10.65149423
-2.38228042
7.87369025
7.37050579
3.40893899
-4.07697434
-2.63446693
1.42417591
1.10632578
-9.96475812
-1.08484477
-6.01630281
9.17951006
6.71253104
-7.37237865
-7.82536932
3.06823915
-4.01001980
-3.86651274
-0.72862388
-6.72472928
4.93169141
11.52277892
-3.64192044
0.27101765
-4.34447662
1.23162218
-10.56659626
5.21682222
-2.07653953
3.75781844
4.89842281
-9.43665820
7.00883810
-3.08055026
-6.99377484
-0.79183754
-2.33972669
-10.24489328
0.03291587
-1.75122142
-6.67034091
-1.65499259
0.36128132
-9.36979971
0.19432433
0.37281370
-0.54898174
11.16930095
-2.25833248
-1.63566957
8.72982520
-7.89977778
3.24137258
-10.83899197
-11.73748688
9.57632348
12.06222395
3.50573078
4.20797429
10.29351503
7.75727868
-5.26523942
-6.88062416
8.65429253
8.67855783
5.20336563
2.64012411
2.35773938
-5.56031365
2.79200011
-4.81766599
2.02660472
-0.93948573
-8.53077788
-7.70849862
6.60280916
3.84701875
-7.08391019
-8.16732238
-4.24084075
-3.76419657
5.87906742
9.16529900
-10.24316977
-10.79760205
5.92600938
5.67131012
3.92583703
1.35902910
3.81412259
5.23220336
-4.78878534
-6.11606431
10.34229500
10.69980940
6.98423831
7.50723216
-1.57576364
-1.74525661
9.23406083
7.31194888
-9.66221184
-8.93394220
9.00409649
6.06658729
-0.29327600
-0.97879109
2.15174561
-3.61148341
12.64558332
11.94076775
-9.04454221
-6.65402172
1.61756690
4.30203120
9.17007852
8.22213785
-4.93423768
-5.52003576
-6.88520916
-4.76476395
4.18197742
2.88412085
1.65148188
-0.86052766
-8.81049157
-9.99897885
1.42000004
-5.56016823
3.71229503
-6.59943554
12.26858442
9.83231731
-2.03757987
-1.58209308
10.28725045
9.66994788
0.52757769
0.36768793
11.76956064
10.65174620
-1.35513515
-3.31411623
-9.90616902
-11.59326552
-12.11580512
-11.89262866
-1.36751978
-3.53262197
6.97290893
8.40516621
4.79945715
5.84944635
6.27952430
4.29689430
-5.18464687
-5.50765827
-3.66600232
-2.44615639
1.26114034
0.26977931
1.63033251
1.93995806
-8.48641205
-9.00452571
0.50758057
-0.41011516
-4.05762662
-4.90561131
6.27779086
8.02194565
5.54178651
6.25861843
-6.18630700
-6.90232289
-8.28180842
-7.12431325
3.22598534
4.14485440
-4.76198308
-2.92708490
-1.72366263
0.40335873
-3.71228940
0.10541766
-4.63844459
-5.55767160
5.29807583
3.84070494
10.11476287
11.77255246
-1.66548376
-3.79704098
1.58087543
0.87603725
-4.33535664
-4.36844498
1.57564053
2.29963439
-12.64390006
-10.00679534
6.89378349
5.46507546
-3.20113571
-2.93243539
3.34933553
4.19447602
3.74215766
5.97037498
-7.31899985
-8.39109964
7.21828432
7.94790762
-2.44151073
-2.46041741
-8.81680753
-7.86480754
-0.72841168
-1.72720959
-4.31496406
-3.37396999
-11.12594577
-11.28617872
-1.02987580
0.54496342
-2.69320326
-2.77561804
-9.03454253
-7.53931531
-0.74995073
-2.33978862
2.07470468
1.39051297
-11.41619976
-9.96363415
-1.40266606
0.93887119
0.14180968
-0.66029417
-0.81524539
-1.48610118
11.62027939
10.14927633
-2.29856190
-2.04337055
-0.70697638
-0.76870585
9.17220566
8.68783822
-6.18659571
4.48348184
-7.19701231
3.50106194
-12.62568580
-10.93078447
-11.81258963
-12.74617468
10.23537437
11.34423967
10.51900783
12.67121775
3.73543431
2.97221091
4.26369295
4.51249829
9.31647311
8.36273734
9.45852832
7.23329011
-6.60724159
-5.52592928
-6.13669414
-6.09185720
6.97591172
7.74380570
8.61532570
7.80288894
6.21400642
4.20068387
4.59329473
3.50788377
2.45863306
-6.88228240
3.45974313
-3.58977814
2.87404945
-6.06808208
3.77605335
-4.60849218
1.05988925
0.87448299
2.84299555
-1.77899649
-9.45264535
-6.13274306
-8.75042570
-8.08568972
