-3.46924081
-5.07491714
11.78857686
2.32376001
-11.67469234
10.18200399
0.10904819
7.77603739
9.10378808
5.90531461
2.43273533
-3.32926698
6.92706269
2.48060574
4.98887161
-7.68481363
-4.63677715
-2.76691777
5.53548918
-1.77698286
0.23610080
-7.97446774
-6.60053889
0.07151723
0.12829767
1.05584592
-5.46408505
10.23062328
4.85221941
-1.46337406
-3.19036184
1.82577792
2.88332206
12.96108368
-10.13780542
6.19910863
-5.67663781
-0.16706051
-11.64035692
-7.91552614
0.04164727
-4.30072310
-0.64757066
4.65498302
-8.42113953
6.41223137
9.58669375
5.11130945
2.16227724
-3.34337132
-5.90650785
-0.66950890
-4.59941163
-0.74584109
-2.74534621
-7.89651423
11.30244234
-9.69706977
-2.32968085
6.30590315
-5.19193020
5.66942194
-7.98871939
2.99257585
-0.45665612
0.81286817
2.12875645
-9.00081860
2.57457382
9.44336650
0.03195230
-5.97545465
-12.85678105
0.48974468
8.17807936
-10.87251281
8.50365888
-2.78494505
-10.39609209
-6.41402645
-1.94490674
-3.18226759
6.16503606
10.59143311
4.51624100
-3.72290396
7.53184246
2.12608128
5.09898379
-9.09470038
1.65662489
0.34372220
-9.82874663
5.25888655
-3.21851213
5.14626892
10.73390494
4.21699711
-12.32385286
-5.73048002
-10.49131523
11.08771388
3.49894851
7.38997821
-5.22184880
6.92414974
3.22698076
4.45570541
-3.70100810
-0.05631814
-6.89805775
5.24914753
-8.46248020
-5.25129742
8.03774530
-11.27373591
6.60850185
1.26890634
6.57313667
-7.16119666
10.82637384
7.99206663
-0.36335438
8.61525446
-10.38310139
6.82003922
1.04804582
-2.30261789
12.91133321
-7.86161570
2.96349533
7.95482338
-6.57368258
-4.41503506
2.70405905
-0.70225433
-9.11693993
2.70648583
-7.71967538
11.16813113
-2.87869453
8.81181184
1.82323722
9.69590599
-2.21051434
-12.14882231
-10.67901759
-2.38958409
7.88495773
7.39582000
3.42509236
-4.08802702
-2.63851458
1.42490210
1.11198390
-9.99931943
-1.09808207
-6.02744582
9.19969661
6.73900880
-7.34529608
-7.82013177
3.08896535
-4.03241241
-3.87527123
-0.70292178
-6.73158070
4.94493743
11.54035011
-3.65208730
0.28397777
-4.36089197
1.21685714
-10.60190221
5.23092893
-2.07172004
3.76474468
4.89057219
-9.45136065
7.01514838
-3.08916719
-7.01587466
-0.78728418
-2.34455977
-10.26932947
0.01974359
-1.75021427
-6.67905633
-1.67004915
0.35966267
-9.38023142
0.19356928
0.37141020
-0.55317383
11.20133609
-2.26361838
-1.63315018
8.75638635
-7.94147951
3.25951335
-10.86969154
-11.75284861
9.61213507
12.08615664
3.46122683
4.20208137
10.30566085
7.78884220
-5.29039594
-6.89764951
8.66860312
8.69009066
5.20852106
2.65014587
2.35965973
-5.57238240
2.80576149
-4.83164905
2.05336941
-0.89313952
-8.62630438
-7.42539798
6.60965727
3.86134626
-7.10898011
-8.18640665
-4.20792092
-3.78276773
5.88817335
9.18909168
-10.27377435
-10.86448463
5.93813499
5.68088357
3.96229250
1.37567211
3.82084493
5.27299478
-4.80212128
-6.13175683
10.35768051
10.70955442
6.99792359
7.51238372
-1.56802509
-1.74126798
9.24712299
7.32659781
-9.73930880
-8.95474661
9.02705061
6.07757806
-0.29777605
-0.96906957
2.14699176
-3.61375055
12.67586239
11.95471036
-9.06664807
-6.66575844
1.62243684
4.30278540
9.18514963
8.24557794
-4.93565187
-5.52045806
-6.90865850
-4.77448396
4.20225022
2.89763675
1.66714073
-0.84168926
-8.84270293
-10.02683264
1.42125611
-5.56789086
3.71174483
-6.60379547
12.30084736
9.85319904
-2.04554143
-1.58087307
10.31150788
9.68019573
0.53331003
0.37558310
11.79739335
10.66883126
-1.35604444
-3.33598291
-9.96333521
-11.61513077
-12.15681142
-11.91565458
-1.37208674
-3.54303167
6.98183156
8.41211990
4.80226519
5.88211765
6.29633757
4.30717530
-5.17842899
-5.52619284
-3.67769081
-2.45078390
1.26162487
0.26799159
1.61372282
2.01046325
-8.54943830
-9.02423285
0.49521597
-0.39302764
-4.06820029
-4.90886511
6.29245142
8.03263463
5.56119524
6.27044280
-6.21741140
-6.92832111
-8.27833254
-7.13048158
3.23200548
4.16530015
-4.80256295
-2.93748962
-1.72258522
0.42643156
-3.72071554
0.11309744
-4.63533657
-5.55870143
5.29685700
3.85123916
10.13267953
11.78473226
-1.66797420
-3.80855201
1.58624286
0.89292306
-4.35317460
-4.38298823
1.53065998
2.29889267
-12.69034188
-10.02785229
6.92304294
5.47784405
-3.20099946
-2.93991617
3.36055611
4.19875166
3.75125416
5.96615010
-7.33645717
-8.40819882
7.24411834
7.95946136
-2.45244333
-2.45671558
-8.84273175
-7.89033784
-0.72588763
-1.72806018
-4.33704105
-3.39558261
-11.13436329
-11.31572816
-1.02226717
0.55683404
-2.71221743
-2.77993564
-9.20199024
-7.59065013
-0.76414074
-2.35822677
2.12085875
1.40113381
-11.43449485
-9.92539764
-1.40753338
0.94800404
0.16110001
-0.66207129
-0.80328274
-1.49056865
11.63762253
10.17838946
-2.30854306
-2.03906206
-0.70076455
-0.76258874
9.19564486
8.69998285
-6.25143004
4.49110606
-7.27299347
3.50013315
-12.65532056
-10.96346245
-11.86807631
-12.76331852
10.25771816
11.37836184
10.54615267
12.68258599
3.74502619
3.04207111
4.25071633
4.51908192
9.34323164
8.38357331
9.47007369
7.22565663
-6.63438786
-5.53765156
-6.16254578
-6.11731164
6.99093227
7.76547537
8.64677001
7.81985024
6.20648991
4.20208858
4.57543460
3.48737327
2.45503942
-6.89431885
3.45735665
-3.59250954
2.89018063
-6.05896766
3.79192712
-4.62298252
1.10543657
0.95539166
2.82999225
-1.73008577
-9.53505614
-6.00552297
-8.79576032
-8.16147104
