-3.42934372
-5.04215192
11.71681156
2.30517486
-11.58843561
10.04472013
0.12303941
7.66615362
9.05388880
5.90414328
2.42182643
-3.26936664
6.97292884
2.49020162
4.94205575
-7.53623314
-4.54197282
-2.78129332
5.45909453
-1.76924079
0.22139545
-7.87016658
-6.54592686
0.05630286
0.10351389
1.05283986
-5.36122199
10.20177260
4.74999278
-1.40130518
-3.22395398
1.78293709
2.77091560
12.85027143
-9.99620556
6.11317054
-5.56675050
-0.20741678
-11.62839079
-7.84636443
0.07376214
-4.23645293
-0.59932646
4.60398590
-8.33124630
6.34167235
9.53483042
5.06253662
2.12800451
-3.29202839
-5.77017301
-0.66432618
-4.53366651
-0.70751564
-2.66232045
-7.84947244
11.17869789
-9.58720798
-2.34772615
6.27084999
-5.11372896
5.63092170
-7.86978417
2.87760360
-0.49962619
0.83006846
1.93383092
-8.91534732
2.64172435
9.36465422
0.01302898
-5.93500748
-12.71504563
0.48678302
8.09034535
-10.72618519
8.39841973
-2.72450121
-10.34523801
-6.36111647
-1.88324041
-3.16470539
6.17526760
10.51885227
4.43873105
-3.86051707
7.46264971
2.03662638
5.06421287
-9.16573949
1.26987219
0.42899138
-9.74257474
5.26634710
-3.17779141
5.09858693
10.68539894
4.27406490
-12.29538160
-5.67670451
-10.38711393
11.03360370
3.30061508
7.33314745
-5.11296978
6.81608899
3.14001245
4.44259797
-3.58155155
0.39685415
-6.52580537
5.22948777
-8.36614347
-5.27831309
7.91518720
-11.15937070
6.57371094
1.24891141
6.37750526
-7.08147287
10.76971307
7.97017664
-0.39861279
8.54882476
-10.27176987
6.72680783
1.00076050
-2.25361569
12.83268425
-7.76060308
2.94577504
7.91178775
-6.52475925
-4.42387944
2.67790778
-0.66235950
-9.02277791
2.61303700
-7.64896746
11.08100250
-2.83394931
8.77317403
1.76416321
9.63026302
-2.14805790
-11.96794102
-10.54644828
-2.33542819
7.84420086
7.30199649
3.38286071
-4.04930584
-2.64916325
1.43778313
1.10685770
-9.87018883
-1.02064554
-5.99671073
9.14021952
6.60733797
-7.30485379
-7.75799961
3.02398646
-3.98295608
-3.86401773
-0.73108400
-6.68283487
4.85543770
11.45914038
-3.61885167
0.22365355
-4.29532170
1.19874235
-10.54122850
5.18094125
-2.09963862
3.72948408
4.87663973
-9.39858763
6.98463779
-3.04605871
-6.93622537
-0.77960671
-2.30055881
-10.17119703
0.07676430
-1.76056235
-6.60398592
-1.64563876
0.39138380
-9.33336954
0.18519513
0.35566549
-0.52786121
11.09555420
-2.23974903
-1.64464771
8.61992319
-7.67860919
3.17849951
-10.78023275
-11.70639628
9.47959807
12.03419086
3.62470373
4.10670630
10.22736106
7.65418868
-5.19268654
-6.85698920
8.65272115
8.62562301
5.16384186
2.58069409
2.35036920
-5.46029600
2.78031597
-4.79520828
2.48194139
-1.35534649
-8.62613016
-7.80718111
6.58482275
3.82988966
-7.01722221
-8.09561543
-4.19901217
-3.70996993
5.86025232
9.08351139
-10.16281805
-10.68569698
5.88609765
5.65709159
3.83882464
1.32950692
3.78930479
5.13044641
-4.75942403
-6.08485336
10.28642743
10.65277363
6.97371820
7.49425317
-1.60299350
-1.77624335
9.18646315
7.26733189
-9.60987725
-8.84949449
8.90737311
6.03609959
-0.24951790
-0.94858226
2.15681359
-3.55836317
12.55463829
11.88567817
-8.97045659
-6.62413988
1.60524093
4.29572064
9.13781172
8.16528745
-4.85592111
-5.46138535
-6.79021409
-4.70761450
4.09986055
2.81712469
1.60586734
-0.87994708
-8.69351935
-9.95520109
1.38158819
-5.50729409
3.69787819
-6.53424861
12.16794187
9.77891256
-1.97639035
-1.58958378
10.22154576
9.62660153
0.47543155
0.31612499
11.67658987
10.59032855
-1.34047534
-3.22195986
-9.81181152
-11.48578520
-12.00402711
-11.76941464
-1.34717907
-3.48080505
6.96002316
8.37130651
4.78338972
5.77099400
6.23273112
4.26327076
-5.19829351
-5.46860242
-3.63992050
-2.44419362
1.25859922
0.27947160
1.66245295
1.69545139
-8.40092702
-8.91863936
0.52092941
-0.28438617
-4.03279293
-4.90635542
6.22000176
8.00555745
5.51709422
6.20981826
-6.14021867
-6.83595915
-8.20250851
-7.07671340
3.20715632
4.08977652
-4.71926268
-2.92501520
-1.72737555
0.50325151
-3.70033653
-0.04286124
-4.66778683
-5.51906368
5.30988422
3.78758715
10.08160851
11.71815258
-1.66713385
-3.73086204
1.57087971
0.82271670
-4.26027414
-4.33370116
1.53380647
2.24787261
-12.58282097
-9.92153022
6.78479735
5.42923156
-3.22453410
-2.91612563
3.34205727
4.20735064
3.67613317
5.93527835
-7.28650575
-8.35296511
7.14621041
7.91683309
-2.42448589
-2.47496491
-8.78278554
-7.81272434
-0.73098676
-1.71413127
-4.24168730
-3.30287994
-11.09575899
-11.19594733
-1.06044336
0.50679417
-2.68916594
-2.69394600
-8.87605217
-7.50586337
-0.71404507
-2.25391065
1.99393002
1.37507580
-11.37123522
-9.86190854
-1.36200784
0.89508633
0.08274891
-0.68782108
-0.85812597
-1.45602141
11.58131733
10.08623602
-2.27290531
-2.05550431
-0.72331146
-0.78636453
9.11210402
8.63526777
-6.14476179
4.44521742
-7.15697474
3.49712458
-12.55880378
-10.87660894
-11.74267949
-12.71206931
10.18185261
11.25234112
10.44368679
12.65063000
3.59155989
2.75545779
4.22434069
4.47335270
9.24125697
8.30107268
9.38134418
7.12646083
-6.49157746
-5.49546608
-6.04272107
-6.02173071
6.94470769
7.70397582
8.52935720
7.73329506
6.10783602
4.10128801
4.59432767
3.45503909
2.47235330
-6.86813319
3.47080580
-3.58040967
2.82220775
-6.01861583
3.75409925
-4.48237754
