-3.48245759
-5.08825696
11.80517756
2.32377912
-11.71044110
10.20718335
0.10780961
7.79423682
9.11646776
5.91263985
2.43360659
-3.33976283
6.93171790
2.46894819
5.00079671
-7.70970448
-4.65114360
-2.76933854
5.55257942
-1.78222475
0.24032094
-8.00335641
-6.60620826
0.08136804
0.13270039
1.05776057
-5.48182628
10.24645381
4.86213978
-1.46475498
-3.19386319
1.83798296
2.92137642
12.98592050
-10.17116977
6.22039467
-5.69165407
-0.17292646
-11.64127022
-7.93585276
0.03787335
-4.32274726
-0.66085811
4.66075686
-8.43009684
6.43008419
9.60085634
5.12243255
2.17125196
-3.36009333
-5.93530071
-0.66113642
-4.59600080
-0.75672373
-2.72058138
-7.90816259
11.32714001
-9.73254450
-2.32742015
6.31580300
-5.21447127
5.18223668
-8.03677304
2.99208574
-0.45087173
0.79164543
2.14096856
-9.02809243
2.57085638
9.47946202
0.05053456
-5.98584191
-12.88745974
0.49841310
8.25482817
-10.91880210
8.51788532
-2.79055633
-10.41959947
-6.42887488
-1.93861398
-3.19335264
6.20841144
10.60692674
4.53175331
-3.69619805
7.55456398
2.14737141
5.10152992
-9.10558464
1.74088458
0.32970641
-9.85799225
5.23190995
-3.22864646
5.16229041
10.74769603
4.21859951
-12.34099555
-5.74886006
-10.51846827
11.11266616
3.38680946
7.40628280
-5.24012267
6.94662701
3.23336761
4.45518749
-3.71454118
0.00989873
-6.92092864
5.18154504
-8.49203595
-5.26813762
8.06453982
-11.30623214
6.61294797
1.27404063
6.62804546
-7.18021084
10.84004434
8.11723203
-0.36027619
8.63218554
-10.40868365
6.84172465
1.06109166
-2.28691796
12.92910913
-7.88511768
2.96890938
7.96344606
-6.56390889
-4.42029864
2.69320323
-0.70278751
-9.13922881
2.70281926
-7.73474390
11.18603018
-2.88100206
8.83387475
1.82509902
9.71170517
-2.22725429
-12.20309742
-10.69027099
-2.39337973
7.89451844
7.42012123
3.43620356
-4.09446962
-2.64178338
1.43536040
1.12026892
-10.03128945
-1.10210208
-6.03963733
9.22216591
6.75868711
-7.37204806
-7.84297537
3.11768994
-4.04838364
-3.88688090
-0.69050171
-6.74040681
4.91653491
11.55645161
-3.65543725
0.29356164
-4.38173380
1.20012386
-10.63414220
5.24569815
-2.06519973
3.77161462
4.88481152
-9.46668904
7.01994118
-3.09889100
-7.02917356
-0.78279899
-2.34457358
-10.29499250
0.00815274
-1.75115880
-6.70064490
-1.68048885
0.36314066
-9.40756210
0.19024869
0.36965339
-0.55330675
11.23183349
-2.27058427
-1.63027065
8.77676164
-7.95632158
3.27966725
-10.89954526
-11.76691457
9.64808576
12.11229891
3.43090470
4.16628450
10.31922249
7.80889411
-5.31646158
-6.92022355
8.68270320
8.70159965
5.20935793
2.66094608
2.36283663
-5.58948367
2.82125196
-4.84441983
2.08535651
-0.87865652
-8.65610263
-7.40995955
6.19329426
4.38763788
-7.13469530
-8.20384071
-4.23127486
-3.80337949
5.89673048
9.21221882
-10.30229815
-10.91106480
5.95101814
5.70273613
3.99837066
1.39509228
3.82559150
5.31493144
-4.81328766
-6.14619399
10.37216564
10.71906135
7.06279557
7.52826354
-1.56302677
-1.73988325
9.25976745
7.34120855
-9.75201657
-8.97516198
9.04801048
6.08831077
-0.30133387
-0.95623421
2.14261664
-3.60711898
12.70640465
11.96887176
-9.08991376
-6.68256284
1.62807143
4.30400678
9.20145053
8.26100390
-4.93351565
-5.54006142
-6.93051941
-4.78410901
4.22317425
2.90758328
1.61923511
-0.83251649
-8.87594542
-10.06003872
1.42251759
-5.57251260
3.71316281
-6.62550934
12.33122198
9.87369476
-2.05055486
-1.57647025
10.33638001
9.69116766
0.53022938
0.37548498
11.82499719
10.68627758
-1.36538806
-3.35192513
-9.97625406
-11.64478885
-12.21471559
-11.93042560
-1.37488512
-3.55045884
7.01831391
8.41864950
4.80435394
5.90773067
6.31276524
4.31566728
-5.18319735
-5.54196490
-3.68632329
-2.45511219
1.26207179
0.26478674
1.57453986
2.06127807
-8.57961094
-9.03899740
0.48664799
-0.37112136
-4.07834474
-4.91366979
6.30631265
8.04479070
5.56568501
6.29385708
-6.23203996
-6.95412389
-8.28278173
-7.13043696
3.23682466
4.18824022
-4.82281873
-2.94825799
-1.72418379
0.44376798
-3.72800918
0.13644568
-4.62605711
-5.56704356
5.30464321
3.80799085
10.15100264
11.79644069
-1.66731776
-3.82044765
1.59751175
0.90816714
-4.36300938
-4.38971288
1.51459039
2.28550217
-12.72944044
-10.05119050
6.94596271
5.48901131
-3.19497924
-2.94211100
3.37915602
4.20495143
3.75632824
5.96701730
-7.35217265
-8.42405057
7.26927508
7.97231336
-2.46411705
-2.45579175
-8.87296204
-7.92163693
-0.72479011
-1.72739566
-4.35916053
-3.41457036
-11.14373942
-11.34529432
-1.01318394
0.56631985
-2.71911876
-2.78297618
-9.24649659
-7.62447574
-0.76641367
-2.36353245
2.16369755
1.41419490
-11.46125424
-9.94261043
-1.41331866
0.95641181
0.18189046
-0.66459590
-0.79005038
-1.48758049
11.65510921
10.20637992
-2.31696841
-2.03435483
-0.69588026
-0.75922512
9.21707217
8.71094750
-6.27186484
4.49353109
-7.28075918
3.50192126
-12.67985632
-10.98551654
-11.89858455
-12.77990485
10.27956077
11.41257621
10.57135904
12.69421160
3.75370739
3.08937200
4.22658127
4.47324168
9.36862521
8.40324747
9.48610123
7.20766543
-6.65754868
-5.55487219
-6.19364438
-6.14134292
7.00512299
7.78668937
8.67539204
7.83396601
6.18899448
4.20572408
4.55964430
3.47483038
2.45142945
-6.90542684
3.45488314
-3.59794311
2.90681053
-6.06364870
3.80919487
-4.63873692
1.15004317
1.01748233
2.81681209
-1.70597008
-9.57382879
-5.97833840
-8.81146084
-8.17086006
6.21635465
5.32006829
7.05184647
3.39301258
