-3.43506090
-5.05328526
11.75507213
2.31254515
-11.61273414
10.12286172
0.11434691
7.73050676
9.07758436
5.89406912
2.42788469
-3.30059224
6.93035618
2.49024263
4.96514192
-7.62068372
-4.59599624
-2.76868559
5.49868710
-1.76905238
0.22007012
-7.93276716
-6.58745048
0.05998102
0.11575563
1.04631790
-5.41553789
10.20485992
4.83143269
-1.44636545
-3.19214511
1.80486830
2.81651489
12.90876072
-10.06909825
6.15805511
-5.63203313
-0.18788679
-11.63516470
-7.88066463
0.07640510
-4.25942169
-0.62478255
4.61515989
-8.35432201
6.37598230
9.56972739
5.08818937
2.14164839
-3.31782684
-5.84290945
-0.67506927
-4.56413525
-0.71678409
-2.69656895
-7.86911964
11.24554067
-9.66020693
-2.33170755
6.29156512
-5.13076946
5.65726474
-7.92902409
2.95324865
-0.47705947
0.86553398
1.98662166
-8.94109592
2.62552324
9.40412045
0.00805097
-5.94454957
-12.78301907
0.48571282
8.14883273
-10.80022408
8.44620830
-2.76576177
-10.36737853
-6.38644999
-1.88733192
-3.18892837
6.15964157
10.55783748
4.44955913
-3.75773600
7.49210764
2.08612948
5.09097661
-9.21337770
1.22411923
0.42028435
-9.78306354
5.29540258
-3.19783460
5.12541106
10.70573115
4.23982843
-12.30984119
-5.71238719
-10.43781929
11.04406812
3.36036339
7.35502692
-5.17536380
6.86869219
3.21666889
4.45382700
-3.66706070
-0.07104198
-6.54079448
5.22366512
-8.41192259
-5.30734678
7.98099710
-11.20816108
6.59356376
1.25682976
6.46986973
-7.12243512
10.79957549
7.98525346
-0.37312368
8.58345311
-10.32703684
6.77861062
1.02758078
-2.29164346
12.87433073
-7.80904877
2.95445067
7.93241067
-6.56664316
-4.40870458
2.68874236
-0.68027604
-9.07053218
2.68485929
-7.70177725
11.12406181
-2.84495830
8.79486743
1.80173308
9.66542415
-2.17829591
-12.05484134
-10.61684209
-2.36864226
7.86466420
7.34452662
3.39347528
-4.06664386
-2.63406905
1.42665735
1.11369101
-9.93803427
-1.03934539
-6.00879564
9.16042500
6.66528097
-7.35596781
-7.80628921
3.04977814
-3.99942967
-3.86340966
-0.73515594
-6.71106246
4.91428576
11.50301061
-3.62547290
0.25422925
-4.32751557
1.22860893
-10.55599307
5.20655544
-2.08160999
3.75047442
4.90209372
-9.42288027
7.00130700
-3.06681687
-6.97117083
-0.79317904
-2.32941494
-10.22123056
0.04693043
-1.76139848
-6.64521174
-1.66687659
0.36890000
-9.35775807
0.19555678
0.37105374
-0.54355720
11.13910847
-2.25166406
-1.63773860
8.69975114
-7.70100428
3.22279093
-10.82078403
-11.72671500
9.54244528
12.04357137
3.58733671
4.14253746
10.27925854
7.72794513
-5.23966126
-6.86664111
8.64705895
8.66520571
5.19335456
2.63022653
2.35517058
-5.53593112
2.78242254
-4.80187517
2.06047934
-1.01261519
-8.66876928
-7.85826490
6.60008108
3.84777396
-7.06165426
-8.14632505
-4.22616424
-3.73028704
5.86881606
9.14072024
-10.21682101
-10.76323670
5.91418624
5.66550408
3.89476815
1.34476150
3.80631119
5.19517489
-4.77538162
-6.10141855
10.32504627
10.68913635
6.97365988
7.50320750
-1.58506046
-1.75465615
9.22019782
7.29886289
-9.64549724
-8.90454747
8.97856197
6.05581559
-0.28232060
-0.95578262
2.15118257
-3.58767651
12.61562055
11.92634441
-9.02010707
-6.64456276
1.61303764
4.30087007
9.15710072
8.20275137
-4.88485712
-5.49626903
-6.86110446
-4.75370500
4.15766829
2.86512524
1.63850596
-0.88012070
-8.77404528
-9.97439478
1.41951504
-5.54052836
3.70733770
-6.57671181
12.23530657
9.81253125
-1.99592444
-1.60453669
10.26496367
9.65821679
0.50526274
0.34370229
11.74024796
10.63384348
-1.34447044
-3.28997567
-9.87849982
-11.55707937
-12.08148174
-11.85416565
-1.36180324
-3.51987818
6.96757351
8.39636244
4.79730187
5.81966201
6.26223698
4.28637794
-5.19047834
-5.49189727
-3.65537044
-2.44155999
1.26009242
0.27184518
1.65876191
1.71151648
-8.46187374
-8.97803299
0.51422856
-0.27077069
-4.04851048
-4.90614792
6.26253962
8.01162305
5.51614181
6.23729700
-6.17547158
-6.87905851
-8.25707425
-7.10751467
3.21665304
4.12643212
-4.74058402
-2.92524525
-1.72518431
0.51361659
-3.70180337
-0.06493403
-4.64716171
-5.54721987
5.30330609
3.82760933
10.09971927
11.75929260
-1.65839491
-3.77767737
1.57680534
0.85919662
-4.30754123
-4.35599221
1.58380001
2.26931603
-12.62264382
-9.97776991
6.85935013
5.45272980
-3.20582578
-2.92630041
3.34167573
4.19316184
3.73934844
5.97487608
-7.30402337
-8.37608654
7.19520885
7.93731213
-2.43454925
-2.48083620
-8.79796990
-7.83935162
-0.73056891
-1.72508582
-4.29477973
-3.35386808
-11.11721493
-11.25715931
-1.03816210
0.53256202
-2.70787113
-2.75227850
-8.94946949
-7.55075943
-0.72871780
-2.29358481
2.03839535
1.38330353
-11.40164198
-9.89004679
-1.39156895
0.92944035
0.12056141
-0.66948997
-0.83289278
-1.47929950
11.60416368
10.12299775
-2.29126089
-2.04773656
-0.71429972
-0.77694528
9.14725684
8.66830867
-6.16572047
4.47433139
-7.18280168
3.50121138
-12.60400530
-10.91207344
-11.78919579
-12.73436654
10.21428117
11.31106874
10.49291029
12.66130387
3.61016686
2.79389983
4.26131469
4.49001452
9.28982730
8.34109818
9.44502930
7.21849800
-6.57191459
-5.51612909
-6.11277505
-6.06775444
6.96266040
7.72702174
8.58578314
7.78228327
6.19974993
4.18211006
4.60977905
3.49868100
2.46208741
-6.86962370
3.46202452
-3.60104562
2.85786849
-6.05302358
3.76323356
-4.58314101
1.30134533
0.87930310
2.87646897
-1.79824252
