-3.50524165
-5.11633533
11.84630502
2.34599800
-11.76605068
10.25093467
0.10788585
7.82460679
9.14333090
5.92224521
2.44390180
-3.36289798
6.95390811
2.45816265
5.02461687
-7.74820869
-4.67594291
-2.77413299
5.58646163
-1.79618135
0.25245425
-8.05790338
-6.63662666
0.09617771
0.14498663
1.06048391
-5.52110875
10.27543431
4.88025519
-1.46169774
-3.20361329
1.86409339
2.98848657
13.04114040
-10.23423710
6.26355344
-5.71645102
-0.18152294
-11.66432014
-7.98052323
0.02793525
-4.35922450
-0.68450400
4.68145846
-8.46452792
6.46567517
9.63540206
5.15409116
2.18323266
-3.38852741
-5.98771385
-0.65761355
-4.60724742
-0.76747667
-2.71824379
-7.92712408
11.39843082
-9.79029134
-2.33556289
6.34890282
-5.24904332
5.02708131
-8.09259646
3.00781786
-0.44985968
0.78471688
2.15252013
-9.08761702
2.39037866
9.60382680
0.07533769
-6.00894092
-12.96001160
0.51733912
8.31783385
-10.99066945
8.54723346
-2.81748403
-10.46217991
-6.46224541
-1.93302659
-3.21538178
6.28618233
10.68158895
4.55023143
-3.68939311
7.61257627
2.21571349
5.14231786
-9.12523762
1.79487830
0.24169619
-9.91303607
5.20162816
-3.25161672
5.19338813
10.77525925
4.22342859
-12.38619165
-5.78350268
-10.57310183
11.16643423
3.30235456
7.45376908
-5.27796687
6.97593031
3.23128551
4.45303221
-3.74799238
0.06733427
-6.92694522
5.24672736
-8.54387821
-5.29615526
8.11706810
-11.36478906
6.69233494
1.28580818
6.71332487
-7.21533673
10.87396515
8.26514526
-0.34143733
8.70768882
-10.45231113
6.88672375
1.08865059
-2.26615073
12.96864366
-7.92766020
2.98200070
7.98617256
-6.59463905
-4.45064755
2.67855396
-0.72044896
-9.18679727
2.70566562
-7.77008558
11.27973749
-2.89593803
8.92258659
1.80552282
9.74834593
-2.25715861
-12.28602336
-10.70817914
-2.39752333
7.97165386
7.46642425
3.44798825
-4.10083241
-2.64832671
1.44679039
1.17254841
-10.08367512
-1.11131732
-6.06602136
9.26319624
6.80965614
-7.40988300
-7.88327219
3.17709127
-4.06051557
-3.91033940
-0.67649938
-6.76306391
4.91320232
11.58728936
-3.65963947
0.30449940
-4.41952915
1.18704491
-10.68229523
5.29664753
-2.02665772
3.78526775
4.89018192
-9.51194887
7.02623912
-3.11524188
-7.07461527
-0.77589334
-2.33984447
-10.34709930
-0.01605219
-1.77249897
-6.73710227
-1.70597845
0.37345515
-9.44764354
0.18276066
0.36792762
-0.55034137
11.34547277
-2.28952427
-1.62994782
8.81287791
-7.99482807
3.34603494
-10.94899600
-11.79371559
9.71351318
12.16805012
3.39149742
4.16072653
10.36226144
7.83229571
-5.37102922
-6.96812436
8.71592731
8.73056338
5.19892290
2.69127304
2.36926104
-5.63132762
2.85448442
-4.87160716
2.12763936
-0.85589165
-8.70297991
-7.43707094
6.16667187
4.39759334
-7.18220580
-8.23742139
-4.25517519
-3.83283775
5.91178220
9.25529760
-10.36419364
-10.97989546
5.97611274
5.78813524
4.05533687
1.41983829
3.84037180
5.38434181
-4.83171637
-6.17192766
10.40165557
10.74439896
7.13862442
7.60220516
-1.55961537
-1.73114552
9.30360313
7.39761946
-9.79169106
-9.01786313
9.08441980
6.10902935
-0.30638124
-0.95541481
2.14294896
-3.60901667
12.77003124
11.99944788
-9.12906662
-6.71984336
1.63682201
4.30435004
9.22585439
8.28863963
-4.92533512
-5.57576481
-6.97259227
-4.81056538
4.20534305
2.89811840
1.62102273
-0.90033905
-8.93325972
-10.12914572
1.41868964
-5.59845445
3.71516758
-6.66162535
12.42796628
9.97909669
-2.06230761
-1.57030027
10.41195172
9.76570396
0.53249999
0.35122934
11.88306419
10.72250336
-1.38059152
-3.38036657
-9.98869588
-11.71337372
-12.29353938
-11.94169645
-1.37766255
-3.56183179
7.12170257
8.45697297
4.81114857
5.94120225
6.34420351
4.34216007
-5.21540350
-5.57764405
-3.70120287
-2.46338338
1.26828589
0.27045459
1.44586384
2.10874674
-8.62516625
-9.07555759
0.47698743
-0.36289166
-4.10067649
-4.92528597
6.34544609
8.06512643
5.59823051
6.33025089
-6.26046426
-6.99825232
-8.31397959
-7.15373001
3.24921200
4.24834509
-4.84775786
-2.96994571
-1.72461197
0.43432172
-3.74210042
0.14987615
-4.63161394
-5.58691149
5.32791967
3.77472249
10.18420534
11.82340026
-1.67313028
-3.85618716
1.61313825
0.91972283
-4.38897658
-4.41067349
1.54597045
2.24841976
-12.79241074
-10.09734934
6.98129982
5.51399656
-3.18888429
-2.95612862
3.41138043
4.22359926
3.75953902
5.97668852
-7.38360768
-8.46472616
7.31879338
7.99889027
-2.48236741
-2.45588435
-8.93700934
-7.98061832
-0.72093626
-1.72561303
-4.40241966
-3.44904153
-11.15502846
-11.40639362
-0.99571141
0.58287250
-2.74436696
-2.80437498
-9.31040573
-7.66238679
-0.81826129
-2.37251048
2.23013385
1.43764251
-11.51377727
-9.97737828
-1.42791829
0.97204943
0.22306214
-0.67135708
-0.75860339
-1.47754416
11.70388337
10.33156341
-2.33496821
-2.02432192
-0.68668885
-0.75032975
9.30055293
8.79533112
-6.29431609
4.51300088
-7.30924530
3.51002464
-12.72506191
-11.02659834
-11.95191496
-12.81241758
10.33334183
11.47491086
10.61058142
12.72150177
3.76457442
3.13194352
4.19191594
4.29979452
9.42823541
8.47715584
9.52266487
7.19160657
-6.69522823
-5.59268428
-6.24831119
-6.18862680
7.02779208
7.82908929
8.72677618
7.86798604
6.18035040
4.19622074
4.50241354
3.47840531
2.44416495
-6.92367766
3.44988540
-3.61059024
2.94147813
-6.08344280
3.84553863
-4.67587081
1.20753084
1.06438657
2.80518015
-1.68549343
-9.61632280
-5.95185940
-8.82518362
-8.20262285
6.04364304
5.34226609
7.10204052
3.44996382
