-3.63156262
-5.25898429
12.14939236
2.51604353
-12.12942374
10.42757636
0.13567678
8.08075623
9.40772902
6.05858302
2.95266918
-3.50626173
7.14279999
2.47055839
5.06843335
-7.93648494
-4.77117390
-2.80784723
5.79411925
-1.84439169
0.26735459
-8.35617823
-6.72686000
0.22772557
0.20679988
1.06304416
-5.73110045
10.49304611
5.00945581
-1.50078201
-3.30760711
2.02192890
2.97387797
13.38460378
-10.54798214
6.54185142
-5.85140863
-0.21454314
-11.94609754
-8.21870231
-0.00055576
-4.50202493
-0.79630855
4.81564891
-8.73245884
6.65817995
9.84442971
5.44281415
2.25093162
-3.52893574
-6.21287463
-0.51541299
-4.80036075
-0.86490954
-2.66176609
-8.41531401
11.68750994
-10.09520645
-2.35174129
6.11664103
-5.52068088
5.10200172
-8.38288353
3.11291126
-0.43760999
0.90487862
2.36037267
-9.54809808
2.45286305
9.81226273
0.17998404
-5.62063380
-13.34669017
0.68626627
8.47685109
-11.28666086
8.69259113
-2.82175254
-10.64523519
-6.64555819
-1.88212147
-3.76194951
6.49118653
11.00811703
4.51281187
-3.72409545
7.75323120
2.48000626
4.99445358
-9.09413601
1.79478256
0.25920438
-10.06746438
5.12176431
-3.25135583
5.24741820
11.02068777
4.34101142
-12.62541865
-6.07043539
-10.88235941
11.41206074
3.42095364
7.65409557
-5.45260372
7.12478250
3.35335763
4.19810915
-3.91930162
0.10124560
-7.38348296
5.41489639
-8.44792339
-4.96109438
8.74422050
-11.90311827
6.70332457
0.98363321
6.94322935
-7.36971856
11.10876862
8.46827060
-0.24237016
8.92389577
-10.70177452
7.14519191
1.16398546
-2.33148405
13.25948142
-8.12079860
3.02724226
8.17973520
-6.99538132
-4.40478935
2.74818606
-0.68582557
-9.43610544
2.78670225
-7.95547478
11.51643644
-2.82680276
9.23751597
1.85152573
9.98070178
-2.35591059
-12.62784045
-10.78445962
-2.47635913
8.28393382
7.69338019
3.53604775
-4.12857424
-2.70671594
1.50305198
1.22348530
-10.40404203
-1.17726223
-6.18082769
9.47194396
6.87751495
-7.60368921
-8.05449730
3.43837427
-4.35490806
-4.04584772
-0.57800350
-6.88475872
5.04519697
11.85514667
-3.63547151
0.31194143
-4.58896783
1.22279342
-10.99321955
5.58115617
-1.91940751
3.99276987
5.06018001
-9.77827668
7.25360072
-3.31408369
-7.31358248
-0.76176684
-2.37519166
-10.65008890
-0.08930201
-1.83797273
-6.71029938
-1.65468165
0.41833268
-9.61481037
0.15978040
0.37816738
-0.54872313
11.62340706
-2.46963783
-1.61732422
8.93359337
-8.55923027
3.65097816
-11.23825966
-11.89779127
9.96390561
12.44047298
3.40489870
4.20679129
10.59663474
7.92482980
-5.58584024
-7.15925520
8.90953971
8.92524777
5.33289785
2.89839733
2.40186502
-6.08757227
3.01433706
-4.80720294
2.33356935
-0.77992547
-9.06562319
-7.82941473
6.36333605
4.49935417
-7.40018444
-8.51968949
-3.99039200
-4.29209719
5.76685423
9.42115795
-10.64782547
-11.24961540
6.18138460
6.42752784
4.66894967
1.67954733
4.05483270
5.62499797
-4.95448993
-6.30700892
10.68749088
10.92789359
7.26208326
7.87112010
-1.54911608
-1.65665424
9.63609537
7.61928421
-10.06198623
-9.21342378
9.26797763
6.34600162
-0.30406310
-0.85978818
2.12696143
-3.71100684
13.14855589
12.21893007
-9.34808923
-6.95205868
1.66132367
4.43213937
9.39463997
8.46552507
-5.08347886
-5.60595080
-7.02809686
-4.87526614
4.28563836
2.93953567
1.67576095
-0.90041367
-9.21461060
-10.48716998
1.44760152
-5.68769648
3.83749114
-6.82609116
12.72682226
10.14708461
-2.08299976
-1.54179480
10.66072767
10.08726759
0.58283172
0.38256171
12.22939159
11.04186924
-1.40492000
-3.50137066
-10.04797331
-12.06217029
-12.46433119
-12.34695351
-1.43318836
-3.62711660
7.45500132
8.78085617
4.94659907
6.07724593
6.48172267
4.49938373
-5.36493342
-5.68948006
-3.77753717
-2.52597648
1.34350206
0.32715971
1.46163431
2.17773970
-8.84254858
-9.30318588
0.42744679
-0.25696726
-4.27024688
-4.97665691
6.46587154
8.20717349
5.62675447
6.39966444
-6.37010026
-7.26086316
-8.45599019
-7.21880954
3.31181070
4.53531932
-5.36239681
-3.08443405
-1.69555423
0.54921722
-3.86686110
0.31562391
-4.65146668
-5.67105841
5.44691103
3.84769626
10.43841186
11.99328998
-1.63114411
-3.94789160
1.82955407
1.03167132
-4.53634537
-4.51866645
1.71280438
2.28642075
-13.17768566
-10.32251884
7.14323494
5.67445463
-3.13084884
-2.94189158
3.59685272
4.38930681
3.84492149
6.16083031
-7.55082042
-8.67975830
7.59071896
8.24676988
-2.57362038
-2.32140954
-9.26082357
-8.25297226
-0.74929772
-1.72957710
-4.56788087
-3.58390656
-11.40680746
-11.73712306
-0.87314566
0.63428983
-2.77514580
-2.88085333
-9.46095220
-7.81251128
-0.79753572
-2.20555148
2.50652891
1.52250726
-11.77819483
-10.07623415
-1.56293526
1.07697916
0.31596381
-0.69133589
-0.70326172
-1.46751291
11.94242885
10.57124832
-2.47216726
-1.96501273
-0.70707674
-0.69032820
9.50910244
8.98026518
-6.52899333
4.64909622
-7.55413544
3.60591338
-12.98505464
-11.17940609
-12.27318128
-13.01936841
10.57026980
11.73425607
10.82779581
12.92134355
3.86652250
3.15757538
4.04038875
4.41329697
9.65169485
8.69770852
9.68804391
7.17973182
-6.85085044
-5.86469903
-6.49609014
-6.39283841
7.18113177
8.01537804
8.96472235
8.02183017
6.13004318
4.35543403
4.56111310
3.53432300
2.35530352
-7.42399555
3.37132739
-3.63922863
3.21283410
-6.12505839
3.84302058
-5.24259764
1.38618860
1.10900423
2.79524621
-1.66352174
-9.89026507
-6.47585988
-8.88697364
-8.27850417
6.11931793
5.49010012
7.27499796
3.53422913
-6.56434425
-9.31512453
-7.47797700
-8.39225539
-2.93088843
-5.90982258
-4.00131601
-3.38834758
4.81988632
8.32756243
6.52253911
9.49556607
-10.91983982
-11.52604264
-11.12696963
-11.20061756
7.04930150
7.12718848
5.80269493
5.41547082
2.09820442
1.98364875
3.66073100
1.11428664
