-3.60617791
-5.23594381
12.08391511
2.42865639
-12.04909431
10.40179397
0.12508982
8.02530680
9.34353066
6.03282423
2.56594818
-3.47688818
7.09855051
2.46601591
5.02298815
-7.89249467
-4.74574775
-2.80002650
5.77226173
-1.84225433
0.30165154
-8.30122857
-6.68218836
0.18362620
0.25088337
1.06184949
-5.69912966
10.44477716
4.98500385
-1.48826311
-3.27546128
1.98316367
3.10845743
13.31100929
-10.48426489
6.45166400
-5.81514284
-0.20513387
-11.89045529
-8.18014630
0.00391996
-4.47350361
-0.76551904
4.76622316
-8.67507362
6.60748207
9.79832495
5.29536643
2.23457702
-3.50284009
-6.18204051
-0.54332058
-4.75168797
-0.82801128
-2.64654641
-8.34500162
11.62353925
-10.04061103
-2.32692568
6.09886312
-5.47189852
5.08845049
-8.33442018
3.12281405
-0.44056973
0.87384034
2.33382178
-9.49268864
2.44031442
9.73564074
0.16954768
-5.57505280
-13.28638053
0.65462606
8.44222151
-11.23350197
8.65740378
-2.81572195
-10.62102423
-6.60243461
-1.88370904
-3.71549818
6.44662375
10.85713185
4.53949791
-3.68204085
7.70612099
2.42106125
5.04952486
-9.11682322
1.81850912
0.27014893
-10.04787662
5.14982483
-3.24222657
5.23932606
10.93914988
4.33771790
-12.57530447
-6.02576061
-10.80968118
11.35824169
3.38105304
7.62597464
-5.41672837
7.09109952
3.31969572
4.24352375
-3.86980056
0.09886655
-7.30204335
5.33062943
-8.37509852
-4.93507623
8.74543185
-11.89452699
6.68585841
1.37932367
6.86008291
-7.33693277
11.05873230
8.38385644
-0.25537095
8.85794827
-10.65460778
7.09970906
1.17253397
-2.31563865
13.19591161
-8.08461576
3.03079373
8.11994731
-6.97670036
-4.39544683
2.75559406
-0.66324331
-9.38244583
2.77292289
-7.89888965
11.47130845
-2.82418626
9.12753119
1.87307927
9.93174864
-2.33650451
-12.56604276
-10.76167684
-2.44183906
8.16156262
7.62028567
3.51280858
-4.11220400
-2.68391205
1.50593756
1.22216719
-10.35881132
-1.17341550
-6.15591388
9.43997035
6.87845445
-7.57310400
-8.03525338
3.35124887
-4.30718909
-4.03189905
-0.57588301
-6.88291769
5.03450323
11.79727481
-3.63307929
0.32140614
-4.55187907
1.20784481
-10.92572458
5.50419555
-1.92517847
3.91848913
5.00549102
-9.71934317
7.20620874
-3.26895827
-7.26862867
-0.76444431
-2.35885687
-10.58952648
-0.08705653
-1.80987050
-6.66050527
-1.63878192
0.38132409
-9.58623266
0.16289479
0.38306446
-0.55560960
11.56794574
-2.41510158
-1.62024218
8.90467212
-8.43006332
3.58416363
-11.18780037
-11.88139822
9.91069118
12.38118675
3.39963246
4.20227653
10.53886141
7.90993848
-5.55511726
-7.12389707
8.86474015
8.88403879
5.29108405
2.84201326
2.39414548
-5.96679470
2.98502375
-4.75869616
2.28963114
-0.78175500
-9.01601925
-7.75927141
6.27908139
4.46210838
-7.36942282
-8.51066977
-3.96365696
-4.26205807
5.74059504
9.41188221
-10.59410403
-11.20732012
6.02165487
6.48252539
4.20485134
1.53580247
3.95008200
5.54298669
-4.92328074
-6.27935252
10.62673144
10.88788554
7.25352068
7.80468843
-1.55229752
-1.66950120
9.49787071
7.52297635
-10.01440904
-9.16006327
9.22430139
6.25004641
-0.29356834
-0.87462050
2.16269761
-3.70778530
13.07124655
12.17321453
-9.30691019
-6.91606529
1.66619144
4.42848536
9.36115181
8.42336883
-5.07440643
-5.55511648
-7.00025138
-4.85719613
4.32255319
2.97705120
1.69627650
-0.88204302
-9.15754785
-10.41607454
1.44379842
-5.65350698
3.79739521
-6.78248101
12.66840028
10.10984411
-2.13793357
-1.50079641
10.56828978
9.95859852
0.59580018
0.39722917
12.15636834
10.97802529
-1.40009501
-3.48322590
-10.01844836
-12.01931729
-12.45725566
-12.27054308
-1.42479240
-3.60458310
7.36876686
8.68783792
4.93721013
6.03748861
6.43282076
4.45542773
-5.33163790
-5.66847898
-3.75274691
-2.50346776
1.31713040
0.31546557
1.47648638
2.15689627
-8.79859098
-9.27709973
0.42244272
-0.28494207
-4.22789565
-4.95268366
6.47544915
8.17414983
5.63023349
6.39037087
-6.35406992
-7.21290336
-8.43701228
-7.21125510
3.30987045
4.44737137
-5.27540737
-3.07331685
-1.68236547
0.54324975
-3.82976179
0.28528525
-4.64344166
-5.67888206
5.46867128
3.85831713
10.36949046
11.95530781
-1.63386779
-3.92550693
1.78895929
1.01527603
-4.51115767
-4.48784091
1.69091473
2.27112189
-13.09829516
-10.26173898
7.09661275
5.64881672
-3.12517486
-2.94136534
3.50577332
4.28789408
3.82425155
6.10602733
-7.51375106
-8.63223412
7.51790674
8.19717458
-2.54795237
-2.31333122
-9.19586613
-8.20050592
-0.66328711
-1.73035076
-4.53924245
-3.56147259
-11.33932143
-11.66805973
-0.88156949
0.63122895
-2.75175072
-2.84814470
-9.44698739
-7.84114194
-0.77929565
-2.21584351
2.34998863
1.47690007
-11.72015557
-10.06905349
-1.51663313
1.04800664
0.31988418
-0.68085260
-0.69400634
-1.46359702
11.87696750
10.52100769
-2.43263240
-1.97627821
-0.64287328
-0.66388319
9.46950189
8.94145106
-6.47007218
4.61288692
-7.49193734
3.59976524
-12.93473989
-11.14859533
-12.21568845
-12.96872817
10.52293450
11.67192503
10.77691392
12.88433027
3.83752250
3.16493902
4.08629940
4.36463392
9.61670902
8.66567164
9.64707711
7.17973647
-6.81676559
-5.84184611
-6.45541922
-6.35381990
7.15770689
7.97557624
8.92116881
7.98766917
6.14843708
4.31374380
4.54007703
3.52329284
2.37124751
-7.35813589
3.38494087
-3.62394547
3.11593443
-6.10564107
3.84982563
-5.16191625
1.35169708
1.11102775
2.81652836
-1.65369668
-9.84891659
-6.39065589
-8.87239086
-8.30454451
6.09727390
5.46011316
7.20925823
3.52449863
-6.50849516
-9.26915510
-7.40223766
-8.36279784
-2.92442932
-5.89796914
-3.99444159
-3.35530083
4.78185917
8.25280045
6.48521458
9.47754519
-10.89432812
-11.48264893
-11.09943167
-11.13843314
7.00128981
7.17248764
5.97111185
5.42338102
