-3.56174028
-5.20849820
12.01189342
2.41088345
-11.97117294
10.38776265
0.11544775
7.95759509
9.28478858
6.00576982
2.51722300
-3.44561312
7.05853499
2.46419724
5.04254892
-7.85447281
-4.72361350
-2.79238487
5.75736119
-1.82633669
0.28904429
-8.24271774
-6.67212258
0.15979455
0.21978084
1.06899399
-5.66679425
10.40208104
4.96197991
-1.47106478
-3.25336993
1.94475348
3.07552405
13.23008433
-10.41588422
6.40563270
-5.78324617
-0.19324163
-11.83378317
-8.12634217
0.01494021
-4.44490947
-0.74698627
4.74065354
-8.62682498
6.56555206
9.75807496
5.24114536
2.21966927
-3.47704713
-6.15080363
-0.56320640
-4.70174128
-0.81208138
-2.64478063
-8.23932122
11.56233124
-9.97337409
-2.31494180
6.47382661
-5.41296207
5.06069547
-8.29578173
3.09289766
-0.44022582
0.87220970
2.29735580
-9.38712762
2.41831561
9.69449695
0.15113121
-5.54691296
-13.21276014
0.62855447
8.41265307
-11.17393723
8.62306090
-2.80694387
-10.59108130
-6.55858098
-1.87481292
-3.66751946
6.40951112
10.81093151
4.55289606
-3.65807577
7.68125029
2.36999265
5.10386741
-9.13507760
1.82565629
0.25609417
-10.01205474
5.16990594
-3.24134100
5.29726315
10.88605140
4.31166150
-12.52662992
-5.99234779
-10.73172125
11.30655252
3.35325986
7.59266587
-5.38354022
7.06034959
3.28814856
4.29550863
-3.83221212
0.09798796
-7.18354265
5.29751144
-8.31262450
-4.91692151
8.73046848
-11.88019079
6.78739800
1.35123555
6.82569306
-7.30894267
11.00885339
8.34281375
-0.27063545
8.81353731
-10.60691446
7.00470726
1.17156652
-2.30596894
13.12852946
-8.05781076
3.02736265
8.08132671
-6.96813505
-4.39934302
2.73727010
-0.67146019
-9.32806219
2.76016974
-7.85053793
11.42496711
-2.81126196
9.07816148
1.85116798
9.88351671
-2.32176287
-12.49264840
-10.75764243
-2.42715262
8.07924115
7.58006786
3.49585206
-4.10130140
-2.66695051
1.49447390
1.20974911
-10.28463965
-1.16116911
-6.13646349
9.40213124
6.87069677
-7.54878570
-7.99713363
3.31937308
-4.23880440
-4.00045130
-0.57815002
-6.88066120
5.03408079
11.72961461
-3.63122546
0.32070009
-4.54080999
1.20407507
-10.85853002
5.46563470
-1.93715332
3.86228645
4.96728833
-9.66372535
7.15737488
-3.24437131
-7.22176667
-0.76934485
-2.34359144
-10.51368959
-0.08504822
-1.79704858
-6.64939989
-1.64540469
0.37853111
-9.55533025
0.16884612
0.38566224
-0.55285639
11.52209810
-2.37827165
-1.61842217
8.88318362
-8.29332593
3.52633103
-11.13182248
-11.86701550
9.85601968
12.32326265
3.40592838
4.18797263
10.48397436
7.89218015
-5.52210212
-7.08783052
8.82336464
8.84381286
5.25201720
2.80105226
2.38704664
-5.84643343
2.94656753
-4.70864536
2.24615857
-0.79072534
-8.94312352
-7.68772952
6.24259648
4.43387494
-7.34805337
-8.50070045
-3.95635767
-4.23603727
5.71424582
9.39842637
-10.49604839
-11.14412650
6.02842568
5.96113510
4.15891253
1.50422831
3.90041785
5.50196909
-4.89537186
-6.24948636
10.56189387
10.85325907
7.22123138
7.74483816
-1.55328374
-1.68145757
9.42729732
7.49537183
-9.96942554
-9.12076190
9.13492830
6.19680037
-0.28929272
-0.88613298
2.16647118
-3.70812800
12.98839311
12.13032449
-9.26402086
-6.86693581
1.66538550
4.43261916
9.32729632
8.38787307
-5.06563547
-5.53548599
-6.97497350
-4.84018373
4.28601087
2.95283437
1.67993673
-0.88667983
-9.09504210
-10.34542535
1.44045050
-5.63643952
3.76849838
-6.75315812
12.60802680
10.06995695
-2.11997256
-1.47694288
10.52046469
9.89926646
0.58046817
0.38653764
12.07757983
10.90494733
-1.38961465
-3.46347231
-9.99677950
-11.96857716
-12.44762758
-12.16065287
-1.40863867
-3.58260935
7.29320524
8.58037034
4.87362559
6.00541463
6.41455093
4.42770442
-5.29710165
-5.65375638
-3.73690909
-2.47920534
1.29555411
0.30784437
1.47230461
2.14256171
-8.73076284
-9.23242920
0.43384550
-0.30339023
-4.18879298
-4.94918797
6.46459925
8.14920879
5.62791629
6.37318189
-6.32569609
-7.16282118
-8.43042953
-7.21160482
3.30109613
4.40769712
-5.20326139
-3.07686537
-1.69300161
0.52690390
-3.79818367
0.25571746
-4.65014305
-5.68099655
5.44972028
3.86751439
10.31221967
11.92553275
-1.63282601
-3.88376798
1.75171020
0.99486545
-4.48682003
-4.45765499
1.66565343
2.26427028
-13.01871764
-10.20983281
7.05698284
5.61538956
-3.13390435
-2.93901131
3.49253313
4.26585918
3.81378636
6.06091721
-7.47697044
-8.58674191
7.46977779
8.12954842
-2.52039136
-2.33714845
-9.13438141
-8.14564562
-0.67676900
-1.73050127
-4.50706350
-3.53853309
-11.28665776
-11.59293995
-0.89407423
0.62493919
-2.75027869
-2.82877120
-9.44124468
-7.85560637
-0.77569657
-2.24405662
2.32546157
1.47026005
-11.66515035
-10.05912412
-1.48959091
1.02306162
0.31876046
-0.67176986
-0.68511227
-1.46176481
11.82563552
10.48320918
-2.40379018
-1.98932060
-0.65639221
-0.68677233
9.43484772
8.90669062
-6.40854773
4.60263710
-7.43839527
3.57564230
-12.88159091
-11.11888220
-12.15467524
-12.91605453
10.47662425
11.61387247
10.72724354
12.84487733
3.82012202
3.14498296
4.12200954
4.33282803
9.58180206
8.62923483
9.60568355
7.17233843
-6.78545605
-5.78978875
-6.41658604
-6.31419464
7.12846319
7.93665323
8.86455821
7.95426504
6.15816355
4.27476379
4.51883936
3.51853695
2.38288359
-7.25965774
3.39457835
-3.62843995
3.06937827
-6.12562963
3.88224713
-5.01252852
1.31959279
1.10532633
2.82423015
-1.66275997
-9.79823260
-6.28403135
-8.86567387
-8.29742451
6.06953626
5.41335579
7.17516663
3.50195389
-6.45432791
-9.23199808
-7.36011981
-8.34372577
-2.90780919
-5.88657958
-4.04080633
-3.35201702
4.79432540
8.14513797
6.46586582
9.44801961
-10.85652637
-11.47213972
-11.04025642
-11.04923071
