-3.54190671
-5.17605251
11.94668754
2.39243936
-11.89357411
10.32940255
0.11159051
7.89522178
9.21937160
5.97330335
2.49473659
-3.41482925
7.02026551
2.45726636
5.06836083
-7.82310397
-4.70754500
-2.78496017
5.65515903
-1.81536139
0.28113486
-8.18074658
-6.65526186
0.13829996
0.19115077
1.06544454
-5.62287341
10.35363857
4.93075286
-1.46456878
-3.23644654
1.92020896
3.05946848
13.16194790
-10.35234088
6.35706406
-5.76095723
-0.19015113
-11.77653687
-8.06581188
0.01802546
-4.41258971
-0.72384489
4.71675160
-8.57993626
6.53355345
9.71575966
5.22909830
2.21234416
-3.45942453
-6.10863236
-0.58137009
-4.66747527
-0.78785192
-2.63362272
-8.14973478
11.50933692
-9.93599976
-2.31542659
6.42514137
-5.40282972
5.03556602
-8.25568518
3.06086347
-0.44011393
0.85969744
2.23872901
-9.32559111
2.39540537
9.65762282
0.13858925
-5.52492244
-13.11446600
0.60233168
8.37786648
-11.11708929
8.59017982
-2.79250897
-10.55000357
-6.51570387
-1.87325471
-3.61177063
6.36872219
10.76733233
4.55960983
-3.65333328
7.65940496
2.31624156
5.14117018
-9.14740846
1.82457113
0.24479290
-10.25822818
5.17985475
-3.24225625
5.26014127
10.84322626
4.27547724
-12.47848224
-5.96307150
-10.67001923
11.25648341
3.32617228
7.55061890
-5.34680268
7.03124605
3.26047144
4.44556506
-3.79872986
0.09263240
-7.07292064
5.26985264
-8.29423604
-4.94409092
8.21916188
-11.51225294
6.75897340
1.32663243
6.79240312
-7.27868116
10.95968829
8.30863147
-0.29381001
8.77802522
-10.55519852
6.98003938
1.15897635
-2.29673093
13.06569063
-8.02606081
3.01586245
8.05689507
-6.92473794
-4.40427808
2.71266137
-0.68651803
-9.27380421
2.74078941
-7.81697058
11.37744557
-2.78977570
9.03007848
1.82650921
9.83710608
-2.30629894
-12.42909305
-10.75645379
-2.41745400
8.04428206
7.55662286
3.47586961
-4.09509007
-2.65727566
1.48007800
1.19695044
-10.21057294
-1.14569484
-6.11471022
9.35608418
6.85587193
-7.52029054
-7.98419296
3.28270417
-4.12616398
-3.96514635
-0.57942733
-6.85004729
4.99325086
11.65957698
-3.62814587
0.30887617
-4.51588776
1.19898834
-10.78838677
5.41356913
-1.96169178
3.81155929
4.93302684
-9.61287758
7.07358132
-3.17614378
-7.17295397
-0.77264802
-2.33527313
-10.44659758
-0.07030267
-1.78463701
-6.67865563
-1.66424545
0.37916003
-9.51966649
0.17343732
0.37997173
-0.55242574
11.46438574
-2.34919720
-1.62189963
8.86378811
-8.17340321
3.46355641
-11.06132477
-11.84601372
9.80857843
12.26950638
3.40113772
4.16796285
10.43449031
7.87644262
-5.47618991
-7.04590244
8.78544920
8.80269514
5.21801706
2.76560326
2.38229102
-5.74801518
2.92154748
-4.66516205
2.21357144
-0.79121794
-8.85767955
-7.61839296
6.20885120
4.41144758
-7.33296880
-8.49367121
-3.96908325
-4.17774167
5.93528042
9.33566299
-10.58936225
-11.06336518
6.00671407
5.91057885
4.13738392
1.47587171
3.88871796
5.46267452
-4.87271242
-6.22265111
10.47704493
10.81430200
7.18867376
7.69944771
-1.55138406
-1.69616616
9.38691801
7.46506412
-9.91336597
-9.09487498
9.15436469
6.16444650
-0.29420985
-0.89842820
2.16359408
-3.69042010
12.91392095
12.08360935
-9.21675357
-6.81107921
1.65804108
4.38058317
9.28300839
8.35702054
-5.03551279
-5.54717894
-6.97813320
-4.82319803
4.25111840
2.92345832
1.65764649
-0.89872095
-9.03792351
-10.27079240
1.43021345
-5.62663713
3.74150371
-6.73191227
12.55176810
10.04402048
-2.09542042
-1.46552296
10.48044521
9.84887284
0.55807143
0.36840891
12.00917604
10.83510842
-1.38984476
-3.43994190
-10.03451141
-11.86045314
-12.40990826
-12.00872298
-1.39573670
-3.57287391
7.24017838
8.53417078
4.86825927
5.98123427
6.40676831
4.39923793
-5.26569803
-5.63281314
-3.72568374
-2.46986133
1.28411274
0.29594373
1.45739919
2.13056989
-8.69337651
-9.20841359
0.44668091
-0.30840973
-4.15433635
-4.94420231
6.43321873
8.11899458
5.62286769
6.35871228
-6.29711829
-7.11445279
-8.42763848
-7.22039540
3.28549196
4.36827009
-5.10987118
-3.04223746
-1.70654286
0.49886510
-3.77303786
0.23319836
-4.62394541
-5.66512924
5.40727798
3.83417622
10.27262109
11.89356994
-1.62316212
-3.81853593
1.70839221
0.96668393
-4.45402986
-4.43481282
1.63413662
2.25278254
-12.93430620
-10.17643073
7.02719753
5.57766322
-3.14746661
-2.94320367
3.48250342
4.29269293
3.79390361
6.02230705
-7.44561063
-8.54669018
7.41747968
8.05039187
-2.50971298
-2.31523777
-9.06779252
-8.08775794
-0.69523223
-1.72987331
-4.47153338
-3.51539906
-11.24696679
-11.52345002
-0.92170468
0.61670537
-2.76308546
-2.81786977
-9.41253655
-7.83789435
-0.78218920
-2.28516172
2.30662055
1.46208621
-11.61566922
-10.04317635
-1.46592011
1.00425584
0.30607403
-0.67228710
-0.69169417
-1.46225091
11.78014791
10.43422448
-2.37724571
-2.00218799
-0.66721944
-0.71159194
9.39242719
8.87076299
-6.36285501
4.56976926
-7.40494148
3.54956871
-12.82574625
-11.10075443
-12.08193005
-12.87727342
10.42768605
11.56652597
10.68251387
12.80746313
3.80223317
3.12487143
4.14757692
4.30619715
9.53800151
8.58196166
9.57069004
7.17675749
-6.76086243
-5.70745408
-6.36538182
-6.27193124
7.09105554
7.90302636
8.81665250
7.92534411
6.16249115
4.23792887
4.50169273
3.51585057
2.42846057
-7.17567536
3.43919030
-3.65109818
3.01898645
-6.13535976
3.91778141
-4.88919125
1.29206278
1.09183923
2.82643812
-1.66511778
-9.73979832
-6.12805807
-8.87184792
-8.29143136
6.04494233
5.38408623
7.14469394
3.47845873
-6.42161930
-9.26882974
-7.33563042
-8.33024665
-2.89411618
-5.87217878
-4.22409276
-3.33202446
