-3.72848465
-4.79919148
12.38839854
2.52913402
-12.42210353
10.58778041
0.16979369
8.14505663
9.64383115
6.19187223
3.04177459
-3.57664033
7.29852899
2.47839985
5.29374742
-8.19339871
-4.84118373
-2.76935588
6.08720050
-1.90081205
0.20088765
-8.57499847
-6.90324757
0.20771794
0.26509716
1.07109183
-5.85490203
10.70035618
5.09300833
-1.52256777
-3.41711326
2.12405203
2.93852126
13.64060684
-10.79762191
6.68419437
-5.97106444
-0.23743844
-12.13450311
-8.36309025
-0.02832918
-4.64515835
-0.84490214
4.93495191
-8.95546051
6.79852415
10.01886688
5.90050873
2.35021631
-3.62984714
-6.27451701
-0.46089738
-4.86536134
-0.91635008
-2.72286226
-8.51848649
11.90500604
-10.25964023
-2.44822867
6.22025407
-5.66789436
5.20807633
-8.53496107
3.18861064
-0.45512768
0.91998118
2.49760773
-9.68734292
2.47969986
10.04013148
0.17760304
-5.79300901
-13.52375590
0.78225012
8.62275778
-11.40334694
8.76340580
-2.81450279
-10.81587682
-6.78485714
-1.93489216
-3.83405234
6.63561954
11.16325107
4.52614377
-3.89618457
7.94735696
2.63804968
5.04580687
-9.09465441
1.72278496
0.21807280
-10.18349317
5.12444922
-3.32316734
5.34557465
11.25960668
4.45932890
-12.78094690
-6.16750481
-11.07553445
11.63095206
3.47410294
7.77112234
-5.56477937
7.27961691
3.35843820
4.10555559
-4.12481237
0.07899362
-7.56906266
5.57990376
-8.66995867
-5.04853242
8.78526595
-11.93205396
6.66575610
1.17649902
7.50551459
-7.19400171
11.29145573
8.63781996
-0.16913777
9.01313531
-10.86223315
7.44901782
1.15362978
-2.38228989
13.49651890
-8.26656172
3.04918977
8.48856352
-7.07903030
-4.46662520
2.75602778
-0.71830544
-9.63082127
2.83070592
-8.12231697
11.70658247
-2.89063075
9.41673599
1.89183158
10.15440120
-2.42878063
-12.76850980
-10.88245524
-2.50653162
8.40227566
7.95440921
3.60760655
-4.18015125
-2.72893953
1.41569821
1.21742004
-10.57294679
-1.21894449
-6.24461039
9.65073418
6.90267312
-7.70293954
-8.11556157
3.46997274
-4.48580239
-3.87070277
-0.58715877
-6.89788596
5.12342322
12.03865820
-3.61306101
0.30578945
-4.73230204
1.22397263
-11.25031429
5.72840299
-1.89031638
4.22280968
5.22657249
-10.00341358
7.36891342
-3.39628592
-7.51284291
-0.75074960
-2.45080748
-10.85026555
-0.08815759
-1.94958441
-6.89239230
-1.72629770
0.46442541
-9.79547121
0.17148285
0.35888061
-0.51788455
11.87097380
-2.63739099
-1.65496816
9.04632370
-8.70447657
3.83781460
-11.45919723
-12.09875293
10.15470684
12.70705866
3.44703077
4.27306540
10.76964006
8.04093433
-5.71231707
-7.29177402
9.04711758
9.06210247
5.39374157
2.99385219
2.41058821
-6.42883218
3.12422371
-4.96777546
2.37581177
-0.79350679
-9.17690685
-8.05241657
6.48467812
4.60832554
-7.48260757
-8.54050390
-3.97733530
-4.39980728
5.94032771
9.58575555
-10.80687918
-11.43382261
6.30685580
6.52539003
4.69677652
1.51566039
4.29396224
5.60060877
-4.60915382
-6.68653225
10.89493197
11.10117047
7.38797803
8.02985428
-1.52753332
-1.61019623
9.77002367
7.63695566
-10.26946862
-9.37491438
9.40545303
6.71604841
-0.28134034
-0.88313583
2.10030286
-3.75843401
13.44053567
12.40015523
-9.50055540
-7.09107443
1.64012581
4.55855218
9.64648909
8.64882674
-5.13024811
-5.78534704
-7.15644448
-4.91010488
4.34643207
2.97833830
1.67798517
-0.96535510
-9.43821160
-10.75604003
1.46284603
-5.83698119
3.95564267
-6.97426831
12.96318706
10.35786689
-2.14404321
-1.57837711
10.90458345
10.28317815
0.60177265
0.36813734
12.47895764
11.27819033
-1.43968764
-3.54954295
-10.14047096
-12.19896742
-12.60589652
-12.56619237
-1.42594861
-3.69760327
7.59976867
8.94775538
5.32855357
6.22665320
6.69567054
4.60354601
-5.46986227
-5.79658879
-3.78484097
-2.51630828
1.39571550
0.29961389
1.45307772
2.20353613
-8.97224193
-9.38738437
0.39198184
-0.28057120
-4.49046517
-4.99717195
6.50149860
8.30559966
5.74214305
6.41418084
-6.43452134
-7.37475096
-8.51213247
-7.26732297
3.34430757
4.73351947
-5.46889590
-3.16125154
-1.74940994
0.57962966
-3.86661349
0.34075822
-4.80336072
-5.65471880
5.63639703
3.90818569
10.72077663
12.14717272
-1.61853055
-3.99289019
1.94900231
1.10954749
-4.65167930
-4.63664215
1.77540767
2.30625516
-13.47530573
-10.51345649
7.29766069
5.76622689
-3.18251962
-2.93531003
3.61092573
4.49676236
3.90832199
6.33009612
-7.68294491
-8.84428165
7.70999755
8.43593609
-2.64685764
-2.40399078
-9.51562510
-8.49909298
-0.67982152
-1.74950736
-4.66326943
-3.63921506
-11.63075426
-11.95860559
-0.84794972
0.66981065
-2.87151197
-3.03636793
-9.64301146
-8.01621735
-0.83184596
-2.22643075
2.60004469
1.59805471
-11.95530652
-10.18997453
-1.68711459
1.19786375
0.32583526
-0.72921243
-0.73520539
-1.51273346
12.19024774
10.79003375
-2.61141469
-1.93264473
-0.66306301
-0.69433394
9.68748690
9.13410923
-6.70629321
4.72446381
-7.75211871
3.65899312
-13.15484599
-11.30383601
-12.51413143
-13.17823655
10.76309296
11.94439687
10.99891318
13.08547973
3.94078248
3.17327424
4.04082390
4.52117558
9.79480694
8.81778925
9.82591527
7.20746058
-7.15173080
-5.98152099
-6.63008606
-6.54327110
7.30559307
8.15036323
9.15638980
8.14674449
6.15349194
4.40726641
4.64891241
3.59607520
2.34263966
-7.53385718
3.35118363
-3.70755759
3.39234327
-6.15051584
3.87503120
-5.45057880
1.43206340
1.05535006
2.73885337
-1.70946030
-10.09289215
-6.63018226
-8.95015061
-8.28698996
6.26685179
5.62666261
7.47249268
3.61314246
-6.73702075
-9.48300168
-7.69946860
-8.45204398
-2.98950272
-5.99678648
-4.07317451
-3.46007199
4.96591926
8.65023865
6.78666302
9.58527049
-11.08701107
-11.71913561
-11.18668571
-11.39518648
7.24769677
7.21464025
5.75108552
5.50929382
2.02984362
2.14582630
3.69540854
1.09948265
4.93264180
6.54160841
3.90588599
5.71307060
-5.77363795
-8.16443636
-5.62843560
-6.52561601
