-3.74104092
-4.79166093
12.42050021
2.53643414
-12.46390278
10.60066935
0.18364708
8.14668590
9.67756622
6.21701789
3.05969904
-3.59957762
7.31453031
2.48182593
5.32180448
-8.23784500
-4.87297054
-2.78808159
6.10777981
-1.90665450
0.20473429
-8.60113162
-6.93162039
0.21248333
0.26515677
1.08277433
-5.87033382
10.73014728
5.10738046
-1.52037656
-3.43928102
2.14156820
2.96307274
13.67250668
-10.84128682
6.71094907
-6.00937266
-0.23677198
-12.16169213
-8.38565307
-0.03040107
-4.64744726
-0.85096296
4.94923377
-8.98708771
6.82291675
10.04431688
5.94420904
2.36056053
-3.64451012
-6.28926763
-0.45415614
-4.86503999
-0.92144172
-2.73237036
-8.52919545
11.93709323
-10.28175860
-2.45654738
6.23895843
-5.68933727
5.23463125
-8.54856878
3.19460043
-0.46077539
0.92159682
2.50268499
-9.70315127
2.48397237
10.06325752
0.17420114
-5.81791190
-13.55227703
0.79613318
8.64517411
-11.43297933
8.77794678
-2.81140958
-10.83378475
-6.80364282
-1.93481185
-3.83833580
6.65436771
11.18506368
4.53151808
-3.92149331
7.97283022
2.65330820
5.05490806
-9.09512438
1.72269267
0.21067934
-10.19603836
5.13111905
-3.33407771
5.35846027
11.28835909
4.46353128
-12.80572988
-6.17162724
-11.10318648
11.66602192
3.48152947
7.79590634
-5.56892073
7.29806304
3.36115872
4.11717949
-4.15055125
0.07742800
-7.59517804
5.58754267
-8.70275683
-5.06407392
8.78316777
-11.93659950
6.68588351
1.17732029
7.52419192
-7.22195946
11.31499688
8.65983352
-0.15768395
9.02789214
-10.88080607
7.47632558
1.15933895
-2.38629512
13.53061019
-8.28748973
3.05924250
8.52348310
-7.09988461
-4.47478905
2.75472836
-0.71715570
-9.66057468
2.84044271
-8.14322895
11.74062822
-2.90225498
9.44072374
1.89466813
10.17628378
-2.42829376
-12.80297541
-10.90414866
-2.50733768
8.42115212
7.97764393
3.61685553
-4.18670224
-2.73318575
1.42169824
1.21754227
-10.59477330
-1.22650742
-6.23889703
9.68020331
6.91733597
-7.71734914
-8.12682628
3.48269226
-4.50028968
-3.88552892
-0.59226392
-6.90102517
5.13402872
12.05933808
-3.62571762
0.30990834
-4.74967871
1.22414121
-11.29043113
5.75335341
-1.88497260
4.24812538
5.24151549
-10.03557101
7.36750817
-3.40660296
-7.53726870
-0.74522598
-2.45875594
-10.88125036
-0.09038954
-1.95550344
-6.91305193
-1.73775320
0.47001885
-9.81087944
0.17069417
0.36454215
-0.51779589
11.90321002
-2.64606842
-1.65673235
9.06537229
-8.70995234
3.85688488
-11.49134505
-12.12602679
10.18059236
12.74491909
3.45552008
4.28527774
10.79647616
8.05557621
-5.71980588
-7.31194391
9.06396143
9.08313202
5.40372355
2.99562566
2.41570731
-6.45169663
3.13823290
-4.98303690
2.38082804
-0.79580453
-9.20041676
-8.08489873
6.50075884
4.61835672
-7.49810541
-8.54306544
-3.96693095
-4.41398098
5.96875472
9.60319317
-10.82521989
-11.46265205
6.32023724
6.53921230
4.70773169
1.52644833
4.29752028
5.60611659
-4.68437318
-6.70418053
10.91914070
11.12673336
7.40695727
8.05053245
-1.52540527
-1.60116325
9.79122534
7.65877181
-10.29983925
-9.39625344
9.41459263
6.74701034
-0.27536869
-0.88755968
2.10938094
-3.77384094
13.47952297
12.42504206
-9.52353817
-7.11323878
1.63684831
4.57302723
9.67728959
8.67371467
-5.14476539
-5.80355124
-7.16897943
-4.92388919
4.35532971
2.98494463
1.67895309
-0.97514320
-9.49750360
-10.79572097
1.46822614
-5.86071553
3.96956017
-6.99428194
13.00050837
10.38748678
-2.15107269
-1.58523856
10.93045328
10.30892127
0.60542479
0.36944931
12.51096136
11.30898141
-1.44120067
-3.54807191
-10.16987708
-12.22322313
-12.63530297
-12.59658887
-1.42989061
-3.71374964
7.62197229
8.97241270
5.35590598
6.24092190
6.71990430
4.61739596
-5.48403241
-5.80863014
-3.80907911
-2.54300757
1.41018706
0.30570992
1.44731253
2.20650257
-8.99048895
-9.39951828
0.38930700
-0.28463754
-4.53618697
-4.98579534
6.50850462
8.31956443
5.75202510
6.41941665
-6.44616179
-7.38075208
-8.51656814
-7.27126882
3.35658230
4.75121215
-5.48508240
-3.17054256
-1.75205266
0.58098805
-3.87955664
0.33938029
-4.82696678
-5.65516163
5.65016258
3.91544315
10.76180203
12.17062238
-1.61394171
-3.99812285
1.96747756
1.12017511
-4.66784676
-4.65600320
1.78214427
2.30868087
-13.51910920
-10.53664669
7.31303380
5.78499594
-3.18821085
-2.93581111
3.62901167
4.53160081
3.91798368
6.34922645
-7.68933563
-8.87125771
7.73366217
8.44515456
-2.65459153
-2.41826052
-9.55405634
-8.52338800
-0.68609247
-1.75266230
-4.66199246
-3.63782523
-11.66222708
-11.99702115
-0.84765577
0.67732037
-2.88640218
-3.05503414
-9.66030411
-8.04058515
-0.83283082
-2.23392704
2.61412948
1.60712076
-11.98445381
-10.21150877
-1.70028739
1.22204789
0.32886097
-0.72863927
-0.73798768
-1.51662927
12.22169639
10.81946097
-2.64541328
-1.91515581
-0.66381122
-0.70000392
9.71202271
9.15998509
-6.73239722
4.73791173
-7.78264141
3.66790244
-13.17745965
-11.31931894
-12.55016094
-13.20796535
10.78947862
11.97128720
11.02020327
13.11853589
3.94877484
3.18165997
4.04370635
4.52810743
9.81605699
8.83819160
9.85029300
7.21602393
-7.21399867
-6.00176120
-6.64182438
-6.55298169
7.32735089
8.16801948
9.18018152
8.16771537
6.15693564
4.41294974
4.66152276
3.60579075
2.35141389
-7.54522495
3.35867406
-3.72333032
3.41317624
-6.14712663
3.89802742
-5.47338497
1.43520347
1.05462200
2.74197151
-1.71866600
-10.11614586
-6.65166981
-8.97817898
-8.30595686
6.29155935
5.64008752
7.48898782
3.62077264
-6.76420901
-9.50372578
-7.73873459
-8.46308168
-2.98551840
-6.01488277
-4.08650323
-3.47115451
4.99243059
8.67486640
6.81902787
9.59352596
-11.10825301
-11.74325820
-11.19394667
-11.42345315
7.26716189
7.23209188
5.73022376
5.52443553
2.03956048
2.15841020
3.70310327
1.10672393
4.96668439
6.55235566
3.94605207
5.73248151
-5.77329062
-8.19788720
-5.68705340
-6.59405780
