-3.71520617
-4.80487288
12.35658663
2.52996312
-12.37661394
10.57561799
0.16121860
8.14031545
9.61016127
6.16632739
3.01424112
-3.59338144
7.28135138
2.47599520
5.26490249
-8.10857570
-4.83583106
-2.82283544
6.06391288
-1.89406511
0.19550514
-8.51735902
-6.87714038
0.20418203
0.26242226
1.06026300
-5.83161051
10.67080804
5.08015849
-1.52236110
-3.39479687
2.11135627
2.91669923
13.60820095
-10.75710290
6.65822321
-5.94120904
-0.23563916
-12.10904770
-8.34739531
-0.02462464
-4.63294746
-0.83721336
4.92188666
-8.92210301
6.77525358
9.99441737
5.85780571
2.34200080
-3.61587648
-6.26339125
-0.46834513
-4.86662780
-0.90990613
-2.71646056
-8.50819536
11.87372690
-10.24085554
-2.44194924
6.20498533
-5.64727660
5.18626315
-8.52285360
3.17706475
-0.45063883
0.91916230
2.48937705
-9.66958544
2.47570872
10.01509972
0.17965292
-5.76792389
-13.49538876
0.76849124
8.60435197
-11.37716879
8.75109636
-2.81872574
-10.79451337
-6.76592023
-1.92616753
-3.83113845
6.61884098
11.14164757
4.52109242
-3.86818352
7.91069792
2.62245209
5.03767415
-9.09478395
1.72315926
0.22456437
-10.16965044
5.11556737
-3.31328573
5.33271563
11.22921569
4.44508897
-12.75847680
-6.16682207
-11.04850342
11.59547773
3.46636746
7.74774632
-5.54905646
7.25861679
3.35601477
4.09878392
-4.09522743
0.08171476
-7.54399822
5.56723174
-8.64146155
-5.03442248
8.78563709
-11.92733532
6.66194068
1.16195583
7.48713060
-7.06869518
11.26840586
8.61337622
-0.18111131
8.99823273
-10.84254152
7.41816644
1.14857605
-2.37569701
13.46275745
-8.24508516
3.03947960
8.45302734
-7.05953495
-4.45661940
2.75578882
-0.71774084
-9.59454110
2.82268298
-8.10098567
11.67701723
-2.88098149
9.39303021
1.88496630
10.13232406
-2.42485409
-12.73753245
-10.86040132
-2.51177690
8.38370586
7.93044832
3.59954996
-4.17391718
-2.74880263
1.40901067
1.21795096
-10.55027805
-1.20967662
-6.26718524
9.62170538
6.89456654
-7.68971882
-8.10542943
3.45850839
-4.47134424
-3.96424905
-0.58172984
-6.89721835
5.10946845
12.01672800
-3.60836208
0.30382410
-4.71210885
1.22460420
-11.21110334
5.70456713
-1.89486993
4.19708158
5.21207658
-9.95587803
7.36528671
-3.38596547
-7.47035237
-0.77437929
-2.44244151
-10.81698393
-0.08747811
-1.93461921
-6.87415666
-1.71354639
0.45728920
-9.77684667
0.17171820
0.35508820
-0.53632396
11.83791518
-2.63172912
-1.66061637
9.02847974
-8.69495056
3.81704244
-11.42649181
-12.07124502
10.12884734
12.66900754
3.43949825
4.26306036
10.74507508
8.02590510
-5.70637848
-7.27622882
9.03106987
9.04260017
5.38337274
2.98813747
2.40511197
-6.40141529
3.10850490
-4.95031009
2.37240511
-0.79207580
-9.15443283
-8.02322501
6.46554187
4.59810208
-7.47011560
-8.53779717
-3.99093380
-4.38562759
5.91651750
9.56544695
-10.78576289
-11.40496808
6.29124278
6.51125988
4.68366429
1.51399770
4.29425066
5.59692389
-4.48236421
-6.58275276
10.86954609
11.07639256
7.36865677
8.00872370
-1.53024663
-1.61900741
9.74918867
7.63059066
-10.23707432
-9.35646675
9.39687673
6.68419836
-0.29101447
-0.87654551
2.09167603
-3.74380985
13.40066930
12.37560934
-9.48054470
-7.06826147
1.64557303
4.54132689
9.61488574
8.62542933
-5.11760630
-5.76627426
-7.13713088
-4.89881801
4.33669204
2.97133914
1.67751596
-0.95545396
-9.39873819
-10.70757657
1.45871287
-5.81456233
3.94220168
-6.95477446
12.92614545
10.31932702
-2.13687905
-1.56986565
10.87718798
10.25756604
0.59909267
0.36871953
12.44605128
11.24701213
-1.43550239
-3.53683339
-10.11226225
-12.17399789
-12.57612798
-12.53719075
-1.44773805
-3.71151472
7.57864555
8.92453148
5.29981745
6.21205766
6.67188273
4.59051866
-5.45466457
-5.78260528
-3.81742321
-2.53799491
1.37911945
0.29284029
1.45645470
2.20152137
-8.95361423
-9.37776880
0.39627063
-0.27595813
-4.41810386
-5.04064767
6.49479378
8.29147287
5.72995759
6.40872458
-6.42294745
-7.36744657
-8.50609438
-7.25728755
3.33187651
4.71798115
-5.44919102
-3.15068220
-1.75445608
0.57852652
-3.89154060
0.34357442
-4.77846771
-5.65601922
5.61173395
3.89892379
10.67955713
12.12501915
-1.62328685
-3.98777603
1.93112314
1.09548082
-4.63280553
-4.61921580
1.76938631
2.30403677
-13.42940783
-10.48799544
7.28179562
5.74830319
-3.17658356
-2.93398764
3.60282313
4.46969385
3.90025683
6.31023750
-7.64901378
-8.81118224
7.68789982
8.42346309
-2.64021846
-2.39389481
-9.47256460
-8.45877133
-0.70063448
-1.75660495
-4.67577023
-3.65623716
-11.60117901
-11.92256907
-0.84745502
0.66177681
-2.85523373
-3.01402927
-9.62557031
-7.99249771
-0.82880677
-2.21986269
2.58969154
1.58498393
-11.92844638
-10.17021637
-1.66912210
1.17578330
0.32346275
-0.72714038
-0.73208071
-1.51276066
12.15808939
10.76268031
-2.58173826
-1.94191805
-0.66231514
-0.70302232
9.66456908
9.11569718
-6.68201967
4.71463252
-7.72360634
3.65138930
-13.13124105
-11.28701637
-12.47749807
-13.15233714
10.73768135
11.91654645
10.97631512
13.05344495
3.93406242
3.16727923
4.03687136
4.50876621
9.77381064
8.79836100
9.80183303
7.19881896
-7.01510450
-5.96212027
-6.66881775
-6.54328246
7.28469603
8.13277889
9.13253101
8.12677858
6.15179908
4.40190733
4.63351405
3.58468413
2.34085954
-7.52172421
3.34812061
-3.69256306
3.36965509
-6.15335441
3.86199757
-5.42461909
1.43039276
1.05708507
2.73624306
-1.70142540
-10.06777015
-6.60844122
-8.92407856
-8.26779762
6.24537971
5.61327769
7.45352066
3.60584608
-6.71262270
-9.46336825
-7.66556793
-8.44588815
-2.98648817
-5.98012526
-4.06101993
-3.44162772
4.94114980
8.62155159
6.75715536
9.57666518
-11.06460398
-11.69497236
-11.17909191
-11.36528524
7.22349904
7.19824018
5.77171427
5.49481519
2.02073216
2.12210099
3.68688222
1.09073430
4.90360855
6.53339681
3.86979694
5.69547629
-5.82633750
-8.02091538
-5.57829374
-6.37824831
