-3.82816561
-4.94362852
12.66195630
2.66015047
-13.00001223
10.82816445
0.28639469
8.65043498
9.61126084
6.42532127
3.20682033
-3.79163408
7.43933754
2.77132253
5.55298694
-8.70308730
-5.09543881
-2.88568430
6.16629502
-1.96466202
0.23899923
-8.95561929
-7.04547458
0.27637185
0.30267969
1.44016689
-5.98070268
11.11130701
5.27335403
-1.40798207
-3.67033223
2.25448104
3.19316887
14.08941311
-11.25504249
6.95345193
-6.29042036
-0.26215269
-12.71407226
-8.21213973
-0.03770760
-4.76898662
-0.85118915
5.09573737
-9.14286140
7.05718984
9.89464767
6.23517055
2.46694477
-3.74452261
-6.37551411
-0.44770214
-4.97526334
-0.95801581
-2.95842065
-8.86380995
12.30216213
-10.55175003
-2.52914663
6.42534526
-5.82837418
5.47693703
-8.74226803
3.27040908
-0.64513720
0.97225093
2.51282064
-9.89104542
2.50282445
10.37258311
0.14778307
-6.12829250
-13.88108769
0.88491586
8.60932991
-11.84230628
9.06388163
-2.91201164
-11.08926017
-6.88275142
-2.32313649
-3.89516092
6.78800757
11.74236167
4.63012636
-4.07254569
7.66883232
2.08536414
5.11912588
-9.45247410
1.83713909
0.19362682
-10.29920626
5.25883182
-3.45570710
5.55833383
11.64410487
4.58504306
-13.08185152
-6.31890885
-11.33337381
12.09021698
3.55096564
8.12345452
-5.83992477
7.40942165
3.39897436
4.10885184
-4.56973770
0.19376420
-7.76243273
5.72031521
-9.13698972
-5.19726125
8.70258504
-12.07204495
6.93168797
1.24051277
7.64495519
-7.46479216
11.50836973
9.28529837
-0.07485525
9.42321722
-10.78808537
8.06895345
0.79096271
-1.57983144
13.61054217
-8.89161306
3.02112157
9.37831562
-7.31735085
-4.63393185
2.78751686
-0.76197018
-10.04323823
2.93669963
-8.24390879
12.12452119
-2.97488227
9.69950776
1.94417633
10.38622763
-2.38826249
-13.24398140
-11.17047193
-2.67242958
8.49747933
8.06773315
3.79315580
-4.25283886
-2.84107612
1.49014795
1.29269835
-10.81548679
-1.23661085
-6.39955877
10.06402539
7.14750027
-7.91376107
-8.22967725
3.57489839
-4.61195166
-4.01522734
-0.62880320
-6.97902933
5.25370041
12.47491971
-3.75414058
0.52610228
-4.81893812
1.22021294
-11.79185990
5.92692433
-1.83673860
4.40682600
5.28367668
-10.28626554
7.34610976
-3.45167904
-7.88209966
-0.75828012
-2.50976230
-11.24616209
-0.18106439
-2.03065826
-7.23071004
-1.84265479
0.46739606
-9.94891878
0.14482388
0.46052111
-0.56082319
12.23587301
-2.78181364
-1.76890011
9.31725243
-8.90524213
4.12736796
-11.74950941
-12.41367231
10.44814668
13.19106353
3.52178693
4.44554960
11.15125719
8.27936654
-5.94841278
-7.11064374
9.22861680
9.07934742
5.48182016
3.01228077
2.47475046
-6.66433130
3.24745172
-5.20570264
2.44657198
-0.77130780
-9.41110785
-8.39384151
6.63547260
4.70255314
-7.58092073
-8.56972846
-4.00287387
-4.56620207
6.09167709
9.73299043
-11.05417367
-11.75069355
6.59794635
6.62304239
4.81539458
1.47681218
4.48897100
5.73359375
-4.95497712
-6.86652797
11.39964951
11.30244178
7.40651930
7.87644721
-1.21974283
-2.06681477
9.65855696
7.41242512
-10.21349090
-9.17700635
9.42759020
7.14216565
-0.30369658
-1.37912222
1.64163878
-4.29894772
13.44797672
13.28677313
-9.88062659
-7.85062156
1.58850574
4.52153434
10.24184713
8.29562139
-5.36970058
-6.02164603
-7.35272453
-5.05737102
4.43173637
3.04164497
1.70972356
-1.02285707
-9.92302350
-11.26588090
1.56562561
-5.94903306
4.02320800
-7.09564436
13.41750743
10.76064447
-2.19073106
-1.61550715
11.17358498
10.52385171
0.65804222
0.38821470
12.88312774
11.60976499
-1.54651826
-3.61438393
-10.52321875
-12.51359716
-12.93306017
-12.92574794
-1.61380158
-3.93769727
7.80470978
9.16422420
5.61821099
6.31360574
6.70254000
4.80780911
-5.54626880
-5.92715659
-4.02880288
-2.75785242
1.51210293
0.33597828
1.44400056
2.32224407
-9.20103438
-9.55371313
0.36960354
-0.33540506
-4.80763594
-5.16072878
6.58500020
8.48072753
5.90531133
6.46023939
-6.59900567
-7.51235877
-8.63411880
-7.33383860
3.46509768
4.88323186
-5.58810950
-3.24722381
-1.80957989
0.63212188
-4.01994343
0.37117718
-4.99207285
-5.67587114
5.86061177
3.96674582
10.85453881
13.05884452
-1.65276087
-4.10393506
2.14879346
1.00561026
-4.77848718
-4.73842180
1.81840671
2.32603913
-13.95920714
-10.95655031
7.38382308
5.99208511
-3.32468092
-2.84316947
3.85954663
4.87730880
4.04355682
6.37946074
-7.91848575
-9.09991151
8.08418486
8.50763965
-2.68758956
-2.49350663
-10.02126984
-8.79507426
-0.71143342
-1.79946430
-4.87510945
-3.82532216
-12.16148104
-12.41560987
-1.14927805
0.92726285
-3.04105391
-3.21781644
-9.90240536
-8.34855639
-0.89890023
-2.27729907
2.68651509
1.60633004
-12.27785322
-10.50261809
-1.81618094
1.37797596
0.63354224
-0.65143775
-0.93236286
-1.59669557
12.63754842
11.12884326
-2.82087436
-1.85557344
-0.69747181
-0.69575836
9.98616169
9.50235426
-6.97190190
4.85325824
-8.08772522
3.71567633
-13.37873342
-11.61887877
-12.85109684
-13.53995769
11.16260255
12.32761234
11.31322427
13.48691072
4.00330742
3.33231392
4.10178949
4.63656151
10.16762331
9.15317367
10.17525432
7.37811024
-7.63338399
-6.10489182
-6.92967053
-6.76280035
7.52723925
8.35769204
9.40236152
8.16097340
6.31072756
4.48940519
4.76382867
3.65056463
2.45056880
-7.77965216
3.32874783
-3.83199899
3.52129503
-6.19731760
4.17753590
-5.66525688
1.40641053
1.13037786
2.86390358
-1.77315173
-10.25239774
-6.83152846
-9.39172604
-8.40166448
6.52951454
5.77838788
7.42079552
3.69146358
-7.10018250
-9.89615902
-8.14246879
-8.59678568
-3.13853676
-6.12450157
-4.20400029
-3.54455886
5.14092222
9.07378862
7.12989161
10.11055065
-11.33094686
-11.98077230
-11.25243790
-11.71016334
7.51085857
7.24852187
5.88370478
5.63435196
2.11897644
2.19663883
3.82305660
1.24294255
5.23834201
6.62516608
4.22637738
5.89674586
-5.90952607
-8.47582670
-5.96779116
-6.94500770
10.32974437
11.65377862
11.00942533
12.03530228
8.49399389
8.78599689
8.26294793
8.34619376
-3.20654665
-0.06037519
-2.21632323
-1.14653122
11.51429873
9.00496611
10.65148130
8.17328351
-9.47982670
-11.66159490
-10.88660212
-10.14668336
7.89131086
7.33051271
9.84089559
6.94332477
0.60216130
-2.17683669
1.59781974
-2.46466558
-0.58093754
-0.70207411
2.63510961
-3.49051166
13.80023139
14.43692300
14.40509475
12.31245039
-8.84729980
-7.96559443
-9.78451206
-6.97448939
3.08538287
3.43641974
2.46674064
4.84918603
10.74023604
8.37930827
9.25446285
9.22656262
