-2.06129312
-2.67941979
4.97749685
1.80540127
-5.54748481
5.39728890
0.68828755
4.28045982
5.31439035
3.80894607
1.01392801
-1.13770227
4.11391324
1.54810379
3.64057329
-3.87211885
-1.40519329
-1.24123770
2.96154917
-1.16627935
-0.31370672
-3.43015727
-4.07505580
-0.26441642
-0.26660582
0.96884697
-3.18921908
4.85619476
2.76129536
-0.18327131
-2.17044421
1.49064166
0.59106531
6.07184934
-4.63093023
3.62653869
-2.40514310
-0.07601123
-4.72145018
-3.44191278
0.36335905
-1.05564711
0.57593525
2.27702044
-4.48588140
2.78562463
4.00740829
2.40620985
1.68314244
-2.35640594
-2.76889625
-0.28880491
-2.49653858
-0.88477111
-1.23414711
-3.01441538
5.84214377
-4.95980470
-1.61762589
3.22221895
-2.88363691
2.14794724
-4.31002005
1.14205808
0.17955016
-0.38214922
0.99219634
-4.08680527
0.82122067
4.51907461
-0.34507499
-4.14792042
-6.11004805
0.89397031
4.20108322
-5.35982265
5.00525660
-1.18483102
-5.06299010
-2.38049638
-1.22924766
-1.66962908
3.35463295
4.42261266
1.86189331
-2.17282860
3.39742310
1.33943430
3.15817378
-4.37746708
0.92259260
-0.11636782
-5.32142618
3.00258405
-1.01343768
1.94662587
5.03133365
2.33128602
-6.49141755
-3.31728361
-5.98176257
5.74910573
2.33545481
3.99684845
-2.07462872
3.37960409
2.00772043
2.44037304
-2.17432629
-0.05787012
-3.51941598
