-3.78432592
-4.84422939
12.51631472
2.58429025
-12.61941811
10.68578382
0.23063607
8.19301394
9.47844252
6.28781238
3.13468944
-3.69435291
7.33743173
2.48496203
5.42259125
-8.44226187
-4.96707669
-2.82266874
6.16579641
-1.93785518
0.21128133
-8.70163708
-6.96005623
0.24674211
0.26329585
1.11522464
-5.93173438
10.87579488
5.15786226
-1.52448767
-3.53292248
2.19726885
3.05796549
13.78913482
-10.99890891
6.79410639
-6.11527942
-0.23919318
-12.29115286
-8.46125335
-0.04743166
-4.68651840
-0.87564971
5.00117668
-9.03522021
6.94221529
10.06643186
6.06237526
2.38167022
-3.69030492
-6.33644787
-0.47873327
-4.86861383
-0.93455615
-2.77465923
-8.62836234
12.08324626
-10.37156793
-2.47482194
6.31770377
-5.75922638
5.38648718
-8.60350366
3.23317741
-0.50583794
0.93881309
2.47925565
-9.75733794
2.49352117
10.16566168
0.16832145
-5.93601215
-13.67027990
0.84100886
8.79617154
-11.56856358
8.78811352
-2.85708429
-10.93487790
-6.89081732
-1.93189415
-3.85307542
6.72988161
11.71088412
4.49895533
-4.03262671
7.44104574
2.71963781
5.06364054
-9.22411879
1.72047760
0.19962981
-10.24378973
5.06298712
-3.44543288
5.41668000
11.41251584
4.49243949
-12.94433312
-6.18836892
-11.21298640
11.82018921
3.51648063
7.92694048
-5.63254681
7.33360824
3.37225229
4.14719461
-4.25920475
0.06483290
-7.64679571
5.61350746
-8.85360731
-5.12897469
8.75865942
-11.95036475
6.70828080
1.20196316
7.61560147
-7.30801935
11.36587023
9.04939071
0.00104741
9.39099940
-10.66196039
7.54835763
1.16947581
-2.38937911
13.66082136
-8.33138546
3.11618077
8.71403844
-7.18609449
-4.52979214
2.76467541
-0.74764869
-9.77003166
2.87609669
-8.17918268
11.95999173
-2.93186762
9.68074496
1.91717369
10.25229041
-2.42916864
-12.95561494
-10.98951214
-2.55939857
8.40521252
8.06472818
3.65585645
-4.26021187
-2.76178636
1.44137072
1.22031802
-10.68155696
-1.24589596
-6.29213873
9.82703788
6.89347617
-7.77166566
-8.15994177
3.54621366
-4.54004606
-3.94198413
-0.60216066
-6.91308552
5.15252314
12.24062476
-3.67389683
0.49076182
-4.81068265
1.23465795
-11.49302772
5.85247751
-1.84378781
4.33037577
5.26228528
-10.12519047
7.28590953
-3.43756399
-7.62188565
-0.74612050
-2.48820997
-10.96317024
-0.08279457
-2.01487486
-6.99622193
-1.80148024
0.48372970
-9.84754624
0.16396422
0.37749248
-0.51345664
12.10646582
-2.71663913
-1.67580802
9.10876444
-8.75307537
3.93632670
-11.59282855
-12.23357081
10.27312432
12.90875427
3.45842290
4.34099698
10.92879806
8.09592989
-5.79504611
-7.40436198
9.10681301
9.05369950
5.41191713
2.94244496
2.47018402
-6.53456913
3.18703034
-5.05011647
2.35554412
-0.80731571
-9.28757386
-8.16264909
6.51266637
4.64780548
-7.55011602
-8.54863437
-3.92881757
-4.48222742
6.07510758
9.68709489
-10.88673574
-11.58215876
6.39132816
6.53761077
4.74033142
1.52586713
4.32819114
5.66394880
-4.83536241
-6.76580387
11.18972164
10.87444620
7.20265106
7.93295931
-1.11853094
-2.10230311
9.42974760
7.41349328
-10.35758020
-8.92819517
9.48612740
6.83184900
-0.26434482
-0.91686558
2.12549539
-3.84432623
13.65497923
12.63777569
-9.59550168
-7.19075043
1.74430932
4.62552715
9.68399992
8.62683040
-5.20475836
-5.87181124
-7.23863103
-4.98109537
4.36983963
2.99918293
1.70537450
-1.02741058
-9.67162170
-10.92049162
1.48890125
-5.93741212
3.99981337
-7.04557348
13.20359739
10.60226835
-2.17787406
-1.60100861
11.10636278
10.51579864
0.68108227
0.40463412
12.65535455
11.43387205
-1.45259306
-3.57836318
-10.29014635
-12.32401999
-12.75823010
-12.72022925
-1.46168445
-3.77947338
7.62831839
9.02897810
5.41673072
6.29156553
6.81671232
4.67884439
-5.56011598
-5.85839456
-3.91865378
-2.58848556
1.45750292
0.32044780
1.42990962
2.22246239
-9.05725303
-9.44641583
0.37998876
-0.29390457
-4.64346652
-5.03776711
6.51892698
8.37935021
5.75333808
6.29035858
-6.49788863
-7.40746687
-8.53234471
-7.27389879
3.39329065
4.81211540
-5.52932583
-3.20938853
-1.77045140
0.58424541
-3.92708447
0.31337147
-4.92525823
-5.65821555
5.70919427
3.92147470
10.80807456
12.65911667
-1.63818225
-4.03740353
2.04571196
1.11861707
-4.72050405
-4.72379159
1.80313996
2.31437264
-13.67742454
-10.65975344
7.37189076
5.88901140
-3.24182300
-2.86601012
3.73058504
4.69864795
3.95582360
6.34993853
-7.76031326
-8.93320342
7.86259174
8.43968274
-2.68178290
-2.47720970
-9.66954057
-8.62331055
-0.69833036
-1.77342288
-4.71832466
-3.69524515
-11.83203839
-12.13517720
-0.91511092
0.82488199
-2.97458746
-3.13925191
-9.73681189
-8.13658312
-0.86376619
-2.29041780
2.66340899
1.63968417
-12.11129767
-10.32318471
-1.77168471
1.30428321
0.33124713
-0.73022097
-0.75769542
-1.54687925
12.36107250
10.99936951
-2.73581260
-1.88432008
-0.66626612
-0.70576051
9.87587852
9.41327388
-6.83115682
4.76053116
-7.89743442
3.68150692
-13.25759886
-11.41203584
-12.66150681
-13.32616206
10.92007995
12.08986882
11.12132094
13.26281963
3.91674369
3.23723637
4.04023854
4.53876864
9.93020840
8.98047435
9.95757747
7.27501415
-7.39191036
-6.07235289
-6.72986664
-6.63194450
7.41249731
8.20726438
9.26648461
8.17558529
6.17827642
4.42153524
4.68021725
3.58230037
2.38905805
-7.62303387
3.37267810
-3.79166951
3.48112778
-6.11872451
4.00379891
-5.55322144
1.43198593
1.04987491
2.75534151
-1.75207031
-10.19740660
-6.72656827
-9.09571764
-8.37769856
6.39184576
5.69996262
7.31452913
3.65568268
-6.87784047
-9.62939046
-7.89206933
-8.52187525
-2.96156237
-6.08512790
-4.14750229
-3.49256065
5.08254468
8.73852863
6.93956844
9.66305951
-11.20017188
-11.83802457
-11.22025101
-11.53378176
7.31615759
7.17677213
5.73652389
5.53108536
2.07906614
2.18810996
3.75293247
1.14028613
5.07485848
6.62443668
4.07554539
5.79025192
-5.84346465
-8.29843710
-5.83980717
-6.76167732
10.07338608
11.51979519
10.79985199
11.72484637
8.37027482
8.87316549
8.02859386
8.03809420
-3.21729256
-0.17526556
-2.10228372
-1.14922732
11.33078144
8.89430727
10.42607413
8.10447718
-9.25888816
-11.33966015
-10.44714311
-9.95839746
