-3.77335835
-4.82908846
12.50267177
2.57115526
-12.58140219
10.65831782
0.22043889
8.16173024
9.49275412
6.28170381
3.11689567
-3.67153698
7.33350640
2.48567356
5.39790721
-8.39634261
-4.95125740
-2.81383522
6.14974101
-1.92840400
0.21058307
-8.67535589
-7.01480247
0.23581937
0.26172707
1.10871429
-5.91263212
10.82899798
5.15013439
-1.52341855
-3.50992407
2.18517723
3.03756298
13.76325514
-10.95992980
6.77299190
-6.09527576
-0.23585439
-12.25669027
-8.45473426
-0.04332110
-4.67277206
-0.87186677
4.99051792
-9.07897298
6.90466407
10.03088626
6.04250876
2.37927894
-3.67888418
-6.32619956
-0.46260273
-4.86629170
-0.92857773
-2.76422723
-8.59542839
12.03610514
-10.35015883
-2.47815469
6.29655549
-5.74366276
5.33360758
-8.58993603
3.21436562
-0.41978600
0.93708048
2.50986020
-9.74384337
2.49271100
10.12770252
0.16900397
-5.89290356
-13.63975347
0.82694000
8.80488982
-11.53327829
8.81150505
-2.81937104
-10.87014330
-6.84744808
-1.92909526
-3.84573736
6.72172481
11.27857808
4.48779664
-3.99495599
7.63411222
2.68928403
5.07002721
-9.18914202
1.72207965
0.19419275
-10.23217100
5.11882683
-3.45578855
5.39989998
11.37060873
4.48235025
-12.90613748
-6.18160975
-11.18674729
11.77541562
3.49729857
7.88660085
-5.61430181
7.29889210
3.37704513
4.14302584
-4.22744806
0.07039720
-7.65899090
5.60243838
-8.81141298
-5.11307727
8.75556591
-11.94763158
6.69609677
1.19596303
7.59114102
-7.29209350
11.32855858
8.90967185
-0.02638220
9.11306220
-10.93347335
7.53239221
1.16720363
-2.38907084
13.64470020
-8.34712988
3.09215922
8.65982098
-7.16314183
-4.50108355
2.75495939
-0.70970584
-9.74145052
2.86858290
-8.19537489
11.87384762
-2.93394629
9.69980406
1.90378832
10.22343719
-2.42731795
-12.91687340
-10.96777843
-2.54868149
8.49351779
8.04017105
3.64742386
-4.29222405
-2.75184031
1.43479496
1.21833318
-10.66047010
-1.23961946
-6.27166165
9.76980148
6.80227344
-7.75840924
-8.15275660
3.52926441
-4.53246062
-3.92804477
-0.59811937
-6.91046395
5.16131810
12.24222200
-3.66824337
0.38426094
-4.79533418
1.23612098
-11.40715953
5.82319483
-1.86781638
4.31218429
5.26162392
-10.09611381
7.31122171
-3.43186111
-7.59724172
-0.74490350
-2.48247528
-10.96512025
-0.04756691
-1.94865628
-6.97560631
-1.77033196
0.47953295
-9.83985696
0.16609721
0.37464070
-0.51694511
12.03082602
-2.70034676
-1.67041412
9.11052317
-8.71176451
3.90926028
-11.57924803
-12.20664488
10.24590015
12.86347244
3.47439237
4.32899493
10.89167412
8.07478392
-5.77349357
-7.38111740
9.09024272
9.03482793
5.42858033
2.98970290
2.45353631
-6.51368750
3.17518754
-5.02793980
2.37296847
-0.80713728
-9.26670080
-8.16919458
6.49571547
4.64611422
-7.53883774
-8.54790932
-3.93232673
-4.47335597
6.05134262
9.67606428
-10.87100038
-11.55218346
6.36737229
6.55402117
4.73459071
1.53426396
4.31705146
5.64219412
-4.80831550
-6.74847777
11.18847227
10.83167233
7.14542415
8.05935153
-1.11903726
-2.05056458
9.87286329
7.73339414
-10.38939307
-9.46655446
9.45166451
6.81271975
-0.26664078
-0.90402348
2.12070198
-3.82532486
13.60542421
12.62133920
-9.59164838
-7.17709670
1.64242021
4.61167695
9.66626291
8.61955719
-5.18949540
-5.85525430
-7.21717373
-4.96756872
4.37804745
3.00254212
1.68811128
-0.99755046
-9.62808496
-10.89001033
1.48588334
-5.92058084
4.00366685
-7.05066360
13.11362485
10.50149972
-2.17167986
-1.59707446
11.01102612
10.42934647
0.62155721
0.37988970
12.62464058
11.39774781
-1.44775230
-3.56830816
-10.26099407
-12.29806921
-12.72754935
-12.69003963
-1.45417717
-3.76470280
7.65131635
9.03222180
5.39882753
6.27979439
6.78995017
4.65897806
-5.51669509
-5.84148813
-3.89462485
-2.58066127
1.44517319
0.31647074
1.43538762
2.21745140
-9.04132907
-9.43451333
0.38465333
-0.29225098
-4.61867363
-5.02134363
6.53883734
8.36734691
5.75933998
6.30440865
-6.48399934
-7.40012339
-8.52683313
-7.27307784
3.38296272
4.79818001
-5.52007859
-3.19811986
-1.76524461
0.58680489
-3.91409834
0.33326101
-4.89812770
-5.65770946
5.69145181
3.93418383
10.80957796
12.57422295
-1.61049502
-4.01885172
2.03713221
1.13992915
-4.70711095
-4.70788413
1.79920688
2.32046215
-13.63759472
-10.59486749
7.34746961
5.85454860
-3.20760054
-2.87795589
3.70404056
4.65807453
3.94824490
6.37245414
-7.72640103
-8.91127018
7.82300182
8.44515245
-2.67424486
-2.46802506
-9.63869623
-8.59510127
-0.69449259
-1.76797023
-4.70221804
-3.68209843
-11.76096227
-12.10301754
-0.85652035
0.68655347
-2.93443327
-3.11396026
-9.71768073
-8.11333739
-0.85200422
-2.27207300
2.65082803
1.63012589
-12.07467815
-10.29257923
-1.75628308
1.28558897
0.33137741
-0.72818787
-0.75376622
-1.54222634
12.31896618
10.95566464
-2.71478557
-1.89151971
-0.66585894
-0.70561081
9.83094387
9.38199139
-6.80169181
4.74966890
-7.86820035
3.67042522
-13.23664112
-11.36102380
-12.63914014
-13.29662907
10.88009899
12.05099050
11.08201119
13.21856012
3.94452147
3.21316383
4.05079717
4.53688035
9.89118768
8.91791896
9.92460459
7.24160299
-7.35093468
-6.05374591
-6.70345091
-6.60967455
7.39504806
8.19002112
9.24075026
8.17196655
6.14596206
4.43237146
4.69027084
3.62088695
2.38074839
-7.59474296
3.37262189
-3.77410127
3.46316044
-6.12786451
3.97654739
-5.53297322
1.44368209
1.05344786
2.74504199
-1.74380582
-10.17949077
-6.71470435
-9.06619637
-8.35948466
6.36311254
5.69082953
7.39803411
3.64699171
-6.84465878
-9.59160464
-7.85036498
-8.50492476
-2.96676568
-6.06767692
-4.13136558
-3.48330415
5.06255157
8.72509708
6.91092561
9.65196645
-11.17602069
-11.81526344
-11.21412164
-11.50743462
7.32550892
7.24675398
5.72726214
5.53681082
2.07069972
2.17952092
3.73919201
1.13061129
5.05348258
6.60022998
4.05273297
5.77874828
-5.82661093
-8.27311294
-5.81061775
-6.73179536
10.03668414
11.52097240
10.77382951
11.67297876
8.28741633
8.92239147
7.90528274
7.95884481
-3.25546702
-0.18511006
-2.01321218
-1.17413601
