-3.78497882
-4.86159883
12.53931194
2.59075065
-12.73205040
10.70364952
0.23926071
8.51463266
9.48278800
6.29820613
3.15239144
-3.71388318
7.34756531
2.70878385
5.43275799
-8.49111787
-4.98096464
-2.83256113
6.09693499
-1.94985442
0.21451276
-8.73282576
-6.88648312
0.27278282
0.26627568
1.51921494
-5.92970990
10.92153513
5.16919317
-1.54764091
-3.55458683
2.20054234
3.06835017
13.81155738
-11.05206638
6.80311824
-6.13655952
-0.36267990
-12.46185829
-8.47754028
-0.04397004
-4.70528866
-0.87572475
5.03076874
-9.02863620
6.94340945
10.10543020
6.04513196
2.66143945
-3.68638064
-6.34632930
-0.48073347
-4.89166000
-0.93539339
-2.88138032
-8.66542848
12.12825077
-10.39398234
-2.47515116
6.34428758
-5.76406961
5.37771537
-8.62207113
3.25166489
-0.55347934
0.94072714
2.47637491
-9.77359577
2.50383467
10.21608929
0.16026677
-5.97421537
-13.70487227
0.84898270
8.75209367
-11.61440996
8.80660986
-2.86854543
-10.94471817
-6.89762328
-2.30712099
-3.89724623
6.71294048
11.73317090
4.52957343
-4.01914485
7.47585527
2.73322228
5.04818341
-9.23669992
1.75341590
0.21307727
-10.25573824
5.13094545
-3.44723766
5.43753692
11.46114650
4.52218672
-12.98476851
-6.24067977
-11.23194592
11.87085953
3.51903657
7.94120879
-5.65297169
7.34939172
3.36242989
4.13261144
-4.31398395
0.24652121
-7.68503614
5.63259143
-8.90084040
-5.12549883
8.74179240
-11.95262439
6.75768981
1.20718696
7.57708596
-7.32794185
11.39066302
9.12087782
0.00581400
9.39110145
-10.66844783
7.98717229
0.78516326
-1.79398473
13.68659149
-8.29908169
3.16214203
8.72496751
-7.20026208
-4.54367061
2.77177751
-0.77381429
-9.78078005
2.89270963
-8.09762832
12.00578546
-2.92497928
9.68605678
1.92492402
10.28034521
-2.46597198
-12.99016109
-11.01846253
-2.59117513
8.38908073
8.06250173
3.73586514
-4.25376456
-2.77147662
1.44828370
1.23207067
-10.70205124
-1.23491101
-6.31207424
9.87134389
6.96136899
-7.79944288
-8.16792171
3.61451064
-4.56769474
-3.95557708
-0.51599895
-6.91666467
5.17623888
12.25506486
-3.67850254
0.50646350
-4.79460848
1.23470598
-11.58676830
5.87529180
-1.84090251
4.31761333
5.27038745
-10.14401597
7.34020522
-3.44606410
-7.65602167
-0.74923715
-2.51498157
-10.95107109
-0.09224498
-2.04500384
-7.03203974
-1.80981767
0.50113402
-9.85478421
0.16154905
0.38457570
-0.49670938
12.11144977
-2.73131945
-1.67992526
9.13451697
-8.82509479
3.96000466
-11.61516468
-12.28631825
10.29928797
12.95867806
3.46756328
4.37426553
10.96375080
8.11256219
-5.82280415
-7.43174319
9.13013675
9.07797975
5.41103984
2.95428761
2.48138640
-6.56099905
3.19369057
-5.07597219
2.36361483
-0.84955195
-9.32858926
-8.19771961
6.54369806
4.65378784
-7.55641247
-8.54901423
-3.96212700
-4.49220438
5.98721347
9.71392409
-10.90818612
-11.61145798
6.42803132
6.53389030
4.74003160
1.51246886
4.33503466
5.62505955
-4.85742287
-6.78307855
11.20213704
10.91911258
7.24737931
7.84576134
-1.13269899
-2.10233382
9.54198646
7.34453093
-10.18981834
-8.93175283
9.34792807
7.06163206
-0.25833962
-1.23485148
1.63723347
-4.29699260
13.70259819
12.65730167
-9.58520918
-7.15507971
1.78219296
4.63855216
9.75144315
8.64617473
-5.26640229
-5.90130856
-7.25427190
-4.99819506
4.36219090
2.99815659
1.70287865
-1.04809600
-9.72200406
-10.93752091
1.52625178
-5.91884188
3.99730747
-7.04990838
13.27234096
10.65945235
-2.18884396
-1.60604452
11.10085780
10.53709800
0.68216479
0.39789565
12.68633612
11.46222645
-1.48175312
-3.60825334
-10.31046382
-12.34735755
-12.78858092
-12.75237975
-1.47940886
-3.82543390
7.66896514
9.03170038
5.43611850
6.30749335
6.73978972
4.73837734
-5.56541026
-5.87059606
-3.93863934
-2.59397124
1.46911197
0.32273153
1.43122510
2.29334062
-9.07275061
-9.46124623
0.37744876
-0.28045386
-4.67015493
-5.05524855
6.51316411
8.38570677
5.76143030
6.33060640
-6.52620705
-7.41690936
-8.54155078
-7.27817922
3.42734250
4.89140128
-5.54482732
-3.22433271
-1.77594244
0.59627943
-3.94260780
0.33107659
-4.94476313
-5.65747533
5.75022797
3.92783173
10.81811900
12.70955000
-1.64510155
-4.04969279
2.04867784
1.11153575
-4.72249748
-4.72333833
1.84359842
2.29776390
-13.75952500
-10.81216433
7.39074791
5.90443839
-3.24843218
-2.85457927
3.75744463
4.73841624
3.95766584
6.36129338
-7.78552036
-8.95144967
7.85767400
8.42321177
-2.71406366
-2.51893531
-9.71181059
-8.65677274
-0.70126360
-1.77989543
-4.72907507
-3.71976066
-11.99017253
-12.18225914
-0.95231160
0.87642094
-2.98838583
-3.16202984
-9.75649600
-8.13772196
-0.87601416
-2.31009053
2.68841126
1.62315983
-12.15032949
-10.36413189
-1.78384712
1.32218884
0.36966919
-0.71710668
-0.80243460
-1.66322280
12.41331897
10.99732396
-2.75288810
-1.87515524
-0.66271765
-0.70456888
9.87605135
9.42242077
-6.87985461
4.76764826
-7.96280571
3.68830334
-13.26533224
-11.45454761
-12.67295694
-13.38627425
10.95965031
12.12606408
11.15623455
13.30332387
3.90907994
3.25696540
4.05185311
4.55882892
9.97044488
8.99568604
9.99355234
7.26636536
-7.43612872
-6.04452369
-6.76022332
-6.64491245
7.41074117
8.22748049
9.28175844
8.20108348
6.21839795
4.42259100
4.67207485
3.58750025
2.39033680
-7.65297425
3.36505819
-3.76557327
3.49385456
-6.13922198
4.03162505
-5.58244553
1.43443202
1.06534904
2.78439039
-1.77090390
-10.19558888
-6.75873534
-9.13639899
-8.35020993
6.40248058
5.70360973
7.29622679
3.66641402
-6.91833575
-9.67258319
-7.93608670
-8.53668560
-3.13593954
-6.06110722
-4.15861093
-3.49492555
5.07974646
8.92603469
6.98568068
9.92045633
-11.22665033
-11.85894491
-11.22611958
-11.55829613
7.32010139
7.16565483
5.75007335
5.53349181
2.06363622
2.19448633
3.71654525
1.16240082
5.05089127
6.62258304
4.06821424
5.81171572
-5.86017620
-8.32350851
-5.86428980
-6.78781172
10.15083710
11.54739428
10.86260410
11.77873197
8.38766963
8.80463704
8.10096961
8.13020286
-3.20674673
-0.15398828
-2.11947618
-1.14915491
11.43875371
8.91251473
10.52107883
8.11520396
-9.37451801
-11.46639504
-10.50612805
-9.94836354
7.84860996
7.17277850
9.75246791
6.79648520
0.74527867
-1.60924914
1.56360088
-2.71220052
-0.69795325
-0.72409944
2.57945618
-3.53017551
