-3.83423733
-4.99592553
12.76145179
2.70457157
-13.14661885
10.89188971
0.31547539
8.69208750
9.73353292
6.54003958
3.21753784
-3.85296590
7.53578555
2.71047282
5.59151353
-8.78409541
-5.17518717
-2.92105358
6.25390799
-1.98774502
0.26156514
-9.01617873
-7.11938874
0.31102575
0.28718514
1.42089738
-6.03169976
11.25537982
5.35635819
-1.38799134
-3.76224565
2.29259101
3.28182545
14.21486053
-11.45394602
6.99547835
-6.39261203
-0.18608487
-12.86200898
-8.13097363
-0.06258150
-4.81385073
-0.84836350
5.11865210
-9.25934934
7.12381271
10.03607657
6.34289429
2.42858683
-3.76472834
-6.17229045
-0.44334514
-4.58434663
-1.01366534
-2.88557059
-9.09075195
12.41377810
-10.68336244
-2.45714596
6.58765929
-5.90463716
5.60898481
-8.92974650
3.26881415
-0.58707028
0.99389710
2.53578202
-10.01616176
2.60965870
10.53674211
0.16202718
-6.27051715
-14.06196544
0.83776289
8.62826283
-12.08246534
9.25669229
-2.91087603
-11.22047547
-7.11323412
-2.36155739
-3.75939567
6.87434969
11.75074977
4.68726696
-4.17946678
7.69817637
2.03224265
5.20645764
-9.55901398
1.85452885
-0.42463251
-10.35193277
5.33208391
-3.59805964
5.69361971
11.82630374
4.75658379
-13.19092964
-6.48177129
-11.41326960
12.24748330
3.66520319
8.26386292
-5.90704260
7.41061769
3.43228850
4.10940595
-4.70443630
0.19208121
-7.84261140
5.85635718
-9.33658742
-5.22525290
8.69754012
-12.22703615
7.08008815
1.24896846
7.72539956
-7.55567592
11.59025830
9.44998409
-0.13732516
9.51553370
-10.84091001
8.15899236
0.83816374
-1.59929802
13.61978013
-9.02347667
2.92180505
9.57125991
-7.02156832
-4.32313955
2.77114888
-0.12775090
-10.67171225
2.97446966
-8.29708231
12.20291282
-2.98207789
9.70879130
2.02618133
10.49995839
-2.37935659
-13.46357991
-11.34266978
-2.71653042
8.58174148
8.12515997
3.81857575
-4.24901376
-2.90272758
1.51114198
1.30423562
-10.93476679
-1.25634936
-6.46328811
10.18644304
7.24550286
-8.02289306
-8.33355250
3.54139649
-4.68152242
-4.05577780
-0.63723013
-7.07839399
5.59677632
12.56675918
-3.70745127
0.63251405
-4.91315227
1.20400497
-11.91683754
5.96536723
-1.78850583
4.43061055
5.21956784
-10.39710350
7.46670013
-3.50375552
-7.97467018
-0.76268272
-2.52565327
-11.52889416
-0.20328250
-2.15202046
-7.38887581
-1.99628431
0.41051294
-10.04800657
0.12411131
0.53728788
-0.59505472
12.37936744
-2.81868272
-1.79961501
9.44205181
-8.97161474
4.03209652
-11.85022685
-12.55346295
10.56262304
13.37164719
3.56151815
4.54647133
11.28178655
8.41189074
-6.04530806
-7.06948002
9.28809520
9.07596473
5.54159036
3.06018763
2.48961339
-6.79840106
3.29437144
-5.18649973
2.51398685
-0.81666503
-9.40705006
-8.54903470
6.78060944
4.81912402
-7.70906992
-8.64264931
-3.97096642
-4.53608922
6.14815764
9.82100642
-11.20280335
-11.88487087
6.67001060
6.66517916
4.82449702
1.49262920
4.58631595
5.78294742
-5.04145577
-6.89866213
11.51072931
11.51142186
7.54868835
7.84282520
-1.24901665
-2.08483207
9.75870832
7.50908688
-10.21862684
-9.21243456
9.47523079
7.20278911
-0.33084009
-1.40290609
1.70854983
-4.56318106
13.53758648
13.47587033
-9.98476450
-7.93590261
1.69889895
4.48688352
10.29608888
8.34256371
-4.79225134
-5.31729016
-7.12746099
-5.68518887
4.73185668
3.70037599
2.17260443
-1.28733259
-9.66590409
-11.08276512
1.55446712
-6.04323578
4.02450401
-7.20079815
13.51695479
10.83767202
-2.22899294
-1.61389879
11.36520794
10.60519582
0.71056796
0.48265493
13.00783709
11.72784690
-1.49644692
-3.66826598
-10.71183425
-12.67997549
-13.06888809
-13.05451657
-1.69127546
-3.99731293
7.88731125
9.24024180
5.72900550
6.37506722
6.76114153
4.85446799
-5.46738429
-6.23576614
-4.10920342
-2.82205436
1.54198400
0.35082806
1.56679142
2.37434186
-9.32465145
-9.67612129
0.30238534
-0.35342269
-4.91283211
-5.24165107
6.67052274
8.61584244
6.00142956
6.57897820
-6.69184707
-7.67581199
-8.74861583
-7.47141423
3.52494202
4.86363049
-5.64070614
-3.28512277
-1.83693149
0.64483552
-4.08186609
0.38847254
-5.16445336
-5.77050533
5.97394291
4.22906800
10.93998515
13.21138405
-1.61352197
-4.07145112
1.99998814
0.97309844
-4.85387033
-4.82753742
1.83338251
2.32405235
-14.10727048
-11.07127096
7.42155905
6.06762526
-3.19568385
-2.85462322
3.92949166
4.96895097
4.11664538
6.37039128
-7.98820230
-9.20248280
8.20474217
8.60891691
-2.70797155
-2.47780591
-10.01522798
-8.68878888
-0.72700413
-1.82876378
-4.92158687
-3.86774848
-12.29633492
-12.68742373
-1.19701870
0.95631358
-3.15633140
-3.26578795
-10.08084590
-8.53203027
-0.94665922
-2.33142968
2.61853315
1.57551485
-12.42374813
-10.67112756
-1.84323108
1.43093392
0.52096027
-0.59967715
-0.88448727
-1.61204978
12.80494589
11.25642892
-2.87037109
-1.86198378
-0.70231695
-0.70878210
10.09399740
9.56311830
-7.06760845
4.90934757
-8.19530568
3.78709405
-13.53767957
-11.78358651
-12.96681147
-13.69529217
11.31498867
12.47562770
11.46794823
13.63064814
4.07826516
3.38457448
4.14513335
4.80157439
10.27946664
9.30722373
10.29161551
7.49156059
-7.73598663
-6.03536786
-7.03277170
-6.81614990
7.64976583
8.43068146
9.50493401
8.21569811
6.40027542
4.53017102
4.81536969
3.68299903
2.48548093
-7.91854497
3.32362079
-3.95267923
3.54586791
-6.28527403
4.29936991
-5.77358259
1.40869323
1.11248268
2.90302156
-1.81745001
-10.33463259
-6.83785855
-9.63156227
-8.35905898
6.67640615
5.90657741
7.60296912
3.70129319
-7.26290736
-10.13762516
-8.34270899
-8.73596810
-3.15384849
-6.30093212
-4.31762253
-3.56448027
5.17229383
9.15714325
7.20294900
10.20301287
-11.39300543
-12.11358133
-11.26542310
-11.82685107
7.63609797
7.32485381
5.94490617
5.68614724
2.15634136
2.17263987
3.84839679
1.28965351
5.35603054
6.69465633
4.34137148
5.92861236
-5.92762108
-8.56764826
-6.04768549
-7.04839786
10.48159257
11.79780813
11.02399353
12.08134357
8.56844326
8.75383547
8.44182239
8.46320916
-3.25667511
-0.11693019
-2.25756429
-1.16485126
11.60296677
9.06200624
10.74543692
8.20777383
-9.49307135
-11.74134617
-10.97103523
-10.20598462
7.96597046
7.41855452
9.93157655
7.02567881
0.63576393
-2.21050160
1.60922136
-2.60405429
-0.55500576
-0.70744117
2.69857313
-3.62778302
13.86376858
14.46520154
14.48242693
12.49184737
-8.91089274
-8.10546885
-9.84676203
-7.07976858
3.02969243
3.56361284
2.62055025
4.81703987
10.83142976
8.56632042
9.32726285
9.31388367
-5.45965618
-7.48718539
-5.55889826
-6.28380472
-6.70758405
-5.27277960
-7.66940551
-4.70644917
3.00163029
3.08859505
4.24789815
2.62342373
0.54636753
-1.15469551
1.28546809
-0.72443218
-11.64646770
-9.71833601
-10.51091626
-12.05847661
