-3.78758104
-5.05261807
12.86675071
2.70744386
-13.30889850
10.98267372
0.33010325
8.74482281
9.86624510
6.61022540
3.24777633
-3.91501564
7.63370379
3.27497253
5.65306842
-8.91348865
-5.24406239
-2.96051033
6.35004965
-2.00342105
0.28994877
-9.19901789
-6.92835314
0.33275013
0.29388718
1.36007031
-5.66608150
11.42391110
5.36107318
-1.41560194
-3.84969492
2.32115142
3.31261994
14.32862746
-11.61120850
7.05073728
-6.47467470
-0.17688012
-12.98381144
-8.30043620
-0.11037546
-4.87926479
-0.84073671
5.23012276
-9.39736617
7.24515578
10.11572660
6.43269581
2.40428013
-3.69251174
-6.22619696
-0.42263215
-4.53611831
-1.01921858
-3.01031985
-9.23219603
12.57645695
-10.79493314
-2.44325020
6.71849775
-5.93262364
5.72069059
-9.01394586
3.18689946
-0.57197694
0.89866037
2.56141917
-10.16995579
2.65347232
10.69456917
0.13766737
-6.35516352
-14.20388209
0.85614962
8.75016010
-12.23612265
9.38597894
-2.90446816
-11.35929176
-7.20805019
-2.41255274
-3.70866663
6.88055605
11.75387962
4.76328708
-4.23021823
7.78092607
2.06212720
5.28915135
-9.65590384
1.89452968
-0.37450498
-10.49322792
5.41274777
-3.72257444
5.74796360
11.99532755
4.88093235
-13.29584452
-6.48094145
-11.49597031
12.42654579
3.82510916
8.39080369
-5.96267134
7.47849131
3.40908843
4.14914346
-4.77932628
0.12696840
-7.92532884
6.03976123
-9.46464991
-5.26670189
8.76729083
-12.40144034
7.26648400
1.28487677
7.80443004
-7.63305160
11.68569953
9.55956559
-0.10211602
9.59809603
-10.97263616
8.22854078
0.75672447
-1.62306751
13.72677348
-9.14664801
2.86227264
9.66984318
-7.05406480
-4.37421894
2.80437779
-0.08024326
-10.87882720
3.27699109
-7.87327227
12.35687869
-3.04337398
9.76321829
2.00974650
10.58234208
-2.35672331
-13.62600491
-11.45249262
-2.75035699
8.66506090
8.21070588
3.96234558
-4.24606185
-2.95460736
1.51849745
1.32497074
-11.09464722
-1.32024593
-6.52263595
10.35261646
7.34817773
-8.12997264
-8.46382271
3.42353946
-4.72419024
-4.09384580
-0.68636524
-7.17613719
5.56394975
12.68704703
-3.71025045
0.68269459
-4.86738766
1.20955110
-12.08953699
6.04616749
-1.80532880
4.47379348
5.27736362
-10.50640790
7.59319269
-3.52880083
-8.10444124
-0.76644205
-2.55349547
-11.65257690
-0.16419479
-2.11924561
-7.45586755
-2.03966335
0.42352204
-10.15719108
0.09877795
0.59447845
-0.61676972
12.49862060
-2.85318814
-1.81116442
9.54937168
-9.08911548
3.93753053
-11.93455507
-12.67717738
10.66810301
13.56243148
3.60995406
4.62227314
11.43460151
8.52372454
-6.13805717
-7.05202926
9.36888382
9.14219247
5.60177669
3.07856063
2.49934359
-6.90756851
3.33408442
-5.23558362
2.54610807
-0.85814280
-9.44005452
-8.61733145
6.88205932
4.82588488
-7.78224243
-8.66399426
-4.05835418
-4.56664118
6.21694210
9.89189243
-11.36753479
-12.03257955
6.73336691
6.63026443
4.83325074
1.47983599
4.63824960
5.80962546
-5.11335877
-6.94719614
11.62882658
11.63816220
7.71633062
7.93111754
-1.24894551
-2.12306371
9.85723366
7.60275632
-10.36200608
-9.34259388
9.53294061
7.26917564
-0.37717339
-1.45506382
1.87318596
-4.84412854
13.66216236
13.62298393
-10.14369091
-8.12935836
1.79189277
4.46615703
10.33989003
8.42892176
-4.75680097
-5.10793863
-7.19271934
-5.75485863
4.72078584
3.71166562
2.18933390
-1.29417171
-9.81538143
-11.20874299
1.42999229
-5.91524403
4.22653913
-7.88165010
13.67335662
10.99417683
-2.24911222
-1.68589246
11.57663855
10.69964660
0.72131958
0.53875973
13.11307577
11.85508183
-1.50441596
-3.56936034
-10.84209855
-12.81494964
-13.21942658
-13.16411693
-1.72323201
-4.02746315
7.98566311
9.36478908
5.78894507
6.48933901
6.83910685
5.07152231
-5.45879151
-6.30535808
-4.15657916
-2.88325892
1.56044426
0.35533236
1.62938103
2.37393091
-9.42925716
-9.81531241
0.32298949
-0.37862774
-5.01646912
-5.31483559
6.74765774
8.73791540
6.08519233
6.67209598
-6.77461983
-7.73916335
-8.88664717
-7.60385131
3.64944260
4.74270267
-5.73104037
-3.30427920
-1.85173511
0.58719519
-4.12681597
0.38231303
-5.23957691
-5.81256667
6.14082236
4.29688413
11.06181805
13.30296968
-1.59364718
-4.09459125
2.05485692
1.00517058
-4.76440180
-4.77692566
1.86402580
2.30950721
-14.24132297
-11.20517735
7.49949125
6.21920360
-3.24126655
-2.92616641
4.01077896
5.06914498
4.10184447
6.37116236
-8.06169863
-9.30847110
8.27139180
8.72558341
-2.64460343
-2.46891287
-10.11471961
-8.81896175
-0.73239150
-1.84641859
-5.00519742
-3.90958794
-12.44097330
-12.83271499
-1.17912378
1.04438960
-3.21893061
-3.27693133
-10.19476019
-8.62145230
-0.96891223
-2.31221903
2.49841385
1.55729311
-12.55534800
-10.81925390
-1.86181304
1.46513979
0.39340337
-0.61458908
-0.84954902
-1.61718414
12.96125515
11.34904030
-2.91191195
-1.87208767
-0.69634807
-0.71738810
10.16495726
9.71129593
-7.21114798
4.91573963
-8.30417718
3.85290396
-13.68026013
-11.96279410
-13.05476234
-13.83669866
11.47420469
12.58977154
11.57523888
13.79596988
4.13127745
3.42620394
4.19842664
4.91773363
10.43189939
9.45907327
10.42642958
7.59303373
-7.84757287
-5.99324024
-7.14780796
-6.94157788
7.73032329
8.51693260
9.61562039
8.27769866
6.49261453
4.54699469
4.89549228
3.74236365
2.51134614
-8.05122986
3.35057813
-4.03540566
3.57304204
-6.39283965
4.40753639
-5.86632766
1.39854708
1.10455945
2.94393297
-1.94638672
-10.38510379
-6.89999677
-9.75385195
-8.28477085
6.81383074
5.92897609
7.71812173
3.76648764
-7.36342679
-10.29090661
-8.46220058
-8.80810915
-3.22120064
-6.37796297
-4.31238979
-3.63654462
5.23051789
9.23590476
7.28824665
10.29972069
-11.54965434
-12.27436151
-11.35296838
-11.92395289
7.67937221
7.39373638
5.94404196
5.64758875
2.17451129
2.19086686
3.87217968
1.32746644
5.43937497
6.76658847
4.42091773
5.94988628
-5.95788693
-8.64369313
-6.10644023
-7.13618367
10.58898557
11.93288896
11.04856233
12.15088286
8.64751578
8.76530399
8.58931852
8.60938276
-3.27802028
-0.11970919
-2.26411542
-1.21230129
11.70062181
9.12244997
10.82991195
8.25978522
-9.59416389
-11.84618276
-11.07374294
-10.30771351
8.02852230
7.53000978
10.05944582
7.07503456
0.67763385
-2.27120247
1.62730233
-2.75501900
-0.57372104
-0.73455543
2.80743153
-3.89072090
13.93240482
14.52384730
14.58861715
12.62733524
-9.05488494
-8.18934734
-9.99357481
-7.24457835
2.99055274
3.64510101
2.72396657
4.78923667
10.95759199
8.66615297
9.41949920
9.40613206
-5.46305239
-7.54516749
-5.69649375
-6.26943119
-6.75253106
-5.33463417
-7.68070391
-4.77132536
3.03390876
3.12601334
4.17407848
2.57721154
0.57982768
-1.09543659
1.35068777
-0.67157931
-11.64851087
-9.91810197
-10.70764768
-12.20797392
2.37874183
-6.68173458
2.37197549
-8.72181105
1.54060106
-5.84729028
4.15489767
-6.95068705
