-2.06380021
-2.68102452
4.99482257
1.81181873
-5.60350545
5.41599130
0.68833521
4.29564315
5.33194587
3.82333765
1.02124104
-1.14376847
4.12967296
1.55653464
3.64834976
-3.87550858
-1.41415688
-1.25431848
2.97299115
-1.16561697
-0.31979040
-3.44457305
-4.08127193
-0.26421266
-0.27249880
0.97749821
-3.20204699
4.87382314
2.77161989
-0.18570383
-2.18270639
1.49611162
0.59113879
6.08606851
-4.64815903
3.63770719
-2.41765117
-0.07442905
-4.73106541
-3.45704149
0.36366224
-1.05746016
0.57675697
2.27771633
-4.50403447
2.79645776
4.02097043
2.41410427
1.68872691
-2.36374658
-2.77453565
-0.28879450
-2.51238673
-0.88102688
-1.20932045
-3.03005167
5.84973226
-4.97597006
-1.62159075
3.23678522
-2.85354732
2.16839812
-4.33127213
1.14286605
0.18087520
-0.38209714
0.99860271
-4.10521015
0.82127827
4.53599793
-0.34349134
-4.15573788
-6.16185675
0.89838792
4.20534711
-5.40283487
5.01161810
-1.19123574
-5.08940832
-2.39330129
-1.21252565
-1.65198424
3.36832876
4.44158642
1.89600100
-2.18165276
3.41204399
1.34360263
3.15794774
-4.45570908
0.94320361
-0.11822408
-5.32158612
3.00764378
-1.01497131
1.95444630
5.03312295
2.34015529
-6.52078968
-3.35150174
-5.99777631
5.76324262
2.33971394
4.00215168
-2.08211774
3.39895578
2.01674909
2.44717504
-2.17885727
-0.02525521
-3.50730056
