-3.82547501
-5.10648319
12.97589764
2.72696255
-13.47396047
11.12033088
0.33663547
8.82723518
10.01450349
6.66337540
3.27747121
-3.98480476
7.64589648
3.12160034
5.72830738
-9.03764390
-5.29734041
-3.00326106
6.42079353
-1.79390053
0.27493237
-9.32186246
-6.93561199
0.31881167
0.29115158
1.29886441
-5.72617596
11.52644958
5.26953224
-1.40262615
-3.93361579
2.35704085
3.31403855
14.41063041
-11.79930456
7.15107005
-6.54161964
-0.09763860
-13.11820631
-8.37476950
-0.07299619
-4.93975480
-0.85046788
5.21954256
-9.50734138
7.34583247
10.20987734
6.52096762
2.45427791
-3.62170896
-6.27261515
-0.42658649
-4.59560261
-0.72237434
-3.10392060
-9.34065298
13.33962139
-10.89494084
-2.44883109
6.80167484
-5.99524136
5.82059064
-9.10184656
3.15721678
-0.56554462
0.97261291
2.46065088
-10.30661201
2.67910779
10.82710692
0.12762783
-6.42281975
-14.34658096
0.87494170
8.85827484
-12.35259441
9.50842143
-2.90396147
-11.49039661
-7.29292497
-2.45695487
-3.72200375
6.94098083
11.78252495
4.82945824
-4.29990184
7.85080757
2.08291593
5.37546585
-9.77095998
1.94248104
-0.36647342
-10.62917698
5.48558231
-3.81883300
5.79894959
12.15711731
4.94918230
-13.37278433
-6.55077517
-11.62852525
12.57210934
3.91069348
8.53787903
-6.05033195
7.55702070
3.38657436
4.20653062
-4.84565311
0.08570800
-7.99313038
6.15714630
-9.58599300
-5.33800768
8.83175480
-12.56522397
7.38809250
1.27310596
7.90296835
-7.69426558
11.78448928
9.65730215
-0.09187023
9.63886599
-11.10406212
8.29995061
0.95108875
-1.62342425
13.83334380
-9.25403630
2.85217035
9.76737617
-7.12566106
-4.42502103
2.81257421
-0.05260365
-11.11024913
3.45071086
-7.95810055
12.86337041
-3.35312069
9.84447468
1.98469359
10.67405538
-2.34166843
-13.74880867
-11.57316157
-2.79570472
8.75726987
8.30020652
4.00705130
-4.27703502
-3.00283634
1.54044818
1.32984229
-11.23686434
-1.17711709
-6.58094925
10.47402183
7.47809826
-8.20048085
-8.58314795
3.36737557
-4.72934240
-4.14639257
-0.70417298
-7.28096608
5.59683188
12.84146009
-3.72359372
0.71230079
-4.97043309
1.26715635
-12.24001516
6.16155829
-1.81856586
4.52623336
5.44081507
-10.58338877
7.70976243
-3.46388491
-8.24595639
-0.77780192
-2.57110791
-11.78968309
-0.12487122
-2.09210391
-7.51092501
-2.08816105
0.44035050
-10.25449716
0.09180891
0.59399986
-0.61192192
12.61750808
-2.89809705
-1.85386166
9.62838973
-9.17525476
3.92032439
-11.99140222
-12.83197687
10.76381443
13.68560921
3.66011654
4.66956354
11.61111651
8.63440642
-6.22192339
-7.06332062
9.46482010
9.25399626
5.59012484
3.09931039
2.51531771
-7.01146496
3.38321116
-5.27345107
2.52739197
-0.89847233
-9.47307415
-8.69848130
6.98353276
4.87916850
-7.86008678
-8.68385313
-4.32996365
-4.59765276
6.30116561
9.97793050
-11.52409205
-12.19346919
6.81128547
6.64279848
4.86012722
1.38822184
4.69741039
5.86587145
-5.17653224
-6.99593319
11.76698705
11.74621094
7.84980972
8.03268209
-1.24088710
-2.16474749
9.96198069
7.70006510
-10.55565050
-9.34520582
9.63962848
7.33453224
-0.34465468
-1.51572120
1.85332247
-5.05533701
13.81371654
13.76322405
-10.18505691
-8.35624815
1.85693796
4.54778604
10.44123680
8.48153153
-4.77939495
-5.20118453
-7.24722488
-5.82852335
4.72716401
3.70451183
2.19712450
-1.31293568
-9.96524720
-11.30259803
1.55489565
-6.06065053
4.02598078
-8.03747834
13.78293716
11.12149647
-2.28461448
-1.72551897
11.76701747
10.78216734
0.69857197
0.54919454
13.19751472
11.95490068
-1.44928365
-3.63263264
-10.95155529
-12.94836065
-13.37594502
-13.28208872
-1.76711952
-4.08668135
8.08233228
9.50459620
5.86088754
6.51723364
6.92259433
5.10704818
-5.49729140
-6.38798978
-4.21333927
-2.93036250
1.56021591
0.35730252
1.65669898
2.36160198
-9.52081555
-9.94101285
0.48577437
-0.31301835
-5.11496599
-5.38751967
6.72017419
8.76994885
6.19519486
6.75441404
-6.85359382
-7.80402555
-9.01296568
-7.70161221
3.75079077
4.77858292
-5.76619899
-3.46007226
-1.89565074
0.59794087
-4.17626402
0.36035406
-5.28127865
-5.98351403
6.25682237
4.32906826
11.17082461
13.42277196
-1.57675383
-4.12582033
2.05467819
1.02031193
-4.77169858
-4.74613793
1.87096381
2.36501909
-14.34070267
-11.29629198
7.52872433
6.28903343
-3.28530044
-2.98092058
4.05887664
5.13671107
3.95037863
6.50304528
-8.13804346
-9.40900581
8.43973140
8.86537026
-2.60819832
-2.48221813
-10.18155493
-8.98689541
-0.75197184
-1.87655028
-5.06767180
-3.96239881
-12.53442444
-12.98684309
-1.16775765
1.11847965
-3.29244015
-3.29592986
-10.30270595
-8.69715119
-1.00076546
-2.35074998
2.44310072
1.58607886
-12.68286819
-10.95088299
-1.89022557
1.48103455
0.39346787
-0.56639044
-0.84703272
-1.62828589
13.13569416
11.45155912
-2.95621145
-1.89445905
-0.72912351
-0.74994888
10.24523916
9.89540720
-7.27017813
4.93735993
-8.39594667
3.87752418
-13.84018513
-12.13862116
-13.12506712
-14.00991900
11.51236575
12.72028864
11.68723265
14.09469157
4.17642185
3.46159150
4.28621048
5.02272096
10.55095025
9.47580225
10.57824529
7.63502628
-7.98240090
-5.98533435
-7.25868521
-7.06518662
7.74456450
8.58975397
9.68736534
8.36492837
6.57845035
4.54059474
4.98631120
3.80315502
2.53836148
-8.16105342
3.39269441
-4.07125198
3.61196292
-6.47477111
4.48569891
-5.93018564
1.38071712
1.12951076
2.99026946
-2.01947941
-10.49205013
-6.97159808
-9.84910720
-8.29973267
6.92810320
5.96670127
7.84073595
3.79179296
-7.44914532
-10.42030691
-8.56303047
-8.90476601
-3.31224428
-6.45300532
-4.36091181
-3.60591116
5.29814378
9.31916735
7.38956712
10.39846834
-11.70094099
-12.41672557
-11.49952343
-12.03115728
7.75042823
7.50870282
5.96926842
5.62793349
2.18265853
2.20508492
3.88337728
1.31994784
5.48486760
6.84577711
4.45675325
5.98577895
-5.99473774
-8.70921506
-6.18311773
-7.22069258
10.72558536
12.15252660
11.05788227
12.25500231
8.69335306
8.81321346
8.71005684
8.77682519
-3.29313315
-0.08940978
-2.26721664
-1.28087196
11.78369075
9.22095074
10.89421684
8.40201063
-9.77654704
-12.00836201
-11.17432865
-10.40254685
8.06328981
7.62045562
10.17430094
7.08794581
0.63060535
-2.44931222
1.93545275
-2.86182929
-0.55140070
-0.75819505
2.84039438
-4.04383835
14.02014173
14.60901271
14.70173493
12.75688264
-9.22325305
-8.29321853
-10.10358837
-7.42683106
3.00673276
3.69829143
2.80181396
4.81790110
11.15135524
8.75402485
9.59436956
9.45543583
-5.50125702
-7.62130762
-5.73383047
-6.26339707
-6.81999532
-5.39314766
-7.69434850
-4.81644511
3.03402730
3.14222745
4.14909513
2.54681006
0.59005979
-1.07683303
1.36277696
-0.66130762
-11.72738123
-10.17123618
-10.89287027
-12.31249617
2.55536807
-6.75267374
2.50179110
-8.87608323
1.65854861
-5.85871902
4.39521847
-7.08934163
12.48977371
12.10277896
14.27555180
10.69672104
-1.47690209
-2.65458804
-2.40284813
-1.48449033
