-3.80776655
-5.09160318
12.94996686
2.72014751
-13.44383400
11.08573582
0.33265233
8.80441923
9.97952458
6.64428405
3.27351666
-3.96574893
7.64439939
3.17896135
5.70829870
-9.00670627
-5.28219061
-2.99355571
6.40477472
-1.98098388
0.28379591
-9.29387654
-6.93584019
0.31884153
0.28910919
1.30244095
-5.70903789
11.51080647
5.30312058
-1.40428322
-3.91291277
2.34738037
3.30254797
14.38857424
-11.75615946
7.12599075
-6.52319960
-0.11688572
-13.06676610
-8.36433073
-0.04911361
-4.93475393
-0.84229105
5.19842196
-9.48330253
7.32206448
10.18027939
6.50060767
2.43663601
-3.63826270
-6.25803815
-0.42411549
-4.54014023
-0.94555528
-3.10046407
-9.31369574
13.25394820
-10.86936853
-2.44176407
6.78219318
-5.98421494
5.78932918
-9.07940808
3.16496250
-0.56516539
0.92242169
2.49927733
-10.27326529
2.67622569
10.78461928
0.13150763
-6.40695272
-14.31240622
0.87259763
8.82463348
-12.32431780
9.47173759
-2.90144803
-11.45437210
-7.26952862
-2.41782481
-3.70520341
6.92013670
11.77098041
4.81233060
-4.28160466
7.82931594
2.07474728
5.35796640
-9.74329788
1.92776274
-0.36792360
-10.59468728
5.46577797
-3.79619926
5.78255125
12.13062057
4.93347190
-13.35276930
-6.52737238
-11.59705266
12.53016308
3.89462743
8.49503236
-6.03364986
7.53428821
3.38870140
4.18760805
-4.82937417
0.08566528
-7.97644968
6.12668720
-9.55537862
-5.31058773
8.81843492
-12.52524189
7.36197325
1.27862279
7.87995464
-7.67917962
11.75840394
9.63124866
-0.09389077
9.63241247
-11.08476420
8.28050937
0.91999867
-1.64205791
13.80741637
-9.23960861
2.85373111
9.74773786
-7.09783157
-4.41068603
2.81095145
-0.06052415
-11.04960773
3.39948189
-7.93979855
12.85832178
-3.06036472
9.81466593
1.99082651
10.65136498
-2.34913426
-13.71993317
-11.54389024
-2.78943294
8.73164070
8.27708906
3.99392848
-4.26044364
-2.99073694
1.53481466
1.32710991
-11.20235002
-1.33110661
-6.56868588
10.44071884
7.44499252
-8.17749739
-8.55323500
3.38264616
-4.75424706
-4.13203701
-0.69117860
-7.25594402
5.58797412
12.80582154
-3.71242752
0.70666795
-4.93281435
1.24159570
-12.21363297
6.14013604
-1.81437361
4.51311008
5.41864180
-10.56757854
7.68371660
-3.51417465
-8.21361024
-0.77537971
-2.56592888
-11.75472924
-0.13604817
-2.09863217
-7.49373913
-2.07618931
0.43042796
-10.22779803
0.09119743
0.57301064
-0.61227530
12.58559254
-2.88481527
-1.84855109
9.61162291
-9.15434153
3.91703550
-11.97567749
-12.79558663
10.74082230
13.65220971
3.64986206
4.65549414
11.55990723
8.60570729
-6.20106281
-7.06254205
9.43706678
9.21648407
5.59205387
3.09441198
2.51169534
-6.98306119
3.37489975
-5.26228934
2.53267372
-0.88826541
-9.46347737
-8.67876976
6.95828636
4.86464598
-7.83685817
-8.67909806
-4.09541046
-4.61068359
6.27802874
9.95524982
-11.48600377
-12.15203213
6.78875619
6.63883999
4.85158325
1.41861513
4.68434322
5.85277119
-5.16071865
-6.98069330
11.73580848
11.71982503
7.80620145
8.00948775
-1.24484435
-2.15282140
9.93612329
7.67075545
-10.50289651
-9.34934540
9.61308314
7.31830030
-0.34989381
-1.48264924
1.85308040
-5.02373334
13.78310448
13.73027904
-10.17755921
-8.29594464
1.84148696
4.52661967
10.42060155
8.46175259
-4.75208993
-5.13188645
-7.22658465
-5.80192577
4.72564867
3.70609105
2.19551245
-1.30918668
-9.93189069
-11.28617481
1.50450555
-6.01998941
4.12061740
-7.99800425
13.77626547
11.13413508
-2.28149931
-1.69925694
11.72594006
10.76123296
0.70397472
0.54816647
13.18000906
11.93111297
-1.44803911
-3.61029564
-10.92464557
-12.91633821
-13.33521347
-13.25327865
-1.76086469
-4.07569990
8.06006328
9.46850712
5.84577616
6.50245100
6.90029431
5.09566933
-5.48286766
-6.36737901
-4.20203158
-2.91917641
1.56633340
0.35680090
1.65014360
2.35742775
-9.49741416
-9.91150683
0.31265045
-0.38085367
-5.09049601
-5.37053374
6.73251519
8.77342245
6.17153979
6.73494814
-6.82788722
-7.78516390
-8.98265781
-7.67844590
3.73125103
4.76599677
-5.77689413
-3.28593037
-1.88544019
0.57107253
-4.16111869
0.37351258
-5.26676218
-5.94237976
6.22415338
4.32057174
11.14741398
13.39153161
-1.57819311
-4.11618304
2.05390069
1.01658138
-4.76621625
-4.75809133
1.86340265
2.35761020
-14.31617926
-11.27509397
7.51751986
6.26856869
-3.27339614
-2.96800106
4.04906484
5.12231692
3.98526865
6.46939468
-8.11805852
-9.38593478
8.39477743
8.83317613
-2.61320186
-2.45577562
-10.17184594
-8.95218385
-0.74395960
-1.86617543
-5.05156421
-3.95188377
-12.51137928
-12.95176556
-1.16956131
1.10046018
-3.27537259
-3.29193194
-10.27535994
-8.67625097
-0.99432318
-2.34007891
2.46047872
1.57820232
-12.65231798
-10.91792413
-1.88172284
1.47650996
0.37750743
-0.57070517
-0.86990804
-1.62623224
13.11473037
11.42569974
-2.94431544
-1.88804040
-0.71860094
-0.74040949
10.22599579
9.83259722
-7.26049177
4.93143112
-8.37976063
3.86924453
-13.79837663
-12.09498175
-13.10396581
-13.96903151
11.45314366
12.69557701
11.66405312
14.04223960
4.16392309
3.44740246
4.26510064
4.99795325
10.52556282
9.44873378
10.54110194
7.63598633
-7.95314899
-5.98511513
-7.22977678
-7.03706547
7.74774575
8.57208791
9.67628278
8.33974413
6.55739813
4.54818049
4.96581190
3.79159857
2.53417415
-8.13702599
3.38056546
-4.06445099
3.60274791
-6.45366698
4.47132037
-5.91833547
1.38049187
1.12131483
2.97794076
-2.01683032
-10.46821389
-6.95561898
-9.82342752
-8.27975924
6.89532779
5.95796838
7.80691448
3.78547999
-7.42846085
-10.38768481
-8.53658342
-8.87721908
-3.25765244
-6.42766740
-4.33789141
-3.66816983
5.28087321
9.29757774
7.36238094
10.37361607
-11.66282465
-12.38148277
-11.46290139
-12.00474864
7.72829556
7.47991008
5.95902490
5.63285310
2.17840288
2.20518114
3.88004350
1.32083498
5.46976367
6.83011000
4.44300485
5.98440037
-5.98433737
-8.69214773
-6.16574979
-7.20014406
10.69493851
12.09345775
11.06577826
12.22765909
8.68286238
8.80361533
8.67658942
8.73424528
-3.28977612
-0.09206633
-2.26704477
-1.26322466
11.76587813
9.19875798
10.88091621
8.36128771
-9.73351834
-11.96510810
-11.14989814
-10.38767653
8.05137005
7.60047412
10.14747499
7.08029074
0.63030853
-2.28514492
1.88561160
-2.83610017
-0.55738941
-0.75148613
2.82395617
-4.02932969
14.00064606
14.58718379
14.67804380
12.72751311
-9.18249217
-8.27005463
-10.08691115
-7.38156838
2.99781845
3.68609083
2.78183378
4.80376114
11.09863665
8.73560507
9.54665987
9.44244203
-5.47866812
-7.60476063
-5.71515275
-6.26310474
-6.79917461
-5.37587765
-7.69004235
-4.81031734
3.03320565
3.13832653
4.15577626
2.54576029
0.59068102
-1.08204953
1.35920381
-0.66033306
-11.69282937
-10.10856025
-10.85139063
-12.29468483
2.52257435
-6.73205084
2.40469157
-8.83427743
1.62615988
-5.85898670
4.36199127
-7.04737064
12.42209915
12.11758550
14.19185141
10.66485542
