-3.98827215
-5.28787931
12.98172644
2.71977687
-13.81192318
11.56672080
0.31673814
9.01896185
10.28227234
6.82873895
3.38676405
-4.17932091
7.81611864
2.89290372
5.91527278
-9.36746296
-5.35049888
-3.14702575
6.62182814
-1.24027576
0.32113205
-9.70196073
-7.03575862
0.15933513
0.30950921
1.51721341
-5.96619178
11.96722195
5.28181345
-1.31224280
-4.14287830
2.42151529
3.33271534
14.77323201
-12.27777374
7.42600763
-6.63363367
-0.09414718
-13.52653516
-8.26149833
-0.00128039
-5.07914051
-0.89581430
5.33463112
-9.72049229
7.54821550
10.47935957
6.73268035
2.56410793
-3.79332597
-6.47132619
-0.48686818
-4.65348958
-0.58410090
-3.21940957
-9.63963979
13.74374728
-11.11459378
-2.50811587
7.07271376
-6.09200210
6.00284131
-9.18201638
3.09292777
-0.59383656
0.96340584
2.23738049
-10.65447526
2.71972609
11.81888275
0.11505240
-6.60377260
-14.33957196
0.97819355
9.07661938
-12.10348548
9.83779112
-2.86661651
-11.73877158
-7.41840819
-2.71508007
-3.83514269
7.53112118
11.92353461
5.04783309
-4.50596858
8.10603113
2.23044310
5.59983036
-10.00191235
1.95707959
-0.34075576
-11.01727895
5.62116524
-4.08933827
6.05415758
12.67420348
5.09894835
-13.71605783
-6.58440471
-11.96167502
13.11666516
4.02394721
8.87515012
-6.26913526
7.73355446
3.46197017
4.35657124
-5.01201040
-0.02452507
-8.09993106
6.38127084
-9.94951155
-5.37198352
8.93891390
-12.99439629
7.67748816
1.37851043
8.02225437
-7.85731613
11.97240596
9.86793969
-0.02495717
9.86997342
-11.37858533
8.51174621
1.00796909
-1.82680682
13.95210829
-9.47207124
2.82720156
9.89002948
-7.26119781
-4.57837445
2.71805615
0.07945188
-11.52870659
3.63961781
-8.15776219
12.94413578
-3.54264508
9.94395760
2.21545633
11.25187078
-1.92955591
-13.82045503
-12.33379673
-3.28458948
9.43248359
8.53858101
4.07487587
-4.49549944
-3.13370461
1.48193632
1.46033507
-11.54519628
-1.23176901
-6.72715513
10.94054176
7.73570573
-8.37069887
-8.85743295
3.61068945
-4.75519508
-4.27922711
-0.75612439
-7.51514463
5.67032403
13.10809184
-3.82790567
0.73683291
-5.16315704
1.38002483
-12.56414286
6.33375110
-1.87728852
4.68693664
5.57419751
-10.67335132
7.94585729
-3.54598534
-8.55910424
-0.85645209
-2.51805464
-12.03327875
-0.03504491
-2.05532764
-7.62555060
-2.16341720
0.46111574
-10.46858400
0.09423164
0.85758209
-0.92352759
12.80355273
-3.07688895
-1.79954766
9.86467362
-9.32218254
4.15014296
-12.14377162
-13.19882848
10.87479769
14.17792615
3.75365514
4.73857334
11.97454191
8.82325964
-6.47551306
-7.21819448
9.85144333
9.48677742
5.64743033
3.12978878
2.62427712
-7.32111797
3.47624190
-5.41577345
2.60738453
-0.96735133
-9.53705120
-8.85665618
7.15045076
4.89434476
-8.10987800
-8.75403716
-4.60152236
-4.54908246
6.53118307
10.25220172
-11.91055513
-12.43024266
7.08943136
6.59376226
4.92321454
1.34756467
4.80396076
5.92073233
-5.36396575
-7.15608763
11.97695799
11.92912277
8.06844160
8.23660421
-1.25115211
-2.27741881
10.43629049
8.04532632
-10.90258937
-9.40572150
9.81338559
7.50279585
-0.14659327
-1.75989129
2.06922384
-5.25976760
14.10799003
14.03382872
-10.41787370
-8.68325571
1.93038235
4.79065827
10.65622843
8.63961373
-4.92210961
-5.59634529
-7.48970355
-6.03527745
4.67502721
3.62894891
2.16604037
-1.40519903
-10.29344818
-11.68777879
1.67690586
-6.41103659
4.35310476
-8.41415333
13.86767525
11.15296195
-2.42120660
-1.79393757
11.63711236
11.34763618
0.30585861
0.33730695
13.65364351
11.93542004
-1.33660211
-4.06543979
-11.18278642
-13.06646815
-14.25891206
-14.32378310
-1.69933557
-4.29525613
8.39047309
9.69319351
5.97619885
6.65688985
7.15298392
5.24196156
-5.67243611
-6.58376020
-4.35351247
-2.88567749
1.57652520
0.34482583
1.60644141
2.33298816
-9.73189306
-10.23072069
0.49821295
-0.42691629
-5.34935041
-5.56252859
6.64166264
8.82105480
6.34952431
6.95010794
-6.99192322
-7.83295352
-9.34800020
-7.99494538
3.92436475
4.96125207
-5.77992137
-3.66610267
-1.94877265
0.54205629
-4.29452493
0.29464527
-5.48558522
-6.19055024
6.51656641
4.39450241
11.45859928
13.67240770
-1.57380900
-4.19826445
2.23767950
1.08758845
-4.99793096
-4.89836640
1.88961339
2.49902586
-14.60712465
-11.51646571
7.74790015
6.43309218
-3.45576012
-3.15389054
4.24431458
5.33338873
3.86030275
6.71733885
-8.33826235
-9.67323295
8.64940853
9.08963274
-2.74969271
-2.47866842
-10.52427258
-9.31413042
-0.82715632
-1.96565564
-5.27401297
-3.88459429
-12.75082063
-13.24746886
-1.19356121
1.26849067
-3.38479615
-3.31819534
-10.35681937
-8.87039545
-1.06700660
-2.33194523
2.66833391
1.74633427
-12.96477346
-11.25117101
-1.96925468
1.51057245
0.37341074
-0.34457521
-0.87993310
-1.77701712
13.58011422
11.65416883
-3.07961492
-2.00598295
-0.69020524
-0.83334273
10.34525401
10.10117967
-7.36327386
5.12783487
-8.55164052
4.05533195
-14.20408695
-12.47793919
-13.38173089
-14.43057495
11.96266874
13.09610458
12.10737660
14.26781794
4.29002279
3.65835168
4.49145073
5.21729900
10.94107649
9.85127417
10.94575543
7.78096093
-8.28605441
-6.10513876
-7.56337996
-7.33598487
7.73766515
8.86305180
9.79838056
8.76879911
6.85473903
4.55243808
5.14796881
3.93381875
2.60537218
-8.48083307
3.48117703
-4.19089955
3.69068103
-6.73006838
4.62832192
-6.12966414
1.36317301
1.16102879
3.08270359
-2.07195363
-10.67245407
-7.05144254
-10.10309733
-8.39293818
7.08143788
6.05886013
7.96270127
3.80846222
-7.71684600
-10.78248520
-8.86420529
-9.22410004
-3.65490778
-6.53230150
-4.46381649
-3.48872030
5.45452885
9.61125649
7.64887264
10.66596428
-12.13093047
-12.76354556
-11.90686219
-12.35314985
8.05059428
7.51640308
6.23955344
5.62825350
2.20441106
2.31162448
3.89242420
1.29427247
5.70961503
6.91015967
4.68532581
6.04789230
-6.14774595
-8.89022763
-6.33263900
-7.40781704
10.91010702
12.52466341
11.34973102
12.46513798
8.89695321
8.96525087
8.88429992
9.15383010
-3.36745555
-0.11194842
-2.31432300
-1.36153682
12.21343833
9.44619338
11.04371995
8.77550443
-10.09460195
-12.35750558
-11.29802923
-10.48059320
8.16840004
7.87071620
10.51251523
7.11829010
0.86195992
-2.70934574
1.91225017
-2.83166238
-0.58370282
-0.89543328
3.02675730
-4.25889686
14.65964091
14.83035891
15.08886733
13.01036923
-9.54585035
-8.54773408
-10.37207057
-7.70827359
3.14053827
3.91698601
3.08785966
5.05264405
11.45925118
8.87987242
9.80732436
9.57948248
-5.52629344
-7.75258832
-5.87878503
-6.51899729
-7.04423448
-5.59451299
-7.80463532
-4.97677693
3.16747097
3.18432072
4.07915551
2.65490355
0.52756355
-0.90800281
1.58456925
-0.62029522
-12.00962163
-10.58639578
-11.28901357
-12.69337876
2.74952396
-7.02554670
2.67539883
-9.14536128
1.85490700
-6.00640656
4.49197991
-7.43961597
12.91653389
12.09712425
14.74146976
10.96868071
-1.64379144
-2.69033808
-2.51394769
-1.53465567
10.89649221
10.86468772
12.55383266
10.61242430
-0.59588019
1.35083955
0.65583272
1.08376374
13.88982764
10.50918008
13.18282347
12.75943407
-2.08365597
-2.65999153
-1.71887222
-3.22890299
-12.80176669
-14.44245320
-11.27051523
-13.33735331
-15.24850471
-11.49131077
-13.45046432
-13.35705180
0.40702610
-2.82662028
-2.33728616
-4.01815946
6.78680735
8.41977649
8.37904713
9.87448586
