-3.87522773
-5.13730599
12.64357316
2.73401021
-13.53469174
11.19576473
0.33382361
8.87051470
10.08293152
6.70116286
3.29251182
-4.02530369
7.66191413
3.03573072
5.76510164
-9.09854665
-5.32668366
-3.02827394
6.45261781
-1.26087455
0.26909914
-9.38648706
-6.93993044
0.32212242
0.28755128
1.31849478
-5.77461233
11.64445711
5.19188876
-1.38772154
-3.97410483
2.37055579
3.34213772
14.47948787
-11.87693415
7.21319168
-6.58138792
-0.08044720
-13.20739185
-8.38760494
-0.07018904
-4.94593812
-0.85759430
5.24201002
-9.53948631
7.38786213
10.22469539
6.55895465
2.49012135
-3.54695252
-6.31273993
-0.54774684
-4.59069125
-0.66594027
-3.13038106
-9.39729831
13.44783982
-10.95142995
-2.47568836
6.85229363
-5.99735277
5.85591449
-9.14352298
3.09275923
-0.56989483
0.96060070
2.42079845
-10.37515528
2.65067766
11.46906881
0.08399598
-6.46221882
-14.41371323
0.93368702
8.90211324
-12.40976806
9.57177314
-2.92720686
-11.55503224
-7.33307927
-2.55296680
-3.76377243
6.96263386
11.78497213
4.87208225
-4.34553115
7.90406129
2.08957558
5.42737128
-9.81039814
1.92876285
-0.38324574
-10.70481405
5.50617522
-3.87003071
5.86267176
12.35661546
4.97861370
-13.41708858
-6.57033882
-11.68197584
12.68542990
3.92300965
8.59115072
-6.07711759
7.55617061
3.45126804
4.23819942
-4.88710648
-0.00141164
-8.00820958
6.18105487
-9.65358545
-5.31786658
8.85798257
-12.64587476
7.43182026
1.27292515
7.94485467
-7.72746227
11.59935060
9.63489070
-0.07887377
9.67925198
-11.13856387
8.34421921
0.99101624
-1.72020344
13.91837830
-9.28066065
2.85025225
9.79947394
-7.15856510
-4.47291349
2.81422448
-0.02007559
-11.22286368
3.51439992
-8.01773277
12.86306514
-3.41072556
9.56761681
2.25092685
10.96621295
-2.15004354
-13.80689322
-11.62859246
-2.81587634
8.80735485
8.34425247
4.08603610
-4.32997620
-3.02556163
1.54141157
1.35732247
-11.30833863
-1.25232545
-6.60504216
10.54353091
7.52609056
-8.25545024
-8.64792103
3.38311547
-4.70533175
-4.17576865
-0.65392470
-7.35570958
5.63361841
12.90706987
-3.74694281
0.70562925
-5.03934842
1.28457106
-12.28986101
6.21147436
-1.84099045
4.55506125
5.45876865
-10.61034632
7.75894352
-3.48067045
-8.30268035
-0.78374625
-2.58269224
-11.85218299
-0.09820999
-2.07971919
-7.52796279
-2.09005377
0.42922880
-10.30406185
0.09560462
0.65641449
-0.62128410
12.68319769
-2.92713703
-1.86666448
9.67303039
-9.19260447
3.97037436
-12.01467724
-12.89299180
10.76692472
13.78024164
3.68693226
4.68109405
11.70827381
8.67363133
-6.25912003
-7.08055410
9.55993316
9.32795268
5.58061783
3.10272585
2.52331239
-7.08716464
3.39963541
-5.30776629
2.57789264
-0.90746444
-9.48570913
-8.71405835
7.00242266
4.91531767
-7.91089466
-8.69904269
-4.35336273
-4.57302718
6.34872267
10.02863575
-11.60231197
-12.27722815
6.86418680
6.63438377
4.87860089
1.38678085
4.71211503
5.89150661
-5.20792588
-7.02671764
11.82064269
11.76797115
7.83173743
8.06015433
-1.25232083
-2.21235795
10.02124351
7.78735805
-10.66125620
-9.34425255
9.68359209
7.36792261
-0.31024177
-1.62850381
1.87084003
-5.11180743
13.95812355
13.81948199
-10.19747395
-8.48318308
1.87902735
4.60983677
10.52196956
8.48857022
-4.80774684
-5.35744593
-7.29202349
-5.87797114
4.71003593
3.68715956
2.29082067
-1.37937326
-10.02263582
-11.35419493
1.62271967
-6.14973516
4.00919151
-8.12416714
13.78965572
11.10531983
-2.36508290
-1.59454429
11.35091177
11.15887017
0.36771965
0.32439977
13.33234311
11.70788198
-1.19881226
-3.95112296
-11.00380349
-13.01123554
-13.45703087
-13.33941486
-1.79602606
-4.11715949
8.09910582
9.52250486
5.87589164
6.57464387
6.96788808
5.10604707
-5.53228272
-6.43402504
-4.23906119
-2.95617076
1.55786637
0.35549461
1.62253692
2.31402503
-9.57375146
-10.00845528
0.42688003
-0.39283527
-5.16441800
-5.42348156
6.67702104
8.77440971
6.23235503
6.79639387
-6.89821500
-7.83623262
-9.07973438
-7.76165436
3.79789224
4.79896542
-5.72177743
-3.65831032
-1.91433754
0.58866048
-4.21132758
0.44219879
-5.33032514
-6.04682443
6.31931334
4.36960411
11.22475837
13.48041091
-1.58755049
-4.14554538
2.11238080
0.99266677
-4.76543429
-4.81784538
1.88234399
2.38327788
-14.38901736
-11.33560216
7.52535223
6.32938338
-3.32288385
-3.01135191
4.07823754
5.16489605
3.90892400
6.57571657
-8.17766712
-9.44972875
8.51161956
8.92537432
-2.62688567
-2.50949488
-10.22462779
-9.03926762
-0.76756146
-1.89716494
-5.09367880
-3.98477299
-12.56534182
-13.04752695
-1.17469127
1.16104752
-3.31638267
-3.30827389
-10.35698693
-8.73312450
-1.06134433
-2.34821682
2.45625757
1.58312131
-12.75640142
-11.00473793
-1.90493294
1.48372213
0.40839252
-0.49624603
-0.80907654
-1.64660427
13.28832292
11.47441678
-2.97299265
-1.91325563
-0.74068399
-0.76206874
10.26024199
9.95635857
-7.26472066
4.94788158
-8.40926057
3.97030263
-13.92541650
-12.20805943
-13.17709680
-14.08277474
11.60048715
12.73597634
11.71409229
14.17339791
4.19479662
3.49398636
4.34113588
5.04322495
10.61304449
9.53133129
10.66488633
7.63051847
-8.03117461
-5.99797626
-7.31686893
-7.10616851
7.71735203
8.63959753
9.56433456
8.45379723
6.62925337
4.53043820
5.03169735
3.83619568
2.54751214
-8.21934171
3.41455733
-4.09608104
3.62601465
-6.53256332
4.50863780
-5.97326735
1.37901348
1.14962719
3.01410657
-2.03265728
-10.52367377
-6.95512594
-9.89350289
-8.33219536
6.96710009
6.01690925
7.88063053
3.87084573
-7.50018923
-10.49015559
-8.62424746
-8.96879914
-3.44385192
-6.44424299
-4.37179118
-3.52436380
5.33301974
9.36704882
7.44544812
10.45232304
-11.78283694
-12.48819652
-11.57712646
-12.08477418
7.79298369
7.49917750
6.02643998
5.61724548
2.19215249
2.21097222
3.89192678
1.32998590
5.51773754
6.87175770
4.49084946
5.95837664
-6.01473404
-8.74540892
-6.21256003
-7.25925422
10.77112369
12.22891275
11.13900783
12.29961444
8.72773240
8.83343661
8.68008635
8.78512657
-3.31054850
-0.05531186
-2.27757346
-1.39732593
12.01218131
9.27395854
10.92627418
8.47942961
-9.85713286
-12.07495868
-11.21273032
-10.41781073
8.08967867
7.65943189
10.23111589
7.10411726
0.66902767
-2.52216806
1.98069854
-2.85011644
-0.58273929
-0.78046733
2.85596829
-4.09695863
14.30180680
14.66777550
14.83163157
12.81303349
-9.31153898
-8.33401827
-10.12405568
-7.51543189
3.06879290
3.75685878
2.85915990
4.87730448
11.18639804
8.77942759
9.65557343
9.34500789
-5.50967835
-7.63017409
-5.77119216
-6.33693926
-6.86815319
-5.43491463
-7.71038506
-4.84669589
3.09651708
3.19268945
4.12400471
2.62078379
0.54981638
-1.03861744
1.59953638
-0.65910540
-11.78683120
-10.27450483
-10.96237662
-12.36946023
2.59950479
-6.81597060
2.55904266
-8.94906152
1.72205788
-5.95490323
4.42175794
-7.16686065
12.59748792
12.07969357
14.39635648
10.74416892
-1.61192056
-2.51626861
-2.52599417
-1.52110475
10.61337910
10.51804104
12.26357502
10.31665823
-0.56093690
1.72235712
0.81898926
0.82253163
13.56755394
10.55064805
13.18020697
12.46492333
-2.16088015
-2.42251976
-1.67954161
-3.36014754
