-3.93532436
-5.24071533
12.89694178
2.72572399
-13.71065240
11.44853075
0.32132080
8.96359104
10.21506112
6.81126378
3.35124394
-4.11927607
7.77905041
2.92438484
5.85423026
-9.26183497
-5.34724452
-3.10360278
6.55126981
-1.29336643
0.31560850
-9.60992661
-6.99774616
0.26303816
0.29986188
1.40557740
-5.87370690
11.85215987
5.21388630
-1.39857858
-4.07479062
2.39170048
3.35015541
14.61853275
-12.11866916
7.36448251
-6.62542302
-0.15977798
-13.40895309
-8.29215051
-0.03117609
-5.05204517
-0.86609115
5.30345252
-9.64953412
7.48598217
10.41138309
6.68041533
2.53555471
-3.76373947
-6.40693380
-0.49893385
-4.58725479
-0.60418609
-3.19356158
-9.54639222
13.64902607
-11.04088358
-2.46891519
7.01291988
-6.04375659
5.91513064
-9.11814474
3.09707116
-0.57833592
0.98488500
2.27834019
-10.55489307
2.67926617
11.64886194
0.09801816
-6.56459606
-14.33414248
0.99115528
8.98489051
-12.02669733
9.75680943
-2.86708377
-11.65905597
-7.38949740
-2.69308324
-3.77678435
7.05990720
11.87488407
4.98862932
-4.44532743
8.03550465
2.18143040
5.56152752
-9.93457866
1.94830241
-0.35669568
-10.90506010
5.56085501
-4.01114132
5.99700135
12.53102418
5.06757386
-13.63803970
-6.54186699
-11.87928316
12.96533861
3.97468057
8.80005317
-6.24498203
7.66964724
3.45176876
4.29774484
-4.96623053
-0.04293296
-8.05439967
6.30757799
-9.83891378
-5.33397243
8.88988976
-12.86093282
7.62839274
1.36053714
7.99739912
-7.80432783
11.84921414
9.79523873
-0.03018914
9.73461341
-11.27606260
8.44513969
1.04186127
-1.80329134
13.94767213
-9.38483203
2.84132675
9.85226866
-7.22228811
-4.53161261
2.76871036
0.00636709
-11.43188403
3.60087865
-8.11988707
12.86338320
-3.51972735
9.75552218
2.25042406
11.18800654
-1.97416894
-13.77661911
-12.19448446
-3.32167541
8.92368421
8.45657863
4.09780492
-4.43849701
-3.10605939
1.52218597
1.42504615
-11.43476092
-1.24312290
-6.66276311
10.80332026
7.66012862
-8.30900353
-8.76822480
3.50641753
-4.75595687
-4.24204457
-0.72085936
-7.44560593
5.71083976
13.03484876
-3.82008894
0.73911495
-5.08840197
1.33821789
-12.46144231
6.28074224
-1.85040113
4.61807258
5.50741792
-10.66023494
7.89042622
-3.53227116
-8.49663535
-0.82456832
-2.54674629
-11.96966037
-0.05819083
-2.12404866
-7.56256250
-2.13365941
0.46526145
-10.40569931
0.11920952
0.81782638
-0.78231787
12.72058848
-3.00359891
-1.76619414
9.78613910
-9.25460775
4.09952188
-12.08665100
-13.11677422
10.87162105
14.03084984
3.73167560
4.71283209
11.88488548
8.75114522
-6.43955521
-7.18922941
9.74589177
9.43341308
5.63217975
3.11550254
2.54436200
-7.23341058
3.44304220
-5.38307327
2.60461211
-0.96515631
-9.47302757
-8.81034712
7.15019535
4.97225246
-8.03673223
-8.74065103
-4.52185205
-4.55394087
6.44992293
10.17097560
-11.78977367
-12.35179007
7.00734120
6.64803525
4.91314298
1.39523562
4.77060270
5.92245753
-5.32807360
-7.10217098
11.91518708
11.86846389
7.96582527
8.22814627
-1.25018265
-2.24455719
10.14223858
7.94609585
-10.80181372
-9.38869722
9.76537675
7.46526832
-0.23171760
-1.72409486
1.98219631
-5.19285357
13.98144431
13.94040596
-10.32284891
-8.61212596
1.91915088
4.72731709
10.60336330
8.60619214
-4.86770302
-5.52860716
-7.41629318
-5.98444725
4.68606846
3.64600580
2.18885126
-1.40066846
-10.18873049
-11.55829440
1.66409667
-6.28328383
4.24765337
-8.27550395
13.79865973
11.11170840
-2.40821904
-1.73622573
11.51614199
11.22346884
0.27482770
0.32111711
13.55576121
11.90984807
-1.31706781
-4.02018531
-11.03862758
-12.96233024
-14.18854824
-14.22926262
-1.61694289
-4.32975081
8.29078266
9.70663685
5.91954888
6.63933160
7.08041204
5.17578264
-5.63190390
-6.53366643
-4.32242338
-2.85243322
1.57314499
0.34037744
1.62988367
2.30741496
-9.66571686
-10.14281691
0.48414916
-0.39343769
-5.27392485
-5.51026225
6.60634986
8.78259033
6.27585046
6.87959128
-6.94360361
-7.79922287
-9.24045418
-7.92218435
3.85772643
4.84187892
-5.73860433
-3.67993932
-1.94830031
0.56016140
-4.26398238
0.34838082
-5.43754964
-6.11677747
6.48460133
4.43014721
11.38535747
13.60811248
-1.56642305
-4.18612531
2.21875530
1.06220732
-4.92919684
-4.88160100
1.88519249
2.46412155
-14.51920932
-11.43583415
7.67111636
6.38408990
-3.41344809
-3.09841336
4.17178721
5.26141942
3.82887002
6.66878508
-8.27247102
-9.58149997
8.60791565
9.03424684
-2.69972829
-2.46932702
-10.40335451
-9.20814243
-0.80929609
-1.94498381
-5.26385512
-3.83456088
-12.66289340
-13.18111884
-1.18616949
1.22412578
-3.35780170
-3.32883333
-10.31389268
-8.78014499
-1.06081820
-2.33719832
2.55128700
1.69566364
-12.88784912
-11.16927026
-1.95055057
1.48471626
0.36822851
-0.37921781
-0.86396446
-1.68073150
13.45359435
11.55967820
-3.03849962
-1.96370197
-0.63026790
-0.82660946
10.33629139
10.03826217
-7.31218142
5.07860371
-8.47986846
4.00223298
-14.10380778
-12.38356864
-13.29650098
-14.33522066
11.83776761
12.95590364
11.96873846
14.25246861
4.23622867
3.62269338
4.44323475
5.13146251
10.83509056
9.73602445
10.84794375
7.70831149
-8.18508007
-6.06983775
-7.50712627
-7.27498421
7.71929638
8.79962673
9.75209268
8.66727968
6.77471739
4.53036185
5.11139120
3.90614580
2.56709371
-8.38951312
3.46338312
-4.15722907
3.66747084
-6.65251784
4.56997942
-6.07724277
1.36879081
1.14216807
3.05748322
-2.05694657
-10.57224498
-7.00369530
-9.99851746
-8.33764499
7.03571731
6.10191319
7.94375818
3.84693792
-7.63982064
-10.66946776
-8.78086158
-9.13520010
-3.59273297
-6.48731911
-4.42703040
-3.49024145
5.41664887
9.51564752
7.57065784
10.58570766
-12.00615728
-12.65271653
-11.78010729
-12.25097556
7.96611240
7.62086093
6.17137323
5.60779530
2.23084070
2.29605299
3.91088363
1.31266848
5.63660696
6.89057351
4.61318377
5.93837474
-6.08373719
-8.83102160
-6.27873867
-7.35932932
10.85813989
12.43560579
11.26578802
12.40990495
8.79818246
8.91321278
8.82998176
9.03627755
-3.34277562
-0.05528275
-2.30255096
-1.36122526
12.09547949
9.41343896
10.99652261
8.67677244
-9.98504300
-12.24357466
-11.27205255
-10.44968569
8.13310631
7.79081485
10.42590809
7.11055468
0.69630794
-2.65324257
1.96047707
-2.80604542
-0.55583977
-0.84855832
2.93049950
-4.19638838
14.53815434
14.75734881
14.97361658
12.92569446
-9.45788152
-8.46889302
-10.26715186
-7.63723463
3.09999011
3.85832392
3.02375948
4.99830060
11.37836776
8.83836594
9.75909023
9.51981550
-5.46753855
-7.70662581
-5.82466109
-6.46025290
-6.98654327
-5.54920763
-7.76997410
-4.93101453
3.15280926
3.23347121
4.06563074
2.68322199
0.53145511
-0.97808353
1.62742878
-0.61550093
-11.93784260
-10.47955974
-11.16114793
-12.56451874
2.73155091
-6.92488966
2.60879973
-9.05358638
1.81751183
-6.00744258
4.47018581
-7.29291150
12.80225033
12.05724342
14.63113818
10.87970306
-1.63671225
-2.63676569
-2.53029252
-1.49169248
10.81870021
10.69855783
12.43482456
10.37480239
-0.56551892
1.40267994
0.70238091
1.01243773
13.80152738
10.46745340
13.15135396
12.67185439
-2.17848761
-2.66118168
-1.71125670
-3.20283308
-12.77645144
-14.39079610
-11.18476147
-13.33481868
-15.23799978
-11.36299139
-13.37090488
-13.23703386
0.42241999
-2.78185714
-2.26456893
-3.96139052
