-4.03069198
-5.41153336
13.28017893
2.71513867
-14.14050680
11.91740700
0.29157358
9.37536203
10.55953741
6.82971964
3.38799964
-4.31232935
7.94400735
2.92286253
5.94676235
-9.60827731
-5.70008361
-3.23856109
7.26894197
-1.19758324
0.23085182
-9.89975656
-7.17558370
-0.10543723
0.30335788
1.54074429
-6.16140508
12.38344149
5.37280280
-1.26993705
-4.31848307
2.31444481
3.19601141
15.26734032
-12.67125757
7.38104593
-6.74947751
-0.09653837
-13.87398485
-8.41384207
-0.03274035
-5.17182349
-0.92570800
4.78194954
-9.96197131
7.63911807
10.71162456
6.85481756
2.51469034
-3.86852041
-6.71290941
-0.46401393
-4.79846181
-0.69014157
-3.27678676
-9.94796981
14.02542480
-11.33364419
-2.55309049
7.33544463
-6.21582112
6.21102928
-9.36548727
3.09385462
-0.65778330
0.94994509
2.22038910
-10.92983415
2.87714159
12.08721942
0.21084510
-6.79500097
-14.48097202
0.96648083
9.29051655
-12.32913150
10.11186046
-2.91468328
-12.02890128
-7.96579847
-2.77738043
-3.93543605
7.71177446
11.93994494
5.17269103
-4.64716069
8.27852505
2.36419971
5.75903729
-10.19570812
1.96997831
-0.35969031
-11.35384886
5.75415056
-4.31738462
6.25531635
13.05273129
5.26924361
-14.10259691
-6.74810266
-12.16197266
13.49257337
4.19273802
9.07869089
-6.37406655
8.09378138
3.40229023
4.35475703
-5.13707827
0.04097878
-8.25955089
6.64990473
-10.29364166
-5.56487435
9.34165063
-13.36328247
7.86430364
1.30072882
8.13698098
-7.97095907
12.25680415
10.07912720
-0.00225020
10.13249753
-11.63055642
8.75686159
0.99181049
-1.87600438
14.12159746
-9.73578858
2.85009110
10.20108958
-7.38581737
-4.64600658
2.66432272
0.04583919
-11.72134067
3.83367497
-8.36041916
13.22128706
-3.61175046
10.23225197
2.17646969
11.38288482
-1.97008068
-14.10939373
-12.52149555
-3.33147525
9.69796862
8.33313152
3.78642331
-4.84945120
-3.32510115
1.50379634
1.55994981
-11.79464285
-1.26192630
-6.84347477
11.37487269
7.96679289
-8.56849054
-9.08310398
3.87434350
-4.87670822
-4.46911883
-0.80381279
-7.70838087
5.69667960
13.46634804
-3.88534030
0.69345704
-5.28047701
1.36829465
-12.89341612
6.35597948
-1.99723480
4.71424709
5.58552498
-10.90670771
8.09485690
-3.62832402
-8.70906249
-0.88109934
-2.58335646
-12.17268726
-0.03489910
-2.09441872
-7.80528850
-2.20603928
0.40167770
-10.70610673
0.14446437
0.99867077
-1.19840194
13.21301636
-3.17955319
-1.86853440
10.07985491
-9.54400495
4.33216555
-12.38363874
-13.55958252
11.28168067
14.58932915
3.83083040
4.91151874
12.28621224
9.02529177
-6.51041725
-7.36895586
10.22621823
9.61907554
5.77383765
3.16050824
2.69262921
-7.53587980
3.41476967
-5.58381770
2.66152607
-0.95373946
-9.72782670
-8.98446865
7.33958669
4.93996416
-8.35366199
-8.84090470
-4.75537233
-4.71889240
6.70294908
10.52068432
-12.22431055
-12.69770234
7.29729938
6.71812513
5.00669755
1.03767851
4.83310450
5.94372102
-5.41530802
-7.29734296
12.34320623
12.09738075
8.27059839
8.47621082
-1.21342948
-2.33986525
10.73747330
8.27198116
-11.21987529
-9.73316867
10.14750622
7.69659752
-0.09827661
-1.80973796
2.00012793
-5.41972140
14.49576939
14.38143768
-10.70336972
-8.91239827
1.91745636
4.99028385
10.86365396
8.85499511
-5.07640442
-5.77817164
-7.75248814
-6.18401750
4.69232211
3.61426637
2.09634782
-1.45872193
-10.59239366
-12.07778200
1.54402617
-6.70314574
4.74701465
-8.76726056
14.16435933
11.34352819
-2.64644951
-1.85816499
11.94227919
11.57508638
0.32306315
0.34429672
14.10254723
12.25884304
-1.14042906
-4.14442010
-11.51396378
-13.31252370
-14.52010892
-14.63149891
-1.93692414
-4.29091769
8.63204026
9.64681102
6.46232163
7.39319077
7.49377553
4.88877030
-5.81001149
-6.38391841
-5.01967316
-2.65865695
1.63378978
0.35348796
1.55140438
2.41159567
-9.94351270
-10.45746693
0.41179651
-0.47012446
-5.52460458
-5.71809833
6.80187343
9.08576585
6.51083834
7.12414446
-7.17800214
-7.99366718
-9.60039273
-8.22507295
3.87379285
5.10506002
-5.88561653
-3.68527810
-1.99308026
0.53595369
-4.38804113
0.24741146
-5.63402376
-6.37314116
6.68502184
4.37525967
11.78814333
13.89832668
-1.61634147
-4.31113327
2.28192314
1.16824552
-5.14343020
-5.00855472
1.89593744
2.48091087
-14.93939639
-11.77585717
8.24733183
6.81948041
-3.55635663
-3.32881621
4.32415472
5.17336153
3.86328389
6.93386497
-8.52787610
-9.86751244
8.65996132
9.34951158
-2.82162473
-2.59322293
-10.90502511
-9.60842572
-0.80262870
-2.03363203
-5.30014898
-3.93999472
-12.98209099
-13.39297219
-1.21443625
1.41541429
-3.47094868
-3.39586713
-10.57011232
-9.08662825
-1.03328394
-2.42807147
2.83084733
1.75435149
-13.28087109
-11.50877324
-2.04515159
1.40423356
0.39321383
-0.28565995
-0.89751628
-1.87626342
13.89682789
11.94540655
-3.18416016
-2.06774761
-0.83599688
-0.83275077
10.54679547
10.26060393
-7.53957778
5.35757610
-8.76928765
4.24107156
-14.56342132
-12.77188315
-13.70238548
-14.83091369
12.30362387
13.49651382
12.46111176
14.47792203
4.41214508
3.76833991
4.54096835
5.47864693
11.26051790
10.15829379
11.23457762
7.93591494
-8.54570931
-6.24369618
-7.66555447
-7.46657872
7.89110901
9.21129628
10.16930701
9.15434726
7.01718474
4.55259993
5.18480876
3.92752206
2.55083397
-8.73447734
3.45644001
-4.29958879
3.85908992
-6.92612316
4.80255074
-6.29116965
1.37063454
1.19708895
3.17248779
-2.08109146
-10.92866375
-7.18247761
-10.36211079
-8.56099211
7.28813543
6.15407035
8.13688262
3.78928643
-7.95186581
-11.13871178
-9.14536698
-9.53365179
-3.77339422
-6.76042315
-4.61112007
-3.61483258
5.54849785
9.83873469
7.90414571
11.03703066
-12.49854240
-13.04178916
-12.30812856
-12.66982896
8.32612310
7.72875773
6.48622932
5.70112233
2.07922961
2.27819183
4.03747316
1.24580567
5.92011820
7.04618574
5.02092175
6.16252077
-6.27134070
-9.03096622
-6.46257776
-7.57165768
11.22853188
12.80197306
11.57816313
12.66101970
9.14676696
9.20814445
9.02004643
9.48322447
-3.38450392
-0.20826010
-2.31765160
-1.41747536
12.51093312
9.57132153
10.97843126
9.04378109
-10.43306393
-12.67263898
-11.49017486
-10.65147875
8.40028610
8.30437111
10.83690671
7.35427100
1.01218380
-2.79935557
1.96298817
-2.91240838
-0.63242962
-0.95816179
2.88829536
-4.38306135
15.08068380
15.15745188
15.46413899
13.31821041
-9.80186758
-8.77819776
-10.65237677
-7.96843690
3.27114252
4.13246734
3.25511742
5.20986269
11.72013923
9.13239901
9.84778295
9.87902505
-5.71414974
-7.85376342
-6.04949962
-6.66232895
-7.25319554
-5.71562331
-8.03127498
-5.08616206
3.25618078
3.16555689
4.11743429
2.60772855
0.50678635
-0.91431254
1.52073866
-0.67848169
-12.14660113
-10.81236151
-11.61201364
-13.07002489
2.89271118
-7.25607369
2.99347223
-9.38147402
2.09607010
-6.11573214
4.64268246
-7.75139064
13.26982212
12.28230164
15.06270561
11.22929733
-1.75573165
-2.75343986
-2.50025621
-1.64061709
11.15295752
11.21738834
12.79763551
10.84187828
-0.66685234
1.27161883
0.55354752
1.08638728
14.22213809
10.61416878
13.58575145
13.19569194
-1.87967552
-2.70332554
-1.78252617
-3.28764639
-13.07591492
-14.59475823
-11.36956060
-13.47337988
-15.41769471
-11.72986025
-13.73751781
-13.68026237
0.34355190
-2.90103504
-2.36200533
-4.11975681
6.84971139
8.68186704
8.63551222
10.17728544
6.32133247
5.67428979
9.20515690
3.86227159
5.58806811
6.52672026
7.00880131
5.74219439
-6.93954599
-4.60798174
-5.81594388
-7.09739317
-5.06278593
-2.99954291
-4.07754784
-3.33389872
