-4.02842467
-5.32611327
13.08731496
2.71336200
-13.91886610
11.69512470
0.28918692
9.19812433
10.37494050
6.85346509
3.31912250
-4.23496222
7.85177493
2.90113115
5.90203617
-9.45197054
-5.32763877
-3.18732266
7.09877596
-1.20019744
0.27232617
-9.75848046
-7.06336638
0.05415443
0.30425919
1.47738296
-6.04484102
12.09503262
5.26534150
-1.24811996
-4.20918355
2.34542992
3.24528657
14.93588519
-12.42581062
7.46237952
-6.61309136
-0.07596070
-13.64303595
-8.31038408
-0.03381473
-5.11517316
-0.92060321
4.87017857
-9.78912409
7.56942247
10.57666946
6.77444134
2.45947148
-3.80377826
-6.54079775
-0.48575131
-4.70215371
-0.60423540
-3.24317139
-9.74341617
13.83287419
-11.19120237
-2.54272825
7.16035417
-6.14723806
6.07939836
-9.23800138
3.08082685
-0.61357025
0.94125150
2.21230980
-10.75085121
2.77042764
11.92568350
0.13945551
-6.65667731
-14.37232242
0.95627723
9.15769545
-12.18016272
9.93001347
-2.88346187
-11.83105689
-7.44418675
-2.74386596
-3.87622625
7.60870981
11.94012169
5.11224355
-4.54998609
8.18471979
2.27991605
5.67067182
-10.06939927
1.96594695
-0.33846892
-11.12897058
5.68046572
-4.17302158
6.12061013
12.83563453
5.13757953
-13.83043027
-6.63429670
-12.01227735
13.25518566
4.08557265
8.94140929
-6.29980522
7.87120666
3.43625791
4.32962397
-5.05499731
-0.01456476
-8.14981474
6.47203731
-10.05458856
-5.43782869
9.15959990
-13.12655103
7.73959492
1.31350223
8.03994540
-7.89097281
12.07690090
9.92438545
-0.02489991
10.00082763
-11.47495577
8.61264636
1.03244894
-1.86292457
13.94932837
-9.55750394
2.82738299
9.99245210
-7.29825533
-4.62416928
2.68512014
0.08704890
-11.60265923
3.67901861
-8.21317404
13.03263429
-3.56018038
10.05505405
2.18232602
11.31613450
-1.92064206
-13.88437395
-12.41924088
-3.30721723
9.51743906
8.24639143
3.75175086
-4.55850861
-3.15008333
1.48793573
1.49418289
-11.63003770
-1.25537245
-6.77191803
11.07483160
7.82138682
-8.43529082
-8.93578532
3.68662734
-4.77925811
-4.31787394
-0.77460590
-7.57959467
5.63534235
13.20879989
-3.85313586
0.72712609
-5.20919727
1.36024228
-12.67061544
6.36036704
-1.91158905
4.70003870
5.45259383
-10.74022428
8.03505367
-3.58118458
-8.59794241
-0.86656540
-2.52274989
-12.08431419
-0.03286781
-2.03931260
-7.68101227
-2.18100195
0.48304609
-10.54207299
0.09981288
0.91763851
-1.04015300
12.94303325
-3.12365467
-1.88430177
9.95104117
-9.40078353
4.21217650
-12.20082436
-13.31059256
10.97804302
14.32969437
3.77294042
4.80615975
12.06695708
8.90168791
-6.48271415
-7.27006771
9.97692762
9.54192803
5.71176137
3.12503963
2.65317555
-7.39305097
3.43669487
-5.45710475
2.62130127
-0.97062918
-9.59829479
-8.88494454
7.18470067
4.89700517
-8.18337889
-8.76456674
-4.65495130
-4.59353727
6.60079960
10.34114555
-12.02416935
-12.52141406
7.15949750
6.62508707
4.92427510
1.21007014
4.86120376
5.90438550
-5.38875694
-7.20091477
12.09097141
11.99603012
8.13410136
8.31614480
-1.25268883
-2.30824755
10.53605000
8.12710673
-11.02455238
-9.54140718
9.93996493
7.62734895
-0.14469064
-1.78671884
2.00378484
-5.31340706
14.24255565
14.13219985
-10.51228715
-8.75585515
1.92735632
4.85678663
10.72372964
8.79148124
-4.97504075
-5.65448638
-7.56956443
-6.08578808
4.65940435
3.60585776
2.11689271
-1.41317933
-10.39298498
-11.81359518
1.64653491
-6.53460295
4.64930201
-8.56455571
13.95997152
11.21320298
-2.48144473
-1.81677332
11.74379013
11.42381586
0.32733569
0.36109395
13.76921878
12.01925394
-1.24907919
-4.10610634
-11.28132289
-13.15661015
-14.34860247
-14.43073178
-1.78175568
-4.27888013
8.47654920
9.69236924
6.31359100
7.23981752
7.37785332
4.85982935
-5.69924561
-6.61518356
-4.35967063
-2.97461777
1.59915945
0.34729893
1.59058542
2.36442381
-9.80028019
-10.30695137
0.47358011
-0.46154227
-5.41696917
-5.60748050
6.67439917
8.90812703
6.41986197
7.02401797
-7.05121720
-7.87965756
-9.44042386
-8.07301862
3.78373745
5.03939155
-5.81576518
-3.65897470
-1.97032996
0.53288406
-4.32899465
0.26751278
-5.53368288
-6.25252765
6.56865323
4.34912208
11.56161297
13.74660196
-1.59746821
-4.23339276
2.24609941
1.11586978
-5.05225329
-4.91962128
1.87687708
2.48216360
-14.71233276
-11.58900635
8.08681373
6.74765256
-3.49846009
-3.21115667
4.19009936
5.04437623
3.84199782
6.77397834
-8.39923211
-9.74484405
8.69404878
9.17835839
-2.78020894
-2.53132849
-10.64791296
-9.41264276
-0.83554614
-1.99192099
-5.27819965
-3.90040579
-12.82907380
-13.29831868
-1.20678092
1.32125258
-3.40766032
-3.33778924
-10.42195072
-8.94508970
-1.06029366
-2.35293770
2.71089927
1.77021537
-13.05964667
-11.32145339
-2.00091371
1.46375578
0.33050696
-0.31667076
-0.89552683
-1.81565378
13.69647913
11.78695249
-3.12835257
-2.04484831
-0.75157783
-0.87359423
10.38514280
10.13527811
-7.42467679
5.21029100
-8.63437872
4.12019452
-14.31610147
-12.56552328
-13.48171064
-14.55205133
12.08093391
13.22277702
12.23003497
14.29055064
4.33481758
3.70155898
4.53312366
5.29306343
11.05091059
9.94388449
11.05576862
7.82852450
-8.38045000
-6.15731940
-7.57815083
-7.37372910
7.78748602
8.95588268
9.89259127
8.90790356
6.92291060
4.54627443
5.18850645
3.95511502
2.60334847
-8.56698360
3.45744164
-4.22738214
3.78072540
-6.79945390
4.69449942
-6.17879902
1.35824168
1.16974525
3.11722535
-2.08503559
-10.75663006
-7.09813116
-10.19247351
-8.44719246
7.15616485
6.08342317
8.02540489
3.77713031
-7.78962773
-10.89759339
-8.95137204
-9.31334786
-3.69994474
-6.60612900
-4.52130789
-3.52914175
5.50140941
9.71056185
7.81181667
10.79796227
-12.25428301
-12.85427590
-12.03693633
-12.45261314
8.14482112
7.57500619
6.33178979
5.64895924
2.12111061
2.26286635
3.92767393
1.21586790
5.77597937
6.95299360
4.74364518
6.06973304
-6.18952856
-8.93387217
-6.38787333
-7.45290383
10.99729856
12.62426664
11.42908804
12.52563800
8.99676302
9.05292251
8.90706988
9.27575015
-3.39382485
-0.16671456
-2.32776621
-1.38256170
12.31052655
9.45454791
11.03925968
8.86193218
-10.22787858
-12.46298669
-11.34188130
-10.51606635
8.35289136
8.09325649
10.63671197
7.26300033
0.92419564
-2.74015903
1.89573739
-2.85712810
-0.60040782
-0.92924355
3.03627149
-4.30473736
14.78995581
14.94090087
15.20997137
13.10118548
-9.63023463
-8.63449522
-10.47159742
-7.79307344
3.18024420
3.99292553
3.14758833
5.10357869
11.54552665
8.94472100
9.87333231
9.76971184
-5.58779364
-7.77760661
-5.93462076
-6.56652740
-7.10458032
-5.64126553
-7.84264383
-5.02274416
3.19791689
3.13909056
4.08406386
2.60528512
0.52236361
-0.87787091
1.54037803
-0.62355305
-12.05488231
-10.66552572
-11.40438024
-12.81551712
2.74007729
-7.10805491
2.80530867
-9.21561568
1.92824981
-6.02504268
4.50561975
-7.58099286
13.03852583
12.13689598
14.84487180
11.05713824
-1.67413552
-2.71905624
-2.50198902
-1.58244373
11.02049473
11.00681593
12.64436807
10.68765449
-0.60912998
1.29245770
0.59795769
1.09980210
14.00772571
10.57138617
13.31937911
12.86773827
-2.03017362
-2.65822311
-1.74628124
-3.24443066
-12.86493469
-14.49879885
-11.32377009
-13.36586382
-15.27720344
-11.57206136
-13.54914859
-13.46379949
0.35228501
-2.87323491
-2.35165867
-4.09121397
6.81334463
8.50479282
8.47022201
9.97600780
6.20595488
5.68412074
9.08418534
3.99516491
5.76459360
6.48683475
6.94278594
5.71814910
