-4.02524858
-5.40522272
13.24933560
2.71503784
-14.10416652
11.87784966
0.28686299
9.34626829
10.53522264
6.81536853
3.37474837
-4.29987342
7.93170588
2.91840760
5.93488507
-9.58152685
-5.34054643
-3.23230642
7.23944693
-1.20838952
0.22366557
-9.86916701
-7.15673471
-0.09024006
0.28590378
1.51267303
-6.14548089
12.34322427
5.33623135
-1.26276083
-4.30268663
2.31317192
3.19148228
15.21915674
-12.63394629
7.38873039
-6.62162592
-0.10003470
-13.83548585
-8.39660433
-0.03459402
-5.16775746
-0.92879683
4.79970635
-9.93557010
7.61552746
10.69602706
6.84854345
2.49528018
-3.85883040
-6.66396584
-0.47084167
-4.78021877
-0.67335029
-3.27147555
-9.91301966
13.99030594
-11.30796054
-2.56277881
7.30647107
-6.20223178
6.19151270
-9.34221081
3.08911238
-0.64889554
0.94910773
2.21831598
-10.90239522
2.86164427
12.06141521
0.20231927
-6.78022443
-14.45582718
0.96108343
9.27215123
-12.29833028
10.08120187
-2.90962887
-11.99579219
-7.96664689
-2.76752997
-3.92283273
7.69096243
11.94048686
5.16967399
-4.62771058
8.26588901
2.35128245
5.74741334
-10.16738913
1.96924074
-0.35410574
-11.31640066
5.74505143
-4.30107584
6.23348110
13.02037921
5.24363024
-14.05686779
-6.72813336
-12.12807724
13.44850196
4.17314147
9.05133007
-6.34513211
8.07057750
3.41278869
4.34997501
-5.12537313
0.03020983
-8.23877695
6.61981313
-10.25272802
-5.54894321
9.31380262
-13.32671182
7.84431291
1.29037662
8.10698194
-7.95394266
12.22941912
10.05496198
-0.00115312
10.10117638
-11.60584612
8.73293090
0.99281256
-1.87506449
14.09087191
-9.70728294
2.84873669
10.15816906
-7.37135430
-4.62768483
2.66546800
0.05053845
-11.70014656
3.80039678
-8.33756825
13.18776939
-3.60745842
10.20298214
2.17441562
11.37539839
-1.97215341
-14.06517416
-12.50937075
-3.30870874
9.66838472
8.32082091
3.79022668
-4.80520593
-3.18680819
1.50001527
1.55176913
-11.76827547
-1.26060955
-6.82906576
11.33547302
7.94495980
-8.54436241
-9.06198297
3.86667208
-4.86091896
-4.40302888
-0.80176140
-7.68363965
5.68621264
13.42594285
-3.85458044
0.70256745
-5.26936929
1.36675051
-12.85570577
6.34651347
-1.98496988
4.71023593
5.57386621
-10.87990805
8.10189553
-3.62200257
-8.68305669
-0.87913044
-2.58409677
-12.15771236
-0.05401394
-2.08215413
-7.78580778
-2.20211758
0.40811740
-10.67695167
0.13406326
0.97152130
-1.18841341
13.16775438
-3.17541505
-1.97175577
10.05381481
-9.51795628
4.31243623
-12.34603419
-13.52041815
11.23396712
14.54148459
3.82072766
4.89544764
12.25069470
9.00250733
-6.50417481
-7.35403452
10.18482015
9.61133917
5.78310827
3.14477108
2.68632122
-7.51340336
3.41439625
-5.56736240
2.65346881
-0.95526440
-9.70377155
-8.96195801
7.31751435
4.93019010
-8.33176039
-8.83846036
-4.73707986
-4.70330656
6.69051871
10.48892266
-12.19422301
-12.66737413
7.27600433
6.70406474
4.99524083
1.04930882
4.85084386
5.93730078
-5.42099457
-7.28384461
12.30176380
12.08694859
8.25051928
8.45200568
-1.22039007
-2.33585960
10.70278356
8.24992791
-11.19157813
-9.70443272
10.11507300
7.67997764
-0.10099281
-1.80516230
2.01717633
-5.39953749
14.45859060
14.34082705
-10.67089163
-8.88554757
1.91945541
4.96900628
10.84808458
8.85091592
-5.05885851
-5.75630896
-7.70148825
-6.17090659
4.68760827
3.61258176
2.09698975
-1.45117109
-10.56174921
-12.03004964
1.56389220
-6.68194518
4.74567221
-8.74151865
14.12933442
11.31808260
-2.62148532
-1.85698753
11.91027408
11.54831237
0.32050838
0.34968035
14.04563370
12.22289228
-1.14131256
-4.14462406
-11.47264837
-13.29130248
-14.49092274
-14.59482270
-1.92503287
-4.24238337
8.60405940
9.62597861
6.44685627
7.37449110
7.47847425
4.87788863
-5.80965402
-6.34578354
-4.36171699
-3.10223560
1.62456401
0.34490318
1.55484911
2.40389548
-9.91612403
-10.43134698
0.41634331
-0.47230900
-5.50561781
-5.69042153
6.78115207
9.06047103
6.50517271
7.11027223
-7.15489600
-7.97272738
-9.57742087
-8.19995015
3.86615690
5.08509149
-5.87094994
-3.68149341
-2.02454150
0.53288851
-4.39586449
0.24236675
-5.61475061
-6.35367197
6.66883347
4.36648456
11.75291025
13.87482798
-1.62114805
-4.30085823
2.27411428
1.15923403
-5.13233928
-4.99427715
1.88929741
2.48539935
-14.90140559
-11.74160498
8.21380453
6.80981894
-3.54445893
-3.31256427
4.30543237
5.14305949
3.85808549
6.91701947
-8.50971566
-9.84661187
8.65452567
9.33481908
-2.82097245
-2.58394877
-10.86432686
-9.57362490
-0.85281289
-2.03413053
-5.28017025
-3.92249342
-12.95143889
-13.37554397
-1.21236730
1.40195264
-3.45975383
-3.38070595
-10.54443690
-9.06848735
-1.03709945
-2.41137519
2.81465040
1.75315789
-13.24350017
-11.47677621
-2.03628611
1.41066958
0.37603363
-0.29492449
-0.90836526
-1.87138186
13.86627831
11.92511860
-3.19194013
-2.07212595
-0.86706776
-0.90330790
10.52629470
10.23706398
-7.52156649
5.33324959
-8.74424830
4.22064093
-14.52143938
-12.73642268
-13.66548914
-14.78557885
12.26383776
13.44800033
12.43171604
14.44103348
4.40043856
3.75775054
4.54889270
5.45241997
11.22621759
10.12348177
11.20201044
7.91558548
-8.51604983
-6.22902921
-7.61530642
-7.45088560
7.87759609
9.18142249
10.12906867
9.11921309
7.00955748
4.53781806
5.18657759
3.93760512
2.55915400
-8.70526875
3.45283340
-4.28227130
3.85142058
-6.90637381
4.78790268
-6.27147302
1.36704591
1.18709019
3.16535335
-2.08120950
-10.89886620
-7.16484406
-10.33979844
-8.54211891
7.26786939
6.13807123
8.12112452
3.78300280
-7.92511869
-11.09521165
-9.11167158
-9.49237035
-3.75919160
-6.74023205
-4.59843029
-3.60670542
5.54360774
9.81889228
7.89148728
10.99764964
-12.45797839
-13.01137734
-12.25617940
-12.63515024
8.29665256
7.70730342
6.46153491
5.69333415
2.07883335
2.27639191
4.03105592
1.24548428
5.91736069
7.00952607
4.98185063
6.13945067
-6.25387368
-9.01139860
-6.44638414
-7.51429358
11.19115869
12.77967091
11.55536785
12.63762324
9.12557040
9.18397952
9.00242820
9.45549166
-3.37005582
-0.20396164
-2.32299168
-1.40870189
12.47485186
9.55178668
10.99250845
9.01715042
-10.40275333
-12.63869032
-11.45909112
-10.62420453
8.38865051
8.26929361
10.80263763
7.34325124
1.01356981
-2.79059806
1.94319171
-2.90563101
-0.64683966
-0.95894398
2.90204257
-4.36896502
15.03049731
15.13017132
15.42559379
13.28264086
-9.77338074
-8.75456904
-10.62406156
-7.94368909
3.25523673
4.10984289
3.23777479
5.19289968
11.69717587
9.09298949
9.83879911
9.86603730
-5.69069809
-7.83234759
-6.02831315
-6.64948361
-7.22368691
-5.66548771
-8.01206439
-5.10564161
3.24386490
3.15926109
4.11054746
2.60544777
0.50898848
-0.90797613
1.52253531
-0.67057123
-12.12943908
-10.78828824
-11.57866515
-13.02954350
2.85556040
-7.23661872
2.95426310
-9.35650765
2.06300921
-6.10102796
4.61443084
-7.72846587
13.23040268
12.25513605
15.02401694
11.20047121
-1.75989555
-2.75558472
-2.49448265
-1.62941661
11.13873736
11.18224840
12.77330032
10.81048188
-0.65829125
1.27098450
0.55612680
1.08762737
14.19035649
10.61012777
13.54694040
13.14006443
-1.89616880
-2.69909801
-1.78769590
-3.27814086
-13.03568022
-14.56959254
-11.34894169
-13.45216086
-15.38926070
-11.70549158
-13.70626069
-13.64505472
0.35970515
-2.93880313
-2.35808496
-4.15592747
6.83563220
8.65343093
8.61708611
10.14751083
6.29711103
5.70216304
9.18695124
3.88890935
5.61284631
6.51489174
6.99829384
5.74644733
-6.94655803
-4.62509450
-5.78368335
-7.09382145
