-4.03579312
-5.40227870
13.30816520
2.73252721
-14.17853355
11.95544596
0.29962763
9.39279855
10.58588946
6.84847114
3.41606141
-4.32019864
7.96203071
2.92368599
5.96041755
-9.64038714
-5.74302959
-3.24966131
7.30107118
-1.19061588
0.26631910
-9.94937762
-7.19568945
-0.08964276
0.37194462
1.58712586
-6.16774692
12.42396040
5.39666279
-1.27100020
-4.35517816
2.32495195
3.20213797
15.31560096
-12.70966917
7.37101009
-6.89788619
-0.08847679
-13.91463218
-8.43159808
-0.02804351
-5.18765284
-0.90860754
4.76328338
-9.98609213
7.66506820
10.72608742
6.85987408
2.54798163
-3.87699379
-6.74438708
-0.46895460
-4.81712211
-0.69793826
-3.28370939
-9.98083615
14.06294751
-11.36063281
-2.55587968
7.36405592
-6.23308037
6.22999094
-9.38968599
3.09976419
-0.66530472
0.95314406
2.22387652
-10.95796236
2.89070658
12.11197046
0.21090659
-6.81268329
-14.50877769
0.97061448
9.30895502
-12.36294069
10.14269405
-2.92954316
-12.06252955
-7.96250278
-2.78553631
-3.95041420
7.73276443
11.93981858
5.17383700
-4.66620808
8.29185871
2.37785278
5.76999856
-10.22441062
1.97201715
-0.36700758
-11.38854888
5.76419700
-4.31323651
6.27663412
13.08380045
5.29664345
-14.15099318
-6.76927132
-12.19343154
13.53601782
4.21034353
9.10620054
-6.41649186
8.11714344
3.39668988
4.36568797
-5.14716344
0.05088053
-8.27989926
6.67928039
-10.33472315
-5.58067799
9.37079286
-13.39913321
7.88457168
1.32719917
8.15709356
-8.00046285
12.28251455
10.10349680
-0.00262405
10.16362151
-11.66035605
8.78511727
0.98869746
-1.87878941
14.15098302
-9.76718695
2.84794752
10.24185294
-7.40028276
-4.66374944
2.66366701
0.04127025
-11.75111519
3.87288744
-8.38454759
13.25548440
-3.61474453
10.26087138
2.18022133
11.38957646
-1.95176514
-14.15114524
-12.53999304
-3.34059462
9.72547457
8.34457984
3.80188764
-4.89853107
-3.31920704
1.52808619
1.56621901
-11.81801713
-1.26190358
-6.86688828
11.41172999
7.98788575
-8.59272669
-9.10529579
3.88461398
-4.88743896
-4.48248697
-0.80448311
-7.73161708
5.70766862
13.50839488
-3.89685160
0.68639730
-5.28974111
1.37132863
-12.93191619
6.35880107
-2.00985693
4.72127626
5.60246316
-10.93221649
8.09198810
-3.63447572
-8.77183813
-0.88408261
-2.55644019
-12.18757288
-0.02749340
-2.10669881
-7.82524488
-2.21262678
0.40413170
-10.73441181
0.17138812
1.02060334
-1.15318164
13.25606080
-3.18286932
-1.77722249
10.10821040
-9.57026859
4.34998614
-12.42301635
-13.60306872
11.32813500
14.63827656
3.84401794
4.92666251
12.31963762
9.05096934
-6.52084852
-7.39747468
10.26744581
9.62428822
5.75564380
3.17660017
2.72806515
-7.55661622
3.43014213
-5.59339661
2.67142127
-0.95219017
-9.75130702
-9.00751337
7.35970095
4.94909184
-8.38279857
-8.87902193
-4.77371736
-4.73032002
6.71426552
10.55323467
-12.25458560
-12.72896316
7.31903143
6.73268037
5.01755399
1.02743763
4.81445638
5.95208032
-5.40634068
-7.31112044
12.38567378
12.10293017
8.29162222
8.50347884
-1.21182401
-2.34134465
10.76970380
8.29470366
-11.24670802
-9.76981104
10.18168617
7.72022303
-0.09607665
-1.81554722
1.98847632
-5.44008889
14.53467215
14.42099135
-10.73658771
-8.94285348
1.91354092
5.01086107
10.87986941
8.86329427
-5.09370148
-5.80062013
-7.79290763
-6.19992155
4.69764362
3.61656637
2.09832583
-1.46824913
-10.62351502
-12.12946011
1.53081145
-6.72777988
4.75809066
-8.79218403
14.19790685
11.37030645
-2.65744646
-1.85831370
11.97359457
11.60120249
0.32075179
0.34018665
14.15869241
12.29277887
-1.14083322
-4.15649206
-11.55596156
-13.33216062
-14.55009204
-14.66830832
-1.87168987
-4.32182736
8.66292465
9.67116591
6.47472773
7.40930642
7.50751960
4.90273475
-5.80987320
-6.40624120
-5.05725679
-2.53356903
1.66684954
0.38531759
1.54947419
2.41891406
-9.97189160
-10.48358812
0.41122413
-0.47207839
-5.55245951
-5.76755745
6.82331922
9.11100693
6.51360714
7.13632482
-7.20199942
-8.01498998
-9.62500946
-8.25040951
3.88387378
5.12319268
-5.89956364
-3.68849301
-1.98405331
0.53913063
-4.36352130
0.25328316
-5.65040422
-6.39234968
6.70168500
4.38566275
11.82041745
13.92351933
-1.62193787
-4.32145941
2.28674321
1.17607073
-5.14286182
-5.02326539
1.90240044
2.48637121
-14.97772992
-11.81365696
8.27821850
6.83713156
-3.55448449
-3.34617165
4.34742490
5.20960108
3.87475622
6.95662287
-8.56515833
-9.89139232
8.66714883
9.36939524
-2.82599893
-2.59904993
-10.95366607
-9.65044344
-0.80469036
-2.02955330
-5.33666559
-4.01972921
-13.01714201
-13.40959999
-1.21717096
1.42155623
-3.48541125
-3.41159381
-10.59800880
-9.10661694
-1.03473843
-2.44759013
2.84480392
1.76350027
-13.31835906
-11.53957507
-2.04109910
1.40810228
0.43604145
-0.27582663
-0.87273373
-1.89790264
13.92671020
11.96580913
-3.18309954
-2.05229167
-0.74912359
-0.81171960
10.56800020
10.28584586
-7.55833720
5.38193682
-8.79833661
4.26193985
-14.60554471
-12.80493443
-13.73990358
-14.87809138
12.34385410
13.54357211
12.48380354
14.51664061
4.42274630
3.77787376
4.53247973
5.50245294
11.29557651
10.19246354
11.26802029
7.95784361
-8.56604358
-6.28024765
-7.70826968
-7.48342938
7.90515806
9.23713243
10.20901818
9.18628246
7.02313037
4.57090379
5.19234110
3.92594738
2.55727086
-8.76481645
3.46280808
-4.31525612
3.87566089
-6.94674345
4.81706354
-6.30703197
1.37673658
1.20895332
3.18015055
-2.08402827
-10.95824760
-7.19883029
-10.38615959
-8.58020057
7.30929607
6.17009116
8.15144721
3.79581794
-7.98128569
-11.17888633
-9.17939625
-9.56905208
-3.78760180
-6.78051446
-4.62501205
-3.62246654
5.55374157
9.86260671
7.91588640
11.07674179
-12.53607646
-13.07177531
-12.35416295
-12.70022386
8.35535203
7.75016717
6.51060772
5.70958803
2.08573966
2.30248114
4.05091149
1.25762534
5.92172386
7.07337297
5.04582375
6.19305622
-6.27444798
-9.06366732
-6.46813672
-7.62887758
11.26635624
12.82260115
11.60087406
12.68592639
9.16629905
9.23177523
9.03938206
9.51346567
-3.39635646
-0.21274946
-2.31548745
-1.42408884
12.54684677
9.59043424
10.96303325
9.07051327
-10.46884735
-12.71433045
-11.52283691
-10.68092939
8.42251458
8.34051837
10.86942684
7.33516914
1.01606243
-2.80620596
1.98138529
-2.91744181
-0.64433888
-0.95595612
2.86981232
-4.39787570
15.12841703
15.17868510
15.50276313
13.35318086
-9.82797081
-8.80677050
-10.68358219
-8.00687196
3.28653257
4.15467625
3.27156128
5.22569654
11.74041029
9.16810729
9.86637669
9.89228627
-5.73700315
-7.87519803
-6.07063958
-6.67267951
-7.28420612
-5.73951853
-8.05148124
-5.09901959
3.26702041
3.17005465
4.12486849
2.61303839
0.50305006
-0.92414470
1.51916188
-0.68609068
-12.16307109
-10.85744800
-11.64578452
-13.11327807
2.91791828
-7.27156306
3.03578897
-9.40645894
2.12852672
-6.13430111
4.66727535
-7.77504197
13.30922865
12.31294580
15.10373490
11.25841406
-1.75468606
-2.74950620
-2.50313790
-1.64903923
11.16586561
11.25187930
12.82053754
10.87278752
-0.67677421
1.27171507
0.55502372
1.08104891
14.25063887
10.61513905
13.61613371
13.24993153
-1.86818561
-2.70740457
-1.76595413
-3.29118133
-13.11716083
-14.62105181
-11.39330364
-13.49924743
-15.44758013
-11.75592210
-13.77020268
-13.71384138
0.33452513
-2.94176436
-2.35990037
-4.23826109
6.86471134
8.70825557
8.65753612
10.20833565
6.34718929
5.64178815
9.22236656
3.84033880
5.57325130
6.53236509
7.01952448
5.74180742
-6.93461231
-4.59093083
-5.83344208
-7.09613094
-5.14196731
-3.07238634
-4.20202485
-3.36868831
