-4.03296606
-5.43794312
13.37950171
2.79349971
-14.29857982
12.06022665
0.65697705
9.46693458
10.66368561
6.89382733
3.55684281
-4.41347118
8.03722010
2.90918008
6.04052287
-9.71708708
-5.87181665
-3.23548298
7.37390329
-1.18024785
0.29706597
-10.06249646
-7.25114318
-0.04178542
0.13646316
1.82632994
-6.15581595
12.53765551
5.44582017
-1.31524109
-4.43956794
2.39150654
3.25128416
15.46499768
-12.81454952
7.39268545
-6.97584536
-0.10384624
-14.05202523
-8.51843148
-0.01827992
-5.24223771
-1.02432539
4.74390786
-10.07672428
7.74290403
10.78329759
6.87133661
2.72969321
-3.88570830
-6.83151762
-0.48727160
-4.85717103
-0.71501965
-3.31363093
-10.07582500
14.18995851
-11.44082383
-2.60220925
7.44682485
-6.29503437
6.28485052
-9.46181488
3.12161983
-0.67905395
0.96434641
2.25750134
-11.04558261
2.93168772
12.19977361
0.18527519
-6.86774058
-14.60908008
0.96999035
9.37528165
-12.46653705
10.23391415
-2.97634795
-12.16651772
-7.95004480
-2.79835921
-3.99096080
7.79306822
11.96537866
5.18893121
-4.72433809
8.32961125
2.42233279
5.80194348
-10.31448388
1.97292362
-0.38375979
-11.48272128
5.77857896
-4.33368416
6.33781506
13.18440619
5.39411431
-14.29929614
-6.82970870
-12.29443862
13.66336087
4.26054121
9.18096096
-6.47349449
8.17801764
3.40827904
4.51792733
-5.18861503
0.07573544
-8.34206572
6.76059788
-10.43856879
-5.63773354
9.43249299
-13.50863843
7.94004076
1.48456184
8.22201492
-8.06265473
12.35526826
10.16414795
0.01149994
10.25699539
-11.77423951
8.88832704
0.97616871
-1.87599000
14.22751987
-9.85958862
2.84350986
10.36297053
-7.44931026
-4.71283083
2.65832425
0.02243519
-11.86597751
3.84310145
-8.45193053
13.36300323
-3.63821414
10.35258672
2.18618148
11.42307252
-1.94607788
-14.27562152
-12.62154889
-3.30795384
9.80093847
8.39750136
3.83991857
-4.96058353
-3.46370396
2.05528997
1.59261829
-11.88497240
-1.25587714
-6.90712185
11.50930271
8.03648268
-8.66445330
-9.17622596
3.94512077
-4.90177299
-4.47219589
-0.80900718
-7.79840904
5.73914931
13.64099392
-3.95324722
0.67441207
-5.28322915
1.38128356
-13.06363929
6.39991277
-2.04731990
4.77319073
5.66032218
-11.01068794
8.11022530
-3.63148832
-8.84806668
-0.92760727
-2.59384326
-12.23908815
-0.00837683
-2.15229876
-7.88760927
-2.24595958
0.41833878
-10.82099793
0.12439178
1.04635254
-1.11390037
13.38018051
-3.27694627
-1.84535200
10.19701786
-9.64736491
4.39237859
-12.56387741
-13.73886667
11.44369964
14.78336203
3.87280948
4.97037664
12.41865207
9.12474358
-6.55368619
-7.46039984
10.35530434
9.66814191
5.79788741
3.21324842
3.01057248
-7.62051841
3.54711967
-5.62586235
2.69604828
-0.95904036
-9.82302708
-9.08577459
7.41090142
4.97064748
-8.46446907
-8.98614125
-4.80647991
-4.76197764
6.82266124
10.64595151
-12.34714833
-12.82542500
7.38365542
6.77759422
5.09588818
1.01859198
4.76318688
5.99419922
-5.39095769
-7.37026966
12.51967193
12.11337105
8.34838429
8.58117443
-1.20498222
-2.33634490
10.85892749
8.36246532
-11.33819128
-9.86813083
10.28804636
7.80172874
-0.11543210
-1.82319814
1.95094639
-5.50178262
14.64926955
14.54309094
-10.85044626
-9.02265399
1.90853713
5.07416495
10.97053633
8.89560652
-5.14647837
-5.84625806
-7.89196942
-6.26986015
4.70930573
3.62172748
2.10162613
-1.49794540
-10.70231917
-12.26843454
1.52402150
-6.79550347
4.81292799
-8.87082096
14.29989424
11.46031238
-2.69149109
-1.85190088
12.06738927
11.67089108
0.30223831
0.32650403
14.31496658
12.38772344
-1.14852910
-4.20703620
-11.66279435
-13.42682024
-14.64272946
-14.78371357
-1.82097259
-4.31876803
8.76237826
9.74951493
6.52214015
7.45995420
7.57810978
4.95356825
-5.80564987
-6.41278566
-5.27091169
-2.63306678
1.87566369
0.96063382
1.54231364
2.43600660
-10.05239667
-10.56174578
0.41885525
-0.46584119
-5.66227656
-5.79125255
6.89052598
9.19004431
6.53959213
7.17368483
-7.27231838
-8.07899751
-9.70308573
-8.33074874
3.92139982
5.16897995
-5.93208161
-3.68623128
-2.13708541
0.55851349
-4.39249149
0.27002995
-5.70130992
-6.45485045
6.74879434
4.41708698
11.94409791
14.00364285
-1.64950227
-4.35966883
2.29574203
1.20278782
-5.12918112
-5.07428724
1.92780161
2.49673977
-15.09492386
-11.93909218
8.35684082
6.89207140
-3.56415091
-3.39891839
4.45574451
5.38553869
3.93538482
7.01939884
-8.67316151
-9.96223328
8.71687581
9.43034972
-2.83171136
-2.60379460
-11.06791502
-9.75129615
-0.99082932
-2.13998275
-5.35793833
-4.14786733
-13.15865610
-13.46287533
-1.21248506
1.43279611
-3.53255734
-3.45219825
-10.68088650
-9.16983267
-1.05474789
-2.49983620
2.89139806
1.76158749
-13.43275279
-11.63272225
-2.12088799
1.33301929
0.50201127
-0.24685379
-0.83469758
-1.93422368
14.02030200
12.04252233
-3.27315313
-2.17968895
-0.72655976
-0.77793347
10.64554340
10.36763228
-7.62681273
5.45174252
-8.87429754
4.32948135
-14.73573941
-12.90304234
-13.85984893
-15.02688077
12.46490226
13.69146642
12.56855620
14.63916864
4.45566330
3.80115870
4.53159456
5.56993189
11.39886269
10.28696036
11.36932859
8.01921167
-8.63653490
-6.36107096
-7.77954578
-7.55877891
7.97043241
9.29562593
10.30631499
9.27677522
7.04714089
4.60903972
5.21308873
3.93586389
2.58503410
-8.85123792
3.54240660
-4.36290111
4.03902848
-7.01297516
4.90019390
-6.36091125
1.39183676
1.23177515
3.19900148
-2.09689840
-11.04846683
-7.23987711
-10.46250611
-8.63840297
7.37444517
6.21265354
8.19948169
3.81201580
-8.05932608
-11.29009311
-9.26934084
-9.66112925
-3.81632940
-6.84595834
-4.66428908
-3.64392930
5.62956236
9.94613672
7.98268967
11.18727237
-12.63504683
-13.16283881
-12.48274858
-12.79080771
8.44101029
7.80915893
6.58107828
5.73710075
2.11926121
2.37106514
4.09104026
1.29821384
5.91962674
7.15349318
5.11711084
6.23455863
-6.30584613
-9.15351789
-6.41735472
-7.75546178
11.38773751
12.88901301
11.67268326
12.76427515
9.22164509
9.29547851
9.08324428
9.59874875
-3.41216266
-0.23071241
-2.31686801
-1.46302022
12.64773961
9.64736038
10.96918663
9.15002249
-10.56339440
-12.84305543
-11.64710003
-10.80231809
8.47088793
8.41284699
10.97228521
7.35684881
0.96810001
-2.81639093
2.00837720
-2.92741282
-0.66718987
-0.94122446
2.82680295
-4.44663621
15.25870540
15.22457050
15.63750324
13.46324610
-9.91188643
-8.90449009
-10.79127464
-8.07609443
3.32971614
4.22360444
3.31592591
5.26435612
11.80087354
9.26277062
9.93110852
9.97096440
-5.78203138
-7.94806448
-6.13460939
-6.70531711
-7.35383614
-5.79477829
-8.11064273
-5.16472650
3.29828526
3.18265033
4.15111920
2.61894857
0.49622801
-0.96112084
1.51202887
-0.71808502
-12.21314885
-10.97292303
-11.73764713
-13.23067539
2.96687165
-7.26571571
3.09470584
-9.48519726
2.20131305
-6.17826738
4.71484854
-7.84682112
13.42550995
12.41385252
15.23932137
11.34562493
-1.72160440
-2.75116233
-2.50797544
-1.65102061
11.22495328
11.35577204
12.89453471
10.95538104
-0.71012206
1.26167473
0.54613949
1.06626872
14.32940362
10.61614023
13.71865599
13.38876110
-1.86756155
-2.70572213
-1.73283508
-3.32769597
-13.23719453
-14.69896254
-11.47663599
-13.60680638
-15.55102183
-11.84298333
-13.87370717
-13.81648249
0.32303029
-3.01837386
-2.34654065
-4.41504495
6.90802705
8.77963877
8.72895433
10.27970402
6.41134147
5.63240088
9.23614951
3.80810925
5.63012763
6.56160165
7.06580819
5.77611913
-6.92688533
-4.56260601
-5.88363900
-7.12135474
-5.11877704
-3.24067213
-4.41355024
-3.53768883
0.00380509
1.30746082
1.60131604
-0.02687815
