-4.03538741
-5.42816230
13.35661287
2.79695211
-14.25827425
12.02523971
0.67132654
9.43387516
10.64048473
6.87549617
3.52808049
-4.38087106
8.01343221
2.91482746
6.01497927
-9.69421949
-5.83157966
-3.24308012
7.35980451
-1.18072020
0.27627663
-10.03191480
-7.23490042
-0.04600601
0.10975992
1.76564185
-6.16176140
12.50172345
5.43304199
-1.30030012
-4.40937839
2.38429591
3.22863854
15.41425468
-12.77894293
7.37860628
-6.95625074
-0.09736515
-14.01168558
-8.48970143
-0.01551113
-5.22408144
-1.03949146
4.73768550
-10.04182367
7.71146502
10.76389812
6.86593435
2.68954479
-3.88281136
-6.80565983
-0.47983135
-4.84628298
-0.70497547
-3.30248382
-10.04361836
14.14702556
-11.41544112
-2.58290665
7.41976390
-6.27360161
6.26689539
-9.44027045
3.11374211
-0.67473621
0.96190981
2.25111459
-11.01635035
2.91866862
12.16894488
0.19781189
-6.84848740
-14.56958987
0.97185996
9.35045670
-12.43261251
10.20447933
-2.96103206
-12.13033303
-7.95506227
-2.79434632
-3.97719023
7.77361685
11.94388988
5.17888173
-4.70450167
8.31770348
2.40690776
5.79131689
-10.28405205
1.97488713
-0.37924626
-11.45240111
5.77431316
-4.32892239
6.31785505
13.14921530
5.35889959
-14.25095665
-6.81189729
-12.25980731
13.62085181
4.24432502
9.15771264
-6.46220236
8.16020610
3.39186100
4.48140439
-5.17356199
0.06670800
-8.32009126
6.73494190
-10.40527537
-5.61939518
9.42177356
-13.47155397
7.92191395
1.44930149
8.19636655
-8.04099181
12.33225858
10.14502436
0.00593852
10.22738530
-11.73336056
8.85413958
0.98038018
-1.88043701
14.20256432
-9.82844958
2.84483942
10.32223980
-7.43158113
-4.69949177
2.66175432
0.02891804
-11.82965160
3.85687685
-8.43148683
13.32626373
-3.62775390
10.32089251
2.18452751
11.40384179
-1.94484762
-14.23494409
-12.59034322
-3.32624133
9.77614507
8.37921552
3.83110820
-4.94418963
-3.42723923
2.01643964
1.58245732
-11.86163776
-1.25639042
-6.88941013
11.47933936
8.02123672
-8.64153452
-9.15127365
3.90937838
-4.89835197
-4.46443583
-0.80713763
-7.77642027
5.72923205
13.59644596
-3.93309371
0.67782010
-5.28975772
1.38232567
-13.01769575
6.38231714
-2.03475870
4.76165384
5.64582379
-10.98619102
8.10360684
-3.63492359
-8.82623233
-0.91943458
-2.57945672
-12.22137412
-0.01480338
-2.13772114
-7.86764911
-2.23295829
0.41001335
-10.79114572
0.13275261
1.05367368
-1.10520150
13.33976278
-3.25497180
-1.83728028
10.16616808
-9.62060922
4.38005244
-12.51672111
-13.69391307
11.40894139
14.73530957
3.87051659
4.95620589
12.38527613
9.09892345
-6.54417336
-7.43472784
10.33154155
9.64453927
5.77336098
3.20007034
3.00063854
-7.59821187
3.54056171
-5.61513400
2.68810468
-0.95206695
-9.79845961
-9.05805665
7.39494187
4.96497999
-8.43764406
-8.95259870
-4.79480108
-4.74833742
6.78463351
10.61796204
-12.31576777
-12.79359162
7.36275386
6.76240112
5.05206914
1.02184770
4.78075850
5.97531912
-5.38473781
-7.34631890
12.47467718
12.10927810
8.33001386
8.55851073
-1.20688641
-2.33714406
10.82927868
8.34056891
-11.30501792
-9.83677838
10.24937893
7.77279813
-0.11142100
-1.82191920
1.95880164
-5.48049301
14.60670281
14.50106958
-10.81166659
-8.99643995
1.90845943
5.05239511
10.93220243
8.89000198
-5.12949487
-5.83137817
-7.86216075
-6.23690308
4.70627605
3.62048068
2.09953836
-1.48835184
-10.67552653
-12.22662852
1.52331396
-6.77092448
4.81136731
-8.84335256
14.26371139
11.42848541
-2.67510388
-1.85436527
12.03522200
11.64990613
0.30896930
0.33209613
14.26513155
12.35174648
-1.14503661
-4.18672765
-11.63199025
-13.39008731
-14.61199293
-14.74429869
-1.83100230
-4.32985252
8.72644065
9.72283159
6.49896048
7.44255511
7.54910979
4.94060526
-5.80777374
-6.41657124
-5.18288285
-2.58605258
1.87844088
0.93989375
1.54686681
2.43123991
-10.02706887
-10.53657476
0.41318748
-0.47205329
-5.61638316
-5.78371758
6.86891526
9.16447341
6.52865241
7.16135074
-7.24947906
-8.05949736
-9.67622172
-8.30373369
3.90545444
5.15307304
-5.92150959
-3.68916247
-2.10908617
0.55099807
-4.38270959
0.26505248
-5.68332781
-6.43290367
6.73329941
4.40577546
11.89877303
13.97627624
-1.63931779
-4.34566249
2.29355203
1.19332623
-5.13439429
-5.05593642
1.91658031
2.49556612
-15.05547813
-11.89915882
8.33580539
6.87022347
-3.56041503
-3.38124516
4.42720073
5.34800642
3.90463886
7.00421920
-8.63598750
-9.93956885
8.69796611
9.41243084
-2.83003760
-2.60292290
-11.03218200
-9.72285674
-0.97694762
-2.12057197
-5.35819759
-4.11667794
-13.10998683
-13.44114613
-1.21517374
1.42888107
-3.51717744
-3.43754361
-10.65501316
-9.14805930
-1.04633110
-2.48307954
2.86872916
1.75908368
-13.39404508
-11.60070731
-2.09788015
1.33719302
0.48478498
-0.25885384
-0.84059783
-1.92238929
13.98826182
12.01500533
-3.23568818
-2.17933950
-0.73097026
-0.77757758
10.61638207
10.33975957
-7.60151580
5.42879532
-8.85410778
4.30578986
-14.69086141
-12.86986655
-13.81901367
-14.97774888
12.42456472
13.64036472
12.53407895
14.59766590
4.44574189
3.79359387
4.52751125
5.54802769
11.36534658
10.25764165
11.33527040
7.99884215
-8.61250579
-6.33674728
-7.76477937
-7.53538112
7.94682312
9.27739687
10.27830492
9.24922085
7.03869382
4.60000543
5.20544473
3.93100086
2.61132692
-8.82406794
3.52576590
-4.34637253
4.00363693
-6.98994643
4.87485827
-6.34354208
1.38870562
1.22680159
3.19141050
-2.09382709
-11.01814080
-7.22669876
-10.43641526
-8.61814743
7.35256524
6.19973736
8.18398817
3.80778101
-8.03549990
-11.25369041
-9.23942729
-9.63093832
-3.80790534
-6.82370476
-4.65167868
-3.63592941
5.60049174
9.91934869
7.94045888
11.14985800
-12.60370218
-13.13243337
-12.44087184
-12.76047508
8.41294332
7.79002901
6.55797470
5.72804278
2.10792568
2.34683486
4.06836514
1.28728346
5.92417632
7.12070916
5.09790302
6.22199256
-6.28252444
-9.12533789
-6.43470246
-7.71271122
11.34656202
12.86531844
11.64957195
12.73747098
9.20363033
9.27384922
9.06962543
9.57243243
-3.40723491
-0.22383941
-2.31574081
-1.44787825
12.61580261
9.62878245
10.95912634
9.12521568
-10.53782788
-12.80605357
-11.60691111
-10.75963940
8.44668252
8.40520423
10.93646698
7.33902717
0.98408248
-2.81394110
2.00254947
-2.92624176
-0.65947869
-0.94709367
2.84138944
-4.43049533
15.21749440
15.20912711
15.58703786
13.42552853
-9.88354262
-8.87387232
-10.75489378
-8.05578179
3.31572459
4.19997621
3.30182034
5.25307929
11.78210264
9.22857524
9.90688574
9.94020267
-5.76783486
-7.92361517
-6.11351939
-6.69037341
-7.33188922
-5.77827222
-8.08823731
-5.14117033
3.28761571
3.17761346
4.14169405
2.61831182
0.49783364
-0.94975524
1.51508270
-0.70729469
-12.19498472
-10.93638954
-11.70623093
-13.19467825
2.96543470
-7.27274644
3.12097664
-9.45855782
2.16746595
-6.16497326
4.70459160
-7.82124016
13.38649547
12.37920835
15.19345136
11.31623346
-1.74729047
-2.74756717
-2.50715094
-1.65501913
11.20292391
11.32012843
12.86827678
10.93074477
-0.69859131
1.26594031
0.55032460
1.06925575
14.30249668
10.61827400
13.68298833
13.34576684
-1.86545440
-2.70273681
-1.73521363
-3.31975321
-13.19793655
-14.67255824
-11.44630231
-13.56529824
-15.51236128
-11.81488614
-13.83913746
-13.78219522
0.33404228
-2.99806785
-2.35841515
-4.36615949
6.89402181
8.75616362
8.70451933
10.26224270
6.40383885
5.62023132
9.23323204
3.79865500
5.60370634
6.54794927
7.05205476
5.75610140
-6.92847492
-4.56936960
-5.86893708
-7.11110672
-5.14473842
-3.23350745
-4.35344903
-3.49523762
-0.00193363
1.28724480
1.63678164
-0.02947700
