-4.02688120
-5.43844196
13.40340028
2.78508191
-14.34245993
12.09552438
0.65219655
9.50691289
10.68442700
6.91687270
3.57954322
-4.43855750
8.06192863
2.90008063
6.06149085
-9.73873424
-5.90999196
-3.24397973
7.37452284
-1.19289495
0.31136618
-10.08867291
-7.26618303
-0.04000749
0.14841749
1.84886796
-6.14785737
12.57638090
5.45416122
-1.33339351
-4.46034491
2.38736153
3.27030528
15.51240222
-12.84935929
7.40525315
-6.98276911
-0.10680560
-14.09543007
-8.54429728
-0.01775221
-5.26477435
-1.01300476
4.74939295
-10.11037798
7.77262907
10.80545072
6.87468533
2.75347991
-3.88954095
-6.85700445
-0.48209532
-4.87056994
-0.72129301
-3.34084117
-10.10870729
14.23381244
-11.74881845
-2.62207212
7.47312756
-6.31370742
6.31981097
-9.48250777
3.12849824
-0.68320490
0.96309708
2.26141430
-11.07427958
3.41859772
12.23048598
0.02260745
-6.88986671
-14.65103444
0.95777151
9.40266423
-12.50174075
10.26397968
-2.99112514
-12.20180575
-7.94415303
-2.79905136
-4.00630016
7.80893264
11.98912143
5.20299811
-4.74837945
8.34561421
2.43949080
5.81882342
-10.34594644
1.95394989
-0.38229744
-11.51279141
5.79565124
-4.33716368
6.35681724
13.21992022
5.42514698
-14.34588297
-6.84877112
-12.32919484
13.70377568
4.37982534
9.20394867
-6.47969873
8.19165387
3.41774874
4.54710049
-5.20674909
-0.02025345
-8.36461638
6.82994824
-10.47215203
-5.65882956
9.43127909
-13.54618796
7.95901869
1.50656020
8.24956090
-8.08517819
12.38197505
10.18175993
0.01865359
10.28576174
-11.81598528
8.92797734
0.97052795
-1.87749762
14.25378241
-9.88902442
2.84157110
10.40277604
-7.46820999
-4.72738796
2.62948651
-0.05724957
-11.89787272
3.84124985
-8.47129184
13.40194070
-3.65437350
10.38479721
2.18637771
11.44941828
-1.95096737
-14.31595780
-12.65555741
-3.29427190
9.82555249
8.41369361
3.85669167
-4.97331709
-3.49465890
2.08787804
2.05654643
-12.10103055
-1.25787068
-6.92918236
11.53824725
8.05263521
-8.68673058
-9.20078579
3.97172574
-4.90973250
-4.48443741
-0.81017069
-7.82102001
5.74139312
13.68510553
-3.96957451
0.67184301
-5.27298607
1.38822757
-13.11116205
6.41602895
-2.06003995
4.78331449
5.67961351
-11.03744558
8.11553492
-3.63993062
-8.86587420
-0.93447403
-2.60918299
-12.25573841
-0.00224616
-2.19052504
-7.90826321
-2.29252425
0.42478305
-10.85219079
0.12346448
1.02855382
-1.11664662
13.41749657
-3.29954063
-1.86164777
10.22834447
-9.67349486
4.40316977
-12.61109168
-13.78705449
11.47808533
14.82960610
3.88727847
5.11576091
12.45392373
9.15286474
-6.56836803
-7.48530294
10.37781152
9.68591235
5.82105392
3.21748303
3.00936892
-7.64354370
3.54249219
-5.64303170
2.69947953
-0.98190648
-9.84836027
-9.11513335
7.43544844
4.98007225
-8.49226485
-9.01942962
-4.81835801
-4.77942703
6.85965739
10.67614874
-12.37863952
-12.85792604
7.40348449
6.79907429
5.12799939
1.01803432
4.74551618
6.01668669
-5.41181104
-7.39861567
12.56427981
12.12455883
8.37301977
8.60506449
-1.20338870
-2.33573182
10.88818788
8.38355253
-11.37162746
-9.89998609
10.32922246
7.83395920
-0.12200308
-1.81786360
1.93478286
-5.53069305
14.69488853
14.58550551
-10.88726153
-9.04693071
1.90877870
5.09658098
11.01345475
8.91119298
-5.16778197
-5.86100205
-7.92180438
-6.30171638
4.73336091
3.64019334
2.02006604
-1.48090658
-10.72861988
-12.30711207
1.53216100
-6.82319075
4.82703386
-8.90060140
14.34127574
11.49356647
-2.71529509
-1.85032570
12.10121202
11.68980646
0.29589180
0.27680360
14.36559102
12.42998413
-1.15006725
-4.21688298
-11.69432363
-13.46468666
-14.67370751
-14.82477968
-1.82354236
-4.31247630
8.80367114
9.77660061
6.54510297
7.47844993
7.60778619
4.96441205
-5.80263400
-6.41580046
-5.35124283
-2.67698619
1.86695255
0.95973689
1.28095251
1.98938769
-9.63725862
-10.18217878
0.45004642
-0.46400242
-5.69690603
-5.79985695
6.91245783
9.21657540
6.55989107
7.20517646
-7.29502229
-8.09798566
-9.72996637
-8.35744999
3.93598588
5.18391698
-5.94428892
-3.68708043
-2.13203525
0.55964617
-4.37668578
0.27768659
-5.72269692
-6.47590484
6.77154508
4.43266318
11.99246641
14.02811973
-1.65211263
-4.37605036
2.29736747
1.21545531
-5.12501995
-5.09340808
1.93353229
2.50940975
-15.13788618
-11.96903274
8.37968430
6.91217384
-3.56808059
-3.41660597
4.46492532
5.40494628
3.94363744
7.03613510
-8.70098717
-9.99203514
8.73178485
9.44474049
-2.82551651
-2.60556648
-11.10054183
-9.77990437
-0.98913488
-2.14781382
-5.35899356
-4.17120515
-13.20276574
-13.48377762
-1.20785251
1.43772862
-3.56601890
-3.46579815
-10.70785763
-9.19304804
-1.11971082
-2.50914203
2.91134255
1.76672872
-13.47234888
-11.66600612
-2.13354857
1.33100858
0.51667551
-0.22144838
-0.83091852
-1.94470032
14.05329919
12.06974141
-3.29079655
-2.17959565
-0.73317300
-0.78023030
10.67776028
10.39625172
-7.65001997
5.47461561
-8.89452312
4.35122009
-14.78310562
-12.93521090
-13.90441171
-15.07536673
12.50341978
13.73562759
12.60392239
14.67989139
4.53983820
3.82664108
4.54297013
5.68381642
11.43213321
10.31580842
11.40349037
8.04021754
-8.66029018
-6.38093676
-7.78966367
-7.57913251
7.99683791
9.30968816
10.33446697
9.30021004
7.06084550
4.62186458
5.22361658
3.94683538
2.56044566
-8.87845067
3.55351286
-4.38232942
4.06397910
-7.03587939
4.92255080
-6.37821421
1.39270575
1.10697555
3.18398372
-2.13821791
-11.07929638
-7.25498693
-10.48994340
-8.65977801
7.41371265
6.21399068
8.21343544
3.75401898
-8.08345866
-11.32666067
-9.30044079
-9.69355085
-3.82619395
-6.87088240
-4.68039946
-3.65440066
5.66051265
9.97460432
8.02805827
11.22670254
-12.66551017
-13.18984105
-12.52436542
-12.82335155
8.46808508
7.82803380
6.60348236
5.74764576
2.12971227
2.38804873
4.11709746
1.30571868
5.91938119
7.18881720
5.13850282
6.24645201
-6.33011051
-9.18457113
-6.42219377
-7.79273935
11.42931046
12.91503609
11.69056550
12.78845065
9.24409449
9.31790433
9.09363252
9.62822295
-3.41650012
-0.24183547
-2.31810560
-1.47708820
12.67743343
9.66532783
10.98154574
9.17396416
-10.58598525
-12.87856407
-11.69017157
-10.84760632
8.50038900
8.41735819
11.00932959
7.38058820
0.94266145
-2.82419016
2.02691673
-2.93554942
-0.67485181
-0.93008847
2.83055060
-4.46512015
15.30186783
15.24075829
15.68294084
13.50067611
-9.94003245
-8.93705181
-10.82896925
-8.09306432
3.34227094
4.24815546
3.32974977
5.27368940
11.82233408
9.29727032
9.95743595
9.99992838
-5.79762417
-7.97358795
-6.15686691
-6.72131203
-7.38029836
-5.81334846
-8.13812147
-5.17341906
3.31018945
3.20110554
4.15616134
2.64393187
0.60660598
-0.99156762
1.54711050
-0.74143497
-12.23066836
-11.00627732
-11.76846939
-13.26408587
2.97494264
-7.25382827
3.10027822
-9.50716021
2.21617666
-6.19090970
4.72200714
-7.87417751
13.46458212
12.44886904
15.28666824
11.37560353
-1.68916084
-2.75364823
-2.51819305
-1.65152191
11.24704025
11.39212584
12.92183538
10.97699404
-0.72760592
1.24058736
0.55664797
1.03719234
14.35819019
10.63083631
13.75610887
13.43344408
-1.85405801
-2.70969005
-1.73249817
-3.33376491
-13.27672060
-14.72394797
-11.50865854
-13.64292637
-15.58821514
-11.87167541
-13.91063716
-13.85229261
0.31405390
-3.03560832
-2.34726687
-4.45158921
6.92208513
8.80275875
8.75340480
10.29665776
6.41596624
5.63933812
9.23651693
3.81182608
5.64044079
6.57539496
7.08153893
5.79219817
-6.92477474
-4.55806935
-5.89804875
-7.13997967
-5.07688856
-3.23586747
-4.46317571
-3.57332499
0.00771297
1.32227658
1.58424222
-0.01714459
2.63559676
1.17559199
1.68965978
2.97134003
-11.18087018
-11.71524895
-10.51589662
-10.98892503
