-4.12357356
-5.46316926
13.68252748
2.72166653
-14.71763391
12.33624970
0.68246460
9.85593466
10.79440477
7.19873548
3.65173169
-4.51237702
7.80761787
2.87493285
6.22513563
-9.93778165
-5.98130008
-3.23356432
7.46468288
-1.42853988
0.28543483
-10.27911252
-7.45370200
-0.09431188
0.22842739
1.99993919
-6.25733546
13.12656546
5.51978193
-1.42448442
-4.46189550
2.36145731
3.44530903
15.96834924
-13.14016898
7.60416520
-6.98916178
-0.06773107
-14.41963424
-8.71064664
-0.78205629
-5.32610746
-0.98450667
4.68031626
-10.33826516
8.00009300
11.05724901
6.91374293
2.65890504
-4.03281422
-6.95654961
-0.51357838
-5.00830362
-0.48224929
-3.41014237
-10.32333814
14.67680292
-12.12955771
-2.66765590
7.66390026
-6.47380034
6.49173871
-9.63600327
3.26482451
-0.73288233
1.03265799
2.40915965
-11.36062194
3.42395930
12.44786863
0.08000817
-7.07953879
-15.02545681
0.89703216
9.78580199
-12.97220076
10.56192470
-3.07014127
-12.48361855
-7.89730038
-2.78568573
-4.13169823
8.02072373
12.26121693
5.30565763
-4.96024924
8.89077008
2.56444171
6.27715303
-10.60933579
1.92273832
-0.43313158
-11.80843132
5.82889716
-4.38292947
6.51863864
13.53386701
5.62433945
-14.78397704
-6.35954571
-12.70458544
14.15647499
4.61681900
9.43369206
-6.58661661
8.27227353
3.49018553
4.72811538
-5.21841233
0.18445853
-8.54835658
7.12579859
-10.75879661
-5.80937853
9.55765375
-13.82016575
8.17803669
1.53162390
8.46953636
-8.43317361
12.58530861
10.31426274
0.08642107
10.51859668
-12.13743306
9.21089449
0.95721296
-1.86209736
14.41056327
-10.15120725
2.79690862
10.74510199
-7.69233437
-4.75402465
2.56391588
-0.08573751
-12.16527586
3.77509033
-8.65816038
13.78444079
-3.80391533
10.68989841
2.26877159
11.65717757
-2.14612055
-14.79505900
-13.01121246
-3.38524967
10.04963635
8.47899260
3.82595162
-5.06200342
-3.55288832
2.26578983
1.99299706
-12.65251843
-1.54715037
-6.42809083
11.41242825
8.19197386
-8.52719046
-9.71009621
4.70327619
-4.87689376
-4.49866625
-0.73376172
-7.86242238
5.83775542
14.02509397
-3.98710514
0.64940268
-5.30962059
1.36191564
-13.46112504
6.62348507
-2.20759489
4.88034742
5.73850928
-11.25124944
8.16894840
-3.76591948
-9.01505648
-0.86355351
-2.75869558
-12.38131534
0.02936686
-2.32409853
-8.23088304
-2.35221472
0.40944566
-11.13520595
0.10215232
0.86837048
-1.13520137
13.81306622
-3.37263173
-2.09203251
10.54757503
-9.84327052
4.44882339
-12.97077040
-14.23722510
11.65438168
15.25449423
4.02339194
5.18070801
12.76573363
9.32512848
-6.71760868
-7.63022902
10.54741297
9.87478352
6.09951797
3.27542174
3.04552161
-7.73373273
3.56779749
-5.77677243
2.69494022
-1.00018005
-10.08520053
-9.36371544
7.66064432
5.14038100
-8.75169907
-9.20861104
-4.80718735
-4.84698289
7.05517079
10.90822660
-12.55538255
-13.28500764
7.58257784
6.90722759
5.21614942
1.04809424
4.75274823
6.15702644
-5.49604428
-7.63122158
12.88754353
12.44021791
8.59628353
8.88721635
-1.22023423
-2.33113170
11.14360242
8.59852393
-11.68549787
-10.21687463
10.76057939
8.08721723
-0.18261987
-1.76594313
1.97670816
-5.70286339
15.09743169
14.90657551
-11.17422553
-9.26963757
1.90261331
5.30125592
11.31203212
9.11725179
-5.34664628
-5.79923740
-8.05706755
-6.42919119
4.80662902
3.69309819
2.05154561
-1.58203062
-10.95023888
-12.59793795
1.45556305
-7.14149877
4.80200214
-9.23437432
14.75593404
11.81208060
-2.64357087
-1.85247074
12.46073126
11.81042747
0.25001815
0.25968452
14.78345414
12.65491151
-1.22984075
-4.30758888
-12.04764648
-13.88756295
-14.88394573
-15.17469986
-1.90051444
-4.33048338
9.39948378
9.93550170
6.72470918
7.61832632
7.71035740
5.01762476
-5.74904347
-6.38896817
-5.76801563
-2.85417035
1.85524703
1.01483954
1.28825154
2.40491877
-10.10156765
-10.72146268
0.27822491
0.00548405
-5.68177186
-6.51616946
7.30873753
8.95059635
7.19054214
6.85205574
-7.17478328
-7.49400387
-10.36159849
-8.23913264
3.79870815
5.44867208
-6.04030333
-3.63378815
-2.13460480
0.56218040
-4.36972476
0.31054849
-5.83136909
-6.49928184
6.94435690
4.49238377
12.43807679
14.25717873
-1.74067292
-4.49054041
2.28016015
1.29230675
-5.26052354
-5.34735293
2.01709110
2.49372784
-15.52984178
-12.33555941
8.53061798
7.09709584
-3.58389962
-3.59551040
4.56814656
5.45023267
3.90011013
7.12403725
-8.88622956
-10.19231793
8.92902425
9.54469621
-2.96650030
-2.57569218
-11.37064192
-9.92644071
-0.93763979
-2.10737791
-5.46585326
-4.09613715
-13.58102509
-13.69864843
-1.18365840
1.49855615
-3.71336746
-3.59972717
-10.99443433
-9.55003256
-1.18885359
-2.69483738
2.98028318
1.75183295
-13.81461399
-11.96019457
-2.17771048
1.29717449
0.41879940
-0.37456905
-0.91499004
-1.99398922
14.34002454
12.43610192
-3.30929625
-2.18625180
-0.83666981
-0.89676632
11.10236694
10.63343186
-7.79889903
5.59839641
-9.05042033
4.49424628
-15.22482729
-13.26785064
-14.26979953
-15.55390357
12.90305668
14.16245819
12.89749657
15.21365000
4.74836384
3.92478354
4.62522970
5.80319138
11.81116106
10.63593100
11.76906860
8.22879771
-8.81168219
-6.42916568
-7.90797329
-7.71740122
8.30263071
9.43855293
10.31802000
9.47260071
7.16784013
4.72282983
5.25931659
3.94844720
2.55351962
-9.03438617
3.69449001
-4.44674119
4.08908986
-7.12338451
5.06945199
-6.51153130
1.56747966
1.28633551
3.20701967
-2.11450382
-11.38105457
-7.31881989
-10.85894410
-8.89612759
7.62826201
6.39641326
8.33908031
3.75578056
-8.28934871
-11.74750743
-9.50887021
-9.97608365
-3.87522719
-7.03557530
-4.77702460
-3.77806365
5.83451812
10.24931953
8.29728300
11.57836006
-12.86766131
-13.68763682
-12.86437757
-13.07117746
8.69086403
7.99293837
6.74046690
5.87213195
2.10995674
2.44862562
4.16922263
1.29532042
5.97086991
7.37177321
5.26587278
6.45846400
-6.53420916
-9.54674237
-6.61447742
-7.88370715
11.73767863
13.22986085
11.86833807
13.01665935
9.56619902
9.57720759
9.16296862
10.01009898
-3.44326894
-0.34280363
-2.33827606
-1.48229275
12.89063756
9.79134531
11.15851110
9.37351826
-10.84283200
-13.16722214
-12.06488460
-11.18406162
8.73993619
8.55416984
11.32178886
7.55811719
0.93599503
-2.85496816
1.99231806
-3.01738131
-0.71993289
-0.84221493
2.94071287
-4.59345064
15.69019207
15.48245964
16.04377154
13.77721470
-10.19465817
-9.19426097
-11.13458374
-8.27679356
3.40319904
4.35294496
3.40411474
5.35824783
12.08404816
9.60741584
10.16019733
10.25638424
-5.88764346
-8.14741424
-6.44338836
-6.79489530
-7.55389103
-5.87775725
-8.33614552
-5.23840884
3.36250166
3.18452366
4.31923070
2.69107394
0.58614562
-1.08662836
1.55290935
-0.79930750
-12.48003968
-11.25564837
-12.02548451
-13.51818610
2.88136458
-7.32885285
2.95497207
-9.73971385
2.01637751
-6.35412182
4.79119141
-8.19183362
13.84707689
12.82390837
15.76244207
11.62732254
-1.59129691
-2.79315132
-2.46057681
-1.85818803
11.37185020
11.75313926
13.14590108
11.14517364
-0.81509586
1.25028023
0.56715947
1.01546540
14.65247631
10.82776147
14.05700706
13.69169288
-1.85712548
-2.87125907
-1.79501341
-3.36266986
-13.71284605
-14.95017655
-11.96255882
-13.96861812
-15.89644993
-12.07573199
-14.41402044
-14.12650839
0.21799875
-3.07583228
-2.41811726
-4.79745809
7.03079559
9.00736753
8.88714637
10.46410233
6.44876421
5.65618282
9.25820936
3.88487712
5.73784915
6.64601450
7.24794070
6.00666256
-6.89397220
-4.55694825
-6.02099699
-7.27316075
-5.02121781
-3.17982915
-4.50757338
-3.87427883
0.03739486
1.42691365
1.59187448
0.02877920
2.59329293
1.14240168
1.62596301
3.05412958
-11.40448388
-11.63144656
-10.39863935
-11.08840867
0.17363132
-0.64690447
0.45104507
-0.93723279
-4.53661530
-7.34206592
-6.26302670
-5.61872465
6.71895080
12.22179548
6.39136419
9.57476067
5.86549511
8.16800604
6.55397383
7.86421594
-7.09952508
-9.45306525
-7.88878391
-8.51581762
-11.34639998
-9.17890371
-9.37807514
-8.80671376
2.97927578
3.71118145
4.20118625
5.48154782
