-4.26217497
-5.47645920
13.71490979
2.71953018
-14.76990543
12.36341409
0.68488551
9.88908529
10.81322527
7.21188934
3.64016266
-4.52199240
7.83194925
2.91510834
6.25322638
-9.95822559
-5.95590172
-3.23600447
7.47565128
-1.46587783
0.25693774
-10.30421305
-7.60116535
-0.11308441
0.22571571
1.96200033
-6.27644258
13.18685908
5.54719218
-1.43707299
-4.47032491
2.36626253
3.43225066
16.03072181
-13.17587574
7.66266696
-6.97857613
-0.08106518
-14.46708952
-8.73087186
-0.80707692
-5.33386996
-0.98098859
4.71680227
-10.34568707
8.03839128
11.08730053
6.93640783
2.73085178
-4.03615030
-6.96737705
-0.51288882
-5.01746976
-0.49800947
-3.44250022
-10.35683148
14.73064240
-12.13174057
-2.66025233
7.68900105
-6.65998871
6.51478382
-9.63230702
3.27809641
-0.73952689
1.03904466
2.41776498
-11.38419535
3.42635205
12.47807793
0.06644192
-7.10291330
-15.05432104
0.89676914
9.81950955
-12.99805749
10.57634760
-3.07837994
-12.51330519
-7.91494274
-2.78306201
-4.15650508
8.05089826
12.29150605
5.32608983
-5.01945198
8.92400099
2.57539188
6.30111694
-10.63344627
1.93345413
-0.44947539
-11.82643263
5.85003528
-4.39508194
6.54044303
13.57437732
5.65339898
-14.82709525
-6.32102029
-12.76028472
14.20805333
4.61905463
9.45455922
-6.59160868
8.28613141
3.49529533
4.74941573
-5.21985631
0.17774218
-8.59417111
7.14339639
-10.78287351
-5.85749328
9.58861338
-13.88392508
8.20974780
1.52174593
8.51833776
-8.45557495
12.61177247
10.33536263
0.09317667
10.54019156
-12.17644791
9.24914754
0.95241896
-1.87276133
14.42829593
-10.18311136
2.79098171
10.80152809
-7.72412804
-4.75643334
2.56983163
-0.09366829
-12.20709124
3.77361261
-8.68221750
13.82254959
-3.81561334
10.71692245
2.28012069
11.68455400
-2.20008558
-14.83614741
-13.03366468
-3.41796734
10.07965214
8.48922083
3.82633535
-5.06152372
-3.54379988
2.26107673
2.00033140
-12.70006271
-1.52652038
-6.45114862
11.46281714
8.22482109
-8.50899106
-9.74891037
4.70603148
-4.45277694
-4.50922898
-0.72366997
-7.85900124
5.85610583
14.07653625
-3.98095166
0.64621763
-5.39804864
1.32833216
-13.50991330
6.66490211
-2.21794419
4.88443475
5.75028737
-11.27583977
8.18571857
-3.70416182
-9.03072276
-0.86408149
-2.77216954
-12.38456233
0.03583500
-2.33875859
-8.24364242
-2.38535236
0.40414841
-11.17132670
0.09747570
0.82087459
-1.16492765
13.85332212
-3.37764031
-2.13131247
10.57186826
-9.90642554
4.45086651
-13.01610952
-14.27468299
11.67745437
15.29938554
4.03660349
5.19850817
12.79501849
9.36264876
-6.72516336
-7.64964549
10.56400784
9.90339803
6.12117270
3.29387114
3.04850586
-7.76373368
3.57543666
-5.79514649
2.70421749
-1.00896510
-10.11672529
-9.40281314
7.68958261
5.15255292
-8.77200233
-9.22848301
-4.82303717
-4.74209451
7.07246614
10.93555519
-12.52875769
-13.33404013
7.60653574
6.92537700
5.18720361
1.03752051
4.75014388
6.14536286
-5.50356565
-7.64489895
12.93311651
12.48368887
8.61870377
8.92021182
-1.22047036
-2.33280048
11.17617829
8.62727378
-11.71911788
-10.25517397
10.80108354
8.12071213
-0.20413800
-1.77669257
1.99164340
-5.76559357
15.13086120
14.93505247
-11.20897056
-9.30026472
1.90508527
5.32515190
11.35090864
9.14926950
-5.40015767
-5.84644082
-8.07448282
-6.44643249
4.81711728
3.70511777
2.04829093
-1.59873899
-10.97792491
-12.63258159
1.42741988
-7.19487009
4.77925972
-9.30062909
14.80161590
11.84705108
-2.51833753
-1.82965327
12.49420831
11.84504019
0.24789854
0.25755196
14.82593316
12.68541155
-1.24642870
-4.29760278
-12.06070890
-13.92601769
-14.91730519
-15.22245848
-1.92618247
-4.32055123
9.45097281
9.94311934
6.72514015
7.63546260
7.71407368
5.04215354
-5.74138277
-6.39093687
-5.82426119
-2.88852631
1.85063289
1.00591673
1.28188625
2.42216466
-10.12627452
-10.76454697
0.25989599
0.01356116
-5.69467722
-6.53929874
7.32506120
8.96908844
7.21767225
6.87507502
-7.20727172
-7.45187216
-10.37100108
-8.29833684
3.79765871
5.47774848
-5.59239261
-3.51130117
-2.15095507
0.54735793
-4.38677183
0.32612789
-5.85328207
-6.49253942
6.96789031
4.52311852
12.49184052
14.28613084
-1.75267145
-4.50259215
2.28220812
1.29923735
-5.29832100
-5.39077584
2.04252289
2.47035635
-15.58363700
-12.38556086
8.55627339
7.13863003
-3.58628895
-3.60889577
4.58990559
5.45659585
3.88150532
7.12530976
-8.90168920
-10.20843043
8.99508687
9.56585826
-3.00667919
-2.60215628
-11.40193444
-9.94553718
-0.94458682
-2.11711743
-5.46955699
-4.10764221
-13.63584625
-13.73821919
-1.18042700
1.49449740
-3.74674954
-3.62729178
-10.99127588
-9.57597264
-1.20597421
-2.73675959
2.97290630
1.75817206
-13.85854069
-11.99134383
-2.18045721
1.29115279
0.42600545
-0.41269008
-0.91223779
-2.02483166
14.36664106
12.48318944
-3.31570300
-2.18671480
-0.84415149
-0.90699223
11.13916507
10.66069473
-7.74399203
5.60891067
-9.07444922
4.50760943
-15.28031622
-13.30096331
-14.31917226
-15.59859465
12.94733530
14.21520837
12.91816457
15.27884824
4.76477926
3.94051263
4.65172526
5.82430108
11.85699434
10.67760520
11.78943602
8.25276837
-8.82853428
-6.43193847
-7.91875636
-7.73101512
8.31098864
9.45893159
10.38551482
9.48140814
7.19638409
4.74427569
5.27536849
3.96335074
2.56212305
-9.07917935
3.71600615
-4.46887948
4.09633375
-7.16412788
5.08527859
-6.52574516
1.56840295
1.29895484
3.22159001
-2.13478299
-11.41183805
-7.54527187
-10.89807003
-8.93802517
7.65624357
6.40930132
8.36303779
3.77076512
-8.30533529
-11.78229446
-9.53907299
-10.00998628
-3.90145870
-7.02980002
-4.77514413
-3.74209525
5.84966290
10.28501947
8.32137680
11.61226412
-12.88549084
-13.75882685
-12.92279219
-13.09199765
8.71934242
8.01342225
6.75119346
5.88594167
2.10745153
2.46654839
4.18247879
1.27885165
5.96490515
7.38725749
5.23744333
6.52248308
-6.54865989
-9.57199846
-6.66667850
-7.88091143
11.77895379
13.27103574
11.88526458
13.04035186
9.56846639
9.60572274
9.18104874
10.05667364
-3.44433642
-0.34440182
-2.33680330
-1.47501920
12.93613625
9.80051440
11.17610199
9.39190347
-10.88303865
-13.21096792
-12.11105944
-11.22919255
8.76513996
8.58184488
11.36102402
7.57825719
0.92326752
-2.84941698
1.99275558
-3.02766422
-0.73179530
-0.84318297
2.97008033
-4.62944238
15.73613021
15.50772277
16.07087529
13.80106746
-10.22632330
-9.22490150
-11.17025156
-8.30098572
3.40962506
4.36643748
3.40808800
5.37131297
12.12014900
9.64687565
10.21662046
10.29206136
-5.89310924
-8.17351905
-6.54464631
-6.79380406
-7.59028536
-5.88304099
-8.36505772
-5.23809097
3.37346489
3.18336126
4.33203284
2.69784543
0.57820680
-1.10012513
1.55798033
-0.81615075
-12.50810332
-11.29114427
-12.05489874
-13.55043162
2.88355617
-7.36235310
2.88970919
-9.79786030
1.97399876
-6.42983797
4.80883801
-8.25981684
13.88607578
12.86478634
15.82029943
11.65316032
-1.52092596
-2.69922208
-2.52649293
-1.78608231
11.40182010
11.79781046
13.16237479
11.18810284
-0.82080997
1.25401974
0.57220633
1.00820264
14.68962690
10.85339811
14.07853624
13.72677595
-1.90139800
-2.88557372
-1.79438960
-3.35148048
-13.75451989
-14.99065320
-12.00833077
-13.99467730
-15.93651059
-12.09816804
-14.46845034
-14.16667927
0.21701960
-3.11399516
-2.44443928
-4.85598141
7.05527624
9.03783525
8.89470004
10.48712834
6.45568706
5.66096629
9.27153251
3.88425106
5.74389549
6.66694233
7.27168294
5.97663386
-6.90905481
-4.56466780
-6.02351723
-7.29284596
-4.98981965
-3.20057326
-4.50245466
-3.92346016
0.04319196
1.43447285
1.58447878
0.02270031
2.58268698
1.14807289
1.61818880
3.06313014
-11.41072749
-11.69467976
-10.40528589
-11.10533563
0.16679340
-0.64177818
0.42807857
-0.90877935
-4.53927783
-7.36399663
-6.26692671
-5.63188493
6.75495808
12.26614323
6.41508343
9.63276600
5.88535767
8.19703184
6.58059878
7.88753997
-7.07563387
-9.45224654
-7.89902044
-8.47798556
-11.35068442
-9.21016932
-9.37259897
-8.82806621
2.90808935
3.79729118
4.19270657
5.59907940
-6.33856206
-5.30413140
-6.39191609
-3.42493078
