-4.36975693
-5.42996977
13.86174453
2.68074687
-14.95969847
12.47010001
0.74100565
10.00666855
10.89024381
7.31562765
3.63794204
-4.56539004
7.93198705
3.00193620
6.36862559
-10.06528811
-5.93280666
-3.08874006
7.51237198
-1.47610851
0.23863758
-10.40911884
-7.58857237
-0.07423654
0.26139663
1.78199322
-6.38699275
13.41802657
5.60113775
-1.46756999
-4.55912358
2.40695385
3.48707279
16.26573596
-13.33503359
7.80309911
-7.01897582
-0.15127757
-14.66925520
-8.80550904
-0.77585510
-5.39926635
-0.86774300
4.79057878
-10.46210831
8.10338324
11.19813188
6.96795779
2.88741999
-4.10228422
-7.04070928
-0.53034065
-5.14013901
-0.48447780
-3.50374774
-10.51615547
14.90996029
-12.27169079
-2.63711440
7.78781679
-6.64940981
6.61044208
-9.66521971
3.31242653
-0.75972193
0.93017396
2.22802130
-11.49841177
3.42659057
12.62777873
0.03382131
-7.18754012
-15.14939945
0.92929451
9.92592615
-13.13930676
10.71113907
-3.12007472
-12.68895200
-7.99241147
-2.92358612
-4.15735815
8.11513216
12.44694761
5.46622990
-4.58786567
9.07115528
2.60090430
6.45785126
-10.75984697
1.99048662
-0.47824879
-11.94125290
5.97809401
-4.44284398
6.62755887
13.75169224
5.72372327
-15.00346553
-6.41911325
-12.92368159
14.37871411
4.60861487
9.58236173
-6.62236035
8.37049785
3.46802109
4.85321520
-5.07367161
0.08858717
-8.71160761
7.19188629
-10.90683411
-5.91152024
9.71571153
-14.11529629
8.27841658
1.48080483
8.62357966
-8.58697960
12.73623583
10.45539753
0.09983988
10.63941085
-12.34702616
9.39141353
0.96296068
-1.98080081
14.56508944
-10.32956778
2.77847151
10.96903855
-7.83206097
-4.78872132
2.59707780
-0.12706647
-12.38433295
3.79566955
-8.79284598
13.94964730
-3.88452288
10.84992364
2.30887103
11.81138363
-2.18731643
-15.00348797
-13.11630006
-3.61702034
10.22641484
8.51463247
3.83445044
-5.07725220
-3.35485026
2.28806145
1.98851762
-12.82221213
-1.59426522
-6.56926779
11.65387582
8.42928662
-8.54573394
-9.86041867
4.60663487
-4.36196272
-4.14398992
-0.97370529
-7.43443441
5.91156358
14.28032143
-3.96003622
0.63338979
-5.43208456
1.33802388
-13.69243397
6.74379704
-2.26628659
4.93162829
5.80268733
-11.37704995
8.23692483
-3.74340441
-9.10570026
-0.82990970
-2.83285703
-12.51670718
0.07006899
-2.40736186
-8.27038756
-2.44850943
0.47833674
-11.31079378
0.11129522
0.85924933
-1.15222853
14.01894265
-3.38612369
-2.13435327
10.63009928
-10.05987046
4.47342299
-13.18807298
-14.42860440
11.78114751
15.43194771
4.16421825
5.27918562
12.88463120
9.51233222
-6.76207818
-7.72147173
10.66257390
9.99695096
6.23546684
3.50162951
3.09512400
-7.92122650
3.63739262
-5.86847777
2.91492794
-0.98532007
-10.26562543
-9.50631480
7.78623349
5.13894271
-8.92069308
-9.35704182
-4.93844233
-4.69026164
7.15170502
11.02895907
-12.49918298
-13.44443644
7.70653956
7.01169274
5.15865155
1.11220785
4.75213406
6.17233742
-5.54891617
-7.73311611
13.09809409
12.63543765
8.69320666
9.03738374
-1.20680612
-2.34866233
11.33827401
8.74024398
-11.87502480
-10.35826211
10.95937135
8.23381166
-0.21248522
-2.02504492
2.03765787
-5.80254679
15.28612552
15.03449149
-11.38716964
-9.43914608
1.90484284
5.41153702
11.48167930
9.24185268
-5.61561916
-5.95143090
-8.18145048
-6.48759561
4.87392686
3.74301396
2.04797653
-1.65396137
-11.10581364
-12.75957144
1.42214072
-7.33927986
4.82760883
-9.43667057
14.98490704
11.96332038
-2.51125784
-1.71531773
12.60698663
11.95693156
0.24478803
0.23154334
14.96873657
12.80993643
-1.30285386
-4.33372615
-12.09106177
-14.08212804
-15.10583025
-15.34544170
-1.95311171
-4.34447594
9.58158141
9.98208646
6.79080965
7.71047652
7.71491366
4.93514402
-5.77236143
-6.42427307
-5.94748169
-2.94975401
1.89107938
1.06345857
1.27709631
2.48740873
-10.30276999
-10.87403011
0.25035756
0.03869812
-5.71329882
-6.89792035
7.42321472
9.06734350
7.36421404
7.00685338
-7.56192203
-7.36891176
-10.46924350
-8.48108859
3.67257336
5.58296544
-5.64010683
-3.36050122
-2.07649452
0.66292344
-4.34930417
0.90418058
-5.59676673
-6.56643259
7.02914969
4.60818279
12.69981898
14.39051552
-1.77814499
-4.54001016
2.30803146
1.31881056
-5.39475486
-5.47004327
2.48967197
2.45772321
-15.78133124
-12.56311994
8.64854568
7.12614482
-3.61465356
-3.66909585
4.62378595
5.48703325
3.86806632
7.19539857
-8.98867446
-10.28015798
9.09508977
9.63250453
-3.08242790
-2.53300789
-11.51563479
-10.05932161
-0.92156533
-2.08297649
-5.51921812
-4.11516364
-13.83320092
-13.91156435
-1.18829310
1.45192398
-3.77922500
-3.73440049
-11.03478445
-9.72558972
-1.20255706
-2.76645725
3.02475643
1.80040809
-14.02976661
-12.13786469
-2.07350564
1.26705861
0.45884010
-0.36656533
-0.90171906
-1.99853926
14.46493237
12.63062345
-3.25187079
-2.15662197
-0.90050417
-0.99532278
11.27378471
10.75783071
-7.78435711
5.65605881
-9.18465375
4.55955397
-15.47021493
-13.45807181
-14.51025433
-15.76565594
13.08147842
14.40938940
13.03098186
15.53703820
4.82698471
4.02274459
4.88978140
5.88719641
11.99023295
10.82691368
11.86327358
8.35994093
-8.92366072
-6.47975657
-7.98772165
-7.82132237
8.39168576
9.56276707
10.60683967
9.55325951
7.37689816
4.73637082
5.41511644
4.09009400
2.61365738
-9.23682893
3.79306247
-4.61942885
4.12153652
-7.31402860
5.14455353
-6.69970341
1.62523685
1.25256885
3.34001279
-2.20758256
-11.57432142
-7.64540697
-11.06259853
-9.08587362
7.75038895
6.41135125
8.46614195
3.84937947
-8.41431735
-11.93143859
-9.70195301
-10.18184014
-3.99488770
-7.05721800
-4.78282798
-3.72342227
5.92613031
10.41979126
8.41648708
11.72587917
-12.94707065
-13.94521874
-13.08240134
-13.16054866
8.83759429
8.09647727
6.82063573
5.93793934
2.18192484
2.45421615
4.29654559
1.29657219
6.03782115
7.40428451
5.26148943
6.52621703
-6.60385572
-9.70476193
-6.81375084
-7.94817633
11.93139825
13.41494648
11.93877930
13.12341537
9.50577176
9.71269623
9.27037971
10.20242248
-3.44173202
-0.32310032
-2.32620546
-1.45360663
13.08889892
9.89228451
11.28140526
9.47421475
-11.01080401
-13.40383161
-12.28205305
-11.40525348
8.84588882
8.69235287
11.51727108
7.64318352
0.88397914
-2.86972843
2.00105045
-3.11798530
-0.77363323
-0.98683921
3.06354956
-4.71164439
15.91841254
15.68450284
16.17804205
13.87828273
-10.37614241
-9.37212037
-11.34213786
-8.40405995
3.43698291
4.42121819
3.42432349
5.43257842
12.23700509
9.78259998
10.36026403
10.38970099
-6.02132617
-8.29532238
-6.71898505
-6.90471804
-7.74728201
-5.93415284
-8.46994617
-5.25205456
3.41565575
3.20890848
4.37629884
2.71478219
0.53977252
-1.15457544
1.56142131
-0.85363158
-12.63151553
-11.43474121
-12.19032851
-13.67669304
2.91524191
-7.45416643
2.92843793
-9.89873435
1.96138325
-6.51693368
4.82546870
-8.41793285
14.00633758
13.01200849
16.01453350
11.72683968
-1.55845708
-2.62335900
-2.45712078
-1.66422890
11.52865756
11.97144201
13.24193760
11.34460321
-0.83975910
1.26646356
0.56943787
0.99426587
14.86326720
10.97380332
14.19954277
13.86273930
-2.05448877
-2.87358268
-1.81418902
-3.40804475
-13.92502695
-15.16418401
-12.16657835
-14.08747577
-16.10415353
-12.16347689
-14.60573388
-14.26750033
0.21214909
-3.19644055
-2.55853607
-5.03096817
7.10998079
9.18043153
8.92452377
10.63275002
6.46693335
5.71108214
9.32155554
3.91039442
5.77514504
6.72339941
7.38690118
5.94395913
-6.97397537
-4.61114866
-6.04467104
-7.38830768
-4.94538962
-3.54465355
-4.34339894
-3.99068334
0.10699831
1.46781191
1.57794961
0.04713900
2.54009069
1.15105903
1.58758545
3.06310426
-11.50925738
-11.86796689
-10.47217443
-11.26313909
0.09722130
-0.62636837
0.42747077
-0.78868657
-4.54490182
-7.50544700
-6.40296625
-5.96146508
6.82464253
12.46582372
6.56501875
9.78821471
5.98642333
8.35709157
6.67802511
8.00119227
-7.11571939
-9.56656460
-7.89138343
-8.51321662
-11.45117663
-9.31076973
-9.46799322
-8.89049121
2.64226512
3.93105515
4.10049733
5.62932215
-6.27987770
-5.26925412
-6.46648086
-3.37964025
-3.20144152
1.32266067
-5.09228298
-0.33524945
-2.53069744
0.56646985
-4.52859586
-0.03793275
-5.47141936
-8.37653931
-5.90340207
-6.68601235
