-2.08899898
-2.68567832
5.07247639
1.82953629
-5.69440806
5.49069343
0.68820176
4.34813548
5.39176790
3.87170440
1.03861433
-1.17520220
4.18429458
1.57707450
3.68476713
-3.88770192
-1.44375066
-1.30210383
3.01115429
-1.17528766
-0.34612272
-3.49829554
-4.11165880
-0.26543178
-0.29767830
0.98156120
-3.24235973
4.92617419
2.80391547
-0.17763893
-2.23668854
1.51670977
0.59495829
6.14256398
-4.71358784
3.67482978
-2.46194449
-0.07733462
-4.75241322
-3.51313279
0.37093165
-1.05423817
0.58063799
2.30066413
-4.55613087
2.83538512
4.07406514
2.43572695
1.70731134
-2.39296635
-2.68893824
-0.27653217
-2.58594803
-0.89553078
-1.22798679
-3.05731830
5.86719881
-5.00745257
-1.56192450
3.26476114
-2.88967009
2.66795767
-4.38042000
1.13672194
0.15709567
-0.37622896
0.98687709
-4.14853984
0.74733132
4.64670520
-0.39511612
-3.84198923
-6.23522102
0.90745866
4.36242785
-5.47385106
5.01550913
-1.18835955
-5.11863684
-2.42568585
-1.22158133
-1.68269819
3.48761512
4.59866648
1.92432284
-2.20540525
3.61328676
1.38813523
3.12249056
-4.55020542
0.96404943
-0.10009952
-5.36006905
3.01478925
-1.04639790
1.98661827
5.08237976
2.36927521
-6.59440011
-3.43545279
-6.02092546
5.80307606
2.35050978
3.98700938
-2.09530317
3.43404663
2.01618041
2.47878608
-2.16954975
-0.03694541
-3.55779906
1.66325639
-4.73320763
