-4.39133223
-5.45449087
14.06926371
2.70973175
-15.13433844
12.15799604
0.71000318
10.10571882
10.88255150
7.41588427
3.69935678
-4.67743837
8.02928977
3.03816282
6.48324991
-10.17326565
-5.97605249
-3.31917295
7.57576424
-1.45634700
0.22999799
-10.50059240
-7.69568627
-0.06486281
0.27957264
1.73312798
-6.44565014
13.60040135
5.66673546
-1.46042378
-4.60380103
2.42459629
3.53360700
16.49736284
-13.48597740
7.84000939
-7.07177904
-0.21482206
-14.87478124
-8.93279463
-0.79587631
-5.47474239
-0.83450630
4.85296511
-10.58382977
8.16040581
11.29164714
6.95843318
2.85971910
-4.17531832
-7.16289159
-0.66838862
-5.16976191
-0.47242615
-3.62392220
-10.60078219
15.06317771
-12.32465448
-2.81525983
7.88209345
-6.77529831
6.68475101
-9.71562398
3.25738940
-0.76249143
0.93379781
2.22331281
-11.57556479
3.43706693
12.80876760
0.02951298
-7.34660595
-15.27143406
0.47130941
10.06566257
-13.31412683
10.88199877
-3.12483000
-12.83601683
-8.06881472
-2.99393411
-4.22461459
8.36439119
12.55397165
5.58103597
-4.74496728
9.27745370
2.71903240
6.60611755
-10.89235372
1.95698643
-0.51896857
-12.06479135
6.13410558
-4.52299154
6.73983358
13.95675141
6.02403487
-15.18153799
-6.56984834
-13.09313863
14.53812564
4.65438343
9.67968293
-6.68982172
8.49181333
3.47928364
4.92722788
-5.39164451
0.03929167
-8.79999491
7.28658354
-11.06210728
-5.99219500
9.79134759
-14.31577754
8.62820287
1.49961474
8.65969772
-8.65497608
12.92790208
10.57358976
0.02539516
10.97019622
-12.53876792
9.51896484
0.95305305
-2.10176171
14.71381143
-10.49064084
2.83268705
11.03947277
-7.94611212
-4.87132195
2.57653651
-0.15798086
-12.55081469
3.84214663
-8.89147168
14.09408894
-3.99066360
11.05255413
2.31355512
11.95020023
-2.15626855
-15.21047552
-13.21359740
-3.68178218
10.43499071
8.51747226
3.89334700
-5.08198922
-3.32767869
2.31572700
1.96574975
-12.90982894
-1.62799120
-6.63097331
11.81325402
8.62670820
-8.62446863
-9.91354512
4.58946023
-4.26943577
-4.12350386
-0.96754225
-7.42830084
5.70759805
14.67866507
-3.95405078
0.37465837
-5.42470562
1.32847711
-13.86393252
6.80629607
-2.33208598
4.95632555
5.88915930
-11.47863850
8.22085422
-3.74631580
-9.20132885
-0.78891601
-2.84861146
-12.65019088
0.05805776
-2.40641155
-8.42827352
-2.53583335
0.46791769
-11.44792690
0.11407219
0.89505101
-1.19808565
14.18583986
-3.40770737
-2.13264236
10.71834639
-10.15090637
4.43365369
-13.35794730
-14.59598385
11.92008971
15.59770427
4.25131352
5.35007412
13.00631051
9.64504890
-6.84233383
-7.83008178
10.80530655
10.08577383
6.37417884
3.62630934
3.08949955
-7.97820275
3.67551100
-5.97854448
2.95247574
-1.01508741
-10.38878365
-9.60465068
7.82652423
5.22038330
-9.06438227
-9.51050731
-5.10350065
-4.73675278
7.22199225
11.10287959
-12.59539077
-13.53875779
7.87697128
6.82194888
5.15127182
1.12645091
4.82394599
6.15617325
-5.67154334
-7.77805618
13.36107195
12.72908678
8.82663573
9.08839098
-1.21662336
-2.31118067
11.54630729
8.91788798
-12.01297345
-10.50398816
11.06871992
8.33157013
-0.20531338
-2.05184080
2.03465857
-5.91002557
15.46645256
15.13464053
-11.55619231
-9.52667166
1.96556743
5.48369432
11.57773141
9.30294213
-5.67855406
-6.09635157
-8.32997225
-6.67082321
4.85117086
3.76767875
2.02500488
-1.65832144
-11.21126930
-12.85792468
1.44870173
-7.47331168
4.90049513
-9.54158090
15.17168359
12.07251362
-2.48922587
-1.71534743
12.69670292
12.06027083
0.18979878
0.20308901
15.11946509
12.99324079
-1.34006073
-4.44031702
-12.15925037
-14.26975026
-15.23454151
-15.46170518
-1.96160710
-4.38650908
9.72004138
10.16302311
6.84361983
7.78643793
7.70488667
4.96870043
-5.82349942
-6.49281752
-5.98821146
-3.02177612
1.87618412
1.04468184
1.25814880
2.50604179
-10.32823696
-10.92786204
0.26435602
-0.03078655
-5.80422693
-6.97688683
7.53174969
9.17025100
7.47772512
7.21361723
-7.59499888
-7.53736966
-10.52246118
-8.52912746
3.63525207
5.68254394
-5.66234090
-3.24928273
-2.15976631
0.66081014
-4.29984552
0.85194840
-5.54679490
-6.49043173
7.58258256
4.30014179
12.69519815
15.14258629
-1.84605651
-4.00284808
2.64136139
1.58891648
-5.51594462
-5.55991122
2.58987006
2.48364210
-15.96905071
-12.73444566
8.73968662
7.15546970
-3.61827901
-3.73735147
4.64323846
5.52830026
3.88155127
7.30146760
-9.04271181
-10.34209447
9.17831834
9.62756886
-3.21968968
-2.56358170
-11.61229644
-10.15709375
-0.97566446
-2.03624100
-5.57941729
-4.13395480
-14.00733617
-14.07906141
-1.27722870
1.42336733
-3.85650329
-3.78610211
-11.09231492
-9.86975335
-1.23800617
-2.86760641
3.06648469
1.80982777
-14.20268561
-12.27873369
-2.03571418
1.24436176
0.46734889
-0.30074548
-0.90097840
-2.03389400
14.59023132
12.76728337
-3.30925732
-2.12269432
-0.91080491
-1.01824189
11.39461873
10.85377695
-7.87859044
5.68443661
-9.29188114
4.63707764
-15.65433368
-13.61997452
-14.69491341
-15.94767964
13.20461333
14.61111914
13.17527170
15.72667944
4.87008603
4.06140403
5.03474876
5.94177127
12.10740138
10.95786070
11.97722847
8.45705675
-9.01604356
-6.57084742
-8.07391533
-7.92079671
8.50175974
9.69221783
10.77266842
9.67774250
7.53594629
4.76974545
5.52613212
4.20426057
2.61506401
-9.32155314
3.84362840
-4.58995119
4.11737324
-7.34156834
5.18878752
-6.73064193
1.64441738
1.22865618
3.42623192
-2.23709264
-11.71466135
-7.66391711
-11.21362982
-9.20486140
7.86836215
6.52181415
8.55812436
3.90810022
-8.53199903
-12.05507264
-9.84702671
-10.34670269
-4.11257316
-7.13343313
-4.89508402
-3.76757706
5.99539106
10.49854911
8.49519159
11.79776254
-13.04053073
-14.04751698
-13.24891334
-13.23926383
9.00354850
8.08395764
7.09443728
5.89962337
2.22186383
2.48642611
4.30644736
1.32839723
6.07928578
7.41317924
5.30977694
6.54435451
-6.63249339
-9.77851246
-6.84645953
-8.00608816
12.09106918
13.52203328
11.99749108
13.14007978
9.54679429
9.79043529
9.38908179
10.36313441
-3.45677101
-0.40007172
-2.32892953
-1.50115435
13.24076240
10.10151044
11.37369586
9.81348223
-11.14220421
-13.60228145
-12.45163034
-11.55922675
8.92579057
8.76823175
11.62256710
7.66439344
0.91028391
-2.96273996
2.01246117
-3.16373916
-0.76883314
-0.99442490
3.07497141
-4.80796122
16.13765252
15.87133706
16.31583622
13.94283967
-10.50539622
-9.53118412
-11.52262417
-8.46925295
3.45155630
4.48669808
3.43600623
5.50516591
12.31620697
9.84182320
10.45477219
10.46305731
-6.11859216
-8.37577989
-6.84958096
-6.97328237
-7.84364147
-6.03082096
-8.59675065
-5.26257481
3.50362041
3.22510044
4.37988527
2.72490255
0.55748649
-1.20902982
1.58615930
-0.87723782
-12.75824069
-11.55971946
-12.32642461
-13.80309376
2.94742879
-7.47789287
2.97334127
-10.01733494
1.99157470
-6.56126092
4.85923755
-8.52092093
14.12396649
13.14633545
16.18515513
11.81711274
-1.54514586
-2.64916716
-2.38377341
-1.72987169
11.68642737
12.14069973
13.35271688
11.49697882
-0.87019167
1.24968471
0.57964067
0.99421986
15.09327185
11.08137842
14.34806485
14.03679826
-2.19120834
-2.87014983
-1.79722238
-3.46983568
-14.11835413
-15.36577710
-12.33803028
-14.19220551
-16.27815421
-12.23923637
-14.71536995
-14.36645409
0.20709644
-3.24693673
-2.59563814
-5.05949112
7.31430193
9.35064981
9.07489851
10.79600022
6.51058285
5.74554669
9.33078285
3.90537109
5.81416555
6.78275107
7.50499964
5.94614064
-7.03717570
-4.68590805
-6.05581944
-7.50585178
-4.97078520
-3.69787865
-4.36365890
-3.97933560
0.17090646
1.49415607
1.54455923
0.01613697
2.52748248
1.15340089
1.61117039
3.05079905
-11.58790001
-11.95009726
-10.54551506
-11.32664754
0.09801156
-0.64659922
0.45520702
-0.77460848
-4.54349261
-7.55368687
-6.54762460
-5.98318010
6.88368752
12.62159856
6.69895463
9.90842673
6.04868413
8.48243389
6.74657164
8.15766711
-7.26201736
-9.63169081
-7.95745509
-8.57137224
-11.53695375
-9.33317038
-9.51964870
-8.94527242
2.59827254
3.96749446
4.08868148
5.60156026
-6.11179823
-5.08913092
-6.55705271
-3.33876936
-3.17685404
1.40599567
-5.13205043
-0.33057134
-2.69638966
0.58617666
-4.63732754
-0.12367220
-5.70931962
-8.35818950
-6.22766670
-6.73005800
5.23126442
6.31349913
6.71123194
5.24599328
13.16159317
13.94176378
12.94989236
14.24776058
-3.11684884
-4.09670501
-1.87293959
-5.00934545
1.41476180
0.78376572
2.00304545
0.91691099
