-4.42337336
-5.49091766
14.17773765
2.73419121
-15.21438566
12.21939174
0.69909021
10.17341960
10.88476529
7.45358913
3.72273371
-4.71055671
8.07825583
3.05942441
6.52488136
-10.22278040
-6.00418699
-3.34408704
7.60717263
-1.43423777
0.24496429
-10.54693590
-7.77478606
-0.09336361
0.28650328
1.74833147
-6.64537786
13.68191496
5.70542113
-1.44849496
-4.60909334
2.42085685
3.54475130
16.61499194
-13.55774065
7.86240037
-7.11111491
-0.24145615
-14.98039611
-8.96042439
-0.79082501
-5.45831483
-0.83854341
4.87869615
-10.64282138
8.19039285
11.34553905
6.94554609
2.85376363
-4.75862849
-7.19293401
-0.59976352
-5.20707490
-0.45242443
-3.66229188
-10.67270448
15.14888337
-12.36542157
-2.85731497
7.94193840
-6.95392734
6.71092428
-9.77094743
3.31857842
-0.76633804
0.94067302
2.21604118
-11.63019335
3.45922525
12.89634919
0.02488533
-7.36229257
-15.33530878
0.61763531
10.13112161
-13.39674608
10.94910094
-2.92986841
-12.90679729
-8.08838642
-3.02345386
-4.24982213
8.48071955
12.59666225
5.62693451
-4.83612968
9.36319178
2.65998183
6.67031262
-10.95799613
1.94965768
-0.51549686
-12.13505809
6.18958629
-4.60760005
6.77422675
14.05605846
6.05751868
-15.26710873
-6.63640862
-13.16471282
14.62083868
4.68488441
9.72873207
-6.72237785
8.55169298
3.49854628
4.96564283
-5.42555791
0.03010110
-8.84010129
7.32806400
-11.15295747
-6.06930387
9.81251512
-14.41306030
8.65985662
1.51429179
8.68030865
-8.70128679
13.02809495
10.63542232
0.10945920
11.02666378
-12.63282610
9.57342604
0.94724917
-2.10965357
14.78445932
-10.59615735
2.81324544
11.08441986
-7.98635513
-4.90799519
2.60915638
-0.14361926
-12.63890132
3.85433325
-8.99977722
14.17589574
-4.03169109
11.12839056
2.32708867
12.02608363
-2.11240233
-15.31778141
-13.26824952
-3.69095938
10.51205415
8.53469570
3.91383274
-5.07293051
-3.34357972
2.34443919
1.96758815
-12.95100326
-1.61756866
-6.65687403
11.88496058
8.69047126
-8.66241623
-9.95309942
4.59986495
-4.17528518
-4.11888288
-0.98041096
-7.45860100
5.81255168
14.68766751
-3.96285630
0.33109258
-4.88142907
1.33389317
-13.94158308
6.84030391
-2.32556401
4.96714528
5.93075950
-11.53458377
8.21113622
-3.73753772
-9.24461245
-0.77689377
-2.84071063
-12.71498551
0.07922316
-2.37554579
-8.49529847
-2.58106527
0.47084273
-11.51704703
0.10650083
0.92537905
-1.23379690
14.26394964
-3.41104362
-2.14853089
10.77805963
-10.19421479
4.45032910
-13.43555172
-14.67620532
11.99658130
15.68510818
4.28542216
5.39014936
13.07221084
9.69671570
-6.90814252
-7.82269832
10.87947786
10.13821164
6.42898147
3.66688847
3.08755213
-8.03266700
3.69036201
-6.03111405
2.97598557
-1.01395494
-10.44338934
-9.65025265
7.85844733
5.25042808
-9.12259547
-9.56994033
-5.14506311
-4.79275542
7.25455598
11.13862674
-12.67336994
-13.58750401
7.91714257
6.85195959
5.13726633
1.10589806
4.85862050
6.15023133
-5.72268970
-7.82822532
13.40484606
12.77528902
8.88040982
9.12721901
-1.16987105
-2.40738034
11.63963827
8.95088645
-12.08576222
-10.60650803
11.12668440
8.37592004
-0.18923423
-2.06813678
2.03591437
-5.95211904
15.55655798
15.18465741
-11.63724704
-9.57226453
1.98845368
5.57633296
11.62192509
9.33453638
-5.72311697
-6.14154077
-8.36823468
-6.68496460
4.91506192
3.77573939
2.04801455
-1.66993444
-11.26778249
-12.90353016
1.47151483
-7.58820128
4.92980333
-9.63414783
15.26577059
12.13207841
-2.45795309
-1.73398279
12.74073916
12.08864195
0.20229428
0.21690556
15.22390163
13.07947919
-1.33744271
-4.45076761
-12.22136411
-14.36205215
-15.28830419
-15.52807889
-1.97255639
-4.42432773
9.76958599
10.24027064
6.87066440
7.82352919
7.70421356
4.98350412
-5.86327626
-6.52993298
-6.02398155
-3.05163244
1.86953286
1.03817181
1.25995750
2.50827218
-10.36796655
-10.97386723
0.28291948
-0.03311454
-5.83081538
-7.00788398
7.57000451
9.22075426
7.53906962
7.29072925
-7.63638133
-7.58887564
-10.57204500
-8.56213873
3.63932045
5.72143619
-5.74024130
-3.29932729
-2.17141113
0.67850115
-4.33226813
0.84810707
-5.56605293
-6.53038322
7.62546117
4.35339492
12.77000654
15.21392525
-1.97129831
-3.96725968
2.56522090
1.53336974
-5.60119782
-5.22322149
2.63134103
2.50213964
-16.05300538
-12.82130968
8.78758906
7.17486277
-3.72178784
-3.73986231
4.64860772
5.54223926
3.89691822
7.35036500
-9.09449043
-10.37662265
9.22404451
9.62540431
-3.28375404
-2.57723841
-11.65692569
-10.21257224
-0.97935308
-2.01815045
-5.61614260
-4.12878524
-14.09110361
-14.14836862
-1.20871905
1.39658696
-3.92582836
-3.68393163
-11.14640305
-9.92466708
-1.25306914
-2.88697115
3.08667297
1.81603376
-14.28054528
-12.34283365
-2.05440910
1.23215466
0.47777060
-0.26045930
-0.87585056
-2.05675832
14.64595675
12.83673364
-3.33134869
-2.12207913
-0.91799953
-1.00519829
11.45902345
10.89274522
-7.95131447
5.69537870
-9.34418304
4.58136608
-15.74399634
-13.69146332
-14.77964582
-16.03379970
13.27835145
14.70351839
13.25309972
15.81525189
4.88078624
4.07473450
5.07757118
5.96358986
12.17437477
11.01845791
12.04780356
8.49634228
-9.08246428
-6.58123298
-8.12277281
-7.97748586
8.55359687
9.75437368
10.84522795
9.74391949
7.58454903
4.79987656
5.57538933
4.25323270
2.62215942
-9.38082156
3.86531265
-4.59803375
4.10767809
-7.39247013
5.20619681
-6.76460931
1.67832764
1.22393879
3.46263876
-2.24265358
-11.77849094
-7.65803595
-11.27362583
-9.26056803
7.91412817
6.55535599
8.59942835
3.92199581
-8.59604773
-12.12010279
-9.91477559
-10.41325838
-4.15683968
-7.17328465
-4.94731627
-3.80352992
6.02551917
10.53899449
8.52494829
11.84681273
-13.08911994
-14.09270973
-13.34181246
-13.29277500
9.06205424
8.12665025
7.14495641
5.86983804
2.22667591
2.49685577
4.33195543
1.32988261
6.11821821
7.42342795
5.34085972
6.56637527
-6.67254294
-9.83211257
-6.89608377
-8.05518543
12.14919220
13.57866513
12.04560158
13.19699152
9.61478673
9.84018896
9.43767446
10.42331294
-3.49369061
-0.40334223
-2.33418725
-1.55434919
13.32379673
10.14257317
11.39889707
9.86905411
-11.22525106
-13.70481046
-12.53943405
-11.63405354
8.98045056
8.78914138
11.69225904
7.65277840
0.94362949
-2.99916636
2.00888157
-3.18142415
-0.76791626
-1.00932696
3.07728105
-4.85392681
16.25281299
15.95373326
16.41296902
13.98636269
-10.56705667
-9.58891640
-11.59736569
-8.55209250
3.34381022
4.53269015
3.44838813
5.54478513
12.37311377
9.87338513
10.50584130
10.50226181
-6.16068993
-8.43123876
-6.91012708
-7.01723541
-7.89025037
-6.04980925
-8.65765292
-5.35311595
3.59554976
3.24434924
4.39396324
2.72435919
0.55744982
-1.16464976
1.57346052
-0.90266584
-12.81938638
-11.62550455
-12.38938044
-13.86697180
2.97110628
-7.47002547
2.98715587
-10.09932175
1.99695924
-6.76321057
4.88456209
-8.72578781
14.19990730
13.21305335
16.28133894
11.87638395
-1.54588962
-2.67980199
-2.35723399
-1.72860342
11.76596429
12.22744015
13.40340829
11.56939485
-0.92020682
1.23559453
0.54134475
1.00542252
15.21284935
11.14752896
14.44140425
14.12705696
-2.20237106
-2.79582219
-1.68586420
-3.39965610
-14.21907644
-15.46492236
-12.41107004
-14.24940033
-16.35604609
-12.28624783
-14.77104340
-14.42506452
0.20234801
-3.25670852
-2.59640278
-5.09757956
7.41898030
9.43771120
9.13824537
10.88245052
6.53445813
5.76694489
9.34824114
3.92336815
5.82720466
6.80785286
7.53855973
5.95799026
-7.04952288
-4.84726793
-6.04760679
-7.55583520
-4.97579669
-3.72970751
-4.38308432
-4.00270969
0.18510957
1.50595984
1.54314638
-0.00132320
2.53298655
1.17130914
1.63201351
3.06021541
-11.63484858
-12.00010911
-10.58603433
-11.35800827
0.10653518
-0.62461737
0.48047448
-0.77705069
-4.54176781
-7.58030280
-6.60211122
-6.00179790
6.91971505
12.70022078
6.76112195
9.96827979
6.06954031
8.55022538
6.77913291
8.21088303
-7.32375793
-9.66697212
-8.02767360
-8.63773517
-11.60219975
-9.36783725
-9.57343761
-8.98165722
2.60418000
3.99135301
4.09446514
5.61098495
-6.03530877
-4.94379027
-6.64055014
-3.35084152
-3.16105755
1.42767415
-5.13389412
-0.32315763
-2.71777674
0.58940860
-4.68013252
-0.12510729
-5.78372504
-8.39911889
-6.21063652
-6.78102563
5.22893610
6.41387871
6.73430999
5.30813559
13.22584356
14.00156036
13.01478566
14.30648331
-3.32864750
-4.32039739
-1.91459460
-4.89394832
1.61838471
0.75929078
2.02501817
1.01517849
-3.77370952
-5.64746600
-5.43635527
-6.03531886
