-2.10553087
-2.68691642
5.08889644
1.83502068
-5.71966937
5.50729522
0.68596311
4.35890981
5.40538899
3.88523560
1.04416782
-1.18330788
4.19960355
1.59036085
3.69432707
-3.89071381
-1.44918117
-1.31155837
3.02049760
-1.19854531
-0.35221928
-3.51046050
-4.11449765
-0.25803508
-0.30310430
1.00122639
-3.29407671
4.93960893
2.82983149
-0.18599922
-2.24988571
1.52202300
0.60430294
6.15534968
-4.72917581
3.68441304
-2.47192682
0.00458549
-4.75699957
-3.53480741
0.42951435
-1.07205717
0.58374119
2.34227382
-4.57549878
2.84755390
4.09215718
2.44043916
1.72792671
-2.40391389
-2.70247821
-0.27635140
-2.70428501
-0.84957574
-1.21651320
-3.06437514
5.87426288
-5.01378709
-1.54972023
3.27519376
-2.88233545
2.67831522
-4.39771808
1.15202661
0.15803135
-0.37668831
0.99900009
-4.15845594
0.75283487
4.66471753
-0.33298956
-3.85185574
-6.25154566
0.91194529
4.37494070
-5.49880507
5.01429877
-1.18821572
-5.13168414
-2.42564355
-1.23762810
-1.86007185
3.50052437
4.61334128
1.93537060
-2.20221002
3.62636145
1.39368734
3.11854558
-4.57535978
0.97195885
-0.09290489
-5.37284964
3.02380421
-1.04919125
1.99554755
5.09622644
2.38290907
-6.61466241
-3.54648112
-6.03158574
5.81305636
2.34870294
3.98571822
-2.10307131
3.44138926
2.02589042
2.48684021
-2.16136258
-0.02624756
-3.59611993
1.68438880
-4.74941292
-1.61431740
