-4.46065433
-5.55018446
14.33729461
2.76477007
-15.82238459
12.30655037
0.66877161
10.25338932
10.90123037
7.53667245
3.75483488
-4.74077809
8.17477258
3.09137800
6.57723168
-10.30859437
-6.02641176
-3.38285975
7.63474184
-1.45005290
0.26330626
-10.62926466
-7.74606682
-0.13769155
0.29423670
1.80407303
-6.65955797
13.80362350
5.80798396
-1.42312466
-4.61291133
2.41089255
3.56384553
16.79291725
-13.65528074
7.90507515
-7.20520583
-0.30158812
-15.17372462
-9.01234172
-0.87569554
-5.48551043
-0.85213467
4.92264203
-10.73292162
8.23863222
11.42879230
6.93940854
2.86531446
-4.79090262
-7.24385303
-0.63625021
-5.24599328
-0.49379173
-3.71852804
-10.76312274
15.27933630
-12.43052073
-2.88602039
7.98602510
-6.98993515
6.74177174
-9.84717208
3.36635660
-0.73584646
0.86127030
2.81804103
-11.68263841
3.49069847
13.02149989
0.00486164
-7.39605884
-15.44363415
0.62847006
10.20734463
-13.51744526
11.04860812
-2.92817545
-12.98021487
-8.10107151
-3.07574611
-4.25428970
8.62699492
12.68998156
5.69185257
-4.88659288
9.46275638
2.65219882
6.77310918
-11.04064351
1.93388578
-0.53583042
-12.20934380
6.27375531
-4.67467528
6.81045510
14.19676399
6.12158594
-15.41620556
-6.71229509
-13.27582139
14.74049898
4.73636262
9.83499692
-6.75172261
8.64235293
3.69494563
5.01501275
-5.46347082
0.00044101
-8.90656093
7.39072947
-11.25825499
-6.13874964
9.84465605
-14.54254299
8.67861627
1.53144952
8.71628589
-8.76572123
13.17743778
10.71720090
0.11690709
11.08356702
-12.83928149
9.63955326
0.95499263
-2.10738956
14.88714108
-10.75376641
2.76584562
11.14329783
-8.05308093
-4.92155563
2.64618762
-0.14988486
-12.81044065
3.91350916
-8.99715758
14.30162620
-4.06144197
11.23289328
2.34590034
12.14550075
-2.11804373
-15.48608375
-13.36072926
-3.70141921
10.61845208
8.58016843
3.95569693
-5.04366664
-3.34449841
2.38769574
1.96269399
-13.01972668
-1.64026689
-6.68680394
12.00527131
8.78581547
-8.71056259
-10.00384998
4.63566000
-4.24496674
-4.12313834
-1.03106212
-7.50544602
5.90656435
14.70375631
-3.99278374
0.35612434
-4.77768112
1.83283646
-14.22607987
6.92185844
-2.27854032
4.96165262
6.01195391
-11.62258957
8.22058837
-3.75510838
-9.31744702
-0.75709273
-2.83762893
-12.83354307
0.09451528
-2.40656876
-8.57326670
-2.63278200
0.49501814
-11.58627063
0.10136939
0.95944336
-1.28767899
14.37536009
-3.41140207
-2.14180002
10.86273199
-10.24760290
4.46683572
-13.47840565
-14.79452002
12.11199038
15.81345371
4.32493139
5.48231914
13.16320231
9.77179905
-6.95326791
-7.85479848
10.98271196
10.22025617
6.52419758
3.69734403
3.10097059
-8.10905197
3.70794012
-6.08826709
2.98504191
-1.02555952
-10.52179205
-9.72015909
7.91570295
5.26596078
-9.19900267
-9.66085950
-5.18668336
-4.90058312
7.28894169
11.18918324
-12.77158778
-13.66256373
7.95930202
6.91571034
5.14349400
1.06859753
4.91016876
6.16093708
-5.77047990
-7.90752447
13.46664837
12.83629694
8.93687957
9.19088145
-1.14372160
-2.46449092
11.79230568
8.99577903
-12.17444137
-10.75566395
11.19761218
8.42849009
-0.14859025
-2.11489989
2.03835230
-6.00773911
15.69821781
15.28616709
-11.68155331
-9.65730681
1.93788182
5.61949788
11.68939394
9.39182375
-5.79123430
-6.19455233
-8.43253757
-6.70984395
4.96939339
3.81156833
2.06478468
-1.71652026
-11.33746643
-12.97952507
1.35411161
-7.60345219
5.01011834
-9.66416881
15.39892954
12.21587044
-2.50888815
-1.85000356
12.80372197
12.14103029
0.16188716
0.21645343
15.38481023
13.21723777
-1.38582834
-4.49676178
-12.31151197
-14.49648469
-15.37842717
-15.63256355
-2.00446426
-4.45555017
9.85482149
10.35742560
6.92586893
7.89433994
7.71445914
5.02194604
-5.87620422
-6.61674500
-6.10127396
-3.09504516
1.87618191
1.03344668
1.24160002
2.51936983
-10.41671526
-11.03228709
0.26143511
-0.11326489
-5.86575506
-7.04213509
7.62471919
9.30139968
7.62104243
7.40413121
-7.68806678
-7.65559866
-10.63497552
-8.59884313
3.66068741
5.78158233
-5.88695950
-3.33654729
-2.19390070
0.71521890
-4.37851752
0.84272290
-5.59158663
-6.57462174
7.65318319
4.40739426
12.88837941
15.29857729
-1.97689863
-3.96604372
2.59012506
1.52948141
-5.55981064
-5.28582576
2.28605218
2.26412210
-16.70276957
-12.73240796
8.86606794
7.22436118
-3.77886020
-3.73973815
4.67202798
5.54947229
3.95382204
7.44304406
-9.18113467
-10.46334317
9.29934733
9.63753794
-3.42460190
-2.61589861
-11.74227817
-10.28781552
-0.99427917
-2.00361794
-5.65631912
-4.10286551
-13.98427790
-14.26770609
-1.20361396
1.40170579
-3.98115257
-3.70449765
-11.22027566
-10.00194387
-1.27567766
-2.93541375
3.12407723
1.83576876
-14.41449465
-12.43431935
-2.07668199
1.21466839
0.49749083
-0.31966049
-0.82705843
-2.06303284
14.71968454
12.93025482
-3.35690735
-2.11940407
-0.91984880
-0.96650196
11.55049581
10.93381424
-8.05912174
5.71872559
-9.43173344
4.58425127
-15.87661010
-13.80106283
-14.84261723
-16.16367088
13.38847638
14.83866862
13.36658706
15.94685123
4.90255985
4.08797045
5.13696941
6.01081074
12.28094745
11.12929810
12.14727749
8.55663236
-9.15390592
-6.64369688
-8.21121082
-8.02194608
8.67013893
9.86457551
10.95923495
9.84300895
7.66258009
5.02588250
5.72679899
4.44257716
2.62339650
-9.42137531
3.88864730
-4.63100288
4.10202912
-7.43901236
5.23066180
-6.77620116
1.71114998
1.21855645
3.56058892
-2.25513898
-11.86537718
-7.65153051
-11.35479073
-9.33481284
7.99454144
6.59256423
8.64838980
3.93257887
-8.67311501
-12.20760089
-9.99180573
-10.50242105
-4.19775862
-7.23273814
-4.99706989
-3.86520611
6.05054349
10.61479298
8.56419264
11.92026662
-13.14815465
-14.17043434
-13.46595042
-13.38035934
9.13150305
8.20580574
7.23438222
5.84186887
2.22477955
2.51243966
4.37688723
1.33483345
6.18529269
7.45142450
5.41030098
6.61729247
-6.73776571
-9.92415739
-6.96305336
-8.14858167
12.22537387
13.66942898
12.11163327
13.26149097
9.71048444
9.92232373
9.49966811
10.51587509
-3.51825234
-0.39498924
-2.33237366
-1.58600228
13.44258988
10.19346052
11.46652318
9.91544246
-11.30332041
-13.87437715
-12.65634279
-11.81933926
9.02399967
8.79866359
11.80915640
7.63814519
1.03120636
-3.03502949
1.92755607
-3.21019529
-0.78319295
-1.02611056
3.08186852
-4.90076430
16.41809483
16.07227813
16.55935370
14.07177813
-10.71465183
-9.66462384
-11.75401631
-8.70714655
3.33049584
4.55093248
3.45587559
5.57884354
12.44862953
9.92344243
10.60224365
10.56074825
-6.21475244
-8.49868491
-6.97209994
-7.07202003
-7.95758017
-6.07993022
-8.75835635
-5.42747391
3.63738929
3.27591129
4.48156439
2.73258512
0.53443273
-1.16924307
1.56945522
-0.93332146
-12.91735647
-11.73696523
-12.47554847
-13.97431256
3.01533516
-7.54023600
3.08732975
-10.14634130
1.95106440
-6.68949655
4.96244296
-8.74702945
14.30989717
13.31611136
16.42741136
11.95781928
-1.60660952
-2.76358612
-2.36424514
-1.74769362
11.88165692
12.34368205
13.46996176
11.68650211
-0.98463758
1.21731272
0.51514166
1.02153458
15.38997735
11.24856498
14.56691101
14.27487482
-2.31097574
-2.78286637
-1.65069717
-3.38070088
-14.37764628
-15.60969235
-12.51512832
-14.33270372
-16.47931585
-12.36296267
-14.85917253
-14.51857393
0.19984257
-3.26984811
-2.60619251
-5.15581165
7.53870894
9.53082606
9.24004725
11.02330631
6.56343307
5.82369643
9.41580844
3.95323384
5.86438835
6.87176237
7.58659202
5.99958951
-7.05333930
-4.90874078
-6.02146480
-7.65529185
-4.99049462
-3.76770570
-4.40044825
-4.05281469
0.19447925
1.51671728
1.53436836
-0.02014451
2.52604834
1.17225081
1.69096010
3.08582457
-11.70184904
-12.09113756
-10.64560274
-11.40770332
-0.00488274
-0.64085931
0.41992391
-0.84928847
-4.53568410
-7.63094765
-6.67516741
-6.00815977
7.02339626
12.81685413
6.88286023
10.07141554
6.10361401
8.63982993
6.82597941
8.27087187
-7.39407054
-9.71397868
-8.09941710
-8.71211285
-11.70383737
-9.41904502
-9.63256396
-9.02863303
2.62820643
3.98999011
4.11072581
5.64663050
-6.01827461
-5.05731048
-6.84067420
-3.39402455
-3.14491442
1.41952204
-5.13767986
-0.31193536
-2.74627720
0.49622128
-4.73339052
-0.12823434
-5.82720128
-8.43790684
-6.24138196
-6.83157069
5.25762322
6.57773072
6.74987645
5.36519959
13.31232695
14.10291423
13.11763011
14.37576462
-3.38369259
-4.41452900
-1.98551179
-4.90512054
1.65245158
0.76500242
2.05146368
1.06550393
-3.79650136
-5.56858519
-5.49637659
-6.11582538
1.76441561
1.00894066
2.73338266
2.88478473
-15.11004956
-13.88902647
-15.79890818
-13.30742823
