-4.41759836
-5.59319370
14.51203327
2.39197914
-15.89976228
12.39509251
0.63311761
10.30879911
10.94402002
7.64388118
3.78376769
-4.76167990
8.30420801
3.09913997
6.70215377
-10.38773410
-6.06598800
-3.43803723
7.67818083
-1.44512017
0.25381921
-10.70850412
-7.80111662
-0.14367333
0.27422600
1.85962649
-6.59598928
13.94051196
5.90406559
-1.39410853
-4.61250229
2.40070037
3.56527499
16.95847736
-13.74785162
7.96283418
-7.29183005
-0.35247584
-15.23849998
-9.05935684
-0.91439194
-5.50782101
-0.86651595
4.97326326
-10.81691161
8.49625378
11.54467042
6.96726132
2.86677698
-4.84798886
-7.32207836
-0.66485475
-5.28446091
-0.51113156
-3.76740133
-10.84166215
15.40899382
-12.50688294
-2.45346652
8.04107833
-7.09995511
6.79489181
-9.91407075
3.40954589
-0.69200512
0.82870736
2.72579696
-11.72737552
3.53753278
13.13109600
-0.01382098
-7.44098955
-15.55447604
0.65428691
10.28532514
-13.63746898
11.12655344
-2.92655667
-13.05950274
-8.13472036
-3.11998035
-4.25680477
8.71110825
12.82270590
5.71566575
-4.91919553
9.55159408
2.65276494
6.88208559
-11.12766807
1.91737507
-0.54397432
-12.26339995
6.31694697
-4.76890576
6.85095857
14.32056634
6.16716229
-15.57031411
-6.77258241
-13.35876712
14.85834239
4.80456734
9.97658444
-6.78429199
8.78409083
3.74417297
5.05818368
-5.54423880
0.00238550
-8.94694005
7.45230589
-11.35524529
-6.19105726
9.88796035
-14.66348130
8.70882887
1.55696318
8.78473478
-8.83115284
13.34756048
10.80133122
0.23466983
11.12978175
-12.92102045
9.70662489
0.91161015
-2.13559429
15.00254127
-10.83735565
2.74630567
11.22577885
-8.12541925
-4.98633253
2.66217669
-0.14299239
-12.90477089
3.97967957
-9.05898377
14.43223515
-4.09110791
11.31972872
2.36548060
12.27155882
-2.15834620
-15.64736038
-13.44614460
-3.73426602
10.73139838
8.64949684
4.00997665
-5.03674932
-3.35305644
2.41546417
1.96973198
-13.09235370
-1.73658218
-6.72441226
12.15548602
8.84762652
-8.74694095
-10.06362801
4.67823312
-4.37549763
-4.11691203
-1.06410032
-7.54587338
5.97615334
14.72449610
-4.17337699
0.40370003
-4.63590405
1.97789380
-14.57466150
6.71418857
-2.75612318
5.03261421
6.10177581
-11.69590814
8.25228763
-3.82190419
-9.38454767
-0.73772318
-2.84891094
-12.95414476
0.12454801
-2.47925903
-8.65917692
-2.68408149
0.50725465
-11.65430381
0.09587858
0.98642984
-1.30033540
14.48429948
-3.40755796
-2.15467922
10.93561997
-10.33104076
4.47605135
-13.59093279
-14.91448656
12.25899448
15.92399708
4.31895159
5.54672452
13.24696893
9.83337379
-6.99643245
-7.89768345
11.13469918
10.30300332
6.63035753
3.70654838
3.15232281
-8.17472512
3.71994740
-6.09855624
3.01170863
-1.03208021
-10.58626679
-9.77909801
7.97749312
5.29324579
-9.27752928
-9.76956884
-5.21268230
-5.00224351
7.34403031
11.23423793
-12.85132572
-13.74208242
8.00014280
6.96347536
5.18060854
1.06783471
4.96745041
6.13738376
-5.82071008
-7.98385736
13.51232630
12.90604117
8.99843194
9.27106863
-1.11660595
-2.32988675
11.90735389
9.05216931
-12.27277164
-10.81500886
11.27495784
8.50674320
-0.12781645
-2.13804637
2.01078943
-6.03349376
15.84372285
15.39958739
-11.81675943
-9.72561275
1.91930811
5.66545388
11.79079179
9.55431334
-5.85661101
-6.25364094
-8.52945932
-6.73737701
5.01001684
3.83799081
2.07542012
-1.75900560
-11.39582453
-13.04183579
1.31649320
-7.58100818
5.06846920
-9.75328717
15.51765341
12.30411106
-2.60621985
-1.96145390
12.91579349
12.26029618
0.15170601
0.22064952
15.55273180
13.39065950
-1.34635579
-4.52169939
-12.39369266
-14.62806504
-15.47749685
-15.73888052
-2.03886689
-4.49061006
9.94018266
10.46049508
6.96318388
8.02440573
7.74812229
4.99794787
-5.90873869
-6.69455660
-6.17256331
-3.14890858
1.82421048
1.00581152
1.25528458
2.49243552
-10.46666929
-11.09939711
0.20662384
-0.21442006
-5.89555987
-7.08016643
7.70044025
9.44284623
7.69113154
7.50420418
-7.72944296
-7.71135955
-10.70305676
-8.65640108
3.70094315
5.87173178
-6.04250421
-3.33384341
-2.22697659
0.69329076
-4.44049803
0.82239037
-5.62768218
-6.60927009
7.66019107
4.43991562
13.01301124
15.39003237
-1.97079781
-3.94714712
2.62978573
1.52768945
-5.61150285
-5.38975817
2.49496866
2.20902732
-16.81403023
-12.83860651
8.69991529
6.88668857
-3.27353951
-4.02666815
4.41880359
5.70840147
4.06079574
7.56186714
-9.26104702
-10.55734828
9.38580798
9.67422225
-3.46841334
-2.67685247
-11.82200133
-10.36158487
-1.01900228
-1.98531322
-5.70365373
-4.13324941
-14.03410996
-14.41324590
-0.98175053
1.43827782
-4.03111783
-3.77006891
-11.29092364
-10.06963489
-1.29600377
-2.98827982
3.14625873
1.86032115
-14.51727900
-12.48547649
-2.09741375
1.19023508
0.54927336
-0.35690294
-0.79263450
-2.05355904
14.84345845
13.02655658
-3.37698429
-2.11738004
-0.94163518
-0.95340647
11.64200069
10.96973106
-8.12869370
5.75265389
-9.51564932
4.60119353
-15.98847210
-13.89677446
-14.96147413
-16.30389747
13.49016655
14.95495416
13.50440409
16.08667881
4.91074045
4.12726138
5.12795932
6.05674027
12.40081611
11.28646730
12.23894496
8.57507611
-9.22305321
-6.66097796
-8.28173478
-8.06144087
8.76371753
9.99183740
11.10024124
9.99645946
7.68828335
5.08020715
5.78638001
4.50552105
2.62085544
-9.48756069
3.91277756
-4.65167548
3.90167016
-7.50553501
5.25604365
-6.82054748
1.68084732
1.20413303
3.55565081
-2.25881041
-11.93995356
-7.69951312
-11.42419712
-9.41874548
8.08015199
6.64130879
8.72051814
3.95210756
-8.72880113
-12.28844111
-10.06643165
-10.59904535
-4.23303646
-7.29602862
-5.04497936
-3.96387631
6.08908559
10.69662151
8.61764084
12.00561213
-13.18782325
-14.25719803
-13.57894665
-13.47368819
9.18972597
8.27843987
7.30846260
5.81596624
2.22116021
2.46713703
4.40031462
1.32794371
6.27027356
7.46894971
5.41570179
6.62135196
-6.79710555
-10.01923339
-7.03338122
-8.23774906
12.30430409
13.77578822
12.19382875
13.32376452
9.79096738
10.01325806
9.56840733
10.59897845
-3.56017231
-0.33564384
-2.34003939
-1.57655695
13.56512624
10.25050360
11.57414962
9.93654417
-11.42977683
-13.97075686
-12.79188825
-11.95140002
9.07041779
8.83305501
11.92963620
7.66934930
1.08231137
-3.03948274
1.95758369
-3.23653385
-0.77282473
-1.03447150
3.03061937
-4.93001532
16.60399836
16.19575774
16.70340376
14.17585182
-10.79640063
-9.75736717
-11.84986963
-8.77302375
3.32575121
4.57267460
3.46123003
5.61098968
12.55337930
10.00428890
10.74353111
10.61201175
-6.25088771
-8.56608472
-7.00616330
-7.14772698
-8.03355314
-6.19840237
-8.87317861
-5.55590257
3.70048588
3.30557498
4.55095618
2.74223269
0.53693812
-1.16809382
1.57117971
-0.94826653
-12.99462524
-11.83764146
-12.54776679
-14.07084617
3.07498550
-7.57727894
3.13973590
-10.20989769
1.95993057
-6.61218121
5.05857666
-8.75503526
14.40976233
13.43495255
16.57207950
12.02669487
-1.61267021
-2.85705266
-2.35093131
-1.84257014
11.97966244
12.44182835
13.59022588
11.78767968
-0.99751367
1.21322701
0.50056471
1.04319066
15.57598137
11.34223606
14.70034990
14.44052892
-2.40445152
-2.75159355
-1.67947330
-3.37489615
-14.50565810
-15.75221912
-12.60373421
-14.42883545
-16.61498295
-12.44214055
-14.95363932
-14.61420475
0.18607790
-3.28544291
-2.61816537
-5.21560746
7.60638382
9.62812416
9.32311988
11.12852020
6.77087549
5.91599107
9.50143074
3.99029181
5.86841165
6.89844826
7.64688200
5.86455573
-7.08056885
-5.20049718
-6.05408168
-7.77012715
-5.02064105
-3.80090062
-4.42637583
-4.11291088
0.20479374
1.50946494
1.50693301
-0.04317899
2.57319075
1.17233917
1.70270586
3.11046526
-11.76305379
-12.19796549
-10.69369842
-11.46353406
0.04293191
-0.67357586
0.44828806
-0.93667531
-4.52897761
-7.68454399
-6.74154351
-6.00590624
7.11985817
12.93954976
6.96277555
10.21634796
6.11845666
8.71964215
6.85723191
8.31594379
-7.48289631
-9.75446224
-8.14945172
-8.77545140
-11.81890742
-9.46710280
-9.69939712
-9.08046156
2.68880073
3.99094694
4.03249878
5.66669227
-6.11236294
-5.22418859
-6.97545152
-3.46650005
-3.12573443
1.54585205
-5.13380541
-0.30856752
-2.77405444
0.59324599
-4.77278868
-0.15047362
-5.85626807
-8.48540920
-6.29766743
-6.86479481
5.28902233
6.65525799
6.75347781
5.40172179
13.39807984
14.21091555
13.23863490
14.44121510
-3.37755290
-4.57716531
-1.95024271
-4.91386614
1.69960920
0.79815974
2.13725552
1.17383349
-3.89797993
-5.54272605
-5.52289221
-6.24419923
1.69234155
1.02258583
2.67326202
2.98177589
-15.22230732
-14.06192505
-15.92310993
-13.52409551
7.71089509
7.02733392
8.97007637
7.82024664
-3.38603243
-1.90174370
-4.29428644
-3.35349775
3.05022790
4.74528807
4.90744592
5.60938364
