-1.92811530
-2.52435658
4.80070310
1.75665952
-5.27624739
5.26750538
0.71176832
4.14671822
5.12420870
3.49388591
0.94598444
-1.13279295
3.50266893
1.42080822
3.38147722
-3.72859975
-1.32444852
-1.13284598
2.87159751
-1.11157765
-0.22398557
-3.24733722
-3.75411301
-0.28474998
-0.21765016
0.95612904
-2.99266450
4.39712919
2.58563112
-0.14008736
-2.12824036
1.90479170
0.57211096
5.92579320
-4.40679596
3.51407913
-2.11590037
-0.01361133
-4.60514377
-3.38181237
0.33590944
-0.99831574
0.67109284
2.21783587
-4.26171469
2.70593286
3.87789223
2.31336509
1.63160260
-2.20353691
-2.68717544
-0.39537558
-2.60197728
-0.84929787
-1.18197500
-2.46670662
5.74234959
-4.71950886
-1.53857723
3.08526355
-2.79155606
1.97744568
-4.12561719
0.98855783
0.14647246
-0.37867350
1.09048431
-3.71247256
0.74398143
4.34852769
-0.27882665
-4.00712912
-5.73824606
0.85556698
4.17169952
-5.01025865
4.90330576
-1.36263091
-4.73794559
-2.26529414
-1.04580204
-1.62046811
3.14283834
4.27023899
1.60838324
-2.02203940
3.28314265
1.25483942
3.14141787
-3.79786466
0.43052042
-0.25455597
-5.28270055
2.36460196
-1.01884505
1.87853197
5.00494734
2.15139500
-6.33024589
-3.15645066
-5.77069125
5.30331248
2.22824293
3.92163675
