-2.17840611
-3.98815602
8.92750306
2.20948544
-9.86425644
8.32421107
0.18835778
6.31172839
7.04337512
4.82904844
2.20055082
-2.19089397
5.85108473
1.88145634
4.41874932
-5.86276506
-2.91194769
-1.64029740
4.43312752
-1.13014336
0.16993994
-6.22867259
-5.74849876
-0.15888303
-0.39767094
1.02517348
-4.44534207
8.08708674
3.81094828
-0.91190972
-3.14921870
1.49569148
1.94433049
10.69096002
-8.04322307
5.16969705
-3.78243485
0.05560439
-8.98953499
-6.17530771
0.23715100
-3.00325882
-0.70393302
4.02901850
-6.75412784
5.20094162
7.74036172
4.14258258
1.74147838
-3.55530031
-4.63348456
-0.11713481
-3.64799561
-0.99305418
-2.26734772
-5.80132429
9.71305213
-7.38339980
-2.51343306
4.66400027
-4.47487788
4.51882809
-6.91407666
2.04808891
-0.88208382
0.43665937
1.67065523
-6.99783633
2.29419835
7.82035640
-0.15021769
-4.69262973
-10.04851858
1.05703705
7.21774795
-8.16057335
7.40993864
-1.43934312
-8.65046925
-5.25745625
-1.57561602
-2.64411230
4.95326651
7.93874314
2.66634393
-3.53598139
6.27678862
1.68023224
3.76486002
-7.42663816
0.66070157
0.78209646
-7.87345376
4.74901070
-2.41908024
3.56705390
9.01199669
3.94405283
-9.82468815
-4.98092054
-8.77040920
9.02942030
2.59533242
5.82456860
-4.20314970
5.94240784
2.63186612
3.36715872
-2.97648269
0.16866440
-5.37891716
4.33872889
-6.79700715
-4.12550492
6.63901486
-9.17880380
5.47903131
1.25623053
4.82039376
-4.90736560
8.68580723
6.59034770
-0.65976656
7.22445413
-7.86740943
5.61710251
0.98293451
-2.02418886
10.01986266
-5.85421748
2.56705685
6.25657221
-5.17749882
-3.62260519
2.39909168
-0.00546222
-7.18285627
2.81882460
-6.43642837
8.46923085
-2.03207909
7.40832307
1.10765737
7.57802194
-2.25565983
-9.56268163
-8.73947211
-1.55454043
6.18997227
5.64115023
2.88154542
-3.99270715
-2.33872030
0.93265645
1.15534795
-7.89159974
-0.81897533
-3.84796693
6.82529470
5.02723146
-6.05191704
-6.42696974
3.01402533
-3.22633690
-2.75524369
-0.51680894
-4.82914140
3.56580175
9.03853051
-2.66620277
0.30476462
-3.35287418
1.49382847
-8.60420289
4.12237594
-2.66820503
3.15775379
4.82434543
-7.03937192
5.95098603
-2.05622518
-5.09150249
-1.17059688
-1.74910004
-8.79113541
0.54368872
-1.62248441
-5.94533060
-1.14315466
0.69329799
-7.63687464
0.58422343
0.01355069
-0.57711100
8.81106208
-1.80932724
-1.01619369
7.21672379
-6.51835729
2.59103792
-8.65140589
-9.93787115
7.99419565
9.53863985
3.68040494
3.47643352
8.57018504
6.12238769
-4.17007303
-5.18548297
6.85190256
6.46199156
3.68530309
2.68120226
2.00397607
-5.22910525
2.49344688
-4.12896055
1.67721413
-1.29557070
-7.05222546
-6.18760193
5.37905346
3.30796346
-5.41663279
-6.05100976
-3.40308391
-3.03472609
5.02251951
7.56571964
-8.20721336
-9.05403282
5.05415286
4.53570220
3.11061468
1.00893291
3.15496696
4.13184408
-3.31775043
-4.83477987
7.85300524
8.53464960
5.56156903
6.05632042
-1.41832251
-1.64243993
7.03280591
6.21700511
-7.70003355
-7.35568066
7.17637090
5.11031536
0.22149533
-0.89436334
1.89462317
-2.97543322
9.95374055
9.63745354
-6.85073347
-4.84584183
1.61566769
3.41004001
7.03690757
6.08861008
-3.94646948
-4.39795171
-5.20557784
-3.80146821
3.00265524
2.28728908
1.39092002
-0.07159480
-7.15711960
-7.78789058
1.04547295
-4.95307039
2.81831792
-5.49265648
