-4.09779895
-5.68560927
14.79516240
2.33190925
-16.00665075
12.57392983
0.62306870
10.34570505
11.05213269
7.75839378
3.84549768
-4.82565278
8.70248663
3.09764821
6.62769029
-10.43787976
-6.03084225
-3.53552816
7.80369066
-1.33052182
0.24827641
-10.78977723
-7.94522063
-0.12352367
-0.09044051
1.87797964
-6.61383266
14.13330738
5.56662510
-1.38912966
-4.60173847
2.52213047
3.63457309
17.19626869
-13.97810120
8.07628846
-7.39412930
-0.31022991
-15.49193617
-9.15032528
-0.93639749
-4.96265567
-0.89647119
4.97370435
-11.00248935
8.60049315
11.68161717
6.83945638
2.88076063
-4.94408975
-7.42007611
-0.71358527
-5.34830079
-0.49445912
-3.86401667
-10.96466259
15.64630609
-12.65174979
-2.59712014
8.14184083
-7.31217334
6.91737744
-10.04187281
3.47823152
-0.65385409
0.86523235
2.74975706
-11.79539545
3.62585515
13.32200350
-0.04923395
-7.51607145
-15.77364441
0.66776640
10.42710239
-13.84358251
11.25791856
-2.93822956
-13.26326480
-8.30132631
-3.16092397
-4.28814444
8.81362618
13.01633604
5.79791927
-5.01463363
9.70925165
2.65865899
7.05635050
-11.31418666
1.85940621
-0.55135597
-12.34486549
6.39765909
-4.84697833
6.91558895
14.53628776
6.26035385
-15.77278118
-6.88019751
-13.53380352
15.08683685
4.89828051
10.10082223
-6.97174920
9.05038783
3.70025398
5.15025190
-5.60872005
0.00542721
-9.11748057
7.55512379
-11.51604707
-6.42132403
10.04383630
-14.84491501
8.85694501
1.61680937
8.90785778
-8.90219850
13.62121021
10.94390700
0.32421399
11.28848589
-13.10597030
9.76352618
0.94093946
-2.17391323
15.18452207
-10.97165098
2.73221295
11.26339407
-8.26999307
-4.91350278
2.68493533
-0.14075718
-13.12823860
4.03974423
-9.15000990
14.66611447
-4.08799567
11.47178110
2.37986092
12.45704484
-1.99970870
-15.88661728
-13.63081460
-3.69507197
10.94541042
8.77124184
3.97956627
-5.06873076
-3.36327049
2.37656036
2.00103195
-13.22412082
-1.81320804
-6.73658515
12.44122138
8.93653450
-8.82205773
-10.19652474
4.76346010
-4.54715397
-4.12164095
-1.06689595
-7.62051592
6.07712147
14.77799356
-4.25546759
0.44595575
-4.79016684
1.83914425
-14.87728616
6.79246141
-2.72141528
5.04943953
6.96188174
-11.32361404
8.86375854
-3.76193762
-9.53563619
-1.26418651
-2.82039751
-13.06259567
0.13768003
-2.46062437
-8.86930173
-2.81698040
0.55363145
-11.84830348
0.02529657
1.10999638
-1.32738467
14.69102582
-3.38817651
-2.14325102
11.06141691
-10.50090251
4.49614951
-13.81998951
-15.13189006
12.50979963
16.06994569
4.29054986
5.64906677
13.38211857
9.93877946
-7.00487088
-8.08647149
11.32952105
10.46130640
6.66791163
3.73939240
3.17012928
-8.27210582
3.84943018
-6.05494543
3.01680451
-1.05757651
-10.75934590
-9.94978965
8.08250781
5.36059669
-9.41773368
-9.95999491
-5.28638737
-5.33254640
7.38020091
11.36963355
-12.96990173
-13.88410185
8.04214201
7.05626602
5.17938444
1.06457481
5.11923412
6.15846728
-5.89611481
-8.10018726
13.57427873
13.08911918
9.13222637
9.41107366
-1.11854485
-2.33610925
12.09893502
9.11661599
-12.45060737
-10.90161419
11.44583211
8.50917984
-0.04213459
-2.08145929
1.96234063
-6.06269125
16.05827715
15.53828255
-12.02678771
-9.88751402
1.89946952
5.73087021
11.95532906
9.59709808
-5.95363666
-6.29979682
-8.63558441
-6.83459602
5.08850115
3.90837656
2.10264790
-1.81525726
-11.54961977
-13.35119372
1.29314928
-7.65769710
5.10684527
-9.80729268
15.73237319
12.47713188
-2.63807684
-1.98693880
13.10579972
12.43420555
0.10835173
0.21788265
15.87744910
13.73755602
-1.16225869
-4.69620991
-12.54509149
-14.85438081
-15.65286989
-15.94669035
-2.02221648
-4.51537986
10.09743287
10.59766385
6.94015255
8.32131262
7.80104665
4.98163011
-5.96926994
-6.84776095
-6.26052919
-3.16400968
1.90307676
1.02469574
1.29047832
2.43271960
-10.56580604
-11.24715602
0.17416845
-0.14120209
-5.94616643
-7.14813033
7.73134921
9.63082879
7.80216245
7.67169686
-7.81441454
-7.81011392
-10.85521043
-8.77429557
3.74831214
5.89505929
-6.23783428
-3.05397770
-2.49493108
0.71641267
-4.53181238
0.76814599
-5.58591716
-6.70005440
7.74876554
4.54493642
13.26173173
15.50717793
-1.99856955
-3.92571135
2.67738675
1.53027290
-5.79225346
-5.60906018
2.70733223
2.27620258
-16.91982228
-13.03655447
8.66039393
6.88588889
-3.38651522
-4.08496821
4.73924935
5.71605924
4.20185629
7.57979083
-9.38955148
-10.18853546
9.83423550
9.79449392
-3.88709156
-2.68370317
-12.23623995
-10.27361382
-0.82791802
-2.35605734
-5.41929252
-3.67864945
-14.25066455
-14.57205099
-0.99545035
1.45409203
-4.17715999
-3.74250391
-11.42986490
-10.23110739
-1.33454315
-3.18725357
3.18457016
1.88962318
-14.68804440
-12.67929432
-2.18600682
1.25964311
0.58422018
-0.32169718
-0.69641746
-2.03710497
15.06761297
13.18841063
-3.43772153
-2.11350862
-0.97503437
-0.89160171
11.79848971
11.03372422
-8.31748882
5.83521111
-9.71594724
4.65645372
-16.26678685
-14.08091714
-15.19555209
-16.53037788
13.67744870
15.10016875
13.73425351
16.33807875
4.94629123
4.20237971
5.17022226
6.13887060
12.64485925
11.60727461
12.38968489
8.63887486
-9.35766692
-6.68724781
-8.28132087
-8.24182884
8.87641074
10.14136818
11.40217662
10.11741506
7.80078398
5.13766876
5.95711904
4.74295592
2.68437121
-9.59339593
4.03011480
-4.57443601
3.54112767
-7.58973404
5.28234853
-6.86312628
1.74366616
1.23993064
3.55335207
-2.29609462
-12.12988812
-7.83898697
-11.60135406
-9.57357197
8.24229596
6.72811161
8.83893991
4.01208178
-8.83006518
-12.40523640
-10.18646640
-10.75543450
-4.28270301
-7.51009917
-5.08271318
-3.91025883
6.13447119
10.84266140
8.73487660
12.18019932
-13.22812432
-14.40963993
-13.74025519
-13.65409775
9.24483659
8.38071211
7.43034448
5.88371813
2.25671464
2.63516681
4.49256417
1.34596029
6.28546133
7.66289604
5.54077920
6.91122853
-6.89562766
-10.15176381
-7.13100649
-8.34711106
12.41397090
13.93236554
12.26222709
13.40137418
9.94300833
10.15462227
9.68628992
10.73757256
-3.60525940
-0.35934535
-2.34892217
-1.64118800
13.77360864
10.31315436
11.74412958
10.06783338
-11.58942111
-14.22016167
-12.97973830
-12.10721175
9.00915535
8.95834314
12.16168039
7.59120946
1.18096045
-3.06831491
1.98531491
-3.27838463
-0.78830703
-1.00410857
2.98047607
-4.99562433
16.93952423
16.37673949
16.94549426
14.30791868
-10.94988188
-9.85697119
-12.09923220
-8.84846636
3.33098414
4.60667974
3.47042780
5.65227736
12.73189374
9.99768583
11.09362814
10.73670275
-6.29928621
-8.70397936
-7.06064201
-7.21942197
-8.12984163
-6.16221887
-9.06298999
-5.65267041
3.78370366
3.36225113
4.61181528
2.77831962
0.54411948
-1.17808360
1.58553559
-0.97083382
-13.41977961
-11.93044905
-12.74385311
-14.38806308
3.09532402
-7.72449618
3.25106502
-10.34763848
2.07339327
-6.62785789
5.20353730
-8.79989717
14.59218060
13.63824835
16.83332118
12.13130133
-1.66915862
-2.90623236
-2.47998382
-1.92932025
12.14688300
12.61876621
13.79490140
11.95064919
-1.06115048
1.20574886
0.46836254
1.07072640
15.88334825
11.50043122
14.90741401
14.75883516
-2.23670499
-2.79582786
-1.69014246
-3.50549359
-14.72211969
-15.99957042
-12.78525428
-14.62399344
-16.86267248
-12.60007617
-15.11869916
-14.79964492
0.19457655
-3.28495268
-2.63558237
-5.33169287
7.69759011
9.82250315
9.44207616
11.27024233
6.78099995
6.02671211
9.64731561
4.02635996
5.78490118
7.10267466
7.72099103
5.84345571
-7.21298300
-5.40203062
-6.13957459
-7.92016724
-4.93678822
-3.85792508
-4.44264745
-4.13639823
0.27112715
1.47460556
1.48345135
-0.06126526
2.65383501
1.16917616
1.73308379
3.15296425
-11.86110258
-12.38879922
-10.77240508
-11.57643166
-0.03021610
-0.78881344
0.39953908
-0.93032230
-4.51718946
-7.74336441
-6.87560990
-5.99303340
6.92182136
13.18658944
7.19263505
10.62705940
6.20027614
8.84284493
6.94159049
8.43010946
-7.66523262
-9.83300448
-8.21913631
-8.89066819
-12.03994104
-9.57236325
-9.83698758
-9.20134862
2.75613324
3.99963149
3.99166526
5.91317917
-6.34290000
-5.35601466
-7.26026827
-3.55347489
-3.16516860
1.69204550
-5.16819403
-0.25243521
-2.80017568
0.69607339
-4.84184244
-0.19021688
-5.91864841
-8.58748927
-6.37983305
-6.90607792
5.35903571
6.73535976
6.81404085
5.54072207
13.58019731
14.35033283
13.37771367
14.52953275
-3.20948281
-4.83989820
-2.02979727
-4.75009777
1.72040536
0.82311870
2.23863558
1.23354751
-4.10562304
-5.64254761
-5.70448310
-6.43815450
1.79493950
1.00116863
2.65669706
3.20038284
-15.41763330
-14.35802654
-16.10196899
-13.74534766
7.76658153
6.82028236
9.26171849
7.75100703
-3.52864701
-1.77580325
-4.34524146
-3.42180773
3.15855217
4.48184929
4.73123274
5.48277783
6.15121448
5.93088404
4.12803056
7.83893889
-10.36366111
-12.33332741
-9.25026066
-11.19077141
7.75717809
7.99116646
8.92197669
10.24982454
-4.71567819
-4.18754628
-2.88211065
-3.33606514
-10.44739932
-9.45821805
-11.78927606
-11.27081175
0.70581227
-0.37095130
-1.66700350
-1.77797091
-5.98303821
-2.68033862
-6.17649825
-4.32304420
