-4.12518603
-5.73842017
14.88556330
2.34401794
-16.06436912
12.62591144
0.60992001
10.35956657
11.05380258
7.79769418
3.86981579
-4.83811497
8.74434897
3.10401115
6.60682782
-10.48062630
-6.10374032
-3.60404300
7.82446455
-1.39333229
0.29880437
-10.78600170
-7.97660729
-0.13062112
-0.16199543
1.91488358
-6.59293621
14.21345131
5.65836582
-1.44867660
-4.58061656
2.56500998
3.67203056
17.27602930
-14.04794524
8.11759978
-7.41499222
-0.30396081
-15.62563764
-9.27000252
-0.93547472
-4.96551393
-0.90539665
5.00696928
-11.10144184
8.64167295
11.74100052
6.88105654
2.92878460
-5.02179499
-7.45067988
-0.74267413
-5.35461263
-0.48990548
-3.88570249
-11.00493136
15.73790713
-12.71553370
-2.65531420
8.17529451
-7.34048196
6.96530002
-10.09832640
3.48233287
-0.64301231
0.88168710
2.77489953
-11.82346331
3.65746977
13.40006238
-0.06497916
-7.54677265
-15.87900686
0.66432729
10.47682401
-13.91111355
11.30915979
-2.95873298
-13.33537628
-8.31460374
-3.16413617
-4.27075164
8.85199532
13.09472290
5.81911940
-5.04627812
9.73359782
2.65628740
7.11113620
-11.40264488
1.85339324
-0.56361794
-12.37208007
6.43995858
-4.87722467
6.93971196
14.62585157
6.28935309
-15.85068015
-6.94076651
-13.63781510
15.16142399
4.93037319
10.14992477
-7.00776310
9.12171774
3.72767640
5.18873383
-5.63590413
-0.01307458
-9.18876512
7.59770183
-11.57146563
-6.57779862
10.09083402
-14.90951482
8.91321767
1.60849260
8.95162628
-8.94245249
13.70076267
11.00460358
0.31182924
11.35407407
-13.20986846
9.78606310
0.93228712
-2.19320186
15.24699014
-11.06730671
2.74184222
11.29205474
-8.29362818
-4.84300351
2.70200028
-0.13735352
-13.24456473
4.08771576
-9.18958700
14.75924938
-4.06075254
11.53307214
2.36308627
12.52793416
-1.94391972
-15.97992460
-13.71300803
-3.74344083
11.02532615
8.79141828
4.00828709
-5.04556928
-3.32520948
2.38418474
2.01766157
-13.27946804
-1.83764949
-6.74538179
12.56116589
8.99294489
-8.85778457
-10.24726250
4.81850396
-4.59358540
-4.17101289
-1.07100067
-7.64263073
6.12267814
14.79876325
-4.27488976
0.45192246
-4.78194526
1.85459506
-14.99089097
6.83494687
-2.73549710
5.06935041
7.02372533
-11.38135555
8.93057699
-3.76814006
-9.49747114
-1.29507177
-2.84672217
-13.11689681
0.13922128
-2.45203176
-8.96374487
-2.85828520
0.56532125
-11.93365949
0.00531806
1.12605695
-1.29670766
14.78027750
-3.38445660
-2.09135164
11.11808100
-10.57261234
4.50415403
-13.91830965
-15.21736601
12.61149252
16.11970457
4.31652555
5.68496672
13.44161109
9.99428927
-7.00143519
-8.07182468
11.40719397
10.52232798
6.68754167
3.77310256
3.23834203
-8.29827647
3.90332548
-6.06776550
3.03011409
-1.08691797
-10.83120422
-10.01816557
8.12209718
5.38874692
-9.46136453
-10.02509989
-5.34599420
-5.38950670
7.37475836
11.42057533
-13.01528895
-13.94204001
8.06307319
7.09321462
5.18252552
1.11049409
5.14052059
6.17390867
-5.93377123
-8.16180245
13.59383752
13.13780259
9.17845069
9.48584271
-1.11843698
-2.36080648
12.19042823
9.14161039
-12.48990543
-10.97886546
11.49862438
8.52580414
-0.03632174
-2.07428696
1.95345573
-6.05772162
16.13555377
15.59100305
-12.12556284
-9.98028371
1.90378368
5.74808816
12.01325189
9.62788278
-5.97825754
-6.31621791
-8.67964625
-6.85239404
5.11990171
3.92577954
2.11763562
-1.82430959
-11.59245111
-13.43165662
1.32830142
-7.65883496
5.15134959
-9.84648087
15.83287459
12.54763229
-2.59424829
-2.01603426
13.18013783
12.50054618
0.06858070
0.22236939
16.00255059
13.85848907
-1.09389099
-4.73607849
-12.62256034
-14.95962517
-15.72120482
-16.04691488
-2.01279165
-4.60272845
10.17916131
10.65202847
6.97702430
8.40586662
7.79773872
5.00289612
-6.02175367
-6.88356513
-6.31229048
-3.14831993
1.92187204
1.02581100
1.30236312
2.44019794
-10.60037028
-11.30308630
0.20248168
-0.11902520
-5.96037017
-7.17275683
7.76201957
9.70357393
7.84195985
7.74335446
-7.83749676
-7.88634733
-10.90515406
-8.80281147
3.80995979
5.92544281
-6.30134317
-3.04307961
-2.53644787
0.72417520
-4.58465496
0.73593442
-5.57930661
-6.72137834
7.78285198
4.56587371
13.31328727
15.55459438
-1.99453930
-3.94926155
2.68572144
1.52137116
-5.79894357
-5.64216214
2.71711884
2.32269443
-16.98054363
-13.14821760
8.70806971
6.92937887
-3.39476446
-4.07700944
4.78410755
5.69876562
4.24341829
7.62638200
-9.43160060
-10.25951771
9.88079197
9.86226534
-3.82143117
-2.76214051
-12.34518254
-10.39787502
-0.88442233
-2.36569776
-5.62765025
-3.70401277
-14.32575241
-14.62197258
-1.00974286
1.45862721
-4.22797956
-3.70066740
-11.48817449
-10.30464587
-1.35978443
-3.21999738
3.20702810
1.91911684
-14.76416458
-12.76963305
-2.19960962
1.24377802
0.64408554
-0.32917028
-0.66675328
-2.06795791
15.15739632
13.24534548
-3.46382027
-2.10674628
-0.91712575
-0.84197174
11.85627532
11.06025847
-8.39696136
5.86769372
-9.79062208
4.68236078
-16.36316098
-14.16566812
-15.28765075
-16.61893960
13.75378178
15.15014017
13.82020562
16.42871331
4.97387936
4.23575424
5.20214170
6.17883307
12.71780933
11.72572676
12.46305649
8.67350889
-9.37137494
-6.73887131
-8.37826266
-8.31326938
8.91834751
10.22737437
11.50229802
10.19006826
7.84927313
5.20798548
6.00196268
4.77534311
2.72840439
-9.62707568
4.08999505
-4.57798337
3.53009165
-7.60979593
5.29222617
-6.88582974
1.77113175
1.25342066
3.57760720
-2.32657682
-12.17408770
-7.90249763
-11.67528427
-9.58576691
8.29350115
6.76220518
8.89567143
4.03848381
-8.87266060
-12.44306625
-10.23543112
-10.80923161
-4.28869215
-7.59421130
-5.09455161
-3.94095821
6.13627233
10.90361700
8.77634899
12.24988109
-13.23763358
-14.46823605
-13.79090462
-13.74734194
9.27408409
8.43250482
7.47589958
5.90628794
2.28563505
2.64268070
4.51049980
1.39839222
6.31872938
7.70631618
5.57781602
6.95885764
-6.96358631
-10.20414620
-7.17518449
-8.38570834
12.44370794
13.99315051
12.31013856
13.44297068
10.00250687
10.21758666
9.74315392
10.79789364
-3.61982389
-0.39251341
-2.35282386
-1.68097047
13.85769410
10.33633616
11.81328874
10.12034526
-11.65035214
-14.33499687
-13.04774761
-12.21831020
9.06982539
8.98207268
12.20203474
7.62907917
1.20732043
-3.06087555
2.00023710
-3.29696085
-0.77922360
-1.00031229
2.99140572
-4.99956662
17.06200245
16.44436932
17.03194227
14.35959590
-10.97867479
-9.95757320
-12.16995084
-8.87229338
3.34861360
4.61460924
3.47113461
5.66682312
12.79605226
10.03408220
11.14616040
10.78700842
-6.31885338
-8.79510790
-7.06918176
-7.19089087
-8.16682777
-6.17156508
-9.12291096
-5.65309346
3.80483957
3.38693148
4.62987052
2.77947607
0.54541474
-1.18387639
1.58162407
-0.97059047
-13.48855578
-11.99271920
-12.80597783
-14.48948465
3.12145574
-7.76603535
3.29637321
-10.40956315
2.09904844
-6.71408459
5.25858940
-8.87538746
14.66335379
13.72235907
16.93531165
12.16927096
-1.68780031
-2.95845517
-2.55272039
-1.95769216
12.21620264
12.68803336
13.87735313
12.01777379
-1.12473943
1.18236047
0.44903458
1.08161073
15.98709208
11.53261285
14.98610191
14.88138163
-2.19597147
-2.83381188
-1.75301999
-3.54621892
-14.81287929
-16.10480639
-12.89492218
-14.72109774
-16.97720641
-12.67561494
-15.18550165
-14.89164569
0.23629982
-3.42029970
-2.64633723
-5.31640299
7.73857965
9.89859881
9.49036438
11.31483912
6.76106325
6.08220580
9.68845024
4.05541675
5.83063798
7.19472632
7.72029943
5.87607117
-7.21128312
-5.40120670
-6.13220936
-7.96807813
-4.99524086
-3.86451584
-4.40298047
-4.15677493
0.28819620
1.47998060
1.51083985
-0.06272154
2.67380440
1.16559207
1.74060543
3.17324758
-11.89767212
-12.46461297
-10.80521928
-11.61864032
-0.02005611
-0.76967271
0.41585262
-0.95450388
-4.51176473
-7.77771775
-6.93376016
-6.04708206
6.95951844
13.24907037
7.23586723
10.71854599
6.23954677
8.88831751
6.97226919
8.49535450
-7.75397075
-9.85178346
-8.21749822
-8.95435540
-12.12367567
-9.60797082
-9.88213286
-9.24595648
2.82473378
3.99786076
4.00183072
5.94081711
-6.41656642
-5.40322794
-7.31480108
-3.67734566
-3.14843870
1.72873930
-5.19014573
-0.22449524
-2.79949597
0.74623766
-4.88676673
-0.20631616
-5.92747958
-8.62488063
-6.39098000
-6.91432360
5.37972480
6.77330988
6.83973758
5.59349840
13.63481552
14.41059318
13.42944741
14.57851759
-3.19035190
-4.92164258
-2.12278539
-4.74066131
1.72222304
0.79872798
2.25066246
1.24191405
-4.11399632
-5.68701443
-5.77865082
-6.51438174
1.82546285
1.02966373
2.69397712
3.26255239
-15.50254284
-14.46441193
-16.19061794
-13.82086821
7.81392540
6.85075172
9.33670093
7.80097257
-3.61884684
-1.77122895
-4.34599593
-3.44297448
3.16296620
4.45386036
4.71829482
5.45362818
6.21919411
5.98219929
4.19125160
7.90162000
-10.41292244
-12.38962652
-9.31736950
-11.26530115
7.79539224
8.04309989
8.96623175
10.26673389
-4.77079590
-4.33032607
-2.82091007
-3.46935330
-10.41976969
-9.53315144
-11.85098997
-11.31737982
0.67969763
-0.40181987
-1.67015682
-1.83154054
-5.94420178
-2.63961405
-5.93682477
-4.32566544
