-4.07018691
-5.93291104
15.38098363
2.43929358
-16.22768619
12.97006931
0.61940814
10.58599213
11.27432055
8.03924234
3.95404180
-4.45063363
8.85953273
3.16363875
6.51119028
-10.74931235
-6.49622266
-3.74455057
7.96787701
-1.51828132
-0.12809456
-10.98080338
-8.08241127
-0.37559720
0.06925024
2.03002033
-6.71831466
14.72394241
5.96820138
-2.18272164
-4.67960265
2.65575938
4.49477924
17.69414721
-14.53486886
8.25754916
-7.68655249
0.16082736
-16.69175501
-9.49558350
-0.94922363
-5.00946864
-1.31596134
5.18429169
-11.28217547
8.87338509
12.07323089
7.09349530
3.13842520
-5.10593745
-7.64599755
-0.81368603
-5.41531348
-0.54072119
-4.17623108
-11.24443256
16.18978805
-13.11653827
-2.90440209
8.32325018
-7.52772825
7.15634378
-10.41132541
3.46350276
-1.11970614
0.97881215
2.85898303
-12.11867192
3.82522004
13.73148396
-0.08487771
-7.70990106
-16.46812031
0.66729069
10.44640188
-14.39910188
11.62182005
-2.98894681
-13.52120998
-8.50141391
-3.23011401
-4.18942705
9.14162254
13.54662165
5.86132212
-5.01070989
9.80346922
2.72814648
7.33731648
-11.66774398
2.23527159
-0.75011133
-12.54065430
6.75522664
-4.98004149
7.05193220
14.82923124
6.20744694
-16.29129475
-7.41651530
-14.31729838
15.60637624
5.10791864
10.43430384
-6.87236938
9.42584112
3.78380019
5.31770541
-5.69065680
0.16253724
-9.42376265
7.79571608
-11.83069155
-6.58875644
10.35637405
-15.21157846
9.16267750
1.82961772
9.17347690
-9.14751175
14.16683008
11.23402202
0.36294465
11.68800028
-13.70850145
9.99991929
0.88106151
-2.16761736
15.67982012
-11.27163809
2.71567600
11.46772083
-8.56899398
-5.01325609
2.73778671
-0.26634472
-13.47086450
4.33158948
-9.28814740
15.21499353
-4.27011441
11.83629751
2.37949190
12.95581648
-1.84862325
-16.58227906
-14.23008323
-3.99412513
11.40328955
8.88414533
4.14249721
-4.96644775
-3.20656388
2.36342548
2.04861149
-13.57715116
-1.88046612
-6.88138395
13.02569195
9.30755814
-9.11188358
-10.56810287
5.03515342
-4.72609051
-4.24983970
-1.06865513
-7.74014155
6.45695811
14.99321486
-4.56359828
0.59755610
-4.85155721
1.86779163
-15.22345129
7.05586859
-2.75788135
5.16050804
7.31062720
-11.68919696
9.22961323
-3.76234000
-9.50006853
-1.30477613
-3.02207814
-13.14530765
0.77781993
-2.60352517
-9.45974294
-3.05251693
0.44215226
-12.51248904
0.19861954
0.59549079
-1.59400997
15.48728678
-3.76739526
-2.20050423
11.81615319
-10.88334261
4.47015551
-14.31130679
-15.69150324
13.11585397
16.38832399
4.50569291
5.80597590
13.74482983
10.33247550
-7.44391052
-8.22117835
11.82168296
10.82212350
6.94593651
4.01743416
3.29446308
-8.46499792
4.03260945
-6.34258908
3.22247469
-0.81033655
-11.17344683
-10.32636186
8.22026834
5.40952094
-9.71356174
-10.25098187
-5.57486141
-5.37999515
7.36873184
11.73095999
-13.34016125
-14.30130492
8.15953246
7.38726514
5.08632171
1.12583305
5.31311691
6.15337583
-6.23149073
-8.49309012
13.80484660
13.46747080
9.30820680
9.79576863
-1.30729442
-2.48059955
12.62894938
9.27898483
-12.78517182
-11.13392451
11.77580860
8.71960080
-0.12751951
-2.05711702
1.97384706
-6.04489516
16.55101551
15.95098009
-12.49452440
-10.15799665
1.95172313
5.85818783
12.33543879
9.84867547
-6.23768050
-6.57073538
-8.91467667
-7.00295066
5.36234352
4.06441202
2.12684366
-1.97070880
-11.79753425
-13.80480811
1.46083819
-7.72800988
5.38508458
-9.87916124
16.49053306
13.00550601
-2.73652264
-2.14168686
13.58054669
12.90362401
-0.05983827
0.21428468
16.58274499
14.34514162
-1.27341294
-4.90579172
-13.11181919
-15.52635730
-16.08183417
-16.66318317
-2.32661491
-5.12959806
10.49403803
10.98837479
7.28292423
8.77701320
7.74096878
5.04952540
-6.21689042
-7.00175415
-6.52622889
-3.48683600
1.81616844
0.90589530
1.37424502
2.59415481
-10.90107206
-11.64330972
0.32092684
-0.08514131
-6.08396412
-7.44340597
8.06071106
9.93988463
7.98696801
8.17822233
-7.98569090
-8.46786631
-11.23421852
-9.04813999
4.04827769
5.97605936
-6.41782208
-3.12217789
-2.61052315
0.77893897
-4.76117683
1.11316950
-5.70598237
-6.70641030
7.96559682
4.62078507
13.63413551
15.83051202
-1.94509799
-4.07541014
2.94381180
1.54591105
-5.84682874
-5.69545278
2.83617189
2.59198439
-17.44508666
-13.47454029
9.06114292
7.17630086
-3.54713510
-4.01154603
4.79757395
5.69467854
4.56786965
7.66016874
-9.79804020
-10.57891167
10.16353875
10.07539486
-3.94864909
-2.99205075
-12.67683251
-10.84763137
-0.87828255
-2.30328152
-6.20856528
-3.98175162
-15.20745262
-15.31787487
-1.33289842
1.55422347
-4.74784997
-3.59574349
-12.21115492
-9.86726353
-2.05691573
-3.86086347
3.71145493
2.07162461
-15.60633459
-13.90809763
-1.86394355
1.52971911
0.51957915
-0.39565876
-0.40113530
-1.74338508
15.35742878
13.13390807
-3.69441460
-2.56750946
-1.40746778
-0.87823698
12.07173918
11.26121242
-8.57614765
6.18244989
-9.98580819
4.92866226
-16.80579450
-14.90509465
-15.71856776
-17.17146142
14.13779735
15.44610404
14.21880939
16.95481301
5.05283837
4.36261073
5.37867504
6.42231088
13.01663955
12.07616842
13.02787135
9.06895572
-9.71497172
-6.94057800
-8.72492875
-8.33953705
9.17206366
10.68003831
11.87100032
10.62077911
8.15795755
5.56831732
6.20243531
4.91126945
2.77803069
-9.83948116
4.19544640
-4.25519376
3.57290389
-7.83031213
5.30386743
-7.06411297
1.85675401
1.41571429
3.65292400
-2.05702654
-12.48787113
-8.09247103
-12.04487974
-9.83658580
8.51363383
6.78348541
9.11775011
4.09924956
-9.11242096
-12.65752949
-10.46286171
-11.09058156
-4.39794212
-7.73790935
-5.31204517
-4.19623281
6.24335675
11.22401857
8.89716553
12.58727579
-13.37838793
-14.78826639
-14.06992177
-14.25903007
9.44150606
8.66391988
7.51437816
5.99803413
2.45938920
2.74848331
4.80805637
1.44054460
6.56156015
7.86706990
5.76395007
7.10887909
-7.24072699
-10.40067684
-7.47112511
-8.71213578
12.65890712
14.40028060
12.57897377
13.69766361
10.11892373
10.50820159
9.94490478
11.10568405
-3.71212179
-0.46869156
-2.43015650
-1.75653843
14.31713868
10.54180362
12.20367508
10.37654883
-11.82696327
-14.70923645
-13.35446759
-12.44065069
9.18854856
9.18847579
12.47569265
7.92743480
1.19982543
-3.16167931
2.02025661
-3.19541858
-0.72256396
-0.97801584
3.08151072
-5.19037132
17.65160258
16.89309367
17.45049850
14.70539076
-11.02676599
-10.18342729
-12.25905748
-9.02040364
3.60245577
4.65947619
3.43767993
5.69398158
13.17285527
10.28585460
11.42277321
11.10585388
-6.60586401
-8.98573251
-7.29213084
-7.37273490
-8.38452702
-6.34039572
-9.36295038
-5.72598165
4.11227798
3.44777356
4.78170922
2.84667681
0.54500664
-1.46112009
1.58794282
-0.98434424
-13.82264106
-12.05151902
-13.04759710
-14.97228409
3.25651436
-7.86946701
3.56296047
-10.58257444
2.29700712
-6.78801291
5.46743714
-8.99378448
14.95710845
14.18177518
17.43041664
12.31820035
-1.74813609
-3.14539082
-2.72597418
-2.04856085
12.56252625
13.02366544
14.28978331
12.38200237
-1.32364832
1.09836927
0.43728432
1.01788113
16.49282019
11.87561275
15.39942519
15.45942347
-2.10295768
-3.08308771
-2.00788660
-3.66674693
-15.42191850
-16.70665655
-13.36331762
-15.29213030
-17.62251041
-13.18458966
-15.57357783
-15.48942915
0.43440358
-3.65253104
-2.69232924
-5.45228968
8.05578154
10.22826538
9.79507972
11.66541832
6.81589534
6.35597210
9.91611346
4.14331072
6.09882698
7.57945220
7.76019646
6.05958791
-7.34726497
-5.59142745
-6.22941989
-8.15632878
-5.56348929
-4.04301074
-4.27236826
-4.44998968
0.21696701
1.49465046
1.51659977
-0.18600073
2.78565730
1.00558791
1.67147336
3.24644757
-12.23569374
-12.82570660
-11.10370070
-11.94018651
0.01948606
-0.81530024
0.43437056
-1.02396042
-4.66164627
-7.95241166
-7.20141327
-6.30383605
6.99315585
13.71073197
7.40550729
11.01743422
6.26257609
9.14354150
7.08707892
8.67631402
-7.92826338
-10.09624249
-8.33265408
-9.41801362
-12.51814283
-9.80288216
-10.19290881
-9.51635444
3.07622030
3.91295033
4.04324519
5.98566203
-6.55188403
-5.51853934
-7.42069326
-3.85276581
-3.21289394
1.90283239
-5.31178121
-0.14237278
-3.03350279
0.85574093
-5.12823255
-0.19366972
-5.77924900
-8.79290027
-6.62347486
-7.04020496
5.31004253
7.09493677
6.92838878
6.05230024
14.00648021
14.77232338
13.71706418
14.85397111
-3.47193651
-5.12097842
-2.40261933
-4.71380586
1.86289759
0.78175054
2.41374707
1.38196506
-4.09042890
-5.67878041
-5.82505926
-6.66759698
1.91557344
1.06221210
2.82647344
3.54539403
-16.05543076
-15.01406817
-16.64270896
-14.24995817
8.04477376
6.93578609
9.71772816
8.07935702
-3.89575419
-1.71826385
-4.45132396
-3.58166515
3.20009009
4.35241755
4.70584977
5.37643058
6.61496981
6.25903246
4.54635396
8.26191469
-10.73239264
-12.66716550
-9.64674504
-11.54350887
7.90421199
8.25358682
9.21127317
10.41910977
-4.82074172
-4.57459233
-2.97273259
-3.78265988
-10.36459992
-10.08235320
-12.54890940
-11.70839013
0.68404941
-0.43053132
-1.89162302
-1.79105395
-5.87562179
-2.61813618
-5.66843933
-4.73913580
-15.84339662
-13.92117295
-14.46109084
-14.37663460
-0.14996943
-0.14999682
-0.55743894
1.77180781
-3.87939428
-2.20748982
-4.76112220
-3.13482295
-10.37616328
-8.90787266
-11.40232074
-10.84929507
0.26572051
-2.95756293
-1.04198115
-3.01954184
3.48236942
1.21520159
2.97635345
2.11447806
-13.62815426
-12.19148432
-14.60605658
-12.93973635
-0.73838492
-0.30145649
-2.39576212
1.10357932
-0.22320017
1.46079590
1.21931162
-0.11223350
-1.12996416
-1.42868112
-1.17389759
-2.71988164
15.60413446
14.88496811
16.30634914
13.99996992
-5.36060039
-2.86356725
-3.48160239
-1.56736201
0.71947959
-1.27321253
-0.71189427
-0.20158366
10.96202990
11.15288826
12.01267650
11.19077838
