-4.05012819
-5.88933898
15.33569758
2.40617561
-16.19150114
12.93678485
0.61574216
10.55785176
11.24896753
8.03199821
3.92545646
-4.97864091
8.84773224
3.08655735
6.51208036
-10.72614642
-6.46749337
-3.66522090
7.94982250
-1.48350933
0.33993976
-10.93891817
-8.06723114
-0.27673019
0.04220254
1.99657679
-6.68291285
14.65970706
5.95940024
-2.09525260
-4.59753616
2.66147584
4.46148568
17.64861048
-14.51053539
8.23688179
-7.65496724
0.11278940
-16.67367344
-9.46883045
-0.93295561
-4.91627911
-1.30953132
5.14911703
-11.25072199
8.85063425
12.04352033
7.07008786
3.04737844
-5.04221660
-7.63529535
-0.80664245
-5.41464300
-0.59918856
-4.16912488
-11.23213345
16.14630315
-13.08541083
-2.88858746
8.31325096
-7.50175121
7.14955748
-10.37995387
3.45247766
-1.11407049
0.97210645
2.86724441
-12.08966917
3.80123725
13.76185846
-0.08410556
-7.69982150
-16.42355969
0.66604713
10.66823599
-14.35795592
11.59398420
-2.97247352
-13.47953128
-8.48035547
-3.21659247
-4.19791488
9.11784956
13.50737637
5.83105979
-5.01264598
9.89600940
2.71523071
7.33090698
-11.63915486
2.20604880
-0.71951978
-12.52768296
6.72279054
-4.97854761
7.04290117
14.88861176
6.19450051
-16.24591104
-7.38789074
-14.26370558
15.54516070
5.08554415
10.41220287
-6.79818352
9.39165157
3.77821337
5.31826073
-5.67993965
0.15486219
-9.40088053
7.77758655
-11.81133229
-6.56322348
10.33212679
-15.19144000
9.14166536
1.59495621
9.15458612
-9.10050583
14.12558824
11.26672732
0.37387115
11.65584149
-13.66480958
9.98077167
0.85468888
-2.15445761
15.64029523
-11.24210416
2.70396916
11.45032014
-8.55492865
-4.99417689
2.74616294
-0.24718465
-13.44783497
4.29051463
-9.27467598
15.23668762
-4.27243188
11.81601420
2.37277876
12.91476930
-1.85995711
-16.52673632
-14.18736065
-4.00459056
11.37773306
8.87211826
4.11449410
-4.97693336
-3.15028983
2.36138513
2.03880588
-13.54933454
-1.85202361
-6.81635435
12.99184209
9.28099565
-9.08511946
-10.54783373
5.02247210
-4.68994275
-4.25289417
-1.07017184
-7.72595422
6.42398335
14.97034933
-4.56747626
0.58731183
-4.80638003
1.87987657
-15.19066360
7.02114944
-2.76335232
5.15250255
7.26298284
-11.66210662
9.20444914
-3.74876149
-9.46966674
-1.31402911
-2.92574336
-13.11172110
0.76600767
-2.59548625
-9.41997162
-3.02804049
0.35316639
-12.47309415
0.18470406
0.49903325
-1.59520081
15.26217311
-3.39798962
-1.88702607
11.41059411
-10.86105926
4.47171328
-14.30082774
-15.65536212
13.07952942
16.34955046
4.50238937
5.80074671
13.70942417
10.34454628
-7.41199269
-8.20643656
11.78387859
10.79798262
6.91028867
4.00446410
3.28818052
-8.45273029
4.03903308
-6.33213455
3.18888438
-0.81665742
-11.14795132
-10.30403683
8.21338150
5.40871398
-9.69506975
-10.23039776
-5.56174700
-5.36147958
7.36857007
11.70359735
-13.31211996
-14.26549553
8.14674917
7.35649852
5.06777899
1.04846113
5.28342051
6.15460759
-6.21368253
-8.44643766
13.78551996
13.43637598
9.33201333
9.81299742
-1.31060873
-2.48071105
12.59543007
9.25515176
-12.76187348
-11.12027244
11.74580072
8.70296880
-0.08049063
-2.05427118
2.02789791
-6.04912044
16.50677286
15.91590287
-12.45345825
-10.12134069
1.94014238
5.84290810
12.30600670
9.82588232
-6.21095150
-6.54917320
-8.90014192
-6.99374209
5.34461021
4.05217854
2.13720928
-1.95149126
-11.77826674
-13.76714266
1.46168980
-7.70933373
5.33703262
-9.87695460
16.35610343
12.87596004
-2.73479003
-2.13050655
13.57282439
12.88670502
-0.05341383
0.22403312
16.54126043
14.30971430
-1.29280298
-4.84265430
-13.06984503
-15.48809840
-16.04845250
-16.62173455
-2.25892862
-5.11539535
10.48353345
10.96784170
7.25711547
8.75590297
7.75111890
5.04980084
-6.20912876
-6.99635848
-6.50821775
-3.40589750
1.84684808
0.93680309
1.38033248
2.58069426
-10.87013127
-11.61848052
0.25631492
-0.08951663
-6.07159812
-7.34518509
8.04012243
9.92503955
8.03632776
8.15853012
-7.96646485
-8.43619116
-11.20396417
-9.01854732
4.04017569
5.98917434
-6.39447444
-3.06057953
-2.64571059
0.77137385
-4.73114731
1.08657793
-5.69548534
-6.70136155
7.94600748
4.62431037
13.60162872
15.80199504
-1.93310229
-4.07123220
2.92458565
1.54313495
-5.82709580
-5.67658576
2.83015859
2.55161972
-17.41332145
-13.44148506
9.03415610
7.15458787
-3.53978730
-4.01819037
4.81841942
5.68262783
4.48951945
7.66250726
-9.76287050
-10.55423683
10.13721818
10.05184485
-3.89495428
-2.99801448
-12.64275512
-10.81115153
-0.91531983
-2.29077044
-6.19316935
-3.91741078
-15.17981354
-15.29275814
-1.33784784
1.54662478
-4.70898108
-3.60772888
-12.17000328
-9.84308768
-2.06041583
-3.83360417
3.67726500
1.99995036
-15.59103909
-13.85713976
-1.93517529
1.52972458
0.50113059
-0.36785726
-0.27466968
-1.70072186
15.16245090
13.14797725
-3.59066812
-2.06701863
-0.94209446
-0.67217696
12.07962342
11.24059004
-8.55126376
6.14965948
-9.96302790
4.90692020
-16.77534413
-14.86223810
-15.70446836
-17.11036170
14.08576082
15.41408894
14.18431685
16.88678256
5.05616276
4.35198257
5.35585307
6.39618423
13.00781958
12.07313089
12.81269551
9.03557539
-9.67804592
-6.88967273
-8.69863937
-8.31058078
9.14324693
10.63904064
11.83518957
10.58227296
8.13034163
5.53207792
6.18906792
4.86944260
2.77085889
-9.82794112
4.19504426
-4.27906284
3.50183246
-7.80046578
5.30411222
-7.05356180
1.84810201
1.39973058
3.65714988
-2.05869713
-12.46373433
-8.06942058
-12.01899881
-9.82152389
8.49993790
6.78677820
9.13300337
4.10228558
-9.09802332
-12.62963068
-10.44455421
-11.07023143
-4.36683291
-7.72602388
-5.31368592
-4.19293256
6.23168632
11.20078408
8.89373304
12.56210644
-13.35861759
-14.75798628
-14.05237232
-14.22190288
9.42186540
8.64290342
7.51160782
5.98728676
2.39111087
2.65595604
4.75958976
1.41519354
6.53574415
7.84654937
5.74369724
7.09038787
-7.21297036
-10.37212823
-7.41600230
-8.68486010
12.64070157
14.36206810
12.55398920
13.67310868
10.30163542
10.50948381
9.94428526
11.10877724
-3.71011521
-0.46532852
-2.42782459
-1.74938415
14.26507257
10.52116528
12.18296337
10.34797840
-11.81094254
-14.67604955
-13.33273057
-12.42765888
9.16413441
9.16525282
12.44763694
7.90331479
1.10958991
-3.15492666
2.06695885
-3.19609803
-0.89557138
-0.97471074
3.06685835
-5.19035525
17.60347269
16.85299939
17.40558875
14.67215398
-11.00936951
-10.16931745
-12.24705726
-8.99043277
3.56232898
4.64710678
3.44546751
5.69178362
13.13868607
10.26255906
11.39944216
11.08010217
-6.59042347
-8.95711402
-7.28148860
-7.37744058
-8.37141796
-6.33449526
-9.34522154
-5.72110592
4.08589770
3.45762444
4.76675331
2.84304886
0.53256388
-1.44788094
1.59189900
-0.96554397
-13.79437211
-12.02644533
-13.02713947
-14.93209289
3.20320231
-7.84185323
3.49477224
-10.56849485
2.26577187
-6.76614024
5.41842290
-8.97080577
14.95922833
14.13474926
17.39061516
12.36823759
-1.78112602
-3.12562407
-2.71429837
-2.08667940
12.54074434
13.01611889
14.31564451
12.37286419
-1.30944669
1.10478320
0.44150269
1.03026832
16.44742915
11.84213416
15.36083946
15.41917133
-2.09550171
-3.00257015
-1.94775889
-3.58305509
-15.36622865
-16.66614230
-13.32735565
-15.24730579
-17.57321583
-13.14174586
-15.53554586
-15.44993970
0.21946837
-3.52525034
-2.77259425
-5.40340271
8.05042173
10.20873825
9.77583213
11.66442786
6.80271725
6.35126886
9.89827702
4.15156312
6.07965158
7.56314060
7.75362309
6.04083911
-7.33070417
-5.57522802
-6.21641622
-8.14366570
-5.48646619
-3.96608913
-4.26279614
-4.40165220
0.19901576
1.47441935
1.51413512
-0.16849469
2.77030113
1.00756444
1.69244163
3.23616279
-12.20012535
-12.79763961
-11.06821499
-11.90919316
0.01279497
-0.80636411
0.50661265
-1.03673106
-4.47495313
-7.90536150
-7.18295623
-6.15873672
6.99622303
13.65619091
7.36829262
10.99776608
6.27538526
9.12958732
7.07814747
8.69328728
-7.91131246
-10.06510888
-8.31533326
-9.38772629
-12.49483139
-9.77970222
-10.16581406
-9.49758518
3.09269361
3.88262355
4.04379284
5.97365937
-6.53017552
-5.49895271
-7.39485774
-3.83747643
-3.20746972
1.89163584
-5.32142141
-0.15231956
-2.85808467
0.84952985
-5.03620055
-0.19546722
-5.79237856
-8.76960549
-6.59436836
-7.02285469
5.30734690
7.07417229
6.91768254
6.03889056
13.96894240
14.74442283
13.69386262
14.82733616
-3.44490901
-5.11273380
-2.38646423
-4.68644661
1.85603529
0.78374477
2.40864363
1.36353429
-4.07932941
-5.67130827
-5.79920830
-6.64252284
1.90714326
1.07150184
2.80221858
3.52114315
-16.04615294
-14.98459864
-16.63031667
-14.21726404
8.01320387
6.92786395
9.68856573
8.05712079
-3.87861740
-1.72514206
-4.44275302
-3.57621677
3.21007183
4.34060387
4.70397758
5.36346241
6.57841954
6.21165747
4.51685393
8.22735579
-10.70952671
-12.64815469
-9.62175490
-11.52790005
7.89062460
8.23141301
9.18668985
10.40151230
-4.81549808
-4.56500740
-2.89830494
-3.78492796
-10.35891003
-10.04504848
-12.49946519
-11.67190334
0.61037713
-0.41796004
-1.75458934
-1.76497278
-5.82847507
-2.56577961
-5.60688496
-4.65214002
-15.81214182
-13.88054241
-14.42885272
-14.36427266
-0.14299262
-0.15590405
-0.56034929
1.76490508
-3.84480228
-2.21483035
-4.74488517
-3.12449081
-10.33686448
-8.88848732
-11.36151219
-10.82340041
0.26140215
-2.94038589
-1.04721908
-2.98884825
3.44598927
1.14912055
2.93840216
2.04493828
-13.61303583
-12.15420388
-14.58795959
-12.88851066
-0.73666553
-0.28562524
-2.43540182
1.08560289
-0.19538820
1.44037604
1.02420378
-0.21656564
-1.09883979
-1.36512730
-1.16043613
-2.81647131
15.21965625
15.06703366
16.09039088
13.80553183
