-2.18969017
-3.99589477
8.96892870
2.21299472
-9.88610157
8.33846630
0.20603611
6.32788251
7.05496358
4.83123518
2.21666395
-2.20703792
5.86650812
1.87744156
4.42412747
-5.88205622
-2.92757116
-1.63495796
4.43510853
-1.12848764
0.17293465
-6.23627792
-5.76018821
-0.17279813
-0.38677851
1.03780227
-4.45352345
8.11704716
3.80755428
-0.90620298
-3.16000282
1.47887573
1.94662154
10.71702466
-8.05630947
5.18444346
-3.81786018
0.06727759
-9.01208139
-6.18768202
0.24435643
-3.00822410
-0.68534134
4.03083273
-6.77316207
5.20836430
7.74417113
4.14937016
1.74307191
-3.56150808
-4.64511345
-0.11475320
-3.66185150
-1.01640996
-2.26213624
-5.82165832
9.44972132
-7.39392501
-2.52304228
4.67453398
-4.49841117
4.53231956
-6.92956361
2.04874466
-0.88482541
0.42556367
1.66126916
-7.02110984
2.30059527
7.83927400
-0.15951714
-4.70848917
-10.07008082
1.05577914
7.24698627
-8.17685513
7.42490783
-1.44256967
-8.68393493
-5.26234808
-1.58424581
-2.65221458
4.96623930
7.95544998
2.68097265
-3.53937242
6.30323697
1.68188457
3.76891702
-7.48059124
0.65422034
0.79473364
-7.87916949
4.79411489
-2.42337386
3.57353884
9.03663056
3.95827414
-9.86034828
-4.98267044
-8.77917495
9.05938165
2.59441277
5.86143985
-4.21236076
5.95009433
2.64089826
3.37876146
-2.96250312
0.16425938
-5.40703344
4.35120754
-6.79855436
-4.15929290
6.64645098
-9.20277173
5.48720983
1.26558888
4.84069337
-4.92301382
8.68641248
6.59515633
-0.66227339
7.23707617
-7.88457976
5.62405919
0.97903834
-2.02165527
10.01949360
-5.86547465
2.56930595
6.26595319
-5.18503448
-3.63243888
2.40609901
-0.00065320
-7.19647517
2.72330499
-6.43640594
8.92179935
-2.05903153
7.42018909
1.10997506
7.62337337
-2.23778128
-9.57788032
-8.75079164
-1.56600977
6.20028878
5.65184003
2.88389552
-4.00320215
-2.32603864
0.94520233
1.16637137
-7.91744343
-0.83966592
-3.86381812
6.85516219
5.04580430
-6.06024168
-6.43162056
3.02127834
-3.23730473
-2.77918362
-0.52938580
-4.83402877
3.56043920
9.05112944
-2.67661606
0.30528546
-3.37289570
1.47892234
-8.61823467
4.12333728
-2.67281775
3.16880906
4.82611983
-7.07131623
5.97698684
-2.06499024
-5.10552191
-1.15883239
-1.74981876
-8.79547882
0.54455431
-1.62611877
-5.95005690
-1.13067954
0.68918708
-7.65776264
0.56920291
0.03405665
-0.56715437
8.83356924
-1.80718413
-1.03257160
7.24166605
-6.55677798
2.59617039
-8.68367836
-9.95193460
8.01676674
9.55769602
3.72107886
3.48306937
8.59047886
6.13719324
-4.18534633
-5.20009671
6.87131267
6.50556909
3.69520880
2.70189003
2.01364793
-5.23010800
2.48905817
-4.12474383
1.68114835
-1.29096163
-7.09115932
-6.20879822
5.39889827
3.31804384
-5.43563202
-6.06480483
-3.40476238
-3.07029581
5.01802043
7.57046075
-8.23451317
-9.07778565
5.07154677
4.54274545
3.13426482
0.99801805
3.16421744
4.13343322
-3.31884381
-4.83337468
7.86099091
8.54706455
5.57848695
6.08492628
-1.41920477
-1.64503202
7.04617477
6.22703208
-7.71743941
-7.36247984
7.18684796
5.12257326
0.23331934
-0.90092278
1.92144938
-2.97572137
9.98475309
9.63719947
-6.86399381
-4.85441784
1.61790626
3.40681633
7.03895606
6.09049517
-3.94926148
-4.40872933
-5.20843097
-3.81412777
3.00659514
2.29628947
1.39673021
-0.05656917
-7.16834028
-7.78588446
1.05606572
-4.96957860
2.83314731
-5.49056927
10.02209667
8.07481254
