-4.04493983
-5.82148371
15.20377540
2.39479738
-16.16343997
12.83496828
0.63158070
10.47637858
11.17628448
7.91842624
3.90113699
-4.92929179
8.84253429
3.08471740
6.52103097
-10.65710145
-6.40612543
-3.65416125
7.89697620
-1.52271907
0.31229258
-10.83632951
-8.03381799
-0.18402844
-0.06975797
2.01548426
-6.64011540
14.50962836
5.95051807
-1.51092742
-4.62223748
2.68956150
4.41211122
17.51958088
-14.43763089
8.19379876
-7.60754110
-0.31647036
-16.59990596
-9.41656607
-0.91050877
-4.94454043
-1.30748693
5.07235874
-11.15446194
8.80444300
11.95394932
7.04481455
3.10202472
-5.04416545
-7.59234198
-0.77815755
-5.42780657
-0.55035717
-4.09785138
-11.18825063
16.04319528
-12.97721538
-2.86601015
8.28087334
-7.44563625
7.11220917
-10.23929749
3.48224715
-1.09318237
0.95505828
2.83843403
-12.01888708
3.78932029
13.65806917
-0.09093549
-7.67618888
-16.26873029
0.67136690
10.60989776
-14.27265071
11.49422195
-2.94221723
-13.34441596
-8.42390603
-3.21305191
-4.21216628
9.04623250
13.38821387
5.79396572
-5.06625397
9.83878559
2.69441541
7.29689556
-11.47472165
2.03798303
-0.61652887
-12.47990839
6.62552472
-4.97064854
7.01875365
14.93503577
6.23804311
-16.09534613
-7.27815589
-14.06500595
15.42439720
5.01251382
10.31502184
-6.87603531
9.29400463
3.77355972
5.30785204
-5.70160216
0.06893397
-9.36195725
7.71623899
-11.74009853
-6.57438208
10.25500009
-15.12691122
9.07302623
1.61422350
9.10545617
-9.03034422
14.00187911
11.19316325
0.32963533
11.56215268
-13.54201852
9.91110169
0.85818776
-2.16515922
15.52067292
-11.17867262
2.70285951
11.40537803
-8.47437426
-4.93049989
2.74109798
-0.20155976
-13.37118598
4.25097873
-9.24528543
15.09867055
-4.20360182
11.73659963
2.35196082
12.80303859
-1.79710982
-16.36323972
-14.04375052
-3.90203891
11.28310693
8.83270295
4.07054852
-4.99862595
-3.22867561
2.35815348
2.04916113
-13.47568796
-1.81363880
-6.76147396
12.88580634
9.19044702
-9.02166550
-10.47699278
4.99020684
-4.68315440
-4.19839342
-1.08018022
-7.68366058
6.33614913
14.90056090
-4.55307370
0.53470159
-4.77709144
1.89183270
-15.15576257
6.95480798
-2.79789353
5.12720971
7.18609913
-11.57703709
9.13835902
-3.73435953
-9.42440896
-1.37554287
-2.94580073
-13.04276987
0.73383978
-2.55867552
-9.25682270
-2.85338738
0.18918774
-12.34332854
0.19669042
1.09855128
-1.48064115
15.04995434
-3.42260370
-1.95742983
11.31948976
-10.76463170
4.48411351
-14.25328540
-15.55512973
12.96136012
16.28317253
4.44903417
5.78638561
13.65250904
10.22774835
-7.31087977
-8.18504401
11.67583296
10.71773746
6.83181871
3.92063715
3.30880676
-8.43952727
4.06106050
-6.31030641
3.08607818
-0.84461970
-11.06061382
-10.22578163
8.19991738
5.41435609
-9.63983639
-10.17706464
-5.50537583
-5.35745829
7.36171751
11.61677657
-13.22667057
-14.16641635
8.12215258
7.25565219
5.17985835
0.97351300
5.24341819
6.23069428
-6.12692276
-8.35339070
13.72647842
13.34117246
9.27933098
9.72800310
-1.31187533
-2.47930033
12.48861526
9.20800898
-12.71101570
-11.07671457
11.65315773
8.65061562
-0.16594768
-2.08146680
1.90451434
-6.09155141
16.38497120
15.80824230
-12.33409488
-10.01182921
1.93641142
5.80524388
12.21933607
9.75412806
-6.15084552
-6.47377228
-8.84349516
-6.94638576
5.28752754
4.01361222
2.16033582
-1.86581623
-11.73140224
-13.69348461
1.44371148
-7.69671218
5.28554696
-9.88547608
16.20593462
12.77975286
-2.70267690
-2.10967061
13.45453415
12.77006210
-0.01710235
0.22804758
16.39676720
14.18583903
-0.95697877
-4.79348091
-12.94922390
-15.35840701
-15.95885262
-16.50087027
-2.14791530
-4.89726940
10.40529096
10.88173997
7.17583573
8.66703386
7.77501422
5.03893482
-6.17983951
-6.97406306
-6.47210338
-3.32676148
1.89042491
0.99093143
1.39211182
2.52571009
-10.79476944
-11.51787473
0.22937515
-0.09721183
-6.00725894
-7.27195245
7.90975793
9.87775620
7.96271054
8.04767044
-7.91389122
-8.30365282
-11.11340360
-8.95336248
4.00237577
5.99740173
-6.36735144
-2.98840325
-2.60971661
0.75361627
-4.68509910
0.94663055
-5.67543244
-6.68512247
7.89281556
4.61185161
13.50226868
15.71523215
-1.90891240
-4.05667890
2.83772578
1.52751350
-5.80285704
-5.66744323
2.79258412
2.48203943
-17.31791452
-13.33357798
8.94235490
7.08494792
-3.50959280
-4.03365119
4.87098541
5.66865244
4.41244400
7.70628798
-9.63687176
-10.47816520
10.05837132
9.98514951
-3.83518409
-2.92726890
-12.54040173
-10.68549940
-0.95742280
-2.35749529
-6.01702441
-3.87269099
-15.10981565
-15.20461030
-1.36172288
1.49887955
-4.51557888
-3.64720969
-12.04776891
-9.83582206
-1.96483532
-3.71536349
3.61647087
2.05491460
-15.48701145
-13.57687579
-2.07596935
1.58158940
0.75539701
-0.33599932
-0.58675240
-2.23263746
15.48347171
13.41348739
-3.53379213
-2.06161218
-0.97030047
-0.73917885
12.01776567
11.18610832
-8.50340399
6.04987276
-9.90823091
4.84193241
-16.67595186
-14.70027398
-15.61377964
-16.95233389
13.99347022
15.32265775
14.08405527
16.74315540
5.05461558
4.32585013
5.30098199
6.31553193
12.92171523
12.00370842
12.71213427
8.87091303
-9.56157332
-6.88953669
-8.63138862
-8.25764335
9.07386742
10.52132108
11.72333559
10.46947384
8.04715270
5.40196439
6.16143066
4.83605619
2.72600411
-9.79191471
4.19413435
-4.34993026
3.51273429
-7.74508729
5.30490114
-7.01928772
1.84044605
1.31646796
3.64549503
-2.11156706
-12.40244298
-8.03814130
-11.97257982
-9.78502328
8.45892064
6.78951689
9.06516395
4.08227371
-9.02402165
-12.56245333
-10.41291154
-10.99792083
-4.31137467
-7.70525420
-5.30610910
-4.16115855
6.18648988
11.12020481
8.87533763
12.47181469
-13.30823348
-14.66991250
-13.98669269
-14.10435099
9.37156780
8.61002238
7.50308495
5.99881118
2.33711626
2.64647495
4.68182661
1.37710453
6.47160227
7.79578371
5.72686982
7.07524637
-7.11897691
-10.31083888
-7.33610306
-8.59314285
12.58868954
14.24782914
12.47783905
13.59607694
10.21025844
10.42949074
9.89044113
11.01901001
-3.70689961
-0.45584745
-2.43146867
-1.74368263
14.14851685
10.45298401
12.07706477
10.27473883
-11.81096637
-14.56822835
-13.21662843
-12.34666437
9.09302457
9.10007944
12.36090234
7.83165269
1.02242127
-3.15282460
1.99751657
-3.20137254
-0.87602230
-0.99586028
2.98999926
-5.18724524
17.45352023
16.73188384
17.30294923
14.57001851
-10.99261357
-10.08100887
-12.18971112
-8.93702905
3.48676474
4.63121918
3.44923463
5.68702215
13.03787914
10.18741227
11.32891465
10.99584804
-6.51608368
-8.90117171
-7.26770182
-7.39626107
-8.31725766
-6.30591247
-9.28740943
-5.70781417
3.99050290
3.46476094
4.69262929
2.83381893
0.58177290
-1.40545665
1.59293410
-0.92624388
-13.70822309
-11.94196829
-12.97443372
-14.81299600
3.18934855
-7.78538733
3.41584862
-10.57013548
2.17898571
-6.74013846
5.41409288
-8.94493067
14.89650116
14.01869781
17.27635455
12.29648805
-1.76540878
-3.09431821
-2.66579265
-2.04732987
12.45360735
12.92136978
14.18174947
12.27007482
-1.26460308
1.12727885
0.45800782
1.05087890
16.31432799
11.74502802
15.24389273
15.27964165
-2.09253030
-2.91975444
-1.89260460
-3.55166864
-15.12401768
-16.53307527
-13.22395313
-15.10012507
-17.41694859
-13.04954696
-15.42591055
-15.34575448
0.19917978
-3.43941713
-2.68403886
-5.40964189
7.97066256
10.12745670
9.69160329
11.56388808
6.77723211
6.31342735
9.83969539
4.08140846
6.00242386
7.48745186
7.73060914
5.98287571
-7.28526391
-5.52550523
-6.18284101
-8.10061134
-5.38746777
-3.93246417
-4.31670089
-4.35967364
0.18434420
1.49353432
1.48735709
-0.12914682
2.73142544
1.03341315
1.79550192
3.20224958
-12.06651061
-12.73611632
-10.98027929
-11.83054894
0.02402209
-0.79605785
0.38292219
-1.02570835
-4.48565423
-7.84350590
-7.09868011
-6.09516802
7.02784769
13.50698605
7.34041743
10.95391319
6.28227160
9.04950562
7.02632513
8.67126635
-7.92589616
-9.97636443
-8.25888322
-9.26798724
-12.41318967
-9.74596405
-10.07816763
-9.41324444
3.02140652
3.98099403
4.03363478
5.97325994
-6.48949415
-5.48634853
-7.36715870
-3.83362579
-3.23899473
1.84043604
-5.27016447
-0.16015932
-2.84887940
0.83591919
-4.98342250
-0.20122851
-5.85725581
-8.70870900
-6.48970635
-6.96792516
5.34825133
6.99632747
6.89307360
5.93177291
13.85395111
14.66353562
13.62777875
14.74444914
-3.35498383
-5.09852826
-2.33204717
-4.65476573
1.81826491
0.81241923
2.35711775
1.32004091
-4.08105208
-5.69876353
-5.77113839
-6.61001201
1.86606692
1.05204256
2.79168215
3.43303668
-16.00887616
-14.87382805
-16.55217640
-14.07038799
7.95221683
6.93219788
9.59683358
7.97496261
-3.82743998
-1.73660773
-4.41025606
-3.57050595
3.17169198
4.36356334
4.69328225
5.37792425
6.46708493
6.12248620
4.43244279
8.14888634
-10.61665739
-12.57897615
-9.51907799
-11.47445400
7.86527170
8.17615553
9.13330895
10.35207515
-4.78815371
-4.52977430
-2.82609465
-3.75980795
-10.34576485
-9.90361753
-12.30410996
-11.56533172
0.62001236
-0.46636502
-1.73128582
-1.79955126
-5.83779252
-2.58525450
-5.69073643
-4.47002327
-15.70474789
-13.74265825
-14.29918347
-14.32130442
-0.14249689
-0.16910805
-0.59586668
1.73659720
-3.82766973
-2.12222143
-4.68619235
-3.22359728
-10.21181505
-8.83648493
-11.23253195
-10.77061115
0.23856801
-2.82775267
-1.08628647
-2.87439546
3.43581714
1.15155120
2.72961852
1.89248631
-13.57625343
-12.03405326
-14.52432236
-12.71430697
-0.69102514
-0.23961582
-2.40192198
1.05206663
