-4.05441877
-5.80889799
15.15947122
2.38496107
-16.17735311
12.79501212
0.60479482
10.44894233
11.15182040
7.90382358
3.92368741
-4.88517436
8.83826969
3.07895869
6.52556725
-10.62913232
-6.38699225
-3.66147062
7.87508658
-1.50419393
0.28961143
-10.82001169
-8.03889536
-0.17348141
-0.10122213
1.99499212
-6.63291555
14.45374288
5.90008262
-1.53272547
-4.61696738
2.63566220
4.35289591
17.48134713
-14.41585838
8.17692594
-7.58323005
-0.32119511
-16.56329362
-9.39591744
-0.90538125
-4.92230985
-0.89654465
5.05594865
-11.19289601
8.78325331
11.92459142
7.02136824
3.08954675
-5.05505232
-7.57472000
-0.76756670
-5.43815296
-0.53973586
-4.07700829
-11.16795870
16.00283994
-12.94213593
-2.86640068
8.26914312
-7.44581425
7.09615943
-10.17944176
3.48648790
-1.07670241
0.95801375
2.83036859
-11.98474878
3.77405734
13.62391858
-0.08052656
-7.66410416
-16.21674585
0.68077896
10.59258724
-14.24280715
11.46833758
-2.95057241
-13.32129179
-8.40585411
-3.20916599
-4.23351438
9.01753559
13.34583822
5.79001395
-5.09346509
9.81745544
2.69131297
7.27554625
-11.44960693
1.96715253
-0.54589415
-12.46118372
6.59685446
-4.96453373
7.00934128
14.89297066
6.25861427
-16.04097339
-7.22030862
-13.90906653
15.38431007
5.00756325
10.29533270
-6.91174535
9.30677568
3.77303184
5.29114703
-5.73315501
0.01303643
-9.37808147
7.70168381
-11.71333475
-6.63117480
10.23116940
-15.09665224
9.04974993
1.61493725
9.08929593
-9.01154329
13.95414905
11.16876960
0.31738521
11.53068070
-13.49271378
9.88455032
0.85119422
-2.17661238
15.48006786
-11.15308485
2.71457325
11.39327249
-8.39768769
-4.90799706
2.73564263
-0.19234176
-13.35335500
4.22766101
-9.24540886
15.05076732
-4.17073343
11.70992629
2.35720411
12.76706015
-1.84650106
-16.25881210
-13.99328029
-3.84386206
11.24686428
8.82360148
4.06579453
-5.00463993
-3.22994039
2.35863041
2.05135070
-13.44938630
-1.80847163
-6.74892112
12.84568529
9.16619514
-9.01788525
-10.44658300
5.00876163
-4.67929066
-4.18820149
-1.08463159
-7.68475692
6.30213292
14.87809376
-4.54134587
0.51213577
-4.76701791
1.88794397
-15.10205399
6.93794777
-2.80232201
5.11938224
7.15965279
-11.54552417
9.10001993
-3.74170818
-9.43019717
-1.34746736
-2.93953178
-13.02703724
0.72141415
-2.55865580
-9.07109008
-2.82618198
0.12336983
-12.36147786
-0.05779554
1.10101217
-1.41162775
15.01286370
-3.42275380
-1.96948853
11.29076660
-10.76775073
4.49045238
-14.19357396
-15.45853015
12.89310125
16.25864191
4.43103937
5.78071838
13.62657310
10.19635588
-7.28128634
-8.16929663
11.62990988
10.69244538
6.79955114
3.88980098
3.30562267
-8.42892854
4.00328504
-6.30160615
3.06469194
-0.95756772
-11.05988876
-10.22419666
8.19233198
5.41453463
-9.61713094
-10.15728421
-5.51275234
-5.37787993
7.36208962
11.58375199
-13.19016711
-14.13472423
8.11493846
7.22788394
5.20623808
1.02182026
5.23189401
6.23535791
-6.09116722
-8.32922018
13.70667576
13.30890630
9.27134807
9.69533451
-1.31049199
-2.47560114
12.44833695
9.19730357
-12.70194441
-11.06249487
11.63367112
8.62895691
-0.08738882
-2.07983737
1.90385436
-6.09247956
16.34695776
15.77333620
-12.29213222
-9.98751835
1.94243875
5.79486031
12.19028655
9.72852758
-6.10688470
-6.47153116
-8.82033015
-6.93488000
5.25929691
3.99477569
2.15996821
-1.81800391
-11.71350913
-13.68168620
1.43227683
-7.70681485
5.27139379
-9.92363312
16.15381710
12.74721885
-2.68949679
-2.08231976
13.41397030
12.72915393
0.00047851
0.24074433
16.34631943
14.15156707
-0.97411175
-4.78094296
-12.90993956
-15.30497652
-15.92625670
-16.44979292
-2.10224878
-4.82514824
10.37644135
10.84904578
7.13470140
8.62914835
7.78043133
5.04302151
-6.16630730
-6.96130498
-6.45322702
-3.27406947
1.89283382
0.99761159
1.41691888
2.50475862
-10.77145250
-11.47434000
0.24363016
-0.09010468
-5.99241926
-7.25491212
7.87192075
9.86082329
7.93842053
8.00353809
-7.89678268
-8.14741001
-11.07489175
-8.92844793
3.97945577
5.98566946
-6.37177840
-2.99680035
-2.58927399
0.74559328
-4.66633271
0.83900518
-5.62143423
-6.69497021
7.87589818
4.60063121
13.47343975
15.68874853
-1.92372333
-4.05260683
2.80205255
1.52476742
-5.79880778
-5.66165452
2.78540263
2.46648877
-17.26448030
-13.30642356
8.90642425
7.06298812
-3.49274234
-4.04201655
4.88101625
5.66841618
4.38949182
7.71378431
-9.59622386
-10.45359143
10.02716801
9.96524219
-3.82246324
-2.89297889
-12.52725582
-10.64021312
-0.96193362
-2.36717134
-5.93698082
-3.86467593
-15.09064687
-15.17611898
-1.36615603
1.47600785
-4.47145172
-3.66737302
-12.01593328
-9.93551986
-1.90818302
-3.65974330
3.59067890
2.11878505
-15.40671198
-13.37742308
-2.24676489
1.25119639
0.72440487
-0.34199075
-0.60111204
-2.23066481
15.43450600
13.39217814
-3.50018574
-2.07995998
-0.94977986
-0.75305111
11.99776792
11.16578367
-8.52241545
6.01726187
-9.91407931
4.81891339
-16.61871839
-14.53616004
-15.52762592
-16.86129770
13.96137242
15.29143311
14.05084281
16.69436577
5.04822291
4.31720491
5.29013670
6.29481215
12.89670192
11.97078808
12.67853268
8.81097396
-9.52840725
-6.87070346
-8.60760630
-8.25679997
9.04628277
10.47112583
11.73299710
10.42228197
8.01779390
5.36058865
6.14791932
4.82198666
2.71225301
-9.77073720
4.18574927
-4.39312453
3.51732667
-7.72810010
5.30454160
-7.00609431
1.83056006
1.29117681
3.64489851
-2.20263134
-12.43029873
-8.02597702
-12.02620527
-9.73688813
8.44127912
6.79279709
9.04242395
4.07907946
-9.00345842
-12.53744207
-10.38919280
-10.97265533
-4.32246671
-7.71058822
-5.26751854
-4.15382192
6.17316091
11.08471912
8.86615291
12.44056245
-13.29072150
-14.63988288
-13.95795342
-14.06158843
9.35856961
8.59217535
7.49879030
5.98594203
2.30619559
2.64804968
4.62853776
1.37615051
6.44722335
7.78191612
5.70166665
7.06357844
-7.09450320
-10.29203725
-7.30476010
-8.55849476
12.57104598
14.21070443
12.45411326
13.57173321
10.17700473
10.40085458
9.87371948
10.98696133
-3.70528374
-0.45893792
-2.43262498
-1.74971211
14.10907429
10.43005652
12.03957986
10.25178065
-11.82602655
-14.52880252
-13.20382454
-12.32052531
9.08751451
9.07442171
12.33409860
7.79941457
1.11011030
-3.13800091
1.99191961
-3.25118905
-0.85580312
-1.00147921
2.96552657
-5.16903793
17.40204634
16.69149263
17.26546813
14.53710192
-10.99288402
-10.05112740
-12.17155276
-8.92971835
3.46252325
4.62794759
3.45152312
5.68619448
13.00298783
10.16060883
11.30419475
10.96585012
-6.47115580
-8.91712393
-7.25468611
-7.33400899
-8.29585134
-6.28969065
-9.26498681
-5.69861576
3.95077722
3.45590654
4.67899888
2.82723558
0.60264311
-1.40556678
1.58588158
-0.88696899
-13.67693914
-11.92614361
-12.95468600
-14.77170362
3.17590766
-7.76946204
3.40008062
-10.56127257
2.16758653
-6.73676450
5.38905892
-8.94581996
14.86928798
13.97920931
17.23149061
12.27734456
-1.75289785
-3.07742355
-2.65263760
-2.02988343
12.42188691
12.89040129
14.13550351
12.23296588
-1.24766605
1.13518040
0.47074595
1.05548264
16.27039859
11.71798261
15.20573732
15.21808376
-2.09998552
-2.90833061
-1.88635933
-3.55588969
-15.05638760
-16.47393774
-13.19498463
-15.04494356
-17.34832959
-13.03238818
-15.38992588
-15.30232332
0.18862690
-3.41125385
-2.66621880
-5.38668870
7.93881698
10.09685015
9.66348835
11.52794544
6.77222437
6.27742668
9.81997676
4.08411908
5.96218728
7.45985975
7.72800002
5.96949202
-7.27141866
-5.51247972
-6.17435145
-8.08176311
-5.34440041
-3.90369648
-4.31971129
-4.33761977
0.33701298
1.46838919
1.46715059
-0.10717210
2.73132753
1.06665789
1.81796029
3.19998895
-12.01694468
-12.70718521
-10.95809881
-11.79223164
0.03170988
-0.78897426
0.39077580
-1.00613659
-4.49044570
-7.82895099
-7.07201296
-6.09054803
7.03012963
13.46083445
7.33385753
10.91983309
6.28247110
9.01846742
7.01106094
8.65775246
-7.91847397
-9.94577778
-8.25531206
-9.20902230
-12.37530372
-9.73593239
-10.04156279
-9.37989814
2.96405670
4.07861714
4.02494434
5.97113953
-6.48051384
-5.47470588
-7.36737584
-3.83784356
-3.15552895
1.82632310
-5.24382135
-0.15244467
-2.82303460
0.82566744
-4.95596665
-0.23087814
-5.86866621
-8.70464499
-6.43119804
-6.96558069
5.36246090
6.96793299
6.88821889
5.86380909
13.81872706
14.63438693
13.60421199
14.71924771
-3.33810620
-5.09496128
-2.31550595
-4.65855656
1.79474736
0.82206718
2.34016880
1.30783636
-4.08748804
-5.70107315
-5.76465156
-6.60020943
1.86307777
1.04881696
2.78412681
3.41564029
-15.99542159
-14.73919613
-16.46117784
-14.03137030
7.93394130
6.92394190
9.56505649
7.94632338
-3.81303479
-1.73474257
-4.39874957
-3.56183088
3.16344720
4.37297058
4.69540352
5.38237397
6.42129860
6.10439051
4.41344849
8.11212851
-10.58192835
-12.55208532
-9.49233582
-11.45581756
7.84955141
8.13874490
9.11156673
10.34113313
-4.78604901
-4.52912821
-2.81264151
-3.73283034
-10.33865675
-9.83996807
-12.22670564
-11.53862146
0.62368498
-0.44839617
-1.72518110
-1.88923722
-5.83633948
-2.57801265
-5.73263323
-4.41817839
-15.67157605
-13.69838409
-14.25960351
-14.31352617
-0.14258483
-0.17239075
-0.61053550
1.72268845
-3.79121767
-2.08637947
-4.60212361
-3.30026010
-10.19572945
-8.94320106
-11.21089928
-10.81927434
0.25546597
-2.73541168
-1.03855508
-2.79666459
3.38908703
1.11059912
2.64753739
1.72160454
-13.64677425
-12.01071172
-14.55349554
-12.68846223
