-4.07668090
-5.79800931
15.11501845
2.36983480
-16.18186799
12.76192479
0.60572473
10.42660933
11.13295094
7.88899036
3.92686841
-4.87083421
8.83105283
3.08227802
6.53421843
-10.60065931
-6.36543711
-3.65284849
7.86074491
-1.48326938
0.30197367
-10.81694470
-8.02747952
-0.16493914
-0.11875278
1.95496122
-6.63406961
14.40715968
5.86094723
-1.51381814
-4.60786778
2.62509914
3.73586917
17.44676854
-14.39065847
8.15886892
-7.55142002
-0.31772304
-16.52754952
-9.37156734
-0.90461099
-4.93997094
-0.89103753
5.04630432
-11.24911692
8.76816129
11.89514370
6.98387821
3.00834763
-5.06522249
-7.55155057
-0.77086099
-5.44276991
-0.52397083
-4.06728969
-11.14292981
15.96064061
-12.90352085
-2.85053816
8.25668985
-7.43477904
7.07506592
-10.10108370
3.48681298
-1.05828353
0.95085190
2.82055174
-11.94155372
3.74752525
13.58939838
-0.33056127
-7.65027161
-16.15179653
0.67401210
10.57508745
-14.18069956
11.44480609
-2.95038264
-13.51396386
-8.37950722
-3.20660750
-4.27373785
8.98716846
13.30291040
5.79037174
-5.11557298
9.79842577
2.69236603
7.25487300
-11.59002432
1.91097320
-0.49833028
-12.44198330
6.57121325
-4.95766912
7.00065365
14.84973094
6.27690106
-16.01461770
-7.16974364
-13.87491545
15.34820660
4.99414664
10.26990243
-6.93521275
9.28152849
3.76699827
5.27846022
-5.76197753
0.01384900
-9.33633011
7.68396420
-11.68700904
-6.68334757
10.21066635
-15.05814286
9.02660087
1.61664411
9.07361048
-9.00059630
13.91177534
11.14384721
0.31981689
11.50066758
-13.43941814
9.86116683
0.87103659
-2.20400129
15.44061668
-11.13404560
2.73073189
11.37782522
-8.33338021
-4.89803466
2.71879873
-0.20981838
-13.33395511
4.20041684
-9.23968247
15.00181562
-4.14550132
11.68277249
2.34676917
12.72833462
-1.87738946
-16.21216289
-13.94973193
-3.79786416
11.20962267
8.81607958
4.05248268
-5.01009072
-3.24528461
2.36845832
2.06238617
-13.42054995
-1.80550178
-6.74239305
12.79805781
9.13900335
-9.00376418
-10.41671644
4.92367179
-4.67727681
-4.18671345
-1.09107233
-7.68425988
6.26970204
14.85664499
-4.52762747
0.48957968
-4.76565590
1.88569207
-15.09032239
6.91854748
-2.80460265
5.11103049
7.14016378
-11.51130984
9.07467306
-3.74402303
-9.44543589
-1.34318503
-2.90201094
-13.00721988
0.70744239
-2.57870546
-8.88838258
-2.65709741
0.56771698
-12.11805170
-0.04904645
1.10177176
-1.34231733
14.97637336
-3.41499869
-1.98673074
11.26234001
-10.73516144
4.49473269
-14.09597023
-15.41726362
12.84492433
16.23780502
4.40986796
5.77040811
13.59899979
10.16251565
-7.24710349
-8.14162475
11.59097760
10.66718601
6.76166846
3.85450715
3.31106769
-8.41978460
3.99018725
-6.27824586
3.05385101
-1.12913813
-11.00734427
-10.18769738
8.18355716
5.42040888
-9.59133389
-10.13606257
-5.51781182
-5.38150705
7.36235204
11.55542912
-13.16044190
-14.10273546
8.10881649
7.20048564
5.17889980
1.16307272
5.19634911
6.19680988
-6.06084277
-8.30361811
13.68778329
13.27739605
9.26112945
9.66065353
-1.30857931
-2.46603628
12.40559578
9.18790873
-12.66494389
-11.03606176
11.61270045
8.60843905
-0.06961004
-2.04074561
1.91242123
-6.08356511
16.31153340
15.73971434
-12.24875708
-9.96756166
1.95548870
5.78708361
12.15997294
9.70742036
-6.07734936
-6.45803902
-8.79443836
-6.91456052
5.22671004
3.97534996
2.13232933
-1.83294894
-11.69214418
-13.66446269
1.41750820
-7.69191121
5.24494777
-9.90161767
16.10059428
12.71482125
-2.68395382
-2.06975244
13.37311871
12.68826547
-0.00032269
0.22394173
16.29432285
14.10993787
-1.00386771
-4.77490213
-12.86167314
-15.23995784
-15.89069104
-16.37236431
-2.09042631
-4.76395910
10.34622318
10.81566005
7.09784076
8.58564301
7.78480395
5.02685576
-6.14992973
-6.94509271
-6.43025833
-3.24163872
1.90100703
1.00918081
1.36760264
2.49484543
-10.73385318
-11.43017806
0.26965350
-0.09282993
-5.98456808
-7.24026568
7.83365419
9.83916689
7.92017544
7.95949118
-7.86936910
-8.02385967
-11.03614730
-8.90429561
3.91458368
5.97381683
-6.36242220
-3.00871528
-2.58419626
0.73496407
-4.65591732
0.71671558
-5.55252421
-6.70971068
7.85923830
4.60444146
13.44467048
15.66325695
-1.94860916
-4.07651536
2.76985586
1.52703450
-5.79897668
-5.66855813
2.77323753
2.44569602
-17.22244269
-13.26837582
8.87633222
7.03546082
-3.47396970
-4.05256212
4.88339011
5.67395497
4.36625244
7.70954302
-9.55821939
-10.42534137
9.99926489
9.95008467
-3.77996862
-2.88205874
-12.50976137
-10.59677471
-0.95531364
-2.36050799
-5.86566544
-3.82112171
-15.06453526
-15.14742884
-1.37344889
1.45129303
-4.42119576
-3.70621120
-11.98868571
-10.03373381
-1.85107768
-3.45450660
3.21306817
1.93886694
-14.92734260
-12.96990461
-2.23653059
1.24750065
0.71413968
-0.35007945
-0.63136606
-2.12132984
15.38621920
13.36982883
-3.49125283
-2.08460209
-0.90720769
-0.76118417
11.97686201
11.14507425
-8.49663697
5.99056698
-9.90157592
4.79986300
-16.58145734
-14.35815913
-15.47837588
-16.82164174
13.92874928
15.26640311
14.01107960
16.64929573
5.03691074
4.30795846
5.28197564
6.27267070
12.87050962
11.93661200
12.64499413
8.75884062
-9.50038814
-6.86986149
-8.57598483
-8.26377499
9.02097780
10.42442795
11.71021589
10.38419636
7.99045521
5.34514170
6.11053857
4.83387806
2.71513843
-9.74921425
4.17298915
-4.48739377
3.51653298
-7.70516749
5.30392322
-7.00194064
1.81832133
1.29091630
3.64139531
-2.33552977
-12.36961275
-8.00251092
-12.04833359
-9.66932705
8.41751379
6.79468502
9.01822211
4.07501199
-8.97841231
-12.51233107
-10.36065194
-10.94420667
-4.32575345
-7.68224567
-5.22578115
-4.14163914
6.16542189
11.05257623
8.85717174
12.40961678
-13.27207398
-14.60513403
-13.92693862
-14.00539464
9.34594829
8.57183862
7.50105980
5.97325357
2.33465043
2.66088149
4.54555785
1.42972362
6.41526384
7.76494935
5.63282523
7.05177022
-7.07459564
-10.27889119
-7.28062316
-8.52595975
12.55289275
14.17375424
12.43176650
13.54850985
10.14522417
10.36984397
9.85574480
10.95398713
-3.70331406
-0.45205823
-2.43386484
-1.74766673
14.06866843
10.40683768
12.00108021
10.23028006
-11.79806054
-14.48966806
-13.17878694
-12.28414964
9.09714196
9.05466765
12.30730422
7.76019426
1.19121904
-3.11846916
1.99385234
-3.27273164
-0.78911267
-0.97927576
2.97395752
-5.16277564
17.34922664
16.65092062
17.22815329
14.50502824
-10.98989503
-10.02073090
-12.15944547
-8.92106546
3.44747436
4.62647711
3.45497028
5.68506495
12.97044853
10.13370577
11.27913050
10.94018191
-6.45292579
-8.91662299
-7.24053543
-7.26227005
-8.27231112
-6.26865349
-9.23595065
-5.69367201
3.91643034
3.42244357
4.66551702
2.80225632
0.56813640
-1.42597067
1.57079919
-0.93084814
-13.64189377
-11.90944614
-12.92907264
-14.72786096
3.16382986
-7.76126573
3.38440768
-10.52884477
2.15391427
-6.73563596
5.36855155
-8.93238843
14.83840407
13.93896286
17.18425699
12.25762261
-1.74051309
-3.06362960
-2.64334327
-2.01961297
12.38866423
12.85884283
14.08983637
12.19471672
-1.21460658
1.13467008
0.44050039
1.04090710
16.22549150
11.68930110
15.16633904
15.16628502
-2.10639879
-2.90223852
-1.86779191
-3.55173281
-15.01488494
-16.39991590
-13.15650796
-14.98015941
-17.27053889
-13.01668854
-15.35620557
-15.24374561
0.25162734
-3.39568486
-2.67010019
-5.37432509
7.90321951
10.06549648
9.63448363
11.49231730
6.77194096
6.24349961
9.80093438
4.06970272
5.94246701
7.42666960
7.72571977
5.94884664
-7.24927546
-5.49417529
-6.16380371
-8.05516688
-5.30734767
-3.89561994
-4.33292789
-4.31797184
0.33346818
1.47259424
1.47038126
-0.08863531
2.72625527
1.16330551
1.79364875
3.22019814
-11.96388147
-12.65445494
-10.94658046
-11.73656778
0.03481213
-0.78755542
0.39763762
-1.00484057
-4.49500140
-7.81840534
-7.04965428
-6.08701324
7.02534679
13.42928885
7.33279710
10.89073541
6.28503083
8.99221182
6.99885462
8.64155527
-7.85374952
-9.89305746
-8.24987533
-9.15188295
-12.32640986
-9.71705294
-10.00376390
-9.34518189
2.94012212
3.97466291
4.01461198
5.95903900
-6.47731035
-5.47226129
-7.35223695
-3.85458066
-3.15118431
1.81298800
-5.23624243
-0.14165957
-2.81734421
0.81258316
-4.94065856
-0.25088429
-5.88172386
-8.69125015
-6.43422185
-6.96520149
5.37633303
6.93653098
6.88300327
5.79598340
13.78637473
14.60232743
13.57799464
14.69516259
-3.31974994
-5.07445526
-2.26226285
-4.70610814
1.76910315
0.83115779
2.33092487
1.29463813
-4.08936045
-5.69330348
-5.76115853
-6.60605951
1.85288953
1.04731699
2.77550668
3.40728043
-15.97767808
-14.70112082
-16.41724899
-14.00185695
7.91161874
6.90537274
9.52858763
7.91907035
-3.79176807
-1.73468909
-4.38339634
-3.55652856
3.14959822
4.37776781
4.70136513
5.38694296
6.38916223
6.08395794
4.37215884
8.07675753
-10.54677347
-12.52070808
-9.46610673
-11.43066525
7.84230097
8.11653092
9.09216803
10.32846622
-4.79146467
-4.53805295
-2.77183037
-3.71690761
-10.35287678
-9.77780843
-12.14912306
-11.51104917
0.63024881
-0.44449984
-1.71277584
-1.89073921
-5.87094728
-2.58913206
-5.76990669
-4.38732975
-15.63600118
-13.65108091
-14.21104278
-14.30687552
-0.14481709
-0.17607132
-0.61681595
1.70606818
-3.74413994
-2.10668548
-4.22063247
-3.37086794
-10.21835490
-9.02077238
-11.23217946
-10.84645403
0.14280413
-2.71045849
-0.88942956
-2.59696056
