-4.06062036
-5.99176725
15.55909815
2.44549551
-16.35082922
13.07770298
0.70567205
10.68311443
11.36967992
8.06166851
4.02339456
-4.40057328
8.91440037
3.18369010
6.55247016
-10.81855833
-6.60656501
-3.72271184
8.04695742
-1.51251154
-0.32149076
-11.10294714
-7.94111465
-0.30800511
0.06475022
2.07708538
-6.86864912
14.31929589
5.94488079
-2.22974886
-4.78399855
2.65268812
4.57365735
17.94238147
-14.59430219
8.32417934
-7.79679984
0.30754620
-16.82303441
-9.53014492
-0.98313671
-5.10128198
-1.38206432
5.23507012
-11.34920318
8.94766812
12.16026154
7.16034946
3.11896305
-5.10325286
-7.68880272
-0.84533905
-5.45997608
-0.51562222
-4.18052625
-11.28721163
16.26703830
-13.20108112
-2.96509615
8.35621962
-7.50702551
7.21599893
-10.48400911
3.46097169
-1.13394817
0.97578026
2.86155115
-12.21500345
3.75508760
13.85512225
-0.11773254
-7.74575427
-16.59800124
0.64358594
10.49329515
-14.65762055
11.12522805
-3.02808503
-13.49600151
-8.57404503
-3.24539378
-4.19857935
9.21892684
13.64285926
5.88182120
-5.00134923
9.85019919
2.76896351
7.33136003
-11.79355511
2.21429962
-0.77558860
-12.57143827
6.88850025
-4.98724831
6.75487782
14.98284343
6.20030992
-17.20369571
-7.48456041
-14.73054959
15.76886217
5.60662607
10.10418235
-6.96176278
9.53814651
3.82796502
5.33036769
-5.71425195
0.15390187
-9.51460004
7.80096450
-11.88828037
-6.71980572
10.44620722
-15.27873174
9.24735953
1.67887607
9.22509142
-9.25699750
14.31169612
11.35082330
0.33831738
11.84611239
-13.88150290
10.07249892
0.98640854
-2.17317251
15.83136735
-11.40993021
2.74715629
11.51461157
-8.62932837
-5.08250681
2.70200169
-0.30518357
-13.55024602
4.43202815
-9.34750863
15.32338683
-4.28360833
11.91605500
2.36544353
13.05169942
-1.75449129
-16.91503412
-14.38033693
-3.99635434
11.51205358
8.94737653
4.20953197
-4.94708359
-3.23397518
2.36227595
1.97159387
-13.66387040
-1.83057138
-6.93711939
13.06052836
9.34810459
-9.18214330
-10.65833818
5.05188595
-4.79011689
-4.27167657
-1.09809997
-7.78946303
6.51571589
15.05769263
-4.58777339
0.63688545
-4.98988087
1.99611297
-15.37418691
7.14681316
-2.75907586
5.19927789
7.43547923
-11.77262013
9.31926559
-3.76031640
-9.55791214
-1.27293668
-3.10169109
-13.25979725
0.81403396
-2.63817077
-9.59592350
-3.08796092
0.48552025
-12.57652464
0.22294589
0.68143214
-1.64595872
15.69788753
-3.72559588
-2.17667185
12.08401935
-10.50808374
4.25158886
-13.92949920
-16.09489548
13.62761537
16.43070537
4.07721900
6.24096253
14.38007631
10.50960097
-7.52264977
-8.20134446
11.93055769
10.89188212
7.12058566
3.95217728
3.29901808
-8.51087923
4.02780480
-6.38667280
3.20841695
-0.81278261
-11.26432595
-10.47591426
8.29036250
5.44007251
-9.76549596
-10.30966981
-5.64469972
-5.44364811
7.37719230
11.83067364
-13.43930437
-14.41522231
8.29195954
7.42200140
5.11847006
1.20131213
5.39207445
6.19506979
-6.30962343
-8.58262138
13.86006378
13.57105497
9.27024771
9.87328128
-1.29180104
-2.47711057
12.75810216
9.46328979
-12.75573586
-11.18891923
11.87312807
8.78024201
-0.16826659
-2.06349734
2.04826727
-6.04592196
16.80909720
16.06350516
-12.65491356
-10.33076613
1.98654440
5.93537724
12.41653260
9.90950538
-6.27201484
-6.58600970
-8.96514173
-7.04539987
5.38476052
4.06130929
2.08501765
-2.01618911
-11.88193905
-13.91735976
1.42211423
-7.83149980
5.46644666
-9.83811087
16.59729987
13.05820053
-2.74446905
-2.13545779
13.71500989
13.00980855
-0.08290522
0.15289068
16.82865188
14.38797870
-1.11675788
-4.94655620
-13.24506963
-15.66948766
-16.18697789
-16.79056284
-2.30159495
-5.19586748
10.54981468
11.07101812
7.37946784
8.84591909
7.70231043
5.08286552
-6.23971083
-7.02187081
-6.56638678
-3.50811716
1.83376380
0.94506391
1.33419334
2.57104318
-11.00575615
-11.73059699
0.25522773
-0.06074747
-6.05840698
-7.55073557
8.15660700
9.98144659
7.91551825
8.25181498
-8.04021015
-8.55367232
-11.34212714
-9.15214391
4.07797194
5.99225002
-6.50277582
-3.23439696
-2.66992874
0.78438778
-4.77015335
1.14048458
-5.75195193
-6.74964484
8.04284761
4.59614894
13.74104449
15.91477999
-1.97834375
-4.11973059
2.90894152
1.56764546
-5.85470515
-5.72410568
2.83461386
2.66914423
-17.51310185
-13.53189093
9.13949962
7.24955464
-3.55811903
-3.98809796
4.86551790
5.73671971
4.71737801
7.68541685
-9.95127918
-10.65319890
10.24245561
10.16411536
-3.98959447
-2.99652208
-12.77413602
-10.93701688
-0.89404439
-2.29340877
-6.26383935
-4.08511730
-15.26177194
-15.38393680
-1.32210180
1.57926462
-4.77944301
-3.61011826
-12.32984424
-9.94201690
-2.11321931
-3.91100677
3.75834917
2.09027971
-15.56611920
-14.13897680
-1.85489003
1.53729621
0.41603364
-0.38203615
-0.49267731
-1.79613461
15.51003939
13.13215477
-3.74907862
-2.56768797
-1.35702999
-0.80568656
12.08056979
11.26990596
-8.62483462
6.10616491
-10.26332430
4.83865540
-16.66142672
-15.33291786
-16.39132720
-16.93868481
14.92230883
15.72381783
14.80854344
17.68963882
5.26374127
3.77485598
5.80613991
6.66558405
13.24014102
11.88883849
12.88012014
9.72468680
-9.85021784
-6.99500076
-8.80848617
-8.42114240
9.22565477
10.79529229
11.96360550
10.71288816
8.26255740
5.64173365
6.31220296
5.04102103
2.85340853
-9.87976151
4.21866025
-4.24214919
3.55635604
-7.92658195
5.30221799
-7.10881847
1.80158604
1.42593958
3.53448815
-2.07233852
-12.64974644
-8.14955584
-12.15675797
-9.95481720
8.57299183
6.85217849
9.24502684
4.10721309
-9.15970139
-12.75429799
-10.51766338
-11.14922807
-4.42486699
-7.79245729
-5.31526332
-4.21900831
6.27211733
11.29329149
8.90124237
12.66284578
-13.44838386
-14.88356556
-14.13583805
-14.36864096
9.51202074
8.74111007
7.51594010
6.04829351
2.52061185
2.77280701
4.86630994
1.47902581
6.64336931
7.91956740
5.82596542
7.16396940
-7.35289557
-10.49560664
-7.59485331
-8.77955219
12.70488182
14.51043947
12.64997330
13.77690897
10.20814821
10.58335125
10.01630842
11.18516555
-3.71961111
-0.49236477
-2.43892129
-1.79430086
14.42065143
10.65474602
12.30095254
10.53556144
-11.99854277
-14.83650182
-13.37159327
-12.52747022
9.28232785
9.28197085
12.56729739
8.00997836
1.11100747
-3.17526803
2.07734697
-3.19800905
-0.68099024
-0.97193385
3.13136202
-5.20349858
17.84030306
17.03018583
17.62954397
14.81268320
-11.12639531
-10.21790702
-12.31753824
-9.13340288
3.58635419
4.62711842
3.44663357
5.65770425
13.28476449
10.34496391
11.49194309
11.17821630
-6.65368518
-9.07462523
-7.33075934
-7.39073715
-8.42164798
-6.36520981
-9.42529548
-5.76690296
4.11893144
3.44584763
4.80203574
2.84157305
0.51650719
-1.49131815
1.55601231
-1.04043243
-13.91245101
-12.15997136
-13.12097260
-15.10507246
3.31526261
-7.97639867
3.68588114
-10.75345192
2.37941536
-6.86171047
5.58820733
-9.03597094
15.04100050
14.29207035
17.53434468
12.29716007
-1.77766969
-3.18426859
-2.75420404
-2.02390163
12.63864258
13.15590331
14.41923782
12.47267436
-1.37169201
1.07751711
0.41783984
0.99058877
16.65060579
11.94099034
15.66106122
15.45302439
-2.08516232
-3.00785061
-1.98765895
-3.69461340
-15.72736137
-16.85146776
-13.51437265
-15.42818591
-17.77436145
-13.32915178
-15.69246267
-15.61291259
0.33804664
-3.67025427
-2.69449106
-5.48372216
8.11069209
10.32091342
9.85924159
11.77165437
6.88340783
6.40346775
9.98510503
4.16447552
6.17332263
7.63511932
7.80889667
6.13116439
-7.40535628
-5.63820241
-6.27128470
-8.20185046
-5.70343543
-4.04602628
-4.29316742
-4.53599486
0.24262135
1.47669822
1.58019702
-0.15059223
2.74338272
1.00559181
1.65008926
3.21409802
-12.33906518
-12.90460075
-11.21594028
-12.03887639
0.10055808
-0.77246966
0.42676676
-1.02897492
-4.71349187
-8.05161357
-7.19135862
-6.36132684
6.96382650
13.67208826
7.58342812
11.06644374
6.30923555
9.06110412
6.92844197
8.62774860
-7.97546003
-10.17970074
-8.36305239
-9.48342588
-12.60129056
-9.87032838
-10.29442997
-9.58075238
3.12123136
3.93411305
4.05937614
6.02595912
-6.58445847
-5.54054160
-7.50292021
-3.84324328
-3.18157946
1.89755399
-5.32071004
-0.15131521
-2.92059573
0.84563943
-5.13784293
-0.21540210
-5.81984870
-8.86709547
-6.71338713
-7.08201611
5.25252650
7.19146904
7.02624406
6.08133329
14.12710039
14.85272629
13.78425220
14.93976582
-3.54532712
-5.15654798
-2.44916349
-4.77617835
1.85732420
0.78607294
2.37938123
1.36535826
-4.10722983
-5.73187100
-5.89596194
-6.68171912
1.92588145
0.96280548
2.83666100
3.66338509
-16.20252802
-15.21639691
-16.68918006
-14.27775850
8.14882275
6.97408480
9.82345898
8.14623278
-3.95205791
-1.67405734
-4.46502011
-3.60062584
3.27752786
4.37903261
4.73602074
5.40818760
6.71817050
6.40274469
4.61610471
8.39815035
-10.80641110
-12.73776023
-9.78144795
-11.62253807
7.95165916
8.33277268
9.28739554
10.45291533
-4.86775397
-4.61837586
-3.03083196
-3.79937852
-10.39929702
-10.19026125
-12.71316419
-11.84050912
0.67001347
-0.44674167
-1.83715551
-1.81833104
-5.96632646
-2.60098696
-5.75820332
-4.78878594
-15.95109123
-14.05529025
-14.57382729
-14.41399580
-0.16155900
-0.12860776
-0.59685182
1.79513032
-3.91971501
-2.20182649
-4.80838427
-3.15351707
-10.48643025
-8.98625173
-11.52483409
-10.95590583
0.26602173
-3.01177288
-1.05369380
-3.05178783
3.56675826
1.25747835
3.01166538
2.12169027
-13.48228646
-12.14967179
-14.57282806
-13.05164201
-0.76430048
-0.35720896
-2.39022971
1.12438573
-0.57987442
1.50455836
1.21838455
0.04761769
-1.21898570
-1.50022375
-1.07704010
-2.69042172
15.79339616
15.00774076
16.43856852
14.05121877
-5.34545502
-2.86893165
-3.41258111
-1.56718934
0.61787497
-1.20689995
-0.78155433
-0.23080937
11.30931766
11.30713112
12.29094547
11.12812729
-8.73972276
7.38785975
-11.09474649
4.54252131
-8.53758627
6.52202398
-9.51861252
5.22305183
-16.23468706
-13.82093002
-14.48400017
-15.13929200
-17.62449996
-14.51928005
-15.47434323
-17.81072976
15.19993050
15.98064126
12.98825650
16.84897627
13.87538164
15.41341196
14.04153037
16.79685749
5.93513908
4.80140085
5.02958471
5.45521200
4.50384587
4.75697895
4.96397466
6.38988628
11.98897163
10.79874838
13.55037540
10.39068016
12.64993261
12.20063374
13.58453767
8.72917596
