-4.13984413
-6.05154810
15.86366886
2.45477812
-16.71072522
13.26278731
0.78151851
10.84261744
11.54781993
8.08344144
4.07530270
-4.34037063
8.99638360
3.24072168
6.57903242
-10.88852007
-6.85133237
-3.74957597
8.15131830
-1.52544961
-0.35437867
-11.31814859
-8.01816693
-0.18851829
0.09455743
2.14165056
-7.02142105
14.35811928
5.91644419
-2.18456424
-4.86334326
2.66160895
4.61727819
18.26350825
-14.75167915
8.42061090
-7.44007033
0.32039538
-17.03811955
-9.70397457
-1.00531639
-5.14132223
-1.46577129
5.35217807
-11.45696638
9.08449689
12.36169753
7.27785173
3.06724677
-5.07259912
-7.80821991
-0.89039867
-5.54719219
-0.51716113
-4.20479074
-11.40147074
16.45065206
-13.36243883
-3.03371350
8.46620183
-7.63928179
7.21830351
-10.62602674
3.51640693
-1.14324997
1.00366940
2.95565052
-12.37576770
3.86862031
14.03902387
-0.13068295
-7.85251498
-16.83894195
0.63274130
10.49900077
-14.80686506
11.39948862
-3.09032987
-13.75753245
-8.71907052
-3.30413492
-4.26845162
9.36573174
13.83143168
5.98291526
-5.02043427
9.95626320
2.80562890
7.58970975
-11.92611474
2.33374871
-0.87623221
-12.65591847
6.98345988
-5.00952786
6.78673666
15.16462245
6.32377553
-17.35184552
-7.58890544
-14.70714318
16.03799335
5.74858675
10.43663603
-6.70764313
9.76235379
3.97588124
5.35454256
-5.79765573
0.16655873
-9.57533510
7.90516288
-12.01039901
-6.87944960
10.57993764
-15.44797079
9.42457105
1.65828356
9.30693859
-9.38594885
14.53365146
11.46640714
0.32020855
12.02480054
-14.19745376
10.19259177
1.03460862
-2.21778144
16.06901468
-11.66501691
2.81479796
11.55672301
-8.76988604
-5.19255460
2.66547947
-0.36840728
-13.70307452
4.51652990
-9.51002479
15.56379707
-4.35420608
12.05372460
2.38538899
13.33826217
-1.67743758
-17.06724913
-14.60773072
-3.94567178
11.69746951
9.03577828
4.31091044
-4.93161703
-3.22887239
2.37981815
2.06085208
-13.83569132
-1.88428895
-7.03517620
13.31250674
9.56794446
-9.29719572
-10.82517428
5.10176487
-4.82470259
-4.25852699
-1.16548005
-7.90162818
6.57881706
15.16425707
-4.67806393
0.72098053
-5.08979274
2.06978288
-15.67894121
7.29122943
-2.78127383
5.30956061
7.56443610
-11.88466900
9.47271796
-3.88086282
-9.49365025
-1.19778222
-3.16974666
-13.49253923
0.82381280
-2.70316331
-9.76871135
-3.15660940
0.47913331
-12.79670426
0.24406233
0.49805267
-1.64927290
15.97639956
-3.77158011
-2.15354033
12.22639840
-10.52584305
4.24625134
-13.96012901
-16.20620770
13.98361537
16.43138841
4.27881336
6.17843737
14.50891416
10.64931903
-7.20512602
-8.67751017
12.15721990
11.10584546
7.27642057
4.04619370
3.28074315
-8.62289823
4.02032871
-6.49423076
3.23190935
-0.81268714
-11.40630964
-10.52852134
8.39728993
5.48419778
-9.87753940
-10.44347329
-5.75372736
-5.60361597
7.43293683
11.97527192
-13.61978831
-14.61106798
8.39699083
7.51566484
5.13967838
1.15788633
5.46348794
6.25993936
-6.37242784
-8.68046637
13.96167906
13.74776166
9.28628736
10.02715622
-1.26620158
-2.46944015
12.95540245
9.58291466
-12.84660819
-11.31476116
12.03315499
8.87249650
-0.06599650
-2.10022796
2.11880170
-6.09852846
17.02799870
16.22752251
-12.92617082
-10.58976105
2.01245595
5.95205958
12.62693322
10.07234060
-6.34899637
-6.69233967
-9.08738598
-7.17098946
5.42815157
4.09163867
2.09090175
-2.14240430
-12.03200535
-14.11171434
1.49334979
-7.94869487
5.57203304
-10.00182713
16.82423271
13.16296045
-2.80603840
-2.18487504
13.89653890
13.21152422
-0.09490941
0.10226674
17.21168677
14.45581510
-1.06376767
-4.96824609
-13.48998898
-15.90871314
-16.38366664
-17.00881988
-2.31674875
-5.16404767
10.67939340
11.21917318
7.47622583
9.03137624
7.64901208
5.17450401
-6.28403713
-7.11541179
-6.60907504
-3.56571149
1.90465273
0.98478018
1.30681354
2.70468754
-11.17759189
-11.91634234
0.31098314
-0.06412326
-6.06007912
-7.75654707
8.42005278
10.15378902
8.02136410
8.12767597
-8.14319876
-8.68604010
-11.52109814
-9.28283022
4.08844131
6.06680432
-6.64466994
-3.28399775
-2.69754442
0.75884680
-4.83909687
1.15078435
-5.83749184
-6.85952604
8.19583631
4.63711264
13.94279889
16.08921153
-2.03288774
-4.21110443
2.96256701
1.60165496
-5.92758823
-5.80619982
2.92932798
2.73710517
-17.57709283
-13.72721066
9.26685651
7.36119770
-3.55237094
-3.96572242
4.95017477
5.78917286
4.78734681
7.76208772
-9.99222702
-10.82789738
10.35118748
10.33074706
-4.05202017
-3.02578947
-12.93178199
-11.21929211
-0.86114974
-2.23070108
-6.15415558
-4.14550725
-15.36365980
-15.50100695
-1.29762992
1.63731815
-4.85273908
-3.68806358
-12.56903623
-10.06804247
-2.19800208
-3.99051582
3.73685771
2.09592118
-15.65772410
-14.43909470
-1.86406654
1.55781242
0.28786364
-0.38943500
-0.53124310
-1.80628469
15.69672648
13.38320672
-3.78583513
-2.55353823
-1.35724811
-0.77893060
12.04454512
11.42860819
-8.64496510
6.07981761
-10.38644777
4.94509770
-16.75579353
-15.50443197
-16.38678811
-17.00251419
14.96158331
15.82249032
14.98071885
17.88663729
5.47461299
3.73422082
5.80509348
6.77169577
12.99463735
11.56094695
13.17573528
9.48818205
-9.85645851
-7.02068781
-8.86958374
-8.09314506
9.33244095
11.01661151
12.25165022
10.92054849
8.37622392
5.80580448
6.45330961
5.13296765
2.94203477
-9.99146717
4.28579604
-4.30314725
3.55449920
-8.05512365
5.29748704
-7.21809843
1.83702456
1.45117242
3.70529426
-2.10609902
-12.69595506
-8.21134410
-12.27285620
-10.02697031
8.60299108
6.89230108
9.36408442
4.15788851
-9.26889150
-12.91966228
-10.63542450
-11.26636007
-4.49930554
-7.95363298
-5.40709228
-4.32769550
6.36697242
11.40255964
8.89995377
12.79470006
-13.57962858
-15.07221403
-14.30841401
-14.58242896
9.63828011
8.85222046
7.53704481
6.15974493
2.55668088
2.79742700
4.87367300
1.51327264
6.73009432
8.00803836
5.90658677
7.27148706
-7.40103543
-10.63729595
-7.58050733
-8.86464486
12.76190979
14.80659362
12.76135081
13.89252498
10.37094264
10.72257711
10.11467783
11.33877217
-3.74173294
-0.53065699
-2.45201832
-1.83816662
14.58808060
10.80044510
12.47309678
10.68435261
-12.08813763
-15.03219808
-13.45474828
-12.65057674
9.41148920
9.40962100
12.74950904
8.10921120
1.06679881
-3.23072460
2.17346197
-3.24324786
-0.73755346
-0.99373500
3.16521083
-5.24760946
18.17132504
17.21690416
17.81359063
14.99211991
-11.29064203
-10.38518711
-12.43867298
-9.36467089
3.62710425
4.61415517
3.45009105
5.71340269
13.40581144
10.42489989
11.62080663
11.32438504
-6.75239908
-9.22024376
-7.40149462
-7.47634905
-8.52079680
-6.46231268
-9.56292581
-5.87893790
4.21229256
3.44895037
4.89258716
2.87301612
0.35288261
-1.55353631
1.53694320
-1.12151744
-14.04233281
-12.37436489
-13.27650133
-15.32412674
3.41991746
-8.12309224
3.70183209
-10.86798520
2.39764875
-6.90530578
5.66793787
-9.21550074
15.24994874
14.44197272
17.74370532
12.42025149
-1.82215095
-3.25728666
-2.75844666
-2.08330387
12.76532296
13.30018613
14.60794010
12.64839254
-1.41033237
1.07634171
0.39127510
0.95058212
16.89681997
12.22737360
16.06058462
15.60006273
-2.10438122
-2.96853211
-1.95462448
-3.70832916
-15.85546231
-17.07717200
-13.74163078
-15.64873714
-18.02429434
-13.52652718
-15.89990368
-15.80775201
0.35703627
-3.67249808
-2.73222970
-5.42450910
8.26621171
10.48000649
9.98938471
11.91591891
6.95916527
6.48204156
10.06599511
4.27131507
6.24962339
7.68548270
7.84716908
6.25073757
-7.52172985
-5.71852174
-6.35386662
-8.30840895
-5.78907532
-4.03234845
-4.30751316
-4.65737365
0.27486337
1.45691509
1.66431701
-0.09678067
2.64424397
0.99060392
1.62000336
3.24459907
-12.51082867
-13.07242074
-11.38751012
-12.22648202
0.10496528
-0.79185569
0.47025427
-1.05183235
-4.81386446
-8.16440287
-7.21038764
-6.32957935
6.97811734
13.96061198
7.76986191
11.22666473
6.57994660
9.19097261
6.94683284
8.66658662
-8.06947189
-10.32216922
-8.45588601
-9.61615659
-12.76424204
-10.01249581
-10.45360033
-9.73156755
3.14777717
3.92651795
4.12693784
6.10197227
-6.69750239
-5.66685090
-7.65836374
-3.89187683
-3.16562704
1.88282135
-5.34156166
-0.17774749
-2.86941149
0.79890938
-5.13433931
-0.25969117
-5.91025842
-9.00035928
-6.83020452
-7.16210858
5.36508804
7.27418830
7.16971267
6.21092220
14.33488948
14.95404564
13.86043163
15.05256406
-3.62289008
-5.24904648
-2.50140272
-4.84716163
1.87935074
0.78387183
2.41019668
1.37498152
-4.06581117
-5.77330099
-5.96011160
-6.75097108
1.98891178
1.01861569
2.79427192
3.74672710
-16.34918690
-15.46853295
-16.72950847
-14.41803946
8.31801525
7.06093951
10.01659940
8.25212887
-4.03738936
-1.62305282
-4.48715783
-3.62795427
3.31936171
4.38112507
4.75936080
5.41136169
6.83305694
6.56089402
4.76539686
8.55946083
-10.96444209
-12.86971301
-9.87846727
-11.80534423
8.07250003
8.47503391
9.40181909
10.44234836
-4.92739425
-4.72111782
-3.07450017
-3.87626566
-10.50501150
-10.31709434
-13.07511548
-12.14783168
0.64573131
-0.47051830
-1.85488714
-1.80324694
-6.02159212
-2.59164879
-5.80208207
-4.72725396
-16.09790503
-14.22374600
-14.78424598
-14.50912139
-0.16413217
-0.10853032
-0.59744484
1.83668596
-4.00591207
-2.28126584
-4.88936593
-3.22225384
-10.65583820
-9.06493318
-11.69998547
-11.06513937
0.36530101
-3.10246565
-1.08866385
-3.14392631
3.60902880
1.29739841
2.97742135
2.05986581
-13.68435326
-12.16024635
-14.67696650
-13.24863064
-0.79429496
-0.45833225
-2.46175865
1.15961642
-0.87496238
1.41077313
1.12357488
0.00963420
-1.27494929
-1.64549925
-0.93212551
-2.63911347
16.10528539
15.34626705
16.58142150
14.38262413
-5.30371303
-2.90322091
-3.33643995
-1.54992887
0.61396465
-1.21676907
-0.79108099
-0.26290276
11.44166132
11.48501009
12.43308133
11.02746510
-8.92108516
7.47742213
-11.18445415
4.57283284
-8.70617670
6.64520809
-9.50071073
5.20470487
-16.36178654
-13.92256681
-14.56830850
-15.22222451
-17.72918201
-14.75630029
-15.42745029
-17.87156434
15.31136055
16.26954489
13.15930860
17.20547638
13.92716934
15.23609551
14.50086477
17.03248231
5.98025393
4.88952498
5.04334286
5.25762199
4.76616043
4.30351697
4.99666094
6.12311991
12.17732885
10.82462393
13.53183054
10.06629239
13.00955139
12.43089094
14.09179285
8.88882456
-8.42401716
-7.70224132
-7.86227185
-7.76645303
-10.33524853
-6.85674962
-9.25785775
-8.73168597
