-4.17901553
-6.08604540
15.94224104
2.46369713
-16.82071720
13.33531295
0.79513727
10.89541846
11.62260028
7.92005567
4.10241494
-4.34322261
8.56677068
3.25769740
6.58678212
-10.91646113
-6.96004174
-3.76218842
8.19992706
-1.52216980
-0.35542174
-11.36523700
-8.04745023
-0.15367097
0.12829592
2.18482873
-7.06188192
14.42394912
5.80720751
-2.12148793
-4.89843593
2.50802095
4.64510876
18.35830250
-14.80308713
8.47414545
-7.61506489
0.34064764
-17.11890184
-9.76980691
-0.99976587
-5.21258816
-1.48140685
5.37652182
-11.50157198
9.17813040
12.57774752
7.32161781
3.06771468
-5.05792650
-7.85724265
-0.90293068
-5.57271304
-0.50870361
-4.22714877
-11.61239199
16.53901785
-13.44140576
-3.05323220
8.49829117
-7.69449513
7.22423502
-10.68177415
3.54987747
-1.13647906
1.01848983
2.96705327
-12.43845703
3.86926416
14.08442181
-0.11739752
-7.90012111
-16.93979942
0.63107748
10.56460792
-14.86832104
11.48015211
-3.11607702
-13.83957418
-8.78081701
-3.31915611
-4.28173181
9.41180668
13.90019150
5.87168467
-5.03808316
9.96185492
2.82523909
7.55819547
-11.99754566
2.38862980
-0.90515481
-12.70594122
7.23548778
-5.01819760
6.81459281
15.21837778
6.37385998
-17.40581869
-7.63463485
-14.76081487
16.07677563
5.78625959
10.65661296
-6.79248563
9.51380542
3.70346214
4.93255517
-5.74434006
0.18071667
-9.62756109
7.93594989
-12.06568367
-6.92625612
10.63254416
-15.52715543
9.47530374
1.67048268
9.35709345
-9.43063547
14.73274284
11.50499225
0.31798355
12.08275037
-14.31357475
10.24997963
1.02793785
-2.22093787
16.14290082
-11.74007513
2.84735607
11.56236642
-8.82249961
-5.23223022
2.67891372
-0.39410703
-13.76958896
4.50799667
-9.55757281
15.64554645
-4.38015634
12.10488671
2.40032543
13.51791766
-1.63174805
-17.13516855
-14.71320776
-3.92523204
11.76593560
9.06000395
4.31960090
-4.94127980
-3.16804354
2.38653720
2.03896378
-13.90850858
-1.89221794
-7.05685131
13.37336461
9.59984185
-9.34375383
-10.89602663
5.12357073
-4.85955652
-4.27385894
-1.16822469
-7.94327992
6.64018387
15.24165556
-4.71317702
0.75363063
-5.13532930
2.05438331
-15.77484106
7.36040302
-2.79436524
5.35389999
7.51453949
-11.91991270
9.52247972
-3.90606148
-9.50013332
-1.17726995
-3.17307953
-13.54806950
0.81424275
-2.72942316
-9.82772156
-3.14603623
0.43912677
-12.87285270
0.24966605
0.47546678
-1.61948582
16.04232799
-3.77790646
-2.17912933
12.28590281
-10.56070223
4.18887385
-13.99478835
-16.28185726
14.13859106
16.43150988
4.33010488
6.16467942
14.56090807
10.68246087
-7.26562760
-8.65130343
12.71327753
11.62504049
7.79001920
3.66832397
3.51749725
-8.18755701
3.80810342
-6.59411731
3.27473980
-0.78394844
-11.45930472
-10.59380188
8.42659979
5.48243337
-9.92622742
-10.50176815
-5.78386965
-5.64603385
7.47316720
12.03076841
-13.68716046
-14.68681706
8.43517502
7.56407976
5.15462953
1.14742117
5.49836766
6.30281645
-6.37781296
-8.70108579
14.04294612
13.86139967
9.31787226
10.06335894
-1.26298356
-2.47039970
13.03480950
9.63176165
-12.88510427
-11.37451378
12.08910640
8.91854779
0.01770292
-2.10908296
2.11524142
-6.12556174
17.12315409
16.32360547
-12.99052118
-10.70330215
2.00810045
5.94945080
12.71505162
10.16945561
-6.38319044
-6.72573183
-9.13959207
-7.22168094
5.46289497
4.11974357
2.09198321
-2.17665099
-12.04075292
-14.15056496
1.51597240
-7.98351456
5.59878552
-10.04954462
16.90359231
13.20301357
-2.81916186
-2.19944186
13.96728745
13.29013421
-0.09485180
0.09099806
17.33265308
14.54441089
-1.06694812
-4.98641624
-13.59653690
-15.97092266
-16.46596865
-17.08968312
-2.35603187
-5.15940702
10.72603187
11.27171715
7.50864801
8.89195446
7.65980336
5.20829655
-6.30057481
-7.15704074
-6.68487104
-3.57695173
1.93439250
1.01754706
1.31101641
2.72070439
-11.24669333
-11.99187309
0.33447626
-0.07453666
-6.06111859
-7.82272397
8.76036367
10.35218789
8.03555600
8.19836606
-8.18297315
-8.73999991
-11.59449088
-9.33459873
4.11941839
6.10056980
-6.69097169
-3.31414715
-2.68675312
0.78417022
-4.85825929
1.19532196
-5.86963968
-6.89154429
8.24094468
4.64805428
14.02768292
16.15561035
-2.05073365
-4.24647086
2.98724448
1.61529458
-5.95950379
-5.84914235
2.85386691
2.71026472
-17.58512216
-13.82372770
9.27298049
7.37063279
-3.55654721
-3.97543463
4.99548503
5.80897568
4.81246264
7.74719907
-9.99432658
-10.87657500
10.42215293
10.39451800
-4.08518472
-3.01584973
-12.97031016
-11.34170264
-0.83969274
-2.23654716
-6.21921279
-4.19220808
-15.45611689
-15.57427049
-1.29292666
1.66552740
-4.86487233
-3.72274531
-12.65675746
-10.11996394
-2.21654973
-4.00962436
3.73758917
2.12629311
-15.72045573
-14.51945272
-1.85250268
1.56611076
0.29373279
-0.40595565
-0.55085412
-1.84754121
15.76760710
13.46570336
-3.79703355
-2.53475327
-1.35606816
-0.76706249
12.07877041
11.49759370
-8.69480690
6.02699202
-10.42628344
5.03125606
-16.79292053
-15.54429992
-16.43635150
-17.05883822
15.04534884
15.85484750
15.10231981
17.92955734
5.46662539
3.71148150
5.67885653
6.82755585
13.08543051
11.59003936
13.24427595
9.80714186
-9.89190584
-6.91239190
-8.92644288
-8.14762979
8.83945924
11.05659307
11.97986883
11.21327899
8.01286139
6.10225725
6.30981869
4.54890155
3.46853498
-9.74463654
4.78270849
-3.85694731
3.76555089
-7.62588458
5.74115878
-7.47633112
1.87118801
1.46291305
3.68628459
-2.08989904
-12.75140710
-8.26097193
-12.32694144
-10.08244212
8.59964856
6.88869735
9.40253240
4.15122455
-9.31774791
-12.98815613
-10.68611561
-11.31697804
-4.51757277
-8.00061413
-5.43566224
-4.36285236
6.40249469
11.45205687
8.91105360
12.84760577
-13.64174454
-15.14767290
-14.38074281
-14.66970620
9.68273871
8.90036106
7.55166774
6.20500871
2.58572839
2.82250792
4.88583624
1.53509804
6.76649739
8.05025189
5.93844822
7.32281339
-7.40597388
-10.70646346
-7.61730595
-8.90308399
12.76497356
14.88165318
12.80954930
13.94364289
10.47077015
10.76590847
10.16536408
11.40148949
-3.75011567
-0.54287372
-2.45635267
-1.84980538
14.64738413
10.85859990
12.53889534
10.73469829
-12.15873812
-15.10918231
-13.52439188
-12.71410419
9.46866746
9.45601594
12.82267113
8.14804039
1.01991137
-3.24821415
2.19113002
-3.24118397
-0.80151236
-0.99134225
3.18117900
-5.28002188
18.27103921
17.27019259
17.94736957
15.06427491
-11.37454914
-10.42075273
-12.49009850
-9.45241667
3.65145901
4.60122323
3.47718136
5.75595837
13.61204142
10.44640811
11.66772621
11.44531929
-6.78906083
-9.26831234
-7.43411591
-7.51670485
-8.56517773
-6.50356285
-9.62428470
-5.92405424
4.27703319
3.45750160
4.93572573
2.89452617
0.32340178
-1.58003509
1.54775364
-1.14428790
-14.09386069
-12.44484382
-13.30939642
-15.36961172
3.42032610
-8.17664052
3.70750800
-10.91288630
2.39326175
-6.92584081
5.71174008
-9.24009902
15.32753682
14.49763995
17.84041117
12.47446364
-1.82295769
-3.27114882
-2.75586609
-2.08510546
12.80624648
13.35234033
14.68030464
12.70716474
-1.42012352
1.08290354
0.38844687
0.93601444
16.97637632
12.41439543
16.20093391
15.75469224
-2.12411094
-2.96891326
-1.95206524
-3.66317881
-15.90677378
-17.14599541
-13.79420600
-15.74794872
-18.12373890
-13.60589216
-15.97801807
-15.88781046
0.38875365
-3.71505476
-2.74351899
-5.44118520
8.29351324
10.53754031
10.04011595
11.96809719
6.99051306
6.47492197
10.09594471
4.30470168
6.27808731
7.69428538
7.85410692
6.26974253
-7.57194288
-5.75276617
-6.39042107
-8.35881487
-5.81703428
-4.00475649
-4.37724728
-4.69852554
0.27441122
1.45557723
1.70652167
-0.06008044
2.62793136
0.99758312
1.60640524
3.24797052
-12.57422255
-13.14279430
-11.45160781
-12.29888049
0.10944123
-0.78996243
0.47375831
-1.04632512
-4.83908026
-8.20019715
-7.21350114
-6.33893834
6.79055973
14.03802685
8.00161706
11.47387229
6.63803051
9.16167330
6.88241977
8.83282329
-8.11342011
-10.37281975
-8.49518140
-9.67109841
-12.82986744
-10.06845439
-10.52109501
-9.79561936
3.16173988
3.94023133
4.13698177
6.14822592
-6.73402868
-5.71379647
-7.71142763
-3.91771118
-3.17972110
1.92352503
-5.36236852
-0.15415915
-2.86229090
0.83133358
-5.12689088
-0.25432924
-5.93717959
-9.05022421
-6.87287342
-7.19439472
5.44656481
7.33038435
7.19479729
6.23149762
14.41817970
14.98897147
13.88616697
15.08904689
-3.64999271
-5.28862885
-2.51879313
-4.87358614
1.89755594
0.78064330
2.43059554
1.38675952
-4.06936772
-5.81014290
-5.95142859
-6.80375989
1.88841980
1.03654659
2.85713545
3.61484446
-16.41030627
-15.55794185
-16.74057850
-14.49835331
8.38347420
7.10567024
9.93791206
8.22690975
-4.06688694
-1.61450367
-4.50604749
-3.64983432
3.33190533
4.38211284
4.76807043
5.41075711
6.75309838
6.60574832
4.67576550
8.53679968
-10.97964482
-12.90793970
-9.90990526
-11.84301948
8.13196048
8.52021159
9.48468230
10.42095291
-4.94653446
-4.74533505
-3.10133576
-3.89265701
-10.52213354
-10.26871764
-13.25360041
-12.27501178
0.67252399
-0.46283465
-1.82360532
-1.78641720
-5.97342930
-2.62170680
-5.85542513
-4.77716062
-16.18921284
-14.27072666
-14.86897711
-14.57420609
-0.15379987
-0.11285157
-0.58504994
1.85417248
-4.02350912
-2.31023432
-4.91002201
-3.25034784
-10.72581068
-9.11727486
-11.76785452
-11.11626188
0.39748568
-3.12260968
-1.07007894
-3.16947694
3.63463270
1.28307029
2.97002099
2.04142568
-13.76675073
-12.09271312
-14.74973134
-13.30042414
-0.81337561
-0.50666093
-2.46483220
1.17024903
-0.89346821
1.40344217
1.12246505
0.00713962
-1.24576612
-1.73163350
-0.82021376
-2.69082631
16.18998415
15.44420762
16.62501021
14.47424042
-5.30009847
-2.91517649
-3.33802205
-1.52859452
0.61064016
-1.17048063
-0.77669378
-0.25147953
11.50557483
11.53760696
12.51276011
11.07830200
-8.96140740
7.50827484
-11.21968908
4.60821302
-8.75915421
6.69074784
-9.55566679
5.14169571
-16.40873693
-13.97634028
-14.65241944
-15.29263836
-17.76697638
-14.82797349
-15.45979622
-17.92117471
15.38670998
16.36733881
13.14405055
17.31200833
14.01070997
15.37027977
14.66425284
17.07429938
6.09488618
4.92827720
4.90472401
5.30309290
4.75408983
4.26095927
5.00267897
6.11523619
12.21362508
10.79640443
13.61275369
10.03169221
13.10788481
12.44792924
14.14725055
9.01607853
-8.56330000
-7.72275748
-7.96657116
-7.76193661
-10.47185852
-6.84245926
-9.43108877
-8.73831192
9.55146201
10.22124355
11.85656348
10.62399001
9.64280872
11.13934436
12.41818651
10.40993872
7.17076275
4.70880274
6.85681187
4.18016676
8.74036735
5.50579916
6.95231794
5.53585457
2.82794287
-11.28953102
5.80685845
-5.94108466
3.02531014
-9.15568175
4.22714129
-6.48462914
2.47182730
-10.33584990
3.86728199
-4.81300840
3.36816431
-8.57991727
4.84794657
-7.05536721
