-4.25625195
-6.16416634
16.29325107
2.56092676
-17.08893487
13.52536482
0.66381582
11.07788054
11.81075838
8.02168691
4.25944307
-4.35449459
8.66736356
3.31182383
6.61090740
-11.01567544
-7.20516826
-3.80199856
8.36942294
-1.58816404
-0.37612840
-11.58220438
-8.10918190
-0.15597046
0.16566688
2.21894556
-7.18738527
14.59317959
5.64637430
-2.11726536
-4.96849345
2.46283513
4.64721803
18.55520629
-14.94406017
8.69876014
-7.88489555
0.39129473
-17.39000361
-9.91458224
-0.99700099
-5.40354373
-1.46797200
5.50539832
-11.61408017
9.31177515
12.83620816
7.47986957
3.11805508
-5.13988538
-7.97004418
-0.91358559
-5.64759067
-0.53564943
-4.29732230
-11.61275228
16.78425537
-13.73269218
-3.08655922
8.56546197
-7.80897842
7.29786548
-10.82756916
3.64196688
-1.14068350
1.04161167
3.04515065
-12.67112474
3.95309972
14.20843120
-0.16561752
-8.01920248
-17.28973693
0.64421547
10.65270673
-15.15521541
11.67264609
-3.20607876
-14.14552134
-8.93332803
-3.38605974
-4.38297401
9.53202528
14.11560224
5.60633650
-5.17074588
10.07419351
2.87489615
7.65865557
-11.57350538
2.87358878
-0.85640113
-12.88406796
7.28157444
-5.03755887
6.86142161
15.34406962
6.50440934
-17.59390668
-7.73032534
-15.02461982
16.22144086
5.95294538
10.75329420
-6.90972976
9.64812554
3.86810461
5.13184091
-5.72962836
0.58251314
-9.60635694
8.08099609
-12.23039437
-6.81263596
10.81179066
-15.76078678
9.55631094
1.69277001
9.53183063
-9.58963159
15.03453611
11.59068203
0.30410452
12.26625827
-14.54304937
10.41393897
1.02449057
-2.23945899
16.45914951
-11.94003941
2.91024861
11.78792452
-8.97569357
-5.30062296
2.75462522
-0.43928723
-13.83627667
4.53093782
-9.71165575
15.89646270
-4.51294842
12.22692855
2.48233687
13.86635709
-1.55624472
-17.38703823
-15.03225358
-3.98796998
11.93914352
9.13087822
4.44439270
-4.95573628
-3.24651453
2.37448166
2.09601344
-14.15246803
-1.97577847
-7.14759077
13.49526731
10.00705386
-9.49675626
-11.10458725
5.22022668
-4.95760816
-4.40541000
-1.20751304
-8.07459630
6.83612561
15.39649901
-4.83301390
0.82619586
-5.22173516
2.15432915
-16.00558129
7.53516908
-2.83296993
5.62279413
7.63691870
-12.04205596
9.66929312
-3.98753982
-9.55922858
-1.23932616
-3.16197981
-13.80547810
0.78284227
-2.77142940
-9.97151628
-3.34190483
0.46255656
-13.13642080
0.12041735
0.37561072
-1.65343397
16.31896660
-3.84336272
-2.18880583
12.48253356
-10.65542897
4.07108442
-14.11438446
-16.53811035
14.22581755
16.44652410
4.35924302
6.06859629
14.80100715
10.91387627
-7.42713404
-8.80177868
12.88964805
11.89198078
7.92911579
3.73742782
3.37748271
-8.30779182
4.18274867
-6.34950028
3.70874157
-0.64564345
-11.79040600
-10.82674712
8.57361428
5.57217671
-10.08075013
-10.69366324
-5.74467112
-5.69456191
7.71538318
12.21022807
-13.94550297
-14.89079406
8.57611483
7.71949769
5.25654628
1.17732311
5.53764485
6.47088750
-6.47644869
-8.81823779
14.17109269
14.12548163
9.45231172
10.15581062
-1.23300705
-2.47207488
13.23364745
9.77327285
-13.02305105
-11.55639568
12.26485146
9.06808961
0.03692606
-2.25810245
2.13495311
-6.25107400
17.30694325
16.61479662
-13.20908127
-10.91259138
2.03470213
5.95844093
12.94351581
10.28143408
-6.48076938
-6.79372052
-9.31060524
-7.38770997
5.60444261
4.24672426
2.14819109
-2.12442448
-12.12599549
-14.33416426
1.49501591
-8.09579747
5.69295741
-10.19549811
17.18436954
13.44129970
-2.86951656
-2.31361764
14.17427661
13.50139799
-0.06190092
0.06749068
17.60425297
14.77710957
-1.06554808
-5.05196565
-13.93090223
-16.20161247
-16.70461791
-17.31684929
-2.41031019
-5.27097586
10.86976840
11.42387634
7.63530257
9.15968934
7.76421939
5.33093406
-6.33697737
-7.15779192
-6.85769455
-3.63884509
1.81323606
0.96928587
1.34769082
2.36625364
-11.46392667
-12.25876131
0.30611480
-0.11280326
-6.11615629
-7.98097334
8.94459836
10.55603917
8.27783632
8.20229714
-8.31585129
-8.86460938
-11.91438530
-9.56092037
4.17892571
6.16125834
-6.78604130
-3.34939014
-2.70431892
0.79553483
-4.92101490
0.77878705
-5.90445816
-7.05584987
8.30741362
4.75659780
14.24082693
16.32398322
-2.05708039
-4.25939761
3.08456944
1.65570847
-6.10764151
-5.97502637
2.91148609
2.69091007
-17.65313235
-14.05291920
9.49534317
7.56095055
-3.59420504
-3.98998094
5.22297899
5.93095214
4.67778681
7.65933982
-10.11875159
-11.02334742
10.69389167
10.56792687
-4.14644314
-3.03483216
-13.13124622
-11.50735238
-0.87653037
-2.29777776
-6.38309428
-4.33807498
-15.70407717
-15.85024648
-1.27477596
1.70863327
-5.05590838
-3.75117907
-12.88638161
-10.27373170
-2.17400730
-4.07320875
3.78028052
2.17346536
-15.89226249
-14.75805980
-1.90111547
1.77542681
0.33507743
-0.44640349
-0.53831461
-1.90541100
15.96898011
13.67233091
-3.85144483
-2.51240807
-1.40224548
-0.69478983
12.25858493
11.83929474
-8.81622972
5.95591968
-10.57383372
5.17714837
-16.89935514
-15.71425633
-16.63556891
-17.25696458
15.24473431
15.94542593
15.31318016
18.11236864
5.80909333
4.05067576
5.57047840
7.00658528
13.31747142
11.69344153
13.43003446
9.95424995
-9.98767671
-6.99079872
-9.10984853
-8.30687606
9.01754754
11.35781711
12.25479318
11.22740962
8.10936693
6.45246353
6.34845279
4.78275591
3.45947302
-10.09017077
4.84007735
-3.94872155
4.27872644
-7.80212972
5.88759689
-7.62860928
1.96632515
1.53044800
3.93559890
-2.54582150
-13.31153979
-7.80222869
-12.75382593
-10.74519039
8.62759292
6.94607359
9.48786637
4.22554209
-9.42255767
-13.17611325
-10.82754659
-11.48920957
-4.57449784
-7.93847103
-5.51499375
-4.44069621
6.55835186
11.60946371
9.03414046
13.01355625
-13.83108621
-15.37141312
-14.56953946
-14.95282734
9.79307902
9.01338910
7.73585973
6.29551549
2.59806371
2.80385222
4.96978530
1.60845119
6.94844752
8.25232823
6.09630555
7.52514123
-7.49179704
-10.87595085
-7.72894344
-9.01314576
12.97530470
15.18924645
12.95665685
14.15328343
10.76937687
10.87478870
10.25433014
11.53866486
-3.73484350
-0.58875957
-2.44866974
-1.88616632
14.85004293
11.00466151
12.75491431
10.89839995
-12.39262101
-15.38138290
-13.71635492
-12.87818778
9.61981339
9.61497078
13.01915895
8.23448050
1.03285505
-3.33775187
2.22132858
-3.37468499
-0.89155917
-1.18472287
3.22875364
-5.34511190
18.57179630
17.52564220
18.27739723
15.34516609
-11.48733951
-10.58173611
-12.53647495
-9.65525404
3.76952856
4.60416675
3.56654743
5.86402399
13.97135702
10.67104178
11.85562261
11.63620069
-6.88488866
-9.16469572
-7.57971876
-7.67261387
-8.72106308
-6.61234808
-9.84116264
-6.08533153
4.41784301
3.53561059
5.06086756
2.97938313
0.50278981
-1.64986913
1.62818128
-1.16751295
-14.20755045
-12.67066287
-13.37421451
-15.67282946
3.43216478
-8.31513842
3.68268211
-11.08678616
2.35532424
-7.05919015
5.67547069
-9.35503100
15.53302436
14.74709274
18.10346829
12.72713177
-1.80523608
-3.30188441
-2.81807727
-2.17739936
12.90585778
13.50162962
14.85844767
12.87217962
-1.40335703
1.11741091
0.41624942
0.92962895
17.26549724
12.73237984
16.43267975
16.09090127
-2.15238533
-3.01137921
-2.02182408
-3.68472875
-16.11777964
-17.38340411
-13.97991505
-16.11276426
-18.44624821
-13.92936114
-16.19381503
-16.14197397
0.35831483
-3.80018061
-2.81881886
-5.59092104
8.35729940
10.67029173
10.20524122
12.13785375
7.07766761
6.61760747
10.19810869
4.32302204
6.36364332
7.84005862
7.89949881
6.44837076
-7.71209395
-5.80692050
-6.37195255
-8.54870205
-5.97275102
-4.05686137
-4.48066572
-4.83021754
0.22405411
1.44939996
1.44825650
-0.13802666
2.77776807
0.94476470
1.69753425
3.25539144
-12.73932680
-13.42831450
-11.74546149
-12.54999607
0.11497461
-0.85313457
0.49005576
-1.08464698
-4.92680259
-8.32774530
-7.28649634
-6.42730027
6.72353765
14.24841852
8.20430719
11.62127554
6.92226429
9.38428547
6.70620382
8.90923739
-8.25092466
-10.53294207
-8.62962864
-9.84536513
-13.05799978
-10.27534838
-10.80264147
-9.96202343
3.21845785
4.00812385
4.22336733
6.31718823
-6.85470511
-5.83959522
-7.81101313
-3.99670175
-3.25207713
1.87068845
-5.50633841
-0.22227473
-2.89404441
0.85302426
-5.19998593
-0.24611771
-6.11089626
-9.22473096
-6.75954334
-7.27237547
5.63264379
7.44381288
7.18932681
6.33995784
14.63279167
15.20357428
14.07130683
15.31107258
-3.67197272
-5.51895625
-2.53750126
-4.84868039
1.95854534
0.74121226
2.52504099
1.43082633
-4.21550144
-5.92331555
-6.08192897
-6.93369772
1.99845973
1.08639249
2.90381644
3.72166435
-16.63789545
-15.77069431
-16.86482747
-14.76377216
8.57659424
7.24289609
10.20241871
8.44856992
-4.15710762
-1.58186489
-4.60457084
-3.75415208
3.41777668
4.64220652
4.80777655
5.38718379
6.82460343
6.72374292
4.72781698
8.67974909
-11.11680344
-13.00318999
-10.03917948
-12.00313290
8.23210327
8.68712410
9.75216944
10.59840716
-5.04253681
-4.80449559
-3.17010131
-3.95656504
-10.63813178
-10.28772571
-13.52069872
-12.49749019
0.66646842
-0.43939582
-1.80259836
-1.80335445
-6.07118576
-2.64075461
-5.96542614
-4.84146119
-16.47855696
-14.55834681
-15.09161509
-14.83233955
-0.15426561
-0.11365084
-0.53738124
1.90592376
-4.15483349
-2.34050058
-4.94877502
-3.21935305
-10.89679082
-9.25685539
-11.89813286
-11.33757344
0.31730362
-3.21882218
-1.21145022
-3.17509853
3.64488355
1.30352374
3.02439203
2.09773134
-14.02921881
-12.31471575
-14.93216419
-13.56346797
-0.86681180
-0.64145887
-2.46326267
1.11027304
-0.89280776
1.34096904
1.14137589
-0.00335387
-1.23230522
-1.82915796
-0.67443485
-2.75465559
16.36015959
15.70937595
16.76310050
14.67849182
-5.37013681
-2.96649380
-3.36293460
-1.48811228
0.64501309
-1.17160676
-0.77706613
-0.20434951
11.66957072
11.79404892
12.69446014
11.26655026
-9.07460403
7.59998850
-11.36516107
4.72025199
-8.91904970
6.87025767
-9.66050909
4.98929445
-16.59857522
-14.21583679
-14.86275387
-15.56300591
-17.88960322
-15.03618976
-15.65441724
-18.09541951
15.58695057
16.58905936
13.25487436
17.56663214
14.21601248
15.43333230
14.83304028
17.22427944
6.28111777
5.01440946
4.83628875
5.35111657
5.09461387
4.31620878
5.33527396
6.21235951
12.42424314
10.89347365
13.84840779
10.13318968
13.34231213
12.61114117
14.31465702
9.18442539
-8.77752932
-7.81984978
-8.14001310
-7.86849045
-10.67416543
-7.00220316
-9.63743413
-8.83041806
9.59323273
10.52132204
12.04844300
10.87715271
9.77275933
11.31015799
12.50154829
10.52405135
7.23903354
4.79957846
7.13193194
4.53772609
8.95360313
5.59556739
7.13481370
5.57396516
2.89884555
-11.50047211
6.08966062
-5.73379572
2.92816331
-9.24492936
3.95350015
-6.88356739
2.47472166
-10.69653331
3.85495503
-4.79273791
3.44466285
-8.80540685
5.00550390
-7.31313653
2.09304768
-0.15115515
3.32422163
-0.99996823
1.54571459
1.32416109
3.38656067
-1.58620268
-12.52366568
-10.50959148
-11.80260082
-10.18454604
-12.58532168
-8.76914469
-12.28297207
-9.94558364
