-2.26106406
-4.01366532
9.02960032
2.22867925
-9.93060273
8.36612295
0.24250758
6.35875783
7.07843509
4.84718136
2.24678946
-2.23194566
5.88197023
1.88488975
4.43335816
-5.91631716
-2.95621844
-1.63181032
4.43720468
-1.13602729
0.17671315
-6.25189533
-5.78618788
-0.19118315
-0.36804186
1.03619516
-4.46469787
8.16780752
3.78433686
-0.94923103
-3.17244118
1.44662317
1.96398976
10.77338291
-8.07601614
5.19403466
-3.87607344
0.04507660
-9.05228330
-6.21664283
0.28687852
-3.03436643
-0.65168645
4.03927015
-6.80756831
5.22506554
7.76414258
4.16305487
1.75814421
-3.57025731
-4.66999396
-0.10806820
-3.74048526
-0.52153156
-2.25636397
-5.86221102
9.61485399
-7.41326319
-2.54180358
4.69832810
-4.53171870
4.56382708
-6.96072602
2.05068465
-0.89008437
0.45040337
1.65820495
-7.06902676
2.30592100
7.87963268
-0.15369526
-4.74051963
-10.11110561
1.05558428
7.25243124
-8.21168128
7.38452349
-1.44864853
-8.74878990
-5.26608138
-1.63534794
-2.69583873
4.99550059
7.98843582
2.69206314
-3.54664680
6.32900456
1.68726536
3.77468003
-7.54047433
0.65462433
0.82052710
-7.89001035
4.86499868
-2.43197554
3.58943266
9.08359277
3.98244912
-9.92368191
-4.98385589
-8.79661208
9.08814679
2.59138576
5.90794113
-4.23980687
5.92444579
2.68263909
3.40466271
-2.92351962
0.15618040
-5.46568205
4.37412693
-6.80021281
-4.20640244
6.66152618
-9.25148982
5.50382517
1.28221602
4.88105909
-4.95683270
8.69053480
6.60332107
-0.66802464
7.26137158
-7.91009590
5.63368539
0.96117030
-1.99800176
10.04000126
-5.88317331
2.57801524
6.27879492
-5.21676815
-3.65412381
2.41842116
0.00537082
-7.22845270
2.68771618
-6.44114086
8.95500069
-2.40164012
7.44806991
1.11391545
7.69731919
-2.22252996
-9.61302948
-8.77205780
-1.58442462
6.22463148
5.67101961
2.90126172
-4.02093530
-2.32204402
0.96773856
1.17614066
-7.96857433
-0.81158718
-3.89099146
6.90583684
5.06763329
-6.07493781
-6.43829047
3.02265753
-3.29726027
-2.82204627
-0.54850488
-4.84200268
3.55243167
9.08084523
-2.69694160
0.30997906
-3.47383107
1.55245337
-8.64821038
4.12888474
-2.68053418
3.19358105
4.81660494
-7.13074798
6.02617849
-2.10925937
-5.13651533
-1.13624186
-1.76761782
-8.80517527
0.54593145
-1.63709223
-5.96069071
-1.10747506
0.69349028
-7.68924827
0.54543194
0.03338308
-0.56558983
8.85562907
-1.80377892
-1.02357497
7.26703689
-6.60553574
2.60787727
-8.74607418
-9.97830482
8.01637197
9.69216339
3.77642154
3.49784228
8.55134797
6.15818435
-4.21487324
-5.23514390
6.87033932
6.56875835
3.72012894
2.73566325
2.03325200
-5.22616376
2.47791094
-4.11268762
1.67894580
-1.29334812
-7.16526914
-6.25752660
5.43498432
3.33375919
-5.47673013
-6.09162803
-3.41405239
-3.10277806
5.00837411
7.57928818
-8.28933810
-9.12589496
5.10177549
4.55503093
3.15902854
0.98400085
3.17978590
4.14408800
-3.33230001
-4.83042999
7.87855684
8.58429564
5.61753404
6.14486990
-1.42173296
-1.64555783
7.07493482
6.24627853
-7.75238114
-7.36886748
7.20756245
5.14941058
0.25561132
-0.91611041
1.92229317
-2.97419476
10.05247584
9.63818116
-6.88338122
-4.86733361
1.62294146
3.39980734
7.04661783
6.09840977
-3.95156576
-4.43174552
-5.21461056
-3.83998395
3.01386293
2.30867827
1.40623094
-0.02844361
-7.18390839
-7.78631466
1.05892192
-4.98110861
2.86474966
-5.49302018
10.11873815
8.17864950
-1.53755367
-1.79245619
