-4.24454523
-6.26113936
16.59030151
2.61207534
-17.37643879
13.70843959
0.68406222
11.24285735
11.94642070
8.22264010
4.29103074
-4.42112834
8.71217994
3.38253810
6.60816031
-11.18176497
-7.40681440
-3.87717922
8.47162814
-1.63551721
-0.40473133
-11.76919066
-8.17231151
-0.09100696
0.19712130
2.31644163
-7.32188923
14.74417825
5.63363074
-1.94627783
-5.00784097
2.39550944
4.60178909
18.69552847
-15.11530329
8.85294808
-8.05746708
0.48256612
-17.72107942
-10.10550833
-1.05052911
-5.58583564
-1.46570565
5.57644234
-11.79209642
9.48163602
13.07650458
7.68264843
3.22244560
-5.23912213
-8.07125049
-0.96785313
-5.99238122
-0.64514146
-4.38723745
-11.77570926
16.99442560
-13.98223445
-3.20294598
8.57002940
-8.03879918
7.40447306
-11.01281834
3.66826641
-1.17446313
1.08105049
3.04641112
-12.88675787
4.05273153
14.40097433
-0.12145338
-8.36830225
-17.56814829
0.60307940
10.83558870
-15.31403778
11.82847858
-3.32951676
-14.46761707
-9.08107493
-3.18959078
-4.22053871
9.68904266
14.35454649
5.45949430
-5.27578255
10.28313842
2.92665654
7.78467675
-11.55442628
2.94168954
-0.76995568
-13.28846186
7.34675218
-5.10380568
6.96634348
15.54920039
6.59664209
-17.81238835
-7.89313012
-15.14787746
16.45975012
6.01142417
10.84247095
-7.03371523
9.78362609
3.92165373
5.31624227
-6.15590833
0.55874927
-9.71183078
8.78121519
-12.14622933
-6.57940968
10.97423637
-15.97788947
9.66361590
1.70247430
9.69897889
-9.75095895
15.33180364
11.72772683
0.28129045
12.44872443
-14.78720201
10.54808725
1.05312062
-2.32375870
16.75550830
-12.14624737
2.92831565
11.96834660
-9.25010721
-5.45288486
2.67610823
-0.42962911
-14.01675112
4.60452216
-9.84496902
16.14081261
-4.50786330
12.42338908
2.48245200
14.15796781
-1.49169720
-17.69355957
-15.29510859
-4.10099187
12.11100832
9.18846652
4.53375087
-4.98190526
-3.28749805
2.42931790
2.21487262
-14.44065628
-1.85557093
-7.25657950
13.69352688
10.15006627
-9.62831501
-11.30289708
5.35646382
-5.06288179
-4.47370476
-1.08166930
-8.18028953
6.86363904
15.60293369
-4.93041288
0.81600226
-5.29550817
2.20258785
-16.26313174
7.61395727
-2.91056370
5.61941626
7.78488470
-12.20418850
9.79930185
-3.85960310
-9.69176921
-1.24314902
-2.95466087
-14.03527523
0.76912513
-2.84824539
-10.20080644
-3.36447553
0.59631733
-13.41432439
0.06768919
0.30606241
-1.70341020
16.61304464
-3.92402332
-2.18199587
12.65619438
-10.93372806
4.14010763
-14.29009118
-16.78745986
14.38665209
16.54095218
4.60244879
6.18276128
15.04445286
11.13876562
-7.62463870
-8.96658972
13.09894956
12.16066873
7.95687277
3.85552920
3.48423163
-8.30156986
4.31604950
-6.39068174
3.83792899
-0.71381712
-12.19120464
-11.06308261
9.23585220
6.19858811
-10.00994666
-10.55739410
-5.18771941
-5.77245637
7.74001867
12.38092360
-14.35329941
-15.13165012
8.68613430
7.77716970
5.40166470
1.27349162
5.58522168
6.60475580
-6.56786756
-8.93994371
14.36743347
14.35968942
9.59916172
10.46624253
-1.25527793
-2.49514320
13.44619539
9.88720959
-13.19459660
-11.75235511
12.44814271
9.19244262
0.12818715
-2.25101726
2.17098437
-6.37488242
17.43025920
16.84349276
-13.43483367
-11.10571990
2.07147411
6.02898976
13.15917482
10.46229280
-6.61243830
-6.77584795
-9.36239564
-7.56061564
5.58489012
4.30932464
2.17662865
-2.11870519
-12.27301242
-14.56213374
1.46861458
-8.24642301
5.79239840
-10.36013882
17.45733122
13.64651422
-2.93673267
-2.20055642
14.44896498
13.71724193
-0.12103542
0.04504496
17.93207889
15.12974688
-1.04766026
-5.20223549
-14.13954451
-16.46644950
-16.96328307
-17.55925949
-2.45003370
-5.41471907
11.09577815
11.65045712
7.73959757
9.41891846
7.82871265
5.43653529
-6.41975097
-7.22876794
-7.00669896
-3.74090921
1.84571962
1.03268862
1.40050154
2.40674095
-11.66132403
-12.46569519
0.31332173
-0.03512465
-6.20289783
-8.12845992
9.08624252
10.61049018
8.45115674
8.19061664
-8.42021403
-9.06367967
-12.09766794
-9.70477064
4.29778483
6.33417818
-6.92209278
-3.28729330
-2.68649859
0.91504511
-4.99466895
0.86054990
-5.90299772
-7.09217172
8.39680003
4.74669204
14.43981225
16.56159476
-2.12208048
-4.38690646
3.13835805
1.69729853
-6.21999182
-6.02699846
2.85959760
2.66742248
-17.88642301
-14.28516348
9.64968349
7.69520335
-3.64562802
-4.01326252
5.29274534
5.95627181
4.67076503
7.72687972
-10.25902708
-11.19770730
10.89239552
10.71875653
-4.25688440
-3.06625191
-13.33382011
-11.64581814
-0.83684294
-2.32918935
-6.55976266
-4.58886597
-15.95198780
-16.09799248
-1.28387856
1.71396929
-5.05714385
-3.92811318
-13.07304343
-10.52284990
-2.40208328
-4.06824748
3.95638123
2.30674395
-16.13237896
-14.97799677
-1.96256219
1.89494767
0.41041903
-0.47826574
-0.48341307
-1.92199882
16.20677620
13.86798284
-3.87192786
-2.46807884
-1.44597178
-0.75940842
12.43932714
12.02301760
-9.03375535
6.03217358
-10.68649393
5.24643646
-17.16480327
-15.95445063
-16.83226764
-17.44885931
15.48124449
16.21632847
15.60275520
18.36122605
5.86836186
4.15899537
5.66811271
6.94455315
13.46125210
11.97337162
13.61240084
10.10525129
-10.14252313
-7.14453279
-9.32132299
-8.51965814
9.18069508
11.52565799
12.41723188
11.46182408
8.10885575
6.51562504
6.40824185
4.74363170
3.44275978
-10.08117574
4.86059057
-3.85553471
4.37234385
-8.06803536
5.95041002
-7.59812219
1.89556189
1.34415423
4.03355232
-2.57326415
-13.18823882
-7.72192070
-12.99367073
-10.84500957
8.16375279
7.07469320
9.88371503
3.82706414
-9.66906373
-13.09857378
-11.49298928
-12.13063377
-4.22178559
-8.39707017
-5.56545826
-4.57823987
6.59094513
11.76338975
9.13113468
13.16880053
-14.04996308
-15.60919659
-14.76094475
-15.22047642
9.90352110
9.12849292
7.87824368
6.35389087
2.54172125
2.86965106
5.15696214
1.68292743
7.00488868
8.46165666
6.28144041
7.66508445
-7.59309722
-11.05193897
-7.86619395
-9.15124171
13.16895140
15.46987324
13.16035591
14.36558854
10.94459330
11.10191336
10.33831695
11.77650998
-3.69433738
-0.65856004
-2.43394137
-1.96081651
15.08029170
11.11145827
12.95836075
11.06838226
-12.55584686
-15.68016667
-13.89485674
-13.07060918
9.75963110
9.77756817
13.18818556
8.35818867
1.12349668
-3.17998897
2.25873020
-3.48685998
-0.87974277
-1.12660236
3.30861574
-5.43856565
18.89324646
17.83688341
18.54968063
15.56324916
-11.65216385
-10.77338907
-12.70851528
-9.84405096
3.84136581
4.66382192
3.61545222
5.92229592
14.24044722
10.87136768
12.05512711
11.83790764
-7.07933674
-9.27211853
-7.69911788
-7.91270722
-8.87126019
-6.69125065
-10.06410243
-6.21066139
4.45355620
3.54934558
5.09555291
2.95246058
0.52568456
-1.77434662
1.67814561
-1.23093108
-14.36621823
-12.84284829
-13.50319282
-15.93796692
3.46300617
-8.46559381
3.69242858
-11.22631901
2.32471957
-7.23570251
5.71835109
-9.52742460
15.72856221
14.98060919
18.33837079
12.97760857
-1.65921211
-3.41830147
-2.88957012
-2.15407764
13.07710398
13.73002663
15.09930712
13.14144111
-1.47088455
1.10807457
0.36224035
0.85858261
17.56514961
12.99959685
16.74708669
16.38739046
-2.14651735
-3.19420626
-2.08506587
-3.70649543
-16.31617886
-17.64894120
-14.12960299
-16.40245792
-18.75091804
-14.18181575
-16.36472092
-16.39255492
0.41538108
-3.86047007
-2.85982854
-5.69623476
8.46769165
10.83711450
10.32879784
12.38900679
7.16232042
6.73680609
10.29200473
4.41883064
6.46696400
7.92501778
7.91936362
6.52958463
-7.69043414
-5.85959125
-6.38950887
-8.48805671
-6.13662230
-4.08421302
-4.54578422
-4.93370662
0.23723997
1.54350966
1.49180787
-0.12039642
2.81964521
1.00614461
1.77904375
3.33472005
-12.94829987
-13.66973998
-11.92040569
-12.77656841
0.16362045
-0.81419283
0.54893738
-0.99524754
-5.02535209
-8.46141690
-7.39461824
-6.54284712
6.70079864
14.41263511
8.39139461
11.75786238
6.88585348
9.59397120
6.57500552
8.96395481
-8.43794299
-10.70894142
-8.74499083
-10.01086199
-13.29924012
-10.43009062
-10.97874528
-10.11603946
3.29653558
4.15383600
4.31325628
6.45254279
-7.02613296
-5.87746139
-7.90086341
-4.04833428
-3.28266394
1.96672212
-5.61590863
-0.10062159
-2.90088846
0.84153968
-5.29091772
-0.18490144
-6.22330751
-9.34725753
-6.59565179
-7.34404237
5.70588984
7.47005385
7.26925685
6.27190790
14.84106734
15.44588627
14.29066926
15.52526973
-3.79017933
-5.55663778
-2.64082697
-5.14033745
1.97917260
0.72477916
2.57306067
1.44509074
-4.33330619
-6.04781628
-6.19443630
-7.10209288
2.03474431
1.07787141
2.80974380
3.71157594
-16.90015884
-16.00302268
-17.12675585
-14.99845329
8.66830969
7.42661745
10.47823596
8.58282296
-4.22409674
-1.59870866
-4.69131766
-3.87121941
3.58046593
4.57759965
4.85260758
5.36956776
6.89372121
6.89844309
4.66503099
8.82208844
-11.29110428
-13.14640202
-10.18134899
-12.20279828
8.38960894
8.89516203
9.90085288
10.83215091
-5.14060195
-4.93815434
-3.27420922
-3.78550564
-10.78965846
-10.48102519
-13.73435230
-12.68845453
0.65914413
-0.46416354
-1.78845143
-1.86910360
-6.23274250
-2.71322037
-6.10577600
-4.92920642
-16.79594397
-14.79888391
-15.34191014
-15.05050072
-0.17481223
-0.14798432
-0.55448098
1.96732784
-4.19153229
-2.38110487
-4.92738126
-3.26800313
-11.20546822
-9.45030881
-12.06335343
-11.49923385
0.34459089
-3.21440931
-1.35515405
-3.13766854
3.58576667
1.47065895
3.19269045
2.20210929
-14.07161925
-12.61050669
-15.08137673
-13.85634085
-0.88634380
-0.67696717
-2.53835061
1.06240994
-0.93720036
1.31348221
1.21065836
-0.01508830
-1.15000727
-1.91879193
-0.59414749
-2.76827125
16.58752543
15.93919337
16.92484134
14.89027524
-5.43946018
-3.00630190
-3.38092733
-1.43203217
0.65074119
-1.17522976
-0.79101132
-0.18189417
11.84654668
12.03829075
12.88589978
11.43096079
-9.21497965
7.62631653
-11.64742624
4.78228421
-9.12536542
7.04015484
-9.87110101
5.04962783
-16.79757222
-14.33941206
-15.05700282
-15.80436241
-18.18025698
-15.42436819
-15.80178921
-18.31709568
15.74667019
16.74880496
13.37637434
17.75192674
14.45820025
15.54241174
14.90070188
17.47833565
6.44918292
4.97170416
4.75523672
5.48876834
5.21044453
4.43455737
5.58387135
6.40254457
12.63378328
11.11876575
14.09023786
10.43568899
13.60555780
12.75749045
14.48515351
9.42999172
-8.93619723
-7.95552341
-8.34146869
-8.03197376
-10.85377517
-7.18616770
-9.81263391
-8.95563880
9.71163391
10.68075292
12.24993082
11.15042345
9.88174564
11.46860458
12.63967708
10.66198278
7.35831350
4.77264307
7.22383959
4.68806244
9.04320145
5.70973585
7.38595823
5.73202813
2.94381283
-11.46017967
6.26111190
-5.53685581
3.00763520
-9.31966922
3.94897274
-7.18790971
2.53167920
-10.71654463
3.88776344
-4.60285486
3.46210473
-9.00843518
4.99858553
-7.15935315
2.19440045
-0.18912921
3.47455119
-0.80148391
1.78432693
1.33527319
3.39225781
-1.54780776
-12.52906540
-10.72811544
-12.06864070
-10.36226560
-12.90640983
-8.74334046
-12.37480025
-10.11666101
7.28515785
8.18413787
8.27834316
5.48358221
9.17045546
7.74584254
9.19547040
4.78647747
-7.92279282
-12.82753256
-10.54638261
-11.52504122
-9.10898589
-13.63297645
-10.69135375
-11.20159767
-5.02186841
-7.11792860
-6.17081812
-5.36276213
-4.75863548
-8.04771565
-6.11085638
-4.51203768
