-4.25986947
-6.17834893
16.34424610
2.56696546
-17.12977941
13.55396778
0.66512359
11.10333794
11.83059500
8.07025588
4.26710391
-4.36253535
8.66832401
3.31913643
6.60447973
-11.04019663
-7.23882808
-3.80505570
8.38893171
-1.60042458
-0.38003260
-11.61419104
-8.11211326
-0.14520743
0.16360456
2.24000514
-7.21539980
14.61844722
5.62812348
-2.08585238
-4.97743744
2.45629715
4.64375838
18.58264758
-14.96946720
8.73761426
-7.91626375
0.40427646
-17.45287679
-9.93818929
-0.99402203
-5.43176228
-1.46995402
5.52243799
-11.65506475
9.33471629
12.87829149
7.52226452
3.13619829
-5.15897393
-7.98982907
-0.92470325
-5.65056755
-0.54421018
-4.31714932
-11.64910139
16.82304415
-13.77326946
-3.10062190
8.57451386
-7.83267536
7.23212006
-10.85636051
3.62556474
-1.14740488
1.05302165
3.04731828
-12.71039192
4.02911205
14.23662261
-0.16119526
-8.04038602
-17.34205139
0.64232956
10.71884229
-15.17185148
11.69725181
-3.22755105
-14.20803227
-8.95682675
-3.37048828
-4.43216978
9.50722566
14.14401013
5.58459483
-5.20045744
10.12703147
2.88325089
7.67702737
-11.49606783
2.91546086
-0.83035747
-12.91049375
7.27315244
-5.04796289
6.87896937
15.37204130
6.52260623
-17.63419515
-7.75056689
-15.02480729
16.25887365
5.92365857
10.77207189
-6.93011083
9.66337512
3.87282230
5.16153309
-5.76775175
0.60950978
-9.63319706
8.47295303
-12.24859854
-6.79704042
10.83899081
-15.80128477
9.57912720
1.68362341
9.55647191
-9.61691660
15.08447082
11.61286409
0.30582454
12.30002882
-14.58010932
10.43277573
1.02492940
-2.24509167
16.51437703
-11.97034812
2.91439579
11.80812789
-8.99191950
-5.31794115
2.52964598
-0.43495334
-13.86904556
4.54278294
-9.74501842
15.93356193
-4.51588731
12.25325275
2.48878460
13.91243099
-1.55800551
-17.44622512
-15.08837258
-4.00761561
11.96552873
9.13398654
4.45906403
-4.96241153
-3.25188427
2.37711181
2.14311282
-14.20071698
-1.97464267
-7.16667754
13.52789762
10.03729933
-9.51560984
-11.13516851
5.24774098
-4.96957812
-4.41883137
-1.19184182
-8.09159800
6.85450035
15.42764478
-4.84687606
0.82692503
-5.24152229
2.15623298
-16.04591567
7.55544296
-2.84312522
5.62684697
7.65631541
-12.06699397
9.67997057
-3.98628105
-9.57844891
-1.24441726
-3.13020001
-13.84410760
0.78167137
-2.78567088
-9.98748928
-3.33507391
0.47609360
-13.19797287
0.11372188
0.36319877
-1.65803500
16.36239677
-3.85623826
-2.17838540
12.51093984
-10.68014639
4.08098828
-14.16063317
-16.58894741
14.23417789
16.44669462
4.40909285
6.06429549
14.83913470
10.94749186
-7.46057213
-8.82097321
12.90948818
11.93527213
7.96327376
3.74416528
3.39068324
-8.31844401
4.20938470
-6.37347359
3.72552723
-0.66310478
-11.92892701
-10.87218639
9.11234895
6.00266991
-10.10508146
-10.72161026
-5.70221354
-5.68431772
7.72977427
12.23921763
-13.98580538
-14.91992643
8.59558165
7.73633794
5.28058459
1.19021254
5.54716273
6.49638056
-6.49112023
-8.84014626
14.19936442
14.16690092
9.47715910
10.34814318
-1.23306593
-2.47415453
13.27036469
9.79690451
-13.08308365
-11.58686190
12.30062705
9.08955372
0.05334527
-2.27127713
2.13646446
-6.26803130
17.33235242
16.65322660
-13.24610651
-10.93719041
2.04383977
5.96314818
12.98001486
10.30551344
-6.50268867
-6.80496114
-9.33578773
-7.40954999
5.58386504
4.25264241
2.16235624
-2.12178326
-12.14733806
-14.37022034
1.49011044
-8.11578316
5.70982259
-10.21725002
17.22758826
13.47856292
-2.87393071
-2.29082452
14.20264129
13.52742209
-0.06755375
0.03228545
17.65590968
14.83503997
-1.06372561
-5.07183199
-13.96913141
-16.25873096
-16.75180381
-17.35796863
-2.41278813
-5.29699999
10.92364053
11.48220475
7.65910736
9.21126806
7.77652376
5.35259478
-6.34971815
-7.17209581
-6.88306283
-3.65311982
1.82096210
0.97546013
1.35872156
2.33945551
-11.49138231
-12.29539825
0.29698237
-0.09712465
-6.13188231
-8.00905395
8.97528269
10.57289563
8.29895565
8.34692325
-8.33596278
-8.89075767
-11.94990244
-9.57205824
4.20282109
6.18638102
-6.79010203
-3.34627010
-2.70023778
0.84150898
-4.93263939
0.77525160
-5.90726371
-7.06827617
8.32318848
4.68820460
14.27452536
16.36279823
-2.06888158
-4.28494461
3.09236119
1.66016354
-6.12551677
-5.99058074
2.90378365
2.69303116
-17.70518621
-14.08472445
9.52730884
7.59417621
-3.60155068
-3.99397876
5.24508811
5.93636965
4.66638889
7.66211758
-10.14271215
-11.05258542
10.72789744
10.61871171
-4.17077409
-3.04907860
-13.16208594
-11.53127345
-0.86104936
-2.30611934
-6.41293770
-4.37281443
-15.74427347
-15.89319648
-1.27456588
1.71009081
-5.04684846
-3.77804248
-12.91788394
-10.29601960
-2.22779161
-4.06573647
3.80343826
2.19391509
-15.94268180
-14.79660743
-1.90733461
1.79581382
0.33873434
-0.45614141
-0.53082095
-1.90989493
16.00019974
13.70313056
-3.85654931
-2.50841738
-1.40874900
-0.73558073
12.29346370
11.87560346
-8.83950698
5.96736075
-10.60678377
5.19953616
-16.94271044
-15.74941884
-16.68475279
-17.29447062
15.28268863
15.98326732
15.36156608
18.15219748
5.81390060
4.09516404
5.59447483
6.84933895
13.35055212
11.72585678
13.45412667
9.96622122
-10.01213693
-7.00580992
-9.14435026
-8.34045963
9.05418189
11.39651885
12.29184160
11.23522545
8.10921445
6.48362806
6.36989093
4.77529404
3.45660799
-10.10729033
4.84829031
-3.93004842
4.30038470
-7.83613257
5.89297587
-7.63807393
1.89287113
1.42318968
3.97743425
-2.56832698
-13.26503907
-7.79261745
-12.87674258
-10.74710389
8.10083270
6.81485546
9.74505309
3.70947240
-9.44248718
-13.20356006
-10.84487667
-11.51544679
-4.56217931
-7.96241531
-5.52994258
-4.43556683
6.56855089
11.63631809
9.04812858
13.03825092
-13.86641626
-15.41320989
-14.59774643
-15.01220362
9.81220447
9.04490165
7.76243751
6.29542633
2.59684486
2.82275671
4.99877593
1.62139050
6.96159827
8.29142629
6.12502574
7.51639164
-7.50877729
-10.90397320
-7.75195191
-9.03419805
13.00627190
15.24013929
12.98512701
14.18771420
10.80784578
10.91748063
10.27785609
11.57908598
-3.72711171
-0.59490269
-2.44509544
-1.89467198
14.87960862
11.02869802
12.78018393
10.92839224
-12.42146363
-15.43444912
-13.76526421
-12.90543233
9.64693999
9.64345128
13.05021128
8.25367615
1.04973595
-3.32375873
2.22404853
-3.37884034
-0.88797618
-1.14998750
3.24522991
-5.36169874
18.62416628
17.58061441
18.33214650
15.38139703
-11.51766849
-10.60756824
-12.56929315
-9.68695489
3.78587152
4.60728497
3.56984692
5.87121461
14.01821287
10.71248296
11.88593620
11.66251546
-6.90636224
-9.17351408
-7.59097092
-7.71570132
-8.74832184
-6.63426999
-9.86719018
-6.10555521
4.42799920
3.52515556
5.06085319
2.98302417
0.51223828
-1.67009811
1.62663343
-1.18088670
-14.23082207
-12.70302608
-13.39209310
-15.71944289
3.43536668
-8.33567477
3.68418759
-11.11707733
2.34981437
-7.08792728
5.67386298
-9.37103854
15.56858151
14.79163340
18.14576699
12.76512640
-1.80828298
-3.29825534
-2.83158670
-2.17231698
12.93035269
13.52426775
14.88914971
12.93135244
-1.41111697
1.12322927
0.41797546
0.92045480
17.31411582
12.77662220
16.48459077
16.13421439
-2.15577750
-3.02955368
-2.03106831
-3.69307710
-16.16509397
-17.42982011
-14.00513086
-16.17474136
-18.50673720
-13.98492969
-16.23059523
-16.18654532
0.36890698
-3.80887118
-2.82584612
-5.60921642
8.33908475
10.69638149
10.20005686
12.19234137
7.09370649
6.64334338
10.21024817
4.34257866
6.38556636
7.85649563
7.89780728
6.47891746
-7.73112011
-5.81763586
-6.37947536
-8.57108202
-5.99987234
-4.05895901
-4.48808920
-4.84791123
0.22745723
1.46277298
1.45788869
-0.13123283
2.83007110
0.94358081
1.71263773
3.25086092
-12.77862781
-13.46966233
-11.77275082
-12.59816553
0.11762769
-0.85422069
0.48513900
-1.06947496
-4.94341138
-8.35038688
-7.30400318
-6.44771234
6.71453614
14.28991478
8.23159649
11.63843401
6.80093181
9.42155060
6.66719176
8.92941867
-8.25596346
-10.56061961
-8.64512176
-9.86482929
-13.09860414
-10.30537515
-10.83441124
-9.99199817
3.23677274
4.03173291
4.24335570
6.34140489
-6.88179020
-5.84147292
-7.82365119
-4.00205267
-3.26490517
1.89686729
-5.52766206
-0.18654471
-2.88680538
0.85848806
-5.21202915
-0.22020134
-6.13634987
-9.24606758
-6.74428023
-7.28172105
5.65396999
7.32959433
7.18890413
6.20892079
14.66561582
15.24320261
14.10674911
15.34500491
-3.69116049
-5.54071850
-2.55242407
-4.87664034
1.96890008
0.73424895
2.53948643
1.43963597
-4.22754623
-5.94500924
-6.10487740
-6.95667168
2.01771536
1.08639830
2.84932504
3.73058351
-16.68519646
-15.81730460
-16.91351849
-14.81330707
8.59443737
7.26874804
10.26453975
8.47994907
-4.17192550
-1.57655391
-4.62206417
-3.77315242
3.44342018
4.63365944
4.81062477
5.37630673
6.82690818
6.75296291
4.72826395
8.69680862
-11.14457711
-13.02315341
-10.06470142
-12.03874094
8.25030660
8.73489476
9.76085331
10.65995319
-5.07065395
-4.80686159
-3.19008380
-3.96853587
-10.66197919
-10.31667738
-13.55867319
-12.53073916
0.66891682
-0.43895228
-1.79118365
-1.81486837
-6.09273745
-2.65842522
-5.98825864
-4.85649644
-16.53340676
-14.60206125
-15.12356066
-14.87059854
-0.15931227
-0.11588765
-0.53006632
1.91428644
-4.18048323
-2.35018680
-4.95553560
-3.22603573
-10.95183413
-9.26789662
-11.89957665
-11.34849288
0.33834573
-3.21060030
-1.24328579
-3.17626708
3.63548865
1.32209195
3.04809661
2.11698638
-14.04865466
-12.34969565
-14.97455001
-13.62204898
-0.87021110
-0.64328743
-2.46748432
1.10447515
-0.89819355
1.33198567
1.15011123
-0.00544402
-1.21952146
-1.83551225
-0.67312446
-2.76217579
16.39279132
15.74570050
16.78725973
14.71181710
-5.38300889
-2.97412345
-3.36595812
-1.48166765
0.64710804
-1.17541983
-0.77777010
-0.19349056
11.70049750
11.83330003
12.72862386
11.29883476
-9.10888390
7.61099653
-11.42951441
4.72549958
-8.94792805
6.91084376
-9.69147015
4.99476577
-16.62975697
-14.22523098
-14.90275122
-15.62931942
-17.93562634
-15.09105058
-15.70131000
-18.12445272
15.61446869
16.61817102
13.25688825
17.60168634
14.25180412
15.42743618
14.83927408
17.26277500
6.30979008
4.93470738
4.81015173
5.32325233
5.15302502
4.30122079
5.36580031
6.21681712
12.46041934
10.92888802
13.88181658
10.15940666
13.38390970
12.63890013
14.33146024
9.20821731
-8.80441238
-7.83865194
-8.17178069
-7.88842679
-10.70318634
-7.03069263
-9.66538288
-8.84899711
9.61830163
10.55633754
12.07440093
10.92183941
9.79821934
11.35110102
12.52769103
10.53941791
7.25618600
4.77194681
7.16459966
4.55826007
8.97457240
5.60949235
7.16046989
5.59136272
2.90482628
-11.50126146
6.11828239
-5.70971891
2.94146753
-9.26086544
3.94686440
-6.90755499
2.48553729
-10.73731924
3.85862172
-4.76924876
3.44569336
-8.81911322
4.99487486
-7.33843694
2.15166284
-0.21887236
3.37769574
-0.95131367
1.62594065
1.30608501
3.38178638
-1.55635342
-12.38364315
-10.54290332
-11.89021959
-10.24922911
-12.63649654
-8.76715551
-12.28280671
-9.98668265
7.36302424
7.92559471
8.35596049
5.38100618
9.06157642
7.56291810
9.16553189
4.64011192
