-4.25642013
-6.23562098
16.48836039
2.59562400
-17.27105145
13.64605927
0.68144981
11.18527638
11.90128344
8.16285161
4.27916039
-4.39339302
8.69529164
3.35391827
6.59980062
-11.12007244
-7.34335908
-3.86428546
8.43654424
-1.64440820
-0.39173976
-11.70663931
-8.11520332
-0.09777038
0.19333977
2.29699826
-7.27900307
14.69154352
5.64876994
-1.99302960
-4.99580675
2.42275294
4.62248400
18.65735752
-15.05530453
8.80640643
-8.00864098
0.45355502
-17.61541475
-10.02631706
-0.97746934
-5.52322706
-1.45841428
5.56636176
-11.74126525
9.41568765
12.99628058
7.62126535
3.19015367
-5.20442405
-7.96553692
-0.95637434
-5.69402998
-0.58523093
-4.35060679
-11.71152099
16.93291241
-13.90255929
-3.16557224
8.57404221
-7.94029945
7.33877056
-10.94440216
3.65123939
-1.16637246
1.05063145
3.02645447
-12.81948380
4.01336207
14.34112904
-0.13814655
-8.26623995
-17.47478908
0.60829604
10.79172802
-15.24607950
11.78355991
-3.29928629
-14.37114147
-9.03551542
-3.31267606
-4.58330686
9.60998467
14.27972430
5.50202889
-5.26818959
10.25265836
2.90445357
7.78477717
-11.51407530
2.92544303
-0.78848598
-13.15188151
7.30079762
-5.08754329
6.93231827
15.47679951
6.56165629
-17.74267114
-7.84845137
-15.10132156
16.37931971
5.93811895
10.82374323
-6.98666654
9.72522781
3.90143734
5.25477982
-5.95737521
0.53512198
-9.64989964
8.70129390
-11.89569820
-6.81474193
10.92288277
-15.90187075
9.61796591
1.69265068
9.63949613
-9.69836974
15.23583827
11.69218084
0.28965395
12.39300189
-14.70037020
10.49735230
1.03373274
-2.29876402
16.66122228
-12.06790388
2.92108182
11.90202066
-9.12418388
-5.37259618
2.66155948
-0.45431406
-13.96249758
4.57367787
-9.81932517
16.05551852
-4.56062858
12.36640727
2.47911598
14.05857540
-1.52582745
-17.59862731
-15.20858347
-4.06341494
12.04107578
9.15565044
4.50636556
-4.98008352
-3.27695551
2.39918236
2.18443794
-14.34697581
-1.97697990
-7.22191624
13.63151415
10.12263814
-9.58227554
-11.22343010
5.31952135
-5.01518890
-4.46025898
-1.16370545
-8.13596651
6.83813789
15.53296345
-4.89897559
0.81892736
-5.28806902
2.17637628
-16.16995091
7.58772709
-2.87940707
5.62515579
7.72966806
-12.14522584
9.75390950
-3.99526403
-9.64549438
-1.23635114
-3.03009246
-13.95335064
0.77460162
-2.83790282
-10.09861520
-3.37045819
0.55085592
-13.32699392
0.09020103
0.31939572
-1.68491276
16.50582422
-3.89544912
-2.18180859
12.61469885
-10.82028560
4.11395395
-14.24365830
-16.72272015
14.32376046
16.49304840
4.53234800
6.13864481
14.96472277
11.06807503
-7.56204678
-8.90020053
13.02786963
12.06500474
7.97331704
3.82803701
3.44344364
-8.33854695
4.26811734
-6.35577804
3.78987176
-0.70722655
-12.07976545
-11.00890016
9.20807205
6.16497038
-9.84993616
-10.43302204
-5.67107245
-5.68977346
7.74533101
12.32808663
-14.19645027
-15.01221478
8.65472280
7.75158776
5.35226840
1.25314605
5.55987828
6.55880951
-6.53296010
-8.90042252
14.29975579
14.28047082
9.57279496
10.44419732
-1.24355723
-2.48729679
13.37194105
9.86115812
-13.14258799
-11.68099576
12.39223638
9.15534419
0.10442427
-2.34710397
2.15056327
-6.34235536
17.38690772
16.76808277
-13.35782671
-11.03013526
2.05077885
6.00338656
13.08787774
10.38599943
-6.58603994
-6.84712496
-9.33340978
-7.47919923
5.56488911
4.29078089
2.16004050
-2.13418676
-12.21945756
-14.48536778
1.47068103
-8.18367128
5.76364502
-10.30400308
17.36453768
13.58648161
-2.88889065
-2.28113606
14.37171765
13.64755710
-0.10686438
0.05381857
17.81870363
15.01809481
-1.05656962
-5.14138368
-14.06742236
-16.38584368
-16.87921233
-17.48581435
-2.43569322
-5.37318396
11.04328891
11.58039582
7.70933780
9.33718926
7.80636884
5.40624112
-6.39724863
-7.22022864
-6.96000385
-3.70558221
1.83310106
1.02091830
1.38655579
2.37462758
-11.58364203
-12.38570986
0.27251068
-0.08524732
-6.17464138
-8.08375749
9.02976815
10.61321900
8.37586584
8.24188602
-8.39263905
-8.98533239
-12.01297335
-9.62706707
4.26724733
6.27443978
-6.82154600
-3.31952549
-2.68506715
0.88354987
-4.96772849
0.81560811
-5.91762622
-7.09740648
8.36175439
4.74357917
14.37319225
16.48225570
-2.11413651
-4.35381280
3.12243796
1.67921242
-6.18459141
-6.02793606
2.85322533
2.67550699
-17.82360936
-14.20323000
9.60034420
7.66128687
-3.62687252
-4.01130180
5.27976430
5.95453715
4.67144236
7.68978446
-10.21054072
-11.13822452
10.82813620
10.68309505
-4.24909679
-3.06588249
-13.26492970
-11.59893498
-0.83271839
-2.31602513
-6.50425300
-4.51365844
-15.86681930
-16.01649971
-1.27206246
1.70966248
-5.05804399
-3.88043080
-12.99099914
-10.39396840
-2.36970706
-4.05567602
3.89705806
2.26065430
-16.05387952
-14.91266344
-1.94332455
1.85663848
0.37345281
-0.48335834
-0.50288408
-1.91780050
16.12941936
13.81100657
-3.86463936
-2.48753126
-1.42895498
-0.76115476
12.38805350
11.97089838
-8.89067103
6.00912898
-10.62705282
5.23649284
-17.07251204
-15.86378162
-16.78631763
-17.39577760
15.39976942
16.12798335
15.50821758
18.27711786
5.86504957
4.13106382
5.62750691
6.88101036
13.43171057
11.85780680
13.54586662
10.04079255
-10.08720151
-7.07827201
-9.24853159
-8.44608490
9.14086361
11.47722498
12.37368528
11.37525184
8.10403864
6.43832621
6.38927344
4.70736351
3.44290018
-10.10976045
4.85102822
-3.88922323
4.35062197
-7.94743515
5.91652444
-7.62290495
1.86047169
1.31877150
4.02152501
-2.56557025
-13.23469876
-7.74820505
-12.95334869
-10.81119110
8.13224875
7.00312958
9.83377134
3.80913040
-9.71319079
-13.15360183
-11.31133492
-11.97606231
-4.58906095
-8.00976021
-5.56315384
-4.44867943
6.58757889
11.71565792
9.09404626
13.11967788
-14.05968136
-15.53166218
-14.66729992
-15.13929737
9.86859246
9.08962381
7.81951396
6.32702034
2.55167367
2.85976605
5.09548650
1.66051592
6.98815385
8.40067530
6.21818492
7.60359179
-7.55647053
-10.99124775
-7.82112458
-9.09762647
13.11141165
15.37743942
13.09284079
14.29520326
10.91851803
11.02639524
10.29064822
11.71993325
-3.70715994
-0.64459304
-2.43741326
-1.94056877
15.00717456
11.09426169
12.88697279
11.01700025
-12.49813235
-15.58419152
-13.84959824
-12.99998421
9.71266165
9.72705822
13.13819243
8.31311290
1.09712892
-3.33917332
2.24019667
-3.43184784
-0.88581845
-1.14380924
3.28939095
-5.39905349
18.77680416
17.73357433
18.47431750
15.48944646
-11.60181090
-10.69937080
-12.65877074
-9.77754622
3.81492037
4.63994917
3.59255570
5.89768425
14.14261920
10.81828703
11.98586787
11.75290218
-6.99369420
-9.27432668
-7.63893294
-7.82795197
-8.78901735
-6.66823526
-9.95873366
-6.15377904
4.43849606
3.55611510
5.07775686
2.93912825
0.50648945
-1.72651779
1.66307113
-1.19888080
-14.30535150
-12.79544272
-13.45177551
-15.85448959
3.45013180
-8.40365619
3.68352607
-11.17605046
2.32732722
-7.17142687
5.68421483
-9.44077509
15.67084131
14.91176252
18.26736041
12.89137580
-1.80949855
-3.31163022
-2.87420472
-2.16894753
13.01661005
13.65622207
15.02055190
13.08393040
-1.45816812
1.10167001
0.38092620
0.89992459
17.45211665
12.90836449
16.64796770
16.26874303
-2.15921705
-3.13226633
-2.05270923
-3.70093474
-16.25366323
-17.55905422
-14.10397648
-16.30789111
-18.65367842
-14.10623006
-16.31281629
-16.31952533
0.40198103
-3.83268669
-2.84457277
-5.66292957
8.40718820
10.77010532
10.27490150
12.32783905
7.13841375
6.69881660
10.25109224
4.38689564
6.42915371
7.89093909
7.90349993
6.50195665
-7.77543400
-5.85233121
-6.40806426
-8.55023943
-6.08483319
-4.07093491
-4.52558470
-4.89989894
0.23860740
1.51205007
1.48283081
-0.12153804
2.79139586
0.98865000
1.76266425
3.29580708
-12.88033182
-13.57742193
-11.86095820
-12.70570301
0.12938861
-0.86119406
0.48780373
-1.05678330
-4.99260847
-8.41702036
-7.35670620
-6.50705963
6.72098854
14.35798280
8.32590541
11.70718910
6.83964617
9.50632676
6.60595350
8.93782768
-8.30361376
-10.64578432
-8.70376928
-9.93861310
-13.21712959
-10.38107721
-10.91436132
-10.06770664
3.27856148
4.10287439
4.28618949
6.41097465
-6.93355893
-5.88256549
-7.89347719
-4.02862318
-3.27999621
1.93852084
-5.58662842
-0.14525023
-2.89456151
0.83723047
-5.26145161
-0.20809229
-6.20885492
-9.30518761
-6.67168515
-7.31920756
5.68738078
7.40408081
7.23933293
6.22119697
14.76889863
15.37173941
14.22359946
15.45486746
-3.77288920
-5.54170021
-2.61588743
-4.98272416
1.97541234
0.72651532
2.55140240
1.44276741
-4.28249910
-6.02103911
-6.15479987
-7.04251760
2.02540878
1.08719760
2.76998529
3.72161353
-16.81395833
-15.93652478
-17.04839241
-14.92733686
8.62678485
7.36442305
10.39891112
8.53604431
-4.22214665
-1.58264428
-4.67131424
-3.83295436
3.52698023
4.60129095
4.83635549
5.35877087
6.85260986
6.84817966
4.69451599
8.76760390
-11.22795214
-13.08906554
-10.13427544
-12.14634563
8.32378354
8.83813614
9.84638391
10.77085268
-5.12544419
-4.82710519
-3.26543597
-3.99509098
-10.73685567
-10.41485473
-13.66615847
-12.62549692
0.65917918
-0.46116726
-1.78469568
-1.85820029
-6.17129344
-2.69996110
-6.05126689
-4.89272848
-16.69175043
-14.72345596
-15.24892011
-14.98026627
-0.16865783
-0.13448720
-0.53762035
1.94416952
-4.21522860
-2.36398499
-4.94443743
-3.25452930
-11.09110913
-9.34042406
-11.98670240
-11.41585910
0.34983270
-3.20228044
-1.33724918
-3.16738496
3.57699947
1.39919628
3.13407252
2.18272202
-14.05037157
-12.50699091
-15.03499672
-13.76156097
-0.87689594
-0.66551508
-2.50470733
1.08097039
-0.92917640
1.30420514
1.18758836
-0.01274584
-1.17186783
-1.86444594
-0.63782846
-2.78483204
16.51187775
15.86929718
16.87217634
14.82602959
-5.41559431
-2.99248498
-3.37523309
-1.45425373
0.65445457
-1.17225175
-0.77511287
-0.18572356
11.79652051
11.98043259
12.83657315
11.37870749
-9.17956904
7.61799123
-11.53893191
4.75316857
-9.05969218
7.01092263
-9.81664991
5.02810536
-16.73458057
-14.27351213
-14.99754746
-15.75008381
-18.08702065
-15.30354045
-15.76230431
-18.24086408
15.68910769
16.69647388
13.32397965
17.69396056
14.37237806
15.48953047
14.87046832
17.38825106
6.41052881
4.92037643
4.75922815
5.43056896
5.17046805
4.38010424
5.50493787
6.32554771
12.56473716
11.03035483
14.00302690
10.30617161
13.52039839
12.72021348
14.42050984
9.32430021
-8.88495735
-7.90856965
-8.26978319
-7.96468206
-10.79197605
-7.12100535
-9.75310142
-8.90680411
9.67983615
10.63363265
12.18740633
11.05172982
9.84904617
11.42380209
12.59274072
10.60591182
7.29334200
4.75352992
7.21623143
4.63216770
9.01138277
5.66952557
7.26798482
5.70512530
2.92944436
-11.53693507
6.19538749
-5.62038394
2.98847308
-9.24661877
3.93348096
-7.04151912
2.51418906
-10.81244476
3.87949625
-4.70044999
3.46927831
-8.90625248
4.98286672
-7.25981211
2.17757453
-0.21866401
3.47431836
-0.86495193
1.74634968
1.31324459
3.36991199
-1.54027807
-12.43194531
-10.62382585
-12.01962168
-10.36094129
-12.79011458
-8.73918592
-12.35476282
-10.07864368
7.30322980
8.10315153
8.32857146
5.45215970
9.15373379
7.65850618
9.10804588
4.76446596
-8.00690946
-12.76443447
-10.49137807
-11.39902100
-9.17375402
-13.57340058
-10.57101190
-11.19694255
