-4.23648398
-6.27511356
16.63978531
2.59545108
-17.43087902
13.74008767
0.68482981
11.27294691
11.96785771
8.26851219
4.29589113
-4.43329471
8.71064187
3.40668612
6.61441293
-11.21592211
-7.44096459
-3.88398295
8.48836541
-1.60641274
-0.41027227
-11.79610527
-8.22371032
-0.08279072
0.19429268
2.32504436
-7.34335248
14.77128719
5.62550518
-1.93903651
-5.01216839
2.39982924
4.61391450
18.71154984
-15.14490585
8.87400540
-8.08257073
0.49805791
-17.77667381
-10.14653723
-1.04628370
-5.61464044
-1.47532335
5.57938065
-11.82964630
9.51175645
13.11698221
7.70848737
3.23946123
-5.25417176
-8.11110648
-0.97235460
-5.98586905
-0.63893393
-4.39077835
-11.80352016
17.02171064
-14.01756563
-3.21540948
8.56742438
-8.07090546
7.44416579
-11.04737278
3.67946072
-1.17827712
1.09056928
3.06936836
-12.91793427
4.07921728
14.42735767
-0.11999690
-8.40026057
-17.61008171
0.60731214
10.85051031
-15.35555934
11.84270027
-3.34760056
-14.50844238
-9.10168313
-3.26647237
-4.24659908
9.72087824
14.39127016
5.45872850
-5.28803632
10.30424120
2.93758267
7.78307220
-11.54701097
2.95389793
-0.75222350
-13.31679472
7.35860805
-5.11157111
6.98378816
15.58077190
6.61310776
-17.85148164
-7.91260312
-15.16891641
16.50224629
6.05226880
10.84935147
-7.06006181
9.82159084
3.94665044
5.34721500
-6.19750659
0.57572520
-9.70654246
8.82208401
-12.15423685
-6.56539615
10.99875775
-16.01645526
9.68423071
1.70549989
9.72331012
-9.77715218
15.38426901
11.74278068
0.27991465
12.47669743
-14.83285302
10.57267800
1.06554295
-2.35452291
16.80046741
-12.18688049
2.93411339
12.00042274
-9.27767763
-5.47969760
2.67964049
-0.42176549
-14.04167776
4.62673545
-9.84745660
16.18338498
-4.53229254
12.44539852
2.48646988
14.20664345
-1.47233652
-17.73803722
-15.33878605
-4.12175194
12.14934274
9.20656480
4.55399035
-5.00407958
-3.29389979
2.43825942
2.22471428
-14.48042476
-1.87066176
-7.27436549
13.72502280
10.17515432
-9.64460818
-11.32922430
5.37735591
-5.06625581
-4.47685505
-1.08456721
-8.20234290
6.87944166
15.63778991
-4.96186388
0.81529542
-5.29093250
2.23088929
-16.31100417
7.63571630
-2.92327506
5.62051229
7.81756210
-12.23567020
9.82145527
-3.88159072
-9.71349773
-1.24751954
-2.92710197
-14.09018103
0.76607218
-2.83004505
-10.25112982
-3.36411118
0.62031533
-13.44887307
0.05637368
0.31285358
-1.70130141
16.66985316
-3.94095847
-2.18589208
12.67022300
-10.97520717
4.15224299
-14.32552195
-16.82015562
14.41634487
16.55958004
4.60777400
6.19719617
15.08462124
11.17699178
-7.66041094
-9.00213262
13.12948747
12.20902489
7.97369129
3.88095234
3.49448669
-8.31248976
4.34185023
-6.42002381
3.86447960
-0.73396970
-12.24075897
-11.08672616
9.24752393
6.21371954
-10.04886692
-10.59553270
-5.23160358
-5.78618961
7.73657016
12.40575810
-14.38418764
-15.15497526
8.70304089
7.79227455
5.42322524
1.27996447
5.60962876
6.62629651
-6.58608683
-8.96095273
14.40228974
14.39655168
9.60606179
10.48232684
-1.26156865
-2.49722979
13.48733836
9.89904886
-13.22402764
-11.78336687
12.47734373
9.21156040
0.13981338
-2.26230702
2.19017437
-6.39681190
17.47035358
16.88102576
-13.47311399
-11.14670547
2.08705690
6.04006687
13.19364026
10.49987283
-6.62535587
-6.86673449
-9.40345437
-7.58718890
5.59857306
4.31404947
2.18844235
-2.12984015
-12.30086645
-14.60167123
1.47748660
-8.27586300
5.81390577
-10.38073721
17.50398701
13.67381426
-2.93818904
-2.17215088
14.47788127
13.75012804
-0.12849831
0.03955517
17.98008545
15.18822849
-1.03687660
-5.23840532
-14.17967636
-16.51043679
-17.00472906
-17.59623041
-2.45662557
-5.44077902
11.11966076
11.68446762
7.75743608
9.46306885
7.84509241
5.45920562
-6.43084752
-7.24791953
-7.03126784
-3.75410194
1.84915318
1.03368438
1.40856637
2.42203005
-11.69077762
-12.50409821
0.35670752
-0.02476592
-6.21522110
-8.15001757
9.09987220
10.61280580
8.49674655
8.16650719
-8.42614743
-9.10971143
-12.12758292
-9.75808964
4.31698364
6.36054479
-6.90250731
-3.28532523
-2.68637878
0.92627840
-5.00802953
0.87964604
-5.90581263
-7.10294138
8.41391212
4.75134903
14.47189399
16.60083311
-2.12733375
-4.41366357
3.14375110
1.70581588
-6.23342347
-6.03965391
2.87984892
2.67163706
-17.91921790
-14.32332347
9.66339934
7.71581913
-3.65165875
-4.01910926
5.30773369
5.95991619
4.66831429
7.73445097
-10.28472403
-11.22890647
10.92435401
10.73597893
-4.25901296
-3.07699179
-13.37076863
-11.66975856
-0.84462184
-2.33669507
-6.59147633
-4.61570943
-16.00007507
-16.15181936
-1.29607435
1.71608217
-5.08631209
-3.93563309
-13.11787057
-10.56941925
-2.39351184
-4.09403959
3.97609758
2.32528376
-16.17548831
-15.01519640
-1.96769309
1.91320324
0.42663829
-0.46605885
-0.47969051
-1.91408226
16.23931876
13.89563792
-3.87456715
-2.46786471
-1.45247417
-0.76134319
12.46644592
12.04779873
-9.03262179
6.04535792
-10.67952869
5.25937984
-17.22145998
-16.00243220
-16.85670989
-17.47576474
15.52222122
16.25524885
15.64123101
18.40213377
5.87573494
4.15826771
5.69847660
6.98369035
13.47382978
12.02787809
13.64318083
10.13807176
-10.17289885
-7.18065095
-9.36476479
-8.56457374
9.20532221
11.54976841
12.43652580
11.49739425
8.12323829
6.55850850
6.43170212
4.77582301
3.44601751
-10.07504693
4.86796424
-3.86747518
4.37555561
-8.14012115
5.96186310
-7.60819051
1.91182129
1.36005730
4.04540633
-2.54827994
-13.17525260
-7.69765918
-13.00572066
-10.86363090
8.16274629
7.10776451
9.90331297
3.82472100
-9.67717702
-13.11282172
-11.52581840
-12.15320980
-4.22330775
-8.41851895
-5.60690018
-4.64613835
6.59867342
11.78673117
9.15339989
13.19293096
-14.04771195
-15.64800507
-14.79980128
-15.26099341
9.91919510
9.14960342
7.90537847
6.36972333
2.55544195
2.88838068
5.17501326
1.69109241
7.02100525
8.49172346
6.30615642
7.69018130
-7.61142619
-11.08268093
-7.88883548
-9.17827809
13.19693935
15.51536235
13.19479526
14.40020453
10.95067225
11.12179808
10.34680681
11.79598086
-3.69112250
-0.65971008
-2.43035048
-1.96931867
15.11572223
11.11950031
12.99404828
11.09541818
-12.57536255
-15.73943685
-13.93138339
-13.10474332
9.78477106
9.80143175
13.21040853
8.38057459
1.13323794
-3.19024616
2.27534592
-3.46036381
-0.87996207
-1.11416169
3.32059907
-5.43719468
18.95052022
17.88808534
18.59323851
15.60002808
-11.67860405
-10.80859803
-12.73151756
-9.88221408
3.85458187
4.67388580
3.62583117
5.93463602
14.28399105
10.89958085
12.08807909
11.87745531
-7.10795023
-9.35310031
-7.69977237
-7.93968164
-8.93014364
-6.72687296
-10.09074263
-6.24888650
4.46872006
3.55476392
5.10771223
2.96323546
0.53914754
-1.78867526
1.67965254
-1.19458082
-14.39836500
-12.85987914
-13.53066057
-15.97807440
3.47369533
-8.49973371
3.70492166
-11.25399141
2.32934327
-7.26827528
5.73282157
-9.57125623
15.75414504
15.01154799
18.36968827
13.02357086
-1.65014490
-3.47627641
-2.87312798
-2.17811928
13.10683473
13.76204278
15.13472264
13.16225226
-1.46664851
1.10893764
0.37093535
0.86280292
17.62382947
13.04545751
16.78862044
16.44541116
-2.14603120
-3.22265413
-2.10400082
-3.69477980
-16.34566796
-17.69417072
-14.12488904
-16.44628587
-18.79815962
-14.21925939
-16.38690602
-16.43301824
0.41982008
-3.87501287
-2.87354189
-5.71317440
8.49209779
10.87225323
10.35840145
12.41804893
7.17269435
6.76503442
10.31472461
4.44548023
6.48413961
7.93668869
7.92911435
6.55319125
-7.68964310
-5.88105609
-6.41031660
-8.50276717
-6.16336547
-4.08920124
-4.55623635
-4.95380357
0.23576119
1.55617324
1.49423239
-0.12101923
2.85112404
1.00459130
1.78090981
3.35090525
-12.98499183
-13.70678943
-11.94033698
-12.80892547
0.17112516
-0.84048317
0.57230998
-0.98923263
-5.04239628
-8.48424137
-7.41244175
-6.56022216
6.69006937
14.43431334
8.44286915
11.77682895
6.91053084
9.64538230
6.57966986
8.97657719
-8.47828612
-10.73791101
-8.76874771
-10.03675481
-13.33534309
-10.45363173
-11.00207513
-10.14315371
3.30999259
4.17609563
4.33166465
6.47643864
-7.02219569
-5.88288451
-7.92579649
-4.04380081
-3.28175113
1.98399647
-5.62873652
-0.09711410
-2.90362851
0.84884506
-5.30460879
-0.16436259
-6.22372271
-9.35422092
-6.62956821
-7.35503860
5.71908287
7.49351236
7.28124652
6.30612490
14.87815386
15.48101120
14.32247917
15.55993925
-3.80285973
-5.57657587
-2.65731904
-5.17298854
1.97929117
0.72255504
2.58330541
1.44674676
-4.34815244
-6.06995270
-6.20997645
-7.10951297
2.04025883
1.10369398
2.82895120
3.71355331
-16.94995046
-16.04125682
-17.17041143
-15.02900207
8.69031491
7.45580283
10.51287613
8.60647852
-4.24449902
-1.60391939
-4.70542443
-3.88491098
3.62736992
4.57373259
4.85098116
5.36993446
6.91000795
6.92641983
4.65063496
8.85417150
-11.32510794
-13.17522237
-10.20435523
-12.23335422
8.41736033
8.92349690
9.92665344
10.86312868
-5.14521715
-4.95074783
-3.27517790
-3.79712537
-10.81736394
-10.51254087
-13.76635697
-12.72109241
0.66135396
-0.46805116
-1.79051285
-1.87917838
-6.25999413
-2.70776801
-6.13162457
-4.94615533
-16.84449259
-14.82923150
-15.38997817
-15.07224823
-0.17903700
-0.15568911
-0.55346855
1.97930121
-4.19489785
-2.41658628
-4.93137583
-3.25217006
-11.27144389
-9.51067023
-12.10482447
-11.55664376
0.32535245
-3.22409216
-1.35225610
-3.09915246
3.59775445
1.49612537
3.20808053
2.21189385
-14.09681722
-12.63858983
-15.10951509
-13.89381955
-0.89309648
-0.68043251
-2.54970050
1.05373551
-0.94893292
1.32922961
1.22475414
-0.01426284
-1.13834591
-1.92648406
-0.57082276
-2.77290783
16.62087791
15.97324883
16.94659752
14.92138132
-5.45430370
-3.01086040
-3.38907467
-1.41829458
0.65243756
-1.18329577
-0.78934627
-0.18027237
11.86792943
12.06343919
12.90617915
11.45997898
-9.22449085
7.63141267
-11.69413269
4.79551379
-9.13357962
7.05488819
-9.91239875
5.05842903
-16.82804404
-14.37210041
-15.08687398
-15.83065095
-18.23349185
-15.47856571
-15.82425474
-18.35274285
15.77636781
16.77423791
13.40335303
17.77951149
14.50297207
15.56262741
14.91198923
17.52451369
6.47066342
5.00503629
4.76712854
5.51540890
5.21944807
4.46324859
5.60232253
6.44865777
12.66537064
11.16237953
14.13558642
10.50568284
13.65080345
12.79552020
14.51692307
9.48694905
-8.96321185
-7.96896064
-8.38266575
-8.06752017
-10.88699413
-7.22210150
-9.84121935
-8.99157113
9.71642942
10.70452243
12.27277767
11.20233894
9.89490686
11.48779211
12.66525521
10.69460958
7.39431802
4.80021747
7.24563220
4.71614279
9.06599655
5.74902198
7.40468570
5.76110642
2.95510910
-11.44907172
6.29171530
-5.53834606
3.01458602
-9.33237486
3.96034751
-7.21870078
2.53928869
-10.68417897
3.88587208
-4.59167848
3.47979195
-9.06455393
5.00867300
-7.17104790
2.21138117
-0.15076064
3.50020546
-0.75321325
1.81007709
1.34411334
3.39339179
-1.53987209
-12.56223466
-10.72841762
-12.08679960
-10.41129781
-12.95682148
-8.72894576
-12.36854858
-10.13322187
7.27506268
8.23256025
8.28975541
5.50192751
9.15854399
7.78092244
9.24993615
4.78987187
-7.94066727
-12.82502840
-10.56927820
-11.56947201
-9.09423816
-13.66863651
-10.76054605
-11.20190293
-5.07875119
-7.24089694
-6.19674500
-5.43517606
-4.75366669
-8.15212051
-6.13213907
-4.60837757
