-4.23006296
-6.31126011
16.73453753
2.61748266
-17.53698823
13.82559168
0.68606694
11.38526481
12.00187067
8.34905403
4.31106931
-4.44962222
8.73583333
3.44146311
6.42308372
-11.29150233
-7.50830577
-3.89559765
8.49260063
-1.57937501
-0.42123615
-11.85117151
-8.28328389
-0.05846310
0.18774191
2.35862913
-7.39028587
14.82166967
5.60437645
-1.92384393
-5.02007555
2.41714672
4.66078177
18.77584635
-15.21222219
8.90879922
-8.13418838
0.54925803
-17.89542656
-10.22270654
-1.06010643
-5.66892211
-1.49718122
5.60523916
-11.88199190
9.56230327
13.19398303
7.72733804
3.26935833
-5.28465574
-8.18063406
-0.96715243
-5.93681926
-0.63733485
-4.38302584
-11.83702175
17.06938644
-14.03082406
-3.23929181
8.56196999
-8.12536219
7.51446258
-11.08327585
3.70636224
-1.19399808
1.10402446
3.12979926
-12.90690013
4.13265647
14.47801024
-0.15254463
-8.44763076
-17.74951652
0.60937827
10.86648128
-15.38168007
11.86880419
-3.35697174
-14.57057001
-9.15069666
-3.44502973
-4.36644887
9.76645849
14.46697041
5.44498695
-5.29143207
10.34578540
2.96220817
7.77725883
-11.54894213
2.98582294
-0.72738382
-13.56303882
7.35921427
-5.13099258
7.01391234
15.63817931
6.64741800
-17.92936418
-7.92453261
-15.19055080
16.58455570
6.12279292
10.88258353
-7.10173313
9.91714634
3.99993385
5.36819018
-6.23850726
0.60341689
-9.74011632
8.91807890
-12.10550598
-6.51162728
10.90683291
-15.57651684
9.72686264
1.71893968
9.77931723
-9.82950547
15.48595531
11.77614904
0.27828649
12.53193604
-14.91950595
10.52701080
1.07438749
-2.39183699
16.88618446
-12.27031043
2.94923771
12.06841642
-9.35171797
-5.52975711
2.66478762
-0.40557519
-14.08648193
4.66358552
-9.85818686
16.26532098
-4.56763719
12.48883223
2.49415432
14.30650764
-1.43796702
-17.81492239
-15.43928584
-4.16906879
12.22810425
9.18404316
4.58713872
-5.04986242
-3.30943213
2.45856856
2.23526723
-14.51237934
-1.90995911
-7.30943969
13.78053491
10.23235287
-9.67637434
-11.36451035
5.40701718
-5.10222546
-4.48744053
-1.18581622
-8.22811482
6.90938047
15.70605922
-4.99899496
0.82049899
-5.28293920
2.27167149
-16.40292398
7.66417606
-2.95169201
5.69422734
7.87988434
-12.30082860
9.87372476
-3.99820462
-9.76842203
-1.25818114
-2.88046107
-14.15267938
0.76095426
-2.81232642
-10.30538798
-3.36280402
0.67075310
-13.50789141
0.03480679
0.32853413
-1.68959424
16.78638558
-3.98226456
-2.19769541
12.69761870
-10.99415107
4.17707134
-14.38927618
-16.87459538
14.47612895
16.60870104
4.59752141
6.21559617
15.16295401
11.26242491
-7.73391129
-9.07509012
13.18582115
12.31149643
8.01118656
3.95685332
3.51627103
-8.39875723
4.34179155
-6.47422558
3.90606208
-0.79344082
-12.27161701
-11.18723777
9.28817051
6.28492787
-10.13849783
-10.68157086
-5.25410310
-5.77265366
7.28736320
12.83479223
-14.02792180
-14.66298351
8.73042287
7.82238041
5.46742489
1.29877308
5.65590428
6.66685898
-6.62626072
-9.00106642
14.47503640
14.46944111
9.61161418
10.53321906
-1.27562383
-2.50868516
13.57315112
9.92292138
-13.26598242
-11.83815228
12.56826912
9.14081982
0.15184148
-2.28180917
2.23296251
-6.41532735
17.54048758
16.94943342
-13.55047006
-11.23921026
2.13148619
6.05907123
13.26011044
10.57655615
-6.61828419
-6.92953534
-9.48476110
-7.65888757
5.62560956
4.32876867
2.20512037
-2.11092714
-12.35914590
-14.67753016
1.49829015
-8.32641750
5.85303664
-10.43018242
17.59547935
13.72266392
-2.99744763
-2.17442849
14.53489379
13.81498937
-0.15201999
0.04908185
18.06430089
15.30862510
-0.98949774
-5.30898727
-14.24154633
-16.61518419
-17.30394371
-17.71212161
-2.47392810
-5.49354109
11.17352432
11.75005766
7.81420174
9.55185503
8.04070453
5.50826985
-6.45428344
-7.28357456
-7.08207656
-3.78806003
1.86326653
1.03349762
1.42057515
2.44971373
-11.74293305
-12.50916123
0.35943175
-0.02655393
-6.23652233
-8.19234027
9.15863841
10.63461441
8.55708311
8.16023277
-8.44389800
-9.15866765
-12.16559888
-9.80387931
4.37800406
6.42864770
-6.90581775
-3.27919357
-2.68646442
0.93310578
-5.03413806
0.90920142
-5.92437901
-7.15004378
8.45182138
4.76631890
14.66763288
16.68023423
-2.14534816
-4.44781318
3.16542425
1.72158484
-6.26438621
-6.08345799
2.93865643
2.66347157
-17.98297140
-14.39398098
9.68136225
7.76857166
-3.66707775
-4.02464740
5.34919708
5.81989501
4.64851925
7.74994230
-10.33539989
-11.29023024
10.98140905
10.76821661
-4.26205877
-3.03454234
-13.43791495
-11.71758905
-0.86200642
-2.35268617
-6.65736676
-4.65865893
-16.09607450
-16.24192113
-1.30954790
1.71944371
-5.09311347
-3.95723516
-13.17330829
-10.64266575
-2.36694712
-4.10689843
4.01291191
2.35847287
-16.26561342
-15.06885578
-1.97812560
1.94879509
0.45548387
-0.45071455
-0.46006792
-1.91125605
16.29642495
13.94045537
-3.87569463
-2.47000259
-1.46408699
-0.76673410
12.51409952
12.12240227
-9.02232043
6.07408828
-10.69221883
5.28855541
-17.31324687
-16.08944450
-16.90938480
-17.53392226
15.59971386
16.33076660
15.70655549
18.47720570
5.88613993
4.16667541
5.76646004
7.04387861
13.49731187
12.13959046
13.70062075
10.20607124
-10.24208911
-7.24706841
-9.44012385
-8.65161257
9.26815182
11.61012132
12.47451209
11.54430136
8.14683084
6.67029403
6.47577560
4.85589398
3.43621870
-10.08883600
4.91257677
-3.87856099
4.39734005
-8.24170857
5.96856279
-7.61160710
1.90433111
1.40673435
4.07951069
-2.49801219
-13.22332002
-7.69492547
-13.03927151
-10.89238323
8.16235299
7.17617944
9.93856034
3.85159527
-9.68745681
-13.10809212
-11.56855156
-12.16110657
-4.23865131
-8.53873915
-5.70642575
-4.62304540
5.99634261
11.38442569
9.19121731
13.12879860
-14.18929455
-16.21623355
-14.69166630
-15.46133890
9.93866484
9.19014437
7.95503235
6.39991983
2.58490867
2.93536091
5.20807380
1.70337043
7.05655647
8.56134226
6.33255821
7.73871749
-7.64707606
-11.14664651
-7.93590687
-9.23311691
13.25696034
15.60235847
13.26737386
14.47477705
10.98163832
11.15030614
10.37078420
11.84020857
-3.67930059
-0.66995319
-2.42228529
-1.99853001
15.18633820
11.15609318
13.06628979
11.14729797
-12.62370021
-15.84286105
-13.99836374
-13.17219719
9.81051963
9.84562131
13.20215987
8.40530071
1.15623847
-3.32311871
2.30438896
-3.43062609
-0.88541299
-1.10380396
3.34744052
-5.41940034
19.05968536
17.98520450
18.67098499
15.66613351
-11.71093802
-10.87355480
-12.76870727
-9.95417508
3.88664415
4.69094033
3.64480573
5.95826170
14.36942453
10.95023090
12.14897249
11.94937143
-7.19009624
-9.44869038
-7.70730223
-8.05046472
-9.01443234
-6.78607611
-10.13080146
-6.31509822
4.49915500
3.56621300
5.13348643
3.00141310
0.55210368
-1.78829356
1.67431677
-1.19380795
-14.46467442
-12.91562258
-13.58611728
-16.06119392
3.48754814
-8.56575762
3.71504801
-11.31299044
2.31463620
-7.31876700
5.77272523
-9.63612592
15.79951796
15.06886695
18.42499683
13.12897072
-1.67369656
-3.46652452
-2.85911208
-2.17060005
13.14630824
13.81080358
15.19732514
13.21244629
-1.44694794
1.12736134
0.38465531
0.87515692
17.74262656
13.14255181
16.84992102
16.56030466
-2.12874743
-3.27388590
-2.14666016
-3.67261260
-16.46255672
-17.82813486
-14.14630713
-16.61486349
-18.94410607
-14.34022738
-16.65654170
-16.45087119
0.42792637
-3.89838456
-2.90932379
-5.74978454
8.51537648
10.94026885
10.41317596
12.47925519
7.20075190
6.82262643
10.32780081
4.50155845
6.50164759
7.99102308
7.87845450
6.59450785
-7.70656836
-5.93732126
-6.44772205
-8.54195825
-6.22049514
-4.10618777
-4.58549165
-4.99746293
0.22647210
1.56384484
1.49441936
-0.12593602
2.88737218
0.97567782
1.81343753
3.37487368
-13.11375340
-13.70465336
-11.98381519
-12.79766564
0.16745515
-0.83929174
0.59370137
-1.02429454
-5.08665898
-8.53003081
-7.44459987
-6.58996036
6.66590841
14.46647336
8.51855907
11.82745332
6.92606662
9.72341751
6.56759549
9.02703556
-8.52547724
-10.79036586
-8.78876785
-10.07767569
-13.37822528
-10.47863008
-11.02755390
-10.18974115
3.34334306
4.21234125
4.37084064
6.51647406
-7.05861232
-5.92448809
-7.99918424
-4.02607386
-3.27866405
2.01079760
-5.64936625
-0.09983656
-2.91710766
0.85718344
-5.33672822
-0.11147176
-6.21919197
-9.38752532
-6.70642406
-7.38800480
5.75148757
7.52937839
7.30984092
6.37838703
14.95806960
15.54735645
14.38228359
15.62550828
-3.83642644
-5.62551936
-2.68364630
-5.19568595
1.99443752
0.71434106
2.60862346
1.45958235
-4.37638343
-6.11655121
-6.24250572
-7.16069784
2.06611203
1.14600282
2.83624955
3.69856279
-17.05550648
-16.11374187
-17.25215542
-15.09912812
8.72523694
7.50839545
10.57798641
8.65219848
-4.28304202
-1.61187496
-4.73982242
-3.92077895
3.68660345
4.59995457
4.64723143
5.35764844
6.92600322
6.96747626
4.60846043
8.92117571
-11.39530166
-13.23710372
-10.24582223
-12.30007243
8.47216409
8.97532121
9.97392134
10.93580259
-5.15461307
-4.93278328
-3.27275935
-3.82756856
-10.85955980
-10.57842679
-13.83471099
-12.78128341
0.66517613
-0.47660968
-1.80000539
-1.90225892
-6.32599575
-2.69034228
-6.17546459
-4.97308760
-16.94844303
-14.90322362
-15.47716719
-15.15449350
-0.19283258
-0.17076666
-0.55324142
2.00425610
-4.19287373
-2.42650018
-4.95665777
-3.28039979
-11.37234488
-9.57545206
-12.19284266
-11.62963361
0.24581182
-3.22454228
-1.37011504
-3.10538646
3.62156639
1.54161658
3.23895466
2.23616268
-14.13975645
-12.66223564
-15.16076294
-13.96373070
-0.91029109
-0.68927195
-2.57734884
1.03945512
-0.99533207
1.32194692
1.26031961
-0.01370518
-1.11718697
-1.94617618
-0.54037574
-2.78785703
16.68391742
16.03408879
16.98264678
14.97827845
-5.47663385
-3.02835706
-3.39921725
-1.38767297
0.67062547
-1.19430040
-0.77502829
-0.18159688
11.89623935
12.13221324
12.93801863
11.50720269
-9.25897217
7.64644044
-11.73824843
4.81958109
-9.18850875
7.08907681
-9.99791635
5.07706491
-16.88424352
-14.39682884
-15.14653875
-15.89018460
-18.34394630
-15.57462374
-15.86943306
-18.42613364
15.82989171
16.82215893
13.44593467
17.83172100
14.59299138
15.58625425
14.93190661
17.61427263
6.49781805
5.06759945
4.75762963
5.56770499
5.20397330
4.51967493
5.61855193
6.50529128
12.73380872
11.25419433
14.23133159
10.63599311
13.75016412
12.88218361
14.56264787
9.62756397
-9.01848156
-8.01803323
-8.46243643
-8.14093247
-10.95945931
-7.30847131
-9.90761714
-9.04601438
9.74008068
10.76082772
12.31678260
11.31102055
9.92910175
11.52188813
12.71362959
10.76890421
7.46665812
4.88128937
7.30890620
4.76380241
9.13294280
5.86038977
7.50982398
5.83325618
2.97096250
-11.40401783
6.33822642
-5.55072098
3.03805741
-9.37293098
3.97993883
-7.28157472
2.53644389
-10.59997022
3.91750904
-4.59403935
3.48498028
-9.11477196
4.97948446
-7.22727263
2.25861379
-0.06449102
3.61013595
-0.68123089
1.87653852
1.37638690
3.38633885
-1.54291869
-12.60866667
-10.76166882
-12.16324090
-10.54402836
-13.03183492
-8.73150138
-12.42021857
-10.20099714
7.26856438
8.34301302
8.32860060
5.55151956
9.11858990
7.88559626
9.37699089
4.78935611
-8.00033040
-12.81333828
-10.57610712
-11.66356762
-9.08547799
-13.63867552
-10.86578268
-11.19079070
-5.24247674
-7.26376504
-6.28694133
-5.47452959
-4.85176104
-8.16197812
-6.21411341
-4.80719067
6.76981424
11.38130862
8.26233217
12.05439585
6.95970552
12.38242355
9.46778472
13.37051699
-12.84272355
-16.46453596
-14.90431396
-15.51316923
-14.17181234
-15.60408072
-15.19104228
-15.15741532
