-4.23285432
-6.35060339
16.82662933
2.59517523
-17.64048975
13.88530576
0.68992914
11.45659672
12.04061973
8.42122522
4.33755700
-4.46540669
8.76608663
3.46026536
6.43856872
-11.37559380
-7.57187034
-3.90948639
8.54887367
-1.56787434
-0.43370430
-11.92217722
-8.31638938
-0.03868516
0.18011665
2.40490714
-7.43947055
14.87372171
5.58689590
-1.90565013
-5.02695470
2.43028511
4.70207684
18.84659432
-15.28062197
8.92506111
-8.18821529
0.59116763
-18.00916492
-10.29376992
-1.04840060
-5.71134658
-1.52613997
5.64935318
-11.92082585
9.60017173
13.26727423
7.77382030
3.29928663
-5.31728424
-8.23773927
-0.96410730
-5.96566338
-0.62966055
-4.38448909
-11.88481236
17.10659451
-14.14278541
-3.24693334
8.50231009
-8.16132813
7.55081194
-11.15685356
3.71426282
-1.21597237
1.12255201
3.21238102
-12.96245149
4.16559700
14.53191285
-0.19638334
-8.48919134
-17.82900821
0.61947439
10.87844436
-15.43953262
11.92055576
-3.35833399
-14.67567122
-9.20287336
-3.58660099
-4.44880679
9.88458241
14.54906015
5.42324398
-5.29337552
10.37623058
2.98748870
7.79108427
-11.61594199
3.00550757
-0.75032207
-13.54698772
7.36316675
-5.15120756
6.99033112
15.69088778
6.58556048
-18.02553828
-7.89862878
-15.20804115
16.66437882
6.19553209
10.94014884
-7.14111565
9.99566632
4.06279306
5.39494550
-6.26034860
0.60950911
-9.76944454
9.02332838
-12.13913592
-6.43829807
10.99146761
-15.59743186
9.35561643
1.73722440
9.81905041
-9.88143798
15.57688357
11.82447985
0.28316330
12.61849672
-15.00288881
10.57438424
1.09651981
-2.43842488
16.96820675
-12.35318907
2.96852664
12.13482852
-9.46149812
-5.57233476
2.64022911
-0.40097872
-14.12306882
4.69159069
-9.89514911
16.33928353
-4.54017284
12.52129664
2.45665254
14.39834254
-1.42242112
-17.90048424
-15.55057223
-4.20814869
12.34093932
9.18823438
4.61747466
-5.09803556
-3.33459307
2.47731865
2.23020574
-14.59286707
-1.92663257
-7.34336975
13.83398403
10.29276840
-9.70980996
-11.38857908
5.46203768
-5.11118427
-4.50000159
-1.20341854
-8.25394771
6.93395173
15.77669702
-5.01188731
0.82493830
-5.28293117
2.31672539
-16.48704976
7.67265384
-2.98119011
5.74398728
7.97852918
-12.36621561
9.92671990
-4.00524025
-9.80168996
-1.26272773
-2.85725873
-14.21522234
0.76324877
-2.80930495
-10.37110886
-3.34420499
0.71035243
-13.54808306
-0.00256689
0.28237583
-1.67751663
16.90021828
-4.01751527
-2.21008913
12.75627327
-11.03840951
4.19988855
-14.43951064
-16.93796980
14.54712584
16.69858199
4.60847116
6.22067656
15.24526105
11.32545654
-7.80903876
-9.15281043
13.24997770
12.39710399
8.04628833
4.04510543
3.53169617
-8.46908367
4.36484398
-6.52205925
3.92950361
-0.85748752
-12.31045715
-11.25797195
9.34453069
6.34107328
-10.21343679
-10.75410929
-5.29510926
-5.78396048
7.33364645
12.82414944
-14.09019067
-14.75174793
9.21957888
8.25364954
5.50832314
1.31480800
5.69066516
6.69024223
-6.67048096
-9.03882017
14.54681807
14.54039792
9.61572456
10.59033791
-1.28754935
-2.51905671
13.68167288
9.93161078
-13.31040039
-11.89613211
12.62845511
9.17909959
0.16296111
-2.33587618
2.24892746
-6.40727813
17.62311110
17.01798164
-13.62832343
-11.33611760
2.18191135
6.05464355
13.32581324
10.65005056
-6.61529252
-7.07069808
-9.55123993
-7.73098309
5.66305230
4.32223285
2.20775761
-2.07966968
-12.41456875
-14.75588458
1.51972830
-8.37468569
5.88744217
-10.48379936
17.67979763
13.75942085
-3.03249285
-2.20515734
14.59184889
13.88223544
-0.15730405
0.05419781
18.13151584
15.42676523
-0.93600656
-5.37740921
-14.34696646
-16.69603400
-17.35630696
-17.74256638
-2.49383500
-5.54212065
11.25893438
11.84250855
7.85514025
9.62307876
8.10892387
5.55309664
-6.47812863
-7.31827619
-7.13278632
-3.82532011
1.88645847
1.02781408
1.41428039
2.48542646
-11.80417787
-12.55539021
0.34601582
-0.02054337
-6.25579286
-8.23170225
9.24588359
10.66191181
8.60715741
8.17502498
-8.49264745
-9.21252216
-12.21728246
-9.82015788
4.41386030
6.49486614
-6.91345974
-3.26309755
-2.69565234
0.94398091
-5.06003292
0.91987189
-5.95406326
-7.18017838
8.23357643
4.78935148
14.74933925
16.76376058
-2.16073182
-4.46795320
3.18457427
1.72979130
-6.30094747
-6.11567678
3.01503343
2.64287400
-18.05325002
-14.45947743
9.69873042
7.82292449
-3.68203427
-4.02722297
5.34862535
5.84314061
4.62399635
7.80876194
-10.38405909
-11.34859668
11.03196041
10.80771709
-4.26346638
-3.04347716
-13.51120083
-11.75257655
-0.88446811
-2.37940296
-6.72515648
-4.69136818
-16.18681589
-16.31978416
-1.31165339
1.72981788
-5.10956194
-3.98328580
-13.24648593
-10.69927163
-2.35212224
-4.10753496
4.05759600
2.39585108
-16.37429341
-15.08774568
-1.98281685
1.95710864
0.46646788
-0.42672960
-0.44303535
-1.90708478
16.35210309
13.98387246
-3.87764641
-2.47341751
-1.47796029
-0.77691154
12.55221502
12.19756176
-9.05147916
6.07010157
-10.73699962
5.33123508
-17.41787623
-16.18430548
-16.97217675
-17.57683748
15.68131484
16.40781289
15.77126301
18.54001983
5.87582642
4.15985331
5.82439180
7.11769782
13.53492773
12.24604023
13.77598948
10.29272080
-10.31684023
-7.31253216
-9.52779743
-8.74975805
9.33639213
11.67052064
12.52049561
11.58756686
8.18222264
6.79310684
6.49738020
4.95840185
3.44899380
-10.10192008
4.96659453
-3.88633398
4.40496387
-8.24568699
6.00075189
-7.66266412
1.91129728
1.43210953
4.09261492
-2.49553842
-13.27269176
-7.70186440
-13.05691393
-10.93967960
8.15473891
7.29841203
9.97170076
3.85956557
-9.69378141
-13.13732696
-11.62272955
-12.20095973
-4.31175641
-8.64086536
-5.72597837
-4.48419364
6.04209339
11.42634332
9.25837209
13.17184176
-14.24446984
-16.28257886
-14.69772642
-15.53283084
10.19574170
9.42935386
7.63417774
6.80899115
2.60405684
2.93913153
5.25766676
1.70250459
7.11062862
8.61382247
6.37986722
7.79654188
-7.68184548
-11.21281736
-7.98677142
-9.28751716
13.30755080
15.68657990
13.33075554
14.55012223
11.05272283
11.18383686
10.44066882
11.89489371
-3.66023007
-0.66301250
-2.41480647
-2.02384507
15.26240436
11.33200202
13.19976525
11.27085335
-12.68328797
-15.94460299
-14.06481053
-13.23268204
9.86797835
9.90697556
13.23259500
8.45745691
1.18906272
-3.36223703
2.32128611
-3.46124105
-0.88198693
-1.13175528
3.38740182
-5.38390117
19.16691517
18.07913198
18.74954737
15.73411755
-11.73560023
-10.94098340
-12.79620555
-10.04108549
3.91615258
4.69506412
3.66028850
5.98181182
14.45664714
10.98848752
12.20272018
12.01534489
-7.24461534
-9.49931768
-7.70085198
-8.20170188
-9.08490005
-6.83637615
-10.17373883
-6.37508086
4.49394562
3.57870209
4.87331310
3.01533511
0.55386736
-1.79441898
1.67913483
-1.21035479
-14.53199186
-12.97344828
-13.63675556
-16.14257972
3.49604968
-8.62811503
3.71613786
-11.37422263
2.29052382
-7.35200305
5.81179296
-9.69530000
15.83215683
15.11076165
18.46880988
13.22026877
-1.69946383
-3.43020576
-2.85376814
-2.13714753
13.19961872
13.85035443
15.26359758
13.27283382
-1.42599291
1.14383152
0.38905633
0.87890682
17.86352020
13.23564406
16.91388406
16.67402916
-2.11411107
-3.32290940
-2.17672574
-3.66830160
-16.53909763
-17.93495802
-14.19132677
-16.66127558
-19.04226508
-14.44926019
-16.81324171
-16.44822928
0.42037897
-3.90886208
-2.94074136
-5.79032125
8.66730424
11.10689796
10.62353723
12.58352463
7.22900632
6.88418255
10.33321992
4.54087801
6.53463419
8.05411322
7.87085455
6.62292081
-7.73626931
-5.98771605
-6.47111021
-8.58519689
-6.27412979
-4.13015704
-4.61786330
-5.04292385
0.21713698
1.55259920
1.49415297
-0.13282980
2.91309972
0.94299998
1.81050714
3.39185462
-13.19912206
-13.76359090
-12.05885506
-12.89391006
0.18711974
-0.82815305
0.61780135
-1.03522762
-5.13439504
-8.57561026
-7.47463144
-6.61833280
6.65995110
14.50895610
8.58450239
11.88851995
6.93623655
9.78650494
6.55091826
9.06160504
-8.56166704
-10.84651186
-8.80510322
-10.12716086
-13.44005468
-10.54128930
-11.05540694
-10.25396360
3.38512581
4.24887959
4.41438442
6.54352019
-7.10007432
-5.95238176
-8.02625573
-4.02671489
-3.28316043
2.03654214
-5.67023680
-0.11209368
-2.93777150
0.88038321
-5.37490525
-0.12603228
-6.23547955
-9.43528309
-6.72578332
-7.39777585
5.76205701
7.56471904
7.03428733
6.40252132
15.01923590
15.60894623
14.43863899
15.69384338
-3.85847287
-5.67393278
-2.69968448
-5.20328338
2.01601493
0.69874411
2.63849895
1.47977026
-4.40550781
-6.14327296
-6.28495178
-7.18993732
2.10325939
1.19212537
2.84778509
3.66748477
-17.15541527
-16.18117481
-17.32888435
-15.17588645
8.72990978
7.56371836
10.62584290
8.69339158
-4.31823210
-1.61296765
-4.77963009
-3.96279679
3.64666375
4.62908337
4.58839305
5.37258397
6.90386834
6.99452961
4.55671824
8.98057400
-11.46510770
-13.30019471
-10.28267330
-12.36834740
8.52200761
9.03199000
10.00746105
11.00009691
-5.15701535
-4.93871184
-3.25472464
-3.89626764
-10.90421336
-10.65608902
-13.90088833
-12.83958381
0.67454828
-0.48391316
-1.80599603
-1.91834207
-6.40139401
-2.68299560
-6.21026124
-4.99714377
-17.05345103
-14.97685328
-15.55568378
-15.22705101
-0.21139724
-0.17843346
-0.54640494
2.03063787
-4.17583375
-2.44504336
-4.98428166
-3.31522887
-11.44566853
-9.62273399
-12.26376963
-11.69216437
0.17081071
-3.21069998
-1.37011603
-3.11930806
3.65981305
1.58543785
3.26927813
2.25664776
-14.18126289
-12.70813004
-15.21159120
-14.06333084
-0.91974891
-0.69871212
-2.59722715
1.01461582
-1.03572540
1.30627779
1.28931084
-0.01223313
-1.10055923
-1.95446607
-0.54497610
-2.79849347
16.74339606
16.08926779
17.01168513
15.03049276
-5.49631886
-3.05471976
-3.40836598
-1.37143374
0.67366766
-1.19831821
-0.75287117
-0.18432786
11.91485300
12.19421745
12.96550992
11.54052531
-9.30747049
7.56827057
-11.76935150
4.84135703
-9.22293226
7.15186381
-10.03768041
5.09530598
-16.95209677
-14.37388662
-15.20361188
-15.94248853
-18.46740862
-15.68987879
-15.92040115
-18.48757241
15.87866385
16.86157500
13.50520312
17.87451733
14.68657831
15.63573557
14.98243777
17.69933278
6.51176333
5.13022826
4.74633628
5.58979231
5.19008823
4.55636124
5.64863471
6.55420595
12.81426926
11.36042803
14.30824975
10.75531692
13.84603724
12.96229765
14.61061064
9.76629040
-9.07976250
-8.06751726
-8.53798315
-8.21869439
-11.03749873
-7.41297722
-9.98241217
-9.08770763
9.77676149
10.81360958
12.37516854
11.39264977
9.97253588
11.57188643
12.75563590
10.82837053
7.52731568
4.97673954
7.39782687
4.79342493
9.22742249
5.98344742
7.59219130
5.90815035
2.98338614
-11.41914271
6.37343482
-5.57189479
3.06415131
-9.42714054
3.99617286
-7.33654336
2.53232134
-10.59191434
3.95920663
-4.58912492
3.49554603
-9.12914392
4.99949828
-7.26378588
2.29502482
-0.05264186
3.64396473
-0.66152391
1.89653697
1.38849917
3.38808207
-1.56148092
-12.64918008
-10.78817101
-12.25596105
-10.60744942
-13.12467048
-8.73222846
-12.47340530
-10.27603412
7.25908449
8.44662795
8.35527701
5.59162467
9.07780430
8.00070128
9.48445824
4.78702394
-8.03699713
-12.81317274
-10.57592631
-11.74542284
-9.07718406
-13.72356215
-10.92020909
-11.21073026
-5.39195921
-7.28817168
-6.31534504
-5.46652398
-4.81618452
-8.20913582
-6.31937771
-4.89989703
6.82781390
11.41945068
8.31307558
12.04321896
6.99798090
12.42687830
9.48387980
13.44533972
-12.87989865
-16.50698242
-15.00388284
-15.67132250
-14.20134632
-15.69529782
-15.24595770
-15.26608049
8.64289399
10.21350944
8.24820059
7.79628592
9.68926627
8.93290102
8.56385813
6.03396674
