-4.22873542
-6.29204015
16.68759394
2.60497414
-17.48513659
13.79626394
0.68540439
11.32905371
11.98248233
8.31133788
4.30291970
-4.44181894
8.72125274
3.42651166
6.42187993
-11.25247682
-7.47529916
-3.89019979
8.45022535
-1.59174541
-0.41577355
-11.82223816
-8.26225460
-0.07003297
0.19169143
2.33935753
-7.36405268
14.79979242
5.61560194
-1.93189633
-5.01620691
2.40824896
4.63393933
18.74203094
-15.17841799
8.89327092
-8.10789691
0.52263625
-17.83807850
-10.18415431
-1.05581638
-5.64318381
-1.48545186
5.58830667
-11.86069857
9.54081557
13.15505705
7.71708631
3.25703358
-5.26889579
-8.14881077
-0.96890423
-5.99121951
-0.63447807
-4.38500089
-11.83285531
17.04651549
-13.96889599
-3.22749243
8.56463598
-8.10334500
7.48306007
-11.07613866
3.69236097
-1.18440973
1.09327484
3.09188840
-12.88831745
4.10832350
14.45332700
-0.13149910
-8.42533970
-17.65665911
0.60954185
10.86033865
-15.38331987
11.85345149
-3.35414330
-14.53707430
-9.12542767
-3.35492831
-4.29656774
9.74535504
14.42894211
5.45419384
-5.29294584
10.32613282
2.94947653
7.78031361
-11.54061773
2.96826013
-0.74246015
-13.54292883
7.36398251
-5.12110506
6.99894217
15.61058989
6.63050999
-17.88691487
-7.92184489
-15.18553303
16.54377448
6.08246185
10.85632838
-7.08167622
9.86784060
3.97222351
5.35925270
-6.21979120
0.58770584
-9.72145938
8.86701864
-12.10610735
-6.51737936
10.82061042
-15.59556482
9.70519525
1.70959308
9.74820740
-9.80326080
15.43590679
11.75974620
0.27964932
12.50484385
-14.87655247
10.49150599
1.06896864
-2.37923673
16.84329401
-12.22833713
2.94103815
12.02931631
-9.30778015
-5.50511924
2.67675578
-0.41199208
-14.06503052
4.64612711
-9.84197441
16.22505073
-4.55069563
12.46913812
2.49096876
14.25642444
-1.45367512
-17.77729541
-15.34991284
-4.14597477
12.18893052
9.21281978
4.57233745
-5.02599728
-3.30045096
2.44337445
2.23102933
-14.33927152
-1.90196877
-7.29203008
13.75655680
10.20277050
-9.66447913
-11.35876514
5.39859322
-5.08732091
-4.48223947
-1.12912496
-8.22136660
6.89607093
15.67283438
-4.97968590
0.81634404
-5.28523254
2.25394855
-16.35767974
7.65612136
-2.93604151
5.65690072
7.84575824
-12.26825504
9.84322864
-3.94720913
-9.73886068
-1.25309475
-2.89960480
-14.12048914
0.76363863
-2.82169081
-10.28382855
-3.37153330
0.64655883
-13.48393803
0.04642160
0.32964508
-1.69582493
16.72799609
-3.96099404
-2.19156870
12.67995915
-10.99449187
4.16463028
-14.35916552
-16.84628449
14.44403921
16.57167489
4.60717073
6.21043078
15.12369254
11.21993792
-7.69721881
-9.03739101
13.15754786
12.25931078
7.98906358
3.91488824
3.50522171
-8.34170303
4.33129410
-6.44642796
3.89141176
-0.75677223
-12.25697620
-11.14874872
9.26616443
6.24487537
-10.09537923
-10.63870861
-5.24903308
-5.77833028
7.28121855
12.84802479
-14.06363282
-14.80069847
8.71789736
7.80769778
5.44593089
1.28879829
5.63272886
6.64584391
-6.60557278
-8.98169641
14.43788467
14.43166072
9.60919375
10.50649122
-1.26865062
-2.50243758
13.53029734
9.91135097
-13.24803096
-11.81114323
12.52325509
9.11480968
0.14634013
-2.27119815
2.21339386
-6.41213595
17.50293783
16.91652946
-13.51154139
-11.19289485
2.10743899
6.05000998
13.22597783
10.53702330
-6.62709981
-6.92299958
-9.44727022
-7.62027705
5.61249563
4.32226214
2.19983908
-2.11889818
-12.33067313
-14.64033259
1.48715349
-8.30161826
5.83461070
-10.40090021
17.55048572
13.70053291
-2.96218435
-2.17982488
14.50609363
13.78259545
-0.13746054
0.05113827
18.02782984
15.24700640
-1.01633878
-5.27438142
-14.21601666
-16.55063985
-17.18463518
-17.64956161
-2.46502320
-5.46772900
11.14507724
11.71780687
7.78419680
9.50924658
7.95392587
5.48360402
-6.44247045
-7.26564452
-7.05656857
-3.76969987
1.85295768
1.03404292
1.41839666
2.43207562
-11.70759041
-12.51664960
0.35978349
-0.02737151
-6.22608889
-8.17153313
9.12204311
10.61910372
8.53488639
8.14617422
-8.43631480
-9.14279632
-12.13268461
-9.79985752
4.34102843
6.39045502
-6.90527300
-3.27883940
-2.68674911
0.92127569
-5.02115759
0.88327625
-5.91620051
-7.12386371
8.43249492
4.75816493
14.61035452
16.64019825
-2.13571245
-4.43195553
3.15251017
1.71393947
-6.24830882
-6.05980008
2.90502121
2.67094532
-17.95185193
-14.35949700
9.67198844
7.73950140
-3.65868605
-4.02259925
5.32983099
5.87884822
4.66486976
7.74186932
-10.31001327
-11.26078553
10.95398895
10.75304749
-4.26206733
-3.03777688
-13.40371610
-11.69497154
-0.85259141
-2.34442417
-6.62456605
-4.63885230
-16.04929756
-16.19955459
-1.30528799
1.71846147
-5.09078937
-3.94508839
-13.15205137
-10.61283601
-2.37625957
-4.09914853
3.99573317
2.34335455
-16.21945487
-15.04586170
-1.97303867
1.93599706
0.44440514
-0.46422639
-0.47057126
-1.91047855
16.26866720
13.91895700
-3.87534514
-2.46913905
-1.45815453
-0.76388647
12.49187324
12.08130075
-9.04037086
6.05981172
-10.67859026
5.27410640
-17.26813235
-16.04695261
-16.88205403
-17.49930650
15.56230013
16.29877515
15.67708007
18.44107282
5.88381003
4.16196191
5.73240518
7.02252363
13.48536079
12.08409633
13.67015180
10.16934128
-10.20610321
-7.21522784
-9.40496136
-8.60847909
9.23274549
11.58079211
12.45088510
11.52553874
8.13653615
6.61213609
6.45622875
4.81371322
3.44294300
-10.07338023
4.88702273
-3.87364571
4.38560546
-8.20499912
5.96407896
-7.61787892
1.92143135
1.37974815
4.05983670
-2.51877792
-13.20426657
-7.69379404
-13.01700108
-10.88480412
8.16046657
7.13554633
9.92379024
3.83031980
-9.68397088
-13.13266239
-11.55240604
-12.18091649
-4.25732720
-8.47742449
-5.65294808
-4.66389376
5.99805545
11.35569678
9.10466164
13.12280751
-14.12588825
-16.09344095
-14.74792271
-15.45382720
9.92859487
9.17013390
7.93052410
6.38510748
2.56909385
2.91783197
5.19404616
1.69963595
7.02940106
8.52456368
6.32020708
7.71425663
-7.62922240
-11.11429469
-7.91184378
-9.20547576
13.22883631
15.55895905
13.22861690
14.43672850
10.95672522
11.13919893
10.35923192
11.81732242
-3.68588658
-0.66590261
-2.42634222
-1.98372732
15.15123095
11.13591926
13.03004447
11.12240918
-12.59733528
-15.79294808
-13.96643929
-13.13974944
9.80628143
9.80394493
13.19220425
8.39241083
1.14235222
-3.23944757
2.29295356
-3.43996606
-0.88398144
-1.10029582
3.33378895
-5.43224589
19.00484766
17.93748075
18.63365442
15.63453398
-11.69358578
-10.84035712
-12.75100907
-9.91753768
3.86912418
4.68277401
3.63550153
5.94633918
14.32800164
10.92625733
12.11897039
11.91420382
-7.13140335
-9.41733903
-7.70675271
-7.99078144
-8.97869744
-6.75883319
-10.11202568
-6.28477612
4.48433692
3.56047545
5.12080420
2.97880816
0.55245140
-1.78738550
1.68125575
-1.19060394
-14.43072792
-12.88636732
-13.55867331
-16.01999606
3.48164209
-8.53285194
3.71233635
-11.28413426
2.32501506
-7.29924047
5.74828298
-9.60590995
15.77791610
15.04144359
18.39857261
13.07359649
-1.65874656
-3.48540575
-2.86891727
-2.17215927
13.12661429
13.78832988
15.16630763
13.18659267
-1.46003306
1.11358864
0.37704745
0.87121750
17.68215426
13.09381887
16.81720302
16.50193321
-2.13459840
-3.24870657
-2.12719692
-3.68111194
-16.39215498
-17.74382412
-14.13356105
-16.60741303
-18.85651122
-14.29707538
-16.53040338
-16.45431872
0.42682581
-3.88850996
-2.89143348
-5.73090125
8.50562735
10.90664761
10.38612248
12.44743685
7.18735218
6.79103223
10.32749243
4.47512922
6.51469816
7.96152653
7.91655335
6.57658433
-7.69619378
-5.90818372
-6.43100040
-8.52171920
-6.19231465
-4.09673109
-4.56980732
-4.97496814
0.23365926
1.55648789
1.49601988
-0.12321894
2.87836059
0.99315894
1.79065386
3.36502801
-13.03648940
-13.71041195
-11.96616098
-12.78258640
0.17217145
-0.84228100
0.58431088
-1.00708328
-5.06366317
-8.50698851
-7.42877741
-6.57539673
6.67688910
14.45412217
8.49422835
11.80150924
6.92561651
9.69230728
6.57017765
8.99709916
-8.51027398
-10.76243707
-8.78744809
-10.06207351
-13.36109387
-10.47764352
-11.02441193
-10.17467800
3.32670167
4.19613221
4.35173791
6.50038302
-7.04386799
-5.90101806
-7.94881376
-4.03332747
-3.28060800
1.99852813
-5.63935566
-0.09857112
-2.90972918
0.85223744
-5.32013185
-0.12104042
-6.21844502
-9.37149368
-6.66815168
-7.37498994
5.73501891
7.50701932
7.29502711
6.34255801
14.92593617
15.50933456
14.35261974
15.59285092
-3.82046600
-5.60172844
-2.67009079
-5.19030233
1.98372389
0.71952907
2.59431228
1.45111145
-4.36365906
-6.09511754
-6.22526746
-7.13415001
2.05589963
1.12543833
2.83364529
3.70824812
-17.00399078
-16.07824235
-17.21198253
-15.06315976
8.71334496
7.48526784
10.54600654
8.62835408
-4.26451557
-1.60790306
-4.72271336
-3.90227043
3.66019958
4.58908386
4.75207893
5.38635241
6.92117068
6.94810473
4.63182307
8.88769708
-11.36004787
-13.20521570
-10.22635062
-12.26549318
8.44585003
8.96049457
9.95119324
10.89771356
-5.14995895
-4.94262200
-3.27348269
-3.80802978
-10.83789817
-10.54463395
-13.80124890
-12.75145542
0.66120930
-0.47371348
-1.79491832
-1.89082746
-6.29146182
-2.69777478
-6.15377572
-4.96007070
-16.89526832
-14.86562243
-15.43474168
-15.11530682
-0.18465237
-0.16386213
-0.55437289
1.99166254
-4.19857962
-2.41845641
-4.94531458
-3.26816805
-11.32205315
-9.55423568
-12.14802088
-11.59978258
0.28768932
-3.22349206
-1.36947019
-3.10337932
3.60699781
1.52000529
3.22327492
2.22447719
-14.11728499
-12.65180305
-15.13684235
-13.93350721
-0.90017985
-0.68446443
-2.56327931
1.04943332
-0.96785647
1.32939248
1.24417231
-0.01443581
-1.12708988
-1.93828762
-0.55121006
-2.78155566
16.65340729
16.00482057
16.96575407
14.95086534
-5.46600889
-3.01932284
-3.39458687
-1.40419534
0.66183590
-1.18946920
-0.78294576
-0.18209798
11.88409441
12.09515807
12.92363779
11.48796441
-9.23623309
7.63801808
-11.72369962
4.80755192
-9.16540652
7.07139537
-9.94457828
5.06799987
-16.85601620
-14.40716440
-15.11616857
-15.85095852
-18.28848248
-15.52541699
-15.84592920
-18.38639598
15.80464765
16.80091925
13.42477980
17.80671889
14.54842774
15.57177500
14.91807146
17.57000365
6.48906255
5.04097543
4.76785605
5.54330312
5.21812278
4.49343031
5.61446050
6.48294755
12.69902690
11.20640854
14.18228775
10.57709358
13.70072082
12.83893189
14.54265519
9.54978909
-8.99006084
-7.99199549
-8.42409874
-8.10380211
-10.92180737
-7.26286123
-9.87284599
-9.01848811
9.72417114
10.73170218
12.29450028
11.25834951
9.91418747
11.50435846
12.69082710
10.73278056
7.42785981
4.83739343
7.27437203
4.74255646
9.09482726
5.79962828
7.44434365
5.79639657
2.96517670
-11.43438845
6.33585904
-5.54709676
3.02197772
-9.35570654
3.97061101
-7.24978993
2.53948541
-10.65157928
3.89524232
-4.59339687
3.49520409
-9.10553072
4.99513388
-7.20136233
2.23036753
-0.10338210
3.54565856
-0.70429715
1.84871217
1.36703135
3.38926318
-1.53751564
-12.58600641
-10.74779120
-12.12447673
-10.49790475
-12.99581032
-8.73196390
-12.39162393
-10.16054785
7.26884232
8.28810792
8.30950919
5.52314411
9.13679208
7.82413742
9.31420598
4.79301442
-7.97107671
-12.80005825
-10.58236259
-11.61628272
-9.08878067
-13.55579061
-10.82661510
-11.20213426
-5.15233213
-7.26191564
-6.22663850
-5.49424614
-4.77551815
-8.14815030
-6.14862494
-4.70954284
6.74484688
11.35193641
8.23714329
12.05499614
6.95868353
12.35732760
9.44382870
13.33657861
-12.87726853
-16.45021385
-14.74622680
-15.39594777
-14.15397327
-15.50692552
-15.15610025
-15.17791753
