-4.23561993
-6.38143927
16.87100192
2.67967472
-17.69260115
13.91528785
0.69409248
11.48354973
12.05813695
8.46276579
4.55243392
-4.47203241
8.78708874
3.46226557
6.44651662
-11.41374791
-7.60336886
-3.91856952
8.56428546
-1.57964259
-0.43726704
-11.96105333
-8.33704573
-0.14201015
0.17224463
2.42485733
-7.46270330
14.89792571
5.57143267
-1.89389472
-5.03120801
2.44418671
4.86897822
18.88392211
-15.31562335
8.94312830
-8.21680422
0.61143043
-18.06436060
-10.32932812
-1.04080352
-5.73403910
-1.53705139
5.67047026
-11.94584690
9.62141934
13.30423358
7.81069261
3.31126919
-5.33087478
-8.26272063
-0.97214208
-5.98239570
-0.61699093
-4.39618412
-11.90963074
17.12077849
-14.18537674
-3.24973652
8.50055715
-8.17926860
7.52609977
-11.18119492
3.76226951
-1.22879434
1.13739124
3.25468948
-12.99011262
4.17426260
14.57076760
-0.20952367
-8.50673753
-17.86786010
0.61377429
10.89520245
-15.47201586
11.94959229
-3.36944364
-14.73009648
-9.23048000
-3.60861366
-4.48228192
9.98693155
14.62246806
5.40497946
-5.29834983
10.39012939
3.00671970
7.80045469
-11.64980406
3.01289095
-0.77304943
-13.53677164
7.36300974
-5.16058925
7.03031995
15.72170592
6.54257160
-18.07310944
-7.87967561
-15.21437739
16.70526568
6.18978980
10.96927127
-7.15892726
10.03121024
4.09492405
5.41095131
-6.27618170
0.61311294
-9.79178206
9.06624872
-12.15049271
-6.41002599
11.02317341
-15.63430133
9.33344275
1.32121149
9.84051540
-9.90657705
15.62065207
11.85975506
0.28153862
12.67716138
-15.04297594
10.59758325
1.10158681
-2.45574491
17.00773083
-12.39483514
2.97137421
12.16279112
-9.52086819
-5.59340084
2.62875078
-0.40630639
-14.13705759
4.70102609
-9.91204034
16.37713175
-4.53165591
12.54574323
2.41458487
14.44091085
-1.42130272
-17.94567286
-15.58478265
-4.22598122
12.42086771
9.20565939
4.63423673
-5.12274304
-3.34810363
2.47469793
2.22979948
-14.62895644
-1.94291565
-7.35970432
13.86232585
10.32395999
-9.70786979
-11.39809755
5.53006079
-5.11421374
-4.51412430
-1.21264190
-8.27256124
6.88902338
15.81100317
-5.02250201
0.82333669
-5.29269463
2.34097530
-16.52382951
7.67851155
-2.99180175
5.76357873
8.00369142
-12.40993994
9.94853809
-4.00387764
-9.82172354
-1.26991749
-2.84815573
-14.24235308
0.76632990
-2.81681725
-10.40946156
-3.32045083
0.72445639
-13.56550470
-0.02158369
0.27572361
-1.67622413
16.95885328
-4.04119986
-2.21735614
12.78671960
-11.05978212
4.18102409
-14.46890494
-16.97428016
14.58160219
16.74289096
4.60295552
6.22625289
15.28956560
11.36054163
-7.84879561
-9.19059530
13.28477774
12.43769814
8.07083748
4.08981513
3.54655603
-8.49690151
4.37742357
-6.54813833
3.94669580
-0.88493183
-12.33106288
-11.29472504
9.39309381
6.36498792
-10.24633952
-10.78588781
-5.30167237
-5.81263628
7.35927444
12.82024353
-14.11770606
-14.80270062
9.22247973
8.33561470
5.31520774
1.01207202
5.76509788
6.83386671
-6.69183711
-9.06381458
14.58047663
14.57554605
9.63284976
10.61660596
-1.29401582
-2.52506217
13.76505440
9.93726072
-13.33513130
-11.92485139
12.65490817
9.19982837
0.17116866
-2.35372201
2.25637679
-6.40631328
17.66849970
17.05407194
-13.66657065
-11.38927673
2.20202940
6.04882497
13.35820794
10.68100833
-6.60380824
-7.15408772
-9.58097056
-7.76646639
5.64099957
4.30652886
2.21863879
-2.05303798
-12.43927317
-14.79419103
1.53290696
-8.39665889
5.90201217
-10.50817750
17.72266451
13.77835269
-3.04359284
-2.23242942
14.63360404
13.94048430
-0.17786934
0.05275700
18.16586317
15.48154071
-0.91579628
-5.40889087
-14.38905225
-16.72447765
-17.37504107
-17.76601739
-2.50543705
-5.56827282
11.27400197
11.88391614
7.87029331
9.65758271
8.13516350
5.57843173
-6.49003292
-7.33645307
-7.16135337
-3.84826633
1.89960114
1.04187280
1.40378530
2.50260648
-11.82686477
-12.59751104
0.34224873
-0.01506032
-6.26593624
-8.25013677
9.28001691
10.67799708
8.63035757
8.18316056
-8.49958814
-9.23449285
-12.24370885
-9.83076038
4.32358580
6.53809728
-6.90558833
-3.25226870
-2.70135466
0.94599267
-5.07239265
0.91897217
-5.97124877
-7.19741419
8.23902995
4.78439760
14.79091583
16.80266603
-2.16073818
-4.47945231
3.18892528
1.72289123
-6.31527350
-6.12511588
3.05518986
2.62869558
-18.08930187
-14.48890989
9.70783689
7.84393350
-3.69254897
-4.02838113
5.34307250
5.85140072
4.61354269
7.82906853
-10.40953425
-11.37865009
11.06035197
10.82497516
-4.27043392
-3.04687218
-13.54797095
-11.76882611
-0.90180053
-2.38978075
-6.76060828
-4.71062898
-16.23147284
-16.35422071
-1.31053146
1.73334652
-5.11562506
-3.99865989
-13.27617524
-10.72266624
-2.37236820
-4.10463023
4.02997484
2.38282136
-16.42309687
-15.12908218
-1.99025841
1.96127477
0.46706941
-0.41993859
-0.43669280
-1.91234518
16.38461944
14.01148803
-3.87744506
-2.47524933
-1.52245000
-0.79448098
12.57521855
12.23200882
-9.05634001
6.08000096
-10.75218575
5.36440385
-17.47606371
-16.23074621
-17.00587856
-17.59473637
15.72317284
16.45160254
15.80499678
18.56852022
5.87421285
4.16157037
5.85652484
7.16077345
13.55820798
12.29579294
13.81205518
10.33066759
-10.34823560
-7.34443729
-9.57230120
-8.79594136
9.38204338
11.70354200
12.54367689
11.61378306
8.19568239
6.85907973
6.52190172
5.01463820
3.45007396
-10.10325940
4.98479636
-3.89836865
4.42344631
-8.24911585
6.01519282
-7.69018416
1.91239277
1.44478728
4.10161044
-2.50770772
-13.29767326
-7.71026926
-13.06948504
-10.95979805
8.22975219
7.36657915
10.00568864
3.84769333
-9.69501228
-13.14961155
-11.64987543
-12.22235950
-4.37436766
-8.69530356
-5.72567431
-4.43928093
6.06182167
11.44910975
9.28510927
13.19908727
-14.27315142
-16.30993438
-14.71906724
-15.57423426
10.21071916
9.37559475
7.61392320
6.97214467
3.07673869
2.83364158
5.70687472
1.75081496
7.15039743
8.65525571
6.50677087
7.79889255
-7.69235897
-11.24652850
-8.01010816
-9.31388749
13.33171681
15.72769904
13.36376003
14.58312666
11.08676814
11.22257998
10.45786316
11.94328017
-3.64729619
-0.65766867
-2.41254659
-2.03523447
15.32221487
11.37696400
13.23789393
11.29029871
-12.71039869
-15.99601969
-14.10216544
-13.26081038
9.89507556
9.93471517
13.24748363
8.49460793
1.20591494
-3.37416849
2.33190779
-3.49054330
-0.86822527
-1.14083874
3.39865755
-5.36297480
19.21893834
18.12453771
18.79098871
15.77046259
-11.74139750
-10.97634280
-12.80451459
-10.09145988
3.91611088
4.67755972
3.64686764
5.99725139
14.49949072
11.01159020
12.23075342
12.04208998
-7.25625221
-9.51734576
-7.69132155
-8.26387363
-9.11515756
-6.86076666
-10.19593860
-6.40505024
4.47560711
3.56654452
4.93845530
2.99133737
0.56531555
-1.80244227
1.67764770
-1.22108146
-14.56755699
-12.99988862
-13.65680442
-16.18130947
3.50187325
-8.65346105
3.71107362
-11.40297301
2.27607120
-7.36716636
5.82038575
-9.72217010
15.84820606
15.12958080
18.48607662
13.26632695
-1.71528226
-3.41195728
-2.85680385
-2.12605332
13.23855795
13.88846114
15.30084298
13.31029825
-1.42808163
1.17390495
0.38634445
0.86222626
17.92100812
13.28093378
16.95036980
16.72706115
-2.10305404
-3.34281873
-2.18425527
-3.67196649
-16.57484742
-17.97702007
-14.21039525
-16.70291087
-19.08761009
-14.50010570
-16.87989563
-16.47211865
0.29440476
-3.91314125
-2.95653278
-5.80889785
8.70912304
11.15171055
10.54802105
12.60779972
7.23763257
6.90891654
10.34707125
4.55530463
6.53765606
8.07380716
7.88418343
6.63554742
-7.75006734
-6.00944794
-6.48226049
-8.60666625
-6.30387252
-4.14323221
-4.63529944
-5.06388895
0.21490240
1.50525544
1.49689285
-0.14466236
2.92217119
0.92748644
1.80302872
3.39333357
-13.23747206
-13.80043883
-12.09700179
-12.93425641
0.19289787
-0.81977403
0.61896884
-1.04139869
-5.16029039
-8.60081838
-7.49046940
-6.63408950
6.65615848
14.53619341
8.62835754
11.91970559
6.94195633
9.81321376
6.53453548
9.07751447
-8.57541491
-10.88191379
-8.83261378
-10.14312886
-13.46927072
-10.57917273
-11.07151363
-10.27756514
3.38063894
4.34321420
4.44891358
6.54722721
-7.11002623
-5.96480778
-8.02744722
-4.02908565
-3.28682096
2.05277743
-5.68135353
-0.11646711
-2.94946166
0.89473568
-5.39604695
-0.13677037
-6.24410018
-9.44374679
-6.73780169
-7.39974912
5.74801927
7.60077462
7.07153712
6.38281114
15.04965212
15.63948051
14.46666173
15.72901966
-3.86756422
-5.69327610
-2.71118230
-5.21155635
2.00577245
0.69326188
2.63731036
1.48245446
-4.41153912
-6.15894731
-6.30185855
-7.21447868
2.13034688
1.21405852
2.85965919
3.65050316
-17.20305873
-16.21337829
-17.36506121
-15.21537548
8.72915780
7.56739198
10.65090460
8.71571651
-4.33446603
-1.61305157
-4.80230849
-3.98543023
3.43219857
4.63624441
4.57191502
5.39497085
6.90719641
7.01451107
4.52820354
9.01182546
-11.50227957
-13.34112364
-10.29808083
-12.40264086
8.54510997
9.06805124
10.02567212
11.02885700
-5.16273939
-4.92669956
-3.25269449
-3.94433006
-10.92721240
-10.69361690
-13.93224822
-12.86783364
0.55296358
-0.48619925
-1.81014959
-1.92714109
-6.44325461
-2.68390057
-6.22250497
-5.01169659
-17.10560070
-15.01116649
-15.59292399
-15.25996450
-0.22098474
-0.18148522
-0.54613133
2.04386561
-4.17364262
-2.45535062
-5.00063456
-3.33339896
-11.47200451
-9.64620306
-12.29283710
-11.71678038
0.13273639
-3.21186151
-1.36550526
-3.11945628
3.91709049
1.57073432
3.24018488
2.44632932
-14.20310557
-12.73414584
-15.24225721
-14.11245696
-0.92199323
-0.70320709
-2.60933137
1.00377313
-1.05163373
1.29661101
1.29851329
-0.01243400
-1.09149695
-1.96138757
-0.55023245
-2.80666670
16.77935383
16.12259830
17.02544887
15.06141096
-5.50732371
-3.06309018
-3.41150004
-1.36342991
0.54252967
-1.20524120
-0.76227523
-0.19904601
11.93234180
12.22759311
12.98340866
11.55775821
-9.32934644
7.54684467
-11.79267722
4.84205963
-9.24398237
7.15122688
-10.05720944
5.07567934
-16.97471952
-14.35638522
-15.22477636
-15.97729553
-18.52703928
-15.75045976
-15.94904717
-18.51221698
15.90336301
16.88069226
13.53413400
17.89439002
14.73588731
15.66652521
15.00991905
17.74288868
6.51958333
5.15440661
4.74552942
5.58962251
5.19463760
4.56935005
5.65600654
6.57391689
12.85408576
11.40490872
14.34795259
10.81110352
13.89340870
13.00015936
14.62988650
9.81448821
-9.11385461
-8.08889299
-8.57786329
-8.25864072
-11.07600880
-7.47142882
-10.02163870
-9.10443637
9.79898398
10.84338280
12.40628041
11.43139725
9.99785835
11.59966857
12.77748997
10.85120217
7.55386540
5.01341744
7.43592167
4.81490629
9.24219337
6.07949118
7.62927502
5.94840038
2.99193485
-11.42709966
6.39599035
-5.58413306
3.07856652
-9.46703770
4.00420245
-7.36646817
2.53513167
-10.59222556
3.97760449
-4.59225350
3.47042768
-9.13944255
5.00961633
-7.28101016
2.31036026
-0.05206025
3.63359486
-0.65526775
1.90050545
1.39805495
3.40362775
-1.56298801
-12.66718706
-10.80665306
-12.29436188
-10.63984382
-13.16919234
-8.73083709
-12.49405344
-10.30670672
7.23885163
8.45750778
8.40108752
5.58151605
9.08593891
8.02750972
9.50316834
4.76724233
-8.05814999
-12.80931529
-10.56937501
-11.78081487
-9.06755320
-13.75303448
-10.94462695
-11.23203699
-5.46828176
-7.28740564
-6.34139980
-5.42841745
-4.83004842
-8.23495273
-6.35705510
-4.94307227
6.87096070
11.43486317
8.34309254
12.03730207
7.01935394
12.45098954
9.49256055
13.47746946
-12.90078669
-16.55362096
-15.04587350
-15.73087058
-14.21590919
-15.73979908
-15.27278172
-15.31437205
8.62749973
10.24165410
8.25461174
7.93907284
9.68265413
8.89133651
8.59837092
6.15065180
4.26430595
1.96381107
5.59335331
1.63741574
2.31433452
3.16541789
4.98182661
1.47412429
