-4.23168584
-6.33051549
16.78102103
2.60525193
-17.58810074
13.85413517
0.68773418
11.42361275
12.02023228
8.38798121
4.32636082
-4.45642896
8.75116450
3.45221412
6.43114578
-11.33242010
-7.53972824
-3.90133598
8.52420544
-1.57179873
-0.42713013
-11.88539410
-8.29651292
-0.04811518
0.18367556
2.38050749
-7.41672306
14.84662092
5.59432580
-1.91536425
-5.02342983
2.42204479
4.68499763
18.81074705
-15.24640541
8.92004132
-8.16072831
0.57073828
-17.95241378
-10.25890923
-1.05473182
-5.69074310
-1.51104357
5.62706777
-11.90140853
9.58119426
13.23103323
7.74657683
3.28224982
-5.30185644
-8.20992466
-0.96356465
-5.95585148
-0.63646708
-4.38082848
-11.85904967
17.08988921
-14.08513280
-3.24528142
8.56721317
-8.14459644
7.53819889
-11.12015691
3.72158203
-1.20442366
1.11135752
3.17177752
-12.93484240
4.15196825
14.50287628
-0.17495082
-8.47025949
-17.79344251
0.61259856
10.87189457
-15.41010097
11.89332080
-3.35461089
-14.61961610
-9.17630677
-3.52524794
-4.42050212
9.79103570
14.50529883
5.43608397
-5.29179743
10.36493209
2.97456399
7.78339769
-11.58140701
2.99706526
-0.73209201
-13.55626436
7.36003841
-5.14113194
7.02838859
15.66445026
6.65892761
-17.97969189
-7.91721964
-15.19778296
16.62470451
6.16440383
10.91427977
-7.12276415
9.96123201
4.03243726
5.38153854
-6.24771507
0.60676260
-9.75241865
8.96923020
-12.12471155
-6.48048460
10.95303010
-15.57287877
9.74918669
1.72764638
9.80057216
-9.85568642
15.53218171
11.79365724
0.27758458
12.55720394
-14.96157764
10.55421095
1.08261879
-2.41322097
16.92757137
-12.31135402
2.95863695
12.10607735
-9.40241552
-5.55161895
2.64683396
-0.40045803
-14.10617638
4.68284359
-9.87712591
16.30263673
-4.54949514
12.50459928
2.50216705
14.35357129
-1.42827003
-17.85870730
-15.49962782
-4.18937991
12.26686007
9.18098281
4.60480881
-5.07352704
-3.32145191
2.47035469
2.23400161
-14.55812298
-1.91981167
-7.32653870
13.80622179
10.24976472
-9.69056590
-11.37337836
5.43268341
-5.10437599
-4.49262177
-1.19363743
-8.24064122
6.92561319
15.74146151
-5.00872510
0.82375838
-5.28114259
2.29314099
-16.44642254
7.66910724
-2.96755374
5.72186032
7.91570706
-12.33341753
9.90273288
-4.00047343
-9.78609252
-1.26160651
-2.86835146
-14.18491588
0.76039209
-2.80331165
-10.32992583
-3.35124317
0.69175901
-13.52530179
0.01677623
0.31117947
-1.68316396
16.84397975
-4.00314970
-2.20387348
12.72575593
-11.01501788
4.18942065
-14.41487812
-16.90740212
14.51200997
16.65332026
4.60730187
6.21926557
15.20374030
11.29077616
-7.77061241
-9.11401729
13.21774544
12.35461331
8.02928840
4.00159981
3.52438832
-8.44454791
4.35374078
-6.50003653
3.91545773
-0.82699816
-12.28961390
-11.21551378
9.31215102
6.32022502
-10.17790518
-10.71864198
-5.27778550
-5.75374466
7.30918878
12.82823470
-14.06019577
-14.69846584
8.74289881
7.83502371
5.49065996
1.30688704
5.67113480
6.68189642
-6.64795533
-9.01999399
14.51209873
14.50562230
9.61371856
10.56194290
-1.28154911
-2.51328378
13.61544587
9.93180124
-13.28642091
-11.86746504
12.60082604
9.15921450
0.15676344
-2.31724898
2.24532922
-6.41468210
17.58047063
16.98376911
-13.58949158
-11.28639093
2.15628404
6.06726366
13.29410755
10.61424838
-6.62135539
-6.99546693
-9.51901241
-7.69716912
5.63987204
4.33665570
2.20308470
-2.09677386
-12.38739896
-14.71638515
1.50943494
-8.35199316
5.87176033
-10.45750611
17.63835734
13.74163718
-3.01774778
-2.17986850
14.56296976
13.84653675
-0.15615289
0.05152852
18.09797871
15.36926733
-0.96207455
-5.34314748
-14.29822195
-16.66074529
-17.33739331
-17.72603141
-2.48353624
-5.51737035
11.20294751
11.78282683
7.83996664
9.58911116
8.07985289
5.53052373
-6.46606047
-7.30092604
-7.10706687
-3.80569518
1.87385416
1.03114051
1.41893358
2.46807706
-11.77601165
-12.52633056
0.35514391
-0.02645144
-6.24642782
-8.21242008
9.20425229
10.64970293
8.58113121
8.16793612
-8.47568144
-9.18168455
-12.19357326
-9.80908173
4.39452150
6.45937545
-6.91678476
-3.27179284
-2.68953149
0.94153973
-5.04668313
0.91742653
-5.93736854
-7.16544416
8.47085594
4.77739064
14.70904630
16.72194393
-2.15927061
-4.45948346
3.17904304
1.72714405
-6.28122410
-6.10159250
2.97987147
2.65483233
-18.01757532
-14.42693497
9.69111248
7.79608810
-3.67427627
-4.02593700
5.35517256
5.83129028
4.63602159
7.76233408
-10.36010790
-11.31957700
11.00633859
10.78752977
-4.25952788
-3.04002353
-13.47394487
-11.73663043
-0.87287536
-2.36327213
-6.69039932
-4.67556714
-16.14162220
-16.28199039
-1.31147112
1.72319222
-5.10122963
-3.97074140
-13.21349418
-10.67167729
-2.35979315
-4.10995695
4.03505081
2.37794450
-16.31802468
-15.07280621
-1.98140213
1.95274718
0.46270969
-0.43594282
-0.45047660
-1.90951527
16.32366226
13.96155497
-3.87540566
-2.47048409
-1.47028571
-0.77171173
12.53252302
12.15908837
-9.04335898
6.08835586
-10.71587090
5.30374725
-17.36092670
-16.13628555
-16.94142652
-17.55793499
15.63947747
16.36754197
15.73873964
18.50984544
5.87940848
4.15696439
5.79513794
7.06955642
13.51343697
12.19178592
13.73847334
10.24866505
-10.27864710
-7.27990162
-9.48288607
-8.69914603
9.30073573
11.63923475
12.49897653
11.56381837
8.15801293
6.73279573
6.47966744
4.90663582
3.44360341
-10.09709661
4.94147803
-3.87757573
4.39905527
-8.24528230
5.98471369
-7.63625812
1.91071806
1.41951901
4.08748937
-2.49310468
-13.24618560
-7.70160172
-13.04631663
-10.91366599
8.15216137
7.23156316
9.94745347
3.86268902
-9.69187433
-13.12236303
-11.59421902
-12.17952038
-4.26464226
-8.58972933
-5.72082517
-4.53475166
6.01693562
11.40709634
9.22994740
13.14770476
-14.21524760
-16.25551149
-14.68531058
-15.49494988
9.95084673
9.21285514
7.97709305
6.41738815
2.59645259
2.94527037
5.22922710
1.70344211
7.08700696
8.58461008
6.35700265
7.77049415
-7.66463392
-11.17963039
-7.96113741
-9.26012495
13.28197854
15.64475246
13.29878816
14.51390671
11.01869313
11.15452036
10.40108812
11.86369921
-3.67105297
-0.66739341
-2.41851782
-2.01362504
15.22004967
11.17722661
13.10283708
11.17038385
-12.65364550
-15.89327293
-14.03084235
-13.20227805
9.83811343
9.87751394
13.21638430
8.42966613
1.17231404
-3.34504482
2.31385334
-3.43669170
-0.88439205
-1.11648777
3.36782356
-5.40760671
19.11386250
18.03225472
18.70963097
15.69951253
-11.72567654
-10.90693427
-12.78421761
-9.99623780
3.90457894
4.69819587
3.65368752
5.97046703
14.41320555
10.96691323
12.17708111
11.98588458
-7.23410124
-9.47663647
-7.70884536
-8.13860989
-9.04716165
-6.81095858
-10.15199735
-6.34363250
4.51181319
3.57670005
5.14690672
3.01875233
0.54605233
-1.78956256
1.67484640
-1.20012200
-14.49866560
-12.94515452
-13.61252901
-16.10219664
3.49189221
-8.59865555
3.71599332
-11.34400203
2.30254766
-7.33625059
5.78945803
-9.66709153
15.81818751
15.09088360
18.44880139
13.17528015
-1.68752858
-3.43865057
-2.85641607
-2.15267464
13.16652094
13.82760731
15.22897866
13.23901178
-1.43932382
1.13692797
0.38943027
0.88031102
17.80376764
13.18982570
16.88121762
16.61883546
-2.11991880
-3.29960887
-2.16287252
-3.66925202
-16.50431524
-17.88558742
-14.16851742
-16.63383291
-18.99653450
-14.39946922
-16.73769079
-16.44798568
0.42486498
-3.90461517
-2.92506971
-5.76966824
8.53241071
10.97391917
10.43938192
12.51165493
7.21573140
6.85318173
10.32793878
4.52091338
6.50543276
8.02360075
7.86849768
6.60906656
-7.72164572
-5.96389445
-6.45978704
-8.56344936
-6.24690441
-4.11763553
-4.60139305
-5.02055098
0.22093422
1.56204305
1.49364334
-0.12908205
2.90053046
0.96124082
1.81683341
3.38714910
-13.16130148
-13.72824132
-12.01914172
-12.84671694
0.17684378
-0.83602089
0.60586042
-1.03018836
-5.11000147
-8.55288827
-7.45982039
-6.60379307
6.65851896
14.48546679
8.53317415
11.85364763
6.92841465
9.75546193
6.55938309
9.04665803
-8.54525713
-10.81876939
-8.78958378
-10.10387584
-13.41106528
-10.51279460
-11.03812230
-10.22965362
3.36444409
4.22959114
4.39422425
6.52937025
-7.08253062
-5.93530170
-8.02039097
-4.02591646
-3.27696342
2.02256653
-5.65914230
-0.10805899
-2.92690977
0.86913304
-5.35535184
-0.11600592
-6.22692842
-9.41609194
-6.71276387
-7.39696010
5.76492610
7.55930517
7.32534659
6.40609162
14.98886257
15.57867419
14.41110638
15.65945772
-3.84952131
-5.65314009
-2.69318871
-5.19770656
2.00555697
0.70572917
2.62434980
1.46823748
-4.39051085
-6.13030196
-6.26520711
-7.17447935
2.08133102
1.17052953
2.84327909
3.68250470
-17.10578716
-16.14744381
-17.29068679
-15.13692276
8.72932945
7.53401477
10.60290639
8.67422315
-4.30128848
-1.61448055
-4.75814842
-3.94092807
3.66404619
4.61562292
4.60495413
5.35974456
6.93662860
6.98628385
4.58091868
8.95371590
-11.43019006
-13.26876684
-10.26467995
-12.33451844
8.49640234
9.00153996
9.99203438
10.96918347
-5.15596683
-4.94010590
-3.26546472
-3.86141224
-10.88289428
-10.61615270
-13.86806326
-12.81139805
0.67057531
-0.48014890
-1.80323096
-1.91431124
-6.36151317
-2.68623364
-6.19431549
-4.98521724
-17.00096747
-14.94062023
-15.51735161
-15.19163585
-0.20287622
-0.17521547
-0.54938487
2.01750858
-4.18239838
-2.43446270
-4.96625534
-3.29583070
-11.41317073
-9.59549320
-12.23233129
-11.66104448
0.21032430
-3.21781667
-1.36844161
-3.11296147
3.63772706
1.56444876
3.25463198
2.24589524
-14.16247633
-12.68678924
-15.18349230
-14.01328112
-0.91615160
-0.69435782
-2.58999249
1.02630545
-1.01806584
1.31252830
1.27605439
-0.01289275
-1.10816410
-1.95131996
-0.54085394
-2.79304055
16.71327452
16.06172038
16.99777516
15.00434149
-5.48630076
-3.03846726
-3.40283510
-1.37903378
0.67278422
-1.19701808
-0.76460565
-0.18208759
11.90637902
12.16106099
12.95239082
11.52452763
-9.28406176
7.65599802
-11.74699036
4.83193488
-9.20492276
7.10699855
-10.02007775
5.08698628
-16.92015355
-14.38549141
-15.17655944
-15.91437301
-18.40585861
-15.62776400
-15.89536360
-18.45944788
15.85349961
16.84213873
13.47456538
17.85384422
14.63906244
15.60857001
14.95535674
17.65703308
6.50496361
5.09511601
4.75245846
5.58396995
5.19322120
4.54107678
5.63582956
6.53354831
12.77336111
11.30967622
14.27036752
10.69270971
13.79726199
12.92209679
14.58469409
9.71365572
-9.04836440
-8.04357873
-8.49915198
-8.17967516
-10.99761785
-7.35786907
-9.94386103
-9.06887784
9.75787143
10.78824078
12.34450894
11.35398955
9.94737773
11.54551452
12.73293565
10.80383698
7.49881862
4.92893905
7.35381158
4.77672881
9.20498584
5.91544264
7.55862990
5.87071923
2.97531272
-11.40979921
6.35501576
-5.56077799
3.05075168
-9.39221554
3.98791724
-7.31001159
2.53266300
-10.59036539
3.93730464
-4.58846683
3.48473131
-9.11852399
4.98880785
-7.24749653
2.27609222
-0.05587835
3.63742907
-0.67100364
1.88963983
1.38076441
3.38191249
-1.55214705
-12.63030212
-10.77500926
-12.21449954
-10.57320944
-13.07791031
-8.73404148
-12.44939499
-10.23973390
7.26955287
8.40316224
8.35301328
5.57886431
9.09346901
7.96306031
9.43691403
4.79214959
-8.01888140
-12.81427001
-10.57948586
-11.70576571
-9.08478367
-13.69088879
-10.89512379
-11.19953990
-5.31854960
-7.27475780
-6.29631646
-5.47620627
-4.83249906
-8.18344446
-6.28307266
-4.87669631
6.79378595
11.40192552
8.28566688
12.04931189
6.97575704
12.40479924
9.47675161
13.41026683
-12.86084123
-16.47041010
-14.96133419
-15.60759206
-14.18550769
-15.64926868
-15.21758650
-15.20478550
