-4.32144833
-6.98003385
17.59577021
2.69828940
-18.45044348
14.34257040
0.75008544
11.36057223
12.87823895
8.91030256
5.18070517
-4.60544270
9.12587560
3.47680306
6.66015503
-11.89521606
-7.81169545
-4.02094072
8.93872846
-1.71037145
-0.64008766
-12.49390531
-8.61012019
-0.01695878
0.27719252
2.41037771
-7.76575772
15.28977741
5.62341537
-1.80842509
-5.18947960
2.57833520
4.84344373
19.42008857
-15.73313258
9.39833328
-8.60791684
0.57182247
-18.70359748
-10.73375717
-1.02213645
-6.09261227
-1.64858194
5.79118815
-12.84142243
9.88939829
13.61561044
8.00242719
3.38427892
-5.55774699
-8.58551211
-0.99916906
-6.23446574
-0.70145965
-4.58470426
-12.24566596
17.50817419
-14.63401036
-3.40263180
8.46351182
-8.45231363
7.80851715
-11.53377523
3.98192893
-1.26416404
1.23271178
3.53317961
-13.39518535
4.20289155
15.13512304
-0.26235044
-8.65798700
-18.45055361
0.88811841
11.18388928
-15.88329294
12.36468261
-3.48828092
-15.26340993
-9.56893662
-3.72978578
-4.61924855
10.30351235
14.74323151
5.40233779
-5.49361998
11.16227648
3.05472343
7.88348336
-12.02264821
3.16213351
-0.87184191
-13.61828996
7.50412934
-5.15434537
7.18861682
16.27825511
6.71097202
-18.58041662
-8.03429443
-15.43729659
17.27902415
6.31910752
11.29979945
-7.43152897
10.43486066
4.52794228
5.73107366
-6.46283705
0.67780098
-10.23817346
9.39028577
-12.45219977
-6.57678224
11.42131566
-16.17601104
9.39895537
1.62164307
9.23212100
-10.16555068
16.52115206
11.68046793
0.68487977
12.94999050
-15.27372072
11.32287408
1.10204719
-2.57673923
17.58958522
-12.90105101
3.18160649
12.51639844
-9.94471913
-5.85499051
2.56406680
-0.45273410
-14.34610053
4.90669968
-10.10585199
16.89994151
-4.62695279
13.18691295
2.57496991
15.02064624
-1.57473725
-18.63102665
-16.06867053
-4.40671192
12.81635975
9.39704327
4.73152480
-5.42238773
-3.59932527
2.52501491
2.29081407
-15.12993386
-2.00009388
-7.78330446
14.26112423
10.57132630
-9.99451185
-11.72965181
5.56145435
-5.25428054
-4.74858652
-1.26865480
-8.48421359
7.00286014
16.26333491
-5.29682735
1.01502034
-5.46427315
2.55657177
-17.02098960
7.80433670
-2.97761574
6.13781126
8.27785765
-13.02839103
10.18148783
-4.08299371
-10.23134623
-1.21452587
-2.85521697
-14.67163431
0.89392649
-2.91755990
-10.72293052
-3.41684407
1.04335856
-14.06228271
-0.05468106
0.26651875
-1.89886588
17.60220197
-4.30787092
-2.36710158
13.24725869
-11.55407741
4.25965863
-15.04963923
-17.49227770
15.03020244
17.27224286
4.68207676
6.37636185
15.89443555
11.77627569
-8.08333084
-9.58929786
13.81465673
12.91564237
8.34203962
4.37860838
3.69005256
-8.74497649
4.66466570
-6.88368398
4.10638511
-0.98188277
-12.38471032
-11.66614159
9.62494572
6.57545818
-10.59086189
-11.16870768
-5.43607445
-5.96947593
7.57870114
13.26678569
-14.52587432
-15.33804592
9.36061651
8.12392042
5.56627776
1.14490618
6.19769667
6.56541432
-6.73987333
-9.46258003
14.96167932
14.63459443
9.26073785
10.48592708
-1.24924244
-2.41776638
13.95035529
9.88073912
-13.53973838
-12.39301832
12.91092334
9.34758226
0.27206279
-2.41256307
2.27200703
-6.58616608
18.37487898
17.80721724
-14.22134508
-11.80769289
2.37057889
6.11878928
13.70666392
11.06963373
-6.75162778
-7.38783140
-9.95435041
-8.06523468
5.70237191
4.44132187
2.25887615
-2.10534930
-12.92966232
-15.41783212
1.46515252
-8.67713612
6.03011381
-10.79276145
18.30324479
14.24133621
-3.14796754
-2.31903922
15.13443726
14.53795268
-0.14065283
-0.00304451
18.80176059
16.14438008
-0.95555250
-5.68551540
-14.86198328
-17.28736378
-17.60958724
-18.27044318
-2.74259609
-5.75314530
11.60754526
12.13321908
8.16494123
10.01973709
8.50361214
5.72147535
-6.54252918
-7.64235878
-7.50411908
-4.12237249
2.00895447
1.16416857
1.36771211
2.66714901
-12.16121373
-12.97405674
0.35952517
0.06665329
-6.50376426
-8.84009988
9.54028236
10.99581262
8.79959218
8.36243738
-8.77770438
-9.50071829
-12.61316415
-9.92698110
4.61627831
6.79103088
-7.12541520
-3.28791209
-2.73288012
0.98736103
-5.23460808
0.95485531
-6.15578804
-7.41931101
8.38532797
4.86279431
15.44590077
17.57152021
-2.22927911
-4.68633844
3.40453630
1.72551544
-6.53958236
-6.31122608
3.27101883
2.74767666
-18.56013398
-14.98999399
9.95046011
8.05468313
-3.84159495
-4.09634880
5.44909597
5.76338227
4.77004340
8.05452711
-11.11504946
-11.65621888
11.52048926
11.06758933
-4.40069253
-3.13157507
-14.15331108
-12.14947541
-0.87307689
-2.42787707
-7.02218262
-4.97784189
-16.85296007
-16.77628937
-1.32705578
1.92694160
-5.27778074
-4.18185636
-13.70022328
-11.04908527
-2.46979830
-4.23915899
4.00339782
2.46119169
-16.90675519
-15.85162096
-2.02258732
2.07412955
0.34956248
-0.50349303
-0.54082185
-1.89323542
16.92401849
14.45482784
-3.98277184
-2.49992427
-1.71709840
-0.74312993
13.07284053
12.81325620
-9.37070901
6.20822129
-10.99433166
5.58349763
-18.00361972
-16.99701831
-17.39875090
-18.04626330
16.24916355
17.22941781
16.38398616
18.94618823
5.93379868
4.22931877
6.13860291
7.47275630
14.03639994
12.65798973
14.31644117
10.69942074
-10.54657693
-7.68154018
-9.92217595
-9.20352946
9.80939512
12.10670644
12.95330384
11.97637097
8.41889968
7.29797713
6.85768958
5.32502625
3.58385771
-10.29567468
5.21450845
-4.00491379
4.62633310
-8.39936585
6.18254086
-8.03052984
1.93537516
1.57578157
4.15874426
-2.62737039
-13.43112313
-7.95069987
-13.16908464
-11.38351486
8.59526386
7.59830705
10.27955108
3.78854769
-9.68339485
-13.46476583
-12.06885042
-12.59211433
-4.56362951
-9.09220337
-5.80990750
-4.38293972
6.59280039
12.04242092
9.69735522
13.70049715
-14.71104033
-16.54257328
-15.15330381
-16.13178529
10.21408826
9.33682593
7.85247227
7.54547816
3.05934514
3.32956763
6.05589706
1.94975895
7.72917642
9.09883094
6.98490939
7.47741050
-7.96521758
-11.96924591
-8.60457251
-9.50834884
13.88617538
15.82929803
14.46342599
15.59053755
11.99725114
12.00502045
10.51682562
12.54359341
-4.07887572
-0.86657001
-3.13811245
-1.58307088
15.99525919
11.21838733
14.16854749
11.96887485
-13.65190376
-16.19171530
-14.61801636
-13.85382780
10.45897930
10.16858595
13.01116193
9.29820831
1.12891168
-3.40064585
2.41261654
-3.63270079
-0.89245988
-1.22075684
3.41396520
-5.52996907
20.01392117
18.81572656
19.43216105
16.58955250
-12.10773925
-11.29538963
-13.19987643
-10.52529059
4.14522271
4.73824215
3.76386551
6.18369456
14.89537729
11.36795057
12.53548591
12.44356849
-7.45514968
-9.87760172
-7.88222912
-8.59740012
-9.43294861
-7.21584870
-10.48366613
-6.70777716
4.67228002
3.56896708
5.29642908
3.09299580
0.56878440
-1.87275198
1.72042227
-1.30623702
-15.12191904
-13.46627227
-14.22718067
-16.72211503
3.54172550
-9.01252152
3.68429792
-11.53015925
2.38212410
-7.63710682
5.95223668
-10.02380183
16.27688178
15.63362666
18.93960193
13.84866929
-1.82075446
-3.45277041
-3.00055364
-2.12235459
13.73900431
14.43819766
15.88461570
13.70954601
-1.41738372
1.27079639
0.42763916
0.83956683
18.79452992
13.90561336
17.59601138
17.61292117
-2.18964337
-3.49356706
-2.26626259
-3.83180519
-17.09523749
-18.48090810
-14.34427768
-17.26432316
-19.66816175
-15.00919182
-17.54077149
-16.95828081
0.30331395
-3.92938673
-3.09556526
-6.16319423
8.98854296
11.49217986
10.51882052
13.15695899
7.57824821
7.10720330
10.78264529
4.68416143
6.67356711
8.32136709
8.14879072
6.81103113
-8.04552502
-6.34691527
-6.73161324
-8.95845951
-6.68275751
-4.33415549
-4.92214964
-5.27199280
0.31473280
1.48131949
1.58962468
-0.15233686
3.10640872
0.88772727
1.72053467
3.44386756
-13.68956563
-14.26794538
-12.48328561
-13.33413084
0.26267107
-0.82511410
0.62586898
-1.04102451
-5.50399681
-9.00374747
-7.85235028
-6.84973885
6.89701270
15.10124712
8.97397722
12.24096874
6.96540011
10.04554179
6.57987943
9.17854431
-8.77504811
-11.19963212
-9.06501581
-10.44044823
-13.88041928
-10.86176279
-11.38426922
-10.53299730
3.45245510
4.46830729
4.55674619
6.60152176
-7.30683159
-6.12350526
-8.29656621
-4.14021830
-3.32448508
2.19064868
-6.00807598
-0.10016750
-3.08375591
0.96378558
-5.65538485
-0.18426605
-6.46914111
-9.70403861
-6.94650545
-7.55183138
6.00244019
7.80181553
7.13561912
6.59036421
15.37628987
16.16607860
14.90107217
16.52857092
-4.10170666
-5.98486560
-2.76686180
-5.34648601
2.13166073
0.57022094
2.93784121
1.68735323
-4.50578046
-6.39480859
-6.54805003
-7.48292916
2.35052474
1.32993269
2.91211602
3.60250539
-17.73444439
-16.66200382
-17.87675117
-15.72874051
8.94862157
7.76340154
11.03319266
9.00642382
-4.68851754
-1.96594318
-5.02274498
-4.19389032
3.64097050
4.67292742
4.65755408
5.63810325
7.14428891
7.23917118
4.66571495
9.30958287
-12.20651558
-13.84238839
-10.51112172
-13.03069130
8.77892411
9.80121825
10.36119466
11.38536764
-5.32283865
-5.04539489
-3.41316261
-4.10106246
-11.42902442
-11.05741281
-14.45226278
-13.35972957
0.62668048
-0.49916255
-1.86543101
-1.95151691
-6.84167899
-2.76504897
-6.28021369
-5.19190793
-17.76986710
-15.60218895
-16.15126591
-15.71533012
-0.08578440
-0.17995965
-0.65848537
2.25392835
-4.34207292
-2.58272694
-5.15672538
-3.52323227
-11.79957736
-9.91111544
-12.66719115
-12.09539009
0.02756587
-3.31796700
-1.40489077
-3.21621233
3.73456934
1.40331424
3.18086640
2.41202085
-14.62237448
-13.47210214
-15.75402581
-14.85517923
-0.93203590
-0.69053197
-2.76924509
1.05511478
-1.18483998
1.34157087
1.29305246
-0.04641217
-0.92972973
-2.04663053
-0.70204992
-2.91313950
17.36424347
16.56642701
17.20374345
15.47228325
-5.62561783
-3.22193853
-3.47007992
-1.29408696
0.87764848
-1.28901325
-0.83749795
-0.18250642
12.32878639
12.69796383
13.28296475
11.97913121
-9.62216230
7.68755513
-12.32846934
4.98047565
-9.55593657
7.35974913
-10.47639492
5.21770791
-17.46563367
-14.43848846
-15.52849391
-16.41298442
-19.11377872
-16.39481821
-16.28441628
-19.10720749
16.27291879
17.20355665
13.94815630
18.21447769
15.23875719
16.22548431
15.45714733
18.36918585
6.77360903
5.43587921
4.79472743
5.70579344
5.26141527
4.75123489
5.67726603
6.88116782
13.27508094
11.80062638
14.87474681
11.19346657
14.33326027
13.39724300
15.06938721
10.20029256
-9.48723494
-8.41656390
-8.95340667
-8.70447811
-11.56318598
-7.97008536
-10.56723177
-9.50500282
10.13164284
11.25175219
12.88300743
11.93395000
10.31176689
11.98894222
13.11087151
11.14620275
7.68003254
5.41688029
7.71241854
5.03674358
9.50857857
6.49690448
8.04464428
6.31109084
3.14514123
-11.62763645
6.86306449
-5.74510923
3.23912452
-9.83147780
4.12940214
-7.63396117
2.75105849
-10.79135678
4.09853133
-4.70881607
3.64808075
-9.33016693
5.16563566
-7.47267751
2.37559838
-0.05569143
3.54957366
-0.69977213
1.96823644
1.48487261
3.59223413
-1.62921681
-13.03701062
-11.28605279
-12.72213033
-10.97980482
-13.66572853
-9.01827701
-12.92676050
-10.69816306
7.51024005
8.85062647
8.53618403
5.74896273
9.53493663
8.30908172
9.96460687
4.70496534
-8.21101892
-13.07884773
-10.64533765
-12.11906522
-9.20225125
-14.22495543
-11.22714224
-11.56279114
-5.69144041
-7.50414534
-6.53756117
-5.41529582
-5.02734123
-8.46786606
-6.41901882
-5.18903118
7.00062796
11.94297195
8.58092570
12.45614291
7.31652168
12.91246369
9.56996476
13.96805379
-13.20083681
-17.17634750
-15.54411721
-16.35179966
-14.35669035
-16.30575579
-15.67505976
-15.76120032
8.73801724
10.45633461
8.35485026
8.48246320
9.62645144
9.43966867
8.82481288
6.52377597
4.33349413
2.56601932
5.55488675
1.96202093
2.03296237
2.69503289
5.11224074
1.38084745
8.76926710
10.15643340
5.90378050
7.27378115
7.41662078
8.29215155
6.86698129
8.38087240
-6.34713947
-10.12877555
-7.31700210
-9.19232930
-8.30137293
-11.08914689
-7.75721169
-9.99519449
12.02492006
15.91136839
15.48800159
15.39776599
13.71117569
16.56569713
13.66911730
14.57758061
10.33752391
12.57591999
10.26636245
11.33271299
11.00405996
11.16802007
10.99765862
12.12978923
-5.19919903
-0.26876745
-1.73131189
-3.08343201
-3.44770079
-0.13487770
-2.22168888
-2.53593238
15.53230515
12.85409289
14.95165882
10.42519808
16.16746814
12.19220097
13.29033856
11.36080598
-12.10234952
-15.72064359
-13.98187491
-12.25564879
-12.73143116
-17.02637428
-14.47438772
-13.20548787
12.11039947
11.07413185
13.00127951
9.91791680
10.11986235
10.55912787
13.62168084
8.67481387
