-4.26816757
-6.83648328
17.21656233
2.63873695
-18.16642282
14.15702983
0.71741290
11.69775750
12.22687985
8.73190009
5.06038115
-4.57291839
8.96032827
3.44591423
6.56632586
-11.69350411
-7.72261450
-3.92675304
8.86311742
-1.68608498
-0.57652964
-12.30413382
-8.49898208
-0.07775962
0.22695721
2.40138061
-7.65444981
15.13654272
5.65327578
-1.82339335
-5.11607433
2.51116722
4.85623179
19.21285921
-15.63936831
9.34016155
-8.46774599
0.57399250
-18.46499216
-10.58873551
-0.99434645
-5.99304412
-1.65816963
5.76577135
-12.23690327
9.72751216
13.67981128
7.74494167
3.36793062
-5.49390029
-8.46450225
-0.99096024
-6.12333695
-0.68684304
-4.52288480
-12.11483288
17.31685020
-14.43978527
-3.31719641
8.47975739
-8.31690134
7.71154950
-11.40168578
3.89823855
-1.31452274
1.24937130
3.52417649
-13.24115506
4.11982230
14.86736121
-0.25779505
-8.57011136
-18.23612745
0.66973087
11.00189793
-15.70981522
12.20191920
-3.44948017
-15.08599068
-9.45233546
-3.70639266
-4.55504898
10.20218291
14.93791087
5.37607325
-5.41648440
10.58404503
3.05115537
7.89307721
-11.89964756
3.13709477
-0.85685247
-13.51530191
7.39991632
-5.20186250
7.11883433
16.03324906
6.71073327
-18.31664311
-7.96453972
-15.29740563
17.04376262
6.25668399
11.16800682
-7.33607464
10.32733347
4.48428915
5.62959088
-6.36515228
0.65625501
-10.05523713
9.27395894
-12.30979179
-6.51225095
11.32915954
-15.95687684
9.43253216
1.55680596
9.32616308
-10.16165200
15.98800267
12.10801915
0.29629572
12.76584885
-15.34272433
11.02236040
1.08123651
-2.53485397
17.32871157
-12.63851459
3.06714865
12.47333122
-9.78612545
-5.77079569
2.58865033
-0.44313792
-14.36044126
4.76301898
-10.05334832
16.66130181
-4.60555010
12.75814075
2.54999398
14.77222109
-1.52710645
-18.33676342
-15.87078583
-4.36056734
12.76389932
9.35062104
4.68332284
-5.29694081
-3.49481587
2.54002978
2.24320571
-14.94000202
-1.98674734
-7.61353361
14.08921732
10.55758929
-9.86800332
-11.59528747
5.57038934
-5.19049461
-4.55193431
-1.24240967
-8.39815420
6.96811281
16.17065224
-5.16829921
0.83831933
-5.39140809
2.53461779
-16.78520074
7.78353197
-3.03520897
5.98399186
8.19867674
-12.79715281
10.18219924
-4.04031525
-10.09747112
-1.21815926
-2.82801550
-14.50540625
0.81104370
-2.88240748
-10.60786530
-3.37518604
0.85365919
-13.79527686
-0.03143788
0.25202236
-1.81042115
17.33793306
-4.22152102
-2.36163677
13.04381307
-11.32095979
4.24987068
-14.80599923
-17.26193343
14.86659269
17.07524141
4.62575835
6.33685961
15.62733528
11.61142517
-7.97940844
-9.45892056
13.60280760
12.73154715
8.21200633
4.26548957
3.67863534
-8.65603703
4.60113494
-6.77071183
4.06303565
-0.95177061
-12.35256461
-11.57602429
9.62039346
6.53974586
-10.47840128
-11.02929738
-5.39878216
-5.90335840
7.52089011
13.12004123
-14.36438248
-15.14266871
9.24039723
8.14790775
5.48070946
1.08512629
6.03274384
6.52980160
-6.74379266
-9.41796507
14.92138917
14.90008220
9.74576954
10.86453715
-1.37030688
-2.58631268
14.14485432
10.00517358
-13.63348728
-12.15092337
12.85209223
9.60306537
0.25127844
-2.39816579
2.24619618
-6.51995700
18.10193339
17.39223966
-13.96630040
-11.63748573
2.31359674
6.08481405
13.75851898
10.83603057
-6.68261095
-7.31543477
-9.81500480
-7.96786486
5.66872866
4.41724916
2.23688567
-2.07243487
-12.71112217
-15.16023278
1.54192365
-8.57757913
6.01296928
-10.71372804
18.05078050
13.99723839
-3.11655758
-2.30126067
14.92313261
14.24009849
-0.15942807
0.01638162
18.51119508
15.89451904
-0.95023093
-5.59016495
-14.65833828
-17.03943206
-17.52383588
-18.05137917
-2.65076109
-5.68942880
11.49800218
12.16950991
8.25066783
9.88485501
8.38976569
5.65693416
-6.54883400
-7.49639896
-7.35651725
-4.01558076
1.92966647
1.12276176
1.36351050
2.59828390
-12.01501906
-12.81628617
0.34635576
0.05904756
-6.40677459
-8.58818709
9.44620428
10.84242067
8.78096908
8.30858517
-8.66825667
-9.40173281
-12.46524098
-9.88605167
4.54627443
6.63909278
-7.03481884
-3.26168843
-2.62679981
0.97669349
-5.05532304
0.91621926
-6.10136613
-7.33221225
8.33334063
4.84496356
15.13966953
17.19955806
-2.20054472
-4.59207731
3.35794237
1.73925333
-6.44257665
-6.21625862
3.23531348
2.60792737
-18.35956856
-14.74123499
9.91404718
7.97741238
-3.79857695
-4.00853382
5.26294633
5.66476898
4.67703885
7.95982430
-10.90380332
-11.61143541
11.48879179
10.94162675
-4.34619339
-3.10285037
-13.89673982
-11.99165677
-0.88619047
-2.42323478
-6.92579464
-4.91254532
-16.56259795
-16.61614906
-1.31143027
1.79903669
-5.22136024
-4.11888778
-13.52547209
-10.93166902
-2.44068764
-4.17580491
3.92003789
2.36704135
-16.69613573
-15.60674364
-2.02912444
2.01428605
0.38565798
-0.49749563
-0.50846638
-1.91679158
16.70485803
14.21913850
-3.93509736
-2.47255996
-1.64870415
-0.79667985
12.83355387
12.50559736
-9.23682665
6.12569878
-10.92310736
5.55635098
-17.77796803
-16.71534188
-17.23389927
-17.81530792
16.05201575
16.88637551
16.14224221
18.77408625
5.90045009
4.22558146
6.05063580
7.36791104
13.82595239
12.56250311
14.06759464
10.55763892
-10.56797973
-7.56716008
-9.79363560
-9.06874746
9.66458348
11.96947678
12.80178809
11.91386330
8.34727946
7.19656862
6.75737095
5.28669203
3.53739098
-10.25491464
5.13834902
-3.96990208
4.56426837
-8.30589696
6.05729700
-7.92359650
1.92324283
1.53252175
4.10652796
-2.57340748
-13.38329636
-7.88135652
-13.06794705
-11.23415643
8.49185931
7.55685817
10.21911515
3.80368396
-9.66839635
-13.32839863
-11.92534800
-12.46612942
-4.55193657
-8.97059135
-5.79867691
-4.35288339
6.39951558
11.82308241
9.56883445
13.49752398
-14.52873057
-16.48103437
-14.94487445
-15.91931826
10.27210608
9.40814272
7.79228858
7.42939490
3.02000236
3.24830945
5.87389118
1.98012495
7.75985226
9.07872966
6.77148285
7.46483776
-7.83233315
-11.89187460
-8.64116018
-9.44987603
13.66390853
16.09898204
13.74094221
14.93367673
11.34059089
11.39787237
10.62764475
12.16964779
-3.67608269
-0.65747046
-2.51040378
-2.07495304
15.63154091
11.47254402
13.52934027
11.36270263
-12.94165268
-16.38473337
-14.35553045
-13.48742772
10.28776538
10.19836688
13.40680634
8.90732955
1.15746575
-3.39704248
2.39100942
-3.59381427
-0.87259052
-1.19740860
3.39026999
-5.47753328
19.63297003
18.47156112
19.14709753
16.14071309
-11.97576719
-11.21928017
-13.04225296
-10.36672781
4.02668340
4.70750193
3.70199315
6.09487965
14.82343717
11.40067476
12.53094412
12.44022968
-7.37523310
-9.76428883
-7.79572981
-8.47745105
-9.33092699
-7.05240159
-10.36667546
-6.60732664
4.65351724
3.55678011
5.23346859
3.02642774
0.58035170
-1.85141742
1.71286537
-1.27913754
-14.91079341
-13.25998693
-13.92968409
-16.50445453
3.52125563
-8.88291634
3.72950543
-11.63216897
2.31117494
-7.53644798
5.88401313
-9.93950765
16.05604169
15.40461305
18.72234591
13.57228390
-1.79394506
-3.42427646
-2.95877300
-2.10581955
13.47415745
14.13114098
15.64649892
13.57252610
-1.45433901
1.20438976
0.39739425
0.83284445
18.36180665
13.63224811
17.29913281
17.11996525
-2.16538961
-3.45008021
-2.22592557
-3.80367005
-16.88437449
-18.28410077
-14.25244858
-17.04577966
-19.45129916
-14.81463842
-17.29637651
-16.74207165
0.33950393
-3.95578082
-3.05873712
-5.98980008
8.84432725
11.43273772
10.53079402
12.87367131
7.48028874
7.05828995
10.61570109
4.63180825
6.53639111
8.27555958
8.01712133
6.72036685
-7.90092998
-6.19195801
-6.61561255
-8.79428220
-6.56401253
-4.29809258
-4.81319658
-5.15816524
0.26431890
1.45688915
1.53773358
-0.17344313
3.05505291
0.88228849
1.70364141
3.41261083
-13.51479093
-14.09357193
-12.32730822
-13.17128690
0.24101679
-0.80562543
0.57911685
-1.03040568
-5.38248521
-8.81479019
-7.66250143
-6.76017020
6.72628754
14.85363281
8.86989849
12.12604709
7.02866662
9.97265086
6.52291841
9.21722531
-8.69387606
-11.06299698
-8.96701796
-10.31804902
-13.70847451
-10.73526683
-11.25323243
-10.42064272
3.39920245
4.42897180
4.44702242
6.56061545
-7.20216593
-6.04475752
-8.18381651
-4.09062680
-3.27798637
2.14916225
-5.83205482
-0.10593915
-3.06339786
0.96568474
-5.57437422
-0.18058304
-6.38483983
-9.59134022
-6.85077698
-7.47025303
5.97708008
7.71012580
7.15342702
6.49508276
15.26998406
16.01278261
14.81142047
16.11871902
-3.96788687
-5.86050505
-2.76207310
-5.25464322
2.04314062
0.64814701
2.72936821
1.54196404
-4.43723149
-6.29267321
-6.44676057
-7.36377482
2.33497449
1.33231679
2.92520570
3.60278342
-17.53557042
-16.48260565
-17.67714930
-15.53565890
8.82017722
7.58170088
10.85714839
8.84629453
-4.48341135
-1.62684744
-4.96671079
-4.12262097
3.57474772
4.67375573
4.53493292
5.55666319
7.04009899
7.18729096
4.54695525
9.22924870
-11.90176011
-13.65613711
-10.50357393
-12.79614635
8.69248661
9.67772541
10.36735585
11.29908641
-5.25047521
-4.98439322
-3.36675019
-4.06250576
-11.23997097
-10.90686219
-14.23600621
-13.15707899
0.61846799
-0.52694461
-1.90042191
-1.96368917
-6.73172433
-2.72697716
-6.23285791
-5.13594001
-17.49969917
-15.33528735
-15.86358719
-15.51446161
-0.26167891
-0.20523988
-0.51792147
2.15408342
-4.27178436
-2.53804516
-5.10700373
-3.46547520
-11.68118796
-9.82685192
-12.49877245
-11.98055697
0.03399214
-3.27465057
-1.37303212
-3.18405919
3.78585871
1.43935035
3.25372260
2.46345835
-14.33964046
-13.09403902
-15.57076733
-14.56431679
-0.95910951
-0.72354890
-2.75602851
1.04124092
-1.14634937
1.29182778
1.28022316
-0.03951568
-0.96243511
-2.04318027
-0.65483921
-2.86609324
17.11110816
16.33916944
17.14689849
15.27121837
-5.57781793
-3.17188384
-3.45738858
-1.32441380
0.77677644
-1.27222088
-0.86463135
-0.23788418
12.06782878
12.48505494
13.10862405
11.71792345
-9.49860422
7.66029843
-12.08714384
4.92504215
-9.43114980
7.23276513
-10.24835691
5.10206484
-17.23467134
-14.37381346
-15.43244462
-16.20868263
-18.86679929
-16.16178167
-16.15352009
-18.81293117
16.12376015
17.01983449
13.78594676
18.02589884
15.07496063
15.98212652
15.26785828
18.10505400
6.68667628
5.35206110
4.80148707
5.66543848
5.25079353
4.68182047
5.60891388
6.79769539
13.11412074
11.66306114
14.63395447
11.08180494
14.18845523
13.25268017
14.85701469
10.07902706
-9.33551663
-8.29417390
-8.82646013
-8.56461184
-11.36628288
-7.83998699
-10.33477987
-9.35533303
9.96441721
11.07637935
12.64209889
11.70546344
10.18023523
11.86287086
12.97575757
11.10038868
7.61694927
5.34612152
7.63851596
4.96229151
9.37776062
6.42934976
7.91652332
6.14583351
3.07995171
-11.53779757
6.69319161
-5.66311337
3.14583515
-9.71592499
4.00278503
-7.55249667
2.68257693
-10.69556977
4.01462124
-4.64375887
3.57359217
-9.23825627
5.05206841
-7.36439123
2.32595398
-0.06635306
3.49535730
-0.68343402
1.92131024
1.45739955
3.55856709
-1.60523208
-12.85736976
-11.07973937
-12.58630769
-10.85950597
-13.51217105
-8.92734640
-12.74031626
-10.56142314
7.48394978
8.66689837
8.51297447
5.69578738
9.41987289
8.24174490
9.69060189
4.72321136
-8.12805403
-12.91766971
-10.58822367
-11.98857535
-9.11416327
-14.02223345
-11.14113292
-11.44450489
-5.62015484
-7.43048514
-6.48907515
-5.37680564
-4.92465271
-8.39323561
-6.36818041
-5.13519658
6.90571048
11.75275944
8.52231077
12.34194448
7.20919620
12.82761423
9.54336741
13.75352561
-13.11020355
-16.92754578
-15.35228262
-16.11858372
-14.29583069
-16.09840280
-15.48291013
-15.57511129
8.70188529
10.40140223
8.25853577
8.39962352
9.67670006
9.38021024
8.80516393
6.45184425
4.20551194
2.50286732
5.61314620
1.81425917
1.99464325
2.66425098
5.00063140
1.40478206
8.55467682
10.25889157
5.83881446
6.97454841
7.36345533
8.38512881
6.75748832
8.32419675
-6.15301973
-10.13942896
-7.06127629
-9.14713022
-8.19615705
-11.06474293
-7.70388194
-9.79439781
