-4.27575310
-6.84627498
17.26174793
2.65670251
-18.22025518
14.18128387
0.72541316
11.71734115
12.25772527
8.76080160
5.09421093
-4.57566746
8.98897186
3.44910875
6.58235859
-11.73182639
-7.74357388
-3.94495669
8.88622108
-1.69171223
-0.58351404
-12.35211114
-8.52609957
-0.07698361
0.23737650
2.40416235
-7.67047637
15.16879949
5.66287894
-1.81896423
-5.12641456
2.52555900
4.85148305
19.25015606
-15.66747961
9.37027404
-8.49069756
0.57573705
-18.51293780
-10.61962741
-0.99870832
-6.01763036
-1.65867457
5.77521313
-12.29080455
9.76122901
13.71695348
7.79236887
3.37856273
-5.50404050
-8.49019627
-0.99240297
-6.14379647
-0.69806972
-4.53552538
-12.14066977
17.35077530
-14.47715916
-3.32285649
8.47652468
-8.34134163
7.73799820
-11.42903711
3.90841875
-1.32692926
1.25306606
3.53193846
-13.27178851
4.14725087
14.90132119
-0.25845321
-8.58720433
-18.27885126
0.67370631
11.01220106
-15.74555928
12.23598594
-3.45963468
-15.11327419
-9.47716208
-3.71364858
-4.56861736
10.22634613
14.97830225
5.39051533
-5.43098322
10.60720038
3.05263940
7.90948855
-11.92512886
3.14742352
-0.86040991
-13.52793988
7.42337914
-5.20231479
7.13343173
16.06767507
6.72220834
-18.36654633
-7.97935779
-15.32394665
17.09012372
6.28856845
11.19589908
-7.35255495
10.35642470
4.49721355
5.64740037
-6.38245308
0.65777880
-10.09541223
9.31344242
-12.33615526
-6.52940122
11.35435921
-16.00170883
9.44829880
1.57412371
9.27856659
-10.16271343
16.02881121
12.14124576
0.29875327
12.77866878
-15.37898582
11.05068297
1.08316135
-2.54572797
17.36848773
-12.66858211
3.07791382
12.50585143
-9.80835513
-5.78864593
2.58111886
-0.44701900
-14.39442232
4.77885094
-10.06885464
16.69979795
-4.61223711
12.80228195
2.55629454
14.81601614
-1.53619014
-18.39427777
-15.90665198
-4.37096846
12.80524416
9.37518050
4.69289088
-5.31632034
-3.51619521
2.53624892
2.25064954
-14.97823189
-1.98684305
-7.65306377
14.12283765
10.58731808
-9.89242606
-11.62136662
5.55936980
-5.20319186
-4.59096077
-1.24764676
-8.41547156
6.98127496
16.21447771
-5.18485660
0.84230301
-5.40357549
2.53580687
-16.81268040
7.79455697
-3.03648040
6.02433372
8.21939967
-12.84848445
10.16959272
-4.04784706
-10.10514837
-1.21512740
-2.84671406
-14.54192674
0.81407748
-2.88988422
-10.63598905
-3.38340203
0.88550254
-13.84724428
-0.03269711
0.24741674
-1.83123247
17.37900685
-4.24268072
-2.36320369
13.07442892
-11.36005754
4.25471570
-14.85727209
-17.30668772
14.90692741
17.11861347
4.63675196
6.34672587
15.66998597
11.64134331
-7.98426616
-9.49213892
13.64276481
12.77495422
8.23419217
4.28045007
3.67773328
-8.67282265
4.60739587
-6.78984958
4.07053798
-0.95883169
-12.35827596
-11.59566179
9.64855005
6.56002380
-10.49606633
-11.05863373
-5.40529759
-5.91923545
7.52735435
13.15982178
-14.39692521
-15.18034666
9.26373944
8.13848432
5.50618685
1.09020720
6.07932643
6.51360783
-6.73500462
-9.44885358
14.96444406
14.94373906
9.75862816
10.88733530
-1.38127212
-2.59263003
14.18747322
10.01965899
-13.68450673
-12.18067306
12.87149708
9.63121938
0.25935116
-2.40259272
2.25613335
-6.53542806
18.15588149
17.43515208
-14.00685037
-11.67300425
2.32450228
6.09217639
13.78512306
10.87575778
-6.69554397
-7.32359709
-9.84697535
-7.98454056
5.67900439
4.42357756
2.23604796
-2.07930603
-12.75873435
-15.21115953
1.50145678
-8.60217179
6.02214070
-10.74673472
18.09183080
14.03057655
-3.12558249
-2.30503408
14.95650472
14.27372869
-0.15723342
0.00904316
18.55926349
15.94414467
-0.95282045
-5.61186597
-14.69689917
-17.08808164
-17.54016375
-18.09313382
-2.66755487
-5.69965129
11.52588598
12.20678827
8.27408634
9.92777096
8.40971304
5.66460787
-6.55077212
-7.52202759
-7.39343847
-4.03771812
1.94855425
1.13227085
1.36089534
2.61020111
-12.04179850
-12.84561948
0.35860601
0.06397616
-6.42349704
-8.64750848
9.47098784
10.87402861
8.80505077
8.33162551
-8.68809247
-9.42280840
-12.49304988
-9.88973259
4.58333908
6.69884300
-7.05447251
-3.26664660
-2.65001598
0.97798469
-5.12801610
0.91892970
-6.11251029
-7.34921627
8.34762874
4.84757221
15.17777870
17.24937807
-2.20288540
-4.60630413
3.36735778
1.73788858
-6.46183961
-6.23322408
3.24678143
2.68191319
-18.39551500
-14.75643408
9.94383027
7.99493418
-3.80982978
-4.00125286
5.30963483
5.67769332
4.69608573
7.98152786
-10.95119283
-11.61494640
11.52827480
10.93102191
-4.35470343
-3.10850884
-13.94755002
-12.01521671
-0.88348770
-2.42251022
-6.95077119
-4.92658289
-16.60432534
-16.65114280
-1.30902430
1.80587536
-5.23156231
-4.13215593
-13.56309417
-10.96253050
-2.44693221
-4.18725147
3.93028788
2.38598698
-16.73611774
-15.66092249
-2.03076286
2.02845122
0.38138004
-0.50208744
-0.51492635
-1.90311256
16.74496162
14.24143824
-3.93679998
-2.47552455
-1.65935417
-0.79296255
12.86130753
12.53984646
-9.26885238
6.14136182
-10.93853552
5.56289138
-17.81814567
-16.77419270
-17.26805844
-17.84138125
16.08327315
16.94531654
16.18880370
18.80367051
5.91787761
4.23731158
6.06605149
7.39877410
13.86357753
12.59349412
14.10217501
10.58368236
-10.56669356
-7.59302961
-9.81883983
-9.10586230
9.69304806
11.99893956
12.83945886
11.95088933
8.36870158
7.21788150
6.77956867
5.30303740
3.54216406
-10.26594075
5.15871213
-3.97723353
4.57612304
-8.32226759
6.07685433
-7.94310795
1.92487383
1.53812275
4.12193990
-2.58530292
-13.37982772
-7.89746560
-13.07992846
-11.27598570
8.52824793
7.57961058
10.26677320
3.79709256
-9.66966718
-13.35567432
-11.95790794
-12.50253605
-4.55289727
-8.99614219
-5.80278794
-4.35857408
6.44986682
11.85485837
9.59367495
13.52049614
-14.56261150
-16.49544395
-14.98487601
-15.95983353
10.28007646
9.41220541
7.80944118
7.46116877
3.01897044
3.25739491
5.90669750
1.97376385
7.79305687
9.07958460
6.81510551
7.46551979
-7.82510268
-11.92076223
-8.63321397
-9.45943424
13.69488947
16.13535793
13.77408655
14.97113785
11.37112088
11.44354120
10.65961589
12.19410210
-3.68219597
-0.65333964
-2.52390473
-2.07261110
15.66850851
11.48287010
13.56786911
11.37591999
-12.97382156
-16.43108309
-14.38784767
-13.51771712
10.31246284
10.22285969
13.43172366
8.94480115
1.15407512
-3.39778614
2.39159127
-3.59844216
-0.88012137
-1.20268403
3.38906714
-5.48890416
19.68332014
18.51543840
19.19487885
16.17491677
-12.01026471
-11.25229061
-13.07781246
-10.40540951
4.03958563
4.71458194
3.71360264
6.11189417
14.86409842
11.39457202
12.56156523
12.48708248
-7.39298737
-9.79013121
-7.81473895
-8.49055187
-9.35222617
-7.07641333
-10.39009162
-6.62494071
4.66184813
3.55509824
5.24908571
3.03247244
0.57512353
-1.85615915
1.71384437
-1.28526151
-14.95698491
-13.29605026
-13.99856087
-16.54779820
3.52636670
-8.91202271
3.72688918
-11.66836887
2.31577807
-7.55663210
5.90321091
-9.97110607
16.09388400
15.44049042
18.76170180
13.60615113
-1.80043747
-3.43061576
-2.96808737
-2.11026059
13.50661199
14.17497916
15.68568610
13.60012179
-1.45834183
1.20695534
0.39721064
0.83079258
18.40828565
13.67092136
17.34698418
17.16553072
-2.17264923
-3.45558526
-2.23253814
-3.80081169
-16.92100118
-18.32250978
-14.25300393
-17.08733884
-19.49442680
-14.84990208
-17.34445650
-16.78071669
0.33011982
-3.89589614
-3.06473482
-6.04023332
8.86747714
11.46976747
10.52603151
12.90829901
7.50325110
7.07400946
10.64721294
4.64504602
6.56433002
8.29180793
8.04099839
6.73493877
-7.92818528
-6.21426651
-6.63853570
-8.82325262
-6.59192191
-4.30741560
-4.83581182
-5.18332216
0.27668801
1.47209008
1.54641850
-0.16712694
3.06385357
0.88298588
1.70799290
3.42081075
-13.54784596
-14.12885052
-12.35760588
-13.20365858
0.24507963
-0.80740843
0.59544069
-1.03128059
-5.40960970
-8.86981679
-7.70106519
-6.77793461
6.74936402
14.89890549
8.89256128
12.14954524
7.04697076
9.99839816
6.54259287
9.24270407
-8.71439218
-11.08742741
-8.98725568
-10.34224334
-13.74060744
-10.75789279
-11.27873911
-10.44029497
3.41106149
4.48141272
4.48119156
6.58780174
-7.22334517
-6.06094390
-8.21077399
-4.09924033
-3.27803597
2.15364595
-5.83726186
-0.10725744
-3.07835873
0.96747583
-5.58684736
-0.18295035
-6.40002883
-9.61375509
-6.86727108
-7.48511735
5.98671544
7.72831297
7.16033681
6.51281417
15.29058647
16.05578686
14.85082816
16.16150947
-3.97840196
-5.87900446
-2.76627932
-5.26877969
2.04793772
0.63840180
2.73948365
1.54676026
-4.45375682
-6.31089495
-6.46332145
-7.38565545
2.35162794
1.32491629
2.93101964
3.57802756
-17.57592255
-16.51587904
-17.71583317
-15.58194260
8.83636220
7.62171596
10.89806110
8.88010790
-4.49871432
-1.62937930
-4.98412900
-4.13450108
3.59745435
4.66984420
4.56956896
5.57525252
7.06147807
7.20316682
4.59297718
9.25639219
-11.98336674
-13.69465548
-10.49306521
-12.85524651
8.71542619
9.71491540
10.38850340
11.31240063
-5.26366311
-4.99598102
-3.37515896
-4.07161384
-11.28652710
-10.93656136
-14.27789348
-13.19324327
0.62683020
-0.51810896
-1.90025935
-1.95631210
-6.75104600
-2.74063578
-6.23378065
-5.14896663
-17.55041751
-15.37853953
-15.90129630
-15.54856378
-0.26863862
-0.21067094
-0.51376248
2.16986509
-4.28642338
-2.54592633
-5.11611715
-3.47557522
-11.71101185
-9.85117438
-12.53182704
-12.00321677
0.03219107
-3.28337960
-1.37975714
-3.19028931
3.76544118
1.43796717
3.24954503
2.46343553
-14.35884174
-13.15635765
-15.61604856
-14.61941588
-0.95438708
-0.71644482
-2.76320278
1.04569173
-1.15200682
1.30112072
1.28143279
-0.04256559
-0.95118253
-2.03765723
-0.66548888
-2.89381407
17.14641016
16.36565460
17.15890416
15.29652036
-5.58476309
-3.18370345
-3.45661029
-1.31756143
0.81226935
-1.27012630
-0.86213591
-0.21764429
12.08239436
12.51714261
13.12449939
11.74406145
-9.52618756
7.66929776
-12.13356023
4.93743569
-9.45707920
7.25614845
-10.27831508
5.11370390
-17.27313026
-14.38715747
-15.45804892
-16.24602090
-18.90773394
-16.19500513
-16.18042822
-18.85944424
16.15752693
17.05189368
13.82116441
18.04877587
15.10830001
16.02810870
15.30426243
18.15583104
6.70484195
5.37427786
4.81557776
5.68420605
5.25950598
4.69452007
5.62298519
6.82211438
13.14790017
11.69355519
14.67204659
11.10725347
14.22493368
13.28616325
14.89523571
10.10796712
-9.36092593
-8.31704019
-8.85146083
-8.59546134
-11.39670771
-7.86757517
-10.36767105
-9.39057448
9.99657911
11.10754338
12.68308716
11.75271099
10.20061063
11.87901372
13.00547208
11.13387908
7.63491531
5.36629897
7.66123937
4.97517959
9.40398315
6.45163456
7.94303710
6.17354153
3.09219263
-11.55370228
6.73363194
-5.67746547
3.16695682
-9.73781440
4.02376061
-7.56696062
2.69313242
-10.71280447
4.02987171
-4.65648313
3.58924252
-9.25523761
5.07524437
-7.38282572
2.33871886
-0.06773511
3.50571913
-0.68699540
1.92631828
1.45962484
3.56825724
-1.61076623
-12.88832088
-11.12826001
-12.61805111
-10.88065819
-13.54975107
-8.95017720
-12.77957460
-10.58862026
7.51476377
8.69252834
8.53647066
5.71247672
9.45521030
8.28287598
9.71580194
4.72051077
-8.14232298
-12.95181683
-10.59803976
-12.01764326
-9.12794345
-14.06381978
-11.16120007
-11.47158173
-5.63414206
-7.45131935
-6.49917475
-5.38168030
-4.94439619
-8.41015305
-6.37021709
-5.14770342
6.91316262
11.79063995
8.52627778
12.36823290
7.22684606
12.85525671
9.54202464
13.78556395
-13.12905071
-16.97899876
-15.38899875
-16.16398491
-14.30289190
-16.14039018
-15.51621856
-15.61257713
8.71559740
10.41667497
8.28312343
8.43159904
9.69167098
9.40889345
8.82444936
6.46568813
4.21448623
2.51640607
5.57458743
1.83579991
1.99275585
2.66267325
5.01812340
1.39684597
8.59109154
10.22326311
5.86290057
7.04368730
7.36761152
8.32555821
6.79386918
8.34203554
-6.21902988
-10.14619773
-7.15537323
-9.15026365
-8.20438985
-11.07747292
-7.71110378
-9.84310893
