-4.25475313
-6.50042769
17.12414793
2.61014404
-18.05476391
14.10627301
0.69791066
11.65365471
12.18563162
8.66051700
4.98361684
-4.57552137
8.90001828
3.44037293
6.57366331
-11.64296712
-7.74348858
-3.97224220
8.81587791
-1.66416174
-0.57544796
-12.22123926
-8.45047318
-0.06690382
0.21030630
2.41079006
-7.61668051
15.07112364
5.61131560
-1.82953980
-5.09186594
2.48974413
4.86349261
19.13127073
-15.56175247
9.25542566
-8.39023996
0.58746288
-18.36908843
-10.52352624
-0.99195349
-5.96142653
-1.64443213
5.74827999
-12.14667247
9.64947484
13.59495053
7.64622276
3.34600954
-5.47152970
-8.41632033
-0.98860263
-6.08338929
-0.66796711
-4.49553020
-12.06440269
17.25189383
-14.37014247
-3.30261373
8.48575212
-8.27071345
7.65246932
-11.34940819
3.87569464
-1.28749923
1.23511919
3.48567687
-13.18045066
4.14667795
14.80235238
-0.25483243
-8.55626035
-18.14638544
0.66080510
10.97829316
-15.64062444
12.13245901
-3.43479487
-15.01902396
-9.39644815
-3.68912287
-4.52930920
10.15525712
14.85796007
5.34982280
-5.38507115
10.53712392
3.04245886
7.86191175
-11.84804866
3.12796632
-0.84676442
-13.48619863
7.35253042
-5.19738262
7.09183149
15.96134602
6.68114723
-18.26697962
-7.93444441
-15.25739901
16.95816757
6.28561773
11.11543094
-7.29798877
10.26564980
4.43099169
5.58157257
-6.33699699
0.65281079
-9.98078185
9.19508851
-12.25862148
-6.47526145
11.26734374
-15.86976921
9.40694303
1.50897709
9.44119969
-10.06484165
15.90166319
12.05235453
0.29418514
12.75865460
-15.26848194
10.95702167
1.08049369
-2.51355298
17.24519855
-12.58086629
3.04456251
12.39534732
-9.74027272
-5.73119706
2.60094532
-0.43783887
-14.29469944
4.74434452
-10.01430082
16.58622042
-4.59319830
12.70174835
2.52636405
14.68371041
-1.50616708
-18.21962995
-15.80110228
-4.31628862
12.68473447
9.30021081
4.67304294
-5.25994398
-3.48090257
2.55160618
2.23744525
-14.86062223
-1.98002020
-7.47728448
14.02337168
10.49552207
-9.81865089
-11.54368382
5.53795413
-5.16490685
-4.59155939
-1.23275614
-8.36591782
6.94500284
16.07712128
-5.13047356
0.83407533
-5.36450688
2.51151240
-16.72525570
7.72210404
-3.03291737
5.91451445
8.15390597
-12.66410767
10.15643360
-4.02765861
-10.05147560
-1.26159476
-2.81662554
-14.43456495
0.80271556
-2.87683173
-10.55550754
-3.35706544
0.80081072
-13.70556220
-0.03362707
0.25565054
-1.77983570
17.25420042
-4.18289523
-2.35971382
12.97926068
-11.24709366
4.22915073
-14.70731856
-17.18153250
14.78810153
16.98730881
4.60409681
6.29969323
15.54364690
11.54843606
-8.01170722
-9.39198745
13.51920488
12.64737034
8.16924042
4.26706111
3.68413728
-8.61468691
4.56611861
-6.71980178
4.05308333
-0.93871920
-12.35927982
-11.51591954
9.57585784
6.51401996
-10.42572738
-10.97006492
-5.38415605
-5.87501727
7.50227906
13.02801114
-14.29782348
-15.06546813
9.19775407
8.21869745
5.44147316
1.08216119
5.99531926
6.63593519
-6.86571017
-9.21605618
14.82788190
14.81142720
9.71604637
10.80908299
-1.34917829
-2.57157777
14.06267785
9.98926390
-13.54504998
-12.09670574
12.80943943
9.53607988
0.24267888
-2.38604986
2.24410104
-6.49212862
17.99201817
17.30413883
-13.88973189
-11.57435654
2.29235873
6.07351712
13.69602302
10.76699688
-6.65886976
-7.30167283
-9.75614247
-7.92579171
5.65755839
4.39945547
2.23647326
-2.06076491
-12.63214690
-15.05650700
1.55527294
-8.53129215
5.99311040
-10.65355626
17.96984753
13.93314188
-3.09928734
-2.29157459
14.85353045
14.17192297
-0.16496406
0.02869623
18.41317932
15.79576122
-0.93805184
-5.56095814
-14.59045984
-16.94689017
-17.49127591
-17.97419630
-2.64997509
-5.69163080
11.43989353
12.09537309
8.18776426
9.81296400
8.33935456
5.62549304
-6.54147586
-7.44604076
-7.33237766
-4.00179804
1.89951115
1.09929450
1.36834670
2.57424712
-11.96451140
-12.76055242
0.33479199
0.04704271
-6.37353483
-8.36723162
9.39356139
10.77208367
8.74187044
8.26341242
-8.62870522
-9.36179405
-12.40717477
-9.88659420
4.49149808
6.61439307
-6.99424057
-3.24940939
-2.73239365
0.97417821
-5.16389636
0.91037675
-6.07582717
-7.30394287
8.30467511
4.85066325
15.05161175
17.09421790
-2.19220197
-4.56047548
3.32748290
1.73701568
-6.40671929
-6.18492103
3.21167177
2.56897123
-18.29687237
-14.68432213
9.84151290
7.94231361
-3.77336546
-4.01960569
5.20995197
5.61253668
4.64599246
7.90155403
-10.59220131
-11.57180749
11.39010531
10.93249657
-4.32668189
-3.09005012
-13.79721563
-11.94398448
-0.89388697
-2.44530744
-6.90030623
-4.87802793
-16.48013844
-16.54629338
-1.32123606
1.78502830
-5.19478714
-4.09466014
-13.45350222
-10.87168480
-2.42782083
-4.15254164
3.94059248
2.34499223
-16.63981227
-15.47814186
-2.02921808
1.99649195
0.40345983
-0.48071659
-0.49136168
-1.91406552
16.62358995
14.17052709
-3.91829195
-2.47023861
-1.62589437
-0.81350820
12.78208488
12.43619319
-9.17660744
6.09796818
-10.88456839
5.52773799
-17.71126259
-16.58102424
-17.17785911
-17.75960395
15.97542352
16.76936346
16.04928907
18.71689439
5.86845913
4.19663373
6.02619741
7.25010888
13.74907638
12.50295305
14.00777288
10.50532408
-10.54734720
-7.50408863
-9.77361103
-8.97975908
9.60349737
11.90711823
12.72191962
11.83066231
8.30347234
7.14512418
6.70893000
5.23505521
3.50958702
-10.22704191
5.09345070
-3.95733502
4.55168598
-8.28359407
6.03773057
-7.87872175
1.92511538
1.52677290
4.08398801
-2.55141196
-13.38070726
-7.84012491
-13.08252251
-11.14669961
8.41952754
7.51315415
10.15680645
3.81075789
-9.67662519
-13.27549210
-11.85938468
-12.38987144
-4.54635629
-8.92041666
-5.79087317
-4.32628788
6.31129782
11.74351556
9.51070633
13.43755978
-14.46183077
-16.44720940
-14.87469790
-15.83674979
10.25779457
9.37535490
7.75730670
7.34413884
3.04805919
3.16825338
5.77512135
2.02626465
7.71656843
9.04937664
6.67756874
7.53434942
-7.82632636
-11.42636822
-8.18228206
-9.48580247
13.58452041
16.01740360
13.65310809
14.84616322
11.27897528
11.33873593
10.57353195
12.11364736
-3.66362933
-0.66045201
-2.48258849
-2.07467594
15.56052338
11.45062378
13.45665657
11.35488616
-12.88379672
-16.29036672
-14.29116991
-13.43363883
10.23335727
10.13747965
13.37496001
8.83633362
1.14797997
-3.39284739
2.38799812
-3.57886996
-0.86130808
-1.18400491
3.38808482
-5.45293080
19.52765363
18.38410162
19.05491140
16.05634255
-11.90699717
-11.15620538
-12.97174190
-10.29114433
3.99807382
4.69585133
3.68302721
6.06218795
14.73711763
11.38317447
12.45846970
12.36024040
-7.34265248
-9.70814726
-7.76212423
-8.44619641
-9.28234464
-7.00561967
-10.32602653
-6.56520419
4.62430717
3.56274440
5.18593018
3.01810494
0.58849326
-1.84463834
1.70682228
-1.26487085
-14.82060042
-13.19144966
-13.83102068
-16.41723400
3.50901106
-8.83024438
3.71531304
-11.56932888
2.30055397
-7.49456556
5.85255984
-9.88283109
15.98564606
15.33507342
18.64371998
13.50158356
-1.77890699
-3.40904073
-2.93565593
-2.09692618
13.41307842
14.06049591
15.56259570
13.51175427
-1.44983317
1.19759072
0.39723848
0.83619501
18.25891952
13.55682272
17.20687721
17.02276564
-2.15059260
-3.43869534
-2.21024831
-3.79370700
-16.79930825
-18.20522062
-14.25631188
-16.96313036
-19.36237817
-14.74303191
-17.19974078
-16.67473392
0.35114403
-3.97097575
-3.04758527
-5.95806039
8.79971460
11.36702485
10.55273119
12.80583023
7.43698994
7.04291937
10.54755955
4.63058285
6.52346235
8.24642848
7.96983422
6.69278639
-7.85038320
-6.14812793
-6.57168801
-8.73772819
-6.49926935
-4.26964208
-4.79912088
-5.17627741
0.24411239
1.42339873
1.52435494
-0.18789928
3.00862605
0.88108468
1.71153290
3.39320579
-13.44651674
-14.02169451
-12.26776354
-13.11092755
0.23316562
-0.80269312
0.58103228
-1.02966229
-5.33582847
-8.74618049
-7.62108851
-6.76450368
6.68740038
14.76755906
8.82325556
12.07901467
6.99183123
9.92287273
6.49155242
9.16470144
-8.65486642
-11.01692975
-8.92887026
-10.27157090
-13.64312744
-10.69361159
-11.19776851
-10.38780954
3.40837345
4.30760114
4.42713050
6.46919137
-7.16224248
-6.01438284
-8.13540263
-4.07111146
-3.32515684
2.13463448
-5.79918145
-0.10364966
-3.05582976
0.96063058
-5.55939569
-0.17365947
-6.35237281
-9.54752085
-6.81706328
-7.43952762
5.93705165
7.68105909
7.14159841
6.46047736
15.22872273
15.91256169
14.71880570
16.02366690
-3.94414831
-5.82057122
-2.75358199
-5.24110693
2.03002990
0.66199417
2.70935129
1.52974477
-4.42073354
-6.25760040
-6.40964578
-7.32084771
2.30441063
1.32792462
2.91834850
3.59014221
-17.45622003
-16.41852423
-17.60215641
-15.44944663
8.77527756
7.51496090
10.78049097
8.78998728
-4.44966940
-1.62266734
-4.92942386
-4.09781657
3.51737610
4.68063234
4.49225354
5.53277947
6.99317046
7.15068805
4.50733978
9.17222870
-11.72455705
-13.59218161
-10.44200843
-12.62897274
8.63581461
9.58024930
10.34513610
11.24735141
-5.22249659
-4.96265013
-3.34418535
-4.04532532
-11.15439109
-10.84784279
-14.15177693
-13.08617342
0.58574815
-0.53864684
-1.87526014
-1.98226384
-6.68914075
-2.71210670
-6.23906986
-5.11305465
-17.40234837
-15.24878373
-15.79729556
-15.44629610
-0.25017237
-0.19648778
-0.52861394
2.12425044
-4.24392572
-2.52108691
-5.08829930
-3.44285644
-11.61973454
-9.77397426
-12.43575848
-11.90010308
0.03824555
-3.25770195
-1.36032823
-3.17045817
3.79201821
1.43758502
3.25763381
2.42864407
-14.30586563
-12.97954648
-15.44996075
-14.45210475
-0.95773441
-0.73111142
-2.73366390
1.03062041
-1.13851258
1.28040465
1.29482320
-0.03372883
-0.96945609
-2.02425429
-0.62842009
-2.84101874
17.03679716
16.28717924
17.12062280
15.22091187
-5.61353205
-3.14394500
-3.47622247
-1.32883521
0.68386882
-1.29593296
-0.88001154
-0.28547686
12.03413911
12.41641988
13.07494859
11.66484688
-9.44983714
7.64069640
-12.00355450
4.89729512
-9.37580936
7.19339842
-10.19680488
5.08545442
-17.14043211
-14.34152381
-15.38762445
-16.15156802
-18.79203046
-16.07980309
-16.09675876
-18.72541573
16.05847960
16.97509198
13.71832710
17.98682176
14.99979083
15.89300098
15.20026288
18.01061492
6.65759209
5.22571477
4.77347336
5.62860173
5.22018472
4.65399567
5.58738097
6.73682515
13.05207687
11.60076746
14.55947974
11.02855088
14.12063030
13.18952077
14.78781351
10.02157838
-9.31605689
-8.23487901
-8.76784786
-8.49013436
-11.29434788
-7.77722922
-10.23192684
-9.25697025
9.89822230
11.01934273
12.56727102
11.62064505
10.13915521
11.82087450
12.92106438
11.02230823
7.58622914
5.29322783
7.58694289
4.93979949
9.32423613
6.37451846
7.86523533
6.11016782
3.06108073
-11.50606861
6.62443754
-5.64124822
3.11055858
-9.66537231
3.98835622
-7.51436480
2.66163459
-10.65512163
3.99858047
-4.62585010
3.56253974
-9.20874817
5.02868207
-7.34211510
2.32075438
-0.06241002
3.47895800
-0.67420101
1.91171214
1.44755917
3.52770131
-1.59292766
-12.79688734
-10.99092985
-12.52190060
-10.81330871
-13.43933479
-8.87787076
-12.66250696
-10.49756654
7.42022949
8.61304240
8.48086477
5.67156692
9.35122996
8.24420337
9.63393385
4.73804956
-8.11384090
-12.85194601
-10.57736175
-11.94441738
-9.09784555
-13.94495096
-11.09640961
-11.38145920
-5.59093106
-7.39006754
-6.47139876
-5.37272767
-4.88819388
-8.35380117
-6.36680942
-5.10846451
6.88440356
11.66996065
8.50582168
12.28040675
7.16855358
12.75558113
9.54258516
13.68321122
-13.06770382
-16.82810301
-15.27934067
-16.02764005
-14.27790542
-16.00920538
-15.42000152
-15.50936422
8.67036349
10.37420477
8.21734677
8.29095522
9.64139931
9.26436465
8.78655988
6.40207107
4.21051092
2.44117077
5.76393091
1.76996067
2.02682073
2.67772450
5.02429623
1.43787561
8.48245992
10.34692698
5.78076724
6.89591163
7.32064534
8.48896143
6.70634765
8.27209868
