-4.39300670
-7.14432804
17.68587443
2.72958888
-18.67667557
14.42973923
0.78734038
11.53225377
13.16514075
8.96433806
5.35214718
-4.67011805
9.25362561
3.43382937
6.74914681
-12.16131043
-7.87115532
-4.14512407
9.09283898
-1.98579300
-0.63812382
-12.63710816
-8.67444564
-0.03585688
0.27490860
2.65372102
-7.80836981
15.34251375
5.66491285
-1.78717908
-5.32672097
2.64939421
4.81163890
20.14259747
-15.89813604
9.60104055
-8.74724303
0.46674629
-18.91638136
-11.57526148
-1.03924269
-6.09435029
-1.63729164
5.95238712
-13.00191972
10.06705139
13.44820739
8.19556978
3.49473856
-5.65674607
-8.69151360
-1.02672689
-6.26762524
-0.78655042
-4.48919741
-12.36968656
17.74919582
-14.83361559
-3.42855469
8.48139016
-8.59303512
7.95381652
-11.68744526
3.97028529
-1.44159577
1.23492450
3.53212493
-13.52253533
4.24112413
15.35151651
-0.24290227
-8.78583765
-18.72244286
0.81632875
11.33796749
-16.12053418
12.51124115
-3.55153002
-15.44013224
-9.68593192
-3.85610738
-4.84596785
10.41804457
14.90535427
5.43138266
-5.56713334
11.29185256
3.34002496
7.93175615
-12.16366446
3.08993355
-0.87971103
-13.75514338
7.60294222
-5.26803186
7.40162882
16.53902541
6.79931727
-18.85294740
-8.40350480
-15.62443431
17.55057709
6.34424931
11.51830435
-7.50265530
10.56655238
4.49947539
5.83570955
-6.52222307
0.61089273
-10.41733963
9.51546102
-12.57744088
-6.67264523
11.42082354
-16.39667764
9.58931488
1.67954588
9.43461228
-10.16684704
16.73878898
11.73176453
0.59401466
13.26338855
-15.57948295
12.05415800
0.85313244
-2.08224366
17.75166383
-13.41920586
3.59843134
12.52740236
-10.14291454
-5.94206156
2.58045292
-0.48826719
-14.69243778
4.97908306
-10.08001758
17.15174117
-4.71413993
13.29086796
2.61363389
15.33955327
-1.51080541
-18.94097983
-16.31241201
-4.37908671
13.08225687
9.56181898
4.95410773
-5.51979804
-3.63396527
2.53227800
2.27904022
-15.35022698
-2.07875899
-7.87981858
14.45350589
10.70022983
-10.14237267
-11.89010426
5.72569514
-5.34827261
-4.89915478
-1.22402250
-8.54505062
7.10558861
16.23928000
-5.40310379
0.98100128
-5.55445689
2.57707123
-17.43336754
7.98192572
-3.03282347
6.14600284
8.39797384
-13.31891109
10.29893367
-4.20285994
-10.35540805
-1.22629201
-2.85071797
-15.00283208
0.84886463
-2.96412565
-10.86061246
-3.40628042
1.15289514
-14.31582491
-0.11019658
0.05288422
-1.98506736
17.89709864
-4.39425421
-2.39944128
13.41898432
-11.68221275
4.44125298
-15.01269866
-17.74562431
15.32967821
17.32824097
4.72783269
6.37774791
16.12466428
11.86334331
-8.18253206
-9.89899066
14.11413570
13.09337825
8.50613813
4.42056936
3.71570211
-8.80171699
4.73653571
-7.04646260
4.20317362
-0.99692073
-12.48190235
-11.78419135
9.75259329
6.64273044
-10.72556030
-11.29394459
-5.51648479
-6.06961620
7.70459643
13.56067201
-14.67388018
-15.54843545
9.55960374
8.25004101
5.69487830
1.19011565
6.36220881
6.60776194
-6.77091666
-9.44656257
15.03099921
15.05382446
9.38873444
10.56846144
-1.35416307
-2.58684918
14.20733750
10.01191362
-13.83386023
-12.91947337
13.05758862
9.28926587
0.36841113
-2.95881144
2.27010447
-6.60146672
18.29725331
18.42595920
-14.08069742
-11.95980212
1.95136707
6.25927793
13.60767004
11.39394370
-7.07138563
-7.56171509
-10.08960877
-8.15239442
5.77296861
4.48876699
2.26059719
-2.10783881
-13.15034634
-15.63888219
1.50097054
-8.75625136
6.15779133
-10.84625940
18.54692724
14.50753364
-3.19424696
-2.35057845
15.41555494
14.63627288
-0.10387463
-0.03352454
19.04132287
16.47152751
-1.02169561
-5.75536612
-15.11547414
-17.55172479
-17.79405021
-18.52690779
-2.81826588
-5.76778677
11.68386811
12.04125844
8.14172197
10.17990506
8.68770612
5.88708895
-6.48955687
-7.76351471
-7.57812594
-4.17616160
2.05187748
1.19967769
1.37556727
2.71027954
-12.33047243
-13.15514662
0.35010534
0.05798286
-6.65781192
-8.97181764
9.65333441
11.13391022
8.96323596
8.45073789
-8.88165292
-9.65003738
-12.79768435
-9.96617085
4.72814285
6.88712934
-7.23051861
-3.31298727
-2.83162280
1.04070910
-5.35697740
0.96045650
-6.21484320
-7.52028421
8.53055932
4.91300944
15.57873572
17.73376389
-2.25140369
-4.76535835
3.47109118
1.47285402
-6.60614457
-6.42463421
3.31870020
2.68338088
-18.83062796
-15.30868897
10.02408356
8.21435127
-3.94142800
-4.18230329
5.53655061
5.84677174
4.81307160
8.14768297
-11.29327001
-11.67524401
11.64649204
11.09620041
-4.47663104
-3.24472469
-14.38030920
-12.31897626
-0.90052187
-2.46319114
-7.09319631
-4.98252703
-16.99638421
-16.91083606
-1.48063287
1.84508664
-5.34513290
-4.24238388
-13.89453448
-11.18761470
-2.45906622
-4.27829373
4.00556949
2.38523179
-17.10185635
-16.10217310
-2.00610377
2.11078450
0.21219515
-0.76841289
-0.55905243
-1.80161094
17.20891281
14.65176385
-4.09731580
-2.54223781
-1.78767163
-0.73600138
13.24624203
13.12447705
-9.53413162
6.40476246
-11.06710224
5.66075311
-18.21812074
-17.25999183
-17.59007045
-18.34827594
16.50118519
17.50699759
16.67578874
19.21206703
5.95423540
4.15678764
6.22497332
7.53907818
14.19128854
12.75512182
14.54942568
10.86205292
-10.68708189
-7.85579509
-10.03258945
-9.26453186
9.96229360
12.32950095
13.23660888
12.18538239
8.49364924
7.34857387
6.91900038
5.35813134
3.63722376
-10.40208041
5.22983240
-4.06698078
4.68777498
-8.54894912
6.32228044
-8.16495377
2.04811714
1.56464094
4.13526253
-2.43530903
-13.54564668
-8.00682183
-13.38258446
-11.47406812
8.73671301
7.70741713
10.48259108
3.79756697
-9.80559272
-13.60447631
-12.23502846
-12.71055387
-4.61584316
-9.25425634
-5.91782859
-4.30599325
6.72389083
12.04666489
9.95792720
13.96336167
-14.93594322
-16.67025011
-15.37544043
-16.37445068
10.23873350
9.41146481
7.97462192
7.59946426
3.01529282
3.46195244
6.14661566
1.85741944
7.73787236
9.17900171
7.11283062
7.67077222
-8.11775981
-12.06614402
-8.61025378
-9.61924569
14.07910982
16.17586282
14.57611602
15.76942394
12.21375844
12.19767340
10.76512015
12.64671169
-4.18667111
-0.68637197
-3.27658219
-1.42614381
16.00532952
11.34302185
14.21455902
12.26928181
-13.92680260
-16.48590542
-14.82627475
-14.20402168
10.63633423
10.25434624
13.20312537
9.21586312
1.64481054
-2.99892469
2.83119220
-3.34418432
-1.06886773
-1.17305152
3.08267932
-5.11508717
20.55027544
18.73353119
19.56535389
16.61000641
-12.42607749
-11.92697067
-13.12516270
-10.39430064
3.86606447
5.29548847
3.80603099
5.78491387
14.97200646
11.78752775
12.51445204
13.11378635
-7.52120369
-9.91835253
-7.97878155
-8.77425092
-9.53821530
-7.34989566
-10.57337707
-6.77478983
4.74073829
3.60923403
5.33124975
3.08810338
0.53747789
-1.88596682
1.74507993
-1.28562857
-15.36563584
-13.72972951
-14.50994852
-17.10816890
3.71262901
-9.07637475
3.74891822
-11.80875451
2.47033368
-7.68616598
6.01846432
-9.88048299
16.47940807
15.85819728
19.34699066
14.05578654
-1.89581215
-3.49969603
-3.15504564
-2.13063792
13.95450659
14.66407949
16.10372225
13.88049980
-1.44590992
1.26136932
0.42366006
0.83958231
18.97781280
14.06906178
17.92012682
17.78679098
-2.28809348
-3.59219324
-2.40656643
-3.82838581
-17.36939774
-18.68255198
-14.55323391
-17.51041615
-19.87646836
-15.23108425
-17.78062504
-17.20077275
0.16377547
-3.99950785
-3.10775275
-6.25074977
9.16279412
11.70551684
10.64903385
13.18141707
7.73219856
7.25334363
10.86846192
4.78523212
6.78401179
8.43029214
8.17818098
6.96799917
-8.20348570
-6.41770963
-6.86448778
-9.10382239
-6.72464432
-4.33782196
-4.96293200
-5.33640111
0.36100964
1.49398640
1.64711748
-0.14691547
3.10737193
0.92594387
1.73416387
3.46394240
-13.89003698
-14.46055521
-12.65587346
-13.51274462
0.26594815
-0.86860306
0.43421227
-1.09910495
-5.62029253
-9.12782987
-7.97075390
-6.93705558
6.96400967
15.30569281
9.07615013
12.41188027
7.02924736
10.20953923
6.61940270
9.36615289
-8.87211707
-11.35992037
-9.24128804
-10.59522193
-14.07960019
-11.02086264
-11.52398957
-10.66985282
3.67806981
4.50297435
4.64653311
6.69259133
-7.46165587
-6.23269870
-8.41289369
-4.21513468
-3.39830042
2.26352697
-6.17597500
0.01316589
-3.07423730
1.02620817
-5.69073635
-0.14987824
-6.55195714
-9.81109392
-7.05742007
-7.59737187
6.09523061
7.88619703
7.25221224
6.65606688
15.52668351
16.39498463
15.12164825
16.67227945
-4.15360724
-6.08674742
-2.79894707
-5.44787115
2.10048971
0.37521713
2.89226842
1.66804403
-4.56554109
-6.50680106
-6.62491558
-7.62037616
2.34863355
1.37228453
2.97739760
3.61234476
-17.92366709
-16.89692422
-18.14646637
-15.98531753
9.10615108
7.92958445
11.23196998
9.15444453
-4.73963895
-2.10615632
-5.15076870
-4.24927767
3.70375923
4.69873864
4.72831164
5.71175932
7.22892632
7.33618354
4.65084849
9.42738878
-12.42499621
-14.08136977
-10.50496212
-13.20677442
8.99816837
9.86850870
10.38676006
11.49308816
-5.43973072
-5.19519490
-3.44064923
-4.16344943
-11.45386322
-11.22009578
-14.63368823
-13.48191954
0.65109090
-0.47627627
-1.87471491
-2.01361911
-6.87302970
-2.69943326
-6.32463037
-5.23468869
-17.97150009
-15.96735985
-16.57821238
-15.93606620
-0.27456733
-0.27873885
-0.85867075
2.33231159
-4.40343956
-2.58580565
-5.26364673
-3.53541049
-11.99413765
-10.01674017
-12.85600092
-12.24137831
0.21450282
-3.38205258
-1.42408067
-3.27263508
3.64869133
1.19733181
3.16022894
2.10363058
-14.76173871
-13.59039916
-15.89670429
-15.06245279
-0.90669449
-0.64617206
-2.77834692
1.03796829
-1.26743634
1.20056293
1.55658535
-0.12749330
-0.67356476
-2.06926023
-0.75773665
-2.89546552
17.63344680
16.82487755
17.28133937
15.71478755
-5.69283739
-3.29313683
-3.50597035
-1.25884328
0.82755198
-1.34651694
-0.87209572
-0.24679801
12.43380764
12.88688711
13.47084427
12.27894913
-9.64611455
7.80832992
-12.53501695
4.99906685
-9.74264454
7.47838883
-10.59764387
5.25423437
-17.72631197
-14.55481900
-15.73664381
-16.63550407
-19.39463047
-16.58981460
-16.44287314
-19.46133594
16.27200230
17.49084044
14.23155750
18.53343617
15.48555305
16.44719750
15.67333014
18.60366563
6.87097845
5.47773903
4.77474571
5.75454615
5.23451619
4.76421659
5.75833457
6.93784371
13.28497579
11.96695288
15.05731703
11.29401030
14.34102378
13.56923400
15.31065425
10.31317990
-9.62949735
-8.49900188
-9.04659543
-8.79414835
-11.67852828
-8.00060814
-10.73565067
-9.59385317
10.27518047
11.40852737
13.15283348
12.17810685
10.51963628
12.22628605
13.34258130
11.31991846
7.79288746
5.43657098
7.84245751
5.11387867
9.61390572
6.52067826
8.10990387
6.35427294
3.21737176
-11.69243459
6.94991509
-5.86522193
3.29444280
-9.90473763
4.23140871
-7.68327454
2.82729218
-10.86553830
4.13230825
-4.82295831
3.69905823
-9.44051203
5.30070364
-7.63694380
2.40537900
-0.16503046
3.55859291
-0.58118651
2.07051343
1.32891093
3.51011747
-1.64718933
-13.21058200
-11.41615915
-12.90031050
-11.12491317
-13.87187485
-9.10051657
-13.05318667
-10.82622104
7.62407052
9.02640363
8.65614063
5.79455845
9.72064281
8.42675125
10.15333465
4.68944638
-8.27439241
-13.26071452
-10.78467972
-12.24220960
-9.29445630
-14.43267467
-11.33608290
-11.66331924
-5.86777736
-7.62571688
-6.65361891
-5.66179042
-5.03319872
-8.60820696
-6.59299340
-5.23350183
7.03346572
12.05381591
8.70361264
12.67083862
7.48346382
13.08695388
9.70465535
13.95702374
-13.29490597
-17.41445006
-15.68366746
-16.58472480
-14.41345242
-16.53232231
-15.91583457
-15.97258440
8.87738464
10.62050798
8.55901991
8.56530314
9.59811509
9.52256827
8.96955523
6.55940933
4.49149885
2.65611249
5.60474045
2.08882284
2.03431272
2.72102517
5.14470596
1.35184190
8.80138848
10.38128941
5.81696501
7.48278278
7.34210557
8.46875068
6.79885180
8.49973976
-6.46114530
-10.18438553
-7.45283580
-9.28751567
-8.42489684
-11.14835904
-7.79842973
-10.15490924
12.17013735
15.95122088
15.58430918
15.62798958
13.83379713
16.64185948
13.77144815
14.76319932
10.54220295
12.73194789
10.40925460
11.38105008
11.28748090
11.44634973
11.14548266
12.20090353
-5.19401286
-0.18910574
-1.85669898
-3.18214881
-3.33473006
-0.28155035
-2.30104337
-2.44162507
15.55339425
12.92783469
15.19185329
10.63037041
16.51651168
12.33254732
13.22121022
11.44385149
-12.09094104
-15.93267611
-13.99049868
-12.30829367
-12.95500983
-17.31308212
-14.75421280
-13.27757393
12.26975426
11.05975563
13.03385224
10.21249052
10.20077869
11.07258725
14.15823239
8.34797806
1.96553859
-3.78354556
1.31520217
-2.81758621
0.08212143
-2.06887892
2.52819654
-6.92711789
1.03952936
-3.62935954
1.75679302
-4.12280720
-0.90894998
-1.11504780
3.80161903
-5.90486025
19.16707391
17.63842825
19.17444026
17.84644160
20.22141697
19.36362964
20.02715821
17.05586623
-10.54954116
-12.50971425
-14.83953431
-11.36310103
-12.58689438
-11.08440322
-13.65719819
-10.91106881
2.52017892
2.93736974
2.92357240
6.18931192
4.58213575
4.54831679
4.25692035
6.75849171
14.02340198
12.84423570
14.24322274
10.96122253
15.23817621
11.23870981
12.78181596
12.47701030
