-4.41996241
-7.23079127
17.90555299
2.70567943
-18.85837819
14.48608383
0.82941610
11.63284328
13.29486394
9.02466123
5.49924483
-4.72740455
9.31901066
3.63568460
6.81937515
-12.37195031
-7.96594586
-4.22929861
9.23969720
-2.00120261
-0.62985891
-12.76679640
-8.79624768
0.00334006
0.23841281
2.65483845
-7.96216178
15.46858862
5.69741204
-1.76698557
-5.44634189
2.68906801
4.77570030
20.18008971
-15.96014097
9.71715915
-8.84525434
0.58807041
-19.11110703
-11.71311331
-1.06367732
-6.14592237
-1.63413494
6.00890206
-13.08427303
10.26008787
13.66259598
8.11564629
3.32459168
-5.74587028
-8.77185731
-0.77546049
-6.60135318
-0.77479660
-4.69937407
-12.47624326
17.95059826
-15.01187009
-3.33657826
8.59838680
-8.62080753
8.03314151
-11.83513964
3.78280118
-1.54229848
1.19456116
3.49157265
-13.63746352
4.27990767
15.50208217
-0.28987556
-8.97621281
-18.92803818
0.80979998
11.46842011
-16.31628124
12.64355175
-3.52951445
-15.67662097
-9.86088232
-3.62059146
-4.96693435
10.54844499
14.97837644
5.46327166
-5.65226699
11.43280099
3.39655807
7.99502875
-12.30297456
3.15201471
-1.18686627
-13.94813571
7.61143434
-5.35873901
7.34688236
16.71705212
6.98515443
-19.08275985
-8.48341936
-15.81623105
17.77437750
6.35425137
11.70253977
-7.57964678
10.61228986
4.47510938
5.92744145
-6.58587094
0.57299208
-10.62752158
9.61229065
-12.69601592
-6.80460491
11.51167988
-16.58118100
9.76451132
1.78433682
9.42191166
-10.21245785
17.00463740
11.86759528
0.61409051
13.41558638
-15.72810929
12.15686404
0.92869619
-2.08948019
17.71803382
-13.43203804
3.62729911
12.45855478
-9.65826654
-5.63615255
2.15818166
-1.17798354
-14.73048317
5.03530882
-10.13000903
17.35325748
-4.75803846
13.40805363
2.56764987
15.47993148
-1.49127153
-19.19170872
-16.50373701
-4.42701292
13.26665553
9.66674772
4.97322920
-5.57848860
-3.69724210
2.58155236
2.25558100
-15.53904160
-2.10179360
-7.94075955
14.61999942
10.76169175
-10.26123551
-12.04831686
5.77979515
-5.39886361
-5.00370540
-1.27765485
-8.66689937
7.27014861
16.33940979
-5.29597630
0.95899883
-5.61961794
2.55290496
-17.60419078
8.06706660
-3.05048242
6.22743509
8.45394602
-13.52147953
10.21282033
-4.19598302
-10.54678480
-1.23580399
-2.78871283
-15.08430816
0.90495316
-2.92335949
-10.97903652
-3.59792241
1.20870131
-14.43739466
-0.08997823
0.09545307
-2.01282353
18.12115990
-4.46290826
-2.48720628
13.58687627
-11.78202840
4.47799439
-15.12398660
-17.96436424
15.52629912
17.53194853
4.74149939
6.42063674
16.33556730
11.95353919
-8.28410792
-10.00398544
14.26206054
12.95685602
8.53838598
4.42723365
3.75805512
-8.88012310
4.81564557
-7.12878170
4.24642239
-1.17714781
-12.76414639
-12.02392648
9.90767592
6.70265976
-10.91330285
-11.45114699
-5.53550284
-6.11544341
7.81597597
13.62200200
-14.80501312
-15.70625460
9.63748853
8.48215665
5.72474258
1.20858748
6.49500173
6.52389466
-6.85303271
-9.46059319
15.17863280
15.25830024
9.50202568
10.68025276
-1.33000741
-2.74112290
14.40689532
10.15464121
-14.00105495
-13.09845032
13.16303406
9.37645209
0.29513289
-2.97675211
2.29354923
-6.63611311
18.49445875
18.69595664
-14.17660566
-11.92462311
1.84714193
6.25951069
13.58916889
11.87845852
-7.65930834
-7.39928575
-10.60125217
-8.03452124
6.32198242
5.20904863
1.73059290
-2.32685092
-13.32166731
-15.30637693
1.51618526
-8.88444269
6.18300615
-10.93396504
18.75060673
14.70491551
-3.17697044
-2.37430408
15.50125782
14.72897462
-0.06793749
0.10361833
19.27124907
16.66708543
-1.00290300
-5.83726837
-15.30265662
-17.74156112
-17.95263054
-18.73865318
-2.86958123
-5.79910908
11.79220793
12.01997211
8.23684459
10.21284814
8.77873860
5.98658927
-6.46247930
-7.90037572
-7.64463203
-4.21652556
2.11118806
1.22185300
1.03183208
2.71613356
-12.47145093
-13.30139829
0.34257681
0.02623165
-6.78697082
-9.03241195
9.78411518
11.26654288
9.02773121
8.49600985
-8.98191448
-9.80784968
-12.95850323
-10.04599628
4.66272542
6.95976455
-7.29239167
-3.29979036
-2.90996255
1.08183077
-5.46906590
1.02623674
-6.25576314
-7.58960943
8.69619853
5.05468709
15.72847848
17.94374675
-2.23651209
-4.79077563
3.39826266
1.37069311
-6.74140763
-6.48914968
3.31690045
2.68685868
-19.03836505
-15.45275408
10.14951949
8.26690786
-3.89838341
-4.25937951
5.59951874
5.87376811
4.83346458
8.22841992
-11.38355381
-11.70942560
11.82501218
11.15160035
-4.52732665
-3.22271329
-14.33005095
-12.35741305
-0.92142930
-2.48306330
-7.18479950
-4.89063547
-17.18491640
-17.05770247
-1.65742995
2.02642528
-5.39267066
-4.30326392
-14.07713473
-11.34135154
-2.55678368
-4.35664017
4.09725908
2.08219547
-17.31154675
-16.27783819
-2.00502595
2.16123977
0.03500658
-0.78444433
-0.40034906
-1.74814631
17.38190392
14.81225907
-4.19675085
-2.58750669
-1.78425010
-0.76171500
13.42254207
13.32054590
-9.63136979
6.44149416
-11.17670152
5.81269339
-18.44329828
-17.44005066
-17.79453709
-18.54468088
16.75728674
17.70113772
16.86536341
19.41815968
5.99167090
4.15153726
6.25858724
7.56323233
14.34845107
12.86088771
14.76124267
11.00166398
-10.81425843
-7.94394972
-10.14664248
-9.42190722
10.04735621
12.48210556
13.37083975
12.28612285
8.52932529
7.41468158
6.94649067
5.36847163
3.70373700
-10.65711657
5.31792142
-4.01743363
4.72762976
-8.64864181
6.44834126
-8.14456127
2.07395509
1.68718297
4.16345636
-2.57413900
-13.70329913
-8.04447582
-13.56024624
-11.63646734
8.82760037
7.79508673
10.59331382
3.70180787
-10.00889922
-13.73884645
-12.43807214
-12.89927273
-4.49038912
-9.35530658
-5.95020167
-4.26084624
6.82320563
12.14353030
9.97956558
14.12244785
-15.14251487
-16.79883274
-15.55395256
-16.56543569
10.31808817
9.48147162
8.11133147
7.68134488
3.04102652
3.60134604
6.19423531
1.78904974
7.77923676
9.14752549
7.14598875
7.74251186
-8.21897582
-12.20021121
-8.71208830
-9.69761102
14.27590690
16.26737486
14.74843500
15.97012001
12.28260917
12.27729622
10.90500420
12.78894886
-4.19232525
-0.64264178
-3.32277321
-1.28985279
16.01651611
11.39914328
14.20235862
12.38603879
-14.06720144
-16.67515172
-15.00889242
-14.31156991
10.77480811
10.34761364
13.23136850
9.43729574
1.28571461
-2.83477034
2.88776895
-3.56648085
-1.08389439
-1.08255493
2.97702219
-5.32228805
20.56342376
18.72796669
19.83560576
16.98785406
-12.65305653
-12.42004624
-13.25681286
-10.34388317
3.96811469
5.32134969
3.79910703
5.81659570
15.28536298
12.14249857
12.75182551
13.70967636
-7.22090304
-10.04256726
-7.36063634
-8.85907039
-9.18820204
-7.43934747
-10.39993409
-6.18564652
4.25424688
3.53602330
5.20426694
3.71488980
0.46105447
-2.24451591
1.71308395
-1.02235420
-15.13966332
-13.57914875
-14.29007460
-17.97878401
3.76751049
-9.16586769
3.76488508
-11.98563984
2.55811822
-7.86279215
6.05871598
-10.28736369
16.72607116
16.05262896
19.61088417
14.24029324
-1.88313200
-3.52295543
-3.18850590
-2.16074060
14.09459126
14.79653138
16.21327737
14.01954066
-1.33951238
1.31218132
0.50713726
0.84861557
19.18211955
14.21071299
18.09751665
18.03189655
-2.24882188
-3.66924725
-2.36352560
-3.88046378
-17.54940014
-18.83861534
-14.72685521
-17.70430564
-20.03085669
-15.39939436
-17.94717067
-17.40693950
0.19475593
-4.04756624
-3.12994820
-6.31848019
9.31895514
11.88869118
10.76584174
13.33151505
7.85945841
7.28252678
10.95377391
4.81947759
6.86839513
8.42635603
8.27827133
7.00732532
-8.36141876
-6.39375941
-6.89704783
-9.25039735
-6.77387872
-4.41069702
-5.03714147
-5.39717618
0.37597979
1.50668741
1.68486561
-0.09366971
2.95427182
0.94498459
1.79491609
3.44807487
-14.05987990
-14.62783221
-12.80458675
-13.67362690
0.23507968
-0.87191853
0.45536918
-1.12383741
-5.71452256
-9.21111559
-8.06727515
-7.04589575
7.01570098
15.47770167
9.15093530
12.54198377
7.10180248
10.24993555
6.67034073
9.48192387
-8.87803147
-11.50035559
-9.38959721
-10.71136020
-14.25225132
-11.16598494
-11.65819589
-10.79959781
3.86555985
4.38608411
4.68013155
6.74263903
-7.52715760
-6.27084633
-8.49734538
-4.25303601
-3.46926981
2.26922788
-6.30054869
-0.02969676
-3.13444374
1.04178109
-5.75492284
-0.13946699
-6.60733089
-9.90143927
-7.05912815
-7.65527907
6.15575493
8.08101028
7.44689504
6.78383605
15.50644490
16.59850071
15.32162147
16.84551106
-3.98753666
-6.08905090
-2.74436553
-5.42365857
2.11718012
0.33499881
2.92142990
1.69134154
-4.65640433
-6.59459947
-6.74282588
-7.69850020
2.36004741
1.33558836
3.03666414
3.62336787
-18.11199896
-17.06389124
-18.33542190
-16.12332446
9.15821274
8.01668538
11.19513351
9.14215288
-4.65815976
-2.09933440
-5.09331203
-4.22598456
3.72354809
4.75070453
4.74489537
5.77473419
7.23316677
7.34294369
4.67185598
9.40714431
-12.53376483
-14.26370186
-10.54462651
-13.27702760
9.11428383
9.91402437
10.56586192
11.39573589
-5.50128734
-5.25989409
-3.48743093
-4.12819554
-11.62256390
-11.30394916
-14.81672380
-13.60413580
0.71836999
-0.47097972
-1.94783655
-2.06959766
-6.93066868
-2.59931550
-6.37596855
-5.26553463
-18.15956095
-16.15465483
-16.69265002
-16.05370232
-0.39431961
-0.28745083
-0.91938197
2.41076160
-4.43369414
-2.98701541
-5.21665207
-3.66129919
-12.16862565
-10.18374000
-13.04289090
-12.41343376
0.27412383
-3.41778423
-1.49514207
-3.14228897
3.59421644
0.90974212
3.31029323
2.26137595
-14.94133654
-13.75935712
-16.07466279
-15.16637178
-0.89013823
-0.61835246
-2.79349876
1.07171346
-1.35099886
1.24711117
1.78416661
-0.06631757
-0.64904657
-2.07210809
-0.64561087
-2.86134836
17.82408384
17.02275765
17.39422632
15.88929224
-5.78573497
-3.35517825
-3.55100712
-1.26545863
0.71805781
-1.39362559
-0.87840999
-0.29458524
12.57152575
13.05868360
13.62080695
12.43640011
-9.75126879
7.88227441
-12.71373668
5.11343039
-9.77975059
7.53294108
-10.66318560
5.21881870
-17.93355467
-14.84370786
-15.91802829
-16.84356567
-19.62217485
-16.77030111
-16.66049314
-19.69052895
16.45501799
17.75819229
14.39527667
18.78971834
15.70332723
16.62779255
15.87581460
18.86395832
6.89890203
5.45071421
4.78551055
5.78799876
5.24812061
4.78352463
5.76731864
6.99063354
13.35380309
12.14474640
15.24250872
11.40856016
14.44700475
13.71980156
15.50118274
10.39970644
-9.77168234
-8.61144743
-9.15068860
-8.86306710
-11.80352552
-8.06355546
-10.89350155
-9.71274727
10.38740705
11.45122768
13.20504810
12.11745067
10.65918521
12.33468169
13.50477437
11.29251135
7.83335395
5.44866965
7.87995653
5.13885980
9.67611637
6.55369461
8.17091486
6.37959088
3.28230975
-11.76522641
7.05168352
-5.85148926
3.37329889
-10.01783428
4.32106569
-7.85853979
2.87828777
-10.97433879
4.19395452
-4.77658143
3.71739542
-9.53338952
5.40745504
-7.64386056
2.31220154
-0.13256489
3.53081211
-0.61578807
2.04945290
1.35467278
3.54494864
-1.69790873
-13.40403405
-11.58913106
-13.02154812
-11.19206592
-14.12389049
-9.12765062
-13.23719364
-10.97068171
7.69062875
9.13277107
8.81645921
5.78860362
9.83184503
8.48479830
10.30116807
4.70675131
-8.40837138
-13.45537168
-10.91068402
-12.37318860
-9.39974312
-14.61204205
-11.48269810
-11.83350529
-6.04277083
-7.71404962
-6.51902101
-5.82856084
-4.70995437
-8.77520087
-6.69784182
-5.23374708
7.11624811
12.15095981
8.80906524
12.70155572
7.57557270
13.20206319
9.78283124
14.07938398
-13.44302781
-17.61420051
-15.81153400
-16.75837343
-14.52111750
-16.72794496
-16.14522445
-16.18049443
8.95125547
10.82379148
8.63747817
8.63464483
9.65873164
9.61454104
9.12646118
6.66481115
4.63869184
2.72033916
5.52491401
2.07924094
2.17794740
2.70549411
5.20957178
1.40029183
8.80273476
10.43253096
5.86411943
7.43207439
7.45615664
8.44359570
6.79211194
8.62182197
-6.57339640
-10.26890584
-7.55127575
-9.41289434
-8.53960469
-11.22646927
-7.87435951
-10.32843559
12.24173985
16.25836079
15.71351289
16.06668240
13.93810821
16.88053236
13.90061926
14.96475216
10.58153797
12.88086677
10.51107233
11.44815478
11.44225121
11.61451668
11.30650932
12.32449203
-5.19140476
-0.09826536
-1.91449817
-3.20339247
-3.29644418
-0.36317363
-2.33279464
-2.32394962
15.56932945
12.92772392
15.40468589
10.77355976
16.64122412
12.38612240
13.20261477
11.45390337
-12.22896584
-16.09657666
-14.11688903
-12.38667073
-13.10782662
-17.49124564
-14.94497655
-13.36370872
12.32631948
11.14007555
13.14261370
10.23814931
10.29024248
11.13956486
14.21173730
8.48256134
1.98396064
-3.91286375
1.43267200
-2.85726830
0.05776074
-1.97746943
2.78356655
-6.61634595
1.13246953
-3.51194166
1.83403719
-4.27589633
-0.88898717
-1.11909072
3.80876096
-5.87828815
19.20859738
17.99954159
19.38582164
18.03384627
20.45470376
19.41381233
20.23726086
17.22391234
-10.71865741
-12.48954440
-15.09290823
-11.28520328
-12.66740242
-11.41704745
-13.74906933
-10.95873522
2.48616593
3.10117228
2.85507922
6.28739316
4.59327373
4.59675041
4.34470925
6.79736121
14.48352653
13.07801050
14.51190750
11.16283049
15.44165315
11.22822108
12.73981413
12.84198510
-5.58102973
-10.72271689
-7.03623775
-7.88286307
-7.76620130
-9.97871326
-8.38400410
-8.23730408
-8.26148779
-6.41849998
-10.13338682
-9.05043018
-9.99337246
-7.30556113
-11.07526535
-7.22476695
4.57605929
3.06718979
5.82338095
4.27137072
5.20292236
3.92374713
5.64363062
2.70014741
-0.70351476
-0.24163353
2.46313279
-2.17479750
-0.13008193
-1.80728474
1.96357067
-1.72811806
-16.24241129
-14.86017398
-13.17497483
-16.34764067
-16.09290598
-14.09607293
-15.27084292
-16.95722019
