-4.40709664
-7.19110265
17.81533746
2.70138307
-18.76888058
14.46413377
0.80840042
11.58726957
13.26555762
8.98865500
5.41639224
-4.69719707
9.28779797
3.51482351
6.78399262
-12.28398432
-7.92108725
-4.18921725
9.17348403
-2.00539575
-0.63376127
-12.68992146
-8.72518118
-0.06462100
0.26061935
2.67390763
-7.90264579
15.39778409
5.66689835
-1.75310172
-5.38897884
2.67548444
4.79353252
20.14455954
-15.98849812
9.65173561
-8.78879001
0.50814570
-19.00274677
-11.65376554
-1.05844577
-6.12368815
-1.63330518
5.98570959
-13.02695674
10.06491732
13.46100035
8.15382451
3.41675180
-5.71906407
-8.68669618
-0.97382600
-6.60644047
-0.78058111
-4.55684741
-12.42491219
17.84723966
-14.91567162
-3.38074621
8.53109460
-8.61767771
7.99001143
-11.74732263
3.98497689
-1.50271537
1.21253877
3.50086201
-13.57868118
4.24423115
15.42796643
-0.26714281
-8.82259755
-18.83240974
0.79149106
11.40634454
-16.20525102
12.57887780
-3.54022445
-15.50496387
-9.75552399
-3.75425590
-4.91831222
10.47429096
14.94595219
5.45095176
-5.57829599
11.36887341
3.37436891
7.96590701
-12.21991936
3.08935630
-0.89691801
-13.82085308
7.60898608
-5.31942213
7.37819064
16.63030193
6.82197873
-18.97234293
-8.48731240
-15.70816819
17.66627898
6.36610370
11.61473393
-7.55138014
10.57682039
4.46940448
5.87922945
-6.55536288
0.59923939
-10.51984521
9.56950612
-12.62760272
-6.75617628
11.46063042
-16.48723302
9.66576559
1.76610928
9.42249328
-10.17906166
16.92526362
11.80210242
0.58136534
13.34088932
-15.65801352
12.10957655
0.87653163
-2.09118908
17.74720366
-13.42776309
3.62909371
12.42009517
-9.95585067
-5.56141822
2.58144084
-0.49663488
-14.75404114
5.00719149
-10.12315663
17.25246437
-4.75048368
13.35433829
2.62277053
15.38315334
-1.56165103
-19.05520647
-16.40718297
-4.42404082
13.17121698
9.62036166
4.96298524
-5.56378087
-3.66555388
2.56356604
2.26961728
-15.43988161
-2.09566432
-7.90805191
14.54238031
10.73050059
-10.21114611
-11.96461030
5.73768371
-5.37614493
-4.95410283
-1.24773552
-8.59022272
7.14424019
16.26883448
-5.39497051
0.95452881
-5.58168518
2.55305451
-17.52030013
7.99772826
-3.05651285
6.18313800
8.40871352
-13.39639373
10.18727525
-4.17334322
-10.45209241
-1.23157818
-2.78463126
-15.08790117
0.88470447
-2.97613648
-10.91574768
-3.45040095
1.15610286
-14.37799615
-0.10638989
0.06607077
-2.02659234
18.00644303
-4.42780680
-2.45186039
13.50817049
-11.75596003
4.46012559
-15.05875794
-17.84451893
15.43465157
17.42993446
4.72971639
6.39415796
16.23015548
11.90265106
-8.24012787
-9.96633301
14.18797296
13.00379345
8.49900660
4.42383311
3.73677407
-8.82637474
4.77790527
-7.07122210
4.22591678
-1.03677602
-12.63310573
-11.94078789
9.81620620
6.67680274
-10.77228022
-11.33230852
-5.44825172
-6.07541150
7.75668896
13.59818497
-14.73994490
-15.62210010
9.61108192
8.29961150
5.68709898
1.23219942
6.41667914
6.58962729
-6.80564520
-9.45292789
15.08279171
15.10280411
9.44241997
10.62131099
-1.35808479
-2.65079395
14.30845279
10.06289647
-13.92255363
-13.01590252
13.11466186
9.33417233
0.37389837
-2.96771775
2.31200134
-6.65313868
18.39763869
18.59429637
-14.17859726
-11.95307664
1.90442790
6.25934584
13.49493572
11.68241133
-7.59754288
-7.52352366
-10.46929158
-7.82260340
5.80384969
4.49793242
2.25118287
-2.12978068
-13.22902781
-15.72033140
1.50961627
-8.76157244
6.16580500
-10.88166243
18.64641006
14.61207453
-3.19034944
-2.38821126
15.46153022
14.68155174
-0.07950799
-0.03325245
19.15738093
16.56526291
-1.02916772
-5.79843789
-15.19569388
-17.64852256
-17.87066048
-18.63117786
-2.84945438
-5.78254007
11.73366207
12.03590970
8.17855953
10.17299497
8.74896299
5.92401730
-6.46163105
-7.82112098
-7.60124177
-4.20247560
2.07869830
1.20952312
1.36542277
2.70780095
-12.40984134
-13.22125064
0.34732420
0.04524640
-6.72511549
-9.00423316
9.73279494
11.20109140
9.00259598
8.48197976
-8.95149988
-9.72383227
-12.87105512
-9.99601728
4.69139046
6.90406914
-7.27526965
-3.29580339
-2.87634622
1.04847929
-5.41696421
0.95774701
-6.25134127
-7.54459094
8.60429599
4.93402684
15.65769000
17.84043140
-2.26098409
-4.78484614
3.48216717
1.45452623
-6.67098923
-6.43825966
3.32303407
2.68024322
-18.94367792
-15.35640570
10.01532498
8.22183691
-3.95972915
-4.21871419
5.55981289
5.86935578
4.82238494
8.18386612
-11.33714280
-11.68078892
11.64418348
11.11441296
-4.48989269
-3.24471715
-14.45829421
-12.37604699
-0.92141221
-2.47399638
-7.14960051
-4.87881468
-17.08990667
-17.00860412
-1.56745339
1.92720561
-5.37746686
-4.26059904
-13.96602820
-11.21827625
-2.49533099
-4.30639682
4.03453845
2.25037414
-17.20105286
-16.16870795
-2.00386669
2.12922854
0.10307580
-0.80032089
-0.43541011
-1.72399798
17.29302106
14.73112534
-4.15182486
-2.56393543
-1.77729834
-0.73349037
13.34017432
13.21894748
-9.64447165
6.38959614
-11.13568143
5.66569848
-18.32824262
-17.33602800
-17.68287659
-18.44041109
16.62448471
17.59706342
16.78362149
19.31551317
5.97263497
4.15264861
6.24054573
7.57051810
14.27992556
12.79696232
14.65397300
10.91735377
-10.75178205
-7.91799197
-10.10026927
-9.35692356
9.99939067
12.39471464
13.30526433
12.24044165
8.51023024
7.37896048
6.92275714
5.35939814
3.67066589
-10.48913278
5.26695129
-4.09361847
4.70393613
-8.58188255
6.38368637
-8.20741410
2.07287808
1.55548018
4.12806272
-2.48414342
-13.62340849
-8.11056943
-13.43633188
-11.54164278
8.78018230
7.75336032
10.53377685
3.80033129
-9.86726902
-13.66223000
-12.30297515
-12.76917889
-4.55021838
-9.26207553
-5.91903525
-4.27092232
6.77104565
12.09544461
9.96509559
14.04782297
-15.03236007
-16.73014359
-15.46115130
-16.47308737
10.27310621
9.44264127
8.00330323
7.61074955
3.02449668
3.55696736
6.18385219
1.81385302
7.75209059
9.15159046
7.13663396
7.69815387
-8.17110370
-12.12782590
-8.65379519
-9.64182355
14.20775850
16.19113764
14.68991071
15.88224616
12.20162088
12.23474751
10.83212926
12.70580153
-4.19127307
-0.63097558
-3.31352047
-1.38956857
16.00911337
11.37029863
14.21297351
12.33520290
-13.98826974
-16.57252882
-14.92803256
-14.23695448
10.72375969
10.30872332
13.21224369
9.32824983
1.44798593
-3.04531987
2.85876445
-3.41620591
-1.09665472
-1.17611074
3.02214917
-5.15193552
20.55927073
18.73512023
19.69408122
16.83624952
-12.56431165
-12.16608049
-13.19083101
-10.32629155
3.90085623
5.29439788
3.82896105
5.79807480
15.24536840
12.07113687
12.61692856
13.62016910
-7.08580275
-9.93111768
-7.40457670
-9.18630194
-9.47624541
-7.45945855
-10.39403152
-6.25437453
4.75984132
3.61962484
5.33302767
3.08656956
0.51892093
-1.89111301
1.76616713
-1.30485968
-15.46749088
-13.79191379
-14.62484424
-17.22573072
3.74411242
-9.14050450
3.75816550
-11.89012247
2.51741480
-7.81039732
6.03527522
-10.14181211
16.59571753
15.95623357
19.48153988
14.14710717
-1.88872802
-3.51566024
-3.19366239
-2.15844467
14.02371963
14.73572032
16.15481009
13.95318492
-1.42408220
1.26635316
0.38022898
0.85157663
19.10221970
14.13944808
18.03648526
17.89751812
-2.25732563
-3.63722437
-2.35934802
-3.88033240
-17.45163012
-18.75691560
-14.62106296
-17.60240649
-19.94978422
-15.31022168
-17.85889353
-17.29837830
0.16326668
-4.05123119
-3.12248698
-6.27999352
9.21860299
11.79394933
10.69796405
13.24565047
7.78805434
7.26862783
10.91377206
4.78791737
6.81999850
8.40497732
8.23221583
6.96585583
-8.27398432
-6.44763140
-6.87512224
-9.19334309
-6.74989179
-4.37160445
-4.99592810
-5.36986930
0.37049539
1.50510284
1.66918154
-0.12504864
3.10220093
0.91617051
1.73157955
3.46128072
-13.97364277
-14.53733528
-12.72607423
-13.58806387
0.24468632
-0.87774660
0.43630649
-1.13762295
-5.66796828
-9.17171357
-8.01769584
-6.99148437
6.98404414
15.40208314
9.10309913
12.47267579
7.06428999
10.21491622
6.64502536
9.42033342
-8.91435428
-11.42369259
-9.34351585
-10.69977822
-14.16007767
-11.08601063
-11.58831226
-10.71788625
3.77240151
4.45130250
4.65102449
6.69610340
-7.52572087
-6.25152378
-8.41815417
-4.23449493
-3.44908415
2.27158590
-6.24149553
-0.00509868
-3.09712505
1.03919799
-5.72249684
-0.14994415
-6.58411253
-9.88253973
-7.10189150
-7.64166232
6.12692254
7.93164780
7.31312979
6.68193179
15.51843351
16.54037852
15.29088211
16.76154528
-4.08971338
-6.09392904
-2.77425669
-5.48536926
2.12649546
0.37857194
2.91145511
1.67693501
-4.61442417
-6.53780031
-6.68684561
-7.65671473
2.35100934
1.34737677
3.01487129
3.61465017
-18.01355730
-16.98005473
-18.23858025
-16.04715491
9.08323447
7.94442165
11.19368470
9.09377562
-4.71898960
-2.13673717
-5.13905932
-4.26527239
3.71739982
4.71991967
4.72959366
5.73963170
7.22763922
7.32878146
4.65413128
9.41204265
-12.49901931
-14.19014929
-10.53096796
-13.27766425
9.01684146
9.89660601
10.44608590
11.37538391
-5.47519334
-5.27038909
-3.48777609
-4.13967766
-11.55862150
-11.30326016
-14.70231964
-13.52670929
0.69387573
-0.46856997
-1.91885215
-2.03121159
-6.90455400
-2.60607264
-6.35759466
-5.25443083
-18.05943094
-16.05644257
-16.64385484
-16.03225603
-0.33994050
-0.28935050
-0.91815487
2.37450823
-4.43594146
-2.59462039
-5.29103932
-3.55686053
-12.04231280
-10.08101342
-12.93739949
-12.30659964
0.20788477
-3.39134633
-1.43534971
-3.27952735
3.62280818
1.13566697
3.20421764
2.15266074
-14.81541217
-13.65694092
-15.95436412
-15.11771619
-0.89985427
-0.63021759
-2.78249198
1.04779594
-1.33629250
1.21688434
1.68380948
-0.11709407
-0.63235384
-2.09185058
-0.69374755
-2.87796998
17.73102826
16.92331249
17.33641756
15.79871318
-5.73859406
-3.32424034
-3.52628369
-1.26242260
0.76334685
-1.37157421
-0.88333137
-0.28970903
12.50987523
12.98215203
13.54322926
12.36844669
-9.68230110
7.82821004
-12.64917820
5.06254500
-9.77031051
7.54144498
-10.64067540
5.26797978
-17.83425673
-14.63213052
-15.81666245
-16.71524389
-19.51395230
-16.66736378
-16.54548536
-19.57076768
16.36663736
17.61762461
14.32001950
18.65596141
15.59213967
16.54516434
15.78063084
18.73434116
6.88849031
5.49069797
4.77730726
5.77068199
5.23485811
4.76957849
5.76715047
6.96270686
13.31494068
12.05730625
15.15236661
11.34918925
14.38608303
13.64928411
15.40808518
10.35308921
-9.69666185
-8.56597280
-9.10164975
-8.84448543
-11.72088852
-8.02957302
-10.80862057
-9.65764308
10.32045982
11.44490380
13.16655793
12.18877411
10.58552712
12.25539336
13.42994393
11.26393280
7.81310559
5.43075621
7.85118333
5.12485077
9.63998743
6.52280950
8.14079364
6.35975431
3.24868609
-11.72689845
6.99399485
-5.90107669
3.33091511
-9.93986572
4.27443359
-7.77365406
2.85725171
-10.90184948
4.16060511
-4.85890080
3.70682931
-9.48702461
5.35398060
-7.67923182
2.39326618
-0.18188140
3.53725024
-0.59080852
2.07998830
1.31256755
3.50582412
-1.67407965
-13.30209591
-11.51225086
-12.94119590
-11.15912588
-13.96538661
-9.05382816
-13.10784420
-10.84822325
7.66077395
9.07200919
8.71492827
5.81559885
9.77441171
8.46729059
10.23097337
4.70092808
-8.31390822
-13.33895361
-10.82465665
-12.28624004
-9.31175002
-14.51820823
-11.38567325
-11.71719332
-5.91024325
-7.65146923
-6.61808873
-5.74082529
-4.83225025
-8.69607741
-6.66023729
-5.22296901
7.07524267
12.10311468
8.75524183
12.69336016
7.54084433
13.15101499
9.74892405
14.01792703
-13.34678832
-17.51374062
-15.74384641
-16.66559363
-14.41333925
-16.62510491
-16.01668279
-16.07326586
8.91458692
10.71789528
8.57083831
8.58993185
9.62205015
9.55245653
9.04229123
6.56810391
4.58551945
2.71013385
5.57114401
2.08563933
2.09158331
2.71301016
5.17615959
1.35075799
8.80140886
10.44283561
5.82284953
7.46398908
7.39402315
8.46365491
6.79181168
8.53112342
-6.51249999
-10.22228353
-7.50125425
-9.35117085
-8.47884122
-11.18231662
-7.82980927
-10.25127858
12.19138253
16.10185451
15.63735675
15.91345965
13.91383665
16.77295865
13.83199463
14.87816686
10.58259314
12.80653411
10.45877211
11.41877957
11.39583535
11.51821479
11.23033991
12.26110049
-5.19165142
-0.12762457
-1.88855264
-3.21139449
-3.32546466
-0.37223200
-2.32960825
-2.41623373
15.55837271
12.93384784
15.29793385
10.69474857
16.58435990
12.36115503
13.21703609
11.45060397
-12.16553109
-16.01533024
-14.04292826
-12.34170169
-13.03674405
-17.39135021
-14.85302875
-13.29953081
12.29510385
11.10007623
13.09407397
10.21367652
10.25552442
11.11187366
14.18486587
8.41830346
1.96612478
-3.87545107
1.40475060
-2.74273357
0.11311317
-2.07511986
2.64514553
-6.73502578
1.09044629
-3.52018720
1.80084492
-4.15208309
-0.83010602
-1.10864795
3.79193231
-5.84964703
19.16710035
17.84963253
19.28024859
17.99877169
20.34033974
19.39900551
20.13166565
17.19577367
-10.66047305
-12.45030430
-14.98336099
-11.27885699
-12.62335991
-11.21802319
-13.66339274
-10.95955195
2.51408748
3.01625239
2.89908486
6.22900142
4.57282743
4.59044779
4.32336290
6.77557816
14.34806180
13.07719226
14.45235065
10.94422498
15.32591522
11.28486109
12.72599433
12.74300464
-5.65842936
-10.70620949
-6.83131923
-7.63762912
-7.85640390
-9.98935889
-8.42268994
-8.28038486
-8.64970463
-6.43696046
-9.95712141
-8.76988284
-9.61490099
-7.22726933
-10.87935633
-7.23548157
