-4.39470403
-7.16980212
17.74815078
2.72149954
-18.72552509
14.43209657
0.79704018
11.55361162
13.22118291
8.97367159
5.37862128
-4.68355395
9.27447406
3.47263943
6.76852974
-12.23012167
-7.89508390
-4.17049625
9.13477361
-2.00398568
-0.63948877
-12.66139985
-8.70179449
-0.06147900
0.26822357
2.67326836
-7.85778988
15.36853365
5.66229851
-1.75415941
-5.35738873
2.66352035
4.80687195
20.14431143
-15.94286195
9.62027678
-8.76577706
0.44914787
-18.95881002
-11.62431570
-1.04576516
-6.08028643
-1.63490075
5.96467589
-13.00376084
10.00739055
13.32671017
8.19850639
3.47449301
-5.68607698
-8.71403184
-1.00729993
-6.20445307
-0.78236242
-4.52423183
-12.39636788
17.79715251
-14.87412100
-3.43019688
8.50421521
-8.60909542
7.97128305
-11.71367679
3.97901210
-1.47852674
1.22986187
3.51857509
-13.54912652
4.24404833
15.38987877
-0.25351467
-8.80043126
-18.78126217
0.79591868
11.36982581
-16.16163734
12.54501240
-3.54984092
-15.47231951
-9.70898870
-3.89325426
-4.87889247
10.44596213
14.92458162
5.44255124
-5.59206657
11.33409266
3.35860375
7.95079711
-12.18518992
3.08866888
-0.88718009
-13.78682285
7.60919845
-5.29554215
7.39091351
16.58514748
6.80884563
-18.91376022
-8.41687391
-15.66682476
17.60865829
6.35632719
11.57050762
-7.52722515
10.57287235
4.47790527
5.85690050
-6.53846200
0.60301547
-10.44202077
9.54281836
-12.60200888
-6.71795864
11.44146521
-16.44271155
9.63174413
1.71853071
9.43411870
-10.16588597
16.83846016
11.76854660
0.57570627
13.30380543
-15.60944569
12.08437763
0.86329167
-2.08754080
17.75486345
-13.42528208
3.61577704
12.42154442
-10.18125121
-5.95826182
2.58348262
-0.49154111
-14.72696266
4.99106978
-10.09320570
17.20146476
-4.74319374
13.32410546
2.61487809
15.33673266
-1.53426768
-18.99839169
-16.36201476
-4.39145180
13.12855956
9.59140524
4.96428784
-5.53392655
-3.64486967
2.54722470
2.27231287
-15.39493383
-2.08916771
-7.89675211
14.49743516
10.72278526
-10.16735774
-11.92563120
5.73444764
-5.36382847
-4.92768821
-1.23442118
-8.57603413
7.12613797
16.23088434
-5.41483092
0.96524900
-5.56545904
2.56408224
-17.48023985
7.97995519
-3.04709325
6.16326865
8.39421620
-13.35158354
10.23146879
-4.17970478
-10.39917598
-1.22752097
-2.80926576
-15.04557548
0.86622007
-2.96925480
-10.89089641
-3.43087653
1.15279162
-14.34349430
-0.11062561
0.05518915
-2.00718738
17.95024775
-4.41124248
-2.42639114
13.46029796
-11.72099837
4.44747226
-15.02237747
-17.79588529
15.38956780
17.37779971
4.73039572
6.38504832
16.17603674
11.88415951
-8.21229258
-9.93985893
14.15505007
13.00257614
8.52303816
4.42398161
3.72490606
-8.81336146
4.75694636
-7.06355692
4.21714280
-1.01682975
-12.53553675
-11.89954004
9.78563122
6.66079693
-10.75364232
-11.32030460
-5.50260818
-6.07112510
7.73017151
13.57984909
-14.70888008
-15.58534122
9.58073308
8.27500802
5.69822107
1.20595489
6.38761112
6.61817009
-6.78638366
-9.44975730
15.03301638
15.05297230
9.41575327
10.59622241
-1.35906508
-2.60570454
14.26124429
10.04125868
-13.88638327
-12.97211356
13.08340230
9.30965633
0.36261489
-2.96150560
2.27707709
-6.65212390
18.34728690
18.51846452
-14.14941689
-11.98684549
1.92931322
6.25930957
13.43080046
11.57342890
-7.09377448
-7.58936710
-10.11235285
-8.17382500
5.78906320
4.49362773
2.26030297
-2.11882178
-13.19695804
-15.68037150
1.51154407
-8.72773195
6.16184205
-10.87575415
18.59507493
14.55967019
-3.19988597
-2.36916682
15.43994893
14.65876270
-0.09004177
-0.03332971
19.09059247
16.50929083
-1.02561474
-5.79030955
-15.15551215
-17.60168110
-17.83222821
-18.58068801
-2.83511652
-5.77101205
11.70763295
12.03973020
8.16158195
10.17663045
8.71862313
5.90097725
-6.47600095
-7.78491753
-7.58734350
-4.18857669
2.06630667
1.20808685
1.37424654
2.71069773
-12.36515857
-13.18922060
0.35032386
0.05100459
-6.69113814
-8.98877894
9.69706630
11.16735498
8.98671873
8.46644542
-8.90551331
-9.65734132
-12.83515578
-9.98237961
4.72678385
6.89362512
-7.25447980
-3.30094342
-2.85358136
1.04477795
-5.38883302
0.95959596
-6.23557528
-7.53519822
8.57160559
4.92725228
15.61185728
17.79014528
-2.25131855
-4.77647268
3.47305934
1.46118753
-6.63135512
-6.43929388
3.32758302
2.68137688
-18.89138348
-15.32760155
9.98639963
8.20501363
-3.95397111
-4.19763395
5.54677838
5.86020512
4.82062571
8.15640964
-11.32297558
-11.67237637
11.54028292
11.10665647
-4.48205657
-3.25548020
-14.42371003
-12.34870932
-0.91484784
-2.46837607
-7.11952418
-4.93148104
-17.04058371
-16.96116880
-1.52828620
1.88187818
-5.35681404
-4.25109672
-13.92798148
-11.18486518
-2.47937374
-4.29574405
4.00844733
2.33480922
-17.15213920
-16.13667893
-2.00539651
2.11844148
0.16912507
-0.78893782
-0.44914401
-1.74944017
17.25082463
14.68939864
-4.12507944
-2.55212606
-1.78015140
-0.73309811
13.29353839
13.16570074
-9.57614537
6.40531684
-11.09261592
5.66074102
-18.27333422
-17.29824922
-17.63438199
-18.39648347
16.55970862
17.55168927
16.72889610
19.26526013
5.96363240
4.15402535
6.23580211
7.55563842
14.23480406
12.77117934
14.60030005
10.87393635
-10.71685145
-7.89613484
-10.07052945
-9.31228972
9.98314076
12.37576834
13.28094157
12.22965992
8.50433759
7.35938609
6.92249949
5.36099577
3.65374905
-10.42088930
5.24658680
-4.08006191
4.69783663
-8.56287252
6.35287039
-8.18625084
2.06288515
1.56022495
4.13170948
-2.45382368
-13.58250982
-8.02879366
-13.41462492
-11.50739697
8.75673589
7.73206473
10.50880718
3.80034552
-9.82203520
-13.63278828
-12.26906590
-12.73860433
-4.59468276
-9.28012037
-5.93706839
-4.27939036
6.74748425
12.07082012
9.96689196
14.00546269
-14.98413625
-16.69924495
-15.41681963
-16.42703514
10.25439648
9.42756599
7.98672921
7.60434153
3.01919767
3.50379749
6.15857406
1.83273271
7.74371287
9.17218593
7.12150690
7.68677351
-8.14660265
-12.09624144
-8.62854989
-9.63211503
14.14357843
16.19370301
14.64400869
15.81553717
12.23089549
12.21493302
10.80013195
12.67386830
-4.19162691
-0.64828503
-3.29801207
-1.40852090
16.00562539
11.35790761
14.21458978
12.30467892
-13.96280217
-16.52511217
-14.87809436
-14.21538583
10.67841474
10.28382909
13.21145129
9.26663777
1.55791687
-3.02950320
2.84491521
-3.37343313
-1.08937534
-1.17593228
3.05267834
-5.13256015
20.55514616
18.73919637
19.62800282
16.74016801
-12.49153840
-12.01783688
-13.13340653
-10.35273990
3.88087535
5.29353925
3.82196254
5.78882638
15.17593623
12.02172536
12.59190929
13.49757580
-7.50935255
-9.95510821
-7.97252585
-8.81697121
-9.56023148
-7.36662101
-10.58957081
-6.79068386
4.75018768
3.61625852
5.33152041
3.09104923
0.52926935
-1.88515992
1.74801138
-1.29077956
-15.41692298
-13.76453771
-14.56843439
-17.16957887
3.72870942
-9.10867781
3.75935792
-11.84915690
2.49318813
-7.75295248
6.02790239
-9.99542763
16.53809109
15.90654721
19.41547112
14.10352640
-1.89480499
-3.50597926
-3.18369674
-2.14392987
13.98865559
14.70073594
16.12939083
13.91647865
-1.43557744
1.26953930
0.41677847
0.84415502
19.04276539
14.07716862
17.97629630
17.82148171
-2.28075745
-3.62473608
-2.38949499
-3.81984492
-17.41104836
-18.72105328
-14.59206156
-17.55431551
-19.91269207
-15.27255634
-17.81933671
-17.25039895
0.16538772
-4.05060171
-3.11381050
-6.26510861
9.19220065
11.75220315
10.67543650
13.20952445
7.75885231
7.26214747
10.89538226
4.78465022
6.80152642
8.40184811
8.20503242
6.96343133
-8.22998588
-6.43783818
-6.88743297
-9.12954585
-6.73355803
-4.35146435
-4.97608824
-5.35433129
0.36720056
1.49747055
1.65889273
-0.13725703
3.10620079
0.92171594
1.73279119
3.46301557
-13.93269464
-14.49875606
-12.68858122
-13.54945673
0.25479019
-0.87356040
0.42821510
-1.11901721
-5.64445543
-9.15164948
-7.99342167
-6.96442804
6.97485622
15.35933552
9.08772650
12.44284448
7.04660978
10.21308419
6.63344009
9.38880118
-8.84932927
-11.39119355
-9.25249564
-10.60779838
-14.11985110
-11.05356592
-11.55239348
-10.69748538
3.70781499
4.49947608
4.65442650
6.69754002
-7.48577596
-6.24171618
-8.40945835
-4.22127849
-3.42756323
2.27099151
-6.20984303
0.00737991
-3.07960559
1.03955263
-5.70360405
-0.14933230
-6.55922632
-9.83745403
-7.08082476
-7.61130191
6.11201742
7.90619887
7.28635208
6.67019622
15.52399999
16.46471142
15.22469687
16.70372663
-4.15994277
-6.10403403
-2.78966228
-5.46658890
2.11487549
0.36899898
2.89832857
1.67071475
-4.57495534
-6.51267270
-6.65069281
-7.64204394
2.34899202
1.36273075
3.00045669
3.61587465
-17.96781743
-16.93700116
-18.19362074
-16.01293127
9.06863218
7.92104613
11.19525740
9.09933269
-4.75045120
-2.11445264
-5.16481516
-4.25769757
3.71150197
4.70668723
4.73240400
5.72660340
7.23033057
7.33220144
4.65230156
9.41187303
-12.46835387
-14.13989758
-10.51241364
-13.24201907
8.99228194
9.86859145
10.43337965
11.36574249
-5.45357727
-5.24722987
-3.46826002
-4.16176742
-11.50477405
-11.26272651
-14.67464502
-13.50085234
0.68153035
-0.46989319
-1.91043624
-2.01723719
-6.88575897
-2.64864420
-6.34907878
-5.24646159
-18.01767398
-16.01964149
-16.61637012
-15.99501613
-0.30943778
-0.28600489
-0.89623669
2.35281805
-4.42393287
-2.58954430
-5.27749972
-3.54358297
-12.00929519
-10.02208692
-12.89013432
-12.26901512
0.21081373
-3.38560250
-1.42858374
-3.27577251
3.64204011
1.15299025
3.16148969
2.10611514
-14.78315607
-13.62629972
-15.91985146
-15.08449211
-0.90310133
-0.63840390
-2.77936882
1.04085152
-1.32793046
1.20409148
1.62219643
-0.12154458
-0.66217135
-2.07776292
-0.74045792
-2.89630545
17.68241723
16.87280820
17.30930474
15.75537331
-5.71533350
-3.30836940
-3.51573657
-1.26135289
0.79954138
-1.35315970
-0.87808083
-0.26789694
12.47059673
12.93846926
13.50494063
12.32764062
-9.67033254
7.81309967
-12.57865411
5.03447243
-9.75903724
7.50860777
-10.60601037
5.26071078
-17.78144310
-14.58606406
-15.77789368
-16.67306255
-19.45656303
-16.62858494
-16.49636123
-19.51870784
16.31910687
17.55103227
14.27240745
18.59315490
15.53693408
16.49368936
15.72879783
18.66975175
6.88298417
5.48519454
4.77613512
5.76236741
5.23393612
4.76697025
5.76602670
6.95000989
13.29965459
12.00821160
15.10547559
11.32029212
14.36402938
13.60754614
15.35851294
10.33590618
-9.65986094
-8.54003516
-9.07109645
-8.82037824
-11.69444539
-8.01112924
-10.76940857
-9.62159576
10.28604343
11.42808208
13.13803879
12.20728398
10.55281289
12.21391292
13.40037859
11.25207912
7.80440976
5.43198877
7.84989298
5.12262995
9.62157425
6.51878614
8.11977646
6.35681975
3.23260518
-11.70880220
6.97051877
-5.88500740
3.31085079
-9.92144015
4.25288059
-7.69476534
2.84347510
-10.88369577
4.14435594
-4.84351183
3.70541912
-9.46017331
5.32768357
-7.65869391
2.39671589
-0.17425431
3.54872839
-0.58805204
2.07572847
1.31509135
3.50801162
-1.66225989
-13.25098735
-11.42501977
-12.89231578
-11.13212675
-13.91704739
-9.10079020
-13.07467670
-10.81301234
7.64300505
9.04811791
8.68603072
5.80651899
9.74441479
8.44784849
10.19272749
4.69585791
-8.28490227
-13.30032754
-10.80673647
-12.26543948
-9.31231261
-14.47554887
-11.36064704
-11.68946988
-5.91850048
-7.66767824
-6.64904162
-5.72830886
-4.96779259
-8.64916446
-6.63681477
-5.23049266
7.05376535
12.08173181
8.72898058
12.68540065
7.51239642
13.11758218
9.72745985
13.98718554
-13.31956398
-17.46352107
-15.71149112
-16.62416936
-14.41504732
-16.57838560
-15.96674032
-16.02061771
8.89555567
10.67152738
8.57600820
8.57707761
9.60655163
9.53852443
9.00351603
6.56299593
4.53908775
2.68057416
5.60728723
2.08629814
2.06015148
2.71933120
5.15275011
1.34632563
8.81002212
10.41756500
5.82097969
7.48412382
7.36184758
8.47555582
6.80433852
8.51242278
-6.48491950
-10.20406227
-7.47635068
-9.31625529
-8.45014848
-11.16659791
-7.81095513
-10.19152834
12.17835759
16.01172947
15.59213141
15.83811830
13.90071502
16.73535727
13.82499253
14.81717993
10.56139571
12.76894016
10.43230442
11.40019680
11.31491808
11.48328853
11.18840244
12.23208022
-5.19086897
-0.16305178
-1.87332734
-3.19474787
-3.33099001
-0.33861398
-2.31699178
-2.43322522
15.55323011
12.93332015
15.24661916
10.66298329
16.55220548
12.34812434
13.21960301
11.44728758
-12.13418319
-15.97860486
-14.01507883
-12.32470040
-13.00162097
-17.34878812
-14.80639230
-13.28293558
12.28199624
11.07980700
13.06103196
10.21116176
10.22558802
11.09405213
14.18756066
8.37644365
1.95290562
-3.82451537
1.36141040
-2.78364175
0.11259427
-2.07976260
2.58495157
-6.90206081
1.06173222
-3.58305180
1.77956705
-4.14255413
-0.86263029
-1.11458683
3.79604803
-5.89831109
19.16870870
17.77003769
19.22683391
17.96178944
20.27392463
19.38248908
20.07983597
17.15929859
-10.62046632
-12.46400414
-14.92184815
-11.29057461
-12.61167228
-11.15385298
-13.66133599
-10.94605961
2.51295362
2.97402311
2.91336099
6.20963547
4.57694456
4.57378066
4.29754309
6.76781727
14.25869604
13.12306760
14.40505901
10.85167949
15.30108929
11.28011116
12.72567652
12.64293787
