-2.48181640
-4.04987871
9.34061833
2.25274006
-9.98994428
8.40697438
0.25189619
6.40530004
7.11022855
4.86550465
2.27026799
-2.25639611
5.92344489
1.97186153
4.44598843
-5.95965916
-2.99658419
-1.63509443
4.43105306
-0.86447409
0.18436173
-6.28773753
-5.79121715
-0.19988216
-0.34922627
1.01641715
-4.58059281
8.23820168
3.82114124
-0.92469750
-3.17647082
1.41980827
1.96040948
10.86046215
-8.11656122
5.15713497
-3.95722939
0.01764331
-9.14092836
-6.25814061
0.39719710
-3.11905416
-0.66027571
4.06759065
-6.87086838
5.25613071
7.71626357
4.18829775
1.78658008
-3.61033176
-4.73220000
-0.43823315
-3.86223418
-0.61047405
-2.21911288
-5.93214314
9.66473049
-7.42758215
-2.58946434
4.80645366
-4.57007119
4.64500011
-6.84506285
2.12550022
-0.90578692
0.45348735
1.65873752
-7.14914812
2.25702018
7.59867206
-0.11779289
-4.80103980
-10.16770253
1.06324818
7.24605726
-8.66384441
7.41469522
-1.53492457
-8.89888971
-5.26935540
-1.73927388
-2.80490016
5.05997994
8.12091962
2.74771589
-3.52856117
6.33192905
1.69586634
3.81523765
-7.58537773
0.64491641
0.86151641
-7.90131283
4.92942344
-2.45170518
3.68353351
9.34553968
4.03367465
-10.02581617
-4.97452864
-8.78434970
9.23122140
2.61277544
5.97964507
-4.27436729
5.92858220
2.76178084
3.45079455
-2.84436403
0.02963447
-5.52433777
4.42048198
-6.79727099
-4.20487448
6.68887728
-9.33781837
5.54439860
1.29766824
4.92593048
-5.01539974
8.70639164
6.55625335
-0.67253418
7.29655399
-8.00838248
5.63216405
1.02762387
-2.00838049
10.30801022
-5.99665352
2.58939185
6.30326478
-5.28422636
-3.71435388
2.49914956
-0.27875018
-7.27428154
2.69299328
-6.52114049
9.02560584
-2.54822549
7.22188799
1.37616365
7.39392572
-2.26377188
-9.65389279
-8.79112982
-1.61026532
6.30594374
5.69658109
2.92746668
-4.04972749
-2.30372969
0.99494028
1.14420395
-8.04320545
-0.76870873
-3.91893672
6.98930728
5.11457833
-6.06677796
-6.45660287
3.01025189
-3.21781866
-2.87135284
-0.62097593
-4.80953896
3.57417717
9.21298931
-2.76255933
0.31925333
-3.76545373
1.65545442
-8.68343265
4.16774514
-2.69951056
3.23659791
4.84019422
-7.21047083
6.06931618
-2.04077665
-5.18456170
-1.11028071
-1.78349507
-8.81850719
0.54979229
-1.72535693
-5.93274372
-1.04630050
0.69914701
-7.77237321
0.53919447
0.23961737
-0.58389102
8.88695414
-1.79826779
-1.02545696
7.29901287
-6.65894244
2.66134564
-8.82422210
-10.08890771
7.99218473
9.94925416
3.83209681
3.55854045
8.59431403
6.17889311
-4.24023394
-5.27345810
6.87624452
6.53233845
3.79282630
2.78819328
2.06768351
-5.20436660
2.47750259
-4.08216172
1.70350557
-1.23648142
-7.25832317
-6.36993657
5.47807383
3.33899752
-5.56492617
-6.13368323
-3.56228998
-3.07481129
4.99158100
7.60148283
-8.37856451
-9.20921736
5.17499967
4.57771154
3.18668011
0.96355042
3.21463182
4.11715104
-3.35449892
-4.82791715
7.87269204
8.68309590
5.70583289
6.21334750
-1.43444670
-1.66776074
7.14513696
6.27678011
-7.79981050
-7.43422794
7.23873679
5.20185003
0.18312405
-0.99264199
1.91226338
-2.92064055
10.09167986
9.69387015
-6.96752877
-4.98550916
1.63106334
3.40941335
7.05714918
6.08399474
-3.92646039
-4.59702854
-5.22739097
-3.90971820
3.07955149
2.34527738
1.47850838
0.03211626
-7.21619136
-7.80147564
1.26760943
-4.96214219
2.90574598
-5.59003121
10.15914899
8.19255892
-1.61649190
-1.68787281
8.24216407
7.61321861
0.42833969
0.72070095
8.95726305
8.34004809
-1.28649283
-2.51947117
-7.98176994
-9.77460894
