-2.52904401
-4.08578877
9.39692167
2.26844510
-10.00344422
8.43584302
0.24274656
6.44079005
7.15779679
4.90814742
2.29276432
-2.27100632
5.97699906
1.95512118
4.45628747
-5.97670532
-3.03792914
-1.64911468
4.42862371
-0.87881477
0.20679676
-6.32333079
-5.83376662
-0.22418538
-0.33820043
0.98214770
-4.60207004
8.29498163
3.82754153
-0.93162953
-3.17778904
1.42817708
1.97236986
10.90359038
-8.15732493
5.16745121
-4.05354229
-0.01056350
-9.21870844
-6.28330595
0.41250101
-3.11401307
-0.65822541
4.08359000
-6.90764917
5.27967674
7.72286603
4.20287831
1.80303821
-3.59611281
-4.74197971
-0.42176235
-3.88917319
-0.61003236
-2.17938076
-5.96104451
9.67946455
-7.35601694
-2.58581381
4.82889146
-4.59744459
4.68804916
-6.84406041
2.09799243
-0.89114432
0.47132444
1.67418566
-7.19054525
2.24735876
7.65007964
-0.08678831
-4.82238626
-10.65775265
1.03141037
7.27439405
-8.79342454
7.41995243
-1.52812023
-8.99623325
-5.27088059
-1.77363316
-2.81989546
5.10220012
8.16265218
2.76464797
-3.50905838
6.36125115
1.68556265
3.84724728
-7.60634673
0.63588298
0.89299850
-7.90826253
4.96466438
-2.46061454
3.68706375
9.36661333
4.06400593
-10.07782995
-4.97792813
-8.76298899
9.29491350
2.61930565
6.03545996
-4.28423174
5.96420763
2.78676348
3.48639413
-2.82471915
0.01217769
-5.58242467
4.44713225
-6.79598147
-4.21989133
6.70879229
-9.41864559
5.56652224
1.31227124
4.97711162
-5.06800737
8.72000372
6.58586561
-0.67007595
7.31928303
-8.08270515
5.63385485
1.02548862
-2.00292421
10.36370037
-6.07153471
2.58779753
6.32096638
-5.26677337
-3.72593592
2.51591786
-0.33053502
-7.29595658
2.69071265
-6.55703179
9.07402686
-2.56654961
7.25455293
1.39828221
7.45181558
-2.29825162
-9.74057682
-8.46555097
-1.62973106
6.35356991
5.71346650
2.94552484
-4.06458182
-2.30675114
1.00448149
1.13038339
-8.01218194
-0.75900656
-3.94056933
7.05138807
5.14181688
-6.06345773
-6.44931257
3.04115248
-3.25367911
-2.90529579
-0.66765312
-4.77197459
3.54913859
9.26207866
-2.78045327
0.32717561
-3.82432948
1.67594187
-8.68676679
4.19002617
-2.71147037
3.26355576
4.87485955
-7.24544160
6.12259383
-2.01153339
-5.22155218
-1.08217261
-1.79573449
-8.82684640
0.55343276
-1.72665577
-5.88891589
-1.03500752
0.70195490
-7.85595104
0.55876141
0.22568577
-0.60063002
8.91392133
-1.82650461
-1.02180579
7.34458336
-6.71656942
2.67735571
-8.86718206
-10.12082495
8.07059039
10.03818529
3.86548016
3.58990910
8.59240723
6.20060611
-4.25241867
-5.30575269
6.95233271
6.56561131
3.82697562
2.81210035
2.08958241
-5.18453110
2.49592535
-4.04361276
1.70383397
-1.19859389
-7.26442419
-6.37683509
5.50155049
3.35168812
-5.60481226
-6.13997546
-3.61712772
-3.05245454
4.97911958
7.61728884
-8.43360477
-9.18599681
5.21729564
4.58883003
3.20997650
0.96619453
3.23579665
4.11955648
-3.40456001
-4.82644475
7.89852043
8.74393753
5.75765580
6.24432134
-1.43390906
-1.67443023
7.18635601
6.29641069
-7.84866415
-7.46961478
7.26229124
5.23386583
0.13335666
-0.99089605
1.88841220
-2.89544365
10.12057364
9.70696276
-7.04265566
-5.04795820
1.63307550
3.39696472
7.05794339
6.08100708
-3.93885527
-4.64878163
-5.20816314
-3.93072779
3.07941934
2.37289553
1.48428546
0.04048523
-7.24941790
-7.81930875
1.27972704
-4.96919533
2.91978146
-5.59037975
10.16858755
8.22676963
-1.60760859
-1.67972142
8.26679892
7.62237045
0.43944535
0.67046847
9.05557580
8.39668270
-1.31628666
-2.50947402
-7.96085212
-9.84281850
-10.14628018
-9.42394753
