-2.53070493
-4.10275945
9.41725450
2.27619409
-10.02709556
8.44890705
0.24693147
6.46101837
7.17791159
4.92386272
2.30615181
-2.28383701
6.00338183
1.95096843
4.46180028
-5.98357891
-3.04666577
-1.65929847
4.43144990
-0.89176888
0.21210465
-6.35103583
-5.84850976
-0.23371943
-0.33640614
0.97905108
-4.60603380
8.32035708
3.82745941
-0.94488360
-3.18327102
1.43959479
1.97603422
10.92520927
-8.17526540
5.16988415
-4.07979449
-0.02284970
-9.25179674
-6.29911133
0.41895454
-3.12082973
-0.65698280
4.08958594
-6.92533334
5.29119850
7.72470989
4.21207990
1.81107879
-3.59108982
-4.74832494
-0.41553061
-3.89726559
-0.60257288
-2.18572951
-5.97866192
9.68517504
-7.39880845
-2.58951623
4.83852776
-4.61123520
4.70822563
-6.85651102
2.08961586
-0.88754922
0.46929520
1.68021008
-7.21536891
2.24965324
7.67394582
-0.07352695
-4.83375873
-10.66399196
1.02047795
7.28628508
-8.82397673
7.42375413
-1.52485880
-9.02985705
-5.27180910
-1.78028642
-2.82999594
5.12557698
8.18275515
2.77068336
-3.50900186
6.37546546
1.68775035
3.86325868
-7.62728229
0.63731013
0.90340593
-7.91096281
4.98214560
-2.46505838
3.69103868
9.37393436
4.07823807
-10.11106852
-4.99540672
-8.75428839
9.32444463
2.62459246
6.05254227
-4.29273604
5.98412674
2.79961509
3.50616767
-2.82143602
0.01444857
-5.60035072
4.46386380
-6.79439045
-4.22101846
6.71789458
-9.44341050
5.57564144
1.31930287
5.00145588
-5.09321170
8.72390139
6.60407892
-0.67148131
7.32843136
-8.11245853
5.63767832
1.02486932
-2.00300245
10.38512298
-6.09860186
2.58681229
6.32571619
-5.26170056
-3.73155292
2.52403181
-0.34187955
-7.30962786
2.68348874
-6.56758222
9.09645017
-2.56769050
7.27490227
1.40101832
7.48182615
-2.32289500
-9.76539077
-8.50372076
-1.63715745
6.37743866
5.72177888
2.95842595
-4.07139356
-2.31423121
1.00374878
1.13112751
-8.03597564
-0.75936873
-3.95376567
7.08129023
5.15596836
-6.07928962
-6.45844002
3.05326929
-3.26639199
-2.92584071
-0.67268950
-4.79374452
3.53482012
9.28090742
-2.77876557
0.32822453
-3.83152908
1.68177947
-8.70593047
4.19521417
-2.71749443
3.27181153
4.89077341
-7.25979894
6.14789359
-2.01861392
-5.24391061
-1.07913243
-1.79981787
-8.83397355
0.55671209
-1.71387696
-5.89085253
-1.04389918
0.70796467
-7.88668655
0.56878951
0.21201187
-0.60044893
8.92987137
-1.83976997
-1.02268265
7.36848409
-6.74000479
2.68515426
-8.89765906
-10.12706552
8.10661668
10.07443007
3.88341771
3.60367248
8.59096443
6.21249296
-4.26253433
-5.31798647
6.98753027
6.58343669
3.84322644
2.82505093
2.09449745
-5.17794888
2.51027339
-4.03583881
1.70473503
-1.19091469
-7.26918212
-6.38769580
5.51787658
3.36111658
-5.62604971
-6.14623604
-3.62657641
-3.06609363
4.97336373
7.62145844
-8.46124194
-9.21426140
5.23754434
4.59052246
3.22390577
0.96523334
3.24798504
4.12367518
-3.42456491
-4.82452030
7.91379616
8.77182935
5.78155929
6.26293191
-1.43378345
-1.67653176
7.20776574
6.30378900
-7.87170341
-7.48350667
7.27147970
5.24738661
0.12073012
-0.99314272
1.88251307
-2.90007603
10.13407633
9.71251947
-7.06932919
-5.07253447
1.63372176
3.39071177
7.06111128
6.08241037
-3.93987879
-4.66203581
-5.19906143
-3.93180255
3.07870662
2.38127589
1.48902418
0.04854970
-7.25568334
-7.83416917
1.28780172
-4.97724623
2.92741687
-5.59684548
10.17183160
8.24659593
-1.60454019
-1.67973483
8.27544405
7.62543829
0.44002425
0.66070423
9.09977092
8.42336002
-1.33857053
-2.50557082
-7.97691830
-9.85029492
-10.18610272
-9.46342170
