-2.52175629
-4.16068171
9.45628338
2.30329669
-10.07933896
8.47321537
0.28076189
6.49958931
7.21868090
4.96063874
2.30865025
-2.29154551
6.04633163
1.96111136
4.47191981
-6.03041258
-3.16355967
-1.72557355
4.44062357
-0.90866516
0.22843811
-6.42318175
-5.87665761
0.09631943
-0.36372893
0.99014906
-4.64566222
8.36722378
3.83329390
-0.93891099
-3.19735073
1.45753708
1.99742637
10.96652171
-8.20909303
5.19073997
-4.17108618
-0.02029795
-9.31768763
-6.35228058
0.43146409
-3.11487161
-0.65254341
4.11310995
-6.96368066
5.33595292
7.72647582
4.22930097
1.87937630
-3.60836889
-4.76281634
-0.39043852
-3.92384545
-0.58907392
-2.20836996
-6.01013411
9.69385889
-7.46141451
-2.60377387
4.86459303
-4.63062604
4.73396902
-6.87587277
2.07486280
-0.88865883
0.47208554
1.69460129
-7.26024305
2.25968128
7.71916085
-0.07176962
-4.85859052
-10.67132086
1.00292127
7.30961159
-8.86325719
7.42585414
-1.53826695
-9.08915209
-5.27346526
-1.78342001
-2.84789543
5.16867780
8.22189824
2.78170059
-3.51039815
6.40432653
1.70565007
3.89612363
-7.67075733
0.64242045
0.91018682
-7.92092845
5.01393306
-2.47597047
3.70574479
9.39846971
4.10197639
-10.17578103
-5.02787105
-8.74435599
9.37926101
2.63314510
6.09087707
-4.29823800
6.02968192
2.83132368
3.55364261
-2.80974661
0.02797246
-5.62865445
4.50933697
-6.80149393
-4.22372217
6.73376660
-9.48922278
5.59423345
1.33652012
5.04675186
-5.16907769
8.72955272
6.65043120
-0.67522321
7.34571791
-8.16703813
5.65500014
1.02975385
-2.00987442
10.42549698
-6.14437410
2.58404106
6.34574596
-5.26366557
-3.74645112
2.53836565
-0.35614304
-7.35563575
2.67484846
-6.60348067
9.13909330
-2.58072666
7.30993123
1.40240982
7.54375562
-2.38548267
-9.80132488
-8.55804572
-1.45661995
6.42737964
5.73954668
3.05957199
-4.07218579
-2.31145768
1.01034921
1.13807775
-8.07289214
-0.76103265
-4.03742094
7.14239476
5.18522846
-6.11189182
-6.48466416
3.12389274
-3.28009493
-3.03744718
-0.67338371
-4.83716764
3.52889802
9.31231541
-2.76923830
0.32658407
-3.83336732
1.69301275
-8.74909942
4.22546943
-2.72368231
3.30071299
4.94226011
-7.32022764
6.20688689
-2.03313038
-5.33806044
-1.05748589
-1.80147160
-8.84470352
0.56281370
-1.68887842
-5.90017870
-1.05574243
0.87154781
-7.93658735
0.59073422
0.20406885
-0.62647993
8.96237383
-1.86674148
-1.04569380
7.41775522
-6.78393679
2.70975372
-8.95502864
-10.13490185
8.17335485
10.13922844
3.91997970
3.61896851
8.58596643
6.23133130
-4.31944671
-5.35857823
7.05364875
6.62572792
3.86685002
2.86026300
2.11051117
-5.17637686
2.54764756
-4.03152381
1.71179890
-1.18753914
-7.30575315
-6.41986235
5.56850896
3.38270676
-5.65641348
-6.17232505
-3.64681173
-3.09468834
4.96079612
7.62726163
-8.51387775
-9.25163647
5.27152211
4.60029038
3.23092313
1.02750916
3.25764144
4.15853432
-3.45631726
-4.89249940
7.95772237
8.82720560
5.82462438
6.29387938
-1.44068626
-1.67372682
7.25071706
6.32110066
-7.91707705
-7.51648343
7.28750061
5.28147744
0.09683048
-1.00726220
1.89776282
-2.92030273
10.15965624
9.72040920
-7.11916678
-5.11190759
1.63626508
3.37861286
7.07887478
6.10324950
-3.95563602
-4.69146849
-5.20227487
-3.93162543
3.07772746
2.38703397
1.49728796
0.03708734
-7.26524120
-7.86473405
1.30203912
-4.98551938
2.95331850
-5.61886757
10.17706792
8.28737840
-1.59933719
-1.68235721
8.30433381
7.62894559
0.42265770
0.65455655
9.18494986
8.47145387
-1.39467866
-2.57996424
-8.00298627
-9.85766990
-10.24189095
-9.51529607
-0.43769206
-2.05078795
