-2.51638642
-4.19140565
9.47313306
2.30800080
-10.10594047
8.49486900
0.29872290
6.51511474
7.23774782
4.98753390
2.30435678
-2.29145796
6.06641414
1.96464357
4.48128332
-6.07003365
-3.17442124
-1.73863409
4.44745837
-0.91209847
0.22270293
-6.45101082
-5.89012500
0.09445817
-0.35907373
0.99275219
-4.66572272
8.38743854
3.84369899
-0.95510564
-3.20756926
1.46982734
2.01031336
10.99391276
-8.22393255
5.20320500
-4.20127466
-0.02420811
-9.34674511
-6.37320862
0.43586679
-3.12591237
-0.65117989
4.12738998
-6.98398557
5.35434024
7.72931647
4.23335625
1.89216484
-3.61858709
-4.76991329
-0.38568972
-3.93511562
-0.59009394
-2.21808800
-6.02421081
9.70006989
-7.48675970
-2.60914661
4.88028457
-4.63606094
4.74932028
-6.88638638
2.06796998
-0.88829861
0.47451155
1.69723182
-7.27987889
2.26586640
7.74043820
-0.07165021
-4.86839000
-10.67428875
0.99401312
7.32159659
-8.88076696
7.42845016
-1.53739405
-9.11660939
-5.27430443
-1.78784981
-2.85685113
5.19084838
8.24093939
2.78461050
-3.51888655
6.42203776
1.71492282
3.90781039
-7.68714285
0.64149067
0.91098975
-7.94232867
5.03425925
-2.48365690
3.71581940
9.41786811
4.10887931
-10.20749152
-5.04294021
-8.76085466
9.40679498
2.63641935
6.11050034
-4.30227923
6.04383765
2.84744986
3.57483559
-2.79885216
0.03089663
-5.64217609
4.52571010
-6.82035989
-4.23966133
6.74460809
-9.51087787
5.61189550
1.33515763
5.05900934
-5.20489976
8.73175902
6.67126471
-0.66898894
7.36308069
-8.18892687
5.66959072
1.03787881
-2.01486029
10.44427856
-6.16326775
2.58167674
6.36282183
-5.26436893
-3.75074465
2.54507804
-0.36307649
-7.37204016
2.68151373
-6.62955583
9.16271471
-2.58863326
7.33100409
1.40385530
7.56966142
-2.41128601
-9.81709233
-8.57981903
-1.46561986
6.45479579
5.74721194
3.07319487
-4.07620060
-2.32197102
1.01677350
1.14277376
-8.08874363
-0.76156920
-4.07097986
7.17806709
5.19637752
-6.12615352
-6.50460324
3.13567431
-3.28196159
-3.06249909
-0.67628632
-4.85603179
3.53338941
9.33002965
-2.76986733
0.33214908
-3.83317319
1.69881719
-8.77107866
4.23890247
-2.72697906
3.31378677
4.96875568
-7.36148832
6.22833953
-2.03790548
-5.36294270
-1.05831403
-1.81602126
-8.84828934
0.56753025
-1.67754421
-5.90361723
-1.06558160
0.87315840
-7.95975275
0.59663924
0.19914470
-0.62806228
8.97879131
-1.87916079
-1.04826144
7.44379090
-6.79950143
2.72324666
-8.98187799
-10.13792973
8.20055944
10.16882702
3.93583167
3.62959914
8.58314958
6.24021406
-4.33412293
-5.36981053
7.08200613
6.64795507
3.88360368
2.87152673
2.11845591
-5.17717833
2.57034606
-4.02761416
1.71289079
-1.18663941
-7.32961687
-6.43764352
5.59039017
3.39575185
-5.66841051
-6.19021688
-3.65858109
-3.10722688
4.95069337
7.63470751
-8.53709381
-9.26691747
5.28012922
4.61106208
3.22774037
1.03259916
3.25678670
4.16726310
-3.47750619
-4.93185555
7.99168310
8.85079565
5.84396821
6.30106079
-1.44301882
-1.67152628
7.27064337
6.33811620
-7.93994391
-7.54271560
7.30600885
5.30138244
0.09940020
-1.01014645
1.90660964
-2.92744413
10.19604303
9.72641987
-7.13872722
-5.13305658
1.63669352
3.37306425
7.09210159
6.11713261
-3.96528723
-4.70625214
-5.21017394
-3.93203214
3.07520871
2.38832362
1.50136804
0.03045554
-7.26960334
-7.87588888
1.30775050
-4.98749169
2.96999177
-5.63746489
10.17962995
8.31641726
-1.60005382
-1.68365279
8.32112415
7.62970933
0.42315727
0.64843218
9.22571176
8.49287392
-1.41723716
-2.59992931
-8.01471459
-9.85973303
-10.26514999
-9.53489412
-0.44916630
-2.06219632
