-2.51761858
-4.28790745
9.59180827
2.29510049
-10.21131950
8.62429889
0.32649247
6.62680518
7.41055041
5.06613505
2.27652192
-2.30732978
6.17030830
1.93015639
4.56403536
-6.19804366
-3.23177848
-1.77859468
4.34292842
-1.02765663
0.19074291
-6.55971017
-5.94147159
0.12542835
-0.37512324
0.88442666
-4.72842557
8.50395612
3.85228550
-1.07011219
-3.24809783
1.49319480
1.98423197
11.09748655
-8.28754549
5.39459127
-4.32638931
-0.08423569
-9.45421061
-6.40923976
0.38474482
-3.19962370
-0.66581137
3.71382836
-7.04843484
5.53130113
7.81949342
4.11996069
1.97409706
-3.64789721
-4.79447556
-0.36469738
-3.98442415
-0.68073400
-2.25076071
-6.07615727
9.71585080
-7.56851023
-2.61979826
4.90803054
-4.63605881
4.77303431
-6.91984751
2.03639822
-0.88547482
0.47404403
1.69529788
-7.35046428
2.25474776
7.83111252
-0.07598049
-4.90058511
-10.68190175
0.94891526
7.38460347
-8.95015441
7.42889988
-1.52297471
-9.21805514
-5.28828976
-1.81807969
-2.89301528
4.83340085
8.41910083
2.77425392
-3.56619755
6.50209079
1.73114129
3.90833716
-7.76789289
0.58862041
0.90679287
-8.04605633
5.12745767
-2.51086724
3.76346646
9.51715448
4.16229435
-10.33048492
-5.09817995
-8.85235602
9.50752425
2.59661425
6.23442410
-4.33422576
6.12354478
2.87382637
3.56039845
-2.76946071
0.01841926
-5.68966311
4.53010922
-6.91045293
-4.31405921
6.78840439
-9.60288764
5.55981873
1.30530824
5.14383446
-5.32668565
8.82660417
6.73721217
-0.65518247
7.41840351
-8.27925028
5.77694799
0.90358872
-2.05044901
10.56068460
-6.24056555
2.59033250
6.52445854
-5.29486556
-3.77089098
2.51196733
-0.39528730
-7.39792219
2.67001059
-6.72470094
9.25718154
-2.62392441
7.40520123
1.40042757
7.71270917
-2.49437264
-9.87195889
-8.65421449
-1.51949294
6.50974867
6.05905190
2.67007616
-4.10712023
-2.36118147
0.98498399
1.13968927
-8.13309642
-0.78561845
-4.16050956
7.33359962
5.22474068
-6.19274620
-6.58761865
3.15471022
-3.26627605
-3.13213698
-0.66866329
-4.90971061
3.56468576
9.43252679
-2.75531635
0.35472579
-3.85143468
1.66477943
-8.86013756
4.46672463
-2.75065686
3.27474808
5.03996884
-7.48807116
6.35100795
-2.07182700
-5.44198562
-1.04247976
-1.85579529
-8.85374805
0.58838705
-1.64623247
-5.92337524
-1.10775083
0.86947781
-8.05028002
0.59252236
0.11547836
-0.68824376
9.05660434
-1.92891092
-1.08171272
7.55533940
-6.85926214
2.75550015
-9.08785734
-10.16344288
8.35537927
10.28787437
4.00182149
3.64988846
8.57894926
6.25292071
-4.35061186
-5.40164892
7.20614700
6.75773703
3.92040424
2.90716170
2.03846343
-5.18128231
2.58417513
-4.01417749
1.66491022
-1.20114505
-7.40807321
-6.49613368
5.65044890
3.43506899
-5.73840332
-6.27190554
-3.69815117
-3.18443176
5.04290979
7.67478895
-8.62230349
-9.31141633
5.28762893
4.65557107
3.15799381
1.04528873
3.25111249
4.24670896
-3.55480924
-5.07630909
8.14040301
8.98222135
5.87003397
6.35106202
-1.45727178
-1.67684722
7.46900079
6.38350648
-8.02850745
-7.66240263
7.43727799
5.47950122
0.04839358
-1.02969520
1.81575617
-2.96959154
10.36837702
9.80912391
-7.21067206
-5.21337433
1.63326980
3.39138215
7.25082455
6.22057762
-4.00827790
-4.76084871
-5.24150419
-3.93058201
3.09555261
2.38820801
1.53412004
-0.00028127
-7.29715249
-7.89877914
1.32901945
-5.00515343
2.88708684
-5.70231647
10.27521417
8.41606434
-1.67638227
-1.70264866
8.40741418
7.81041902
0.40562177
0.63251167
9.40887532
8.62608031
-1.50445713
-2.68346448
-8.05486692
-9.87310549
-10.33580853
-9.60399257
-0.50265181
-2.13928122
5.73415895
6.81613813
4.52706009
4.58903280
5.55719127
3.48787512
