-2.51897848
-4.30668717
9.63451059
2.31113693
-10.24275735
8.64716498
0.32540036
6.63753830
7.44453577
5.08295735
2.26142150
-2.31438423
6.17786895
1.92060266
4.56410925
-6.22386489
-3.25373155
-1.78133864
4.36759067
-1.06952101
0.18238243
-6.58299962
-5.95828634
0.14196305
-0.38506408
0.87752682
-4.74462258
8.52468869
3.84100913
-1.09553231
-3.25993461
1.49149873
1.98567499
11.12671005
-8.30360700
5.42655242
-4.35689033
-0.09158372
-9.48159781
-6.41709431
0.37195933
-3.21944151
-0.67111734
3.71074051
-7.06793721
5.55687620
7.85448724
4.12717932
1.98665218
-3.65892238
-4.80050759
-0.35899563
-3.99982400
-0.70700771
-2.26052827
-6.08873345
9.73427853
-7.59046984
-2.62133722
4.92013804
-4.62885193
4.77863420
-6.93643431
2.02913363
-0.88443324
0.48228961
1.70111789
-7.36681805
2.25074279
7.85790623
-0.08154478
-4.91114326
-10.68284986
0.93622786
7.39961724
-8.96898179
7.42329604
-1.51875061
-9.23909954
-5.30034525
-1.82687456
-2.90504584
4.84392282
8.44373334
2.77682839
-3.58196063
6.51047235
1.72878971
3.92221817
-7.78464278
0.57962166
0.90180133
-8.07470022
5.14390494
-2.51809236
3.77865877
9.53780097
4.17856200
-10.36128992
-5.11578923
-8.87390836
9.53605977
2.58499838
6.25613778
-4.34800085
6.14350028
2.87460445
3.55168845
-2.76725982
0.01985156
-5.69587539
4.54066377
-6.93558269
-4.33176753
6.81285845
-9.62930463
5.58287684
1.29850676
5.17031963
-5.35284027
8.86610616
6.76521918
-0.65245935
7.45206923
-8.30256548
5.79213155
0.89769201
-2.05879683
10.60387896
-6.26272457
2.59019326
6.55500300
-5.31904236
-3.77624319
2.51383690
-0.40284622
-7.42467505
2.65182912
-6.74617857
9.28049618
-2.62876288
7.41742982
1.40044174
7.74877052
-2.52090760
-9.88684829
-8.67124058
-1.52713238
6.51925734
6.08689874
2.67910484
-4.11521920
-2.36886271
0.98121187
1.14227787
-8.14454523
-0.78634602
-4.17505313
7.35979790
5.24002029
-6.21072380
-6.60950876
3.16786094
-3.25603528
-3.14167103
-0.65361450
-4.92454526
3.57467788
9.45875935
-2.75234131
0.36045721
-3.85748136
1.65173823
-8.88767661
4.48764331
-2.75780267
3.28732257
5.05034268
-7.51252920
6.36666826
-2.07663001
-5.45847298
-1.04291332
-1.87484319
-8.85360165
0.58940622
-1.64225226
-5.93968863
-1.11368039
0.86489785
-8.06942473
0.59451183
0.07677591
-0.69756847
9.07587246
-1.94145472
-1.09191343
7.57075037
-6.87049510
2.75821882
-9.11410238
-10.19210119
8.39136869
10.32226800
4.01775368
3.64904910
8.59401899
6.27545830
-4.35043431
-5.41534521
7.23414923
6.79009767
3.92893035
2.91667471
2.05337527
-5.18179955
2.57929721
-4.01076545
1.65726579
-1.20696876
-7.42000750
-6.50468480
5.67125614
3.44195349
-5.75849048
-6.29076973
-3.70790691
-3.20376826
5.06021685
7.70441380
-8.64286675
-9.32154062
5.29475951
4.67432810
3.15167054
1.05474615
3.25204656
4.27199524
-3.57194446
-5.11199356
8.17375244
9.01117359
5.87851513
6.36266325
-1.46130487
-1.67844580
7.49531167
6.40585642
-8.05267568
-7.68826214
7.45976084
5.49746481
0.02089026
-1.03290430
1.79926053
-2.98206188
10.40918161
9.84816833
-7.22821287
-5.23275911
1.62727941
3.40066131
7.28783825
6.25589833
-4.02232874
-4.77592069
-5.24816349
-3.93124519
3.10258114
2.39298799
1.53697451
-0.00508503
-7.30443592
-7.90561177
1.35683724
-5.01384423
2.88737155
-5.71789184
10.29950073
8.43266574
-1.70693502
-1.69755605
8.42479106
7.84357949
0.40085971
0.63105651
9.44857077
8.66889519
-1.53354478
-2.71162308
-8.06751524
-9.87966912
-10.35052768
-9.62049441
-0.51291927
-2.16348852
5.74645880
6.85066795
4.52525282
4.60520404
5.57118043
3.49066066
