-2.51764816
-4.34324719
9.70682013
2.34065094
-10.30854380
8.68343050
0.31399499
6.65442461
7.50025274
5.10691097
2.24320749
-2.33542367
6.20260946
1.90724470
4.56198649
-6.27374743
-3.29885220
-1.78767428
4.41547722
-1.14527517
0.17835789
-6.63612958
-5.99322730
0.17028879
-0.37980763
0.87389158
-4.78462904
8.55728367
3.82759589
-1.13191254
-3.28647819
1.49727419
2.00041418
11.17927405
-8.33126303
5.48258203
-4.42090429
-0.09923716
-9.53415316
-6.43959455
0.36226842
-3.24437735
-0.68083470
3.71160063
-7.11032269
5.59561942
7.91706155
4.14440160
2.00608837
-3.68939892
-4.81216184
-0.34635630
-4.02492980
-0.74902428
-2.28136312
-6.11108912
9.78105913
-7.63262876
-2.62428710
4.94241160
-4.60937396
4.79766114
-6.97767249
2.01615669
-0.88189668
0.50233394
1.71582582
-7.39709469
2.23779271
7.91169077
-0.08849599
-4.93584373
-10.68453645
0.91247842
7.42767232
-9.01860082
7.41800397
-1.50988739
-9.28016515
-5.32775612
-1.85258245
-2.92097737
4.86604713
8.49189974
2.78444909
-3.60856796
6.53038952
1.72017825
3.94489983
-7.81444785
0.57536031
0.90279642
-8.13461169
5.18344979
-2.53279393
3.80946451
9.56803644
4.21721718
-10.42296720
-5.14741086
-8.91046341
9.58955769
2.56420272
6.28482580
-4.35425143
6.16871636
2.87975822
3.54531820
-2.76530764
0.02706109
-5.70326015
4.55989190
-6.98861987
-4.37195337
6.84443545
-9.68184552
5.61253444
1.30385713
5.20867122
-5.39963114
8.93355430
6.81436559
-0.64628392
7.50654429
-8.34689554
5.81001357
0.87836047
-2.06707515
10.67520713
-6.29317997
2.58681083
6.60726771
-5.37409215
-3.78800563
2.52972655
-0.41583695
-7.49653784
2.60507330
-6.79230880
9.32296588
-2.64365703
7.43712147
1.40070882
7.81260943
-2.54365407
-9.92328503
-8.70080432
-1.52151110
6.54640663
6.12692990
2.69307296
-4.13155529
-2.39055807
0.98963332
1.14919611
-8.17092810
-0.78869884
-4.19841996
7.39863024
5.26589907
-6.24319508
-6.64924511
3.19322982
-3.23836333
-3.15423561
-0.62205615
-4.95919119
3.59203164
9.50481112
-2.74732659
0.37231170
-3.86468464
1.63171823
-8.94632912
4.50873428
-2.77268697
3.32309451
5.05898091
-7.56221175
6.40427434
-2.08393924
-5.50609346
-1.04036579
-1.90326571
-8.85322653
0.58292215
-1.63533371
-5.97412709
-1.12336175
0.86158053
-8.10860764
0.59753476
0.01092335
-0.71165212
9.10913863
-1.96154839
-1.11004623
7.59938934
-6.88984248
2.76158088
-9.16550280
-10.25809075
8.45254952
10.38574620
4.05240933
3.65227264
8.63428997
6.31616919
-4.36955092
-5.43907080
7.27378821
6.84712982
3.94967579
2.94127856
2.08806317
-5.17985585
2.57619917
-4.00115815
1.65459135
-1.21347070
-7.43410889
-6.51310206
5.70297492
3.46073625
-5.80193061
-6.32765995
-3.72759902
-3.24404002
5.08540592
7.76185182
-8.68147367
-9.34250683
5.31423191
4.71398094
3.15447578
1.08040542
3.26709292
4.30196341
-3.61144873
-5.17575544
8.24143371
9.05768397
5.90286971
6.38529120
-1.46941992
-1.68157216
7.53520824
6.44381428
-8.10360454
-7.74264775
7.50100893
5.53241555
-0.01859933
-1.04773793
1.77053092
-3.01550189
10.47951742
9.91703724
-7.26203038
-5.26527461
1.60846352
3.42168211
7.35916356
6.31832461
-4.04867293
-4.80358090
-5.26029489
-3.93592252
3.12214760
2.40539545
1.54993633
-0.01472574
-7.31415164
-7.92576512
1.40424879
-5.02809832
2.89680565
-5.75400131
10.34478077
8.46167833
-1.75748448
-1.67221867
8.45293248
7.91182561
0.39613066
0.63527279
9.51657541
8.73860384
-1.56236033
-2.76392611
-8.09698326
-9.89228952
-10.37999360
-9.65309326
-0.53497656
-2.22733129
5.77452822
6.91997491
4.54377130
4.63566379
5.58725153
3.49483989
