-1.97316929
-2.54263626
4.80370997
1.76240018
-5.33152487
5.27651808
0.70485217
4.16511394
5.16103779
3.55345756
0.95219396
-1.13287506
3.52463338
1.45222445
3.39256128
-3.74651085
-1.33602405
-1.13353204
2.88209844
-1.11109275
-0.22960748
-3.26907140
-3.78490756
-0.27771989
-0.22072069
0.95783516
-3.02428465
4.43183259
2.62172979
-0.14445696
-2.14538332
1.90833761
0.57873869
5.93998327
-4.43630179
3.52390980
-2.13136504
-0.03763280
-4.62454858
-3.38220226
0.33174161
-1.00500099
0.67040349
2.22846072
-4.31441283
2.71965730
3.89999023
2.32232264
1.64129840
-2.21313047
-2.69683423
-0.39566122
-2.62832544
-0.85874102
-1.17510200
-2.47975327
5.77084580
-4.73300060
-1.54066863
3.08685791
-2.80942486
2.00538980
-4.12734363
1.00749022
0.14746038
-0.37877559
1.13243941
-3.73502816
0.76133828
4.39422070
-0.26970480
-4.02836615
-5.77778631
0.86039533
4.18230853
-5.03582331
4.93278730
-1.36907028
-4.76158521
-2.28005974
-1.03886806
-1.63946515
3.15297987
4.28489430
1.59527816
-2.02320255
3.31017870
1.26158891
3.11960223
-3.82407972
0.41682773
-0.24794027
-5.28852996
2.36987006
-1.02369579
1.88820401
5.01440819
2.15410248
-6.33705593
-3.16561737
-5.77980786
5.32548818
2.26554849
3.93731509
