-2.51467249
-4.36042343
9.73853916
2.35376293
-10.34217667
8.70014370
0.30992007
6.66165676
7.52281766
5.11731030
2.24052183
-2.34707617
6.21337382
1.90572832
4.56067594
-6.30122577
-3.31770715
-1.79636632
4.43603414
-1.17710127
0.17361747
-6.66725070
-6.00797121
0.18368064
-0.37802244
0.87090493
-4.80310245
8.57079036
3.82347550
-1.14626285
-3.29887628
1.50138368
2.01280779
11.20366469
-8.34350711
5.50097273
-4.45359088
-0.10073486
-9.55876685
-6.45125864
0.36166097
-3.25391132
-0.68588679
3.71386334
-7.13186192
5.60970131
7.94460425
4.15440366
2.01513487
-3.70289010
-4.81797053
-0.34054871
-4.03878031
-0.76814758
-2.29063796
-6.12105161
9.80423579
-7.65151963
-2.62559387
4.95215379
-4.60148357
4.81172423
-6.99939602
2.00948749
-0.88015112
0.50772648
1.72273355
-7.41311327
2.23068180
7.93741708
-0.09098235
-4.94885244
-10.68544060
0.89983239
7.44155207
-9.04521459
7.43350690
-1.50599180
-9.29885255
-5.34252977
-1.86122740
-2.93081557
4.87832235
8.51291078
2.79149566
-3.62251171
6.54298876
1.71360847
3.95768437
-7.82863837
0.58154092
0.90127366
-8.16416861
5.19930892
-2.54006835
3.82466010
9.58176395
4.23812963
-10.45462630
-5.16150475
-8.92712482
9.61354094
2.56193031
6.29742948
-4.35445448
6.17708043
2.88271572
3.54375988
-2.76622814
0.03032204
-5.70545902
4.57042150
-7.01602676
-4.39297637
6.85589614
-9.70696770
5.62789051
1.30775011
5.22561927
-5.41534021
8.96322132
6.83634937
-0.64323183
7.53256483
-8.36767570
5.81599943
0.87032468
-2.07068814
10.70648964
-6.30250050
2.58410141
6.63360538
-5.40203758
-3.79475736
2.53668177
-0.42187712
-7.53684253
2.57718719
-6.81456862
9.34443611
-2.64794073
7.44493882
1.40195339
7.84150466
-2.54960793
-9.94451942
-8.71289353
-1.52610208
6.55782546
6.14354369
2.69781060
-4.13971050
-2.40096348
0.99712361
1.15140546
-8.18312488
-0.78605331
-4.21085647
7.41133355
5.27648168
-6.25901089
-6.66634068
3.20711716
-3.23058235
-3.16212465
-0.61102323
-4.97487774
3.60128755
9.52613163
-2.74527254
0.37813372
-3.86574660
1.62344483
-8.97669211
4.51227615
-2.78002856
3.34385502
5.06092432
-7.58972286
6.42450498
-2.09190514
-5.53629846
-1.03888849
-1.91123963
-8.85338388
0.57723103
-1.63275157
-5.99126829
-1.13010846
0.86757021
-8.12552985
0.59827192
-0.01404058
-0.71776912
9.12481961
-1.97034532
-1.11587602
7.61449300
-6.90040948
2.76173173
-9.19426832
-10.29248804
8.48066339
10.41594878
4.06932570
3.66116367
8.65414606
6.33084587
-4.38572696
-5.44941899
7.28737263
6.87170210
3.96072511
2.95135390
2.10399223
-5.17724275
2.57610636
-3.99388207
1.65819069
-1.21784443
-7.43913972
-6.51606429
5.71877471
3.46855745
-5.82470140
-6.34530046
-3.73718506
-3.26202445
5.09629257
7.78697512
-8.70137803
-9.35243950
5.32548675
4.73042497
3.15586610
1.09746866
3.27343860
4.31722223
-3.63023710
-5.20461069
8.27540318
9.07710627
5.92224504
6.39374511
-1.47314490
-1.68341556
7.55229922
6.46180614
-8.12867549
-7.77015332
7.52004015
5.54839042
-0.03366698
-1.05237990
1.75688793
-3.02926999
10.51137227
9.94711134
-7.27720714
-5.27718552
1.59882883
3.43389236
7.39362479
6.35050266
-4.06249666
-4.81669620
-5.26539283
-3.93773356
3.13376598
2.41267945
1.55587720
-0.01794451
-7.31798090
-7.93586342
1.41498380
-5.03341843
2.90621363
-5.77219981
10.36849006
8.47733902
-1.77505669
-1.67049202
8.46393438
7.94442820
0.39458693
0.63716640
9.54694177
8.76850613
-1.57241280
-2.78448391
-8.11506467
-9.90029146
-10.39383402
-9.66797565
-0.53662081
-2.24943234
5.79202144
6.95428622
4.55437411
4.64867676
5.59296095
3.49243389
