-2.51129956
-4.38349737
9.76816425
2.36653136
-10.37344107
8.71616886
0.30892469
6.66957430
7.54386428
5.12594516
2.24034708
-2.35603296
6.22501860
1.90746648
4.55892770
-6.33277710
-3.33553986
-1.80620408
4.45549513
-1.20353979
0.16924195
-6.70023045
-6.02058717
0.19771670
-0.37460845
0.86832925
-4.81996503
8.58289006
3.82103081
-1.15859065
-3.30961493
1.50518439
2.02724612
11.22669114
-8.35604940
5.51954715
-4.48582431
-0.10002179
-9.58347433
-6.46355800
0.36206037
-3.26211063
-0.68987223
3.71700600
-7.15283072
5.62230170
7.96924172
4.16406778
2.02534653
-3.71538320
-4.79553102
-0.33420508
-4.05197283
-0.78531009
-2.29782171
-6.14972619
9.82752044
-7.66933889
-2.62912057
4.96090016
-4.59480865
4.82740897
-7.01463856
2.00237791
-0.87662323
0.50837449
1.72870631
-7.43269855
2.22468887
7.96013893
-0.09400937
-4.97094835
-10.68629943
0.88647369
7.45577883
-9.06453398
7.45272480
-1.50480151
-9.31908236
-5.45500254
-1.86933178
-2.94153398
4.89322646
8.53312484
2.79603199
-3.63811312
6.55443873
1.70630617
3.96976331
-7.83902609
0.58815434
0.89745422
-8.19564795
5.21467835
-2.54849270
3.83908560
9.59656085
4.25560477
-10.48778344
-5.17771402
-8.94157679
9.63612569
2.56101968
6.30787961
-4.35613001
6.18211256
2.88977527
3.54197632
-2.76744343
0.03563311
-5.70609676
4.58076790
-7.04737321
-4.40670127
6.86557756
-9.73147483
5.64276388
1.31140610
5.24195222
-5.42904114
8.98982947
6.85804619
-0.61273451
7.55816702
-8.38897310
5.82104027
0.86463747
-2.07503586
10.73570737
-6.31117766
2.58096304
6.65737491
-5.42109545
-3.76493959
2.54337052
-0.42747843
-7.57738232
2.54429931
-6.83451170
9.36632993
-2.65251845
7.45220861
1.40521925
7.86891841
-2.55483840
-9.96496162
-8.72421024
-1.53058188
6.56787595
6.15919793
2.70223282
-3.69100105
-2.41046759
1.00395647
1.15392929
-8.19517819
-0.78587392
-4.22233400
7.42468096
5.28618692
-6.27484204
-6.68400483
3.22380683
-3.22370418
-3.16454281
-0.60471884
-4.98744545
3.61043821
9.54644353
-2.73138835
0.39888858
-3.86421708
1.61916683
-9.00482774
4.51240046
-2.67530166
3.36373242
5.05812228
-7.61778040
6.44365016
-2.09812263
-5.56566332
-1.04008327
-1.91930454
-8.85257118
0.57204998
-1.62918135
-6.00794585
-1.13671461
0.87558348
-8.14103682
0.59866025
-0.03395200
-0.72420226
9.14081241
-1.97901174
-1.12224662
7.62947528
-6.91219567
2.76130364
-9.22555506
-10.32489486
8.50714036
10.44778499
4.08664392
3.67098876
8.67342991
6.34714840
-4.40311205
-5.45709599
7.29713038
6.89385740
3.97274779
2.96113122
2.11984359
-5.18332555
2.57663232
-3.99042249
1.66215035
-1.22448902
-7.45205930
-6.53246083
5.73487555
3.47608993
-5.85074858
-6.41392725
-3.74613297
-3.27636225
5.10655109
7.80927099
-8.72615760
-9.36166416
5.33823119
4.74851444
3.15696529
1.11500954
3.27868735
4.33372659
-3.64635587
-5.23089104
8.30939551
9.09403661
5.94440143
6.40196190
-1.46633815
-1.63787234
7.56773944
6.47958978
-8.15407506
-7.79472082
7.53839163
5.56145636
-0.04781622
-1.05481853
1.74427352
-3.04226825
10.54175532
9.97439810
-7.29274159
-5.28808743
1.58886826
3.44606620
7.42774354
6.38316475
-4.07372673
-4.82948372
-5.30295371
-3.94711766
3.14593975
2.42044341
1.56131735
-0.02060059
-7.32257798
-7.94412881
1.41960843
-5.03862283
2.92027814
-5.78781778
10.39251105
8.49346991
-1.78674526
-1.66957735
8.47675347
7.97337638
0.39407801
0.63933461
9.57597133
8.79619431
-1.58198052
-2.80338940
-8.13251321
-9.92594776
-10.40689532
-9.68125019
-0.53802568
-2.27008428
5.81106584
6.98764749
4.56314548
4.66070095
5.59773591
3.48668849
-5.52993898
-4.46050039
