-2.49546602
-4.54161307
9.89692399
2.42864781
-10.52254342
8.79295648
-0.13384013
6.73135613
7.63885352
5.15542196
2.29354841
-2.57785478
6.28015499
1.92960241
4.55927216
-6.41555813
-3.45979825
-1.84311399
4.54469881
-1.26984581
0.13326312
-6.78834602
-6.08294883
0.24086530
-0.46100133
0.85539816
-4.83465905
8.64953554
3.79510230
-1.20951262
-3.45408488
1.82967430
2.11968464
11.34051086
-8.42401751
5.59935270
-4.48002348
-0.13628575
-9.72717255
-6.55913997
0.35155901
-3.35071917
-0.68031450
3.74026793
-7.25964514
5.69893572
8.06420748
4.25378709
2.07392772
-3.72303059
-4.82517550
-0.30880365
-4.11837527
-0.82800493
-2.33853732
-6.24444682
9.94840304
-7.74948983
-2.61165936
4.97954687
-4.59108136
4.91514253
-7.09019059
1.95901398
-0.82793881
0.51241978
1.75074729
-7.54642006
2.22608166
8.02066739
-0.08965190
-5.03942319
-10.77227182
0.81887886
7.50613715
-9.16374131
7.54033769
-1.49020736
-9.42676998
-5.52520106
-1.89195048
-2.98413852
4.99481293
8.65112977
2.83639596
-3.69138569
6.58753992
1.67333726
4.04201000
-7.88224698
0.61811589
0.90285152
-8.33015901
5.28608174
-2.59185128
3.88297684
9.72457260
4.36570634
-10.66878243
-5.25809278
-9.00854541
9.74903239
2.55328461
6.34301122
-4.45659404
6.17952429
2.92712721
3.52251078
-2.79465119
0.08124708
-5.72418435
4.61514068
-7.14743370
-4.48338123
6.88711362
-9.85740593
5.69921839
1.34715812
5.34598913
-5.64764468
9.08856656
6.93766627
-0.52811534
7.67634955
-8.52125967
5.82916820
0.86073921
-2.11169952
10.86919139
-6.41657900
2.56624908
6.75328357
-5.51764388
-3.77670393
2.57449827
-0.41670310
-7.69123341
2.41178136
-6.90873835
9.47113586
-2.66950327
7.53732593
1.42176010
7.99896677
-2.55241310
-10.06147205
-8.78613276
-1.49300322
6.60191527
6.22448901
2.72670361
-3.72676315
-2.71375769
1.36004007
1.18823112
-8.27114361
-0.79349462
-4.28431713
7.49208439
5.33669068
-6.35211425
-6.78730012
3.32120260
-3.21521412
-3.29594732
-0.57984837
-5.05649218
3.67166165
9.68919510
-2.73205186
0.49060054
-3.86113142
1.61189853
-9.14184728
4.50422319
-2.68583277
3.44373907
5.00390597
-7.72870544
6.53676080
-2.12750678
-5.64615695
-1.25709060
-1.96671605
-8.88661185
0.55352768
-1.62061750
-6.10156774
-1.16628500
0.92490456
-8.22462738
0.63535050
-0.08418630
-0.75806091
9.20246225
-1.99307608
-1.18275436
7.68932660
-6.96530431
2.75851424
-9.39565441
-10.47818550
8.64350814
10.60510374
4.18648752
3.71182707
8.77654473
6.41975614
-4.49105562
-5.53946361
7.32620966
6.98416621
4.04377023
3.02278461
2.15836745
-5.27846278
2.82422163
-4.06100528
1.68497223
-1.23931018
-7.53599197
-6.63435346
5.80537995
3.49866142
-5.92651223
-6.50416078
-3.81076836
-3.33670550
5.16319160
7.87778784
-8.85535689
-9.41565412
5.41159237
4.84437077
3.22842162
1.18356439
3.35419906
4.41965993
-3.82782918
-5.23617278
8.48121550
9.17019389
6.06627745
6.48086754
-1.48678567
-1.60466665
7.63220042
6.56394435
-8.28990852
-7.90706793
7.63599168
5.57985162
-0.07927316
-1.03671324
1.73376928
-3.10030283
10.69144074
10.08540606
-7.39777201
-5.40006926
1.54423010
3.47880276
7.59046031
6.55786736
-4.14089081
-4.91293063
-5.37134722
-3.96761748
3.23182904
2.46319481
1.58904339
-0.02763028
-7.35935365
-8.00213535
1.38178585
-5.05760983
2.99627504
-5.84019011
10.51417065
8.56780885
-1.82143801
-1.66986481
8.58014249
8.10062872
0.39663321
0.64682272
9.72079990
8.91847994
-1.55891279
-2.76125731
-8.22974910
-10.06237128
-10.48583823
-9.77747314
-0.53532889
-2.47792600
5.89517379
7.11708206
4.57235857
4.70284686
5.62269149
3.45396130
-5.53507741
-4.52445129
-3.16651090
-2.16622602
0.82930988
0.59347929
