-2.50459809
-4.56014556
9.94572813
2.45324733
-10.57965251
8.82102801
-0.11672387
6.76664897
7.67294232
5.18951805
2.30415148
-2.60168199
6.30908791
1.95772488
4.56264930
-6.43215985
-3.50499695
-1.85127640
4.57812380
-1.30115908
0.11913386
-6.81565116
-6.11568571
0.24950359
-0.46631269
0.85051083
-4.82954568
8.68193431
3.84160747
-1.22903731
-3.51061612
1.86167023
2.12913429
11.39035769
-8.45710881
5.62817106
-4.47909877
-0.15705350
-9.79655996
-6.60781569
0.20514624
-3.37427806
-0.66140705
3.74426215
-7.31012676
5.73404984
8.10145704
4.29202919
2.07613281
-3.71272906
-4.83750811
-0.33145230
-4.13525183
-0.88675721
-2.35991950
-6.29428722
9.98752300
-8.39499555
-2.61622220
4.99917323
-4.58440970
4.96416797
-7.12262577
1.97791312
-0.81980736
0.52255807
1.77108215
-7.61489922
2.63452068
8.05364719
-0.09167379
-5.06718232
-10.85640954
0.80817660
7.52346340
-9.20992963
7.56095906
-1.50829789
-9.47081565
-5.54875710
-1.89613656
-2.99737460
5.04287126
8.69379473
2.98810469
-3.68879919
6.59635027
1.69069522
4.11620203
-7.89650981
0.61017669
0.89414770
-8.36103412
5.29146822
-2.61306798
3.93171193
9.77383555
4.41056554
-10.75035156
-5.27295289
-9.03938280
9.80232562
2.59985672
6.36083293
-4.46952142
6.19760757
2.93972199
3.51239798
-2.80716892
0.11007671
-5.72775762
4.62893203
-7.17078203
-4.51958022
6.89289791
-9.88615605
5.71659552
1.36001275
5.38918986
-5.68449682
9.11951274
6.96309748
-0.51983579
7.71975959
-8.58056840
5.82709355
0.86737059
-2.12209967
10.92121010
-6.45421538
2.57047673
6.77441804
-5.55511804
-3.77746909
2.64897054
-0.45512430
-7.71936161
2.35270274
-6.94047486
9.50693640
-2.67632933
7.57792946
1.39260612
8.05795523
-2.52728444
-10.09099609
-8.87539392
-1.50045558
6.61004546
6.23925390
2.73266562
-3.73290838
-2.72993973
1.38821346
1.08574678
-8.75370898
-0.76117522
-4.30193643
7.52491053
5.37300883
-6.24539189
-6.67424266
3.33007820
-3.21010631
-3.30555414
-0.53456475
-5.06136447
3.69324959
9.77808924
-2.75008542
0.49300245
-3.87174330
1.60426168
-9.19441820
4.50588926
-2.69359502
3.46812057
4.99664006
-7.75288160
6.57029128
-2.13739214
-5.66768548
-1.29286505
-1.98010464
-8.92517768
0.55206410
-1.65057196
-6.14638074
-1.24494607
0.92941986
-8.25513589
0.66142980
-0.15537681
-0.76084550
9.21949707
-1.98384695
-1.19657921
7.70408870
-6.98455844
2.79077929
-9.47322728
-10.54027802
8.69416722
10.67097168
4.20480423
3.71381185
8.80868608
6.43835657
-4.52295180
-5.57219928
7.36294075
7.02552723
4.09141375
3.06773037
2.16148024
-5.33766045
2.83694763
-4.09657284
1.80455451
-1.24039182
-7.54636147
-6.68193279
5.83175908
3.48829775
-5.94014756
-6.54604554
-3.83305226
-3.36044831
5.19164101
7.89257677
-8.93764283
-9.47500500
5.43963710
4.89285815
3.25365728
1.19318730
3.38957575
4.44578372
-3.83121640
-5.24177622
8.55351754
9.19264651
6.12512058
6.52062765
-1.50030049
-1.60296953
7.64818616
6.59678383
-8.35254513
-7.95070672
7.68035695
5.57125373
-0.08589943
-1.00831865
1.72917061
-3.13381893
10.75678983
10.12191034
-7.44755476
-5.42670190
1.55355356
3.49902246
7.65045419
6.62492674
-4.15490082
-4.93995381
-5.39960285
-3.99301326
3.27120760
2.44648946
1.56062642
-0.11659952
-7.38447425
-8.02689359
1.41279470
-5.07743585
3.00885530
-5.86431186
10.55818882
8.59200775
-1.86433328
-1.76203119
8.61964686
8.15619480
0.35692419
0.58141883
9.77942462
8.96726813
-1.53332409
-2.76586784
-8.26119676
-10.13011680
-10.55725535
-9.85026548
-0.55860199
-2.51866851
5.92720448
7.17274862
4.56190340
4.71034132
5.62982253
3.44565376
-5.53499394
-4.54752122
-3.15460173
-2.16009571
0.83591116
0.58093223
1.94858583
1.39505281
-7.46486634
-7.86203015
0.43800423
-0.84453444
