-2.57126707
-4.56891016
9.96929095
2.46304168
-10.60703157
8.83435693
-0.07263067
6.78441373
7.68823924
5.19760799
2.31541308
-2.52597798
6.32763604
2.02589872
4.56941231
-6.46443734
-3.53884828
-1.84677777
4.59413377
-1.35272890
0.11352257
-6.83007642
-6.13817396
0.24665531
-0.46396130
0.86719476
-4.83155345
8.70256830
3.86345508
-1.21517133
-3.54684565
1.88417784
2.14852886
11.41654793
-8.48437496
5.63764415
-4.48023289
-0.17836170
-9.83114100
-6.63507267
0.12864721
-3.39214958
-0.65345907
3.75523621
-7.33613231
5.75304897
8.12247587
4.31727805
2.08221042
-3.71514010
-4.84288731
-0.33716464
-4.15521072
-0.82475337
-2.37636640
-6.32699470
10.00484577
-8.45686549
-2.61789403
5.02371474
-4.57598886
4.99312759
-7.14526392
1.98081162
-0.81547576
0.47549227
1.78543017
-7.65283420
2.67937425
8.07425470
-0.04487365
-5.09351200
-10.88870312
0.80803808
7.53318483
-9.22950011
7.57522674
-1.51032037
-9.49357050
-5.56194407
-1.89962532
-3.00601187
5.06992353
8.71257064
3.02483729
-3.71496915
6.60654056
1.70560797
4.16583549
-7.90888971
0.65753727
0.87790216
-8.38786132
5.29953168
-2.62708060
3.96010683
9.80135966
4.42122121
-10.79333017
-5.28807132
-9.05593246
9.83116288
2.60555058
6.36966165
-4.47906420
6.21297996
2.93063140
3.50918642
-2.81103618
0.07254117
-5.72539019
4.66128559
-7.18866087
-4.52609028
6.89562683
-9.89612139
5.71977260
1.36458112
5.40990956
-5.70915090
9.13435385
6.98025247
-0.51582466
7.73769478
-8.61092091
5.82513342
0.95163600
-2.12222694
10.94547276
-6.47466238
2.57604015
6.78032250
-5.56522324
-3.77581992
2.65753464
-0.46045328
-7.73256381
2.41228240
-6.95720953
9.52298829
-2.72494225
7.59886003
1.38877116
8.08956292
-2.53834322
-10.10380761
-8.88923368
-1.51492045
6.61289022
6.24670666
2.75172493
-3.73709542
-2.72482020
1.40222888
1.13011355
-8.74879155
-0.85763923
-4.92466893
7.54280901
5.38525584
-6.31194092
-6.67227185
3.34131939
-3.18554940
-3.33130126
-0.54533621
-5.08243189
3.70458209
9.82244382
-2.76489191
0.50120202
-3.88977123
1.58572345
-9.21978531
4.50621540
-2.70038104
3.47935499
4.99900549
-7.77419548
6.58409464
-2.11141364
-5.68086266
-1.25890980
-2.00789991
-8.94296987
0.55346300
-1.66592649
-6.16632478
-1.26308718
0.95287184
-8.27055117
0.67666972
-0.19511487
-0.77506344
9.22666221
-1.98373561
-1.18585498
7.71175604
-6.99429186
2.81577304
-9.51284248
-10.57454627
8.72051375
10.70422705
4.23447329
3.74641220
8.82225694
6.45124997
-4.54401833
-5.59280859
7.38669619
7.04897307
4.10870191
3.09281409
2.17743358
-5.38770303
2.84921106
-4.11640186
1.88305624
-1.22705169
-7.55550511
-6.68886974
5.84016095
3.47487914
-5.95116931
-6.57557451
-3.84346139
-3.34888937
5.20697523
7.89813590
-8.96339278
-9.48964936
5.44238957
4.90784598
3.26453686
1.19965209
3.40894846
4.46073378
-3.81380312
-5.25744715
8.58914894
9.20087987
6.16950005
6.54340707
-1.51074900
-1.60209792
7.65492053
6.61013403
-8.38684077
-7.97279578
7.70143255
5.56425005
-0.07205579
-1.04706044
1.70419738
-3.15283191
10.79148401
10.13819686
-7.47376354
-5.43630940
1.56551366
3.51249479
7.67725592
6.65739480
-4.17666056
-4.95705880
-5.41885042
-4.01153945
3.27756327
2.44195594
1.55433092
-0.12994555
-7.40421937
-8.04632040
1.40056708
-5.10897600
3.05682815
-5.87522712
10.57938684
8.60452894
-1.87059088
-1.72002081
8.64228534
8.18384280
0.34767344
0.57715024
9.80965130
8.99136972
-1.52373956
-2.76904473
-8.28848550
-10.16552407
-10.57682117
-9.89106868
-0.57907125
-2.55446610
5.94500113
7.19889206
4.55684085
4.71819819
5.63651787
3.42625893
-5.53453053
-4.56003719
-3.11944508
-2.16143312
0.86006654
0.58665251
1.92873297
1.39408991
-7.52186862
-7.84994368
0.38979045
-0.78999414
-3.33682107
-4.06714809
