-2.56447588
-4.58983578
10.06224068
2.49093704
-10.69356084
8.91480277
-0.05054733
6.83801429
7.73723112
4.96975844
2.35794155
-2.56068302
6.10384969
2.07534246
4.59343871
-6.50742785
-3.61844194
-1.86524906
4.66045432
-1.33509567
0.11044630
-6.88608019
-6.19329779
0.23049580
-0.47911124
0.88809838
-4.82031765
8.88831872
3.85636909
-1.22473727
-3.56493913
1.93354805
2.17149450
11.49133938
-8.56136122
5.66556392
-4.53642063
-0.18113939
-9.94246656
-6.73615979
-0.05641594
-3.44149906
-0.63647825
3.77177101
-7.41144866
5.80048299
8.15338099
4.40187555
2.07582158
-3.69237062
-4.86759988
-0.34105388
-4.18845505
-0.75231276
-2.38649711
-6.41754320
10.08562486
-8.55361915
-2.63635449
5.06545680
-4.57706447
5.13562006
-7.16523486
1.98708398
-0.80005712
0.46818082
1.76033156
-7.71928781
2.59836397
8.17218287
0.01345468
-5.13945083
-10.97898674
0.80447217
7.61774573
-9.29894292
7.71066960
-1.52669675
-9.56658254
-5.59656109
-1.88766144
-3.01446857
5.11781255
8.79930504
3.08101361
-3.74049063
6.65723700
1.73254494
4.26889853
-7.98257234
0.64604664
0.82231879
-8.47278075
5.42072615
-2.66978998
4.02124487
9.90062273
4.46671749
-10.92350999
-5.36112203
-9.11913578
10.03281331
2.57242048
6.35575503
-4.50064722
6.21600799
2.89422935
3.49613635
-2.80052010
0.09510748
-5.74971879
4.67983906
-7.25109901
-4.55793151
6.90372399
-9.99404300
5.73191335
1.38176012
5.49531662
-5.75396228
9.18771715
7.05674530
-0.50302940
7.79265723
-8.70952164
5.82473744
0.97316768
-2.11079905
11.07579063
-6.53642234
2.59888711
6.80815419
-5.63985153
-3.78136133
2.65020350
-0.48987942
-7.78211814
2.40237154
-6.99307670
9.64105115
-2.66329080
7.69735466
1.39674497
8.12809806
-2.47911275
-10.16709788
-8.94384326
-1.58163708
6.64345869
6.27022629
2.75664816
-3.74066575
-2.75055124
1.42582567
1.21654381
-8.79069340
-1.07407449
-4.99060257
8.08324793
5.75591662
-6.81392388
-6.72515356
3.35925232
-3.19267109
-3.33250259
-0.59251271
-5.08419177
3.73118683
9.93650972
-2.79425622
0.53997237
-3.89748126
1.53525673
-9.30160821
4.50053720
-2.72404415
3.52247029
4.92422698
-7.83528009
6.62609203
-2.12308505
-5.73947055
-1.24412401
-2.05140044
-9.00044927
0.55119261
-1.70297090
-6.32099026
-1.34342833
0.98282018
-8.33249427
0.70674317
-0.17885168
-0.80446718
9.24503697
-1.97353633
-1.18730414
7.74201857
-7.04346403
2.85864921
-9.63823997
-10.67182772
8.96959184
10.87185108
4.24068958
3.70530483
8.91140047
6.63182727
-4.61340423
-5.64393885
7.38939412
7.09810645
4.09781239
3.03211697
2.23063511
-5.46457204
2.89931954
-4.18418776
1.86370765
-1.19982257
-7.60020640
-6.73412685
5.95239102
3.50194880
-5.99808043
-6.66323830
-3.80191770
-3.38605949
5.26354649
7.91935386
-9.02996056
-9.61583676
5.45211407
4.96636095
3.33660617
1.21969046
3.48465395
4.49675471
-3.84842948
-5.30110107
8.67929880
9.30690694
6.32544470
6.63027812
-1.53640810
-1.60836166
7.70925342
6.66085629
-8.48891176
-8.03614413
7.77366255
5.54907045
-0.06471581
-1.04113806
1.71088656
-3.16605251
10.98340023
10.23264710
-7.55912876
-5.46596623
1.59641318
3.55928244
7.74647320
6.74377830
-4.16309989
-4.87807898
-5.48736194
-4.05164473
3.30579317
2.45884834
1.52546162
-0.18466661
-7.47060181
-8.11316176
1.36535434
-5.13269892
3.09316422
-5.90206726
10.70719935
8.68246052
-1.83442717
-1.63701663
8.74218670
8.27013462
0.34626913
0.54938879
10.05838865
9.09856481
-1.44707267
-2.76752191
-8.33687182
-10.25202539
-10.67822479
-9.96763210
-0.63451637
-2.63641383
5.98172621
7.30268229
4.55243722
4.69575922
5.65000310
3.41310689
-5.53172635
-4.59201192
-3.17225067
-2.20693951
0.92493478
0.59465932
1.87680126
1.29595481
-7.75158459
-7.88682177
0.37011418
-0.74069321
-3.42904318
-4.07009963
5.21752073
7.06276078
4.16641185
5.11230550
-5.16970261
-6.10097346
