-2.55733192
-4.61016285
10.10718712
2.50799885
-10.75838592
8.97495006
-0.03787985
6.86471274
7.77478589
4.91059476
2.37657917
-2.56276351
6.04655791
2.06456019
4.60335059
-6.53888912
-3.64917525
-1.89319383
4.71358240
-1.32633783
0.11146145
-6.93385880
-6.24234126
0.23119932
-0.50278744
0.88514392
-4.83173537
8.98385367
3.79373314
-1.24476813
-3.56868118
1.94193580
2.19032885
11.57886068
-8.61104674
5.69870652
-4.57327893
-0.19202459
-10.01837835
-6.79146789
-0.10467938
-3.45113769
-0.62487075
3.77270653
-7.48345714
5.83970077
8.16729076
4.45075897
2.08678569
-3.67188144
-4.88050982
-0.34182677
-4.19503527
-0.72272615
-2.40185714
-6.46059900
10.15979687
-8.64724671
-2.63094000
5.09889990
-4.57724913
5.18733803
-7.20874710
2.00228577
-0.78756528
0.47063429
1.73171129
-8.09965239
2.61352635
8.23594304
0.02952603
-5.18958613
-11.03671644
0.80605685
7.65318634
-9.32489353
7.73545286
-1.53439570
-9.62665737
-5.61683222
-1.83180187
-2.96008145
5.16971484
8.85974608
3.09569057
-3.76118912
6.73207661
1.73136763
4.26266633
-8.08142137
0.65134583
0.81085678
-8.51323321
5.52069863
-2.69835187
4.06785012
9.98314446
4.49851884
-11.01848102
-5.33065507
-9.20558691
10.12975812
2.56346610
6.45630147
-4.50770527
6.21273805
2.87694679
3.47630212
-2.80606098
0.15629103
-5.77831609
4.71781735
-7.28044424
-4.60336063
6.90698987
-10.09433042
5.77275968
1.38850949
5.53555683
-5.78922812
9.21241285
7.10828055
-0.49670282
7.84124237
-8.77308075
5.82882962
0.95879289
-2.09075158
11.12641966
-6.57288653
2.60856213
6.83344871
-5.72610199
-3.77147049
2.64960960
-0.51119438
-7.82836854
2.42940841
-7.00067707
9.70447078
-2.62384748
7.75395262
1.40359961
8.17189093
-2.45189550
-10.25743695
-8.97884688
-1.60850985
6.69944409
6.29536755
2.76366613
-3.73613167
-2.76607111
1.44438751
1.23275674
-8.82718175
-1.13039352
-5.02129510
8.10269876
5.79872701
-6.88267793
-7.27207207
3.37295584
-3.20179401
-3.33709865
-0.58256430
-5.11294445
3.73893411
10.00437451
-2.80852170
0.55983402
-3.90335566
1.50680960
-9.36456028
4.52506621
-2.74111670
3.55859793
4.92074996
-7.86438815
6.66237218
-2.16071219
-5.76388554
-1.23570051
-2.06950939
-9.05525866
0.53077482
-1.71979128
-6.33465572
-1.38453176
0.98785909
-8.38479731
0.72576724
-0.18548574
-0.81861198
9.29176461
-1.96524909
-1.19951386
7.80734820
-7.07928849
2.87607568
-9.72977811
-10.73906504
9.01879102
10.95626873
4.27744079
3.70978946
8.98668110
6.72417990
-4.66340358
-5.66019047
7.41179690
7.12754000
4.15009521
3.03244929
2.26494505
-5.52714276
2.91760196
-4.23919070
1.87023527
-1.20090606
-7.64605942
-6.81198025
5.97046939
3.54047147
-6.03840937
-6.73700136
-3.78821601
-3.44458472
5.30536946
7.95366736
-9.08052553
-9.71443225
5.47092857
4.99345050
3.36595947
1.22894523
3.51440521
4.51193634
-3.86725060
-5.31935809
8.73350157
9.33294740
6.38045042
6.68970787
-1.55245152
-1.60773236
7.76811961
6.69582389
-8.57928338
-8.06430191
7.82083707
5.54450449
-0.07320262
-0.99838138
1.69991670
-3.17987167
11.09389868
10.26288575
-7.61697938
-5.48454235
1.60217934
3.60228823
7.78947546
6.79216939
-4.21852394
-4.87440377
-5.54965063
-4.07023848
3.31708196
2.46948789
1.52490904
-0.20788933
-7.50969261
-8.16018015
1.36328246
-5.14678929
3.07040657
-5.90829012
10.77839355
8.73936145
-1.82470469
-1.62650332
8.81043919
8.36576794
0.34510844
0.52712194
10.08911424
9.14688257
-1.41277867
-2.76354437
-8.36260646
-10.29342053
-10.78610851
-10.01154347
-0.65593034
-2.67220996
6.00811124
7.39068409
4.56034230
4.72639594
5.65644087
3.42589548
-5.52589249
-4.61085846
-3.20624128
-2.23388583
0.95064520
0.58630264
1.88103024
1.26946181
-7.80848348
-7.92935215
0.36242016
-0.72992457
-3.46608003
-4.07232290
5.28115830
7.12426815
4.23179880
5.13265080
-5.27947038
-6.21375125
-7.43371317
-6.29356842
