-2.54660370
-4.63203788
10.15136261
2.54111258
-10.82168447
9.04512967
-0.02469893
6.88931129
7.83051904
4.88178071
2.37840033
-2.56262581
6.03203135
2.04575587
4.61872468
-6.56964789
-3.68897254
-1.94090993
4.77318965
-1.32047331
0.10752883
-6.98499254
-6.30944467
0.19794030
-0.52534316
0.80494993
-4.83971256
9.02200646
3.78114537
-1.31695082
-3.57061204
1.94873435
2.10751684
11.65301285
-8.66009226
5.76965042
-4.61353408
-0.27067364
-10.09181967
-6.84611463
-0.13578608
-3.47949863
-0.62086472
3.82837097
-7.54471092
5.88169520
8.18126816
4.50301836
1.74237461
-3.64724162
-4.88922372
-0.34135013
-4.21056679
-0.67773202
-2.41465209
-6.47565147
10.23554587
-8.81109994
-2.62912191
5.14118807
-4.63443870
5.20882316
-7.26622858
2.01995416
-0.76775210
0.48367493
1.72433913
-8.08152541
2.66121232
8.29205384
0.06533881
-5.23483973
-11.13974809
0.81388757
7.69708738
-9.39985340
7.77947759
-1.54157596
-9.68245502
-5.63187414
-1.80471374
-2.94236538
5.21864487
8.91424812
3.13630751
-3.77307198
6.76987770
1.74313192
4.28055222
-8.15821162
0.68249965
0.82175296
-8.60973274
5.56930143
-2.72650312
4.11249269
10.05423553
4.52565687
-11.11070985
-5.33939973
-9.29899644
10.19077687
2.56235169
6.52038654
-4.51460261
6.21298005
2.88516122
3.45592814
-2.75976533
0.20051364
-5.79771914
4.74855247
-7.34917948
-4.61495523
6.90897964
-10.18295306
5.80167332
1.38793661
5.57888380
-5.82255970
9.22914120
7.15799670
-0.49770563
7.88010287
-8.83880242
5.84352025
0.97536387
-2.07722420
11.17715730
-6.61744497
2.62078226
6.90171126
-5.82756987
-3.76669048
2.65616098
-0.52951400
-7.88639096
2.45134992
-7.00546198
9.75725879
-2.63145344
7.80523616
1.41503646
8.24350578
-2.44642546
-10.35818543
-9.14957765
-1.64616824
6.74551468
6.32398907
2.84459464
-3.73253951
-2.78269287
1.47416437
1.25243436
-9.04128586
-1.16609156
-5.04742329
8.10308545
5.84147417
-6.90726213
-7.22731508
2.81374337
-3.73081042
-3.34081577
-0.56790044
-5.15992536
3.74228530
10.07984041
-2.83017313
0.56893153
-3.90535763
1.51175723
-9.42743634
4.68199742
-2.75341479
3.60520667
4.91518100
-7.89288882
6.75643417
-2.19931686
-5.80290314
-1.22711525
-2.09297485
-9.12066530
0.50566881
-1.73641086
-6.36634996
-1.42308618
0.87736906
-8.43603742
0.73089431
-0.16991797
-0.83669745
9.36358722
-1.96380146
-1.23044597
7.87510606
-7.10714055
2.89809281
-9.82160424
-10.80592941
9.05055551
11.02601981
4.30552417
3.73582435
9.04660802
6.77327160
-4.70747300
-5.67853418
7.45409418
7.16970052
4.17722881
3.04120141
2.32000113
-5.26086551
2.93902215
-3.97996700
1.88977805
-1.19396843
-7.68021394
-6.86362890
6.00410952
3.56141882
-6.12518261
-6.82207002
-3.79646959
-3.48595469
5.34958051
7.99168956
-9.19366469
-9.79635118
5.49586683
5.00911418
3.36711216
1.16198082
3.52651747
4.64114284
-3.89186297
-5.34173942
8.81673354
9.34233328
6.41315996
6.73138292
-1.56737117
-1.60771263
7.81033600
6.72377633
-8.65820827
-8.07030649
7.88510259
5.54275545
-0.10805234
-0.97674523
1.77612679
-3.20134802
11.17832914
10.28823278
-7.67780058
-5.51816837
1.60070700
3.64343144
7.83380631
6.88665779
-4.23509187
-4.92129235
-5.62760700
-4.10055905
3.33116627
2.48496964
1.52725620
-0.22368886
-7.54877542
-8.21137782
1.37746809
-5.17428111
3.06288981
-5.94148789
10.84072520
8.79652734
-1.80769876
-1.60567856
8.87106351
8.43001927
0.34867901
0.50753429
10.10823788
9.20265279
-1.41957244
-2.76070793
-8.37689706
-10.35282889
-10.89262385
-10.11204083
-0.72517889
-2.72351842
6.04670646
7.44094345
4.56797315
4.79412256
5.66334046
3.55881205
-5.51655653
-4.63650670
-3.24364120
-2.23858716
0.97560587
0.57215708
1.89972791
1.30907266
-7.84944716
-8.18550171
0.37814959
-0.72328913
-3.49444340
-4.07573152
5.35267428
7.13988508
4.28387543
5.16406350
-5.29477672
-6.21216204
-7.41838742
-6.33919646
2.55261796
3.70743437
-4.52634803
-2.72380929
