-1.99280584
-2.63839259
4.82782697
1.77728161
-5.39104728
5.30524467
0.70904980
4.19293138
5.19468505
3.59516712
0.96726153
-1.11532934
3.55226830
1.48428434
3.40483782
-3.82109387
-1.34778717
-1.14226901
2.90095603
-1.08180235
-0.24660194
-3.32183583
-3.91213064
-0.26266973
-0.22448637
0.99409702
-3.07150743
4.45793723
2.66003850
-0.12346968
-2.10183250
1.91161423
0.59293038
5.96774037
-4.49809162
3.54572916
-2.30109123
-0.03313286
-4.64780324
-3.38264449
0.33902185
-0.94380118
0.66985600
2.23882077
-4.38240725
2.74010618
3.92322434
2.34284569
1.65286640
-2.24667445
-2.70816755
-0.39020906
-2.64643184
-0.86045204
-1.16852377
-2.49567917
5.79052133
-4.74641525
-1.54501617
3.09577174
-2.82537911
2.02782135
-4.12816101
1.02139473
0.14852131
-0.38435384
1.14109371
-3.75683155
0.77717541
4.42325391
-0.26096086
-4.04995329
-5.82078042
0.86465814
4.18810307
-5.07537073
4.95363970
-1.37906746
-4.81315174
-2.29259452
-1.03459985
-1.65617967
3.18701140
4.29662273
1.59381672
-2.02690654
3.32852280
1.26798301
3.11713009
-3.85729298
0.41129760
-0.24667525
-5.29425807
2.38065685
-1.02755730
1.89791787
5.02043344
2.16953823
-6.34507967
-3.17295147
-5.78957684
5.34499444
2.28265058
3.95315323
-1.95304986
