-2.55819377
-4.69049788
10.31642158
2.62441822
-10.99014212
9.10490977
-0.00434497
7.03010226
8.01035432
4.98792855
2.31931478
-2.50590329
6.16899234
2.08627840
4.71642024
-6.61813629
-3.76871586
-2.51611931
4.91639061
-1.31886242
0.11332358
-7.20238079
-6.30109754
0.16868849
-0.46554328
0.85130464
-4.86689459
9.18872502
3.83841955
-1.35589805
-3.57591684
1.98599723
2.06337611
11.83711111
-8.84545909
5.94585264
-4.74555934
-0.24757968
-10.40302374
-7.05864973
-0.08474067
-3.53533602
-0.64373362
3.92639078
-7.71838008
5.97236610
8.28479667
4.54418898
1.83048412
-3.64864068
-5.00893013
-0.34818548
-4.04729113
-0.70327084
-2.57491602
-6.58893451
10.37747404
-8.89210404
-2.65723998
5.36634265
-4.81129479
5.27601375
-7.47780628
2.08643946
-0.69798658
0.67300428
1.59760188
-8.17932979
2.67136243
8.42852384
0.05164499
-5.35831117
-11.40226039
0.84108269
7.79873874
-9.63749083
7.94977843
-1.58957399
-9.87086957
-5.70696045
-1.60846677
-2.81784156
5.43071149
9.14620661
3.33391558
-3.75539012
6.82110717
1.77173968
4.36642219
-8.36188419
0.80643485
0.84160629
-8.75030834
5.57504590
-2.79506056
4.25694373
10.23793867
4.06255938
-11.32939907
-5.59366101
-9.56612344
10.35370995
2.59877723
6.68308669
-4.60471606
6.21919733
3.04299179
3.50177873
-2.84211888
0.32383314
-5.78547767
4.78255340
-7.48145462
-4.73420981
6.93365548
-10.34200785
5.97090801
1.36253176
5.65647700
-5.94525160
9.33435164
7.29009515
-0.49953878
8.01124407
-9.10949838
5.95475776
1.01424334
-2.11492352
11.35201919
-6.83395379
2.65349483
7.03374566
-5.91838546
-3.88958491
2.65882830
-0.59125351
-8.13508253
2.50805521
-7.07852994
9.89274844
-2.62881863
7.94247291
1.43869138
8.36876218
-2.46113438
-10.62463481
-9.34596685
-1.66983344
6.94217036
6.44271228
2.92536326
-3.73678583
-2.64517577
1.57733204
1.31887661
-9.11925189
-1.17832544
-5.25937025
8.21057432
5.92119268
-6.90576495
-7.24857548
2.79610784
-3.80648803
-3.48211372
-0.67641536
-5.74954118
4.20424940
9.99920176
-2.93364839
0.58547635
-3.94936021
1.71805438
-9.60457806
4.76803930
-2.73941150
3.71901893
4.89050606
-7.96125335
6.85082051
-2.26196522
-5.94443943
-1.20773809
-2.12670728
-9.38649534
0.42506989
-1.84815721
-6.51823878
-1.53100140
0.92373638
-8.57722542
0.72329716
-0.10812116
-0.85930961
9.54594646
-1.94168291
-1.25988159
7.97462736
-7.10509795
3.00141717
-10.05758093
-10.98540759
9.15822760
11.17367737
4.25252831
3.78303052
9.15401854
6.84610944
-4.77442267
-5.88824991
7.50148371
7.26217639
4.38153673
2.92737260
2.47742550
-5.25361347
3.01954084
-4.03502521
2.02159675
-1.27480916
-7.85333016
-7.04732473
6.08014181
3.54376624
-6.24331513
-6.98122096
-3.72010681
-3.58739744
5.49103092
8.12765030
-9.31746110
-9.91432737
5.55672460
5.04224730
3.36664554
1.13426676
3.53091961
4.62341039
-4.05926760
-5.38693067
8.93948990
9.41290966
6.50975794
6.82942554
-1.60752861
-1.62388403
8.00190128
6.82443069
-8.83926230
-8.19150146
8.00823470
5.57676029
-0.12830139
-0.94849009
1.85424507
-3.29022161
11.41169244
10.41331756
-7.96920003
-5.72726277
1.55915307
3.71594050
7.99975904
6.99689005
-4.44331677
-4.99215828
-5.76760983
-4.20479753
3.18611059
2.49680692
1.51641498
-0.31713793
-7.71441857
-8.45462332
1.42871076
-5.18341458
3.14256301
-6.05097269
11.00108558
8.91387341
-1.80363972
-1.51257951
9.03228413
8.65874766
0.33623512
0.45092352
10.25315494
9.35207021
-1.40315870
-2.72603570
-8.60949866
-10.59393338
-11.07143342
-10.35414228
-0.68395628
-2.77224929
6.15397313
7.62015622
4.56962262
4.92871012
5.74346689
3.71529811
-5.48349120
-4.75826787
-3.31689579
-2.31090610
1.02257929
0.64373185
1.92845112
1.47075231
-7.90409608
-8.25329815
0.45562217
-0.57453786
-3.56217222
-4.32013467
5.55515820
7.28614459
4.47236983
5.30850399
-5.49193997
-6.34011048
-7.52656582
-6.39619521
2.72752857
3.73450143
-4.56269400
-2.84891541
-1.64157805
0.24756023
-3.38705042
-0.27969111
-3.86108345
-4.78534039
4.88213947
3.63777009
9.22258402
10.81218835
