-2.49859983
-4.74072063
10.46022285
2.62971590
-11.07597767
9.23790577
-0.05446985
7.12271141
8.13041798
5.08739898
2.30983107
-2.52966412
6.27623686
2.10791877
4.78632515
-6.69926866
-3.87057623
-2.54432743
4.98444301
-1.22665573
0.08964731
-7.32903414
-6.29455882
0.15311210
-0.48301074
0.87752653
-4.98507218
9.32284156
3.91569111
-1.41360514
-3.57435084
2.00434511
2.06923034
11.98303835
-8.96500969
6.04084747
-4.84325884
-0.19084298
-10.65385920
-7.24313214
-0.08482837
-3.65690464
-0.67202731
3.99764962
-7.86053098
6.06173510
8.40164576
4.55820084
1.94739689
-3.32410639
-5.14553746
-0.52596074
-4.12578069
-0.73828028
-2.66845180
-6.67924407
10.45688662
-8.92191028
-2.79705915
5.53519441
-4.85438239
5.24219535
-7.59459216
2.36466872
-0.79755522
0.46492353
1.95954985
-8.25326831
2.76307320
8.51084585
0.01915358
-5.39117458
-11.57542987
0.52065514
7.79843423
-9.77587377
8.06208919
-2.29966591
-10.04825662
-5.73578926
-1.68297748
-2.84467796
5.64060129
9.40513366
3.55866004
-3.85244958
6.80285555
1.90562764
4.47125347
-8.47757539
0.92100302
0.88328421
-8.89643708
5.55609998
-2.92161581
4.32357485
10.38914010
4.13621119
-11.49419824
-5.46919153
-9.75778814
10.47081457
2.72638707
6.83301536
-4.76844711
6.28373715
3.13556662
3.58106465
-2.96615893
0.32699614
-5.85027226
4.85124958
-7.60259782
-4.79245987
7.04323846
-10.45867965
6.01031159
1.34706289
5.68913211
-6.10757182
9.47834341
7.35964493
-0.38995076
8.06006060
-9.35156973
6.04103416
1.01565542
-2.19616734
11.49932935
-7.03604665
2.78114180
7.15458508
-5.99698338
-4.05044566
2.59299896
-0.68331818
-8.33444090
2.70235546
-7.13628290
9.98072840
-2.54446114
8.05681157
1.46820342
8.47117169
-2.41302609
-10.81302115
-9.45084086
-1.72626922
7.10125653
6.58930962
2.98254811
-3.76505844
-2.60876094
1.60018222
1.27695042
-9.17636828
-1.16297604
-5.39637949
8.29751164
5.88493163
-6.87314620
-7.26571761
2.83049851
-3.88889185
-3.49835609
-0.69702469
-5.87643252
4.38592899
10.23186491
-3.26927122
0.37703978
-4.25886207
1.33594648
-9.69463936
4.85028042
-2.68160368
3.77302063
4.96348180
-7.98861309
6.90033684
-2.33641029
-6.07743925
-1.26640814
-2.23509584
-9.59055567
0.43032683
-1.95265022
-6.56545899
-1.64425074
0.94558376
-8.70377446
0.70007741
0.00630889
-0.90846336
9.65644701
-1.94622870
-1.29170521
7.98911011
-7.16479808
3.08058235
-10.26806136
-11.15425085
9.24143715
11.30649400
4.24429339
3.90150686
9.21275866
6.86093095
-4.91228483
-6.07604427
7.56526582
7.34082515
4.50153446
2.94435804
2.55326875
-5.26574025
3.04110474
-4.10449120
2.22114147
-1.25584666
-7.88448171
-7.13565229
6.12452537
3.54792729
-6.34152325
-7.17491358
-3.73775964
-3.66079665
5.60169489
8.22868427
-9.40917568
-9.98230576
5.54184829
5.13489026
3.40363301
1.10787503
3.55221146
4.59313354
-4.13977201
-5.45808762
9.16472043
9.48097361
6.49907138
6.93029369
-1.70888990
-1.59366988
8.24985644
6.83758546
-8.99701738
-8.27734442
8.16188761
5.64084355
-0.14501574
-1.01872753
1.94463054
-3.37137476
11.57549642
10.53311914
-8.18235480
-5.93628592
1.53058018
3.88392177
8.17594608
7.14923271
-4.54955289
-5.13130161
-5.95224905
-4.28990838
3.47880841
2.58231285
1.48416735
-0.44603619
-7.80738193
-8.59516463
1.49573300
-5.20367347
3.18482246
-6.11784851
11.11264326
8.94653346
-1.82036968
-1.49215866
9.16255393
8.79139252
0.32029007
0.39628136
10.41036436
9.46197846
-1.34416613
-2.87599824
-8.73767729
-10.75240178
-11.17559652
-10.50197735
-0.70842251
-2.84702031
6.31946513
7.74246352
4.62772546
4.97626558
5.85806825
3.82073705
-5.44168485
-4.81429383
-3.40414096
-2.36010695
1.06646240
0.62569371
1.91914950
1.51885866
-7.89515981
-8.29137005
0.57591369
-0.45384923
-3.64904199
-4.40517035
5.68938723
7.42979005
4.87856447
5.59732468
-5.60530368
-6.40219451
-7.58024718
-6.44626508
2.85365889
3.76718990
-4.69822184
-2.90645039
-1.67283364
0.24121162
-3.39644891
-0.19361765
-4.03573116
-4.83378012
4.86718954
3.63332558
9.36178746
10.86943757
-1.34609385
-3.07834923
1.43972927
0.72300419
-3.93785505
-3.60339449
1.27830102
2.00517396
