-2.00472000
-2.65082093
4.90407886
1.76804720
-5.40852986
5.32305181
0.70960583
4.20392721
5.21037516
3.59372118
0.96619598
-1.10817129
3.98053030
1.49248402
3.41427879
-3.83375563
-1.36259229
-1.15088164
2.92297378
-1.10430391
-0.25301260
-3.33966965
-3.94659434
-0.27110000
-0.22325562
0.95670895
-3.09331735
4.59761197
2.67715185
-0.16879862
-2.10075333
1.91497278
0.57219057
6.00016952
-4.51829527
3.55886184
-2.31926400
-0.07291318
-4.65866514
-3.38252617
0.33698366
-0.97749921
0.66979228
2.13760380
-4.40025806
2.71611948
3.93270240
2.34698529
1.64073079
-2.27471224
-2.71449268
-0.38759612
-2.66061897
-0.86533359
-1.16558544
-2.50007070
5.80174008
-4.75172943
-1.54739883
3.10226769
-2.83421799
2.03814570
-4.13134799
1.02824401
0.14885053
-0.38754398
1.14384520
-3.76805692
0.78638682
4.43503131
-0.25678516
-4.06042711
-5.84381906
0.86678822
4.18945475
-5.09691520
4.96917037
-1.38289136
-4.84642540
-2.29873627
-1.03241908
-1.67002686
3.20537540
4.30245963
1.59393082
-2.02978365
3.33522684
1.27137876
3.12006595
-3.87725787
0.40853684
-0.24540801
-5.29730590
2.38498954
-1.02975742
1.90232521
5.02306161
2.18036763
-6.35068856
-3.18011293
-5.79492461
5.52404105
2.28558564
3.96842602
-1.99411697
3.25699758
