-2.46727575
-4.75335518
10.56021430
2.60591176
-11.04982270
9.32584985
-0.08280170
7.17080706
8.23014205
5.15705379
2.29829866
-2.55092746
6.34238042
2.15057585
4.78946541
-6.73989028
-3.93496919
-2.55479617
5.02266201
-1.20373467
0.07294003
-7.37713251
-6.21768641
0.13950339
-0.50478539
0.87420473
-4.99416505
9.37818293
3.96277540
-1.44537382
-3.57116345
2.01672122
2.05753015
12.02390624
-8.99793671
6.10229816
-4.90947370
-0.15999061
-10.75406146
-7.31916197
-0.00454400
-3.69890633
-0.68101796
4.10441988
-7.93199104
5.70372584
8.51357977
4.57636779
1.96175430
-3.32458526
-5.18374246
-0.55189203
-4.19052238
-0.68202805
-2.68701281
-6.71333674
10.50655099
-8.92529849
-2.79287378
5.58783233
-4.85597791
5.26502152
-7.62836782
2.41735336
-0.80079297
0.56801225
1.96468613
-8.28893046
2.78123021
8.56874505
0.02338026
-5.40556709
-11.65543086
0.49879724
7.82652870
-9.82179357
8.12299017
-2.31318413
-10.11674918
-5.72622096
-1.73633883
-2.90713320
5.70266091
9.50893515
3.59882748
-3.87720581
6.81938487
1.88222085
4.51139778
-8.55431627
1.02486051
0.89730595
-8.95345485
5.58132428
-2.95658517
4.35603347
10.44650388
4.12311087
-11.57121871
-5.47041596
-9.84561901
10.51883322
2.72962449
6.92802705
-4.78807875
6.32227486
3.18819348
3.58785201
-3.02137431
0.25775408
-5.88993269
4.89125117
-7.65612540
-4.84434396
7.10727256
-10.49892001
6.03988606
1.34054483
5.68509338
-6.19896462
9.56038810
7.40757901
-0.33990472
8.09404353
-9.43749916
6.09721602
1.03260660
-2.20043138
11.57530428
-7.11352704
2.80001256
7.27048016
-6.05615983
-4.06311042
2.55523965
-0.74706645
-8.42552156
2.69408879
-7.05563844
10.04019124
-2.59110920
8.09834184
1.44270016
8.58852035
-2.40837345
-10.90790566
-9.50246197
-1.76021335
7.17099168
6.65378342
3.04558621
-3.76062941
-2.58026720
1.59947440
1.23403835
-9.21715309
-1.13947473
-5.46110075
8.34402001
5.91088152
-6.85235745
-7.29495580
2.86690436
-3.89161388
-3.50436102
-0.71946877
-5.94947307
4.41080986
10.35534129
-3.28149574
0.37542248
-4.25644635
1.10365579
-10.10995536
4.98831567
-2.66581119
3.79962340
4.96186423
-8.01978724
6.91649064
-2.35334988
-6.15091838
-1.29906546
-2.27553167
-9.66894721
0.40198798
-2.02440561
-6.61566697
-1.68184949
0.93065073
-8.76094214
0.69586693
0.02985737
-0.94247134
9.72208956
-1.94246638
-1.31257823
8.00782375
-7.20497434
3.09037588
-10.35754926
-11.23350439
9.27955524
11.38226146
4.28819052
3.91661662
9.25693459
6.87930966
-4.97480663
-6.17621071
7.62548825
7.41928083
4.54459002
2.95009802
2.56740897
-5.29026827
3.04956047
-4.15729510
2.26220155
-1.25909438
-7.94167925
-7.20143007
6.16309410
3.56564408
-6.37828767
-7.27163958
-3.81574739
-3.68786422
5.65144627
8.26839686
-9.45525477
-10.00512133
5.52337673
5.16007891
3.32703964
1.08906638
3.54951590
4.53502799
-4.17738921
-5.49284692
9.28003883
9.52852759
6.53431537
6.95992912
-1.72959342
-1.57156481
8.33720388
6.85929482
-9.09089637
-8.20192711
8.24513006
5.67843070
-0.16691800
-1.01097911
2.01550448
-3.40885095
11.63167790
10.61256454
-8.26036868
-5.98969820
1.52959344
3.90711570
8.27159068
7.20499501
-4.58275639
-5.18200216
-6.04760121
-4.31972845
3.52326058
2.56185861
1.49493804
-0.48080380
-7.82644551
-8.64132582
1.54345299
-5.21417231
3.27753616
-6.12196064
11.18410198
8.98043572
-1.80822093
-1.54380090
9.21290754
8.84263882
0.30136766
0.38880870
10.50656725
9.53439817
-1.36087721
-2.96161963
-8.78476945
-10.81045822
-11.22089603
-10.57242586
-0.72736621
-2.89191011
6.37130230
7.78334602
4.63096719
5.28758897
5.88828059
3.78146741
-5.42335514
-4.81932085
-3.44059023
-2.39327061
1.08836783
0.60341913
1.92758064
1.51489522
-7.89028140
-8.29960296
0.57310891
-0.44044752
-3.70000861
-4.44289063
5.76590538
7.51089476
4.91187411
5.67749948
-5.66195370
-6.42334663
-7.59843076
-6.48583915
2.87296155
3.83772753
-4.72330569
-2.90568966
-1.70037173
0.25690929
-3.39435161
-0.19150260
-4.12099005
-4.86927199
4.88589505
3.60712781
9.39027281
10.88579538
-1.36544798
-3.15639343
1.45613492
0.78084270
-3.91540065
-3.59357712
1.26884829
2.04681097
-11.64219327
-9.21984659
6.34204973
4.82767330
