-2.46384727
-4.76121747
10.59979489
2.33532920
-11.06047520
9.35826069
-0.09023316
7.19114717
8.27321177
5.16663221
2.29325484
-2.56167179
6.36480692
2.17645856
4.78786879
-6.75456884
-3.95452003
-2.56328329
5.06165496
-1.20454304
0.07127316
-7.39597597
-6.20999194
0.12252314
-0.51354493
0.87173766
-4.99382806
9.39137345
3.98649763
-1.46329287
-3.56917510
2.02025705
2.05959099
12.03962736
-9.00513266
6.13027399
-4.93453604
-0.15585717
-10.78606773
-7.33517207
0.00883185
-3.71044586
-0.68628001
4.12023988
-7.95994280
5.69917461
8.54287923
4.57370595
1.91591665
-3.32667270
-5.24220148
-0.55945322
-4.20159522
-0.67341893
-2.68818199
-6.73479096
10.52602406
-8.92777237
-2.25976243
5.60546756
-4.85580334
5.27107258
-7.64051985
2.43665239
-0.75402526
0.58248177
1.95815385
-8.30414438
2.78674644
8.59021855
0.02672643
-5.42940198
-11.68442999
0.49113793
7.84108271
-9.83786500
8.13654779
-2.35001299
-10.13908715
-5.73660814
-1.73507401
-2.91649881
5.71736841
9.53954011
3.59908191
-3.87790290
6.83351545
1.88079657
4.52086513
-8.58246350
1.02239790
0.89809393
-8.98507608
5.58116020
-3.01065048
4.36860391
10.46918899
4.12233515
-11.58997074
-5.47593602
-9.87867719
10.54303495
2.72622965
6.94660990
-4.79405648
6.33273252
3.18707495
3.58224198
-3.03366764
0.24057380
-5.90192898
4.89933386
-7.68202142
-4.85646384
7.13613644
-10.50985038
6.05024314
1.29977533
5.69096721
-6.22444753
9.60066585
7.42226254
-0.30169611
8.10729841
-9.46376869
6.11065684
1.03610124
-2.20118102
11.61800826
-7.13870533
2.80242475
7.31435852
-6.07290993
-4.22319994
2.53798083
-0.76062581
-8.45152583
2.70980323
-7.06040510
10.06405267
-2.59764466
8.11614997
1.43519985
8.61500096
-2.41216026
-10.94405220
-9.52274360
-1.77274809
7.19011400
6.68126521
3.02784488
-3.87089968
-2.57159718
1.47564795
1.21706089
-9.22872815
-1.14049798
-5.47819614
8.37314850
5.91866211
-6.84754495
-7.29930970
2.89100479
-3.89229816
-3.50761509
-0.71839538
-5.97690167
4.41876607
10.39814852
-3.31321952
0.39669210
-4.25658450
1.09661536
-10.11621035
5.00495021
-2.39774803
3.63102670
4.96710728
-8.04362575
6.91478973
-2.35743419
-6.17979838
-1.30761192
-2.28841319
-9.69346259
0.39617141
-2.04003465
-6.63280914
-1.68900935
0.91119371
-8.77970113
0.69434492
0.03397569
-0.95314069
9.74564156
-1.94411581
-1.32812780
8.02046267
-7.21461160
3.09928721
-10.38490528
-11.25827964
9.29341521
11.41279972
4.28960397
3.92297937
9.27441491
6.88610332
-4.99235321
-6.19936069
7.63765204
7.44089106
4.56454544
2.94276289
2.46561821
-5.29785360
3.04174886
-4.16841329
2.26707644
-1.26197352
-7.96082543
-7.22624431
6.17667439
3.57060624
-6.44813270
-7.31576731
-3.82582760
-3.69332325
5.67871772
8.29150552
-9.46938223
-10.01252238
5.51391079
5.16865274
3.34691261
1.07664121
3.61602468
4.53071765
-4.18945403
-5.50782873
9.32205244
9.55328383
6.54501222
6.97186999
-1.64512266
-1.49373420
8.36170232
6.86916814
-9.11731346
-8.21014755
8.27141271
5.69893084
-0.18116175
-1.00992472
2.01582163
-3.41581459
11.65109582
10.65012934
-8.29223162
-6.00114357
1.52898838
3.91302757
8.30574799
7.23388440
-4.59096833
-5.19772521
-6.08752314
-4.32557402
3.53773917
2.55647963
1.49267867
-0.48460259
-7.82978763
-8.66179715
1.55706392
-5.21937196
3.31414846
-6.12975974
11.21214644
8.99733475
-1.80686590
-1.54311356
9.23375378
8.86313290
0.30032268
0.38471358
10.55040440
9.57309412
-1.35889331
-2.98546195
-8.80089637
-10.83046178
-11.23671077
-10.59941294
-0.73977460
-2.90832644
6.38923562
7.79978018
4.65467425
5.38248454
5.88850980
3.74889322
-5.41678663
-4.89397194
-3.45282933
-2.40246088
1.09661912
0.57894665
1.91927252
1.51607539
-7.88742561
-8.30698683
0.57719418
-0.43536409
-3.70633187
-4.45755816
5.77177606
7.52564441
4.92041927
5.70382089
-5.67812181
-6.43241291
-7.61332548
-6.49661530
2.84698562
3.85921790
-4.73114854
-2.90646520
-1.71163603
0.26305120
-3.39601920
-0.19111595
-4.14682131
-4.87675298
4.89431798
3.59560085
9.39379305
10.88955513
-1.36940939
-3.17425031
1.46250876
0.82696208
-3.91458787
-3.59184729
1.28270572
2.04413220
-11.64578708
-9.22856807
6.38705303
4.82437377
-3.16016485
-2.80734045
2.97487639
3.99653755
