-2.46051101
-4.77498124
10.64355552
2.26736277
-11.06856047
9.38835824
-0.12479825
7.21245486
8.30386598
5.31839112
2.25421732
-2.57338582
6.52999987
2.19258631
4.77668263
-6.63145144
-3.96798591
-2.59502684
5.04626074
-1.20549428
0.03957484
-7.41838975
-6.20364649
0.09000518
-0.58392905
0.87786726
-4.99877464
9.41958956
4.50050334
-1.47535773
-3.56557125
2.01502817
2.05456580
12.05737438
-9.01466707
6.15459301
-4.96003987
-0.14836060
-10.81903936
-7.37317214
-0.00419773
-3.70040243
-0.70940821
4.14503760
-7.98328379
5.68229048
8.57733049
4.63719234
1.88916279
-3.32888526
-5.26663177
-0.56869570
-4.21100455
-0.67026756
-2.68703858
-6.76042467
10.54586525
-8.93239389
-2.18727118
5.62603774
-4.85893882
5.27824625
-7.65255418
2.45199738
-0.73784138
0.59446471
1.95131726
-8.33284761
2.79212776
8.61003899
0.02363927
-5.43878968
-11.71340392
0.48755407
7.85608610
-9.85497178
8.15700869
-2.38886326
-10.16339364
-5.76392404
-1.73425083
-2.92441778
5.73167369
9.57024512
3.60531893
-3.87960793
6.84113844
1.88717528
4.52771830
-8.61102244
1.01393403
0.89596638
-9.03516664
5.58439771
-3.02386968
4.38633056
10.49329774
4.12579469
-11.60749057
-5.47935245
-9.91314861
10.56683263
2.73443228
6.98245802
-4.79356736
6.46638264
3.20979724
3.57963629
-3.04863246
0.22979758
-5.91076391
4.90801068
-7.73247712
-4.86757962
7.15784498
-10.52925919
6.06468059
1.27139424
5.75784642
-6.22188783
9.64136276
7.43669404
-0.30355615
8.12099696
-9.49648618
6.13860616
1.04678800
-2.20279588
11.65925195
-7.16713613
2.80525175
7.31795745
-6.08970857
-4.19468107
2.51975716
-0.77665376
-8.47775426
2.55361220
-7.07069938
10.08835590
-2.60437459
8.13515657
1.43567404
8.67024509
-2.41000044
-10.98008320
-9.54378110
-1.79169257
7.21028925
6.71194853
3.04273352
-3.87057950
-2.58453320
1.47242869
1.19783314
-9.23637157
-1.14111649
-5.48523737
8.42776801
5.92770241
-6.84336982
-7.29602650
2.90983624
-3.89403185
-3.51074053
-0.71892511
-6.00328755
4.43083638
10.43757986
-3.33931697
0.40925020
-4.25744577
1.09367283
-10.12114426
5.01284637
-2.37638590
3.67330520
4.38092510
-8.70853098
6.95692556
-2.36099424
-6.13358950
-1.32335302
-2.30402456
-9.72150264
0.39448900
-2.05665510
-6.64782647
-1.69885963
0.90102329
-8.80002779
0.67132721
0.03818365
-0.96851855
9.76755713
-1.97848528
-1.35900481
8.03380452
-7.22524875
3.11658069
-10.41102635
-11.28318653
9.31473357
11.44200930
4.27353069
3.93038009
9.29039922
6.89213744
-4.99671187
-6.21240473
7.74068354
7.47543391
4.59272979
2.94192987
2.53806375
-5.29846019
3.02466969
-4.18038024
2.27135399
-1.26825869
-7.97957499
-7.25065817
6.18883596
3.57621962
-6.48180530
-7.35250803
-3.83584474
-3.69864122
5.69442766
8.31443776
-9.49402729
-10.01938804
5.50073776
5.18085549
3.35392224
1.05789337
3.54321172
4.54452478
-4.21204040
-5.53611183
9.35423265
9.58574386
6.55719646
6.98576101
-1.62860951
-1.51781358
8.38726635
6.87934705
-9.14208783
-8.21427194
8.29856614
5.76773303
-0.18776046
-1.00789085
2.02530323
-3.42183505
11.67436101
10.69118294
-8.31888299
-5.99470218
1.52676299
3.92709505
8.33476346
7.26914277
-4.59828518
-5.21343444
-6.11108913
-4.35067442
3.55645949
2.56019495
1.48535797
-0.49165104
-7.83382240
-8.68291423
1.39175981
-5.22305474
3.34087804
-6.13696309
11.24021053
9.01337020
-1.80769276
-1.54718102
9.25574870
8.88566792
0.29449359
0.37592434
10.59625924
9.61329434
-1.35940641
-3.00902768
-8.81850674
-10.85006009
-11.25257603
-10.62686634
-0.77145227
-2.93666907
6.40748455
7.81745163
4.74635244
5.40839366
5.90453059
3.73316042
-5.41161835
-4.90804104
-3.47532964
-2.43140649
1.09621545
0.51647989
1.90884504
1.52441175
-7.89159115
-8.31117227
0.54444899
-0.42921568
-3.71771391
-4.46815329
5.82786146
7.58088131
4.91619128
5.73810040
-5.69181514
-6.44102121
-7.63067802
-6.50614686
2.83937298
3.86826880
-4.73951317
-2.91149683
-1.74976782
0.26593490
-3.40588147
-0.19246663
-4.16651135
-4.89513080
4.90602868
3.59139131
9.39583213
10.89229143
-1.38862401
-3.19187755
1.46907974
0.82655962
-3.91464428
-3.59302915
1.28308251
2.05363514
-11.64899206
-9.23557683
6.41270924
4.81778778
-3.12167752
-2.80011548
3.15266884
4.09146193
3.44692920
5.37393426
-6.75848094
-7.72280995
