-2.88750781
-4.89507605
10.77815224
2.25935170
-11.09331989
9.46784808
-0.13713392
7.31860415
8.51914710
5.36511488
2.24260715
-2.58319721
6.59684810
2.24172860
4.78458860
-6.78123102
-3.99996732
-2.61037494
5.08781789
-1.20134326
-0.01320119
-7.10819665
-6.19142408
0.08999551
-0.60208356
0.93076157
-5.01710715
9.56532805
4.41274528
-1.45107514
-3.54891467
2.00766667
2.04786643
12.12116941
-9.04055855
5.55980722
-5.01489983
-0.04535354
-10.91876913
-7.39313364
-0.03654532
-3.69086413
-0.75406634
4.22704538
-8.07462385
5.70712190
8.64523266
4.67240672
1.92810577
-3.27132818
-5.30306531
-0.59416901
-4.27182433
-0.63988607
-2.70014040
-6.80189403
10.59765735
-8.94503673
-2.12564490
5.66419938
-4.96032031
5.30524390
-7.69624486
2.46840705
-0.75114421
0.66275448
1.96165490
-8.38341532
2.81405007
8.66973656
-0.00436571
-5.46608180
-11.79839691
0.48289601
7.88493575
-9.90639667
8.21855500
-2.44897839
-10.25599992
-5.82416186
-1.75684630
-2.99231546
5.76471739
9.66392029
3.65824089
-3.89921430
6.87808050
1.89358573
4.53793129
-8.69717061
1.07396392
0.89858906
-9.11060711
5.64802361
-3.03329769
4.41766660
10.57325758
4.12693576
-11.66130488
-5.49825620
-10.01924741
10.65251921
2.80255434
7.06594126
-4.78227360
6.57199284
3.29035100
3.59991138
-3.09993226
0.29499543
-5.95652223
4.92526714
-7.80218190
-4.91030444
7.25545411
-10.58895582
6.11299730
1.20376329
5.80818690
-6.24089210
9.76102041
7.48291883
-0.31372056
8.16012625
-9.59878274
6.21545769
1.07203602
-2.22119279
11.80276310
-7.23720760
2.81169597
7.48237984
-6.14719794
-4.18492334
2.47979775
-0.81497302
-8.53623660
2.41280422
-7.10491278
10.17901935
-2.60871505
8.20005403
1.42025954
8.73821925
-2.36450251
-11.08335706
-9.60726352
-1.82783083
7.27227115
6.77495449
3.11240623
-3.86127312
-2.60071106
1.51127086
1.14680176
-9.26525332
-1.13763633
-5.52248703
8.57040136
5.91884560
-6.83478459
-7.30041501
2.80407019
-3.97823660
-3.53757887
-0.66954149
-6.06532124
4.46782305
10.66721303
-3.35732926
0.41002784
-4.24265285
1.17703559
-10.14231313
4.76219395
-2.36263683
3.72034930
4.44502934
-8.76710967
6.72547166
-2.63961426
-5.91748960
-1.34020858
-2.33335894
-9.91595278
0.38351818
-2.10024462
-6.69948123
-1.73505865
0.91969421
-8.88065935
0.64193827
0.08101207
-0.99847487
9.83524303
-2.02554837
-1.42615792
8.05806983
-7.25675167
3.14458375
-10.49883470
-11.36687251
9.41912961
11.52879628
4.29798125
3.97427397
9.35172407
6.93443482
-5.02076025
-6.04635372
7.82116214
7.54909751
4.65281596
2.94991565
2.55534737
-5.32998433
2.97899861
-4.21982739
2.28362723
-1.29551885
-8.03636211
-7.32549923
6.22025188
3.58905744
-6.52983689
-7.45206697
-3.87756311
-3.64352462
5.73418959
8.44273684
-9.55772813
-10.04601745
5.53255771
5.21628232
3.37106748
1.00007998
3.53372771
4.57318319
-4.28408202
-5.63848002
9.57880520
9.68430347
6.60494626
7.03312182
-1.63697597
-1.55968617
8.46432605
6.90894465
-9.22279203
-8.26028530
8.36987587
5.64559249
-0.15220720
-0.98787442
2.08956036
-3.45038792
11.77388085
10.79857039
-8.38001753
-6.03531092
1.51613612
3.95417991
8.54429062
7.44896559
-4.62513201
-5.26532762
-6.19939210
-4.39363907
3.58135577
2.57400787
1.46479746
-0.54129643
-7.82953025
-8.98357007
1.28255953
-5.21351769
3.37774062
-6.18913162
11.32735044
9.06295125
-1.81366662
-1.49583067
9.32772408
8.96184916
0.26250023
0.35032761
10.70559833
9.72235257
-1.29693330
-3.12116402
-8.87632349
-10.90328880
-11.29934524
-10.70917059
-0.83521572
-3.00426589
6.45873161
7.87443775
4.57497308
5.48062032
5.93230724
3.83718804
-5.39376079
-4.94670707
-3.53215013
-2.47155563
1.10138925
0.49778372
1.88624504
1.58890609
-7.89869052
-8.32941568
0.52929482
-0.34340537
-3.73094256
-4.48823671
5.89910360
7.73627104
4.91916208
5.76719275
-5.74173395
-6.47119632
-7.64964315
-6.54410052
2.88422805
3.79457873
-4.81731057
-3.06065664
-1.77817184
0.30214853
-3.40833333
-0.16351381
-4.21286925
-4.94197841
4.95709886
3.59653764
9.53451383
10.89672433
-1.42307370
-3.23449815
1.47419062
0.82662490
-3.95825769
-3.83706835
1.32219763
2.14963354
-11.65827455
-9.26138165
6.37955337
4.89299819
-3.07313046
-2.79989135
3.18885764
4.08062041
3.39684091
5.43274541
-6.83608220
-7.78922819
6.56300608
7.43223562
-2.04407402
-2.20797684
-7.87968341
-6.90614145
