-2.02543864
-2.66193813
4.91640653
1.77553165
-5.42055146
5.33764087
0.71037122
4.21710868
5.22769007
3.69801795
0.97093159
-1.10924676
4.03319964
1.49801589
3.52096202
-3.84503131
-1.37185228
-1.15932451
2.92798597
-1.12882867
-0.26274424
-3.35776882
-3.97824708
-0.28151055
-0.23334570
0.95107994
-3.11308800
4.69986837
2.67521347
-0.16599874
-2.11074900
1.54262175
0.57231543
6.01414580
-4.54039758
3.56300127
-2.33795294
-0.08850648
-4.67005960
-3.38253264
0.33333082
-1.00078087
0.55526635
2.19260017
-4.42023639
2.73264734
3.93964325
2.35316012
1.64279996
-2.30493604
-2.72139692
-0.38579106
-2.67632765
-0.89147189
-1.17101076
-2.77474983
5.81237673
-4.75756564
-1.55035461
3.10942374
-2.84676051
2.04941513
-4.13860647
1.03573027
0.14916993
-0.38980042
0.93072368
-3.90133705
0.79595542
4.45173347
-0.26307041
-4.07129201
-5.86466096
0.86899349
4.18894757
-5.11829471
4.98102338
-1.22658246
-4.86766499
-2.30504141
-1.02955727
-1.66964805
3.22545034
4.30821544
1.58578777
-2.03753053
3.33722296
1.27435001
3.13986725
-3.89652114
0.39763495
-0.24402870
-5.30088749
2.92869588
-1.03202008
1.90671958
5.02542130
2.18828812
-6.36796802
-3.22647175
-5.81222433
5.62862882
2.27928579
3.97622005
-2.02055115
3.29664316
1.96507038
2.31522205
-2.23765771
