-3.15937749
-5.00962494
10.91039785
2.26437503
-11.19778380
9.55831141
0.11879566
7.40664100
8.59418588
5.41745359
2.21902534
-2.69624201
6.65244631
2.30966863
4.79401476
-6.76409895
-4.18072251
-2.75885327
5.16065811
-1.24862521
0.00437697
-7.29958728
-6.17946587
0.05910000
-0.14685686
1.00271117
-5.14975713
9.67658224
4.42671118
-1.26954233
-3.49339156
2.01111433
2.18033717
12.20027397
-9.14105009
5.65265875
-5.29331956
-0.05696839
-11.47896441
-7.34753059
0.08140777
-3.89856228
-0.73314194
4.37310141
-8.22581746
5.89003136
8.74584023
4.72527258
2.03205612
-3.33232441
-5.38386590
-0.62257462
-4.32212396
-0.62280947
-2.74738973
-6.91476232
10.70533379
-8.98886560
-2.09729131
5.69735297
-4.98057771
5.35844014
-7.76751481
2.49245391
-0.59392200
0.75251475
1.96218942
-8.45229711
2.86098220
8.77748228
-0.00781630
-5.56653729
-11.93591572
0.47827463
7.96368937
-9.99333047
8.33605595
-2.50651858
-10.43669095
-5.91015268
-1.72941317
-2.97084340
5.81462994
9.82210873
3.72710360
-3.94033731
6.94129170
1.91838692
4.57361110
-8.82890652
1.09842022
0.91718343
-9.23443111
5.70073905
-3.04868432
4.46733226
10.72108572
4.14987182
-11.76374512
-5.54533750
-10.18163195
10.73853293
2.91676302
7.18588176
-5.02311673
6.66410577
3.36299854
3.63954207
-3.15165286
0.27252275
-5.97235411
4.97758284
-7.90978747
-4.94539061
7.41503196
-10.67676066
6.20291367
1.14127710
5.89077337
-6.41941513
9.89850745
7.56119697
-0.30759701
8.21579759
-9.62279221
6.32610764
1.09374130
-2.23183280
11.95904409
-7.27794132
2.86526068
7.50508326
-6.23350035
-4.20373931
2.48882946
-0.84939246
-8.54332180
2.38208567
-7.20137267
10.31203073
-2.59811726
8.31714196
1.41211543
8.82128877
-2.26590376
-11.23237800
-9.71671840
-1.94580685
7.37886022
6.87904224
3.23960483
-3.83904526
-2.77622639
1.52849398
1.14511810
-9.33610424
-1.16053383
-5.65865788
8.66742297
5.96472834
-6.85010314
-7.33957503
2.83941256
-3.96179585
-3.64740241
-0.65455954
-6.12023576
4.53942375
10.86052774
-3.42276646
0.37543703
-4.21957472
1.18690182
-10.24287018
4.81312091
-2.32561006
3.70742965
4.57286240
-8.89213753
6.75750538
-2.81434493
-6.08765515
-0.89225055
-2.23206227
-9.67714570
0.31201465
-2.13847884
-6.76242761
-1.78489307
1.06908808
-9.04769266
0.67097093
0.02152884
-1.09943088
9.95165907
-2.02744358
-1.35409045
8.13535237
-7.27265942
3.18168471
-10.67039412
-11.52902147
9.52462035
11.66963109
4.33641580
4.05444197
9.46366197
7.00116254
-4.98178556
-6.19537158
7.94522668
7.63407545
4.74153061
2.97677570
2.51495089
-5.38530772
2.96921281
-4.27849159
2.33286719
-1.30250211
-8.09877070
-7.44693283
6.28961519
3.63170145
-6.60109814
-7.60247418
-3.87552634
-3.72158667
5.79322285
8.56130749
-9.64639560
-10.12044689
5.62675958
5.27920871
3.48239966
0.99711466
3.54748339
4.70201514
-4.48321483
-5.79594950
9.74994893
9.80655187
6.68387121
7.12077660
-1.70014100
-1.69355794
8.59515547
6.95058921
-9.37313982
-8.35539697
8.46810391
5.70437077
-0.04818794
-0.97487712
2.16603703
-3.48222244
11.90071704
10.94893829
-8.40680136
-6.21588944
1.49633075
4.03596498
8.65667344
7.60951094
-4.67486157
-5.38128141
-6.35240691
-4.50763367
3.68144724
2.61034698
1.46613813
-0.58725692
-7.92431668
-9.21469023
1.27788870
-5.16310378
3.48329268
-6.23454014
11.45914302
9.15732798
-1.82594949
-1.48358847
9.46450820
9.10746378
0.23541938
0.33259188
10.83732380
9.84849857
-1.24399930
-3.11025976
-8.96589329
-10.98502523
-11.38318396
-10.84365062
-0.84911162
-3.03791131
6.53678352
7.99186755
4.58227110
5.50048724
5.98007559
3.99081329
-5.33911917
-5.03143797
-3.49014214
-2.41836511
1.19429621
0.46405816
1.91143544
1.69004197
-7.94203387
-8.39197283
0.52577742
-0.31854922
-3.85181931
-4.60039529
6.00945990
7.84401453
4.93547085
5.80474798
-5.82413001
-6.54217513
-7.72234934
-6.61782408
3.00694011
3.84689259
-4.78534725
-3.05544514
-1.87857321
0.35804771
-3.63989017
-0.14789418
-4.26982267
-5.01282142
5.03338967
3.60571311
9.57376457
10.90294321
-1.46590866
-3.27005911
1.48315422
0.83600645
-4.15079204
-4.04847635
1.37602043
2.20639300
-11.72265996
-9.36121304
6.44969541
5.06459695
-3.05889049
-2.77927009
3.23922613
4.10918876
3.41250233
5.56048605
-6.92424347
-7.91526817
6.64732708
7.52699466
-2.16456600
-2.23175591
-8.09766311
-7.04346600
-0.95116184
-1.83332898
-3.81007429
-2.60516945
-10.66380956
-10.61705290
-0.96304604
0.42080057
