-3.38138916
-5.02696370
11.34001641
2.33259766
-11.46504123
9.85518896
0.16687725
7.52255807
8.83382683
5.56709874
2.32585842
-3.22880351
6.78286801
2.56126251
4.85706085
-6.94904574
-4.55489697
-2.86720803
5.28527574
-1.66143869
0.18765496
-7.64265247
-6.36703685
0.11560331
-0.04894883
1.12945992
-5.25381997
9.97616093
4.56232635
-1.25174224
-3.36264440
2.19104492
2.71534881
12.50961046
-9.47131354
5.91200874
-5.70944383
-0.25740086
-11.59485422
-7.59247105
0.16798885
-4.07592554
-0.51289718
4.61563883
-8.25280679
6.18775593
9.08612481
4.88236439
2.18057195
-3.40725979
-5.62429496
-0.63364054
-4.43093490
-0.62666697
-2.63140716
-7.18421395
10.92635798
-9.28115952
-2.25452722
6.12158705
-5.01325537
5.51151815
-7.66738871
2.74260273
-0.51561270
0.85054580
1.92538572
-8.65029270
2.86882381
9.11389914
0.27066360
-5.84185287
-12.40424789
0.44423905
7.83933519
-10.43038724
8.52162814
-2.67909280
-10.26354430
-6.14569385
-1.83627286
-3.11428221
6.02072296
10.24166896
4.18945023
-3.83217295
7.19734023
1.83133659
4.69747278
-9.14603853
1.17702356
0.85514587
-9.55174925
5.67996486
-3.07266965
4.94064566
10.66542302
4.34928236
-12.19513955
-5.57017998
-10.29943244
10.82809421
3.08354548
7.37000704
-5.20680646
7.01333210
3.45195070
3.70887427
-3.44733606
0.26496094
-6.12675569
5.20714461
-8.19135857
-5.13181783
7.67215789
-10.91896577
6.49290084
1.17133073
6.25050393
-6.86872531
10.28103850
7.80128497
-0.47909979
8.43077665
-9.98146580
6.51902850
1.12337637
-2.28218336
12.47061876
-7.51203322
2.88268354
7.73264931
-6.39702177
-4.31911716
2.63044916
-0.71878984
-8.71581933
2.49000423
-7.46409073
10.71516682
-2.77057573
8.56506109
1.65624492
9.19551044
-2.29116605
-11.59267030
-10.14476381
-2.44541318
7.66471879
7.09160387
3.43270464
-3.97937410
-2.76358657
1.44157445
1.24451686
-9.59651124
-0.89641891
-5.88945742
8.77759302
6.16661487
-7.06725908
-7.52259016
3.02061532
-3.89047268
-3.93214861
-0.73025886
-6.38605031
4.66558394
11.20615302
-3.57277207
0.12553454
-4.34479645
1.25065306
-10.44785525
5.06970784
-2.14022849
3.72727101
4.91360848
-9.19668191
6.83121205
-2.92020664
-6.45145046
-0.72985721
-2.20058147
-9.86028466
0.19305471
-1.65761875
-6.44761847
-1.59311989
0.52682109
-9.25198822
0.26595047
0.38482943
-0.53647319
10.88231346
-2.22595745
-1.76484614
8.25116137
-7.63953786
2.99829508
-10.50773700
-11.58669639
9.49344878
11.85191488
4.07277881
4.12300962
9.64931959
7.19227692
-5.30171556
-6.48310004
8.28323069
7.93553579
4.87162569
2.94444246
2.51400051
-5.66189024
3.14811527
-4.59891473
2.27677382
-1.41024935
-8.34347474
-7.76859876
6.46763535
3.76881375
-6.84725951
-7.91874138
-4.10244125
-3.63856020
5.89380922
8.83024166
-9.89030324
-10.39518818
5.79066879
5.45182920
3.72755008
1.20328480
3.66474447
4.99424602
-4.72543196
-6.02350377
10.05033486
10.16816991
6.81995783
7.31420033
-1.61358779
-1.78298130
8.94749778
7.15219197
-9.47270546
-8.55941809
8.72619097
5.86055119
-0.07908788
-0.93976374
2.28154997
-3.48645490
12.27955678
11.40740482
-8.71063519
-6.38155024
1.59208036
4.18125819
8.97261605
7.89363617
-4.79235549
-5.36568603
-6.63934577
-4.67418365
3.95371914
2.70643849
1.54601931
-0.81590229
-8.19802040
-9.55659153
1.39160471
-5.30039806
3.76534846
-6.36229254
11.85234099
9.51130666
-1.81505399
-1.58605368
9.93695239
9.39429478
0.45906245
0.36324973
11.37107551
10.23744979
-1.30562500
-3.12569505
-9.43710785
-11.34045787
-11.70248752
-11.32113478
-1.45332850
-3.41119950
6.75169095
8.19927983
4.67904929
5.79872597
6.10384940
4.21615878
-5.20685831
-5.26600295
-3.62461450
-2.53995847
1.28145764
0.32886164
1.98657162
1.90916879
-8.13302960
-8.60979179
0.56313911
-0.20023809
-3.99679102
-4.80442228
6.14611678
8.00803989
5.20883011
5.89266428
-5.93611560
-6.65529470
-7.95237509
-6.84194368
3.22713040
4.03825092
-4.69290820
-2.81165762
-1.89387860
0.52774407
-3.75921880
-0.08542476
-4.48386288
-5.32408660
5.26680103
3.65364135
9.83157072
11.20607095
-1.61568854
-3.57884091
1.49102580
0.72194214
-4.19752271
-4.27437170
1.57619442
2.27085982
-12.30246022
-9.64318637
6.74210875
5.34384053
-3.15119689
-2.89614768
3.30045787
4.16020712
3.52100335
5.90099187
-7.16486331
-8.19282852
6.93950667
7.72046093
-2.44031523
-2.44657386
-8.42074391
-7.41485982
-0.90154762
-1.69015211
-4.14021144
-3.17359621
-10.93239416
-10.83495637
-1.06039825
0.46586318
-2.65387438
-2.68644731
-8.58764770
-7.30363796
-0.63532548
-2.23483275
1.90254367
1.50218063
-11.18972822
-9.61996977
-1.30901818
0.95692461
0.19563399
-0.61361086
-1.20101623
-1.47521349
11.57141433
9.88910547
-2.25977485
-2.07254218
-0.56603946
-0.79199054
8.82027870
8.40154859
-6.06039000
4.45342250
-7.05782309
3.50027251
-12.37417445
-10.61754155
-11.50995825
-12.63614255
9.70697678
11.11401632
10.29083901
12.54904614
3.63992386
2.86357713
4.40407807
4.46337752
