-2.32663926
-10.14205941
-2.81285750
-9.63327725
-2.78256623
-8.63625302
-11.68358333
-8.70230111
-6.88326013
-0.90625994
-8.41999090
-11.39435104
-1.49376047
-2.61273725
-11.12924171
-8.05409142
-7.41510675
-10.09549678
-9.92005907
-1.78951079
-8.30399080
-6.06857073
-1.85923143
-7.15950953
-9.40915749
-4.61036492
-3.51750238
-0.09847043
-0.98863973
-4.81764903
-13.02402556
-12.28695888
-7.24238446
-2.12897423
-8.18526223
-5.54297672
-7.87695225
-3.02382749
-4.57588276
-4.86291002
-0.00913533
-5.11205911
-12.48921487
-3.12324621
-1.17722978
-4.49300604
-4.32465990
-7.56708404
-5.05408724
-3.42177621
9.75483832
9.48637860
3.21253428
-0.97257845
4.92980064
7.85712961
1.66327966
4.89073767
9.75023092
11.80286176
-1.08726251
4.79546660
3.47845002
9.47409526
12.61433483
0.84088899
0.69718866
7.68699809
5.55425497
5.37871314
5.05850142
8.14190977
3.74086492
9.89102077
4.20888828
2.26773818
1.40302041
8.71588570
-0.57630866
11.79198547
2.54417981
2.85781433
6.97533309
8.46198169
2.83658284
5.37760986
3.16922060
11.14775119
3.64282831
1.27481637
2.91525012
6.18932294
9.08494581
1.65726667
12.57815798
11.56621529
5.32339964
9.74449993
-0.19068990
3.51677858
1.19157880
0.50146847
4.65768660
0.37282779
-5.52357675
-2.37865734
0.28387352
-11.95985151
6.73706766
4.04180939
0.16172869
6.08676283
8.85222802
1.01594825
-10.28577333
6.82522704
9.22350577
-8.96512811
-6.66984703
-10.27825419
-3.66459150
5.38475395
10.79417552
9.94768848
-4.51955220
-9.64507447
-3.19239481
3.78083673
-3.53138796
-3.57401704
12.50986342
-6.09064698
1.46172958
10.17832921
6.81102854
8.24714720
-5.53936547
-1.28606334
-2.23912080
3.22403438
1.61211238
6.52450269
8.84163231
-2.98191107
-3.94019163
1.95349329
4.18436475
-6.35942851
8.84953727
-11.46102427
-3.44149522
11.38481049
-8.91970660
-10.23619216
5.09509525
6.48509699
0.22729357
-10.98469127
-0.27157599
2.28487750
4.73787939
5.71603547
-5.78946308
-0.90529254
-10.53380737
2.11536871
5.62527351
7.26440773
-6.72162354
9.32071114
11.81488790
-2.96566318
-0.20027392
-2.51823113
-5.06277391
11.96819593
-10.72396119
-1.97929113
-9.24849979
-7.70854390
-0.35978617
-6.58936901
-11.01616871
-5.23290516
-5.70419977
13.78026659
7.75193543
2.66793941
5.99335207
-6.07729725
-0.53268582
-13.12145994
-2.14888120
-6.24381986
4.37832055
-12.43970899
-8.47460573
2.38323324
-0.20682747
11.34721744
-1.50355641
0.83054685
-1.30562075
0.51386391
2.16575003
4.18006983
2.32656178
1.99656649
-6.53669114
-5.58239627
-2.57277369
-3.59185420
-0.09355596
1.45721588
-10.90306077
6.69386753
-13.27737818
7.49262192
2.64931120
4.85268363
2.53713350
0.98304445
5.74273202
6.16418090
9.22078961
10.22433818
1.86817621
0.60951323
-12.12474705
-9.55407279
7.73746195
5.50451130
10.46707522
8.17527512
-6.72054335
-7.57638663
-8.07360032
-6.17428272
-8.81059666
-9.25358600
-6.33548011
-5.01266352
4.43773447
6.77008100
13.07401199
10.79883238
8.74354515
10.41584025
-1.69689953
-2.77170564
-8.19128005
-8.44167316
-5.09439539
3.51423580
-3.82168836
4.17858052
-0.56947905
-4.41629272
-4.12377524
-4.33205008
12.42910695
12.44389588
-5.54069596
-4.69054241
4.47376610
2.31136587
10.59361895
8.83797462
8.57419499
8.15706320
7.54682230
6.90172927
-7.94907048
-6.85914801
-1.94978207
-2.28885849
-2.20634173
-3.01048337
2.49393110
3.39387655
-0.51979640
1.22719113
6.35412807
7.49148906
8.69627373
7.43176134
-1.54926658
-2.20846908
-2.91659902
-4.51124888
3.15627372
3.27126251
5.78536448
4.54371472
-7.08934594
-6.98418034
7.97100815
7.71885985
-8.80941332
-3.05350922
-10.83674675
-4.24359637
12.27360841
10.99674048
-8.19225855
-7.74364861
-11.39088045
-10.49580471
6.11424475
4.15201185
4.77258159
5.84482019
-1.10067732
1.08705836
-12.15362346
-11.39060980
0.14348430
-0.59242364
2.72247471
3.41145184
4.59944508
3.65038113
6.77957151
6.64608035
-4.58022499
-5.41548740
-0.12672064
-1.43332147
-9.52881256
1.86591045
-9.44307890
2.84345260
6.21374465
5.47795910
9.35802130
7.39359619
-7.53528503
-5.64556496
8.91523538
8.22022407
10.00718469
10.91674793
-4.06308616
-1.92465489
1.77926440
-0.18150961
-2.35653391
-3.34824555
-3.60777170
-3.98447581
10.29976003
11.30858361
-9.24004976
-9.82048311
-1.14271361
-1.82804370
-9.10693056
-9.11289250
-5.27066766
-7.29506160
-2.72823196
0.48665829
-6.69154945
-7.10164857
-9.97420596
-10.60962240
-6.13054334
-5.69303498
-3.70741663
-5.88373050
11.76414512
12.83873063
5.87714758
7.70133346
3.77764162
2.16235263
5.84714751
6.84646935
-6.56119037
-5.74000422
-0.55792325
0.29625882
-11.82338923
-12.44614787
-3.94805123
-2.07710294
-3.96448007
-5.76470590
5.78315672
4.49650236
-11.42961416
-13.42887202
-7.97933064
-8.96917469
4.29158746
3.37255108
-0.97924293
10.80343849
-1.05511814
10.43333828
-1.16629792
0.30798089
-1.74983962
0.77078142
1.00952640
-0.46310734
-1.07409252
1.30381808
3.36964972
3.84659341
1.54976167
5.12416855
0.81785552
0.38389790
1.80925937
1.29272603
-8.12992147
-4.67483978
-7.01348427
-6.00760552
-0.47256771
-2.21243706
-1.53416886
-3.22399648
1.18141278
-0.16432060
0.53478742
1.23382730
