-2.40925213
-10.23000340
-2.79738113
-9.60762520
-2.75793892
-8.78719443
-11.87189122
-8.84585821
-6.95576583
-0.83118191
-8.41476305
-11.53502005
-1.54851219
-2.76737356
-11.22826034
-8.23512600
-7.58547507
-10.13573995
-10.03333370
-1.89786024
-8.37237161
-6.15803426
-1.89524615
-7.23714177
-9.54078149
-4.82560742
-3.59940818
-0.01297856
-0.95670066
-4.86476547
-13.14835491
-13.10462423
-7.27610521
-2.15098717
-8.32169289
-5.60606090
-8.03340852
-3.11793797
-4.60645855
-4.92443368
-0.02886950
-5.21828194
-12.69668681
-3.16409659
-1.26627155
-4.51816652
-4.31519194
-7.73025891
-5.27072515
-3.51428140
9.93805267
9.65050623
3.23366226
-1.05893493
4.96272792
7.87213581
1.69143719
4.98972904
9.92026703
11.97280380
-1.11682842
4.77041532
3.69807839
9.54606694
12.82096339
0.76554030
0.71195713
7.77454648
5.59677295
5.44585730
5.11384286
8.50470309
3.68364363
10.03929317
4.32694596
2.23861097
1.41243825
8.90733987
-0.59967672
12.01985672
2.54661323
2.87285949
7.10856077
8.56227111
2.68818516
5.35131260
3.28031382
11.25157836
3.61509404
0.85489266
3.45571792
6.26604060
9.22136288
1.53624388
12.75818585
11.62263920
5.35195703
9.81312822
-0.14425497
3.54144578
1.17962542
0.53639146
4.98575599
0.34236626
-5.69140844
-2.53499366
0.12824272
-12.31323016
7.39862453
4.12085761
-0.20686190
6.13358687
8.93007598
1.08364960
-10.48603913
6.90281732
9.38147434
-9.02799844
-6.75610504
-10.46784640
-3.73292831
5.50944742
10.96961566
10.08290390
-4.61981295
-9.83045969
-3.20246468
3.88182435
-3.52647424
-3.64842785
12.75269768
-6.19809865
1.43066464
10.50019080
6.86604183
8.34100653
-5.57313422
-1.43265790
-2.28351778
3.22183735
1.60047730
6.59783719
8.96783821
-2.99534643
-3.97663930
1.97257972
4.20161391
-6.47849560
8.98622644
-11.65629353
-3.54994666
11.75669824
-8.96345459
-10.31753260
5.22325505
6.61475982
0.19216052
-11.09049322
-0.35336177
2.35199225
4.71601914
5.82306271
-5.98349772
-0.93978822
-10.60798834
2.19281753
5.65277935
7.33270447
-6.84385284
9.55797457
12.01740494
-3.03218472
-0.25636941
-2.52660282
-5.16510918
12.17158713
-11.00212203
-2.03323951
-9.31991730
-7.90890745
-0.36891977
-6.58908891
-11.15354152
-5.35190537
-5.82311059
13.95786834
7.80578790
2.60629884
6.16515461
-6.12981256
-0.50220945
-13.28324216
-2.22023223
-6.31507597
4.39393537
-12.54616102
-8.50751947
2.45401104
-0.22540638
11.59659701
-1.49996386
0.88006609
-1.37487909
0.54845555
2.34920379
4.26262676
2.29253171
2.14253405
-6.71211014
-5.56149441
-2.54293707
-3.53338277
0.01662162
1.63264355
-11.32693698
7.37218387
-13.26417888
8.03553398
2.47044676
4.67540917
2.15089948
0.66548445
5.82508401
6.12480997
9.30441904
10.30921068
1.90430750
0.65890735
-12.29993347
-9.68776029
7.89263445
5.57504760
10.62266869
8.34237651
-6.84671830
-7.53726817
-8.17906837
-6.32950231
-8.87060626
-9.30567694
-6.42541751
-5.09060600
4.55951958
6.87891839
13.29812380
10.97544067
8.85985715
10.56582072
-1.68950027
-2.82565135
-8.31322310
-8.68189925
-5.14875988
3.51058079
-4.00132411
4.20163519
-0.48342820
-4.50563067
-4.21234189
-4.39255955
12.51125678
12.46466105
-5.60205597
-4.63159661
4.52304614
2.33517125
10.82501193
9.21980286
8.57749203
8.21319831
7.65367189
6.98531507
-7.94517183
-6.98203677
-1.90427910
-2.34404556
-2.27203925
-3.06490906
2.54713317
3.37074711
-0.64416396
1.27192830
6.43478173
7.57917273
8.85548477
7.53757754
-1.50048150
-2.12030425
-3.07660555
-4.65372969
3.11273694
3.31197840
5.86719579
4.58432255
-7.14429551
-7.07731824
8.08447755
7.82386280
-8.99934417
-3.07447778
-11.02524791
-4.39393712
12.35282203
11.17441557
-8.28269510
-7.75106301
-11.51650668
-10.65797874
6.32737902
4.46479776
4.84838348
5.95217418
-1.16372059
1.03314725
-12.34824205
-11.49566239
0.33505802
-0.62188280
2.55369071
3.50398066
4.61780715
3.68350892
6.86919297
6.71865667
-4.73009014
-5.56503881
-0.13449872
-1.44977238
-9.58498835
1.89600960
-9.49112194
2.98518758
6.04944295
5.57292952
9.54165064
7.40754044
-7.65760315
-5.74408928
9.00795778
8.47107043
10.14006357
11.08370624
-4.17287603
-1.97318725
1.65195096
-0.33130069
-2.37454850
-3.44002742
-3.60890206
-4.06150770
10.53462780
11.57649363
-9.34080347
-10.01561384
-1.08712086
-1.88388630
-9.26307338
-9.08120254
-5.25342742
-7.42561215
-2.83234203
0.46470337
-6.73525098
-7.20095457
-10.12445789
-10.69401891
-6.30145775
-5.84262132
-3.68845190
-5.91023028
11.95649616
13.06942769
5.98727762
7.85869398
4.03472609
2.17437444
5.79687592
6.97563275
-6.57832533
-5.94082985
-0.63609244
0.31325132
-12.00058987
-12.58571038
-4.01396707
-2.14445635
-4.07390326
-5.83937134
5.81310711
4.48886812
-11.52604377
-13.53455120
-8.08815452
-9.06272985
4.33774430
3.43570459
-0.94166392
10.85039153
-1.12283392
10.62654912
-1.10204386
0.26157898
-1.72828447
0.77023323
1.14112238
-0.41219731
-0.97494115
1.36870231
3.35099885
4.07742883
1.75160088
5.16226584
0.74147779
0.40493853
1.73291278
1.34641731
-8.21762552
-4.78799492
-7.16872217
-6.13401318
-0.53291797
-2.05694832
-1.53262730
-3.05351469
1.37444564
-0.11057357
0.76352255
1.08742490
-12.32725176
7.78445382
-12.34716636
6.45940589
-10.49549085
6.53156022
-13.45169136
7.10799375
2.60403079
4.14640420
3.13666387
5.17386377
1.75857495
0.11602609
3.05943181
1.23916921
