-2.35992773
-10.18729660
-2.79780961
-9.54250832
-2.75775505
-8.72908500
-11.76126238
-8.77701555
-6.91593338
-0.85946662
-8.36784358
-11.46445730
-1.55244819
-2.70715532
-11.12637150
-8.14445540
-7.51256989
-10.11865511
-9.94431512
-1.84002153
-8.34732001
-6.11419133
-1.88198915
-7.21022916
-9.46470522
-4.70296756
-3.56377693
-0.04923070
-0.98318174
-4.86107853
-13.08027656
-13.01559584
-7.20295845
-2.12956639
-8.24748019
-5.57962320
-7.96520228
-3.05459794
-4.59210906
-4.89592179
-0.00584629
-5.15756560
-12.59836910
-3.13854027
-1.17782978
-4.51046732
-4.32200711
-7.64408333
-5.17345444
-3.46461691
9.86312859
9.58389521
3.21709418
-0.99408850
4.95974847
7.82646391
1.67537473
4.90947999
9.84354384
11.89298644
-1.09695965
4.78525937
3.54561933
9.51177796
12.72064018
0.84094551
0.71346345
7.71894567
5.59736676
5.41027321
5.09091756
8.40863442
3.68090243
9.98738882
4.27239444
2.25065559
1.41801903
8.80849013
-0.58073381
11.92150282
2.57903243
2.83139458
7.06829849
8.51727115
2.78713280
5.26108029
3.25399995
11.20121033
3.64588010
1.31013198
2.91624024
6.23358056
9.16672083
1.54959806
12.62563819
11.59922042
5.32628374
9.77966994
-0.16967357
3.52484287
1.19176113
0.52265912
4.74472001
0.32158246
-5.61602788
-2.51762146
0.14618927
-12.22207181
7.28475536
4.08536831
0.14078404
6.09646922
8.89939965
1.02076455
-10.40360484
6.85836896
9.31661426
-8.98565808
-6.73750473
-10.37410824
-3.72815678
5.45677595
10.89047991
10.02458823
-4.56431850
-9.73340313
-3.18228436
3.82060218
-3.51370092
-3.61157798
12.64020651
-6.15576360
1.44012003
10.38633038
6.84583269
8.32406067
-5.55390366
-1.37357433
-2.26630630
3.22430257
1.62138056
6.56326390
8.90616620
-3.01113366
-3.97111631
1.96435057
4.19081515
-6.44009172
8.92925993
-11.56860487
-3.51483253
11.62330676
-8.91328052
-10.26540906
5.15036717
6.56854602
0.22136131
-11.03544588
-0.31601312
2.32661457
4.70238606
5.74528199
-5.89710611
-0.93514805
-10.56352070
2.11334280
5.59641343
7.30633484
-6.80039321
9.45369760
11.92473484
-2.99378482
-0.21659522
-2.50709199
-5.11468796
12.07221964
-10.86819831
-2.03857409
-9.27374101
-7.82397400
-0.35681474
-6.54729497
-11.08034352
-5.31065004
-5.76140645
13.88108492
7.79624301
2.65407177
6.06721008
-6.12835187
-0.51428767
-13.23163116
-2.19080766
-6.28407685
4.38741102
-12.48379804
-8.46780457
2.41321079
-0.20461829
11.48081523
-1.50341518
0.85132328
-1.34097467
0.53626278
2.31003164
4.18457850
2.31314831
2.11801155
-6.63325980
-5.52880713
-2.56648303
-3.55682868
-0.01651012
1.55116478
-11.28803276
7.27963821
-13.22997078
7.94901067
2.77589103
4.91209650
2.57441838
0.99426960
5.78594253
6.11213524
9.27404846
10.28146568
1.89419537
0.64616234
-12.18864237
-9.62682884
7.83225124
5.52893979
10.54886553
8.25313541
-6.78074670
-7.54940388
-8.12138140
-6.24170647
-8.83446913
-9.27029500
-6.39421037
-5.07251218
4.53625359
6.84762540
13.19081861
10.89194264
8.81566535
10.49804823
-1.68605858
-2.80860125
-8.26148057
-8.57264179
-5.12774057
3.57397910
-3.91635627
4.17967935
-0.51007853
-4.49240330
-4.17148446
-4.37219624
12.47174601
12.45812555
-5.57921125
-4.64095339
4.50535619
2.31279997
10.72611675
9.13024451
8.56769807
8.18693989
7.59996413
6.95895215
-7.91513275
-6.91062078
-1.89968723
-2.30726169
-2.23258574
-3.04157302
2.52154373
3.37907328
-0.57306038
1.22856300
6.39070967
7.53698728
8.77936163
7.50659965
-1.51264640
-2.15469824
-2.97745337
-4.58404241
3.15229709
3.29954129
5.82162796
4.56102196
-7.09769664
-7.01887233
8.03292101
7.78203138
-8.89919449
-3.05115337
-10.92535737
-4.35754844
12.28325251
11.10378934
-8.22442854
-7.71155294
-11.45208422
-10.56445650
6.21922122
4.12826019
4.80553980
5.89430030
-1.13648720
1.04739829
-12.25351397
-11.44917030
0.29087749
-0.61648977
2.59862832
3.50315975
4.59105694
3.62290104
6.82240139
6.64450706
-4.67769863
-5.51570877
-0.12507156
-1.42801255
-9.54210253
1.89370598
-9.45787807
2.87040357
6.00906138
5.50783265
9.46395925
7.39212456
-7.61296269
-5.71969526
8.97287012
8.35582415
10.07510016
11.01093115
-4.11647305
-1.95716721
1.74733875
-0.27914675
-2.36454165
-3.40039775
-3.59004434
-4.02300279
10.42496078
11.45168683
-9.27387498
-9.90675513
-1.07751809
-1.87639353
-9.18376334
-9.10486115
-5.24277424
-7.37027135
-2.78690865
0.47361456
-6.71515347
-7.14517003
-10.06279833
-10.63141836
-6.19817839
-5.78269881
-3.69878889
-5.89977683
11.86451108
12.96399237
5.95016733
7.80453883
3.78915129
2.16024057
5.87136244
6.91873273
-6.55166825
-5.81435245
-0.60297483
0.30409669
-11.93602172
-12.51043154
-3.96641143
-2.11070351
-4.02750691
-5.81553060
5.78964852
4.49654305
-11.46569227
-13.47289087
-8.05821895
-9.01355686
4.30911531
3.40083135
-1.00906192
10.82764406
-1.06125073
10.54074833
-1.13761543
0.28261583
-1.73583271
0.76789983
1.09942561
-0.43811284
-1.02292805
1.33386269
3.35801466
3.92535054
1.71612998
5.12903282
0.77899973
0.41081409
1.75492282
1.32157646
-8.16887967
-4.73197941
-7.10118941
-6.07717752
-0.53176074
-2.13299159
-1.55142907
-3.12784391
1.34226697
-0.10515316
0.73337753
1.10215321
-12.28583962
7.70142190
-12.34080598
6.34674137
-10.44503701
6.45940992
-13.44507409
7.06454219
