-2.34972053
-10.17488475
-2.80085133
-9.51659675
-2.76405266
-8.70418144
-11.72642297
-8.75365151
-6.90647575
-0.87427528
-8.35533092
-11.44315354
-1.53718496
-2.69433530
-11.06841045
-8.11181025
-7.47894897
-10.11207968
-9.90225024
-1.82125327
-8.32817134
-6.09870538
-1.87455135
-7.19563674
-9.43913424
-4.66989553
-3.55204472
-0.06028199
-1.00035096
-4.85385333
-13.06343727
-12.97778524
-7.18145872
-2.12712803
-8.22544910
-5.57212772
-7.93683759
-3.04702954
-4.58621663
-4.88354394
-0.00087895
-5.14366476
-12.56530624
-3.13858204
-1.17738687
-4.50891868
-4.33280632
-7.61470374
-5.14545252
-3.45019264
9.82907859
9.55460879
3.21752470
-0.98666892
4.94866934
7.81834694
1.67273510
4.89752019
9.81893467
11.86121556
-1.09256201
4.79987704
3.52230794
9.50202732
12.68357028
0.84869542
0.70898420
7.69720417
5.59993558
5.39913162
5.07656404
8.39087435
3.69670822
9.95859551
4.26086263
2.25756720
1.41449009
8.77310152
-0.58053745
11.88366283
2.56789193
2.82534413
7.05071167
8.50049965
2.80747748
5.23554711
3.24476370
11.18454903
3.66395019
1.29759322
2.90511864
6.21773110
9.14309924
1.60636371
12.59349965
11.58904393
5.31962313
9.76990787
-0.17784256
3.51805005
1.19248055
0.51601252
4.71839595
0.33328010
-5.59150661
-2.50446720
0.17467494
-12.16488716
7.23876663
4.07704209
0.14928862
6.09313305
8.90442983
1.01886414
-10.36962668
6.83945990
9.28884933
-8.97494829
-6.72774062
-10.34174302
-3.72638125
5.44552355
10.86191496
10.00064912
-4.54650165
-9.70393268
-3.18994110
3.81207630
-3.51230796
-3.60014689
12.59635822
-6.13986249
1.44478955
10.33394354
6.83367707
8.30485010
-5.54694271
-1.34926195
-2.25934687
3.22469168
1.62412894
6.55225800
8.88401827
-3.01627320
-3.96742936
1.96315856
4.18718732
-6.41703342
8.90734277
-11.53988075
-3.49917564
11.56175019
-8.91221213
-10.25082843
5.13611450
6.54290331
0.22543308
-11.01906057
-0.29923859
2.28890043
4.69630201
5.73888407
-5.86826839
-0.92773903
-10.55557605
2.11128025
5.57945315
7.30247802
-6.78054987
9.41350363
11.88784861
-2.98269741
-0.20109963
-2.51031540
-5.09970551
12.03609537
-10.82007602
-2.03406498
-9.26275548
-7.79128591
-0.35529266
-6.55788053
-11.04397345
-5.28776565
-5.74000096
13.84886666
7.77945091
2.65693196
6.04006115
-6.12304120
-0.51877516
-13.21801643
-2.17591234
-6.27354377
4.38492477
-12.46514411
-8.45982572
2.41457052
-0.20549204
11.43541872
-1.50379150
0.84502882
-1.32745738
0.53018412
2.30386128
4.18604960
2.31250015
2.09039626
-6.60028512
-5.53969383
-2.57408999
-3.56389554
-0.04894586
1.53142222
-11.27141773
7.22476772
-13.21353282
7.91031113
2.74759771
4.88693871
2.56111483
0.99277522
5.76888411
6.12561070
9.27524777
10.28247508
1.88938204
0.64074086
-12.16311676
-9.60488674
7.81335823
5.52185963
10.51951542
8.22026194
-6.74902777
-7.55075893
-8.10216688
-6.21447684
-8.82760784
-9.26398574
-6.37958445
-5.05953466
4.52095452
6.82931881
13.14961194
10.85979552
8.79488935
10.46977121
-1.68802496
-2.79779307
-8.24318639
-8.53231611
-5.12343356
3.55250470
-3.89467672
4.17585176
-0.52671759
-4.48208455
-4.15655229
-4.36172323
12.45947652
12.45435534
-5.57085344
-4.64996677
4.49358254
2.31104119
10.68487120
9.09352133
8.57014243
8.18194681
7.58325228
6.93843630
-7.93170717
-6.89151345
-1.91800940
-2.30012542
-2.23022785
-3.02919015
2.51116665
3.38264834
-0.55731638
1.22451468
6.37692988
7.52244680
8.75331901
7.48824247
-1.52334431
-2.16883012
-2.95427820
-4.56050784
3.15571719
3.30004774
5.80665180
4.55304184
-7.08210793
-6.99888841
8.00923427
7.76278976
-8.85664607
-3.04563862
-10.89820432
-4.33467615
12.27402113
11.07348657
-8.20888349
-7.71748173
-11.43498629
-10.53403599
6.19955968
4.13130110
4.79451770
5.87806630
-1.12336348
1.04797794
-12.22137258
-11.43224088
0.27535496
-0.61621410
2.64466692
3.50121408
4.58085160
3.62395846
6.80117284
6.63811374
-4.66031585
-5.49185914
-0.12461317
-1.42549190
-9.52741392
1.89563116
-9.45409590
2.85877739
6.01054402
5.50096401
9.43085137
7.39244045
-7.59315445
-5.70630539
8.97081839
8.30946077
10.05317777
10.97995572
-4.09093610
-1.94374265
1.74496440
-0.26712596
-2.36294338
-3.38433617
-3.57725193
-4.01029976
10.39685309
11.40568570
-9.25552874
-9.87526042
-1.09249048
-1.87064541
-9.15723631
-9.10857721
-5.24330532
-7.34929329
-2.76537199
0.47778431
-6.70706461
-7.12868728
-10.03786521
-10.61282468
-6.16575814
-5.75703577
-3.70133303
-5.89504605
11.83199668
12.92320440
5.93692545
7.79635445
3.78486492
2.16060848
5.86166594
6.89431591
-6.55031172
-5.78288389
-0.58962220
0.30129960
-11.90199841
-12.48964285
-3.96527100
-2.10189550
-4.00502819
-5.80054430
5.78411201
4.49942218
-11.44918082
-13.45365497
-8.04498953
-8.99370170
4.30498264
3.39021810
-0.99837025
10.82143386
-1.05996802
10.50622661
-1.14852796
0.29141879
-1.74338890
0.76878190
1.06948394
-0.44830435
-1.03999111
1.32677195
3.34609886
3.89175806
1.67340689
5.11357674
0.79966692
0.40666555
1.77339801
1.32114093
-8.15486172
-4.71464125
-7.07658482
-6.05291930
-0.51587416
-2.16557322
-1.55941752
-3.16577076
1.32208064
-0.12419121
0.69108293
1.13563572
-12.26875391
7.69222188
-12.33320035
6.30779773
-10.42863932
6.44286405
-13.44395921
7.05913375
