-2.42040053
-10.26990226
-2.79861752
-9.65072853
-2.76844387
-8.82153971
-11.94324436
-8.88369634
-6.97825653
-0.79683957
-8.44708182
-11.59144168
-1.54157266
-2.78245760
-11.28134054
-8.27592838
-7.62131534
-10.18020230
-10.08141176
-1.91096585
-8.39737726
-6.17899875
-1.91704423
-7.25871042
-9.58895023
-4.90303719
-3.63754841
0.01577031
-0.95631277
-4.85655131
-13.21510749
-13.15967620
-7.33138325
-2.16593078
-8.36914177
-5.62444506
-8.07947913
-3.14496009
-4.60970921
-4.94395874
-0.03766164
-5.25575596
-12.75837856
-3.17479025
-1.23412926
-4.52256262
-4.30751582
-7.78338981
-5.32885368
-3.53718018
9.98393156
9.67169616
3.26266367
-1.06650182
4.98430033
7.93148598
1.69962986
5.02939942
9.96364562
12.02528036
-1.13446036
4.66069422
3.79137027
9.60873532
12.88140014
0.79007701
0.72671734
7.80757714
5.65834356
5.46523707
5.09886800
8.56354791
3.70355970
10.07012543
4.28655272
2.22881640
1.39669400
8.95809880
-0.60680265
12.08716275
2.56134610
2.87488142
7.16735059
8.62051406
2.66546925
5.39641652
3.29857736
11.30252318
3.54325673
0.86232418
3.46058299
6.25021013
9.25722816
1.52363617
12.84770360
11.65319330
5.38881411
9.85107448
-0.12559560
3.55551802
1.18752087
0.54297089
5.07344163
0.35158867
-5.73131742
-2.53294977
0.09862304
-12.35553499
7.44725437
4.07924046
-0.20615309
5.59551399
8.96358159
1.04831922
-10.53548427
6.93849799
9.45479319
-9.06257966
-6.76048659
-10.52596571
-3.73696883
5.51356686
10.99947745
10.17171175
-4.64305774
-9.88663985
-3.21342959
3.85747814
-3.54006747
-3.65417258
12.82111727
-6.23369101
1.44496136
10.58382388
6.93785214
8.35532970
-5.59426865
-1.44285473
-2.27943721
3.22432256
1.60756608
6.63962691
9.04013537
-2.98802012
-3.99719773
1.97560032
4.17663974
-6.49547317
9.05872404
-11.70940609
-3.57868826
11.83109213
-8.99816712
-10.34594635
5.24976507
6.64255899
0.19742350
-11.14116264
-0.38287581
2.35012089
4.74250192
5.85213899
-6.01320701
-0.93684444
-10.65469456
2.22918904
5.68923982
7.54814142
-6.87378047
9.60332952
12.05824623
-3.04678361
-0.24348968
-2.53097882
-5.18646326
12.23849807
-11.08537006
-2.03732520
-9.35775598
-7.95394061
-0.35243705
-6.62958501
-11.19876755
-5.36050587
-5.84849510
13.99441941
7.80833229
2.60419802
6.16130180
-6.13875877
-0.49864845
-13.32770713
-2.25189446
-6.34092499
4.39718588
-12.58705328
-8.53287620
2.41653731
-0.16503342
11.67066056
-1.51438388
0.90410246
-1.40168164
0.55539762
2.35174616
4.20913400
2.26794050
2.12999026
-6.76116959
-5.59244115
-2.52267619
-3.51685777
0.03674579
1.65937565
-11.34982037
7.42706420
-13.27728519
8.09819526
2.44005062
4.65641670
2.13403637
0.68839521
6.05572234
6.20132721
9.33113669
10.34375011
1.91716050
0.66788586
-12.36208141
-9.72310807
7.92585488
5.59552403
10.67698300
8.41639879
-6.88081398
-7.52934444
-8.20965554
-6.38387210
-8.90500542
-9.33579476
-6.44253295
-5.10061555
4.62611214
6.87292304
13.36930754
11.02676894
8.90787223
10.64055153
-1.68699275
-2.82779947
-8.34497996
-8.74928292
-5.17408417
3.50239728
-4.05348296
4.22056068
-0.47692724
-4.51719057
-4.22789296
-4.42450411
12.54705042
12.47089300
-5.61759477
-4.62686391
4.54694138
2.35643376
10.88569090
9.28252637
8.62235160
8.26666930
7.76253145
6.98511601
-7.98107017
-7.02583700
-1.91131973
-2.38226019
-2.28678747
-3.08479995
2.54932350
3.35075002
-0.63781225
1.27541235
6.50096764
7.65548208
8.85817727
7.54204232
-1.49889902
-2.09959359
-3.09437277
-4.69619977
3.07210334
3.32639770
5.88991921
4.60572735
-7.17145308
-7.09697501
8.16781177
7.87187918
-9.05726427
-3.06888276
-11.08716962
-4.41624291
12.40758538
11.21289921
-8.31271556
-7.77293701
-11.56895600
-10.72190871
6.40015502
4.51063123
4.87203767
5.99241567
-1.18136481
1.07275806
-12.41514182
-11.53838875
0.36576981
-0.62972242
2.49614005
3.46233429
4.63844936
3.69495172
6.90224677
6.75926013
-4.76465272
-5.59429739
-0.14446788
-1.45043082
-9.61576401
1.92793546
-9.53101926
3.03632543
6.08479620
5.59816631
9.58789340
7.37443871
-7.68295647
-5.76300958
9.04489459
8.52687629
10.21859462
11.11439510
-4.19345212
-1.97736121
1.66643054
-0.32277784
-2.37687207
-3.44907684
-3.60859443
-4.07655250
10.62833688
11.64045771
-9.38302684
-10.08826342
-1.10480083
-1.87298359
-9.31167940
-9.09920467
-5.26175295
-7.46741227
-2.85064265
0.47137176
-6.76339936
-7.23856781
-10.16498500
-10.73648748
-6.34866163
-5.89051854
-3.67681267
-5.91478556
12.00278545
13.11736981
5.97141895
7.88520336
4.02476778
2.13472447
5.70607293
6.98762818
-6.61647913
-6.03315767
-0.64103134
0.32305684
-12.03894701
-12.64828973
-4.04243073
-2.17212889
-4.08561666
-5.84504607
5.83583325
4.49045997
-11.56242273
-13.57527381
-8.11215618
-9.09321010
4.33911759
3.43226771
-0.94370688
10.89942482
-1.12339641
10.68985525
-1.08334308
0.25872180
-1.73125070
0.79877402
1.15149138
-0.39915921
-0.94490638
1.40184423
3.30417724
4.08560630
1.75113573
5.22359599
0.71743733
0.40016516
1.71298432
1.34788241
-8.24326112
-4.83348677
-7.22525578
-6.16134352
-0.52267079
-2.01745355
-1.51617558
-3.01769277
1.41626637
-0.11211697
0.75875761
1.04908477
-12.35312108
7.83214565
-12.34780849
6.51910455
-10.53091550
6.55634365
-13.45827010
7.14892513
2.68325827
4.13433459
3.20762619
5.16311599
1.73821650
0.02275020
3.09118469
1.25129504
4.49454066
6.63489806
5.79160956
6.13206406
