-2.42733100
-10.28911351
-2.80156957
-9.66960235
-2.77385390
-8.83837250
-11.97594914
-8.89960266
-6.99270553
-0.77626703
-8.46257805
-11.61987723
-1.53294105
-2.79821778
-11.30476812
-8.29376316
-7.63560594
-10.20195339
-10.10254656
-1.91687468
-8.41189108
-6.19068600
-1.91565159
-7.27020866
-9.61262247
-4.93950119
-3.65381812
0.03169244
-0.96162710
-4.85158521
-13.25037337
-13.18582007
-7.35714761
-2.17293536
-8.39147313
-5.63630932
-8.09929122
-3.15849894
-4.60909146
-4.95232914
-0.03950213
-5.27496246
-12.78762798
-3.18737143
-1.23276876
-4.52732955
-4.30885649
-7.80604590
-5.35728089
-3.54884884
10.00315038
9.68686932
3.27290905
-1.07091585
4.98894166
7.95450234
1.70221023
5.04226737
9.98185928
12.05106756
-1.13777582
4.66598632
3.82918166
9.62999133
12.91131142
0.79152142
0.72383448
7.82486607
5.66452114
5.47553031
5.10141866
8.59090439
3.71496319
10.08035897
4.30087735
2.23418303
1.39043045
8.97445252
-0.60889848
12.12264538
2.57207762
2.87875923
7.18022089
8.65640031
2.65374696
5.41159997
3.31345505
11.33155448
3.55609283
0.86228717
3.44778330
6.25135113
9.27176787
1.51895041
12.89413146
11.66991534
5.40200178
9.86924616
-0.11482787
3.56327820
1.19366974
0.54218827
5.10930052
0.36420144
-5.75213453
-2.52614377
0.07044643
-12.37318668
7.46694256
4.07290690
-0.19459795
5.59797234
8.98162772
1.04346577
-10.55926857
6.94918802
9.49284286
-9.08106841
-6.77025108
-10.55077265
-3.73995395
5.51504148
11.01167328
10.21609646
-4.65494885
-9.91369804
-3.21732982
3.85609590
-3.54964082
-3.65846765
12.84913289
-6.24745480
1.44540189
10.61592057
6.94236560
8.36318307
-5.60360099
-1.45907351
-2.28037837
3.22700244
1.60688823
6.65777443
9.06056097
-2.98458456
-4.00781196
1.97939293
4.16469413
-6.50159563
9.09707682
-11.73433565
-3.59846402
11.86463557
-9.01465456
-10.36681366
5.27948009
6.65647748
0.19823721
-11.16658189
-0.39650996
2.36349691
4.75401534
5.86583840
-6.02158107
-0.94005561
-10.67881158
2.23046644
5.70793330
7.56435947
-6.89026660
9.63276253
12.08312560
-3.05643229
-0.24319590
-2.53381364
-5.19160857
12.27472629
-11.12511080
-2.04661967
-9.38043429
-7.97524532
-0.34645767
-6.64512500
-11.22348542
-5.36167018
-5.86335129
14.01390202
7.82892729
2.60378340
6.15792071
-6.14402010
-0.49520728
-13.35024682
-2.26806369
-6.35334264
4.40363435
-12.60613125
-8.54492023
2.43022684
-0.16054713
11.70478728
-1.51712816
0.91591025
-1.41708791
0.55656314
2.36962177
4.25488642
2.25892174
2.13297007
-6.78264154
-5.60474789
-2.51781054
-3.51079392
0.04615769
1.65324528
-11.36001078
7.45285104
-13.28181094
8.12712521
2.44241950
4.65806001
2.14165550
0.68981695
6.04758267
6.26695103
9.34175422
10.36026191
1.92376134
0.67353845
-12.39052386
-9.73901713
7.94130899
5.60332731
10.69862231
8.42335628
-6.89821564
-7.53519939
-8.22236912
-6.40561124
-8.92276643
-9.35059348
-6.45017920
-5.10607770
4.63869565
6.89395540
13.40899771
11.04615401
8.94083097
10.67956398
-1.68536347
-2.82958287
-8.35800671
-8.78174035
-5.18598609
3.49422899
-4.08038439
4.22563211
-0.47549959
-4.52531775
-4.23492054
-4.43380593
12.56895930
12.47369209
-5.62158709
-4.62470458
4.56195655
2.36218619
10.91721805
9.31370083
8.62173412
8.26755747
7.75670628
7.00676216
-8.00080380
-7.04534598
-1.91565817
-2.39199320
-2.30204780
-3.09005230
2.54653991
3.35023003
-0.63962907
1.27659721
6.52005382
7.68027232
8.86788290
7.54610561
-1.50172417
-2.08833945
-3.10539942
-4.71675184
3.05276983
3.33678084
5.89813665
4.62466458
-7.18552626
-7.10485736
8.17520369
7.90103619
-9.08495961
-3.06056994
-11.11588762
-4.43116945
12.43522984
11.23353697
-8.32752850
-7.78371717
-11.59467259
-10.75095468
6.47072520
4.52339665
4.88099060
6.00707920
-1.18959087
1.07785136
-12.44905082
-11.56017118
0.38657934
-0.64255624
2.49516355
3.47358000
4.64789590
3.70039148
6.92517847
6.77984071
-4.78628342
-5.61282593
-0.14571450
-1.45131604
-9.63178180
1.90582192
-9.55029502
3.03707869
6.10546742
5.61628558
9.60827365
7.39033488
-7.69488082
-5.77470684
9.06148240
8.54957387
10.24515285
11.13356014
-4.20794491
-1.98445917
1.66566981
-0.33803268
-2.37706576
-3.45515956
-3.60478120
-4.07874957
10.66175390
11.68141702
-9.40306416
-10.12259237
-1.11917819
-1.86117320
-9.33270695
-9.12139920
-5.26649181
-7.48597598
-2.85975047
0.47404547
-6.77950681
-7.25501924
-10.18619616
-10.75750919
-6.37411422
-5.91347195
-3.67306859
-5.91651883
12.02223102
13.14181910
5.97882687
7.89623180
4.02745504
2.13257404
5.66400356
6.99107990
-6.63781754
-6.07644319
-0.64043263
0.33213984
-12.06103027
-12.67933057
-4.05614297
-2.18474935
-4.08936819
-5.84633412
5.84574585
4.48729039
-11.58094233
-13.59550019
-8.12578420
-9.11080206
4.34042496
3.44156353
-0.94195691
10.91659388
-1.11592427
10.70013674
-1.07521222
0.25922470
-1.73207102
0.81517489
1.15565680
-0.39786379
-0.93061940
1.41487363
3.31076662
4.09095698
1.75461995
5.28448846
0.70007172
0.39648930
1.70614001
1.35210380
-8.25190604
-4.85209750
-7.25296739
-6.17508765
-0.51386298
-2.00593544
-1.50936870
-3.00966248
1.43969007
-0.11947142
0.75742237
1.01811105
-12.36502320
7.85469121
-12.34772810
6.53710380
-10.54838602
6.57075854
-13.46159654
7.17132162
2.68458956
4.13727204
3.22415821
5.15223107
1.73371722
0.00877816
3.10746639
1.26124583
4.50607942
6.62758553
5.80824377
6.07003762
