-2.49312038
-10.39795715
-2.82219078
-9.79562668
-2.81246571
-8.91892134
-12.17818047
-9.01915479
-6.99356825
-0.69123306
-8.56212726
-11.80479103
-1.47022723
-2.89071782
-11.00466492
-8.41068616
-7.72519799
-10.37368551
-10.09357019
-2.00797749
-8.53090632
-6.26745210
-1.93279703
-7.36745619
-9.75885886
-5.12246507
-3.82830985
0.05974839
-0.99233058
-4.87465662
-13.46629618
-13.34819634
-7.46675447
-2.21610277
-8.52557360
-5.72355346
-8.19423101
-3.26381710
-4.62753785
-5.02983147
-0.09656096
-5.41930537
-12.95360692
-3.24798243
-1.33172256
-4.57326194
-4.29947570
-7.90178082
-5.51399665
-3.64754352
10.06346606
9.78047234
3.26636003
-1.11057327
5.07703929
8.14346576
1.74684683
5.09878440
10.13601209
12.16478632
-1.24651977
4.75601692
3.93145252
9.76349018
13.12507305
0.72692168
0.64987791
7.66795520
5.75852322
5.53835307
5.14948287
8.64029135
3.79416889
10.19952718
4.38352439
2.28117848
1.38253504
9.08422651
-0.63553357
12.44527113
2.60074056
3.37477209
7.22632302
8.79584659
2.65662246
5.65622022
3.38232340
11.50231990
3.63041555
0.86354234
3.49223494
6.30683102
9.33392219
1.58867548
13.18649838
11.81228689
5.44958770
9.98053186
-0.04657684
3.54409373
1.23573710
0.57385800
5.19208735
0.43682581
-5.90346539
-2.48655352
-0.06547622
-12.78028517
7.68644274
4.09372048
-0.20555925
5.66664584
9.16193526
0.91095582
-11.20138111
7.84522748
9.64540537
-9.17593118
-6.88171640
-10.71152876
-3.75203024
5.59098684
11.12493909
10.37976818
-4.71624327
-10.02337665
-3.28736121
3.89763103
-3.60849540
-3.70916690
12.97825478
-6.30453408
1.51699391
10.87556324
7.04586156
8.46234963
-5.68284479
-1.56170370
-2.30900950
3.24641180
1.63143491
6.72134328
9.17386005
-2.96317068
-4.10943306
2.01848712
3.93522053
-6.54581233
9.23802049
-11.84908633
-3.68902182
12.16690691
-9.16274948
-10.48614917
5.40757117
6.69352131
0.15981310
-11.32449722
-0.45857485
2.43905724
4.82329582
5.90581973
-6.10473999
-0.86248348
-10.83819531
2.21789518
5.77979193
7.66994047
-7.00458384
9.85279166
12.24725946
-3.13957652
-0.34968879
-2.56709265
-5.22701982
12.47270751
-11.35357904
-2.10509269
-9.52091014
-8.07589801
-0.37887986
-6.73007454
-11.38568182
-5.37875668
-5.94709357
14.14843525
8.06208661
2.66849724
6.19171604
-6.21510475
-0.47710191
-13.47970601
-2.35840852
-6.45865069
4.44425791
-12.73494625
-8.64288910
2.45756050
-0.15918239
11.87817886
-1.53586436
0.98894591
-1.49402142
0.54331605
2.43559591
4.36610487
2.23959089
2.13041674
-6.93562072
-5.68054923
-2.50496919
-3.48120752
0.12407520
1.63155035
-11.40015604
7.68098984
-13.27314501
8.05159484
2.42060929
4.63833984
2.13195312
0.59027399
6.09360737
6.47632447
10.06301797
11.13384755
2.35515681
0.19629535
-12.27047106
-10.45484837
7.80575294
6.01898843
10.82730164
8.51532422
-6.99447839
-7.60197250
-8.30501317
-6.49665704
-9.02402667
-9.43027189
-6.48620655
-5.12607209
4.70964469
6.94731390
13.66005097
11.20560627
9.06939857
10.84572742
-1.69477212
-2.81151249
-8.32041582
-8.87434665
-5.28960439
3.54237639
-4.21186036
4.35625695
-0.46787898
-4.57705758
-4.30868557
-4.47579779
12.69302306
12.66156730
-5.60448251
-4.60864192
4.60911039
2.16106851
11.19501573
9.60489121
8.72157164
8.37182337
7.90972749
7.09244355
-8.13755377
-7.15785759
-1.96101057
-2.53655225
-2.36184063
-3.14895060
2.60680639
3.36424229
-0.68933402
1.31599253
6.59069602
7.79046033
8.96724958
7.62497860
-1.49320778
-2.09055420
-3.20491168
-4.81956479
2.84802649
3.36419155
5.97842415
4.67032876
-7.29214274
-7.19980910
8.22011881
8.00547586
-9.19754669
-3.02071021
-11.25658850
-4.51946375
12.61420533
11.29905236
-8.45376275
-7.91076234
-11.74495396
-10.93115623
6.59814618
4.57761254
4.94849765
6.11925971
-1.29090908
1.04779991
-12.65924703
-11.67745649
0.50340622
-0.65232484
2.56757139
3.57399674
4.64964250
3.61827436
7.06461636
6.86499360
-4.87962249
-5.73465988
-0.13381973
-1.48798837
-9.73558846
1.87800766
-9.69148309
3.04307717
6.10244995
5.68083360
9.67922477
7.48437108
-7.74744896
-5.84514868
9.19486364
8.75090188
10.43140290
11.30066926
-4.31923446
-2.03154947
1.60442608
-0.42633719
-2.39513076
-3.46806921
-3.59356006
-4.10206716
10.89568663
11.95734246
-9.50768288
-10.26529024
-1.15017257
-1.79832672
-9.47738375
-9.26759041
-5.29609439
-7.56878070
-2.94985082
0.43870514
-6.89570232
-7.37151722
-10.32396644
-10.89385828
-6.55691579
-6.04018177
-3.69346243
-5.91892732
12.16322939
13.32809446
6.13741263
7.99014918
4.02268991
2.37280743
5.71495392
7.12567378
-6.69557116
-6.28398956
-0.61645754
0.40646111
-12.19672074
-12.86114944
-4.15640601
-2.26050227
-4.12169977
-5.89082426
5.90365084
4.49027421
-11.68720318
-13.70085542
-8.21107915
-9.22359049
4.36779177
3.48541669
-0.92368876
11.05886681
-1.23026405
10.82826727
-1.01639005
0.26085163
-1.74713584
0.91877343
1.21391951
-0.39201075
-0.91042291
1.43835568
3.39673628
4.15056766
1.76124019
5.46363584
0.69670342
0.37959815
1.71688368
1.37939834
-8.34748948
-5.03807136
-7.39275711
-6.27606002
-0.44696761
-1.97088001
-1.49339982
-2.98889585
1.54158895
-0.14085902
0.76890271
0.89601997
-12.41773561
7.96827922
-12.31656260
6.67727644
-10.65419194
6.71029075
-13.67364540
7.13904199
2.66743702
4.16288371
3.29929326
5.16969206
1.64894049
0.13926419
3.15247691
1.42117829
4.62856561
6.70190733
5.88708276
6.15534725
8.59581446
8.74984779
9.08370423
10.14139391
2.63167217
1.07391345
1.37912591
0.67256597
-11.88609350
-10.41099493
-12.92217410
-9.47469366
9.87749872
6.92520202
8.60549772
5.00870882
