-2.52144115
-10.43868659
-2.83399024
-9.84477314
-2.83194698
-8.94938859
-12.24867040
-9.06879091
-7.00730965
-0.68625154
-8.60312180
-11.88011704
-1.44568764
-2.91842362
-11.07458433
-8.45502049
-7.75827964
-10.44788996
-10.18821028
-2.02306407
-8.58067519
-6.29631124
-1.93420566
-7.41663105
-9.80916146
-5.16295905
-3.84362000
0.06493374
-1.00423165
-4.90488773
-13.54054538
-13.40434124
-7.49963469
-2.22497306
-8.56819055
-5.75786852
-8.22829349
-3.29052003
-4.64507833
-5.06282642
-0.09373877
-5.44072460
-13.00476879
-3.26053381
-1.32665160
-4.59643706
-4.29264003
-7.94049054
-5.55463179
-3.68016275
10.08197312
9.81395079
3.23060040
-1.11503384
5.10840715
8.19750441
1.75505571
5.14239080
10.16993609
12.44973450
-1.22380433
4.77860658
3.94990033
9.80927423
13.18319444
0.72854196
0.63525841
7.66245545
5.79307052
5.55592716
5.15270422
8.70807903
3.81855864
10.23737946
4.41822217
2.30512223
1.39132872
9.10906053
-0.65414030
12.49061522
2.61317498
3.36939340
7.26474166
8.84743374
2.64173389
5.68283745
3.39888375
11.56490295
3.64716486
0.87090000
3.51376840
6.33596289
9.36601539
1.63424826
13.26724747
11.89841865
5.46818949
10.03514463
-0.03086832
3.56667502
1.24240235
0.57682216
5.22631868
0.46550577
-5.92607116
-2.46914545
-0.13029322
-12.87297418
7.72698644
4.09961950
-0.22782387
5.69174459
9.21824262
0.99373697
-11.27235197
7.87728254
10.13707591
-9.20948329
-6.92550472
-10.77202122
-3.74564531
5.61914070
11.16244244
10.45098458
-4.73552981
-10.09752669
-3.31258158
3.91781312
-3.63785938
-3.73879051
13.02217184
-6.35186788
1.49248846
10.94324078
7.08463055
8.49264050
-5.69938836
-1.58768708
-2.33591328
3.25369120
1.62955521
6.75235110
9.22389681
-2.95135868
-4.13706565
2.05523437
3.90283220
-6.58548746
9.27943270
-11.86859618
-3.69867072
12.24593259
-9.22656818
-10.53293397
5.43649922
6.73928180
0.15895007
-11.38128275
-0.46982135
2.46541040
4.84079834
5.94338830
-6.12868031
-0.80886305
-10.90314529
2.23717625
5.81373997
7.65818325
-7.03684628
9.90725563
12.30131860
-3.13764243
-0.37116851
-2.58645158
-5.24581903
12.53797676
-11.38488606
-2.12175094
-9.56364254
-8.13185166
-0.42131132
-6.76125301
-11.45041515
-5.40950528
-5.97611118
14.21370029
8.12076332
2.64303857
6.20433149
-6.23847393
-0.45111186
-13.52190703
-2.37674274
-6.50818853
4.45841977
-12.77819832
-8.67704072
2.47256510
-0.12287639
11.94175644
-1.54971673
1.00259850
-1.51313710
0.53602393
2.45686295
4.39549627
2.24572323
2.13179572
-6.96711887
-5.70082433
-2.49227359
-3.47007964
0.15369441
1.62346250
-11.40518186
7.76101125
-13.25754411
8.08895098
2.42195411
4.64099933
2.11983898
0.59611261
6.12020210
6.52227738
10.08481217
11.19804826
2.34726020
0.25404037
-12.26919129
-10.52419230
7.84608475
6.00501541
11.50188294
8.67154252
-7.04032510
-7.64596807
-8.33307441
-6.53874499
-9.06460091
-9.47214704
-6.49994887
-5.12774610
4.73154702
6.90944087
13.73550714
11.23850034
9.10057525
10.89081006
-1.72515022
-2.84082835
-8.36325015
-8.94488072
-5.32668126
3.53734137
-4.24350599
4.37271302
-0.46512110
-4.58555826
-4.32886501
-4.48398690
12.72997409
12.80740003
-5.61149839
-4.60035063
4.58517179
2.09472863
11.21990688
9.66861005
8.75379088
8.41404572
7.95541476
7.12029443
-8.17991504
-7.19475214
-1.97710319
-2.52251673
-2.36754145
-3.15357697
2.62747004
3.37433426
-0.69389143
1.33930140
6.61353208
7.82406883
8.99894250
7.64377288
-1.49319572
-2.09398712
-3.22490221
-4.84598547
2.79463263
3.40159369
6.03123496
4.69864834
-7.33822695
-7.23629193
8.20997608
8.02125696
-9.25694078
-3.02667017
-11.33309574
-4.54757692
12.65665806
11.31825529
-8.50133363
-7.96598836
-11.80646819
-10.99392957
6.63421940
4.59625719
4.99056649
6.15590889
-1.31214601
1.03822583
-12.73826599
-11.71784171
0.52814607
-0.65343784
2.61072148
3.61728009
4.67629129
3.62067370
7.10646177
6.92054768
-4.90018964
-5.75939057
-0.05843791
-1.52997322
-9.77504490
1.86983869
-9.74673248
3.05223508
6.20493018
5.69801286
9.66458836
7.51836096
-7.76567976
-5.86338397
9.23827121
8.79471173
10.49302068
11.35570739
-4.32164520
-1.99314335
1.59826973
-0.44494037
-2.39667364
-3.48324542
-3.60172744
-4.11515813
10.95533862
12.03142225
-9.52722313
-10.29236504
-1.14107739
-1.79568685
-9.53258662
-9.31572603
-5.31951699
-7.61863909
-2.96176960
0.44387104
-6.93424814
-7.41266672
-10.37459385
-10.94331264
-6.58200322
-6.07594651
-3.70448833
-5.91596358
12.20080531
13.38962823
6.17559894
7.99997868
4.01651829
2.40277782
5.71447582
7.15858249
-6.72387108
-6.33550010
-0.62090330
0.46042628
-12.24382280
-12.93246672
-4.18962622
-2.27429879
-4.14420236
-5.93014104
5.92857147
4.49985078
-11.72336804
-13.73173570
-8.24445973
-9.26607652
4.38121185
3.49048969
-0.89642465
11.08957900
-1.27100638
10.88373276
-1.00619092
0.24569445
-1.75615173
0.94006341
1.21722893
-0.39509172
-0.90869448
1.44816094
3.42701106
4.17796176
1.75097572
5.50290949
0.70517562
0.37701914
1.73133592
1.40502207
-8.38877650
-5.05450536
-7.42823845
-6.30802196
-0.41854247
-1.95505348
-1.47900229
-2.97659020
1.57234787
-0.13643198
0.77794492
0.84430302
-12.42697767
8.02699965
-12.31970019
6.72095762
-10.68989620
6.73248048
-13.80080451
7.19001819
2.65901415
4.20546044
3.33388984
5.17448423
1.60147323
0.10439432
3.14356181
1.47529270
4.68393803
6.69514352
5.91040466
6.19448884
8.59646148
8.74719908
9.09535357
10.20295467
2.66493514
1.00547532
1.36665287
0.63460798
-12.00995463
-10.40562698
-12.93917245
-9.53706417
9.90163786
6.96499354
8.69740380
5.00970040
11.99573066
9.14579592
10.39634403
8.52164177
