-2.52526365
-10.45955962
-2.84149944
-9.86536673
-2.84141730
-8.96579959
-12.28308131
-9.09699339
-7.01695916
-0.68667401
-8.74514116
-11.91894843
-1.43163463
-2.93753156
-11.10979422
-8.47669977
-7.77532748
-10.48474234
-10.22581754
-2.02970463
-8.60743415
-6.31104587
-1.94225286
-7.43724182
-9.83502808
-5.18315729
-3.84560655
0.06764416
-1.01181586
-4.92122747
-13.57739984
-13.43216647
-7.51772372
-2.23198551
-8.58689660
-5.77803080
-8.24552775
-3.30552409
-4.66196137
-5.07506266
-0.09470992
-5.44984572
-13.02823873
-3.26681936
-1.31928461
-4.61040361
-4.29499670
-7.96123928
-5.57825485
-3.68831705
10.09259196
9.82877333
3.21805306
-1.11503675
5.12330049
8.22495274
1.75749837
5.16026413
10.18987037
12.52538576
-1.21602489
4.77631590
3.96126683
9.83665125
13.21148699
0.72932185
0.63351014
7.65709893
5.80174508
5.56075040
5.14996354
8.74094370
3.82541443
10.25879630
4.41055262
2.31813871
1.39869457
9.11871909
-0.66378706
12.50731970
2.61805614
3.36916478
7.27619093
8.85881320
2.63510619
5.69336611
3.38725033
11.59888365
3.63687329
0.87605650
3.52240068
6.35412312
9.37420261
1.66056760
13.30405477
11.97779436
5.46342259
10.05055727
-0.02217588
3.57305063
1.24656979
0.57720346
5.24130714
0.48009394
-5.93866695
-2.45865003
-0.16531783
-12.90081128
7.74419304
4.10324137
-0.23525187
5.65923449
9.24798390
1.03875011
-11.29334233
7.88442719
10.19280526
-9.39482703
-6.94890091
-10.80046327
-3.74637189
5.62759021
11.18011146
10.48160170
-4.74344476
-10.12291259
-3.32718743
3.92863696
-3.65179759
-3.74966544
13.04244673
-6.37575830
1.47857083
10.97204636
7.09371413
8.50495703
-5.71161352
-1.60234166
-2.34460151
3.25734504
1.64198511
6.77094789
9.25353844
-2.94822007
-4.14823644
2.07387997
3.90581019
-6.60669473
9.27933043
-11.88368408
-3.70206650
12.28066747
-9.25776920
-10.55536106
5.44854047
6.75333828
0.15455840
-11.40891915
-0.46765102
2.47539728
4.84788773
5.95891752
-6.14183036
-0.79065206
-10.93064939
2.24364384
5.83180697
7.60901421
-7.05274861
9.93179969
12.32935120
-3.13839413
-0.38751635
-2.59924898
-5.26004548
12.57070123
-11.39532966
-2.13071512
-9.58491407
-8.16057523
-0.41928194
-6.77610487
-11.48282820
-5.42731530
-5.98734756
14.24529574
8.14545318
2.63733101
6.20680507
-6.25069105
-0.42849614
-13.54251810
-2.38777805
-6.53253444
4.46521371
-12.79803420
-8.69180200
2.46506388
-0.10486570
11.97723055
-1.55503151
1.00913479
-1.51914014
0.53152076
2.47387104
4.42516145
2.24646243
2.13671527
-6.98238068
-5.71094452
-2.49309167
-3.46838579
0.16965184
1.61679171
-11.40699603
7.77206767
-13.26161546
8.11467062
2.41769313
4.64373258
2.10981788
0.59547176
6.11052449
6.54613209
10.09443278
11.23056327
2.34582659
0.27446467
-12.28396668
-10.54915492
7.86165378
6.00186985
11.54180667
8.63041072
-7.10349717
-7.30610880
-8.35267616
-6.56063412
-9.08660378
-9.49418313
-6.50573718
-5.13015297
4.69760251
6.88329092
13.77291539
11.25269010
9.13047496
10.98542003
-1.74272084
-2.85879705
-8.37876019
-8.97492704
-5.34430536
3.54490882
-4.26367525
4.37884169
-0.46587926
-4.59051370
-4.33981367
-4.49225775
12.74296439
12.88565900
-5.61620291
-4.60054149
4.57762099
2.07759821
11.22960635
9.69544527
8.78419551
8.43321928
7.97995219
7.13130605
-8.20116575
-7.21090678
-1.98744848
-2.51630870
-2.37258256
-3.15903299
2.63726903
3.37552121
-0.68906495
1.35890624
6.60381411
7.83539197
9.01676873
7.64478539
-1.49560613
-2.09623353
-3.23441639
-4.85700860
2.79542813
3.42280160
6.06117237
4.72064646
-7.36158791
-7.25454635
8.17880807
8.03001608
-9.28455264
-3.03254949
-11.37227108
-4.57106505
12.67540088
11.33044192
-8.52314068
-7.99324622
-11.83606110
-11.02428920
6.64095017
4.60203227
5.00564640
6.17895808
-1.32287310
1.03788357
-12.77832822
-11.74590714
0.53786096
-0.65590874
2.63055775
3.63583172
4.69074159
3.62394159
7.12705735
6.95219313
-4.91140131
-5.76820118
-0.03639882
-1.55127757
-9.79336764
1.86078510
-9.77309422
3.05854344
6.25507574
5.70653568
9.63495158
7.53586116
-7.77584598
-5.87291590
9.26215494
8.81395795
10.53112533
11.38489683
-4.32376006
-1.97876446
1.59931129
-0.45413100
-2.39371336
-3.49747291
-3.61064017
-4.12441751
10.98272829
12.06700404
-9.54814145
-10.31444567
-1.13460175
-1.79753611
-9.55884829
-9.33966620
-5.33554748
-7.64444505
-2.96758336
0.44122527
-6.95048697
-7.43166358
-10.39995038
-10.96595024
-6.59534792
-6.08990565
-3.71352681
-5.91385871
12.21838199
13.41939248
6.19240537
8.00391477
4.01477352
2.42801281
5.71098091
7.17265615
-6.73775764
-6.36253361
-0.62496951
0.49508047
-12.26656116
-12.96657304
-4.20825031
-2.28022176
-4.15763180
-5.95131785
5.94303897
4.49760575
-11.73944023
-13.74424893
-8.26112940
-9.28746302
4.38375267
3.49886573
-0.89555184
11.13594899
-1.28137871
10.91625057
-1.00118563
0.23784931
-1.75998709
0.95231278
1.21794448
-0.39691554
-0.90848237
1.45278101
3.43921057
4.19140530
1.74400710
5.52284140
0.70778600
0.37903890
1.73819011
1.41513174
-8.40816799
-5.05939917
-7.44644246
-6.32351395
-0.40127169
-1.94696512
-1.47217354
-2.97117510
1.58296085
-0.13412251
0.78470792
0.81544801
-12.43128355
8.05984222
-12.31417609
6.73875550
-10.70628474
6.73794683
-13.83992087
7.22072224
2.65296109
4.22386541
3.34912655
5.16866668
1.57214843
0.09820713
3.13019162
1.50138113
4.71295368
6.69922134
5.87756155
6.22156695
8.62226949
8.74141570
9.10463900
10.23318643
2.68640904
0.98564740
1.36488414
0.58482029
-12.05286210
-10.40299849
-12.94925364
-9.55978733
9.90786051
6.97154022
8.72396274
5.01151517
12.02674626
9.27648596
10.58694540
8.53398026
-8.50551064
-9.05578972
-7.03205568
-8.03188706
