-2.52297667
-10.48193587
-2.84853855
-9.96620377
-2.85034953
-8.98724012
-12.34516046
-9.13347206
-7.02987986
-0.68849136
-8.74180611
-11.95903272
-1.41761749
-2.94820986
-11.17935324
-8.49769864
-7.79247452
-10.51920142
-10.26218569
-2.03382562
-8.67886270
-6.32443511
-1.94682799
-7.44340974
-9.89481864
-5.18665838
-3.84705439
0.07068778
-1.02420294
-4.94144110
-13.62467028
-13.46794863
-7.67406018
-2.24033349
-8.60471894
-5.77969111
-8.26385822
-3.31741838
-4.68196261
-5.08632054
-0.09175440
-5.45900208
-13.07136704
-3.29740699
-1.31257464
-4.62265729
-4.29769804
-7.99007509
-5.57220226
-3.70769589
10.10308832
9.84065359
3.20632441
-1.09687867
5.13865834
8.24611178
1.75966714
5.17642680
10.21170503
12.57284928
-1.21134965
4.77553626
3.97274849
9.86042338
13.24126788
0.71952063
0.63447962
7.65669528
5.81953418
5.56844362
5.15850560
8.77624622
3.83246196
10.27929818
4.41527720
2.33250111
1.41102329
9.12723560
-0.67279604
12.52273526
2.60514358
3.36478949
7.28920283
8.86989560
2.62686327
5.70395046
3.38140018
11.63260381
3.64376300
0.88028953
3.53415466
6.36289274
9.38703161
1.68558321
13.33956849
12.01751234
5.46266928
10.08137269
-0.01298737
3.57249725
1.24921799
0.57840291
5.25594511
0.49757228
-5.95079765
-2.44737163
-0.18046298
-12.93488589
7.76209346
4.10576182
-0.24149105
5.65891202
9.27439971
1.08079998
-11.30997158
7.89685463
10.22588599
-9.33189911
-6.98310447
-10.82783269
-3.74867781
5.63809799
11.19545187
10.48661905
-4.75055639
-10.17697186
-3.33153877
3.95067776
-3.66446874
-3.76090655
13.05646487
-6.38557612
1.45889220
10.99873302
7.11270984
8.51252949
-5.72284717
-1.60929981
-2.35251688
3.26123297
1.65005375
6.78331032
9.28278077
-2.94723232
-4.15986418
2.09258622
3.91121742
-6.61280713
9.28235523
-11.90009969
-3.69502720
12.31280207
-9.28380053
-10.57689349
5.46248025
6.76276482
0.11753720
-11.43358547
-0.45886339
2.48964945
4.85472949
5.97212455
-6.03375503
-0.76992033
-10.95969440
2.24075738
5.84789152
7.61501422
-7.06963586
9.95561084
12.35581639
-3.14291915
-0.40366630
-2.61155808
-5.26437606
12.60302231
-11.43113616
-2.14301570
-9.60576900
-8.17664621
-0.41160105
-6.79194086
-11.55190305
-5.44105937
-5.99787724
14.27357670
8.17235527
2.63250127
6.20644164
-6.27503258
-0.40695528
-13.55829871
-2.39186966
-6.55042399
4.47177127
-12.81627353
-8.70988200
2.45196434
-0.08778665
12.00482211
-1.55901421
1.01317929
-1.52598981
0.52647668
2.49695439
4.46400919
2.24887543
2.14016462
-6.99778695
-5.72202556
-2.49300545
-3.46206948
0.18382008
1.61425409
-11.41316172
7.77454421
-13.27532539
8.14909286
2.41192573
4.64445662
2.09743693
0.59738668
6.12166603
6.56725643
10.10246614
11.26214724
2.33718818
0.29520952
-12.30793632
-10.57036308
7.87277966
6.00291940
11.58468684
8.63611739
-7.16046255
-7.29442288
-8.24470004
-6.55992655
-9.10939701
-9.51886266
-6.51231838
-5.13391082
4.69403181
6.91385879
13.81062205
11.26604997
9.14626088
10.99912943
-1.76071546
-2.87920233
-8.39557570
-9.06267817
-5.36551019
3.55226855
-4.25479957
4.38531487
-0.46874590
-4.59645373
-4.34990071
-4.50276740
12.75684417
12.92966072
-5.62272164
-4.59914338
4.56963569
2.06900181
11.23860932
9.72131286
8.81028684
8.45872027
8.00112630
7.13814529
-8.22249527
-7.22594805
-1.99310381
-2.51318214
-2.35206239
-3.16339854
2.64765245
3.37606457
-0.68891736
1.40855893
6.61451011
7.84494738
9.03143666
7.65550208
-1.49924276
-2.09842433
-3.23825590
-4.86759239
2.79769301
3.44388553
6.08996016
4.74271451
-7.37280663
-7.27337411
8.20557589
8.03998524
-9.27728093
-3.03996379
-11.39589298
-4.58855363
12.69272165
11.34365910
-8.54211991
-8.01289177
-11.86148296
-11.10416452
6.65614060
4.60750197
5.01943876
6.20488346
-1.33056707
1.05078959
-12.81963146
-11.77550548
0.54743491
-0.65638574
2.65034842
3.65552965
4.70106589
3.62444523
7.14486812
6.97951000
-4.82849144
-5.84406286
-0.01871783
-1.60534666
-9.81510311
1.85412239
-9.80030143
3.06216211
6.30071503
5.70889441
9.66416011
7.56203323
-7.79055477
-5.88380296
9.28731347
8.83547758
10.56450723
11.41428283
-4.32650610
-1.97208091
1.60087425
-0.45894911
-2.38922502
-3.51341541
-3.61871952
-4.12616858
11.01162540
12.10325599
-9.57014097
-10.37419066
-1.14326262
-1.79976706
-9.58390059
-9.36394371
-5.33167692
-7.65810768
-2.97051550
0.45004727
-6.96562063
-7.45058384
-10.49405869
-10.99050297
-6.60859545
-6.10671459
-3.72418779
-5.91144463
12.23258261
13.44847389
6.20987471
8.00724135
4.01414822
2.45985887
5.71732524
7.18411488
-6.72224364
-6.34309637
-0.62787557
0.51553682
-12.31361478
-13.00350625
-4.21811394
-2.30499129
-4.17868752
-5.97811086
5.96213508
4.50120380
-11.76357497
-13.75506935
-8.22564127
-9.28053213
4.39468711
3.50685851
-0.89288631
11.17175814
-1.29151504
10.94068112
-0.99593466
0.23417089
-1.76322395
0.96521154
1.21856326
-0.39952460
-0.90890717
1.45797547
3.45360007
4.20891117
1.73911387
5.53985383
0.70277412
0.38525315
1.74718152
1.42287773
-8.42915882
-5.06395266
-7.46644990
-6.33923047
-0.38251889
-1.93843330
-1.46120410
-2.96410603
1.59679688
-0.13121862
0.79162653
0.78642330
-12.43729781
8.08785383
-12.32644631
6.75780173
-10.79177201
6.73460772
-13.88195560
7.25924617
2.64982989
4.24849820
3.36469581
5.16532326
1.56394944
0.10076005
3.11502006
1.53206413
4.73988531
6.69871530
5.87061150
6.24726358
8.65148604
8.74876481
9.11124218
10.26253270
2.71620147
0.96661296
1.37025725
0.55928661
-12.12820705
-10.40364345
-12.97238378
-9.57912639
9.91766292
6.97325622
8.74520838
5.01254143
12.05607368
9.31946135
10.64902315
8.56390692
-8.25780394
-9.13408128
-7.04882678
-8.17905067
