-2.53704823
-10.56020065
-2.86504930
-10.11739471
-2.88169221
-9.06696608
-12.43667752
-9.20145936
-7.09016099
-0.68220392
-8.76505608
-12.08542458
-1.36126379
-2.97305833
-11.28277171
-8.55899370
-7.86132723
-10.60495096
-10.47804358
-2.04636949
-8.86029417
-6.36197861
-1.95377820
-7.47282822
-9.93964839
-5.22660789
-3.85863600
0.09086715
-1.03840128
-4.99840780
-13.74517842
-13.58285218
-7.70043107
-2.25968946
-8.66070981
-5.86808494
-8.32910826
-3.34141544
-4.74745455
-5.11496197
-0.08925703
-5.50398624
-13.13088724
-3.34109607
-1.31757929
-4.70448337
-4.28392052
-8.40564057
-5.58348479
-3.74096175
10.12882704
9.88636942
3.19286122
-1.10937213
5.18927161
8.32060307
1.78249609
5.21767972
10.27588487
12.68590589
-1.21003815
4.76954957
4.00970259
9.92767254
13.31683899
0.71438394
0.64820974
7.67362407
5.87925629
5.59951113
5.19623708
8.89941342
3.85173828
10.32414483
4.43176588
2.37932827
1.44089660
9.15093031
-0.69427976
12.56769570
2.63350200
3.36148553
7.34692471
8.92816881
2.64112317
5.73163973
3.40626308
11.72704959
3.73006072
0.88074943
3.57747802
6.39331067
9.45548850
1.74667079
13.44869425
12.12031445
5.47719305
10.15727999
0.01666398
3.55675631
1.26529588
0.59175458
5.32425041
0.56654024
-5.98290208
-2.40010805
-0.19299366
-13.00363066
7.80683378
4.12301721
-0.23372229
5.76214560
9.35257049
1.12598484
-11.35734645
7.92740667
10.26817933
-9.36519401
-7.13333011
-10.90997064
-3.74826425
5.67315895
11.24106934
10.53645652
-4.78514857
-10.43067167
-3.34995560
3.98031327
-3.70231804
-3.78698195
13.08764808
-6.35200124
1.42303973
11.08152745
7.18206787
8.55045972
-5.74636839
-1.62234942
-2.37140225
3.27275351
1.66520722
6.81813980
9.36591785
-2.93653616
-4.22784526
2.14435195
3.92248113
-6.67535943
9.32720750
-12.02425750
-3.65483459
12.40754662
-9.35228603
-10.59123471
5.52189432
6.78062557
0.12025243
-11.50028488
-0.43548077
2.56189425
4.88262508
6.02167994
-5.93203493
-0.74910395
-11.05625825
2.24979360
5.87575618
7.69331622
-7.12336049
10.04529035
12.42680206
-3.16745682
-0.41921118
-2.64801434
-5.28550972
12.69991520
-11.55521413
-2.13058131
-9.66524459
-8.19824750
-0.41917395
-6.85546178
-11.65770859
-5.47908902
-6.03375110
14.36299181
8.25001717
2.62429547
6.22348218
-6.31572664
-0.40004904
-13.61846166
-2.39205904
-6.57679274
4.49124673
-12.88425138
-8.77185668
2.45502096
-0.07708193
12.08731603
-1.58517558
0.99835592
-1.55929339
0.50948495
2.56954771
4.53688234
2.25756797
2.18550525
-7.06355133
-5.75148932
-2.48882947
-3.47079470
0.21009268
1.64571299
-11.43493536
7.78001768
-13.33238112
8.26308762
2.42042163
4.65894711
2.07412272
0.61802615
6.17409577
6.61120529
10.12741546
11.34719588
2.33789644
0.33414063
-12.48577779
-10.64527261
7.89890475
5.99919214
11.69493990
8.67487186
-6.97947755
-7.41430076
-8.82030776
-7.33880705
-9.18044296
-9.60469248
-6.52573270
-5.14399801
4.71662533
6.95309111
13.92698881
11.29943806
9.16993267
11.00553790
-1.80283215
-2.92187278
-8.46390229
-9.23277468
-5.39391977
3.56782235
-4.26022595
4.40979973
-0.47542609
-4.61730984
-4.37080806
-4.52929273
12.78927400
13.05400986
-5.63370945
-4.62718976
4.55744591
2.07922702
11.27363887
9.80129716
8.87834728
8.52646244
8.07288734
7.17344667
-8.30078595
-7.27765090
-1.99308846
-2.52245322
-2.31479126
-3.17692069
2.68088323
3.38734963
-0.69029377
1.43081674
6.64758990
7.87567492
9.06140208
7.69671051
-1.50272431
-2.10394318
-3.26048117
-4.88358765
2.80611377
3.50074618
6.16489759
4.80352911
-7.42397829
-7.33106426
8.25276415
8.07885923
-9.41783347
-3.04070802
-11.58775318
-4.58643636
12.73793072
11.38247268
-8.62119736
-8.06371321
-11.92171952
-11.14054290
6.72324089
4.65376463
5.07615306
6.27755757
-1.34411485
1.06249136
-12.94350704
-11.86710754
0.59661331
-0.65058596
2.65783080
3.72063286
4.71066027
3.63810627
7.21109681
7.01290429
-4.79037796
-5.87083657
-0.02315532
-1.62005438
-9.89304032
1.85769263
-9.87909230
3.08527936
6.43490985
5.71214511
9.75786628
7.62555261
-7.85564576
-5.91890380
9.36604009
8.88202177
10.65900094
11.50026199
-4.36154480
-1.96847614
1.58735617
-0.46511481
-2.38135859
-3.54696034
-3.66107294
-4.09199290
11.09121803
12.23220215
-9.59833260
-10.44794193
-1.16446434
-1.77904621
-9.65609517
-9.44330361
-5.35562676
-7.70077165
-2.98925960
0.46588303
-7.00055640
-7.50789611
-10.55183190
-11.09135823
-6.63981938
-6.17439414
-3.76156953
-5.90230826
12.27987477
13.52960255
6.26652150
8.01931756
4.01651109
2.60234730
5.74755739
7.22990219
-6.69047334
-6.38448787
-0.62847153
0.56356962
-12.39290412
-13.08889516
-4.24882075
-2.32889976
-4.20531466
-6.04054484
6.02377026
4.52690851
-11.80663544
-13.76771955
-8.28749503
-9.36972096
4.42106563
3.53117398
-0.88502358
11.26562698
-1.29158700
11.01603106
-0.97544175
0.23402379
-1.77644911
1.00667154
1.21877514
-0.40367410
-0.90672236
1.47475432
3.50339645
4.27144608
1.75376368
5.57470371
0.70885627
0.38678763
1.76199834
1.43772636
-8.51144936
-5.08341242
-7.53263003
-6.40100679
-0.31544390
-1.90809611
-1.44349835
-2.95664185
1.64820424
-0.11376893
0.82116116
0.75448911
-12.50883853
8.12184366
-12.33363402
6.81138345
-10.92590615
6.72766590
-13.99106205
7.37219681
2.65378799
4.34843103
3.40996583
5.17236184
1.62897937
0.11785772
3.08592666
1.62310110
4.83142363
6.69779679
5.88763555
6.32847701
8.72659781
8.78181111
9.14032747
10.33908323
2.76665904
0.97244361
1.37372283
0.56649929
-12.31020389
-10.38011859
-13.08386873
-9.66274740
9.96145053
6.96951360
8.79766889
5.00678138
12.10643192
9.38912671
10.78322941
8.64310271
-8.30999396
-9.23145729
-7.01979640
-8.28170386
-7.93686909
-6.90791339
-7.88166192
-6.31262356
