-0.59592397
-4.98396501
-2.04267776
-5.08446289
-0.66871774
-4.58177240
-5.38630044
-5.12820563
-3.33606827
-0.23537084
-4.12151316
-6.55044228
-1.28933818
-0.63808137
-6.36265811
-4.67808376
-4.29860748
-5.46253157
-5.19620656
-1.73064894
-4.90131825
-3.67097166
-0.24616803
-3.75947785
-5.98412622
-1.85397380
-1.01353550
-0.59309733
-0.66103990
-2.31623899
-6.15567981
-6.15257360
-2.99895228
-1.28545905
-3.73591700
-4.09590711
-3.82158840
-1.32300947
-2.54657625
-2.45847502
-0.31997692
-2.88285808
-6.60037521
-1.71900830
-1.37497273
-2.81764333
-2.94730587
-3.99113737
-2.91043118
-1.87023330
5.12663306
5.29653137
1.49832412
-0.45465817
3.27807386
3.61961808
1.65490348
3.01448366
5.49962901
5.57748722
0.19416632
3.41661059
2.12413429
4.37114366
6.37554971
0.74622512
0.60568251
3.78248714
3.03309061
3.52505190
2.81229699
5.06092685
2.46152128
5.56644410
1.92392872
1.45056818
0.84677378
4.49628340
0.24886006
6.36109831
1.83302571
0.55721405
4.10152570
4.87119443
1.40544506
2.62216560
2.78673538
6.71581252
1.53925261
0.94576672
1.62282997
3.98409931
4.25283240
0.47235285
6.56261643
5.69509672
2.49719460
4.69433879
-0.32284179
2.57113737
0.53524660
-0.14325916
2.26567153
0.83815718
-2.88991364
-1.94904992
0.44014244
-6.45456660
4.11914617
1.87966871
