-2.56202795
-10.73703595
-2.93843031
-10.34834685
-2.98581207
-9.19467396
-12.66930796
-9.24100258
-7.70677781
-0.68955268
-8.96149310
-12.52023131
-1.28043549
-3.03530947
-11.46310215
-8.75825849
-8.05604456
-10.77057978
-10.58092304
-2.06885274
-9.01867458
-6.44164269
-1.97342013
-7.62836834
-10.12218900
-5.31287954
-3.90608113
0.12371096
-0.99488604
-5.11982892
-13.96607139
-13.86418072
-7.88486503
-2.30493737
-8.80308192
-6.12397061
-8.45405052
-3.41483333
-4.86510883
-5.18326273
-0.10387893
-5.61767830
-13.24630878
-3.39657916
-1.41056559
-4.83882103
-4.33992689
-8.43836920
-5.67964499
-3.79781516
10.25462334
10.01801364
3.12736979
-1.11894415
5.27520080
8.51428533
1.83484958
5.26515870
10.41526864
12.88772940
-1.21191184
4.88070233
4.07815203
10.07205357
13.48055555
0.72832611
0.64125611
7.73444748
6.01903737
5.70327034
5.29491635
9.16028993
3.88883688
10.44154573
4.53139160
2.44714568
1.43891485
9.23408415
-0.74412766
12.67290684
2.67925055
3.47555450
7.50209135
9.09196678
2.72354827
5.87666722
3.49321759
11.93800806
3.84792150
0.89045894
3.67625005
6.49464798
9.63194010
1.84838576
13.70752003
12.32239437
5.57652592
10.30259479
0.09579016
3.50543522
1.30350450
0.63100928
5.46803835
0.71123484
-6.07252355
-2.46178797
-0.17125399
-13.10244164
7.94872219
4.18184832
-0.19714453
5.91823042
9.54809907
1.17083641
-11.35892601
8.05887019
10.34116476
-9.48806960
-7.12586379
-11.09900064
-3.28768880
5.78621643
11.37066701
10.73040229
-4.86054608
-10.56661101
-3.41074055
4.03372573
-3.78089800
-3.84002482
13.29121135
-6.49286827
1.38444531
11.26934761
7.33201310
8.65961544
-5.78850648
-1.68451047
-2.40784184
3.29555468
1.70989029
6.93044368
9.52979099
-2.95159604
-4.30296446
2.27924532
4.00720607
-6.83831798
9.49892404
-12.27076963
-3.68411120
12.60734643
-9.49552009
-10.61729271
5.65867696
6.83483772
0.12556596
-11.63442425
-0.46238018
2.70766724
4.98720001
6.14523336
-6.05329261
-0.76529895
-11.37760302
2.28185051
5.91784243
7.88166018
-7.24430985
10.22580344
12.59608760
-3.21662977
-0.45324011
-2.70577723
-5.46432341
12.96203894
-11.74621934
-2.15198450
-9.78906539
-8.19688823
-0.38158405
-6.95114951
-11.92647817
-5.59687854
-6.13678894
14.56002432
8.40812655
2.62824413
6.29555484
-6.42845371
-0.38269684
-13.90091642
-2.43646958
-6.67532360
4.53123196
-13.06380569
-8.95935904
2.48984359
-0.19357465
12.27503479
-1.62112167
0.95315008
-1.65335848
0.46299300
2.66617072
4.68383396
2.30739416
2.24222227
-7.17499858
-5.82512952
-2.52709560
-3.54085537
0.15635540
1.64930940
-11.46874200
7.94423983
-13.46655280
8.53561934
2.49281078
4.71357744
2.11906965
0.66033483
6.29956162
6.79302327
10.19286916
11.55046317
2.40281716
0.35692014
-12.68648315
-10.80911726
7.97416292
6.06859079
11.88346624
8.74279956
-7.15926122
-7.54747957
-9.06798002
-7.55257150
-9.41625517
-10.24883409
-6.98471572
-4.82077128
4.77740722
7.05330224
14.21126500
11.35982680
9.31728599
11.05364615
-1.91326629
-2.97948109
-8.59739923
-9.36534903
-5.47276932
3.62062049
-4.32549307
4.54639517
-0.53434881
-4.62326947
-4.40098156
-4.59383515
12.88921110
13.29658936
-5.69406623
-4.72050215
4.48655248
2.11232127
11.35526315
9.95975632
8.99225721
8.66953436
8.24684861
7.27755721
-8.39493461
-7.40707578
-2.02645828
-2.55514142
-2.35190603
-3.22429516
2.72171228
3.43122766
-0.69862315
1.45935469
6.76665369
7.99751666
9.15767438
7.81409076
-1.52711464
-2.16600281
-3.31248537
-4.94838516
2.87122720
3.59645592
6.28142901
4.90142934
-7.51077297
-7.47036634
8.37593639
8.20638141
-9.44348492
-3.11557243
-11.75652470
-4.70797799
12.82847420
11.53620731
-8.77879569
-8.17321773
-12.08897017
-11.37226174
6.88543506
4.75752664
5.20617843
6.44113657
-1.38510277
1.08761991
-13.24852157
-12.01049091
0.63250306
-0.70252520
2.74906136
3.89319528
4.70379883
3.72822726
7.38320765
7.06036988
-4.86290546
-6.01127845
-0.02727284
-1.62368393
-10.12736294
1.88169852
-10.11164611
3.15307329
6.66361550
5.70927589
9.98868117
7.72411571
-7.96963173
-6.00706031
9.54664415
9.02796182
10.84471248
11.66647315
-4.42033298
-2.00664278
1.59644927
-0.53977155
-2.41599067
-3.60482850
-3.77526197
-4.22974452
11.32199479
12.49046541
-9.89320474
-10.59946017
-1.16226092
-1.82447083
-9.75687593
-9.81871775
-5.52021937
-7.77644018
-3.04072625
0.49592446
-7.08228734
-7.62194328
-10.76411444
-11.33617303
-6.74177628
-6.25436149
-3.85188443
-6.00570091
12.39513017
13.72286468
6.39006691
8.08653093
4.03325127
2.73148239
5.84715308
7.34591914
-6.84434884
-6.47435470
-0.61215577
0.59595999
-12.53002595
-13.29467987
-4.34332931
-2.36137494
-4.28311146
-6.18001346
6.16560748
4.60194149
-11.95122860
-13.83815772
-8.47088443
-9.55236777
4.50485759
3.59054609
-0.88289945
11.45128600
-1.27798305
11.18811667
-0.93146890
0.22514070
-1.83982752
1.11726226
1.20968105
-0.42990272
-0.92601555
1.49006355
3.59446947
4.40570239
1.80683631
5.73049960
0.70865353
0.35308662
1.79678530
1.54030700
-8.44035550
-5.14798748
-7.56145823
-6.51427904
-0.22165002
-1.89296931
-1.47176275
-3.03605850
1.71338729
-0.08142490
0.86382923
0.78721512
-12.74534074
8.20108132
-12.36530761
6.96517575
-11.08565632
6.76490187
-14.15764951
7.63165653
2.71801020
4.48516182
3.49638223
5.21999509
1.69085419
0.15253239
3.16122746
1.71669412
5.13583882
6.86311065
5.97694508
6.50442864
8.92375098
8.87734604
9.20733948
10.52344558
2.86526754
1.00202511
1.46287643
0.63250771
-12.57787311
-10.34194447
-13.24335941
-9.80128381
10.04372276
7.06062985
8.92329300
5.07892394
12.19348358
9.47911649
11.08455194
8.86069380
-8.38287557
-9.37697771
-7.17109622
-8.43280092
-8.32659053
-7.17984660
-8.07798270
-6.53748449
-10.57134576
-11.27595514
-9.57793632
-9.27019992
-6.77613771
-4.23422292
-6.13793350
-5.52790692
