-2.54269339
-10.58706926
-2.87192576
-10.15387699
-2.89524986
-9.08580024
-12.46778961
-9.21124744
-7.10936249
-0.67960993
-8.77496953
-12.13042791
-1.35016725
-2.97893378
-11.30769423
-8.57937683
-7.88072326
-10.62834463
-10.49940885
-2.05011261
-8.89733688
-6.37420334
-1.95376829
-7.49724311
-9.97005673
-5.22806059
-3.86450342
0.09667736
-1.02675003
-5.01243462
-13.77991233
-13.61358765
-7.72536364
-2.26363304
-8.68113644
-5.89171285
-8.35504337
-3.35466752
-4.76747980
-5.12453542
-0.08801404
-5.52124361
-13.14935457
-3.34648075
-1.32526352
-4.72470921
-4.29641034
-8.38131854
-5.58803457
-3.75073050
10.13485143
9.90219627
3.18752756
-1.11081534
5.20091521
8.34745354
1.79092368
5.22943029
10.29633129
12.72137190
-1.20968274
4.78756470
4.02412979
9.94957222
13.34251625
0.71441366
0.65164108
7.68258628
5.90042104
5.61166450
5.20824641
8.94330654
3.85639971
10.33828167
4.44823344
2.39778394
1.44081205
9.16043023
-0.70179572
12.58328953
2.64218372
3.37237559
7.36993545
8.95055516
2.65331710
5.74878361
3.41798982
11.75824669
3.74856404
0.88075597
3.59782999
6.40666897
9.48008824
1.76698283
13.48981620
12.15232368
5.48892801
10.17916364
0.02771727
3.54335931
1.27108607
0.59745542
5.34569993
0.58751236
-5.99841920
-2.40626542
-0.18466553
-13.02456303
7.82343450
4.12955574
-0.22550498
5.78329667
9.38064606
1.13847668
-11.35909917
7.93928843
10.27704628
-9.37984701
-7.14194413
-10.93719080
-3.74760233
5.68497728
11.25698412
10.56357026
-4.79715554
-10.44290526
-3.35422233
3.99155003
-3.71383773
-3.79304387
13.09721001
-6.38220688
1.40937168
11.11176131
7.20411591
8.56442870
-5.75265997
-1.62453670
-2.37411897
3.27685074
1.67154694
6.83392235
9.39345269
-2.93689141
-4.23932357
2.16057252
3.93101863
-6.69797698
9.35074240
-12.08237028
-3.64002746
12.43957411
-9.36952780
-10.59699803
5.54294050
6.78730115
0.12271325
-11.52143044
-0.44222820
2.58589197
4.89933533
6.04022179
-5.92599013
-0.75156200
-11.08877795
2.25391388
5.87669942
7.71750292
-7.14016669
10.06515911
12.44989180
-3.17425006
-0.42425281
-2.66063545
-5.31884238
12.73650188
-11.58650198
-2.13037822
-9.68503304
-8.20402640
-0.41584597
-6.87984945
-11.69030711
-5.49787135
-6.04776128
14.39299319
8.27606311
2.62382212
6.23186795
-6.33466559
-0.39768173
-13.65139926
-2.39244697
-6.58946365
4.49730490
-12.90640545
-8.79693109
2.45660605
-0.08449712
12.11563094
-1.59361997
0.99351329
-1.57143447
0.50288778
2.59019839
4.55917997
2.26389437
2.19786437
-7.08095832
-5.76008725
-2.49699068
-3.48352406
0.20800990
1.65115050
-11.43813198
7.78382488
-13.34146095
8.30336563
2.42942717
4.66366504
2.06915022
0.62696752
6.19189083
6.62813439
10.13453989
11.37601569
2.34482908
0.34171018
-12.53279021
-10.67065279
7.90879657
6.00113369
11.72930251
8.68844628
-7.02699284
-7.43473328
-8.87601587
-7.40075736
-9.20462441
-9.63431184
-6.53128683
-5.14659367
4.72622967
6.96832468
13.96763482
11.30929772
9.18391184
11.00610092
-1.81687695
-2.93046479
-8.48482280
-9.24770947
-5.41200796
3.57323071
-4.24639427
4.42476593
-0.48038142
-4.61836433
-4.37699280
-4.53639908
12.79846839
13.09385059
-5.64526830
-4.64352469
4.55184258
2.08606314
11.28598954
9.82653285
8.89681821
8.54925964
8.09866336
7.18603853
-8.32918506
-7.29666945
-1.99082722
-2.52688333
-2.31847225
-3.18072408
2.69082027
3.39282275
-0.69100902
1.43785307
6.66280240
7.88755340
9.07240134
7.71004353
-1.50397203
-2.11046863
-3.27148317
-4.89693182
2.82181856
3.51636224
6.18197693
4.81780359
-7.43889410
-7.35287309
8.26985781
8.09435980
-9.40609340
-3.05466386
-11.63321361
-4.61891155
12.75171450
11.39518571
-8.63882453
-8.07510552
-11.94593111
-11.18078673
6.74634862
4.66814514
5.09392664
6.30300490
-1.34949392
1.06591445
-12.98688833
-11.89881940
0.60220185
-0.65860690
2.67087730
3.75119579
4.70783849
3.65566922
7.23718209
7.01876906
-4.81590838
-5.89603522
-0.02635497
-1.62234035
-9.92289577
1.86032438
-9.90807672
3.09483959
6.47243534
5.71647738
9.78983378
7.64197307
-7.87264358
-5.93137266
9.39388393
8.90024342
10.68970831
11.52825888
-4.37204662
-1.97349773
1.58819947
-0.47310034
-2.38527890
-3.55499824
-3.68175769
-4.12420905
11.12729940
12.27185532
-9.64918598
-10.46335578
-1.15666000
-1.78811993
-9.67962341
-9.47112134
-5.38275864
-7.69638885
-2.99692371
0.47020682
-7.01014010
-7.52691645
-10.57131074
-11.11874384
-6.65588910
-6.19059720
-3.77333922
-5.89859550
12.29662630
13.55653578
6.28440984
8.02460726
4.01683072
2.63147608
5.75703353
7.24500932
-6.69293132
-6.38376460
-0.62847523
0.57372105
-12.41503330
-13.11681858
-4.26538770
-2.33455112
-4.21903465
-6.06162604
6.04634262
4.53562281
-11.82392988
-13.77778151
-8.32619920
-9.39299301
4.43347705
3.54218217
-0.88177207
11.29359390
-1.28566781
11.04277813
-0.96783480
0.23423464
-1.78397713
1.02227344
1.21612557
-0.40528713
-0.90805591
1.47886136
3.51167867
4.29261015
1.76712512
5.58764177
0.70342294
0.37802774
1.77214129
1.45814669
-8.54072103
-5.09234125
-7.55635355
-6.42112954
-0.30268864
-1.90723777
-1.44950869
-2.96235411
1.66083718
-0.10241020
0.83281470
0.76319607
-12.55146085
8.13028720
-12.33562333
6.83283029
-10.95350899
6.72996606
-14.02102521
7.41053961
2.66219975
4.38160658
3.42261847
5.17663471
1.64334707
0.12557753
3.07985078
1.64405722
4.87498163
6.72074404
5.89980949
6.35561804
8.74625738
8.79634418
9.14720642
10.36541650
2.77648714
0.97684081
1.38185990
0.57063390
-12.36604580
-10.37512878
-13.11593036
-9.67935451
9.97537359
6.97495722
8.81558825
5.00905226
12.11988825
9.40727022
10.82894031
8.67342980
-8.28692637
-9.26573587
-7.05299502
-8.30754809
-7.99769630
-6.93541983
-7.94595140
-6.37850391
