-2.55819095
-10.72497820
-2.92536796
-10.32949016
-2.96817896
-9.17745318
-12.63526372
-9.23711284
-7.21998643
-0.68980464
-8.92219879
-12.49469901
-1.28828200
-3.02090867
-11.43677061
-8.72786415
-8.02627124
-10.74752252
-10.56933625
-2.06789104
-8.99929387
-6.42855440
-1.96738216
-7.60786972
-10.09660506
-5.29621180
-3.89935488
0.12092369
-0.99814519
-5.09785095
-13.93890218
-13.81543529
-7.85333089
-2.29899181
-8.78287349
-6.09104447
-8.42010480
-3.40252147
-4.84291022
-5.17357388
-0.09764566
-5.59970944
-13.23755310
-3.38766977
-1.39317013
-4.82149358
-4.33136907
-8.42955384
-5.66217232
-3.79054947
10.22863395
9.99888188
3.13788080
-1.11816728
5.26583054
8.49394785
1.82732163
5.26234078
10.39381462
12.86241961
-1.21194389
4.86716487
4.06783830
10.05192285
13.45614978
0.72297041
0.64687142
7.73056215
6.00015188
5.68647035
5.28032613
9.13316295
3.88229394
10.42207199
4.51776912
2.44021839
1.43691267
9.21797642
-0.74016247
12.65284745
2.67827294
3.46077052
7.48235535
9.06725183
2.71158546
5.85907047
3.48250966
11.90152092
3.83331200
0.88503887
3.66425238
6.47771550
9.60351882
1.84232530
13.67265161
12.29461959
5.56101412
10.27922852
0.08678871
3.51056512
1.29739714
0.62718518
5.44789539
0.69427492
-6.05758371
-2.45684257
-0.17030024
-13.09289030
7.92950121
4.17137595
-0.20028305
5.89487165
9.52710512
1.17081071
-11.35990149
8.03720525
10.32168931
-9.46878723
-7.12910625
-11.07579950
-3.75846569
5.76928681
11.35113154
10.70748235
-4.84808772
-10.54321059
-3.39489003
4.03415922
-3.76867808
-3.82912718
13.25384954
-6.47004866
1.38681763
11.24925358
7.31174531
8.64295377
-5.77928771
-1.66853841
-2.40055948
3.29403603
1.70556021
6.91381752
9.50669144
-2.94726139
-4.29174101
2.25567592
3.99460621
-6.81556418
9.47539935
-12.24570156
-3.67726571
12.58602805
-9.47525812
-10.59477128
5.64109163
6.82691356
0.12794897
-11.63040257
-0.45966569
2.68980677
4.97186030
6.12925854
-6.04412576
-0.76077879
-11.35845191
2.27746409
5.90852152
7.85417881
-7.22681356
10.19595168
12.57317734
-3.20927799
-0.44658621
-2.70098978
-5.44197179
12.92485553
-11.72080706
-2.14766212
-9.78070275
-8.20154646
-0.39201273
-6.93543775
-11.88887714
-5.57855050
-6.12227871
14.53045347
8.39231227
2.62744771
6.28247170
-6.41195254
-0.38697701
-13.86393505
-2.42695555
-6.65657492
4.52696496
-13.03789451
-8.93878597
2.48468553
-0.16897552
12.25151345
-1.62411236
0.95753510
-1.63640329
0.46843788
2.65368360
4.65801000
2.29876832
2.23410559
-7.15652475
-5.81125814
-2.52330476
-3.53215605
0.16197803
1.65168737
-11.44510032
7.90535075
-13.43276824
8.50359267
2.48206238
4.70309629
2.10895810
0.65373131
6.28333133
6.75806541
10.17506468
11.52638900
2.39453243
0.35608799
-12.66594895
-10.78614578
7.96290172
6.05658756
11.85931087
8.73821120
-7.14135223
-7.52751601
-9.04730887
-7.52877836
-9.37794250
-10.22463200
-6.55664862
-5.16886617
4.76905629
7.04093916
14.17157124
11.35182811
9.29062595
11.03686044
-1.89521021
-2.97042965
-8.58119530
-9.34630981
-5.45958880
3.61189437
-4.30853368
4.53014114
-0.52454337
-4.62290332
-4.39754943
-4.58075907
12.86258904
13.26651457
-5.68507200
-4.70901934
4.49752115
2.10768772
11.33275908
9.94110933
8.97653355
8.65037238
8.22274690
7.26024702
-8.39974443
-7.38849769
-2.01899846
-2.55032552
-2.34358114
-3.21361780
2.71595419
3.42274881
-0.69696793
1.45845613
6.74894948
7.97805492
9.14061024
7.79872137
-1.52254893
-2.15312358
-3.30641271
-4.93550336
2.86660310
3.58048083
6.26239080
4.88493588
-7.49449636
-7.43738374
8.35971305
8.18443747
-9.44140475
-3.10731652
-11.74384935
-4.69621683
12.80681547
11.50820519
-8.74186325
-8.15410441
-12.06603531
-11.34359839
6.86222643
4.74276577
5.18892061
6.41780346
-1.37845026
1.08435068
-13.21579871
-11.98659288
0.62831142
-0.70087921
2.73752576
3.87359078
4.70214630
3.71692431
7.36034249
7.04279780
-4.84928256
-5.99571302
-0.02818811
-1.62824396
-10.09970968
1.87742908
-10.09742254
3.14240992
6.63942735
5.71308010
9.95826220
7.70980881
-7.95298595
-5.99395986
9.52334694
9.00605056
10.81854672
11.64603975
-4.40756445
-2.00011363
1.59537383
-0.52462267
-2.40789004
-3.59577870
-3.76303930
-4.21245270
11.29014896
12.45459638
-9.85049325
-10.57352471
-1.15837853
-1.82022905
-9.74483428
-9.76203860
-5.49800339
-7.75704757
-3.03229717
0.48839307
-7.06520210
-7.60332152
-10.73121989
-11.30177791
-6.71931623
-6.23944714
-3.83177593
-5.97583537
12.37793772
13.69386396
6.37621173
8.07093024
4.02979367
2.71231121
5.83213650
7.32835288
-6.81489817
-6.45831232
-0.61782402
0.59742781
-12.51535889
-13.26717697
-4.32634966
-2.35647187
-4.27006982
-6.15297812
6.14656384
4.59146203
-11.93263777
-13.83064903
-8.45519175
-9.53235045
4.49309254
3.58185842
-0.88034927
11.42111935
-1.27735051
11.16680060
-0.93340087
0.22657699
-1.82797111
1.10011535
1.20626772
-0.42658002
-0.92068421
1.48863743
3.58187432
4.38683657
1.80191208
5.69921866
0.70674016
0.35498520
1.79108201
1.52928918
-8.42627917
-5.13933535
-7.53413339
-6.49741565
-0.23167313
-1.89406283
-1.46835795
-3.02699261
1.70593924
-0.08234550
0.86015125
0.78533866
-12.71358471
8.18280570
-12.35749663
6.94638173
-11.06512300
6.75878643
-14.13406045
7.60026082
2.70859692
4.46860781
3.48307119
5.21064276
1.68871797
0.14960339
3.14575349
1.70447613
5.09336355
6.83809418
5.96519369
6.48012425
8.88795311
8.86566216
9.18533661
10.50231862
2.84443462
0.99924889
1.44275829
0.61391425
-12.54924500
-10.34620991
-13.22310025
-9.78180228
10.03324403
7.04424371
8.90550852
5.06745507
12.17688097
9.46749906
11.05280882
8.83347258
-8.37075210
-9.36064162
-7.15304021
-8.40936353
-8.27984773
-7.14478389
-8.06775503
-6.51284475
-10.53644269
-11.27085843
-9.54707174
-9.24740480
