-0.62262035
-4.99653544
-2.04569069
-5.09825489
-0.78632562
-4.59030630
-5.39695064
-5.13925562
-3.34227746
-0.23498785
-4.13018121
-6.56519844
-1.29337215
-0.66705283
-6.37155418
-4.68632087
-4.30475415
-5.47442908
-5.20376403
-1.74480556
-4.91699097
-3.67576783
-0.24383971
-3.77163895
-5.99336330
-1.86462485
-1.02191415
-0.59958962
-0.66070541
-2.33720668
-6.17616400
-6.16200862
-3.01395642
-1.27818413
-3.74890130
-4.10483850
-3.83021409
-1.33741294
-2.55713466
-2.46002247
-0.30194706
-2.90254688
-6.60682826
-1.73457841
-1.38110117
-2.82006760
-2.95396342
-3.99580901
-2.92595665
-1.87750792
5.13438541
5.31103104
1.63115661
-0.47085294
3.31036654
3.62495018
1.65576432
3.01067044
5.52311619
5.60042743
0.15228236
3.44501265
2.10261029
4.38740014
6.39542200
0.74608623
0.63262912
3.79537913
3.03308717
3.54427234
2.79810907
5.07799373
2.51665255
5.58228831
1.90926741
1.52296530
0.84346861
4.51248128
0.11058860
6.38267474
1.87626315
0.55467874
4.11630972
4.88908337
1.36966038
2.74289701
2.79180570
6.73807606
1.55385923
0.89707248
1.67616245
3.96344394
4.26146029
0.47381791
6.58439418
5.71372537
2.49931631
4.71090665
-0.32547903
2.57769357
0.54476082
-0.13310500
2.26904903
0.84317025
-2.89698649
-1.95158878
0.39771098
-6.46109004
4.12167628
1.83415959
1.03218555
