-2.57385750
-10.79921528
-2.98120162
-10.38647952
-3.04566906
-9.28696983
-12.76577057
-8.71491957
-7.44077593
-0.70312001
-9.07257793
-12.60840590
-1.26730881
-2.98509561
-11.62286677
-8.85468384
-8.12783717
-10.83049546
-10.66909903
-2.09081194
-9.08424448
-6.47194707
-1.94735012
-7.70119600
-10.19668838
-5.39962205
-3.93609921
0.14181545
-0.99822339
-5.17391966
-14.04946811
-14.00439564
-7.98521370
-2.35764783
-8.91550427
-6.23528391
-8.53083026
-3.42231137
-4.97016401
-5.25291123
-0.13067177
-5.66880024
-13.28361803
-3.42804319
-1.12349541
-4.88645877
-4.25555985
-8.48721089
-5.77527448
-3.83599116
10.34218318
9.88314025
3.08121241
-1.13235073
5.23925505
8.57524879
1.87543444
5.26857504
10.49851916
12.97683433
-1.23718358
4.90104710
4.10978999
10.12450714
13.51122644
0.70762288
0.60147193
7.75441208
6.07100121
5.75342097
5.32495417
9.22915369
3.90861745
10.49122820
4.30332701
2.50113078
1.42145902
9.31097483
-0.70318487
12.75246748
3.09590422
3.49587955
7.58598878
9.83301472
2.72273174
5.99932444
3.68982609
12.04025969
3.86370346
0.90736065
3.69615968
6.54876546
9.74116115
1.80417573
13.45598344
12.41469183
5.64903624
10.38507595
0.12681832
3.48239090
1.32451082
0.66181281
5.53477972
0.70469581
-6.13086260
-2.42125774
-0.21179082
-13.13133011
8.00721297
4.31119099
-0.16330808
5.95589415
9.61146055
1.17836378
-11.39335609
8.12277165
10.59216590
-9.55292740
-7.00869341
-11.14943935
-3.30997565
5.33218710
11.92117063
10.50999283
-4.70996684
-10.42372125
-3.49104350
4.16949611
-3.78364393
-3.85800402
13.39449326
-6.44724880
1.39071433
11.28020003
7.37947178
8.59194025
-5.74178087
-1.69488350
-2.35863980
3.30333264
1.72645377
7.03212969
9.62035370
-2.85874573
-4.36090135
2.33772488
4.03617222
-6.89575377
9.67392178
-12.37967969
-3.70175325
12.62372634
-9.55236232
-10.69375203
5.73109225
6.85447841
0.05606771
-11.69210927
-0.48008484
2.69813899
5.04583882
6.19318854
-6.11784264
-0.77669170
-11.44813846
2.30323297
5.95197923
7.97818286
-7.39585105
10.27817861
12.94019951
-3.25364264
-0.47360380
-2.69207229
-5.52122837
13.16886245
-11.80032031
-2.17009688
-9.83774016
-8.12897815
-0.35111911
-7.00235610
-12.02887131
-5.66117254
-6.25922914
14.69637194
8.41999231
2.65163392
6.27768455
-6.47233989
-0.43404324
-14.00667287
-2.46613930
-6.84246936
4.55441487
-13.14621224
-9.01910832
2.44955671
-0.13180738
12.34061170
-1.58905523
1.00997310
-1.63725409
0.42890322
2.65115998
4.77347567
2.33649779
2.26791902
-7.24067039
-5.87102623
-2.52286172
-3.52178790
0.12703425
1.65687877
-11.53342469
8.05825646
-13.57756682
8.63561890
2.53376746
4.86851566
2.16343506
0.80021522
6.41789298
6.89501913
10.25453177
11.60935544
2.43568506
0.35136270
-12.99645131
-11.09373625
8.00696794
6.10450900
11.96747453
8.75557911
-7.20407344
-7.59961758
-9.12376213
-7.55170361
-9.52682347
-10.31854753
-6.98199706
-5.04252600
4.67489255
6.52693698
14.41145981
11.53508072
9.50563298
11.43361455
-1.45124612
-2.96015583
-9.28522811
-10.02281565
-5.18883473
3.36237377
-4.47161152
4.90150398
-0.56346201
-4.74689949
-4.35096823
-4.66508133
13.07437120
13.38926451
-5.56945639
-4.69587800
4.43485905
2.10770658
11.42468764
9.98344687
9.07818631
8.72078620
8.30950277
7.21666054
-8.41956987
-7.53597593
-2.06618920
-2.59405475
-2.42059100
-3.26664507
2.71847290
3.47682890
-0.71725058
1.40517665
6.85235006
8.12735393
9.17817470
7.86712153
-1.52488703
-2.13847416
-3.35493962
-4.99377755
2.86737570
3.64905402
6.34541039
4.96511628
-7.56493734
-7.57312455
8.53454747
8.27920077
-9.48279923
-3.14177023
-12.05434075
-4.74471232
12.93754756
11.63376402
-8.86084322
-8.25750124
-12.15025937
-11.46019280
6.94166151
4.81320001
5.24424267
6.50163910
-1.42332035
1.07338386
-13.34831821
-12.09020760
0.66264411
-0.68503602
2.81219755
3.95333223
4.71631742
3.76110887
7.44447513
7.11613525
-4.95251913
-6.03432166
-0.02906004
-1.62208903
-10.20351817
1.90826323
-10.18534118
3.15768122
6.73552743
5.69628039
10.10267021
7.79775380
-8.04371778
-6.22095798
9.57968663
9.06460790
10.94284325
11.73506495
-4.47012162
-2.00591454
1.59533896
-0.57510844
-2.37895893
-3.65246084
-3.81950731
-4.26505462
11.39570393
12.53872976
-9.99363471
-10.67324882
-1.20364510
-1.81686689
-9.81700244
-9.96599635
-5.62891836
-7.73739160
-3.05953723
0.45838832
-7.12608272
-7.68644249
-10.85317555
-11.42257591
-6.81239594
-6.30961955
-3.93524896
-6.11170850
12.41687644
14.05364645
6.37844644
8.12939048
4.10023479
2.83908228
5.89023341
7.35899729
-6.92846643
-6.55656648
-0.59435745
0.57252195
-12.59069608
-13.37029920
-4.29634983
-2.39518609
-4.32071412
-6.36029227
6.24458194
4.67933216
-12.02884267
-13.85981876
-8.51504811
-9.61851005
4.54029606
3.52463418
-0.84066956
11.55736902
-1.10946855
11.24532105
-0.94281290
0.29653017
-1.87542533
1.16104073
1.21964109
-0.42295219
-0.91889187
1.47702423
3.57736246
4.47182293
1.79602358
5.83706418
0.71222078
0.32508516
1.81326648
1.50999331
-8.49947135
-5.19493271
-7.63877287
-6.57744434
-0.18489301
-1.88348185
-1.45324873
-3.00003392
1.74102641
-0.09183496
0.85219064
0.76105574
-12.84882520
8.25144093
-12.38370701
7.05657014
-11.13349167
6.78980927
-14.22635196
7.72611037
2.77170196
4.53057456
3.54036555
5.19896387
1.67006436
0.17340262
3.21201757
1.74206620
5.21017090
6.94775375
5.66211848
6.57089770
9.02258397
8.91843814
9.28484137
10.57301875
2.90000699
1.01804283
1.45843510
0.68101352
-12.64951413
-10.38612930
-13.30618693
-10.06985949
10.07341254
7.10972718
8.97477456
5.10662626
12.43742399
9.65984144
11.20107728
8.97772709
-8.42034156
-9.41161209
-7.27495423
-8.52707931
-8.37788086
-7.29998344
-8.11476552
-6.58131658
-10.62687735
-11.28822656
-9.62967424
-9.30529210
-6.69746636
-4.29901983
-6.06511335
-5.60272701
3.31500987
6.26790132
5.17213276
7.45195952
14.42996897
11.02959483
14.23871814
11.23109329
8.87400720
11.39805718
9.30818954
10.80134044
-2.05388624
-5.33177770
-2.39625355
-3.20031921
-9.48323542
-11.06238930
-8.35379880
-9.05700246
-5.44749950
2.24784823
-3.29894779
3.82804671
-5.77771036
3.79199859
-4.16878092
4.47062992
