-2.60854047
-10.87304334
-3.02471882
-10.40959402
-3.05465295
-9.31058466
-12.83335811
-8.81027162
-7.51819589
-0.68822749
-9.16630482
-12.68819303
-1.26335536
-2.98806921
-11.77288216
-8.93126428
-8.23787127
-10.89260552
-10.78180382
-2.11209235
-9.13148507
-6.57830709
-1.93223664
-7.80470445
-10.26044128
-5.23802345
-3.93123988
0.16309742
-0.98045140
-5.32763856
-14.12065645
-14.09975539
-8.05454139
-1.70989735
-8.97232008
-6.23373467
-8.57440414
-3.48791478
-5.05160253
-5.74960086
-0.12264248
-5.68538685
-13.33234356
-3.41730611
-1.17689225
-4.90195335
-4.23709411
-8.49419770
-5.78847802
-3.87432789
10.42231226
9.97593440
3.09590393
-1.18396876
5.29240247
8.62455177
1.90405492
5.27864339
10.54982730
13.03933893
-1.24320371
4.92243200
4.13505148
10.18843750
13.51394831
0.71881695
0.62794015
7.78433982
6.14099577
5.77315517
5.30088482
9.29517976
3.92238824
10.55456863
4.28807929
2.49615041
1.43677507
9.36005527
-0.72606175
12.80407090
3.29591255
3.59450086
7.62890956
9.85252085
2.73346813
6.01517733
3.73311473
11.76304649
3.89570826
0.92437732
3.68446968
6.63496520
9.83617887
1.84568818
13.51302106
12.48368100
5.71232929
10.44862973
0.14624857
3.47531776
1.32721489
0.67699039
5.58337894
0.73304878
-6.18157791
-2.40641373
-0.23501929
-13.13153021
8.00164819
4.35367391
-0.09840477
5.98389879
9.66584543
1.20589818
-11.38928332
8.15776118
10.60672988
-9.64296731
-7.05623395
-11.19145960
-3.31266575
5.32169830
12.04736945
10.51023898
-4.85337569
-10.45536497
-3.52223178
4.16679258
-4.03061152
-3.93854534
13.94084531
-6.51774456
1.34996430
11.31758563
7.48404414
8.64206961
-5.87478896
-1.68551507
-2.34855888
3.30509825
1.72689713
7.04179983
9.69050849
-2.85252325
-4.40560284
2.37201656
4.04432655
-6.96899825
9.74080337
-12.39454974
-3.73243754
12.66149309
-9.63526762
-10.77442395
5.75780431
6.86465422
0.03187992
-11.72011008
-0.47589402
2.75707004
5.08001450
6.23620733
-6.13503861
-0.75070039
-11.52032956
2.34056576
5.98350379
8.03662768
-7.43129255
10.30480659
13.05937344
-3.23843795
-0.43579925
-2.80483804
-5.52908647
13.24855297
-11.86919819
-2.14494986
-9.88514725
-8.14506234
-0.36935861
-7.02288052
-12.09885727
-5.73612539
-6.30535228
14.70994943
8.46289500
2.61713061
6.28594873
-6.58975733
-0.41605072
-14.07496186
-2.49979804
-6.96837253
4.56581948
-13.22536479
-9.06037876
2.47358222
-0.18187535
12.41874544
-1.61733670
1.03087798
-1.61179399
0.39955943
2.63763879
4.82580918
2.37057665
2.26345138
-7.31843223
-5.82115872
-2.51649101
-3.53759586
0.12803989
1.66131332
-11.55707617
8.13607337
-13.65273960
8.72720941
2.57015681
4.82095916
2.18979908
0.81759443
6.45851081
6.94094841
10.30249953
11.64681133
2.36825491
0.37179546
-13.15292141
-11.15825738
8.02725527
6.12890050
12.02723059
8.82283877
-7.23183385
-7.64868199
-9.19017726
-7.63353585
-9.59281476
-10.36863113
-6.99897608
-5.12350900
4.70644433
6.59923060
14.44715093
11.57547356
9.49720276
11.49935498
-1.45765648
-2.98895603
-9.39139120
-10.10663268
-5.08864545
3.25386283
-4.26340475
4.94562605
-0.61367092
-4.91030426
-3.79225136
-4.89326370
13.48466254
13.94843229
-5.53658663
-4.70811569
4.43268568
2.12187274
11.48511900
10.00526462
9.14594501
8.79004626
8.37031638
7.25251325
-8.48103257
-7.56928737
-2.11475670
-2.52390418
-2.45237505
-3.18779220
2.72231176
3.52561584
-0.75707958
1.37267550
6.90336311
8.15509265
9.26616952
7.89578490
-1.63343031
-2.09790534
-3.33455348
-5.06424605
2.83470420
3.67014156
6.38442730
5.00027773
-7.67026563
-7.62360875
8.58345091
8.31816485
-9.53729874
-3.13876447
-12.15743636
-4.77351195
13.01713948
11.71667908
-8.91710843
-8.30807109
-12.20709435
-11.51459817
7.01206878
4.91408873
5.24876096
6.53640110
-1.44240084
1.05386134
-13.41715116
-12.14804389
0.68089209
-0.66404926
2.81028122
4.01995699
4.73716025
3.78106132
7.49718160
7.17720031
-4.99188561
-6.06992386
-0.02379408
-1.62595749
-10.25844989
1.96143525
-10.25675634
3.11784259
6.80177244
5.72538681
10.17331521
7.87107404
-8.05385536
-6.27963489
9.62591554
9.08536913
11.01482957
11.79649193
-4.52664386
-1.98492695
1.64386774
-0.54888047
-2.32820343
-3.76427689
-3.80579088
-4.27217242
11.45259661
12.59362911
-10.07432002
-10.73662737
-1.20734844
-1.80393730
-9.87484068
-10.06882092
-5.67061909
-7.76695900
-3.11372315
0.41858462
-7.22664064
-7.77733292
-10.90974929
-11.48580773
-6.86729253
-6.35444138
-3.99119788
-6.17414445
12.38716149
14.17656059
6.44041343
8.14958699
4.20567892
2.90728885
5.87618332
7.39825204
-6.99332839
-6.60509765
-0.64144832
0.54962422
-12.66122768
-13.43446577
-4.44590256
-2.44677266
-4.34628524
-6.42082283
6.30175343
4.75277318
-12.10416950
-13.89352557
-8.56680851
-9.67138266
4.56859277
3.57232436
-0.83675236
11.63329980
-1.11750677
11.31136158
-0.93239964
0.27815440
-1.88418029
1.17301081
1.24017667
-0.41508339
-0.92546218
1.46748614
3.58280997
4.49835384
1.79899884
5.90828792
0.74297868
0.32119247
1.82442654
1.53640572
-8.57643737
-5.15046574
-7.70532529
-6.68451645
-0.14937605
-1.88146783
-1.43330418
-2.97544165
1.78806080
-0.09341007
0.84872753
0.75914593
-12.92171874
8.29427037
-12.39150576
7.13634670
-11.20240245
6.84385803
-14.26565080
7.78823759
2.75337207
4.53851690
3.56698183
5.19154757
1.63988869
0.16568654
3.25275918
1.79606585
5.22227039
6.98359558
5.69438633
6.63059988
9.09205044
8.95906458
9.35702672
10.60463100
2.89743187
1.02896175
1.44771276
0.64939995
-12.73606068
-10.39880700
-13.32160225
-10.16961846
10.08859954
7.13445618
9.01292859
5.10579436
12.50362152
9.64335249
11.27774367
9.04232392
-8.44033492
-9.43528369
-7.30002076
-8.61525351
-8.44352160
-7.30379062
-8.17221595
-6.61301380
-10.65134740
-11.29520196
-9.65039449
-9.34887676
-6.76004880
-4.21321522
-6.08741185
-5.85798161
3.26251016
6.25125339
5.24347617
7.49327601
14.48243800
11.11301615
14.30854209
11.23107196
8.88854496
11.41937601
9.35459162
10.87427255
-2.11517175
-5.33065478
-2.23421410
-3.02617876
-9.47531716
-11.11337793
-8.47277323
-9.16735744
-5.55241695
2.33154093
-3.32425642
4.17955249
-5.88777083
3.77449106
-4.17383169
4.53885491
-2.69357923
-3.43427580
-0.35732227
-4.94031184
-4.82281968
-3.85454240
-4.83031715
-4.48147114
12.47657343
12.96430193
12.88033125
12.96695045
