-2.58360021
-10.83675874
-2.99471223
-10.39589248
-3.04548835
-9.29235962
-12.79847024
-8.77365072
-7.47290037
-0.69270140
-9.13471906
-12.64786871
-1.26543333
-2.97549001
-11.71062368
-8.88700622
-8.17789236
-10.85906334
-10.73475045
-2.09707648
-9.11412587
-6.48058692
-1.95333714
-7.75670537
-10.22585749
-5.27964480
-3.93996571
0.14950013
-0.97848071
-5.26020023
-14.08368078
-14.05361648
-8.02533936
-2.37420536
-8.94376305
-6.22555108
-8.55208770
-3.46172004
-5.02004439
-5.24495928
-0.10961977
-5.69013001
-13.30849609
-3.41360512
-1.15437123
-4.88357144
-4.24401938
-8.47956399
-5.78552973
-3.86398514
10.38134755
9.93058502
3.08785428
-1.17343130
5.27094383
8.59994059
1.89111989
5.27149093
10.52407835
13.00724685
-1.24288351
4.91285774
4.12523371
10.15297508
13.51358569
0.71425426
0.62217052
7.77021396
6.10237098
5.76098184
5.29263368
9.26170415
3.91554849
10.52212670
4.30100453
2.50234530
1.42956686
9.33823823
-0.70784563
12.77885160
3.17284980
3.59014893
7.60077137
9.84827320
2.72357784
5.99798015
3.70999624
12.07943779
3.88492815
0.91604233
3.69816094
6.62746066
9.78840313
1.84333870
13.48749019
12.44801506
5.68078425
10.41593021
0.13668736
3.47061157
1.32542728
0.67298354
5.55936148
0.72108515
-6.16025155
-2.40767500
-0.23081273
-13.12885319
7.99984690
4.36263403
-0.12326262
5.97015520
9.63881277
1.18793810
-11.39134285
8.14252678
10.60110661
-9.60153488
-7.02893052
-11.16841700
-3.31337760
5.30877812
11.98869081
10.51014485
-4.80811489
-10.43696883
-3.47503930
4.17777484
-3.79628380
-3.87620004
13.42181841
-6.47865659
1.36268744
11.30131097
7.43988501
8.61635349
-5.72092496
-1.67706904
-2.33764482
3.30405782
1.72890463
7.03615243
9.65797826
-2.84326779
-4.37343883
2.35494971
4.03998176
-6.93084210
9.70727216
-12.38910376
-3.72702385
12.64560223
-9.59557472
-10.73497181
5.74555165
6.85947271
0.01846523
-11.70804834
-0.47934193
2.73309110
5.06712227
6.21665268
-6.12020851
-0.77741496
-11.48366524
2.35577741
5.96628994
8.00873643
-7.41322499
10.29136892
13.00471613
-3.27116446
-0.44930970
-2.73763113
-5.51885330
13.20979357
-11.83183134
-2.14505983
-9.86298908
-8.13058675
-0.36242406
-7.01204277
-12.06303594
-5.70407792
-6.27314901
14.70475374
8.44080887
2.62631265
6.27949218
-6.54331270
-0.43475507
-14.04219868
-2.46259596
-6.92737205
4.56224198
-13.18340994
-9.03838460
2.45929304
-0.15879641
12.37539438
-1.59599732
1.01502266
-1.62635169
0.41759234
2.64016402
4.79886062
2.35111036
2.27391750
-7.27853315
-5.86616831
-2.51804887
-3.53096795
0.12241915
1.64239199
-11.54688011
8.09780497
-13.61682396
8.68141532
2.55024044
4.82565235
2.17042086
0.81603642
6.43484715
6.91106507
10.27872820
11.62782808
2.36111125
0.35350230
-13.09902123
-11.12849676
8.01721614
6.11778522
11.99547192
8.79047750
-7.21069288
-7.61786145
-9.16741050
-7.61988060
-9.56201431
-10.34363070
-6.98637738
-5.05336028
4.68599348
6.56674764
14.43286502
11.55346389
9.50180078
11.46617414
-1.47029214
-2.98653276
-9.34249246
-10.06670898
-5.12950785
3.29356038
-4.31597693
4.92591101
-0.57894338
-4.76268486
-4.32833697
-4.67068264
13.12933139
13.42104749
-5.54908780
-4.71608870
4.42830804
2.11447632
11.45579094
9.99603192
9.11527925
8.75238384
8.34568766
7.22857001
-8.43279516
-7.54770632
-2.12333368
-2.60685731
-2.43636689
-3.25576593
2.72194078
3.50129764
-0.74854088
1.34886611
6.87419201
8.14208464
9.23267743
7.86941513
-1.52484787
-2.13830529
-3.34426525
-5.02992306
2.84952803
3.66140998
6.36824984
4.98661570
-7.62605493
-7.60819835
8.56461233
8.29014012
-9.50129182
-3.13681566
-12.12852535
-4.75679285
12.97527338
11.67308976
-8.88442016
-8.28748023
-12.17500917
-11.49205821
6.97559208
4.87664762
5.24541208
6.52413966
-1.43198605
1.07490711
-13.38172781
-12.11771537
0.66726497
-0.67563805
2.78977132
3.99169418
4.72457526
3.77113007
7.47325145
7.14434956
-4.97558084
-6.05204402
-0.03896364
-1.63583523
-10.23041430
1.93741448
-10.22378226
3.14145245
6.77079181
5.70738222
10.13889318
7.83624219
-8.04723268
-6.23483809
9.59887809
9.07647994
10.98124399
11.76388339
-4.48894686
-2.00749259
1.61958171
-0.55170639
-2.35002737
-3.72949613
-3.80334311
-4.25857110
11.42550142
12.56884964
-10.04030412
-10.70182138
-1.21149186
-1.80710459
-9.84490494
-10.01070702
-5.64428716
-7.73574121
-3.08673982
0.41371036
-7.13896633
-7.69865772
-10.88120103
-11.45181639
-6.84029316
-6.32547830
-3.96987998
-6.15130987
12.40539800
14.12019097
6.41786628
8.14042580
4.15039579
2.88037028
5.88230312
7.38073721
-6.98659906
-6.57612147
-0.61187987
0.55563758
-12.62429708
-13.39792045
-4.35917654
-2.43858004
-4.30924207
-6.39353884
6.27459524
4.71909726
-12.06422085
-13.87017487
-8.53745302
-9.64102965
4.55595472
3.54591359
-0.83721969
11.59384901
-1.10061105
11.27313911
-0.93631510
0.28365397
-1.87720141
1.17175816
1.22721914
-0.41720526
-0.91244762
1.47472359
3.57032897
4.48598435
1.79657595
5.87900236
0.72202871
0.32579595
1.81823198
1.52887371
-8.53257601
-5.20558791
-7.66158692
-6.59873173
-0.16370385
-1.88458412
-1.44245054
-2.97995254
1.77201230
-0.09271297
0.84590669
0.75921285
-12.89006617
8.27123466
-12.39236497
7.10057605
-11.17375062
6.81816913
-14.24574514
7.75863162
2.76569857
4.53582380
3.55116663
5.20079163
1.64945874
0.17705262
3.23204549
1.77478504
5.21581585
6.96491937
5.67248178
6.60101119
9.05383068
8.93927877
9.32050075
10.58819159
2.88918286
1.02206305
1.45856887
0.65909172
-12.68557643
-10.39628125
-13.31550078
-10.13132011
10.08198197
7.12304778
8.99412686
5.10447909
12.46849785
9.65494005
11.24010861
9.01170295
-8.43032131
-9.42275145
-7.28270425
-8.57782588
-8.41512614
-7.30049292
-8.14707636
-6.60032333
-10.64114705
-11.29171498
-9.64117020
-9.32355300
-6.71186586
-4.29980195
-6.07591713
-5.60686174
3.28381086
6.24754198
5.21570754
7.47122219
14.45918997
11.07368980
14.27550431
11.23111188
8.88478030
11.41089144
9.33261351
10.84657780
-2.06814112
-5.33729097
-2.38428471
-3.19243384
-9.45436970
-11.08697199
-8.41264507
-9.14427603
-5.49336620
2.27322893
-3.32998003
4.00412922
-5.84064638
3.78148434
-4.16910592
4.53579495
