-2.61573291
-10.91201549
-3.01962613
-10.42669241
-3.09051472
-9.32663248
-12.87693252
-8.84510795
-7.57362320
-0.68226645
-9.19133946
-12.73293765
-1.25625463
-3.00164136
-11.82139351
-9.01249345
-8.28706707
-10.92886503
-10.82335480
-2.11458641
-9.15360843
-6.63692372
-1.96638372
-7.86238222
-10.30301709
-5.21331302
-3.92581825
0.18501439
-0.98036851
-5.36039951
-14.15774518
-14.14804109
-8.07555268
-1.71413286
-9.00866898
-6.23566183
-8.61166610
-3.50187817
-5.03901610
-5.80311242
-0.13969023
-5.66905457
-13.36066551
-3.42969150
-1.18583289
-4.93985471
-4.22434579
-8.50034549
-5.76572018
-3.88721324
10.46354379
10.01422033
3.10070121
-1.17688054
5.37123061
8.65057338
1.90943144
5.30729750
10.57355870
13.07304878
-1.22781050
4.93546120
4.14003423
10.20506024
13.51736982
0.70174025
0.63682231
7.79940523
6.16025734
5.79438641
5.30982129
9.32654656
3.92807357
10.55156898
4.27745772
2.48847948
1.44617551
9.37684606
-0.73353113
12.82749757
3.42743271
3.59124354
7.64358407
9.85599226
2.74423007
6.03206659
3.75147108
11.94508912
3.90907710
0.93091474
3.69297009
6.64492406
9.88175846
1.85448292
13.53355406
12.43716360
5.74682017
10.42750502
0.14293335
3.48952287
1.34327462
0.68025387
5.60353056
0.74890915
-6.19254246
-2.42828305
-0.23769803
-13.13265482
8.00308679
4.34590015
-0.07993274
6.00131454
9.69216604
1.23848730
-11.38705924
8.17209931
10.62671647
-9.67859296
-7.06332031
-11.21679445
-3.31445879
5.34480828
12.10295815
10.51027493
-4.86043395
-10.48172701
-3.58277491
4.12870543
-4.01644089
-3.96020436
14.17545783
-6.55386994
1.35310690
11.33501235
7.49659503
8.66884887
-5.92789946
-1.68696315
-2.34064829
3.30983788
1.73200913
7.05006941
9.60560628
-2.85908979
-4.41391074
2.38305353
4.04538075
-7.00050809
9.75077157
-12.39954586
-3.74544364
12.67591137
-9.67480388
-10.81219437
5.76620123
6.87142702
0.07989087
-11.72895174
-0.47559004
2.77150787
5.09270762
6.25506043
-6.16209741
-0.73741606
-11.55929442
2.32999485
6.00179869
8.06393642
-7.44465370
10.31491363
13.10828241
-3.24416663
-0.46266395
-2.82866739
-5.54171659
13.28844649
-11.90316107
-2.15530302
-9.90471924
-8.16934505
-0.36455596
-7.05628168
-12.13695699
-5.75031837
-6.32935192
14.78765141
8.48265061
2.62103379
6.29311078
-6.65732007
-0.39534659
-14.10530203
-2.54279377
-7.01320051
4.57207330
-13.26918115
-9.08098939
2.48886543
-0.19170518
12.40788122
-1.64884568
1.05003700
-1.60729669
0.40021843
2.65016538
4.84151373
2.40606991
2.25086964
-7.35823251
-5.73778130
-2.51383284
-3.54515783
0.13002252
1.67650217
-11.57133061
8.17397281
-13.69361288
8.75334481
2.58479279
4.82351317
2.20541728
0.81837128
6.47470391
6.95502660
10.32447155
11.66346442
2.40561003
0.39827012
-13.19101831
-11.18687590
8.03733117
6.13523815
12.05815050
8.83888715
-7.25316092
-7.67531136
-9.21733060
-7.64977339
-9.62012513
-10.40347296
-7.03580534
-5.17070155
4.72179732
6.63390177
14.45482490
11.59504148
9.49011532
11.51579421
-1.42655107
-2.99467494
-9.44602766
-10.14101489
-5.09263383
3.18550900
-4.24622034
4.95622764
-0.59124513
-4.92552380
-3.79016354
-4.90791271
13.47947830
14.13856190
-5.54982692
-4.69448960
4.43529269
2.13211361
11.51336951
10.02576331
9.13610351
8.79895110
8.37088047
7.27713363
-8.55184772
-7.60556251
-2.08385791
-2.54334808
-2.46593609
-3.14562618
2.72741432
3.55362656
-0.73869898
1.43443823
6.93440717
8.17641975
9.26478002
7.89868752
-1.63630121
-2.10617571
-3.31371895
-5.09216898
2.82230045
3.68307285
6.39738789
5.01005225
-7.70783003
-7.64932462
8.59510421
8.34829330
-9.57187020
-3.14500119
-12.17319996
-4.78224915
13.06141570
11.76262590
-8.94237540
-8.32267166
-12.23872097
-11.53435317
7.00069223
4.92516826
5.26176022
6.55245327
-1.46795104
1.02311375
-13.45359959
-12.17927036
0.69496734
-0.65169206
2.82642289
4.04217172
4.74757025
3.79394270
7.51851683
7.20605541
-5.02059024
-6.08589959
-0.00860200
-1.62788118
-10.28602698
1.96176492
-10.29410457
3.11358484
6.82714149
5.74000477
10.19923462
7.87997764
-8.05638925
-6.30019437
9.65344411
9.09392438
10.91843342
11.79747642
-4.51980138
-1.97713820
1.65846988
-0.54518251
-2.30957037
-3.75954062
-3.82162108
-4.28548026
11.47757309
12.61360646
-10.09884857
-10.76548886
-1.21700874
-1.80947956
-9.92977945
-10.14268202
-5.69967069
-7.79645767
-3.14688496
0.45598793
-7.27119160
-7.81209961
-10.94545491
-11.52332656
-6.87699163
-6.35184414
-3.99364176
-6.17980071
12.36847692
14.36964627
6.45959554
8.15820294
4.23365990
2.92561034
5.87546183
7.42001585
-7.00065881
-6.62437607
-0.64993180
0.54568252
-12.69713503
-13.46896272
-4.52781314
-2.44001187
-4.38967414
-6.44941739
6.32815969
4.78176914
-12.14752237
-13.92510040
-8.60593302
-9.71067383
4.58824238
3.60004909
-0.82579461
11.56454596
-1.13234847
11.36510086
-0.93536972
0.27621361
-1.90743115
1.17283380
1.26649901
-0.41518438
-0.92252963
1.47556410
3.59583490
4.51508717
1.80839263
5.93213445
0.76721875
0.31470491
1.83938740
1.54091081
-8.60176972
-5.13804951
-7.75326343
-6.70103191
-0.12755828
-1.87722802
-1.43107240
-3.01462604
1.80554402
-0.09379831
0.85699735
0.76471559
-12.95286053
8.31886189
-12.38421464
7.16520596
-11.22696889
6.86423279
-14.28554133
7.82030232
2.73238262
4.53355961
3.58170663
5.18715544
1.64069813
0.16978225
3.28127363
1.81047063
5.23469295
7.00186532
5.71330371
6.65526083
9.13135904
8.97962373
9.39194673
10.61843324
2.90269340
1.04844162
1.47024592
0.63685554
-12.78067577
-10.39796479
-13.32609378
-10.20598028
10.09335502
7.14559304
9.03215583
5.10804624
12.54937908
9.65521724
11.29504763
9.06425675
-8.45096279
-9.44552620
-7.32492421
-8.65310854
-8.47156706
-7.30681816
-8.19803364
-6.62405554
-10.65937680
-11.29822123
-9.65519209
-9.37793146
-6.74087996
-4.25762128
-6.11187694
-5.87506942
3.24637691
6.26229265
5.26477338
7.51195042
14.50127233
11.15608696
14.33012607
11.23098679
8.88908887
11.43461152
9.37507716
10.87357362
-2.12402006
-5.34011461
-2.17292406
-2.90539032
-9.50094436
-11.14469084
-8.52457771
-9.20372781
-5.61976159
2.40161115
-3.29215911
4.29890356
-5.94076517
3.76312029
-4.17821949
4.51096735
-2.68555247
-3.43142791
-0.34861950
-4.94358031
-4.90875403
-3.98076809
-4.80463035
-4.52371065
12.25889133
13.24132232
12.95748246
13.18236810
