-2.57509928
-10.77237670
-2.96257725
-10.37961077
-3.02645115
-9.28367979
-12.73438217
-9.26770519
-7.53596490
-0.71282412
-9.03090890
-12.57669370
-1.26858733
-3.06593022
-11.53303526
-8.82309104
-8.10285639
-10.80861716
-10.63106348
-2.08016447
-9.06228075
-6.46887171
-1.95320876
-7.67395395
-10.17149055
-5.34733794
-3.92455752
0.14183770
-0.99565985
-5.16577417
-14.01893047
-13.95614873
-7.94331550
-2.34119271
-8.84061355
-6.19821437
-8.50803469
-3.43778403
-4.90738509
-5.22186563
-0.12082238
-5.64538852
-13.26553379
-3.42425124
-0.98964418
-4.91102983
-4.25883965
-8.47959597
-5.70907542
-3.82044487
10.31223958
9.83635219
3.10706647
-1.12497436
5.28251942
8.55221986
1.85861867
5.26792598
10.47670596
12.94449541
-1.21230903
4.90505705
4.09611212
10.11132506
13.49838444
0.73156627
0.61206880
7.74325757
6.05596343
5.76383208
5.32232960
9.19815252
3.90168312
10.46733867
4.32378047
2.46287394
1.42197475
9.27771916
-0.72291993
12.72532214
2.68130247
3.49916854
7.56840724
9.76911281
2.73159914
5.90297041
3.59196448
11.99788038
3.84466890
0.90350642
3.70135597
6.51249136
9.69926413
1.76256919
13.42484083
12.37976160
5.62360637
10.35608730
0.10618485
3.49770064
1.31626377
0.64836103
5.50263169
0.69895223
-6.10446650
-2.41765166
-0.19748709
-13.11376171
7.97792502
4.19751540
-0.19414056
5.94619166
9.59006312
1.17329631
-11.37252541
8.10198803
10.55165684
-9.52906771
-7.12210236
-11.13278143
-3.31069036
5.38807670
11.83448240
10.50984138
-4.53249218
-10.61212059
-3.44373215
4.03363681
-3.76727270
-3.83484138
13.36559262
-6.61407272
1.37519491
11.25836333
7.35822777
8.59117393
-5.79520531
-1.72343855
-2.42745568
3.29737749
1.73043490
7.03394071
9.58565909
-2.85969227
-4.33311794
2.32351909
4.02846253
-6.87797870
9.61539720
-12.34037870
-3.70409287
12.59166008
-9.53198910
-10.66595497
5.69441566
6.84883774
0.11972466
-11.67401369
-0.47272482
2.61109225
5.01492374
6.17632918
-6.07799410
-0.76723787
-11.42065492
2.28377525
5.93769370
7.95625370
-7.38149357
10.25302862
12.86336577
-3.22455538
-0.46730009
-2.68734413
-5.50388285
13.10558442
-11.79559222
-2.16660411
-9.80056923
-8.19311460
-0.36291479
-6.98468156
-11.99584484
-5.63277808
-6.21267251
14.67992636
8.41271814
2.62678478
6.28476654
-6.46418749
-0.39532089
-13.97198146
-2.45672518
-6.71579462
4.54305694
-13.11583919
-8.99841557
2.45725242
-0.16609098
12.31947141
-1.60611484
0.95603923
-1.63425290
0.44535701
2.66465834
4.75377054
2.32079365
2.26052673
-7.21362692
-5.85335888
-2.51940329
-3.51020142
0.13737529
1.63466895
-11.51247620
8.02079934
-13.53635140
8.59759567
2.53004306
4.73176427
2.13557056
0.73259254
6.41234951
6.86786568
10.23092852
11.59275729
2.42169969
0.36073740
-12.72943336
-10.94543088
7.99585292
6.09273184
11.93661096
8.73808548
-7.18896197
-7.59094344
-9.09962733
-7.59630629
-9.49339960
-10.30138677
-6.97110216
-5.04756315
4.61872925
6.52952827
14.38159688
11.53494406
9.50616928
11.40884385
-1.41312802
-2.90414363
-8.71790739
-9.41280825
-5.50416194
3.64051183
-4.36154947
4.57332150
-0.54468542
-4.73776231
-4.40667939
-4.62328143
13.00760640
13.35765864
-5.59249369
-4.68655378
4.46192459
2.12007698
11.40085934
9.96534683
9.04307896
8.70171245
8.29027110
7.21756301
-8.40114462
-7.49207782
-2.03956588
-2.56520221
-2.38189921
-3.27129296
2.72102041
3.46082501
-0.70464654
1.46092803
6.81026489
8.09000786
9.15966271
7.84031136
-1.52209322
-2.12990755
-3.33101711
-4.98152275
2.87578898
3.62959431
6.32220722
4.93737563
-7.54258074
-7.52889610
8.53506866
8.27946097
-9.48032053
-3.13661208
-11.79361915
-4.73622269
12.90567103
11.60026701
-8.83742874
-8.21235210
-12.13127056
-11.43071701
6.92167836
4.78269806
5.23503431
6.48282536
-1.39913469
1.09208190
-13.31544576
-12.06366931
0.64661130
-0.68445588
2.79626195
3.87556039
4.70752693
3.74848862
7.42537355
7.09895114
-4.88397844
-6.04145592
-0.02228599
-1.61980857
-10.17954526
1.88262128
-10.15544244
3.17443893
6.70547958
5.70124453
10.05951534
7.76660904
-8.03273868
-6.19831971
9.57202245
9.04452139
10.90870703
11.70444170
-4.45377204
-2.01755389
1.59922543
-0.58451975
-2.42951553
-3.57848863
-3.81043037
-4.26918725
11.36187251
12.50122188
-9.96792095
-10.65105684
-1.18468104
-1.81442936
-9.79366076
-9.91664481
-5.65572529
-7.87627042
-3.06528669
0.50069316
-7.10713328
-7.66030793
-10.82562541
-11.39760102
-6.78451162
-6.29269273
-3.89347859
-6.06099172
12.41251594
13.96304365
6.40272585
8.11351964
4.07216180
2.76358573
5.87175823
7.36021726
-6.89612368
-6.51042561
-0.60650891
0.60524978
-12.56180559
-13.34712359
-4.37280179
-2.37855829
-4.31196262
-6.23457244
6.21247842
4.64029396
-12.00105369
-13.85175352
-8.50183357
-9.59555487
4.54369524
3.53395591
-0.89823971
11.51923775
-1.22673181
11.22419337
-0.94052818
0.29726147
-1.86854312
1.14549394
1.21894133
-0.42656773
-0.91312085
1.47899232
3.59762165
4.46388374
1.79004008
5.80319520
0.71603518
0.32599263
1.81446056
1.45938768
-8.47817585
-5.16999364
-7.61220609
-6.54879733
-0.20590155
-1.87739577
-1.45420999
-2.99439101
1.67808980
-0.10536774
0.88597382
0.76874278
-12.81254516
8.23545842
-12.37885649
6.99423095
-11.11795466
6.77395144
-14.20384786
7.68861705
2.74912183
4.51721998
3.52978528
5.22335592
1.69268685
0.14955921
3.18365381
1.73443053
5.24471060
6.94546632
5.71830545
6.54510134
8.99023859
8.90111741
9.25750415
10.55894517
2.91271652
1.01177046
1.48926234
0.66453220
-12.63274343
-10.35464686
-13.28134974
-9.92605390
10.06379921
7.09336443
8.95776376
5.09992880
12.39217938
9.67139742
11.15454837
8.93329013
-8.40685516
-9.40462364
-7.20199813
-8.48854117
-8.37316801
-7.26831931
-8.09364038
-6.57274366
-10.61037638
-11.28453970
-9.61500414
-9.29170808
-6.72819166
-4.29676458
-6.06278866
-5.60586947
3.40067552
6.29581785
5.11589006
7.46076873
14.38639848
10.99156113
14.23478852
11.23091650
8.83160769
11.38392649
9.24960635
10.69941218
-2.01908662
-5.30930727
-2.46657271
-3.15512352
