-2.56767518
-10.75154111
-2.95159258
-10.36487194
-3.00583643
-9.27089851
-12.70227992
-9.27263870
-7.56180686
-0.69754596
-8.99858895
-12.54679354
-1.26448222
-3.05014715
-11.49623608
-8.78842224
-8.08259508
-10.78866582
-10.60937468
-2.07320865
-9.03939285
-6.45467400
-1.97994849
-7.65055899
-10.14688650
-5.33140140
-3.91499280
0.14052741
-0.99410041
-5.14297698
-13.99287133
-13.91102419
-7.91473198
-2.32274507
-8.82302639
-6.16324469
-8.48634924
-3.42658960
-4.88814804
-5.19311563
-0.11481823
-5.63188973
-13.25396171
-3.40816880
-1.42794908
-4.88006102
-4.26068310
-8.45485253
-5.69548610
-3.80798750
10.28208659
9.88379513
3.11679323
-1.11910830
5.28271584
8.53404152
1.84407541
5.26693823
10.44150876
12.91422415
-1.21239228
4.89522229
4.08715036
10.09132488
13.43469859
0.73341148
0.63642686
7.73842466
6.03858368
5.73119954
5.30910123
9.18528723
3.89530048
10.46273120
4.43785496
2.45475351
1.43815059
9.25098582
-0.74997115
12.69692326
2.68143715
3.48830746
7.52580110
9.15674983
2.72331350
5.89283368
3.35346936
11.97634640
3.86395706
0.89676205
3.68891331
6.51134809
9.66445598
1.80519829
13.41373434
12.34936815
5.59748884
10.32597222
0.10166519
3.50074932
1.31028752
0.63608932
5.48999603
0.70925476
-6.08848095
-2.41475749
-0.17271119
-13.10931521
7.96706198
4.19188223
-0.19155861
5.94443082
9.56901932
1.17276477
-11.36601571
8.08060842
10.44849360
-9.50813226
-7.12380184
-11.11815054
-3.28751631
5.45279650
11.68981778
10.78896017
-4.87231761
-10.58832873
-3.42837921
4.03385836
-3.75934880
-3.84784859
13.32958101
-6.56728336
1.38036656
11.28733049
7.35234748
8.67615611
-5.79523181
-1.70205094
-2.41537562
3.29326011
1.72140001
7.07875984
9.55488332
-2.84650940
-4.31657176
2.30258417
4.01837311
-6.86031477
9.54698100
-12.30729554
-3.69125912
12.55070820
-9.51358597
-10.64105296
5.67652383
6.84227130
0.12434289
-11.65453220
-0.45993800
2.53640412
5.00114121
6.16123261
-6.06466686
-0.76662647
-11.39748558
2.28327853
5.92755998
7.90960686
-7.36598181
10.25440822
12.76862330
-3.22090667
-0.46057828
-2.71573199
-5.48446674
13.00429143
-11.77128125
-2.16190519
-9.79511450
-8.19596923
-0.37231680
-6.96677971
-11.96199890
-5.61505336
-6.15127235
14.61100724
8.42383688
2.62799484
6.30928657
-6.44605902
-0.38292417
-13.93681784
-2.44636416
-6.69396859
4.53404880
-13.08980764
-8.97861819
2.45734432
-0.21432428
12.29925270
-1.61947755
0.95492581
-1.63713321
0.45845193
2.67377085
4.71476275
2.30954562
2.25170110
-7.19473025
-5.83972729
-2.51179537
-3.48314385
0.15257918
1.64595108
-11.49149702
7.98221445
-13.50112730
8.56774818
2.50156499
4.72376322
2.12757388
0.66506394
6.34502545
6.82942168
10.21363989
11.57239215
2.40984464
0.35802314
-12.70752078
-10.91940894
7.98518194
6.08074555
11.90834495
8.74617804
-7.17374765
-7.56877029
-9.08390381
-7.57569478
-9.45543611
-10.27467843
-6.97113741
-4.98704453
4.57198573
6.62668964
14.29896073
11.51830612
9.35319920
11.07317689
-1.92957533
-2.98737986
-8.71139093
-9.38885020
-5.48723040
3.62944838
-4.34471357
4.56145250
-0.53363062
-4.72810096
-4.40710681
-4.60675660
12.91601871
13.32615524
-5.58408783
-4.66826163
4.47397936
2.11754930
11.37951710
9.97714950
9.01200879
8.68712802
8.27125394
7.29492813
-8.39272273
-7.42524145
-2.03250436
-2.56045058
-2.36185714
-3.23536705
2.72609637
3.44457972
-0.69979221
1.46019198
6.79837903
8.06204804
9.17484569
7.82969248
-1.51898412
-2.12509926
-3.32017893
-4.96459933
2.87498157
3.61288327
6.30151748
4.91906143
-7.52594698
-7.50272301
8.60059145
8.24466472
-9.45836567
-3.11742637
-11.77305152
-4.71918382
12.85893858
11.56455145
-8.81475417
-8.19168483
-12.11089951
-11.40120621
6.90917833
4.77290739
5.22155159
6.46279606
-1.39051119
1.09135445
-13.28186249
-12.03681509
0.62941599
-0.69259319
2.74936429
3.76792892
4.70576598
3.73927942
7.40489245
7.07950723
-4.87191860
-6.02603450
-0.02536044
-1.62124962
-10.15354093
1.88525916
-10.12685398
3.16304430
6.68577236
5.70518030
10.01898797
7.73880831
-8.02849641
-6.16071278
9.56975515
9.04942594
10.87200436
11.68524938
-4.43632655
-2.01260620
1.59683200
-0.55654529
-2.42206738
-3.60955700
-3.80191694
-4.24831395
11.35324961
12.44242839
-9.93241960
-10.62550932
-1.16657900
-1.81241766
-9.76950839
-9.87216891
-5.59774077
-7.82750762
-3.05180710
0.50070174
-7.09939253
-7.64124650
-10.79564814
-11.36835416
-6.76382055
-6.27301509
-3.86771504
-6.03400871
12.41899334
13.75299298
6.40207854
8.10346890
4.04880284
2.74836110
5.86198925
7.36305976
-6.87135099
-6.49129166
-0.60686873
0.59305053
-12.54351937
-13.32162394
-4.35915978
-2.36900984
-4.29721692
-6.20795667
6.18735846
4.62213418
-11.97544642
-13.84503888
-8.48608632
-9.57341329
4.51759396
3.53999134
-0.88900449
11.48063322
-1.27514139
11.21038008
-0.93539395
0.22490821
-1.85401606
1.13242781
1.21123745
-0.43005401
-0.90606094
1.49072183
3.60285800
4.43170451
1.80910434
5.76547207
0.72349745
0.34405534
1.80617069
1.51091704
-8.45733241
-5.15868396
-7.58806110
-6.53173589
-0.20058750
-1.86988965
-1.44336434
-3.00314207
1.67294929
-0.08156549
0.85650942
0.78052597
-12.77813285
8.22056932
-12.37227030
6.98241581
-11.10318641
6.77027360
-14.18100095
7.66219667
2.72890500
4.50227218
3.51649780
5.22969906
1.69180674
0.15172694
3.17064361
1.72646401
5.20585329
6.89601389
5.89515677
6.52935452
8.95867646
8.88878801
9.23115514
10.54187638
2.88932990
1.00727068
1.47606540
0.64796239
-12.60553144
-10.34799537
-13.26263934
-9.91902226
10.05417284
7.07714870
8.94070429
5.09013559
12.21078727
9.57164394
11.11642101
8.89312784
-8.39533203
-9.39143484
-7.18612663
-8.45928234
-8.35092628
-7.22617179
-8.08312812
-6.55538759
-10.59124358
-11.28044481
-9.59783628
-9.28442958
-6.70869488
-4.26920156
-6.06150276
-5.57136372
3.62296848
6.21690694
5.07412922
7.42972507
14.22892871
11.03919294
14.24139531
11.23777538
