-2.83552538
-11.43719249
-3.25938979
-10.70853407
-3.23918662
-9.54696287
-13.37898368
-9.10575148
-7.83552518
-0.64665419
-9.69637694
-13.33060827
-1.26605840
-3.48403996
-12.23835623
-9.51226688
-8.51671439
-11.37325098
-11.25114269
-2.24702223
-9.56796418
-6.77600255
-2.10145259
-8.24598386
-10.71068312
-5.22933458
-4.23479490
0.13128826
-1.09160430
-5.62940730
-14.63269049
-14.78358959
-8.54646637
-1.68122373
-8.65794102
-6.45503549
-8.83088558
-3.60592015
-5.19591446
-6.13668018
-0.18641095
-5.92995271
-13.88994992
-3.65146029
-1.28141868
-5.21776998
-4.21040417
-8.61808642
-5.58505485
-4.14846494
11.21493039
10.55528035
3.36306970
-1.41498411
5.65565154
8.94213340
2.28042991
5.60792058
10.95596291
13.51381643
-1.14997760
5.11004805
4.22882185
9.91925795
13.76108862
0.85759998
0.62711491
8.07049500
6.21230205
6.18291339
5.65759163
9.42865552
4.01740779
11.06068935
4.39771485
2.58866595
1.44116701
9.74725810
-0.57231973
13.46620181
3.66513604
4.07083590
8.07350533
9.95585845
2.89534308
6.20425968
3.90274163
12.71425310
4.09476726
0.76322051
3.80298481
7.06998493
10.38310225
2.00260877
13.94273543
12.97633591
5.98942635
10.90396545
0.32872063
3.64371702
1.49455553
0.71210054
5.92877209
0.80534860
-6.41681653
-2.41526350
-0.04960456
-13.47829534
8.39896102
4.57915678
-0.02835745
6.23676096
10.04464373
1.22420829
-11.66675821
8.44855817
10.90793157
-10.06541083
-7.37943200
-11.47828282
-3.50495510
5.90939470
12.74877432
10.82222036
-4.86767104
-10.76711295
-3.76932767
4.25316154
-4.11938317
-4.45461613
14.45617072
-6.86828416
1.77246547
11.64270721
7.38439991
8.84835014
-5.88433401
-2.13897561
-2.10282418
3.14933395
1.96811838
7.17967481
10.20119160
-3.10350220
-4.60733992
2.60374043
4.03442948
-7.33899965
9.99648155
-12.79073997
-4.10036395
12.82067123
-10.06743771
-11.27685366
5.81996987
6.99317947
0.10132608
-11.93434422
-0.58167150
2.81621187
5.28242204
6.47114736
-6.53550830
-0.82135162
-12.08353438
2.46604678
6.20574806
8.44453682
-7.65387432
10.68011020
13.63239842
-3.39960791
-0.42063214
-2.84472826
-5.72977441
13.69671810
-12.32117556
-2.33919963
-10.21075331
-8.51544283
-0.41524150
-7.25346681
-12.63950490
-6.04433437
-6.77496886
14.92936609
8.75105793
2.85627828
6.37546226
-7.00348121
-0.49597978
-14.66516454
-2.73178145
-7.54296950
4.77600825
-13.85523687
-9.43000597
2.70182515
-0.17327385
12.81686612
-1.64874967
1.38378951
-1.79980469
0.37617335
2.80327906
4.95907440
2.53541077
2.20420452
-7.59179752
-5.70162787
-2.68862860
-3.86159979
0.08359860
1.78360056
-11.93181881
8.51698716
-14.26860993
9.36622381
2.76181260
5.00531949
2.13733634
0.88498212
6.79525726
7.11829545
10.58693909
11.97264203
2.56740957
0.40746975
-13.61397859
-11.56536950
8.19514277
6.22672518
12.44491293
9.23294036
-7.48408674
-7.65326743
-9.55328832
-7.88197086
-10.06823682
-10.69957208
-7.19668143
-5.40614210
4.94131313
7.13637768
14.69331418
12.04422563
9.84513108
11.89985292
-1.56615454
-3.42661457
-9.69614797
-10.45746984
-5.52692551
3.25951187
-4.39760763
5.27821441
-0.72036897
-5.12767785
-4.02777776
-5.15848509
13.83802854
14.45622447
-5.35172487
-4.61571509
4.41691654
2.18724226
11.43055763
10.34692576
9.22833109
9.15955441
8.16925337
7.24153752
-8.81965995
-7.78280186
-1.41201179
-3.23740737
-3.01925697
-3.15784548
3.53998562
3.97925602
-0.46712417
1.96150307
7.23424801
8.23176627
9.68937411
7.89079758
-1.74331832
-2.33093616
-3.44813716
-5.42376305
2.76810224
3.82408720
6.59078104
5.19467076
-8.13814218
-7.97720408
8.76299558
8.75345467
-9.98145622
-3.16399415
-12.53406024
-4.97995082
13.48926529
12.42537500
-9.33566544
-8.69813536
-12.70851701
-12.04588523
7.08539255
4.86442654
5.44093707
6.75810756
-1.48816331
1.10097430
-13.94224623
-12.59662918
0.76000958
-0.67931463
2.96745019
4.26547119
4.97074183
3.96712515
7.78485166
7.49595612
-5.47360375
-6.31812016
0.01521950
-1.74550006
-10.69714922
2.07981960
-10.72299325
3.32141695
7.11306760
5.99812471
10.63720902
8.09692355
-8.21999627
-6.42798802
9.95814140
9.38795376
11.55094795
12.32470716
-4.64999129
-2.08138639
1.78585087
-0.67324806
-2.26476935
-3.74543621
-3.93350412
-4.40076026
11.92221215
13.14461618
-10.46742643
-11.18094367
-1.19200827
-1.75436475
-10.39897071
-10.71945601
-5.73473749
-7.96113762
-3.28554364
0.57567949
-7.71212172
-8.20411254
-11.38294838
-11.99340039
-7.16074721
-6.64208769
-4.10058011
-6.43942198
12.60456925
14.83754301
6.84514535
8.40014098
4.41188997
3.03639659
6.19605980
7.65793644
-7.46394188
-6.54595639
-0.66369331
0.54160262
-13.23452840
-14.00953512
-4.66824517
-2.52512914
-4.64940702
-6.84307478
6.69746191
5.03649645
-12.66281114
-14.49614287
-8.95772619
-10.11264183
4.98945844
3.87866792
-0.92786811
12.16764060
-1.13603235
11.58807761
-1.02152216
0.41594082
-1.97934069
1.32988603
1.31071906
-0.46241416
-1.03445639
1.47708829
3.89383196
4.80859802
1.96200060
5.98064002
0.79031513
0.24633780
1.97095934
1.53518520
-8.90070960
-5.24180165
-8.01218910
-6.82191560
-0.02274818
-1.99005364
-1.56672160
-3.08716125
1.92870259
-0.04169241
0.92562242
0.84433188
-13.48429384
8.65318772
-12.70914106
7.52139840
-11.58592019
7.18583351
-14.59791269
8.17025384
2.78773893
4.54266918
3.80956581
5.28153664
1.64920563
0.13285925
3.32535242
1.93006498
5.44119730
7.25719472
6.05711913
7.03068663
9.54776284
9.29889911
9.72246309
10.89059608
3.05301291
1.12166893
1.42424171
0.72508446
-13.24522838
-10.70897970
-13.69209205
-10.50738355
10.33433887
7.37788436
9.26735367
5.15625302
12.94529211
9.84375496
11.77565063
9.60941789
-8.51058829
-9.58793459
-7.65530562
-9.04824425
-8.80582727
-7.61845789
-8.50253210
-6.80414993
-10.87523354
-11.65246239
-9.88834559
-9.67535264
-7.13238346
-4.47582131
-6.15660748
-6.30952394
3.29751164
6.51233377
5.49413164
7.76181864
14.81846444
11.72681240
14.75534017
11.41070375
8.92592362
11.74956141
9.44157762
11.14576491
-2.23519030
-5.37984807
-2.37941247
-3.04772580
-9.76981607
-11.53842612
-8.85830723
-9.51374821
-5.88875695
2.76841044
-3.36692784
4.60384711
-6.43505492
3.84763400
-4.48011358
5.01719441
-2.63540757
-3.45927375
-0.21907987
-5.28241881
-5.55952055
-4.10479258
-5.00382566
-4.66470897
12.25081346
13.89379402
13.44566899
13.47616716
-4.61538576
-6.84647464
-5.88438630
-4.88481057
3.11824248
0.95473934
4.54288758
2.41690279
10.38562451
11.72723441
12.33140874
10.32722651
10.92779939
8.29701236
10.04970420
9.10828619
6.65788526
8.95736779
8.74903383
8.00047291
-9.68437566
-6.00736142
-9.10862262
-7.79502579
-2.71483079
-4.07768754
-1.70567522
-2.56423053
-2.43546827
-2.36089051
-2.06956990
-3.11460244
1.85595050
3.80119413
2.65932115
3.09025126
-1.00709061
1.57847585
-1.21863866
1.23266954
