-2.66956705
-11.15439039
-3.13102050
-10.49418722
-3.14947105
-9.40204008
-13.10070507
-8.93730925
-7.68681522
-0.63635845
-9.42827806
-12.98417880
-1.21911047
-3.10879795
-12.00881395
-9.23674816
-8.37382371
-11.10891077
-11.01831776
-2.12910990
-9.32749636
-6.68022808
-2.01826782
-8.04416549
-10.49726449
-5.12464645
-3.94007054
0.15810953
-0.96147327
-5.46369026
-14.35337181
-14.42828572
-8.30012578
-1.69654697
-8.60038565
-6.25554074
-8.70781319
-3.51322719
-5.09416418
-6.00745508
-0.15233567
-5.78206403
-13.55981163
-3.46781214
-1.24839228
-5.04934532
-4.01893978
-8.53826522
-5.73924450
-3.97153444
11.02719117
10.31639666
3.13476216
-1.16524400
5.55820190
8.79789798
1.94523864
5.49596704
10.74864207
13.33249810
-1.25780806
4.96260585
4.19863107
9.83928319
13.60894812
0.68657752
0.58018437
7.94567194
6.08739614
5.93744200
5.48851190
9.30506660
3.97091291
10.86148805
4.32801631
2.48000851
1.47554042
9.58064336
-0.70292853
13.25814322
3.56750844
3.76719916
7.72799026
9.90796536
2.77226636
6.05923180
3.77047475
12.45526597
3.95577406
0.84371804
3.70352603
6.89001628
10.17474390
1.87341251
13.71180774
12.73376406
5.86659082
10.75948617
0.19853099
3.61636865
1.38507628
0.68954978
5.70683162
0.84243240
-6.27523327
-2.33324523
-0.29841687
-13.21118149
8.11935282
4.40614159
-0.07390644
6.06616391
9.86012884
1.06908711
-11.48286454
8.27491895
10.76397955
-9.84474433
-7.15887984
-11.32808843
-3.39066195
5.58266698
12.45798367
10.60495871
-4.89854789
-10.61292481
-3.72825883
4.14249262
-3.97828729
-4.22388004
14.35192222
-6.70394742
1.70588355
11.51550575
7.26322828
8.75561791
-5.88172364
-1.77826093
-2.39756619
3.33528751
1.72712517
7.08665742
9.99015554
-2.92960435
-4.46820322
2.48365198
4.04062365
-7.11186549
9.83294028
-12.56102713
-3.90567005
12.71111810
-9.82361642
-11.01727828
5.75141448
6.92284543
0.14408321
-11.77006974
-0.50321118
2.79247764
5.20649159
6.38300830
-6.32514173
-0.84243742
-11.77892227
2.39969774
6.11056554
8.13805519
-7.53562762
10.52355532
13.34383098
-3.34498518
-0.58722662
-2.84969565
-5.58619980
13.51223048
-12.07738573
-2.22943548
-10.05674404
-8.25810389
-0.40663803
-7.06595690
-12.35061444
-5.82922119
-6.57935834
14.86262022
8.59777762
2.76719946
6.24779554
-6.78907680
-0.49451315
-14.34506359
-2.62369772
-7.29248975
4.60893770
-13.51483610
-9.20742385
2.58822985
-0.22368793
12.64463411
-1.67796638
1.16354906
-1.66804411
0.42937851
2.68654541
4.82964312
2.47873880
2.22979688
-7.44377389
-5.62888889
-2.61524676
-3.73879530
0.15644598
1.67892190
-11.68214759
8.38694119
-13.94282858
9.06377118
2.62631538
4.82942325
2.23341195
0.80417940
6.54862496
6.96725749
10.43832489
11.79269558
2.29209462
0.33720863
-13.35152844
-11.35943472
8.10153661
6.18455560
12.27821026
8.94881441
-7.33252067
-7.72070909
-9.36213171
-7.72933214
-9.82764322
-10.54808067
-7.09936398
-5.33987659
4.79285650
6.84690845
14.49566648
11.76674415
9.60478084
11.67138340
-1.56116779
-3.20937787
-9.55647727
-10.28170262
-5.34733335
3.17548060
-4.17583526
5.01339398
-0.62499910
-4.96763344
-3.83108543
-4.99581371
13.69437192
14.31433291
-5.50986893
-4.49479793
4.02184402
2.09160032
11.28729312
10.17993338
8.90198289
8.97739075
8.05950403
7.11832421
-8.51457878
-7.58634112
-1.84333542
-2.63048577
-2.54656669
-3.25167209
2.82437182
3.65344055
-0.73696211
1.51045319
7.07779435
8.24459841
9.50563357
7.74577022
-1.71115969
-2.21847935
-3.33165145
-5.19541531
2.78300469
3.72077662
6.47386918
5.07626187
-7.92602821
-7.75444760
8.68325540
8.52270428
-9.74274155
-3.10117089
-12.29091999
-4.84430085
13.35202942
12.22311719
-9.12123108
-8.47782339
-12.42658851
-11.74045106
7.03817194
4.81989159
5.36491876
6.67595063
-1.53850429
1.04894211
-13.64710760
-12.33884115
0.75300816
-0.67792079
2.85883878
4.11749407
4.85685620
3.89205581
7.67155711
7.37556043
-5.15119109
-6.16072697
-0.02151280
-1.70024631
-10.44464465
1.94701240
-10.47195526
3.21003674
6.94686903
5.82377418
10.36404946
7.86798393
-8.10416575
-6.40037949
9.76866182
9.10221925
11.34236067
12.08650486
-4.56255143
-2.02719302
1.64487925
-0.60379152
-2.33209400
-3.80464524
-3.82986756
-4.30842338
11.69917654
12.86617393
-10.24169226
-10.94868876
-1.29188896
-1.74236006
-10.18918599
-10.40879301
-5.58696793
-7.81397802
-3.19641667
0.46969266
-7.40757417
-7.94314997
-11.12629687
-11.71695638
-7.00251486
-6.47710898
-4.05040244
-6.29318767
12.44081895
14.52740289
6.64641514
8.13918492
4.36183365
2.98650263
5.96547567
7.52386541
-7.21075894
-6.64386972
-0.65373938
0.52255461
-12.91135459
-13.67913930
-4.62019980
-2.41578374
-4.47946137
-6.62313645
6.47404930
4.86575986
-12.35955497
-14.15569792
-8.76687629
-9.89372743
4.73629747
3.75088288
-0.85013794
11.87697699
-1.14481747
11.49837327
-0.96080980
0.30794826
-1.95735390
1.23278167
1.31932554
-0.43913080
-0.94103710
1.54840055
3.67988891
4.60384778
1.83007807
5.90799671
0.76517167
0.31204204
1.90079429
1.53547371
-8.72867165
-5.22484359
-7.85202940
-6.70250585
-0.03427364
-1.92318207
-1.54668298
-2.98847165
1.86797246
-0.13328438
0.85516197
0.75133952
-13.17363625
8.48620184
-12.43966988
7.26041778
-11.35361201
7.03175917
-14.39054515
7.98856376
2.72454387
4.52641759
3.63129415
5.19849098
1.63412700
0.16374858
3.31693046
1.87806241
5.30351154
7.04007541
5.79713099
6.80217227
9.38800163
9.14209690
9.56158768
10.72809151
2.87330373
1.09282848
1.36605590
0.59755053
-12.98549750
-10.54322894
-13.43782655
-10.34236874
10.18498333
7.23255923
9.13897171
5.13970965
12.69978013
9.74494420
11.54837702
9.29767181
-8.44518792
-9.47745834
-7.48077713
-8.84068174
-8.62161524
-7.38102896
-8.32659010
-6.68999234
-10.71256017
-11.33792455
-9.72920213
-9.53384669
-7.05744260
-4.38594411
-6.19672277
-6.18812972
3.26919697
6.34621962
5.39532385
7.61459030
14.65765491
11.46832984
14.53313727
11.27645628
8.91079350
11.50431721
9.44436753
10.97477879
-2.23130341
-5.35679829
-2.23170590
-2.90503443
-9.62073968
-11.29960092
-8.68049360
-9.32292001
-5.72305015
2.48675433
-3.01759762
4.45950071
-6.21130865
3.74505613
-4.31471251
4.70489434
-2.63692348
-3.44035129
-0.31060774
-5.10331448
-5.20978556
-4.06115410
-4.85976486
-4.57750523
12.28009484
13.57488399
13.28127667
13.37610863
-4.64736706
-6.65323033
-5.73750965
-4.74053838
3.00903660
0.91286036
4.70405615
2.40818394
10.21871737
11.49009174
12.13802449
10.00226945
10.79867681
8.10588936
9.71266263
8.99136008
6.51787433
8.79932649
8.56514569
7.87150057
-9.58526773
-5.79451619
-8.94762661
-7.81474462
