-2.65368808
-11.10961345
-3.11128491
-10.48466306
-3.14341481
-9.39257217
-13.06413659
-8.93014459
-7.67479063
-0.63058322
-9.38173309
-12.94139072
-1.22194075
-3.09183918
-11.98346568
-9.23114948
-8.33544054
-11.08097508
-10.99195450
-2.11597663
-9.31266113
-6.74138236
-1.99917585
-8.02206616
-10.46358631
-5.14307699
-3.93523131
0.15964248
-0.95684222
-5.45108918
-14.32213356
-14.37937651
-8.25445228
-1.70003732
-8.64750843
-6.24501454
-8.69098030
-3.50581185
-5.09034356
-6.01902548
-0.15352382
-5.77950600
-13.52664078
-3.45865176
-1.24041758
-5.03213799
-3.99583262
-8.52922096
-5.75465975
-3.95642405
10.98860551
10.28854298
3.13623407
-1.15793767
5.54552935
8.76686117
1.93235160
5.48230335
10.71633896
13.28509900
-1.24405585
4.94918150
4.19915883
9.84775485
13.59277555
0.67465638
0.59183742
7.91348653
6.10502060
5.91150067
5.45936789
9.29386192
3.96282112
10.81404408
4.32390153
2.48194479
1.47487949
9.52940464
-0.71531749
13.21811858
3.56765225
3.73766993
7.71374972
9.89733755
2.77021143
6.04777644
3.77064106
12.38742265
3.95625806
0.86949042
3.72324548
6.88906287
10.12524875
1.88203085
13.68480622
12.65582848
5.85348914
10.72092608
0.18645789
3.62017649
1.37347038
0.68381739
5.69198242
0.84438502
-6.26968447
-2.33386627
-0.28541506
-13.17960138
8.08886646
4.38664510
-0.07489175
6.05198461
9.83034349
1.06309300
-11.46787836
8.25619076
10.73779561
-9.82465235
-7.15137098
-11.31654315
-3.38119349
5.52872347
12.39902867
10.58909127
-4.90573114
-10.59366641
-3.72930596
4.14561044
-3.97172096
-4.22741146
14.30532048
-6.69616909
1.69321588
11.46491463
7.27301421
8.75120204
-5.92779979
-1.75226031
-2.38733093
3.32647948
1.72422418
7.08371508
9.94656296
-2.91122738
-4.45205540
2.46657821
4.04593243
-7.08458955
9.81722767
-12.53400674
-3.88199120
12.71496096
-9.79565122
-10.98761389
5.77641841
6.91196200
0.14533666
-11.76068868
-0.49388227
2.79544264
5.19801947
6.37308472
-6.29352054
-0.82517442
-11.74497838
2.39234181
6.11503269
8.08511811
-7.52835180
10.48413880
13.29217026
-3.32490707
-0.59140993
-2.84912719
-5.58055801
13.46593156
-12.04973844
-2.22200508
-9.95992680
-8.24733576
-0.39989809
-7.12892447
-12.31920834
-5.80586680
-6.47395509
14.85717098
8.56676839
2.75847940
6.22415777
-6.78224309
-0.48832894
-14.30617772
-2.62614959
-7.25234507
4.59604460
-13.47561546
-9.18242332
2.57473307
-0.22322677
12.60498714
-1.67643045
1.13497128
-1.65064963
0.42949502
2.68581857
4.84470515
2.47037612
2.23201808
-7.41302989
-5.63780568
-2.60025703
-3.71752852
0.15931422
1.68316783
-11.65710933
8.37367907
-13.90095038
9.01617821
2.62376433
4.81404307
2.23453813
0.79790876
6.53426186
6.97779219
10.41857930
11.77433254
2.31765300
0.33828454
-13.32487695
-11.33495464
8.08839161
6.17853108
12.24426317
8.93655666
-7.31430734
-7.72710128
-9.34036714
-7.71580112
-9.79353772
-10.52257171
-7.10106015
-5.31782113
4.78484385
6.81114096
14.48414070
11.72063076
9.58195617
11.63497859
-1.55174771
-3.19481832
-9.54497222
-10.26486806
-5.31040058
3.17232051
-4.18341958
4.99279974
-0.61441148
-4.96153568
-3.82453105
-5.02571720
13.64833947
14.28196528
-5.52302381
-4.47113714
4.02557469
2.08797019
11.27492535
10.15671899
8.85436549
8.97467796
8.08084237
7.08200285
-8.57094453
-7.56791476
-1.87803998
-2.61283068
-2.52672124
-3.24090839
2.81071221
3.63854727
-0.72920198
1.50985579
7.05891390
8.24155421
9.46504672
7.76607782
-1.70144137
-2.19717997
-3.31415995
-5.17866357
2.79271678
3.71741985
6.46332485
5.06740102
-7.89459928
-7.72975029
8.66952997
8.50553348
-9.71815922
-3.09426224
-12.26576193
-4.83306980
13.32768344
12.18457326
-9.09105360
-8.44737492
-12.39449106
-11.71480644
7.06590405
4.84113410
5.35307695
6.66544612
-1.53866957
1.04775860
-13.61662049
-12.31413205
0.75867782
-0.67196857
2.86369542
4.11758670
4.84149260
3.88262637
7.65477896
7.34955487
-5.12232698
-6.14508435
-0.00799903
-1.68852310
-10.42025711
1.94110267
-10.43756831
3.18740781
6.91567489
5.81694021
10.32572098
7.84408832
-8.09584312
-6.39603213
9.74724263
9.03898394
11.29711515
12.04110702
-4.54357222
-2.01614158
1.64805853
-0.58843587
-2.33281167
-3.80240953
-3.82033108
-4.30519358
11.65352012
12.82004233
-10.21526850
-10.92011799
-1.27695972
-1.73711537
-10.10948350
-10.36102310
-5.55504003
-7.81037679
-3.17928882
0.47661494
-7.28567962
-7.83662469
-11.09664403
-11.68341265
-6.97022541
-6.45600859
-4.04042476
-6.26654986
12.40482413
14.47373912
6.63437867
8.11321848
4.35691380
2.97734048
5.95139421
7.48539989
-7.18117724
-6.65967195
-0.65314057
0.52613033
-12.87598762
-13.64433388
-4.61896314
-2.40666920
-4.46898993
-6.60426917
6.44629789
4.85778208
-12.32593274
-14.11920232
-8.74902631
-9.87165123
4.70970969
3.73093231
-0.83667090
11.78628312
-1.14266836
11.47657123
-0.95603201
0.29739910
-1.95508330
1.22117786
1.31450923
-0.43728783
-0.93234646
1.54193248
3.67539228
4.59185914
1.83166291
5.92114695
0.76254493
0.31467776
1.89507322
1.54268749
-8.71090069
-5.21702329
-7.84040352
-6.71957227
-0.02950364
-1.91537892
-1.53395475
-2.98098544
1.87360643
-0.12144278
0.86288899
0.75855850
-13.13615430
8.46178186
-12.41110223
7.23197340
-11.33338844
6.98625017
-14.37717241
7.95000489
2.73623247
4.55239968
3.62135982
5.21100566
1.64020648
0.18155060
3.32115758
1.87190323
5.29849677
7.00887263
5.77957706
6.78570592
9.35581024
9.11190092
9.52640575
10.71307645
2.86876277
1.09776490
1.39078260
0.60249218
-12.95779294
-10.52671158
-13.40950939
-10.32505583
10.16407284
7.21678759
9.11874568
5.13606017
12.66322962
9.73397736
11.50659112
9.25228028
-8.44952546
-9.47527851
-7.45296680
-8.81326384
-8.59807641
-7.36300750
-8.30962346
-6.67873143
-10.69811188
-11.30323607
-9.70260461
-9.50125649
-7.04167412
-4.35899047
-6.21386834
-6.15023536
3.26650760
6.33311947
5.38500025
7.60017464
14.63654816
11.42466242
14.48454937
11.26079316
8.90691219
11.49161069
9.43967153
10.96142482
-2.22011749
-5.34734840
-2.22338481
-2.89409870
-9.60486660
-11.27436669
-8.66716399
-9.30747709
-5.72432907
2.48209334
-3.04038972
4.46159354
-6.16950451
3.73619906
-4.28547273
4.65912379
-2.64350218
-3.44052108
-0.31821287
-5.09645475
-5.23149501
-4.06980076
-4.84981781
-4.58862684
12.29361823
13.47800139
13.23892299
13.34918489
-4.62797477
-6.62653127
-5.72370673
-4.72640853
2.99887634
0.91484088
4.70460621
2.40560646
10.20018519
11.46124892
12.13608135
9.97239506
10.75942589
8.08837017
9.63499325
8.98048034
6.51698837
8.79808270
8.55101571
7.85118800
-9.51126723
-5.85046491
-8.77873323
-7.86475195
