-0.62576017
-5.01045051
-2.04895631
-5.11409326
-0.84227919
-4.60020751
-5.40957011
-5.14999682
-3.34871728
-0.23336069
-4.14163446
-6.58089214
-1.29443490
-0.68379611
-6.38057487
-4.69525013
-4.31246995
-5.48783499
-5.21112506
-1.75140439
-4.93574250
-3.67930198
-0.23863004
-3.78660951
-6.00332604
-1.87654446
-1.02623368
-0.60013197
-0.66244048
-2.34747760
-6.19825364
-6.17318603
-3.02894098
-1.27077738
-3.76386210
-4.11428620
-3.83991878
-1.33615793
-2.56876684
-2.46020286
-0.30039981
-2.91621791
-6.61331846
-1.74979220
-1.38450681
-2.82437851
-2.95856045
-4.00153767
-2.94359548
-1.88403573
5.13838474
5.32216206
1.65653264
-0.47579853
3.34873796
3.63286569
1.65524505
3.00351358
5.53526045
5.61495480
0.15522985
3.46199133
2.08639471
4.39033520
6.40885471
0.74609436
0.65115528
3.80179358
3.03302237
3.55226376
2.77677168
5.08834361
2.58600800
5.59378215
1.90050609
1.54340824
0.83989582
4.52019794
0.07583586
6.39711249
1.91406911
0.59705580
4.12713172
4.90290433
1.36700744
2.84342840
2.79829956
6.75446014
1.55786766
0.87923905
1.70601112
3.94299746
4.26165078
0.47278864
6.60255666
5.73126611
2.49799653
4.72665796
-0.32318304
2.58991606
0.54462716
-0.12314637
2.28248939
0.84898059
-2.90768248
-1.95621157
0.39359735
-6.46825457
4.12269577
1.80264177
1.01658246
