-2.88466651
-11.64911215
-3.71376418
-10.89772166
-3.32232210
-9.70848285
-13.61072357
-9.23586041
-8.04778575
-0.62122875
-9.88510287
-13.57489602
-1.35237209
-3.69039841
-12.42847512
-9.69962233
-8.63898488
-11.57350672
-11.42810460
-2.05140098
-9.74877102
-6.89466349
-2.18136713
-7.91223805
-10.90889801
-5.33527023
-4.31968520
0.22161669
-1.15579723
-5.83117587
-14.88987129
-15.04992455
-8.70800060
-1.53134564
-8.78613711
-6.51129750
-8.90782377
-3.68404831
-5.22886213
-6.18163612
-0.27800914
-6.03137421
-14.15629662
-3.71096770
-1.26292671
-5.25127193
-4.53400517
-8.69409611
-5.76933498
-4.18772750
11.40684761
9.71078316
3.52660258
-1.30274468
5.74467204
9.06700305
2.51055587
5.74321463
11.15722128
13.72973965
-1.27205530
5.27914384
4.26865229
10.07804614
13.92899237
0.81455975
0.64024395
8.15537928
6.28950636
6.58351029
5.66508719
9.56598453
4.34174063
11.19992036
4.46640884
3.02263380
1.46207902
9.89361388
-0.57501428
13.71308052
3.65971253
4.28515687
8.30866208
10.08333495
3.00004666
6.41814995
3.95063399
12.99081444
4.15024157
0.66957154
3.87084203
6.97476516
10.56023868
2.00155223
14.10207522
13.17954280
5.90038892
10.97247343
0.24800519
3.70037405
1.59280255
0.90702100
6.07451695
0.84135949
-6.55062077
-2.49199609
0.06224414
-13.71235278
8.56782238
4.54812899
-0.07298340
6.40042802
10.18614071
1.17644468
-11.82395191
8.56029908
11.06930242
-10.26077712
-7.54571989
-11.64487390
-3.62534561
5.99443635
12.88867741
11.05872808
-4.89224039
-10.85436928
-3.90377532
4.24242301
-4.26138260
-4.56597193
14.57436544
-7.08617348
1.75155375
11.75725801
7.44151766
8.76262332
-5.88687134
-2.21986588
-2.20652274
3.17325047
2.12262490
7.24348393
10.66743209
-2.81348763
-5.15976339
2.23480194
3.99160879
-7.92537922
10.15993949
-13.00163928
-4.10960183
12.97541838
-10.23334994
-11.49179243
5.82875090
7.10412276
0.01145096
-12.06842556
-0.50184877
2.81326366
5.35422245
6.55244263
-6.61904205
-0.81914404
-12.30535240
2.57476236
6.33331204
8.67631577
-7.72377844
10.86979360
13.84614522
-3.43912852
-0.47040808
-2.91192892
-5.80878634
13.79186910
-12.52150612
-2.36929020
-10.23850840
-8.71522797
-0.28366662
-7.34214316
-12.87633353
-6.16431235
-6.89545453
15.09302680
8.96532527
2.88942929
6.52113730
-7.17535037
-0.43823873
-14.92481888
-2.85367013
-7.72316010
4.68222235
-14.10910426
-9.60545466
2.71462485
-0.19270265
13.06177483
-1.68086051
1.34203736
-1.78055024
0.40665399
2.90700249
5.12213954
2.65564668
2.14448580
-7.73511829
-5.79674781
-2.72224292
-3.94540240
-0.02384562
1.82319353
-12.15101571
8.65296393
-14.50625734
9.54822795
2.83111634
4.88823729
2.08322120
0.87852462
7.03255313
7.31610496
10.78074594
12.12348165
2.57648598
0.38513033
-13.80880148
-11.78719003
8.30260987
6.26446181
12.61515965
9.46019027
-7.56181093
-7.84205113
-9.67935386
-7.99933866
-10.22393023
-10.84472304
-7.29634322
-5.48955011
4.98238253
7.33751037
14.86467034
12.29381652
10.10415002
12.10155253
-1.53064090
-3.52526434
-9.85418796
-10.61234946
-5.62350147
3.19888052
-4.50597691
5.45385649
-0.72851489
-5.29203240
-4.06785107
-5.21637418
13.98533041
14.70555265
-5.50638821
-4.66288465
4.53726278
2.15730452
11.62441680
10.53254041
9.51394853
9.27601071
8.25137810
7.28464650
-8.99354281
-7.94012825
-1.50394168
-3.33139534
-2.99130511
-3.21838354
3.54477221
4.10552688
-0.53170118
2.17518765
7.56785577
8.53667085
10.37142347
7.67773747
-2.29215641
-2.08604856
-3.10368857
-5.59631033
3.46759952
3.38447397
7.04580528
5.33042494
-8.62358152
-7.67623990
8.91965561
8.97870574
-10.18778031
-3.20171521
-12.71476707
-5.02554191
13.68574123
12.62010244
-9.47933571
-8.85806223
-12.93251558
-12.26586851
7.23803100
4.94389175
5.47794555
6.79373805
-1.56325493
1.02576163
-14.19566671
-12.82793257
0.81342354
-0.55566848
3.15572255
4.32509557
5.09702783
4.03075039
7.86758429
7.61277726
-5.49274163
-6.37770787
-0.02890258
-1.65105403
-10.91121234
2.05762478
-10.90746068
3.36028418
7.33106210
6.18540203
10.76352609
8.31974188
-8.34980093
-6.45097216
10.15238315
9.54553614
11.79704617
12.55223705
-4.78799019
-2.11803112
1.76444240
-0.77020687
-2.27635410
-3.72720058
-3.93186188
-4.46182854
12.07923977
13.35384816
-10.64393000
-11.37024515
-1.14020418
-1.82095721
-10.54598606
-10.94497201
-5.80226135
-8.07286671
-3.29759345
0.65942397
-7.87154259
-8.35529357
-11.59265555
-12.21534958
-7.32049664
-6.72858341
-4.18651385
-6.48807349
12.68698600
15.06590847
7.01540263
8.55837886
4.32225165
3.05079652
6.10842197
7.78693048
-7.55563836
-6.71019406
-0.74178220
0.59924108
-13.49502005
-14.25734838
-4.81014681
-2.48593524
-4.70789776
-7.00494730
6.72114267
5.13398958
-12.88120563
-14.75634055
-9.09002580
-10.28760152
5.03600118
3.83220091
-0.97520819
12.34781694
-1.22990265
11.83603541
-1.03302076
0.40798342
-1.94998345
1.25205852
1.43923818
-0.28647745
-0.99846881
1.59115498
4.02341548
4.98295607
2.02626820
6.16460390
0.83326560
0.25870850
2.03285284
1.48382509
-9.06672717
-5.32936395
-8.14596660
-6.92657637
0.20083082
-1.99908142
-1.35550478
-3.18672380
1.93997974
-0.06552093
0.95186327
0.91250004
-13.70799760
8.79747063
-12.92950311
7.66827090
-11.77139540
7.36447609
-14.86314264
8.38963893
2.85482639
4.61612538
3.89356134
5.39180427
1.66225047
0.10906162
3.16465541
1.92693295
5.55092827
7.47123230
6.20220641
7.25049750
9.69837521
9.40024191
9.89606945
11.05157865
3.14032642
1.12854147
1.48243560
0.86105067
-13.45782866
-10.90488008
-13.87944863
-10.59278180
10.48727665
7.46807150
9.39649066
5.19115595
13.16433453
9.98592520
11.91975379
9.86880346
-8.62759755
-9.76855247
-7.79705376
-9.22025444
-8.97178041
-7.64633785
-8.59223069
-6.88961572
-10.98819242
-11.87975972
-9.98830500
-9.80353040
-7.27960246
-4.56121847
-6.29716317
-6.36962337
3.27324288
6.59879404
5.58027976
7.96329036
14.92471250
11.80584085
14.88565263
11.54309734
9.06181611
12.04452632
9.51737266
11.33656432
-2.16265987
-5.26512112
-2.45990060
-3.10826821
-9.87010050
-11.65477440
-9.07930214
-9.67216991
-6.02170158
2.73464404
-3.45543579
4.73860872
-6.67887788
3.78149806
-4.73839829
5.23045371
-2.56483214
-3.57570111
-0.20634348
-5.47999863
-5.72080531
-4.15091158
-5.13142952
-4.78999921
12.52825726
14.16392146
13.55041563
13.71592470
-4.55935694
-6.95131544
-6.05919704
-5.08639672
3.18348132
0.91926283
4.67211042
2.46793569
10.55091321
11.92258895
12.56430840
10.56198614
11.10599273
8.35459141
10.31824080
9.18802059
6.73349295
8.88805448
9.14671661
8.00159662
-9.82206156
-6.10107636
-9.17100477
-7.87949003
-2.85771018
-4.19627881
-1.77499187
-2.55980359
-2.51238325
-2.48467651
-2.00147494
-3.23686770
2.03437189
3.77784631
2.76976281
3.15335634
-1.08244735
1.64465694
-1.40472314
1.22994179
6.00198310
7.00524531
7.19692232
7.98219831
10.91199147
10.11719935
9.47320210
8.45384580
-3.25816309
-3.51761342
-1.37691349
-2.75115226
-2.30711758
-4.26868801
-4.00409429
-5.18466737
2.40859115
3.01613162
2.46225132
4.30091883
3.90840114
4.59119090
6.48670853
5.45796259
-8.88756856
-7.02545317
-8.01767453
-8.48968429
