-2.85919712
-11.70064900
-3.71325024
-10.94161282
-3.33743158
-9.72996177
-13.70070273
-9.24997314
-8.07927210
-0.60887064
-9.92169286
-13.62794553
-1.34942695
-3.71426967
-12.46549661
-9.73772143
-8.65089423
-11.62993485
-11.46432261
-2.05117808
-9.82447029
-6.91769004
-2.19439780
-7.88764127
-11.11515456
-5.31373557
-4.31571713
0.22125948
-1.14473353
-5.84851036
-14.93836483
-15.09805925
-8.75324663
-1.53407997
-8.80718666
-6.51375554
-8.91259566
-3.69845666
-5.23410485
-6.19652558
-0.26694697
-6.07250379
-14.21050166
-3.71169988
-1.25903224
-5.24972175
-4.54653674
-8.70502801
-5.79505266
-4.16946042
11.43996959
9.72815589
3.54432733
-1.28361025
5.76044564
9.08587404
2.54415199
5.74487838
11.18362647
13.75245270
-1.27775911
5.30408101
4.27774460
10.10313166
13.94682608
0.80245696
0.61487237
8.16555066
6.32051829
6.59491434
5.67817036
9.58675731
4.33770167
11.23023148
4.48775873
3.05424311
1.45702469
9.91715877
-0.57517604
13.75652749
3.66036055
4.30418321
8.34773272
10.09616793
3.01413167
6.44133340
3.96308560
13.01906986
4.16271920
0.68428812
3.88814650
6.98053993
10.59051640
2.00327632
14.13740453
13.20072563
5.90730797
11.01120004
0.24796303
3.69845697
1.61471451
0.92203730
6.10415428
0.82708540
-6.49902797
-2.49565744
0.08209881
-13.75364994
8.59588738
4.55445974
-0.07552915
6.42503430
10.20739096
1.16843111
-11.85007880
8.57366949
11.08399728
-10.34216761
-7.55894276
-11.67470667
-3.62511943
6.02224828
12.90359966
11.09297757
-4.89279754
-10.86545202
-3.92462415
4.24027645
-4.26745044
-4.58245577
14.59798940
-7.11639246
1.76080301
11.78599603
7.47326506
8.73858737
-5.89204701
-2.24003687
-2.21811891
3.17394590
2.13955641
7.24223081
10.68371323
-2.83783846
-5.05458251
2.25286895
4.02268699
-7.86770262
10.17995802
-13.03243239
-4.10844615
13.00367702
-10.29257007
-11.57541494
5.85225753
7.11333757
-0.00274719
-12.11870314
-0.52044885
2.82411640
5.36944519
6.56529493
-6.64460956
-0.81117466
-12.34563039
2.55159523
6.35580911
8.70821366
-7.73294486
10.89425797
13.86875033
-3.43521309
-0.46935669
-2.91518541
-5.81443001
13.80641996
-12.55841592
-2.37214403
-10.23481793
-8.72377523
-0.27593780
-7.35482491
-12.93116448
-6.06189652
-6.91195427
15.11218521
8.98460020
2.89993147
6.53599264
-7.03824990
-0.42581189
-14.97993785
-2.85750314
-7.84987597
4.68030071
-14.16341380
-9.70607721
2.71159649
-0.18860006
13.08942839
-1.68402412
1.34920884
-1.80823165
0.40086089
2.91949756
5.14452070
2.66345033
2.12555330
-7.77071211
-5.80204359
-2.69796696
-3.96289650
-0.03500039
1.83271760
-12.18705420
8.67373274
-14.55336470
9.58393621
2.84127895
4.89787294
2.07205147
0.88246779
7.06737174
7.34926928
10.81004656
12.14508403
2.58898441
0.38508296
-13.84639979
-11.82472888
8.31653849
6.25990671
12.63957756
9.49947415
-7.56819042
-7.87639851
-9.70249860
-8.01975598
-10.33842212
-10.86532660
-7.31021770
-5.49291024
4.99763860
7.37920643
14.88536943
12.33660534
10.14141498
12.12336287
-1.52297953
-3.53756035
-9.87916772
-10.63846835
-5.69105189
3.19335185
-4.47375533
5.47433683
-0.74017945
-5.30031101
-4.08413756
-5.23711105
14.01102629
14.74233928
-5.52468780
-4.67387694
4.55644685
2.14173495
11.65772155
10.56492237
9.55276653
9.30972890
8.28661925
7.27840594
-9.02462568
-7.96689838
-1.50813561
-3.32716333
-2.98211202
-3.23040444
3.54652537
4.12315042
-0.54085634
2.17240325
7.58466159
8.54859373
10.39694009
7.69972684
-2.28888749
-2.10064848
-3.07591035
-5.54217558
3.48478725
3.38905315
7.06209270
5.33153819
-8.57029478
-7.63363774
8.92559774
9.00776577
-10.22415005
-3.20185352
-12.74924677
-5.02410666
13.71968944
12.65275835
-9.59497439
-8.90559017
-12.98394985
-12.29940314
7.27820451
4.96816854
5.48505804
6.80151751
-1.56297922
1.02858202
-14.24441803
-12.87453484
0.82763452
-0.52829626
3.16822944
4.33414199
5.12420146
4.04823960
7.88053929
7.63593103
-5.49846290
-6.38239856
-0.03582260
-1.64535403
-10.93211490
2.06497127
-11.02096251
3.35346516
7.35846297
6.21845315
10.78229678
8.35358894
-8.36825669
-6.46843613
10.18426198
9.55949757
11.81417652
12.58696581
-4.77317616
-2.11916001
1.76875213
-0.79077905
-2.27977730
-3.72375989
-3.92629734
-4.46513739
12.10535447
13.39660970
-10.68134555
-11.40710422
-1.13856597
-1.82136497
-10.57249590
-10.98798242
-5.81145488
-8.08536426
-3.29227232
0.64879361
-7.90378959
-8.38652047
-11.65112597
-12.30358920
-7.31417481
-6.66087784
-4.18491748
-6.49404641
12.70291187
15.08906100
7.03641982
8.57826009
4.32625598
3.05103628
6.12500434
7.79436703
-7.59147079
-6.72537684
-0.74717978
0.60807887
-13.54682641
-14.29736586
-4.82874380
-2.50082829
-4.71027010
-6.99358145
6.73242776
5.15190158
-12.94137620
-14.80396736
-9.15257302
-10.39267119
5.04814366
3.83530555
-0.98472439
12.36574194
-1.23483832
11.84897026
-1.02356335
0.40440985
-1.93647020
1.25481076
1.44492687
-0.27808036
-1.00725726
1.60230082
4.03651295
5.00279346
2.03812053
6.19582439
0.83553061
0.24263934
2.03975774
1.45824636
-9.11750750
-5.32638684
-8.16114302
-6.95345966
0.22889117
-1.98754746
-1.32436283
-3.17908663
1.94951287
-0.07492593
0.95825223
0.92394345
-13.74882326
8.82012779
-12.96976038
7.69343940
-11.79865521
7.39603486
-14.91040754
8.42332470
2.86528281
4.64235510
3.91134304
5.39606439
1.67553892
0.10753223
3.15471020
1.93029205
5.56252147
7.49899454
6.22558934
7.28313286
9.72154684
9.41392012
9.92379815
11.07693504
3.15329129
1.13083694
1.49330892
0.87181347
-13.49857658
-10.93869771
-13.91636191
-10.60426457
10.51258239
7.47715890
9.41762783
5.17498437
13.19128576
9.99528832
11.94150561
9.90316088
-8.63049300
-9.81326402
-7.82526422
-9.27953796
-9.00345844
-7.64516438
-8.60845943
-6.90678047
-11.02734516
-11.91548099
-10.01571968
-9.81586698
-7.29475725
-4.56940164
-6.31438689
-6.38066331
3.26150313
6.62234356
5.60368261
7.98060650
14.94866797
11.80628254
14.90545135
11.56309738
9.07208069
12.09105487
9.53156006
11.36442600
-2.16125539
-5.27158814
-2.46513761
-3.12005050
-9.88805193
-11.67204174
-9.11232678
-9.69635406
-5.86533976
2.72999976
-3.44113549
4.74649199
-6.72901840
3.78409588
-4.76047988
5.25332905
-2.57176675
-3.58563040
-0.23276419
-5.49398781
-5.74142110
-4.16584163
-5.15234847
-4.79800861
12.54966872
14.19719732
13.57351405
13.74845374
-4.55440930
-6.96606719
-6.08739655
-5.10322648
3.17285038
0.92169230
4.68245107
2.48977857
10.57477131
11.95929541
12.60542760
10.60457159
11.14084412
8.38864009
10.36426648
9.22223086
6.74596695
8.90311400
9.18855958
8.01256978
-9.84652751
-6.11837016
-9.17650485
-7.89109525
-2.87879620
-4.20873904
-1.78386181
-2.56022538
-2.52588173
-2.49706900
-2.00139934
-3.24802884
2.05103140
3.77445269
2.77981404
3.16279398
-1.08939807
1.63659438
-1.42545596
1.23599493
6.01080373
7.01439563
7.20772040
8.00073392
10.91204621
10.14979946
9.49210007
8.44676452
-3.25216169
-3.52264065
-1.38285265
-2.74050334
-2.31645874
-4.25997315
-3.99924096
-5.11897113
2.41401099
3.03416736
2.47911942
4.32090475
3.90618670
4.59330208
6.48333674
5.48588640
-8.93881054
-7.02648364
-7.95222668
-8.62720834
