-2.85220924
-11.74144094
-3.70616598
-10.97069608
-3.35280708
-9.74803739
-13.78000187
-9.26549746
-8.10904690
-0.60137853
-9.97124226
-13.68908993
-1.34522260
-3.74032441
-12.50935123
-9.76922889
-8.67546634
-11.68232797
-11.50114503
-2.04851592
-9.86329420
-6.94129600
-2.20475965
-7.88775187
-11.16658401
-5.26902264
-4.30320648
0.22105546
-1.10024407
-5.85627898
-14.99596098
-15.15760814
-8.79455440
-1.53973926
-8.82893429
-6.51487623
-8.93705412
-3.71209439
-5.23725205
-6.21413118
-0.25304964
-6.09671466
-14.27368912
-3.70580564
-1.25729912
-5.24534318
-4.55833065
-8.71237261
-5.82193444
-4.17077603
11.47336093
9.75981669
3.56084034
-1.26374910
5.76949503
9.10395351
2.56691117
5.74488433
11.21020163
13.77522970
-1.27891335
5.33923674
4.28604183
10.12964306
13.96519365
0.80298833
0.59947373
8.17493860
6.34302570
6.60696027
5.69198419
9.60697476
4.33409979
11.26281659
4.51294383
3.08549832
1.44791617
9.94134544
-0.57487281
13.79963918
3.66073936
4.32646980
8.38351247
10.10804613
3.02955659
6.46691403
3.97817176
13.04868809
4.16691316
0.69849377
3.90347537
6.98679520
10.62148544
2.00669993
14.16961347
13.22341454
5.91657868
11.05215655
0.25079329
3.70878454
1.62865531
0.93435160
6.12865557
0.80514556
-6.52512097
-2.49869552
0.09296341
-13.79922202
8.62624679
4.56121859
-0.07670652
6.44068325
10.23063853
1.16753703
-11.88557319
8.58696308
11.09688707
-10.40439926
-7.56834282
-11.69812288
-3.62610582
6.04962835
12.92067499
11.12559513
-4.89435011
-10.87754799
-3.95352884
4.24090572
-4.27090406
-4.60239144
14.61916822
-7.14484737
1.77025099
11.80874130
7.50146267
8.71810695
-5.89884228
-2.25033150
-2.23251525
3.18856014
2.15526482
7.24210171
10.70108265
-2.85762089
-5.00872360
2.27437479
4.05177350
-7.88598234
10.19751036
-13.05862514
-4.10486591
13.02817459
-10.33531848
-11.61429153
5.87514402
7.12099767
-0.01418971
-12.17675153
-0.53766354
2.83125563
5.38515362
6.57913607
-6.66619186
-0.79100296
-12.38636769
2.53231914
6.37757035
8.73903680
-7.74219696
10.91424236
13.90301289
-3.43400707
-0.46431237
-2.91736524
-5.81702463
13.82442290
-12.59885139
-2.40099543
-10.23116136
-8.73053620
-0.26724826
-7.36810035
-13.00981949
-6.02271529
-6.92854138
15.13068108
9.00236664
2.91236869
6.54566392
-6.99983663
-0.41672650
-15.06410388
-2.85959256
-7.87325219
4.68305776
-14.22418839
-9.73807355
2.70654694
-0.18673512
13.11723217
-1.68770504
1.35930761
-1.83571057
0.39529731
2.92853084
5.16434522
2.66295503
2.12276974
-7.78044061
-5.82115019
-2.67927979
-3.97887745
-0.05015027
1.83955548
-12.23679917
8.69413122
-14.60717692
9.62200043
2.85011374
4.90311359
2.06004644
0.88398109
7.10359590
7.37765281
10.83845507
12.16557697
2.60079647
0.39042938
-13.88462557
-11.86643358
8.32830271
6.25183334
12.66193202
9.53803040
-7.57639535
-7.90879786
-9.72438098
-8.03814182
-10.39212847
-10.88205769
-7.32368361
-5.49385753
5.01064015
7.42199434
14.91102982
12.37219957
10.17761967
12.14336691
-1.51614736
-3.54354368
-9.90946846
-10.65717246
-5.75185601
3.18881173
-4.47183318
5.49731300
-0.74704609
-5.30850697
-4.10336974
-5.26084098
14.04098795
14.77885349
-5.54312768
-4.68518736
4.57664196
2.13033763
11.69214961
10.59821082
9.59151850
9.33791970
8.31521184
7.27361820
-9.05030541
-7.99464900
-1.49343769
-3.32444879
-2.98055189
-3.24445792
3.56982634
4.13846948
-0.55900633
2.17302951
7.60263884
8.56173388
10.42353605
7.72052979
-2.27935964
-2.12000164
-3.05965857
-5.53178827
3.50473608
3.39440458
7.07867054
5.33151056
-8.60509975
-7.62725610
8.93122904
9.03770175
-10.26124914
-3.19822161
-12.78431761
-5.01934331
13.75105514
12.68870756
-9.63250466
-8.94938679
-13.02384831
-12.36591757
7.31204855
4.98951925
5.49322004
6.81164367
-1.56068612
1.03613721
-14.29750336
-12.92694133
0.84183656
-0.50659482
3.18272140
4.34434804
5.15137480
4.06534063
7.89688212
7.65982796
-5.50317267
-6.39503823
-0.04076172
-1.63721137
-10.97949217
2.07084386
-11.05627214
3.34853071
7.39025351
6.25055891
10.79859091
8.38611119
-8.38834203
-6.48806076
10.21550852
9.57806174
11.84062254
12.62423406
-4.76797652
-2.11553404
1.77387698
-0.79856681
-2.28334338
-3.72109254
-3.91774963
-4.46540095
12.13404888
13.43064306
-10.71190073
-11.45019844
-1.14051186
-1.82216798
-10.58898860
-11.02917601
-5.82091614
-8.09604661
-3.29171006
0.63344131
-7.93000842
-8.41070396
-11.69232069
-12.35888523
-7.33538052
-6.63015243
-4.18640143
-6.49906067
12.72075336
15.12178657
7.05414201
8.60258805
4.33406096
3.05078028
6.13412358
7.80599430
-7.62031740
-6.76307690
-0.74954045
0.61646102
-13.60364684
-14.34216811
-4.84492590
-2.51049089
-4.72771499
-6.99893288
6.74178801
5.17215045
-12.98833404
-14.87939776
-9.16231352
-10.42965350
5.05871026
3.83615460
-0.99305165
12.38518378
-1.24011278
11.86263448
-1.01248364
0.40363273
-1.92542283
1.25798910
1.44640668
-0.27489871
-1.02321282
1.60810472
4.04646592
5.02192043
2.04621996
6.22041520
0.83758602
0.22531877
2.04182998
1.45577335
-9.14675101
-5.33417273
-8.17951658
-6.97145148
0.23313174
-1.97659932
-1.29723695
-3.17372202
1.95739368
-0.07450145
0.97444443
0.93232218
-13.79522870
8.84280105
-13.00278958
7.72236517
-11.83813855
7.42339673
-14.95841011
8.45516236
2.87411590
4.66719337
3.92533941
5.39987408
1.68833493
0.10737199
3.15071767
1.93417997
5.58155650
7.52814744
6.25485612
7.31412180
9.74416652
9.42838934
9.95116677
11.10137766
3.16893573
1.13696913
1.50487371
0.89223472
-13.54464570
-10.96493633
-13.95622539
-10.61851570
10.53514666
7.48625721
9.43567418
5.15717895
13.21600214
10.00337856
11.96021560
9.94065222
-8.66391280
-9.81921218
-7.86062504
-9.31551114
-9.03593054
-7.64452471
-8.62290955
-6.92145370
-11.08110284
-11.95289875
-10.04489221
-9.82575981
-7.30992763
-4.57657641
-6.33062492
-6.38967126
3.26546090
6.64982416
5.62747050
7.99553394
14.97013198
11.81543287
14.92950426
11.57789584
9.08232868
12.13527125
9.54572701
11.39161002
-2.16046173
-5.27748224
-2.46897838
-3.13376427
-9.90020547
-11.69561323
-9.14199735
-9.71619150
-5.85928905
2.72378390
-3.41997288
4.74763084
-6.77303239
3.78923866
-4.79210248
5.27758044
-2.57852446
-3.59698989
-0.25977637
-5.50593878
-5.76310326
-4.18872881
-5.17413133
-4.82139928
12.56778986
14.23016094
13.59743933
13.78057670
-4.54828577
-6.97971265
-6.11359707
-5.12064486
3.16635038
0.92540508
4.69676652
2.50418248
10.59827888
11.99261404
12.64843245
10.65267246
11.17246945
8.41699063
10.40881197
9.25270565
6.76107440
8.91572061
9.21957959
8.02066211
-9.87123603
-6.14154987
-9.17920161
-7.90131196
-2.88717656
-4.21284210
-1.78964359
-2.55424866
-2.52865090
-2.50393897
-2.02309660
-3.25267798
2.06333458
3.77601591
2.78853047
3.16952363
-1.09504364
1.62718752
-1.45233974
1.23887224
6.01826404
7.02410469
7.21416884
8.01970343
10.91099932
10.17877689
9.50868989
8.43625136
-3.24874157
-3.52904175
-1.38616814
-2.72497936
-2.33989551
-4.27385972
-3.99594496
-5.10994114
2.42169055
3.05455970
2.49971449
4.33956453
3.90428284
4.59339309
6.49162973
5.50104188
-8.91991936
-7.01783780
-7.94953825
-8.62458606
