-2.84403811
-11.57952688
-3.69427280
-10.82971797
-3.28947333
-9.65473501
-13.53471037
-9.19694666
-7.97768493
-0.63596721
-9.81402013
-13.49658992
-1.34296348
-3.63144141
-12.36249629
-9.62936823
-8.60000251
-11.51148162
-11.36225774
-2.06638045
-9.68747407
-6.84756151
-2.15360859
-8.34658938
-10.84218254
-5.30101550
-4.30209873
0.22372240
-1.15517092
-5.78336809
-14.80496750
-14.96121267
-8.64416001
-1.54520496
-8.74236160
-6.49844506
-8.88407276
-3.65840735
-5.21503196
-6.15184499
-0.27750522
-5.99904575
-14.06820437
-3.69442278
-1.27549269
-5.24253440
-4.51345628
-8.67712989
-5.71621782
-4.13833675
11.33946189
9.73279376
3.46734896
-1.35055661
5.72381453
9.02828120
2.44317798
5.74448404
11.09080876
13.66550202
-1.24955050
5.21782081
4.24135951
10.04160540
13.89657851
0.81635342
0.68378843
8.12911875
6.22267668
6.55937229
5.63768963
9.51530224
4.35437014
11.18408949
4.43185954
2.94835763
1.46850583
9.84668009
-0.58692765
13.62780468
3.65407933
4.23512332
8.22224703
10.05858747
2.96051517
6.36304718
3.92857502
12.94975232
4.13592946
0.63816211
3.83724151
6.97400512
10.50002475
1.99464920
14.04395886
13.12319707
5.88645559
10.93671679
0.25974897
3.70981403
1.52909891
0.87366598
6.00714151
0.84468027
-6.51404774
-2.48765285
0.00408901
-13.63361240
8.51317772
4.53556953
-0.06103163
6.35131335
10.14400603
1.19810674
-11.77965788
8.53819337
11.03445552
-10.18916743
-7.49544537
-11.58745240
-3.61898676
5.94330732
12.85634474
10.99279315
-4.89436891
-10.83789482
-3.86659506
4.23773986
-4.24714573
-4.53115760
14.55193936
-7.01870210
1.74258996
11.71743319
7.38486640
8.82649232
-5.88174767
-2.18489245
-2.17288890
3.17122127
2.08318165
7.25031348
10.65526645
-2.74876709
-5.12398527
2.22769146
3.89850856
-7.43727799
10.11306217
-12.93639385
-4.10307433
12.91834374
-10.18559446
-11.41389681
5.78590669
7.08233339
0.02617696
-12.02442086
-0.47988472
2.80166893
5.32021854
6.52664302
-6.58259780
-0.81594959
-12.23439768
2.60317227
6.28133743
8.60837294
-7.70321916
10.78347083
13.81082899
-3.43332419
-0.45940344
-2.90395077
-5.78439849
13.76582454
-12.45257477
-2.35121501
-10.23746512
-8.66065568
-0.28291460
-7.30476935
-12.79873172
-6.11672275
-6.86273231
15.05345941
8.88884594
2.87061672
6.47322189
-7.12167546
-0.46757658
-14.83958157
-2.83487052
-7.66414698
4.69498916
-14.02775594
-9.54958068
2.71040843
-0.20214595
12.99946147
-1.66755575
1.33272949
-1.73116614
0.41194448
2.87222878
5.07182500
2.62361576
2.17378676
-7.68630856
-5.75796287
-2.74576518
-3.91551539
-0.01192565
1.81152705
-12.08050431
8.60655577
-14.42741740
9.48507902
2.80264982
4.88844443
2.10058192
0.86384683
6.95747889
7.25268497
10.71634633
12.07652318
2.56061917
0.39821981
-13.73717826
-11.71148103
8.26235073
6.25467003
12.55626811
9.37644420
-7.54530207
-7.78098479
-9.63328734
-7.95459291
-10.18430267
-10.79526430
-7.25513107
-5.47328394
4.95706464
7.26937686
14.82610214
12.20491751
10.01825337
12.05200734
-1.54808413
-3.49035902
-9.80314000
-10.56339929
-5.59069063
3.19596092
-4.47248723
5.41174929
-0.71035962
-5.26646770
-4.04004326
-5.17773979
13.93976618
14.62232784
-5.48523344
-4.64405415
4.49339534
2.19060598
11.55362221
10.47394022
9.42420875
9.23128749
8.14346943
7.29637849
-8.92691088
-7.88443596
-1.49005850
-3.31593361
-2.99991369
-3.19254019
3.54410831
4.06395114
-0.52307080
2.18195004
7.53662059
8.51452023
10.33712605
7.62657827
-2.29933204
-2.05145636
-3.16569451
-5.58797275
3.38798300
3.38231370
7.00255934
5.32164794
-8.26640803
-8.05504151
8.90607298
8.91572220
-10.10818773
-3.18608046
-12.64590576
-5.01213774
13.61692969
12.55648982
-9.44433368
-8.81475223
-12.85946940
-12.19159070
7.17515750
4.90149121
5.49867720
6.79394091
-1.55391412
1.04494575
-14.11242594
-12.75203203
0.79639161
-0.60834441
3.12432837
4.31062134
5.05170535
3.99533838
7.85505226
7.58276097
-5.47306305
-6.36788566
-0.00501603
-1.63498524
-10.84614027
2.05321563
-10.84739814
3.36687129
7.26215766
6.12865897
10.72439905
8.25459995
-8.30511408
-6.43930776
10.10079739
9.50879892
11.75980495
12.53052032
-4.76675718
-2.09625155
1.74108901
-0.72108528
-2.27220244
-3.73498558
-3.92469536
-4.44481628
12.03446027
13.27536319
-10.58024240
-11.29919954
-1.16075581
-1.80826740
-10.49696011
-10.86210837
-5.78593598
-8.03988624
-3.26703593
0.67150565
-7.80662912
-8.29625572
-11.52249006
-12.13992499
-7.28013613
-6.70073669
-4.15950084
-6.46690680
12.66225297
15.02242823
6.97010372
8.50968082
4.37019814
3.04695881
6.07941581
7.76451436
-7.51217568
-6.65858362
-0.73497452
0.56979307
-13.40938779
-14.17676535
-4.77267853
-2.45817211
-4.67914765
-6.96599429
6.68973802
5.10609456
-12.81333543
-14.67125953
-9.04895578
-10.23300975
5.00608464
3.81996205
-0.95714651
12.30163796
-1.21765950
11.77691056
-1.04364414
0.40412898
-1.96517139
1.24862316
1.42727156
-0.30319250
-0.98486900
1.56154408
3.98906222
4.93328442
1.99883706
6.11000738
0.84251301
0.27967050
2.01572389
1.52029978
-9.00561287
-5.29987904
-8.09630539
-6.88432830
0.13174977
-2.01233117
-1.43848493
-3.19546022
1.92781384
-0.06082666
0.94232402
0.88172817
-13.63443992
8.75128505
-12.85588213
7.62319100
-11.71162059
7.29047263
-14.77649706
8.30580173
2.82152823
4.57470187
3.85216155
5.34684016
1.62216120
0.10573066
3.24031222
1.92152716
5.52614771
7.41353856
6.16299242
7.17250866
9.64847957
9.36957802
9.84173087
10.99916886
3.11938527
1.12397691
1.46948165
0.84289213
-13.38597020
-10.84024644
-13.80820489
-10.56949172
10.42059467
7.44518643
9.34008307
5.21710870
13.10621052
9.96068748
11.87190248
9.78466068
-8.59438001
-9.70286206
-7.74119728
-9.15126710
-8.90783111
-7.64993130
-8.55833761
-6.85044030
-10.95191985
-11.80349019
-9.95717022
-9.76004049
-7.24289652
-4.53456757
-6.25943567
-6.33761759
3.29200377
6.57174249
5.53337290
7.92006524
14.89043093
11.80440201
14.85134090
11.50664961
9.04369236
11.94984270
9.49063535
11.28000359
-2.17003883
-5.28032073
-2.44934359
-3.09195869
-9.83908860
-11.62185467
-9.00710964
-9.62142671
-5.97860008
2.73139677
-3.43689281
4.70850588
-6.63678371
3.79184844
-4.68795295
5.18063403
-2.56989011
-3.55281969
-0.15877197
-5.43902191
-5.67739778
-4.11235641
-5.09095910
-4.75317417
12.43977773
14.09163050
13.52206295
13.63688351
-4.56057568
-6.91827356
-5.99707266
-5.05351565
3.20213419
0.91608169
4.65415450
2.44449697
10.49458101
11.85582970
12.48246505
10.48021147
11.03211773
8.29687989
10.21960405
9.13253138
6.70263634
8.91226774
8.99604048
8.00475901
-9.77243094
-6.06088086
-9.15448736
-7.85371090
-2.81108653
-4.17217748
-1.71811142
-2.54777500
-2.49412116
-2.45659092
-2.03692337
-3.21503158
2.00023798
3.78289852
2.74569797
3.13678727
-1.08911710
1.64697635
-1.35240471
1.21102663
5.98137177
6.98812948
7.15757761
7.95706455
10.91693839
9.92587967
9.43430804
8.44576613
-3.25697761
-3.53849619
-1.35109023
-2.74321474
-2.26980819
-4.23307325
-4.02271695
-5.15152120
2.40939173
2.99271245
2.37876644
4.26407551
3.91413661
4.56582678
6.49379286
5.39995554
