-0.63345880
-5.02251560
-2.05176924
-5.12846815
-0.86055376
-4.61006265
-5.42242387
-5.16013393
-3.35553416
-0.23974168
-4.15298276
-6.59674601
-1.29510704
-0.68817107
-6.38943331
-4.70223027
-4.32034791
-5.50157173
-5.21916085
-1.75079673
-4.95467129
-3.68254311
-0.22913223
-3.80018658
-6.01349192
-1.88483308
-1.02106992
-0.59997239
-0.66340956
-2.34965039
-6.22023851
-6.18521215
-3.03903424
-1.26371852
-3.77560118
-4.12338851
-3.84799071
-1.33312470
-2.57546838
-2.45997648
-0.29298865
-2.92329113
-6.61971203
-1.76276937
-1.38513593
-2.83108269
-2.96404361
-4.00937811
-2.95116625
-1.88753914
5.14112320
5.33375389
1.67122749
-0.47257589
3.36414951
3.64460960
1.65413789
2.99826823
5.54670040
5.62321949
0.16603195
3.43899337
2.06892866
4.44598645
6.44357109
0.74675625
0.66523571
3.80727628
2.94708638
3.58411144
2.75559298
5.09686806
2.60992186
5.66803587
1.80601552
1.55396024
0.83624698
4.52599716
0.05922490
6.40785473
1.93007749
0.61901028
4.20567833
4.95837670
1.38316146
2.86917994
2.76301347
6.79845466
1.53248650
0.87406654
1.72049970
3.93190117
4.26284608
0.46486602
6.61994301
5.74569955
2.50035349
4.73041713
-0.31825185
2.60492664
0.54494151
-0.11359858
2.30594297
0.84842979
-2.91419506
-1.95967150
0.39443959
-6.47589690
4.12329501
1.79070079
1.01622862
3.45974877
