-2.87733388
-11.95444637
-3.71010862
-11.14943895
-3.43953074
-9.88195981
-14.03702856
-9.34399783
-8.26451720
-0.60291320
-10.13099768
-13.93605844
-1.23775011
-3.79112766
-12.81652714
-9.91116587
-8.75621756
-11.92375307
-11.60988858
-2.04385429
-10.01358152
-7.10335315
-2.31543862
-8.00541175
-11.33604810
-5.22115683
-4.25273263
0.21190372
-1.15247065
-5.93655582
-15.26428476
-15.51630313
-8.93338982
-1.57336551
-8.98915168
-6.57717811
-9.05162995
-3.78707922
-5.26410196
-6.34921762
-0.19620607
-6.10596955
-14.58629357
-4.08896526
-1.27645320
-5.21754702
-4.58271697
-8.74271276
-5.91204980
-4.22014010
11.69424895
9.97568509
3.62701989
-1.18374815
5.81800613
9.23023546
2.70774348
5.77098887
11.33498214
13.97322961
-1.34542416
5.47876177
4.34716661
10.33262332
14.06318320
0.85641029
0.58496956
8.28037321
6.46505651
6.52489838
5.72685398
9.76051859
4.31572878
11.51268724
4.65906766
3.13336211
1.39405092
10.03558730
-0.57684472
14.05558234
3.65515808
4.39248288
9.04819365
10.17790930
3.11469786
6.60168104
4.04964013
13.23444361
4.24328427
0.74285198
4.00999069
7.06540461
10.81855824
2.07827935
14.32593290
13.41362685
5.88225343
11.19823833
0.27039945
3.80353575
1.71382229
0.95763483
6.26327329
0.79023801
-6.58653234
-2.35455989
0.12443290
-14.21949592
8.78346333
4.59145486
-0.11151680
6.55654086
10.38324719
1.15357110
-12.18265545
8.65439984
11.26951749
-10.59301836
-7.60808701
-11.81307794
-3.60512812
6.14371969
13.01534225
11.50743133
-4.90420562
-11.00125581
-4.09500293
4.30185437
-4.31823477
-4.74037098
14.76912430
-7.29343030
1.82560703
11.91842796
7.65899068
8.77142921
-5.96445693
-2.49736241
-2.30344427
3.33446499
2.15158495
7.18898282
10.84800191
-2.89364121
-5.08606621
2.39724961
4.11402311
-8.07610364
10.60536028
-12.94197481
-3.53332100
13.15021608
-10.54926796
-11.82913495
5.98942951
7.18642587
-0.01576763
-12.37802830
-0.51872867
2.86193098
5.48478436
6.67094189
-6.85781450
-0.80590973
-12.61321909
2.49837203
6.50299196
8.82495172
-7.85607008
11.03770380
14.14716619
-3.43975983
-0.42163054
-2.95425095
-5.79281354
13.92923351
-12.96846475
-2.34743198
-10.31947447
-8.78296050
-0.23418394
-7.52360208
-13.28079895
-6.11308214
-7.01660786
15.25053849
9.11195352
2.98778057
6.62468702
-7.12596597
-0.40366456
-15.35793574
-2.93261585
-8.10240904
4.61174324
-14.51316354
-9.99825810
2.68928497
-0.24140619
13.26396261
-1.73328629
1.40107242
-1.85180647
0.35447672
3.01222606
5.27871556
2.69431477
2.08855509
-7.86388227
-5.89488894
-2.58531323
-4.04733562
0.04962254
1.89527935
-12.45191379
8.80910587
-14.98532791
9.83977450
2.92757971
4.92940915
2.02787567
0.90205941
7.45222733
7.49002843
11.00885990
12.28134197
2.66162094
0.41919877
-14.17551751
-12.11660911
8.40416609
6.31900480
12.83871865
9.50039807
-7.52300340
-8.06968879
-9.84878523
-8.08933688
-10.53363951
-10.94854820
-7.39923535
-5.50474311
5.07253945
7.57284006
15.06148692
12.53369610
10.57411521
12.29672707
-1.49488423
-3.66790633
-10.11456528
-10.68094436
-6.06615838
3.19823285
-4.53310411
5.62637662
-0.81606743
-5.35336842
-4.23386994
-5.39655332
14.21639397
15.00821248
-5.61831725
-4.82836156
4.68143994
2.13606710
11.89713794
10.81589456
9.73142880
9.52248956
8.50175416
7.34227007
-9.18275232
-8.16835089
-1.46281155
-3.31446835
-3.05685452
-3.21484773
3.72186549
4.20104564
-0.69428954
2.14210874
7.70060103
8.66645000
10.61717813
7.79759034
-2.29325990
-2.18573163
-3.14091182
-5.50301505
3.62913894
3.40919247
7.20256401
5.32290506
-8.84117726
-7.66907229
8.55356398
9.60892909
-10.06206379
-3.22527255
-13.45056982
-5.06890831
13.97911581
12.92424857
-9.81348820
-9.14753443
-13.24519173
-12.62531227
7.46277185
5.11709080
5.57213809
6.88902333
-1.49918390
1.09687204
-14.54445214
-13.15453243
0.84214632
-0.48650576
3.24699362
4.41894629
5.28366050
4.16637662
8.00070373
7.79543861
-5.66575828
-6.28822719
-0.08002538
-1.63028632
-11.24763327
2.11449851
-11.22757316
3.33895137
7.54510715
6.40214528
10.88222490
8.51933031
-8.51787124
-6.58269009
10.36509969
9.69700624
12.00873546
12.88243208
-4.73879980
-2.08814327
1.81552600
-0.81990849
-2.33838206
-3.71713269
-4.06804528
-4.19118686
12.29146990
13.61642557
-10.83034493
-11.80466549
-1.08402543
-1.89126017
-10.69720587
-11.21575037
-6.04189835
-8.23393678
-3.33433997
0.50071477
-8.04012806
-8.50550216
-11.95669830
-12.63140407
-7.39193465
-6.58115202
-4.23728961
-6.52288871
12.83138695
15.33777605
7.13481901
8.74292664
4.39271587
3.07441519
6.18915349
7.88247992
-7.78060100
-7.01080785
-0.73840075
0.65074511
-13.89583882
-14.62210159
-4.96886282
-2.52611101
-4.73308527
-7.06480746
6.81462172
5.15781244
-13.23829791
-15.19263055
-9.30959562
-10.66111762
5.10005337
3.82377392
-1.09045741
12.51799730
-1.28073151
12.00175539
-0.99358857
0.43086841
-1.93103833
1.29869116
1.46264965
-0.27961442
-1.07643770
1.66012784
4.13796868
5.14222437
2.13322434
6.34390212
0.80788649
0.17000719
2.04346099
1.44322501
-9.23937320
-5.35270963
-8.32453960
-7.08286891
0.20115095
-1.82047376
-1.18597694
-3.07037236
2.01406397
-0.01508279
1.01069901
0.99937596
-14.10263404
8.97129255
-13.31143567
7.86253354
-12.06176199
7.57323415
-15.35402433
8.62639761
2.95535002
4.80511902
4.01684833
5.43092198
1.73118584
0.02246929
3.14803557
1.95126617
5.71022880
7.65239178
6.48422795
7.41841099
9.88983286
9.54974787
10.11239556
11.25933393
3.22129688
1.10116969
1.52082244
0.95374087
-13.91632452
-11.15663934
-14.42152329
-10.78349196
10.67087253
7.53821589
9.53886396
5.16595950
13.40449070
10.12360211
12.08088491
10.03373052
-8.72967619
-9.97306226
-8.10501368
-9.47667597
-9.18018931
-7.65937411
-8.70318225
-6.96260282
-11.26399305
-12.11939360
-10.21687629
-9.87128460
-7.41535948
-4.60831556
-6.41260806
-6.43878302
3.32348815
6.84242280
5.77745108
7.91431264
15.04946535
11.94839955
15.07326823
11.66807954
9.18156392
12.42501736
9.60486489
11.53409388
-2.19246720
-5.36611536
-2.52151111
-3.23236218
-9.98049381
-11.93339489
-9.29373988
-9.73828473
-6.09660329
2.70057921
-3.41306477
4.76542078
-6.95637536
3.80995919
-4.89570593
5.39258654
-2.62642080
-3.69182145
-0.39739323
-5.54072030
-5.90257968
-4.26922100
-5.31848880
-4.88781375
12.70713831
14.40970773
13.76177645
13.98126005
-4.53065229
-7.03188066
-6.24465646
-5.24291812
3.18705058
0.91889401
4.80867482
2.59157202
10.76358413
12.18136067
12.90011908
10.90524835
11.37956866
8.59845991
10.60053690
9.46507086
6.81730201
9.07480432
9.41488070
8.11996615
-9.97920897
-6.32104930
-9.14335683
-7.92503361
-2.91704502
-4.24400931
-1.84405072
-2.42436441
-2.47019796
-2.55959595
-1.99813331
-3.31908996
2.09796003
3.83969494
2.82410300
3.18955441
-1.11101951
1.60576859
-1.66772166
1.20767885
5.99361724
7.01997801
7.23802306
7.95768844
11.01720085
10.38046036
9.67776635
8.50490938
-3.27539144
-3.54448883
-1.42326044
-2.73162384
-2.54978413
-4.36379367
-4.00726162
-5.19372572
2.44919204
3.19485043
2.61285098
4.42650920
3.88024532
4.62354943
6.57963109
5.58088881
-8.97495738
-7.16720311
-8.03851311
-8.68977910
8.45060402
10.54482885
9.56784810
8.69456503
-11.76340514
-3.67686972
-13.47491891
-4.45413987
-10.82888464
-3.05859776
-12.55023754
-4.77693402
