-2.93407022
-12.10048689
-3.73591993
-11.28450919
-3.51697881
-10.02085347
-14.21188099
-9.50995943
-8.37996219
-0.64944534
-10.26823940
-14.12887362
-1.20391462
-3.96164246
-12.96467328
-10.01010240
-9.15826671
-12.16917101
-11.77369209
-2.01123013
-10.12040219
-7.26720724
-2.37433288
-8.14361391
-11.48273711
-5.36916575
-4.30601097
0.25505060
-1.14554911
-5.97647402
-15.47441872
-15.80739644
-9.06062476
-1.65187391
-9.12373813
-6.59297301
-9.12990249
-3.80916347
-5.30610683
-6.46046348
-0.13717717
-6.14692384
-14.80639215
-4.14997287
-1.29224269
-5.23404929
-4.63220270
-8.86249814
-6.15801064
-4.26254214
11.83921713
10.08266325
3.66529158
-1.06069255
5.83397769
9.32270091
2.83267219
5.87531670
11.42834612
14.14778887
-1.39720885
5.53802536
4.41191459
10.49434331
14.19474081
0.89259322
0.61058135
8.35192474
6.55951418
6.54110554
5.77959127
9.90054566
4.32307527
11.69890532
4.70465398
3.11521361
1.37725943
10.08172378
-0.56284835
14.13111864
3.65945840
4.43726454
9.10617080
10.19233455
3.16003937
6.69339544
4.07034796
13.41071105
4.30269828
0.77415856
4.11057459
7.16890456
11.01248014
2.10419327
14.74179926
13.60454847
5.91628690
11.34250560
0.27206367
3.87721455
1.77728902
0.97075500
6.39928199
0.75324407
-6.65737665
-2.38396817
0.04970471
-14.44673568
8.87853963
4.60934978
-0.12439680
6.63567615
10.49367452
1.14669114
-12.41729495
8.70439467
11.36671101
-10.72301134
-7.58243666
-11.93121237
-3.54233036
6.20148722
13.15241929
11.62975174
-4.91208334
-11.01219194
-4.01763785
4.31653939
-4.38288343
-4.85493513
14.92733441
-7.38751976
1.87505536
11.90518178
7.76636288
8.90729301
-5.99733178
-2.51759058
-2.34895135
3.46428610
2.12844440
7.27400047
11.00277378
-2.93103327
-5.11309618
2.43848479
4.11933689
-8.12590504
10.67825394
-13.03614678
-3.55745811
13.87627212
-10.26965247
-11.98226188
6.13888411
7.24285669
-0.02857302
-12.50191801
-0.47308867
2.85178007
5.56825140
6.75645151
-6.95613379
-0.90180187
-12.82527694
2.49717337
6.59654696
8.91876681
-8.00795999
11.11613909
14.32649421
-3.51171126
-0.43017870
-2.98889737
-5.71116909
14.04314565
-13.17887828
-2.37311486
-10.45797734
-8.81413758
-0.28348207
-7.64494218
-13.46309547
-6.16480367
-7.06601776
15.47819654
9.16038196
3.05578822
6.66868018
-7.23743186
-0.38001025
-15.54844800
-2.80886389
-8.23937466
4.63113170
-14.75682656
-10.21245651
2.69171746
-0.23998970
13.40844420
-1.76357671
1.41756602
-1.82354728
0.35198571
3.09027991
5.37499225
2.76797050
2.05008469
-7.93650110
-5.97466547
-2.51620215
-4.15773270
0.09917851
1.97799051
-12.60052326
8.92236999
-15.22738566
9.92777916
3.01753882
4.95304026
2.03501333
0.91838881
7.62565685
7.60389940
11.16472994
12.34113426
2.69072324
0.41752277
-14.33094632
-12.29971570
8.46568844
6.36937143
12.98921749
9.64392722
-7.57896786
-8.22308602
-9.87204319
-8.13655761
-10.64141595
-11.02690319
-7.51192593
-5.51990513
5.09456601
7.67866236
15.24998729
12.63107286
10.71971749
12.41054566
-1.48931123
-3.75869366
-10.27999770
-10.80258743
-6.11959691
3.19383224
-4.52131867
5.70308395
-0.92033746
-5.42863650
-4.32949575
-5.51290502
14.38011838
15.22263375
-5.66886306
-4.95958002
4.73991688
2.15837531
12.09315190
10.95427416
9.88553588
9.65683370
8.63345618
7.42696589
-9.29614260
-8.26250275
-1.53924606
-3.36472801
-3.10433364
-3.25768051
3.85714397
4.26638711
-0.78814879
2.11475368
7.82310374
8.78767265
10.79689058
7.91000176
-2.30908208
-2.30252275
-3.26541830
-5.52821497
3.73735766
3.45649237
7.31817943
5.32193805
-9.02693936
-7.76212369
8.67498826
9.66888492
-10.36015282
-3.19776641
-13.59326506
-5.12516375
14.61763057
12.80174923
-9.66214513
-9.71092090
-13.39703267
-12.79631100
7.61129173
5.23077639
5.64475010
6.96258876
-1.43724407
1.13100021
-14.72542470
-13.33227186
0.78990005
-0.53843827
3.25759508
4.45898994
5.37682885
4.24806554
8.08810855
7.89676499
-5.75327241
-6.29695794
-0.10261003
-1.66637565
-11.45911954
2.13643033
-11.36810452
3.33954584
7.63367973
6.49331615
10.95713143
8.65572937
-8.64109248
-6.69124358
10.41410935
9.78256805
12.17005237
13.07729104
-4.77619282
-2.10476635
1.85893017
-0.91183172
-2.40114607
-3.74196333
-4.02953133
-4.21784133
12.41276463
13.76238272
-10.96380485
-11.98314492
-1.11474407
-1.98250172
-10.80318387
-11.33611367
-6.17327650
-8.35468887
-3.31648605
0.39838059
-8.15007466
-8.58683168
-12.17413778
-12.84004944
-7.42058046
-6.61778993
-4.30919233
-6.54619799
12.97650196
15.47831348
7.16070102
8.84240799
4.44513065
3.11627598
6.23087656
7.92257152
-7.83675826
-7.20050653
-0.73061898
0.67412720
-14.11287714
-14.90706916
-5.03168399
-2.56002361
-4.81546045
-7.12337726
6.89199165
5.24118359
-13.54065502
-15.42958354
-9.42973477
-10.83305071
5.15083033
3.83578375
-1.12356207
12.66597295
-1.30822041
12.13653402
-0.99846013
0.45179618
-1.94992529
1.32579060
1.52846266
-0.30289974
-1.17259094
1.76518592
4.23109751
5.26502071
2.15493558
6.47742439
0.83392918
0.14028138
2.07723918
1.35876463
-9.29735181
-5.41110008
-8.41354757
-7.15383670
0.10239550
-1.80304550
-1.13537820
-3.09649047
2.01349118
-0.04346571
1.03358560
0.99008335
-14.33575299
9.08342249
-13.53778629
7.93741094
-12.19857140
7.67926714
-15.59371840
8.74827342
3.02313662
4.96166195
4.11539641
5.46271701
1.77007164
-0.02215790
3.17774910
1.98372179
5.76261507
7.73816904
6.60563471
7.54235873
10.02938697
9.62529466
10.24831408
11.36972496
3.23459207
1.09923185
1.51343674
0.92992194
-14.13088331
-11.34214879
-14.59315835
-10.95564623
10.78494148
7.57282370
9.62294858
5.18994081
13.54073525
10.21813355
12.17561894
10.13461820
-8.74233722
-10.11361325
-8.25072016
-9.57664860
-9.45082510
-7.70849132
-8.72775449
-7.01836249
-11.36527319
-12.25008179
-10.29157307
-9.97298762
-7.52556633
-4.66357517
-6.48493334
-6.47170680
3.35823361
6.93509231
5.85162591
8.03777676
15.33023728
12.06946399
15.23413987
11.80692805
9.25740026
12.60467784
9.64973654
11.65995880
-2.22070214
-5.48126717
-2.52485411
-3.28669912
-10.00488331
-12.00279402
-9.44344721
-9.80287538
-6.19348985
2.66724587
-3.38744906
4.77897173
-7.05639570
3.81733959
-4.96746122
5.46295490
-2.72262576
-3.79772997
-0.44601016
-5.59332434
-6.04931878
-4.34492355
-5.42989286
-4.96740680
12.84966714
14.58406549
13.93304338
14.17165555
-4.49460031
-7.13998024
-6.35128133
-5.31881244
3.22026633
0.92882675
4.89282519
2.66510423
10.91232151
12.05208137
13.11299345
10.97372918
11.55028789
8.71827287
10.77794286
9.61484378
6.89545785
9.21810296
9.55808339
8.23951168
-10.10449286
-6.46290718
-9.18880298
-7.87743374
-3.00021189
-4.31456877
-1.94492527
-2.41704806
-2.43415581
-2.61225713
-1.98495749
-3.37682125
2.16270639
3.93825422
2.83420155
3.25313419
-1.11319793
1.56720904
-1.79575904
1.18718058
6.08048773
7.11624784
7.27065730
8.05842223
11.13375489
10.54165215
9.82956431
8.64696452
-3.33033610
-3.57486379
-1.46105657
-2.73707721
-2.61287260
-4.37276139
-4.07069263
-5.20907147
2.47804184
3.30415885
2.72500687
4.46805672
3.91966740
4.73568075
6.66451248
5.65527882
-9.07246322
-7.17863610
-8.12979499
-8.80869592
8.57219300
10.65832845
9.68440425
8.83615835
-11.79339219
-3.72400428
-13.53213921
-4.48631263
-10.84039645
-3.16421751
-12.71086574
-4.72159910
14.49065715
12.93928834
13.61968740
13.51135513
-8.45312880
-11.25823010
-10.09155230
-8.94808600
