-2.93123900
-12.11445688
-3.74327615
-11.30239252
-3.53363337
-10.04880004
-14.26727755
-9.54891451
-8.40441707
-0.68068819
-10.29569981
-14.20136110
-1.20503161
-3.97530321
-13.01539517
-10.04046617
-9.08513465
-12.24430331
-11.79903494
-2.01038840
-10.17354448
-7.29617455
-2.38110912
-8.15936714
-11.54227719
-5.40063493
-4.30223546
0.25635159
-1.13897664
-5.99306959
-15.55047120
-15.86453099
-9.08063377
-1.67032528
-9.15549744
-6.59567141
-9.17623904
-3.81084641
-5.31881241
-6.46174092
-0.13342914
-6.10412394
-14.88171008
-4.16158253
-1.29137946
-5.24461396
-4.64394334
-8.89807118
-6.20844604
-4.26022766
11.86293796
10.10656384
3.67034079
-1.05156497
5.83547711
9.33939784
2.85501240
5.89713205
11.44676558
14.18631153
-1.40248022
5.54988485
4.42417834
10.52644134
14.22676332
0.89190281
0.61086992
8.36447181
6.57657577
6.54335225
5.80283366
9.92391200
4.33945653
11.73611062
4.70856950
3.11616650
1.37618484
10.10329974
-0.56127400
14.17757945
3.65803703
4.44202300
9.11837517
10.19267445
3.16873506
6.70780790
4.06853501
13.44418892
4.31457809
0.77951493
4.12492664
7.18830542
11.05416479
2.11435852
14.80595789
13.64685923
5.92612710
11.37441560
0.26844655
3.89183052
1.78312906
0.97475740
6.42706526
0.74998130
-6.64246777
-2.40037530
0.03673053
-14.48362016
8.89989373
4.61098767
-0.12200987
6.65172628
10.51557509
1.13585740
-12.46175533
8.71384573
11.38959355
-10.75514400
-7.57585599
-11.96196318
-3.53301884
6.21411143
13.18178218
11.65223601
-4.91339772
-11.01714064
-3.99456266
4.31535835
-4.39204983
-4.86843574
14.96007004
-7.40125649
1.88415559
11.97175087
7.78499468
8.93317649
-6.00667161
-2.53712342
-2.35287801
3.47696192
2.11213646
7.28967649
11.03469612
-2.94353498
-5.08435765
2.44073194
4.12560029
-8.11636811
10.69888618
-13.05364398
-3.58318439
13.92682790
-10.24555937
-12.02206318
6.16649081
7.25361121
-0.02887269
-12.51405742
-0.47380908
2.84766141
5.58296711
6.77157034
-6.96646830
-0.91106311
-12.88732706
2.50135033
6.61250063
8.93812580
-8.03622299
11.14761264
14.36600491
-3.51710110
-0.43605552
-2.99613309
-5.68964769
14.06889886
-13.20564368
-2.38192981
-10.48867610
-8.81594970
-0.28810153
-7.62344274
-13.53213696
-6.14318586
-7.07976248
15.52932539
9.16936419
3.06856246
6.67674217
-7.24813534
-0.37650541
-15.60931397
-2.76646460
-8.19772736
4.64194608
-14.87038801
-10.21680540
2.69515165
-0.24112125
13.43917267
-1.76889159
1.41557343
-1.82628691
0.35621727
3.10449170
5.39531960
2.77907978
2.05074513
-7.96502718
-5.96223942
-2.50796356
-4.17411406
0.10668941
1.98932875
-12.63398044
8.93643106
-15.28122096
9.96148725
3.03155659
4.95694368
2.04149123
0.92467012
7.64997358
7.62552342
11.18505015
12.38966696
2.69354703
0.41500364
-14.35687696
-12.33380491
8.47774180
6.38303784
13.02328745
9.66848837
-7.58944589
-8.24897015
-9.88240634
-8.13090710
-10.67980122
-11.08851871
-7.53100344
-5.52230571
5.09593010
7.70201634
15.29429046
12.65001389
10.73794047
12.43694672
-1.49132888
-3.76146990
-10.31474227
-10.84014959
-6.12196075
3.20014326
-4.52520258
5.71456594
-0.94120544
-5.44008822
-4.33862952
-5.51742383
14.40717121
15.26888103
-5.68451499
-4.98890493
4.74840589
2.16641106
12.12562746
10.98423646
9.91907727
9.68238147
8.65508464
7.44770096
-9.32581875
-8.28307586
-1.55538557
-3.36612561
-3.11164883
-3.26045828
3.88131400
4.27681058
-0.79803742
2.11772506
7.85034746
8.81600646
10.83155794
7.93516542
-2.30588383
-2.34342638
-3.27553086
-5.54282050
3.75413247
3.45848193
7.34335791
5.33892843
-9.08590860
-7.82737198
8.69407469
9.68810792
-10.40822947
-3.21035871
-13.61666864
-5.13495024
14.63574362
12.81083952
-9.65679531
-9.62630957
-13.44547134
-12.85067415
7.63712177
5.25107150
5.65748085
6.97711147
-1.43721257
1.13454535
-14.76635941
-13.37731747
0.79694130
-0.53911422
3.26086716
4.46159976
5.39374459
4.26302294
8.10580163
7.91342499
-5.76160401
-6.30699269
-0.10860312
-1.66853001
-11.51122660
2.13749084
-11.38930001
3.34629880
7.65359306
6.51017394
10.97633512
8.68344057
-8.67031109
-6.71078990
10.42254439
9.81348300
12.20257487
13.11658985
-4.76819769
-2.10323626
1.86221055
-0.93727359
-2.41475495
-3.75076730
-4.03035058
-4.23610966
12.43839318
13.79660408
-10.98762022
-12.01365128
-1.11057662
-2.00308652
-10.85334580
-11.36330708
-6.20818026
-8.38842162
-3.30247743
0.38996075
-8.18299926
-8.60133702
-12.24343343
-12.89112802
-7.40120076
-6.66928055
-4.32217984
-6.55380569
13.00607478
15.51409370
7.16251147
8.86093257
4.45237527
3.12577707
6.24131358
7.93153463
-7.85004837
-7.23318475
-0.73044903
0.67829075
-14.19147553
-14.96438049
-5.04311857
-2.57314741
-4.83465180
-7.14252375
6.90890663
5.26206469
-13.61099049
-15.50973913
-9.41016218
-10.92815058
5.16221808
3.83995565
-1.12594506
12.69983477
-1.30847938
12.16378086
-1.00008162
0.45384638
-1.95500900
1.32983037
1.53443457
-0.30494055
-1.20591005
1.78196187
4.25406463
5.29093615
2.16168166
6.50141104
0.83501882
0.13673788
2.08087385
1.35308721
-9.30972043
-5.38577791
-8.43564972
-7.14883964
0.09170070
-1.80200681
-1.14492128
-3.10387262
2.01069015
-0.05413594
1.02519830
0.98125566
-14.39190099
9.10079379
-13.58389087
7.94869792
-12.22589279
7.69928412
-15.63072708
8.76796761
3.02947907
4.98411183
4.13739608
5.46448548
1.77945468
-0.02455609
3.19835970
1.99049420
5.77017593
7.75215065
6.62263519
7.56975080
10.05289924
9.63997980
10.26995297
11.39876221
3.23418073
1.10171975
1.51209125
0.92963683
-14.16689173
-11.37956453
-14.62185267
-10.99001804
10.80718286
7.57851940
9.63876074
5.20061590
13.57149087
10.23849746
12.19884353
10.15719033
-8.74436267
-10.11649855
-8.27102515
-9.59413956
-9.50041078
-7.72726843
-8.74194784
-7.01224674
-11.38697856
-12.29068540
-10.31655203
-10.00595206
-7.54844328
-4.67382616
-6.50346136
-6.47980171
3.35692635
6.95208583
5.86250371
8.05796081
15.37674180
12.09331769
15.26508124
11.83401405
9.27485293
12.63908715
9.65386735
11.68536865
-2.23402037
-5.49685268
-2.52435385
-3.29177522
-10.01098302
-12.01625872
-9.46969471
-9.81739786
-6.20281761
2.66549678
-3.38050580
4.78360918
-7.06769767
3.81714869
-5.00113532
5.47372088
-2.74532032
-3.82571152
-0.45940060
-5.60335710
-6.07044021
-4.35542087
-5.44580351
-4.95273697
12.87668955
14.62075016
13.97009313
14.21269941
-4.48757414
-7.16802959
-6.36703771
-5.33751906
3.21833103
0.93595415
4.90712880
2.67597191
10.92694032
12.04077319
13.14105300
11.01451474
11.58540312
8.73797208
10.81862119
9.64219971
6.91212351
9.24472618
9.59221467
8.26284899
-10.13346133
-6.47330123
-9.20367003
-7.86621938
-3.01275212
-4.32986138
-1.96503256
-2.41997284
-2.42476569
-2.61763903
-1.97234961
-3.39049827
2.17582704
3.95484227
2.83381053
3.26134509
-1.11467654
1.56005332
-1.80237566
1.19022331
6.09972646
7.13808193
7.27878031
8.07850360
11.15323446
10.57276647
9.85725666
8.67134471
-3.33223236
-3.58486027
-1.46691715
-2.73673810
-2.61640594
-4.37012683
-4.09767426
-5.20830903
2.47895832
3.31740240
2.74202444
4.47185644
3.93274574
4.75691782
6.68249911
5.67068470
-9.10565809
-7.16324262
-8.17852480
-8.91242836
8.59320412
10.68118980
9.70752878
8.86015353
-11.75903803
-3.69728995
-13.54218484
-4.50058308
-10.84692681
-3.19013379
-12.73462410
-4.69870838
14.52159474
13.01674971
13.64218259
13.54225731
-8.41892021
-11.19763069
-10.23257703
-8.99851304
