-2.92352318
-12.15172931
-3.75048094
-11.31222769
-3.55121859
-10.07788701
-13.94934358
-9.58874311
-8.42799478
-0.69035571
-10.32425229
-14.25956380
-1.21299548
-4.00317662
-13.07599901
-10.07580643
-9.08497150
-12.28818766
-11.82703375
-2.01101059
-10.25522177
-7.31756405
-2.38752840
-8.19446640
-11.61677672
-5.43895195
-4.29595596
0.25544303
-1.13729010
-6.00282634
-15.60939848
-15.92420377
-9.10601784
-1.68870108
-9.19167967
-6.59552820
-9.20605752
-3.82003646
-5.33114021
-6.47989577
-0.12919452
-6.09392188
-15.03119578
-4.16989842
-1.29020504
-5.25452518
-4.65235992
-8.91728710
-6.27674830
-4.25532041
11.89312541
10.13253106
3.67636675
-1.04600074
5.83944139
9.35770287
2.87281033
5.91685277
11.46770808
14.22566562
-1.41188610
5.56274746
4.43660735
10.55852411
14.26078132
0.89282919
0.61002525
8.37951210
6.59304307
6.54808738
5.82539487
9.94764970
4.35695871
11.77267465
4.71206560
3.11986806
1.37464423
10.13053878
-0.55887440
14.21466042
3.65817465
4.44844239
9.13019374
10.19272488
3.18007836
6.72281887
4.06633567
13.47697238
4.32806146
0.78520320
4.13816457
7.20828848
11.09482497
2.12391690
14.84619102
13.69000698
5.93747905
11.40681227
0.26466796
3.91023570
1.78826009
0.97665349
6.45517559
0.74903046
-6.64108388
-2.41702567
0.02700220
-14.55666613
8.92320088
4.61198870
-0.11673232
6.66805605
10.53828534
1.11217624
-12.49662853
8.72309884
11.41362433
-10.65286494
-7.57286074
-12.00794680
-3.52194215
6.22593239
13.21277425
11.67511935
-4.91756654
-11.02217184
-3.97498488
4.31688635
-4.40044583
-4.87438708
14.99454610
-7.41642485
1.89373857
12.03123493
7.80251146
8.95641674
-6.01783739
-2.54702456
-2.35331093
3.48570788
2.10131304
7.30405612
11.06430935
-2.95349867
-5.09384240
2.44413894
4.13152640
-8.12877160
10.72219749
-13.06964600
-3.60674809
13.97524948
-10.24697899
-12.09957273
6.19418865
7.26654321
-0.02787088
-12.53048008
-0.47720853
2.84144390
5.59793198
6.78625492
-6.97459235
-0.91902176
-12.93159818
2.50601279
6.62759275
8.95718478
-8.06263820
11.18093216
14.40407114
-3.51991698
-0.44135531
-3.00170009
-5.66990557
14.09372904
-13.23975056
-2.38448594
-10.52244961
-8.82098363
-0.28903081
-7.62679903
-13.67380950
-6.14401918
-7.09647183
15.57740660
9.18511278
3.08399497
6.68664966
-7.24833732
-0.37364405
-15.68012858
-2.72514770
-8.16740495
4.65516445
-14.91375062
-10.18452481
2.69844781
-0.23785009
13.46913320
-1.77001142
1.41474689
-1.83007474
0.35980917
3.11948491
5.41613325
2.78862836
2.05112265
-7.98716658
-5.95711079
-2.50021395
-4.18649204
0.10924291
1.99953717
-12.73323103
8.95006206
-15.37563752
9.99953363
3.04530959
4.96502103
2.04746286
0.93273631
7.67258107
7.64712127
11.20361237
12.43213005
2.69916605
0.41493357
-14.38357878
-12.37111949
8.48989797
6.39778701
13.05808212
9.68993548
-7.59806487
-8.26333758
-9.88593435
-8.13357883
-10.70754513
-11.13452335
-7.54777208
-5.52264527
5.09666136
7.72666811
15.33718434
12.66989426
10.75334200
12.46446744
-1.49275355
-3.75972258
-10.34787032
-10.88031408
-6.11627417
3.20668131
-4.52923398
5.72741879
-0.96232826
-5.45031204
-4.34299054
-5.51756768
14.43561057
15.31481726
-5.69692334
-5.01934307
4.75817717
2.19245727
12.15750387
11.01924262
9.95260245
9.70735996
8.67787627
7.46633568
-9.35452133
-8.30604521
-1.57250208
-3.37062640
-3.13028637
-3.26264498
3.90283106
4.28707221
-0.80513311
2.12116931
7.87826377
8.84450322
10.86472685
7.95997587
-2.30077794
-2.38934753
-3.27480066
-5.56654634
3.76969159
3.46277777
7.36970155
5.35709298
-9.07854970
-7.87998897
8.71083060
9.70951787
-10.45978163
-3.22680437
-13.63674714
-5.14181370
14.65880267
12.82717707
-9.68433156
-9.60995704
-13.13691016
-12.95180807
7.66195524
5.26983945
5.67025804
6.99053904
-1.43382226
1.13950023
-14.79603522
-13.40461356
0.78870526
-0.54120881
3.26484418
4.46492393
5.41003841
4.27864604
8.12201421
7.92967595
-5.76745003
-6.31186620
-0.10468314
-1.66618698
-11.56083632
2.13448024
-11.47235865
3.35698449
7.67501071
6.52843822
10.99815936
8.71108822
-8.69981083
-6.72843434
10.43717626
9.84322153
12.23379766
13.15473122
-4.77135015
-2.09953975
1.86658076
-0.95865789
-2.42879257
-3.76074047
-4.03388810
-4.25433409
12.46850020
13.83256850
-10.97550255
-12.04627474
-1.11914985
-2.01622424
-10.90325144
-11.39647827
-6.23533230
-8.41997061
-3.30375244
0.38296552
-8.21454617
-8.61358614
-12.19993253
-12.93692828
-7.41395202
-6.70730293
-4.33263865
-6.55729933
13.03337872
15.54970431
7.16811389
8.88316514
4.46276634
3.13506394
6.25584162
7.94343972
-7.85879246
-7.25083327
-0.72916372
0.68228284
-14.26377030
-15.14968195
-5.05307050
-2.58184272
-4.86288581
-7.16282070
6.92898517
5.28295670
-13.63144083
-15.62888645
-9.42767142
-10.97253962
5.17321487
3.84446812
-1.12819174
12.73473522
-1.30643476
12.18992687
-1.00011783
0.45749364
-1.95824974
1.33223271
1.53880436
-0.30795303
-1.24131873
1.79358821
4.27796550
5.31740864
2.16622823
6.52526729
0.83471190
0.13272885
2.08355199
1.34799662
-9.32597435
-5.37351333
-8.45032509
-7.16190967
0.08008795
-1.80147911
-1.15455499
-3.11343151
2.01129433
-0.05295032
1.02846813
0.97614999
-14.51079591
9.11702133
-13.67065281
7.96608114
-12.23960661
7.71902567
-15.68457076
8.78773487
3.03456282
5.00690041
4.15874678
5.46775726
1.78982506
-0.02752348
3.20823562
1.99807064
5.77937823
7.76623858
6.63513025
7.59689332
10.08067848
9.65875135
10.29072872
11.43049445
3.23555132
1.10344878
1.51040261
0.92900308
-14.20605693
-11.41057025
-14.64770212
-11.02596642
10.82949375
7.58418376
9.65460862
5.21394233
13.60303140
10.25895461
12.22344361
10.17980424
-8.73245654
-10.07925629
-8.28942272
-9.58778786
-9.54372701
-7.74264077
-8.74957099
-7.01238219
-11.40780590
-12.33797061
-10.33682982
-10.04655063
-7.57144952
-4.68298498
-6.52313981
-6.48636256
3.35403789
6.96932090
5.87196007
8.07959028
15.42417202
12.11932096
15.29520960
11.86322955
9.29158886
12.67462760
9.65776275
11.71135181
-2.24825595
-5.51001060
-2.52596101
-3.29250984
-10.01192492
-12.02479627
-9.49323169
-9.85109737
-6.19251987
2.66532683
-3.37220421
4.78926097
-7.08030052
3.81980665
-5.04053242
5.48620436
-2.76723450
-3.85296315
-0.47199948
-5.61215084
-6.08599109
-4.36179582
-5.45631768
-4.94489167
12.90092506
14.65717571
14.00834721
14.25291948
-4.47911581
-7.20197238
-6.38152548
-5.35669549
3.21646641
0.94612003
4.91998578
2.68218319
10.94717626
12.03439440
13.17912667
11.06262171
11.62056009
8.75766773
10.85999892
9.66938507
6.92777400
9.27040222
9.62520497
8.28630805
-10.16151182
-6.48613384
-9.21953761
-7.85850899
-3.02302270
-4.34778283
-1.98201495
-2.41925942
-2.41615012
-2.62313207
-1.96989907
-3.40495391
2.18918994
3.96962520
2.83260234
3.26846974
-1.11613120
1.55410449
-1.80671216
1.19313411
6.11730144
7.15962177
7.28880869
8.09835980
11.17631447
10.60556068
9.88581191
8.69522781
-3.33135859
-3.59173137
-1.47355724
-2.73473290
-2.62150783
-4.38133352
-4.11440715
-5.20559541
2.47953599
3.33137272
2.75613163
4.47722768
3.94471973
4.77617879
6.70061077
5.68639709
-9.14307497
-7.15944442
-8.19186926
-9.02894322
8.61297794
10.70526217
9.73124085
8.88668984
-11.70557088
-3.68025983
-13.57263334
-4.51500998
-10.85491085
-3.21573813
-12.75407912
-4.68075291
14.54341462
13.07072743
13.66672415
13.56248623
-8.42131437
-11.14873797
-10.30748371
-9.02060892
-14.50932959
-11.74273914
-14.01604200
-12.88514205
