-2.90438091
-12.24368125
-3.75981493
-11.27343268
-3.58873401
-10.14210403
-13.80912567
-9.65579474
-8.47339985
-0.69870729
-10.31298819
-14.36577105
-1.22685282
-4.09694263
-13.17837937
-10.13138670
-9.05631280
-12.35581634
-11.86746206
-2.01031716
-10.33302217
-7.35202457
-2.40445160
-8.23074765
-11.86120222
-5.53834857
-4.28902884
0.25153841
-1.13838293
-6.02973744
-15.71235860
-15.99060939
-9.07838589
-1.73369180
-9.26316100
-6.62562272
-9.29288988
-3.84106911
-5.35635051
-6.50794935
-0.12048698
-6.10917483
-15.11131574
-4.18450422
-1.29765628
-5.28673308
-4.65616480
-8.97608858
-6.41613077
-4.24067342
11.96069122
10.18719891
3.69466635
-1.04295093
5.85149096
9.39553974
2.90097216
5.94645706
11.51914227
14.30701878
-1.44156831
5.59043347
4.46122547
10.62377749
14.32920114
0.90586014
0.60271909
8.41344477
6.62465273
6.56100876
5.86803780
9.99678196
4.39798813
11.84576485
4.72820086
3.13788505
1.37230558
10.18761881
-0.54962428
14.28640668
3.66389567
4.47514725
9.15150025
10.20577434
3.20637759
6.75875356
4.05615920
13.53821755
4.35544182
0.79225413
4.16508462
7.25184500
11.17393914
2.14304748
14.91616288
13.77827110
5.96201709
11.47317098
0.26248853
3.92717707
1.79918700
0.97912524
6.51168621
0.74873769
-6.67279488
-2.44034264
0.01820906
-14.68645166
8.97157739
4.60827603
-0.10943786
6.69877893
10.58426849
1.09944646
-12.56589169
8.74135528
11.46607045
-10.69495891
-7.57107120
-12.09919311
-3.51663613
6.24097032
13.27946895
11.73413269
-4.93431164
-11.02483234
-3.92519251
4.33695678
-4.41735090
-4.88526612
15.06871864
-7.44743924
1.91022767
12.13295447
7.83649623
9.00800357
-6.04416601
-2.60237127
-2.35420423
3.50100979
2.10394115
7.31814257
11.11817849
-2.96898876
-5.11481557
2.45579193
4.14680423
-8.15160625
10.77500170
-13.08185524
-3.63516651
14.05603833
-10.19707470
-12.18398349
6.24963376
7.29447422
-0.02837688
-12.60851692
-0.48856823
2.82475103
5.62680771
6.81744064
-6.97737302
-0.93232815
-13.01461129
2.51298440
6.66036990
8.99523238
-8.10979195
11.24330822
14.47590757
-3.53279165
-0.44378840
-2.99835264
-5.67761898
14.13673677
-13.36561130
-2.39775375
-10.58174535
-8.82452046
-0.28561467
-7.65894058
-13.75747671
-6.14952699
-7.13897962
15.66710784
9.22593368
3.10851158
6.71795807
-7.23816206
-0.37000187
-15.76444731
-2.70718037
-8.19560295
4.67442332
-15.02327480
-10.24982962
2.70401083
-0.23284593
13.52636688
-1.77278200
1.42172760
-1.84247230
0.36406697
3.15267688
5.45670964
2.80212786
2.05570260
-7.99883921
-5.96896398
-2.49262191
-4.19472997
0.10826650
2.02496448
-12.84833971
8.98502125
-15.50722788
10.07054924
3.07313008
4.99680107
2.05865153
0.94321509
7.71594470
7.68938165
11.25128340
12.51098351
2.71395253
0.41525834
-14.46727103
-12.44545675
8.51508062
6.42531507
13.13092718
9.73315837
-7.60450775
-8.31747228
-9.89317621
-8.15072357
-10.83593868
-11.21334638
-7.57652200
-5.52842746
5.09188054
7.77487673
15.42258067
12.71984108
10.80905890
12.52205016
-1.49693550
-3.76337474
-10.41149095
-10.93466883
-6.11556580
3.22070679
-4.55503744
5.75723652
-0.98734971
-5.46738106
-4.35906718
-5.52775909
14.49154353
15.40426874
-5.70710219
-5.08348513
4.78135770
2.20016082
12.22259328
11.07902217
10.01961413
9.75645895
8.72783232
7.50209564
-9.40610067
-8.35579062
-1.56878996
-3.40283816
-3.16132038
-3.26321514
3.94015131
4.30344216
-0.79518886
2.12987327
7.93183417
8.89678886
10.93087476
8.00541097
-2.29707187
-2.43758057
-3.27813106
-5.61688301
3.79315019
3.48032710
7.42380296
5.40070351
-9.13309140
-7.95647098
8.74922183
9.75876918
-10.52440153
-3.25817474
-13.68026015
-5.13819277
14.71882783
12.86599450
-9.79411575
-9.56768288
-13.19597868
-12.83281610
7.71209384
5.30873733
5.69543666
7.01647670
-1.43689281
1.14896130
-14.86004959
-13.45993031
0.77849274
-0.54383815
3.27560796
4.47315877
5.44555893
4.31008322
8.15318384
7.96424754
-5.79043270
-6.30966212
-0.11696432
-1.65231271
-11.57586442
2.12853791
-11.55072970
3.38493176
7.71924984
6.56756634
11.04392901
8.76705879
-8.76149402
-6.76058383
10.47686299
9.90035360
12.29142366
13.22927777
-4.79055536
-2.10003893
1.87256018
-0.94655127
-2.45862692
-3.77192087
-4.05638339
-4.28281766
12.52637699
13.89992037
-11.05281009
-12.12094628
-1.11315560
-2.02896536
-11.00117302
-11.46170450
-6.27742896
-8.47883529
-3.31395079
0.38628596
-8.25735918
-8.64773288
-12.35096496
-13.08299418
-7.44203108
-6.76429421
-4.35080088
-6.57796537
13.08818607
15.61813992
7.18811209
8.92844310
4.48441300
3.15330854
6.29640881
7.97754523
-7.84349744
-7.29340163
-0.72224433
0.68854375
-14.39206233
-15.25485034
-5.04072685
-2.60155896
-4.91771780
-7.19886196
6.97057897
5.31705381
-13.69815840
-15.74396881
-9.54256607
-11.03549435
5.19411029
3.85508313
-1.13906725
12.80726013
-1.30858094
12.23850789
-0.99071324
0.46848183
-1.96103537
1.33829426
1.53937952
-0.33222780
-1.25931741
1.81121202
4.32175440
5.36966531
2.17754280
6.57349698
0.82855657
0.12496518
2.08721176
1.34727043
-9.36076402
-5.39144150
-8.47695267
-7.18461596
0.07237440
-1.80513538
-1.16987640
-3.12987214
2.01238038
-0.05183645
1.03815659
0.97569405
-14.69015621
9.15304833
-13.87956678
8.00292018
-12.29882392
7.75908487
-15.86188313
8.82941220
3.04170893
5.05440689
4.19743786
5.47323535
1.80885936
-0.04061407
3.22422006
2.01049100
5.79766668
7.79179368
6.65902348
7.65170271
10.12890984
9.69867072
10.33439716
11.49146153
3.24978204
1.10530037
1.51372124
0.93064829
-14.30385096
-11.47704533
-14.70366711
-11.10264200
10.87483803
7.59532916
9.68694961
5.24238663
13.66984583
10.30193563
12.27687951
10.22536922
-8.75208578
-10.02025106
-8.30285438
-9.60700457
-9.62152960
-7.78641108
-8.77670493
-7.02535626
-11.48664026
-12.42091327
-10.38347571
-10.13039427
-7.62724132
-4.70083725
-6.56533633
-6.49623749
3.34333409
7.00187874
5.89205408
8.09013081
15.51175594
12.17825536
15.35008140
11.92183664
9.32157885
12.74691568
9.69614551
11.76573933
-2.24763967
-5.51901902
-2.52834221
-3.31506146
-10.02030140
-12.02913642
-9.54205729
-9.88928811
-6.14784977
2.67780322
-3.39229760
4.80777877
-7.10906577
3.83625444
-5.13368013
5.51766308
-2.81193088
-3.90680559
-0.48422162
-5.62705590
-6.11375375
-4.36859549
-5.48433937
-4.94978229
12.94009145
14.72791136
14.08859138
14.32936699
-4.46991100
-7.26141182
-6.40986743
-5.39757394
3.23911214
0.96423676
4.94808681
2.70499731
10.99897224
12.04012051
13.25437783
11.15192949
11.69211334
8.79394910
10.94397419
9.72827308
6.95212066
9.32406233
9.68180186
8.33347770
-10.22985235
-6.52121253
-9.26436501
-7.85845264
-3.01118211
-4.41512796
-2.01455310
-2.41179534
-2.41342834
-2.65155984
-1.98720385
-3.42504368
2.21112020
3.99349278
2.82826340
3.27811466
-1.12270379
1.55169256
-1.83156901
1.20339636
6.15191181
7.19900218
7.31724900
8.13597988
11.22957303
10.67073332
9.94301203
8.74715271
-3.33476339
-3.61253169
-1.48708790
-2.72964752
-2.62646178
-4.40481582
-4.13989352
-5.20151142
2.48777667
3.36254541
2.77423955
4.49374744
3.95924761
4.80377881
6.73754717
5.71839235
-9.18186472
-7.16069496
-8.24814218
-9.23072283
8.64979502
10.75546160
9.78011898
8.92104704
-11.55923714
-3.69684799
-13.64334714
-4.53427662
-10.89340828
-3.24345657
-12.81383035
-4.70479003
14.56604565
13.16601213
13.73004432
13.58471324
-8.47906576
-11.14585802
-10.36605196
-9.04627597
-14.56330371
-11.75125124
-14.12028193
-13.01053805
