-2.92395402
-12.23739711
-3.76778873
-11.26944364
-3.62069684
-10.24791901
-13.83673346
-9.76816412
-8.54313023
-0.48029983
-10.34877549
-14.35745406
-1.23977504
-4.15883720
-13.27760625
-10.17683299
-9.01601470
-12.39002081
-11.91773496
-2.16358445
-10.42166977
-7.40685997
-2.45760326
-8.28951601
-11.89507169
-5.66823645
-4.29464274
0.32551855
-1.14331984
-6.10176095
-15.47937409
-16.09442445
-9.10736824
-1.78494152
-9.35582618
-6.69123079
-9.36689802
-3.84853207
-5.39926454
-6.55034211
0.39742207
-6.18672007
-15.19135455
-4.18582348
-1.31260227
-5.37739105
-4.65330356
-9.09246339
-6.50994916
-4.21632885
12.08718784
10.26565415
3.71270060
-1.25098736
5.90864612
9.56836438
2.92204936
6.27128145
11.58423469
14.43390149
-1.50801379
5.59037734
4.54369950
10.72743449
14.44365142
0.90117604
0.57024248
8.63573233
6.45518844
6.58704665
5.92980327
10.13486884
4.46711594
12.00175121
4.77098706
3.08213202
1.36576593
10.29740931
-0.54107773
14.42772838
3.71537208
4.53930972
9.17789313
10.25162430
3.24292001
6.80888243
4.02659137
13.62330275
4.41428816
0.77296236
4.19457486
7.33113103
11.31107913
2.14779891
15.01207735
13.90510680
6.00146578
11.57161537
0.25487951
3.93228947
1.82449702
0.96715120
6.59827135
0.89379566
-6.74823811
-2.47510541
0.04521246
-14.85225325
9.06491268
4.59089206
-0.11664711
6.75289370
10.71709486
1.07096742
-12.63833452
8.84014062
11.55548908
-10.75930952
-7.59739910
-12.17983313
-3.51402945
6.24150641
13.37294691
11.84282595
-4.96574763
-11.05410640
-4.12443327
4.39927261
-4.46366140
-4.92418161
15.18549299
-7.48564493
1.93210293
12.25606480
7.94118175
9.15829864
-6.08980337
-2.60582158
-2.37458503
3.51873922
2.18970094
7.31923285
11.19613038
-2.97641036
-5.17971188
2.45795314
4.12457707
-8.22652136
10.87380975
-13.09137548
-3.66210131
14.16198747
-10.24514432
-12.26043881
6.21430226
7.18876074
0.38676930
-12.91487041
-0.61093900
2.78900112
5.70143514
6.98909250
-7.01527461
-0.97062421
-12.98174365
2.42870076
6.76127198
9.04364965
-8.17882065
11.34697367
14.59425802
-3.57934224
-0.46036096
-2.99456382
-5.71181183
14.18951558
-13.51922121
-2.41049117
-10.65228375
-8.85476905
-0.35828076
-7.73053630
-13.84368852
-6.18457359
-7.20879283
15.80804768
9.26905641
3.14677488
6.73664144
-7.29208044
-0.37446305
-15.89595308
-2.88499344
-8.29469257
4.70888030
-15.10351781
-10.33297936
2.71403222
-0.22431108
13.61218140
-1.77676331
1.39721159
-1.82523363
0.36272041
3.22590102
5.50046054
2.81300542
2.07192683
-8.04384098
-6.00519891
-2.46821125
-4.21792407
0.09284316
2.06781150
-13.02352772
9.11566895
-15.59126226
10.15520943
3.11693914
5.10768712
1.97690931
0.94359096
7.82444015
7.76213539
11.42203949
12.64532691
2.74129685
0.39408196
-14.57740616
-12.57349652
8.52859566
6.39743893
13.24124057
9.80765815
-7.62562057
-8.40076540
-9.93883294
-8.19264495
-10.97350204
-11.32434284
-7.60674009
-5.55981937
5.05495413
7.86112314
15.55662777
12.82361947
10.91077128
12.61399151
-1.51051859
-3.79036494
-10.51802074
-11.02648898
-6.16486183
3.24925417
-4.67311569
5.77974117
-1.02780300
-5.50352519
-4.39702289
-5.55795344
14.57105642
15.52581466
-5.71312928
-5.18102282
4.81411668
2.20436990
12.37867685
11.16231355
10.07589201
9.84705925
8.88998469
7.55586815
-9.46068763
-8.42792200
-1.53976342
-3.48929000
-3.14763122
-3.27228264
3.97183415
4.31891301
-0.85541269
2.27756976
8.01475744
8.96487881
11.04142453
8.13958713
-2.30255061
-2.43066546
-3.28533696
-5.69123013
3.76786318
3.46615836
7.58612436
5.47215226
-9.26562062
-8.02582304
8.82027564
9.85059282
-10.58976885
-3.31662458
-13.75517921
-5.14401260
14.84027355
12.96419331
-9.89050008
-9.59051463
-13.24624422
-12.82737169
8.03135027
5.11614853
6.11860936
7.26632376
-1.17212452
1.36308616
-14.60781736
-13.96857169
0.65829493
-0.85604623
3.27386580
4.46744315
5.51475048
4.39209259
8.27146165
8.10830290
-5.84076920
-6.30707966
-0.15288057
-1.60681836
-11.66924859
2.09349492
-11.61029656
3.48053118
7.79545115
6.64476802
11.11293117
8.82210995
-8.86211501
-6.81406069
10.56124201
10.00616144
12.37260879
13.36822867
-4.85239517
-2.12120487
1.90494075
-0.91404505
-2.49105452
-3.79117571
-4.10829159
-4.34282926
12.62078575
14.00714051
-11.15773093
-12.21025683
-1.21374863
-2.14278592
-11.01524890
-11.53436517
-6.33513023
-8.55093904
-3.38718235
0.33876911
-8.30155102
-8.70670180
-12.43647763
-13.16942234
-7.52049604
-6.82099444
-4.38619563
-6.65075996
13.17430119
15.71769476
7.25311230
8.98169741
4.29294884
3.21185686
6.41560981
8.10547992
-7.86437954
-7.35547816
-0.71385853
0.68540002
-14.49088991
-15.32384598
-5.10379109
-2.54730482
-4.95129758
-7.27917480
7.03102402
5.37104981
-13.74680421
-15.82821200
-9.69379095
-11.07489799
5.22794699
3.86918876
-1.18083009
12.91732406
-1.33578498
12.30496111
-0.99195518
0.48469698
-1.96547825
1.34845315
1.53549959
-0.34748357
-1.26619531
1.81546345
4.27794220
5.41495284
2.21134916
6.64958219
0.80797111
0.16885348
2.07847540
1.37073411
-9.41567052
-5.42008391
-8.53164707
-7.23262428
0.03872357
-1.95387660
-1.29142354
-3.14239630
2.04829379
-0.05508781
1.05655116
1.00609110
-14.81159879
9.29502476
-14.08742264
8.04565030
-12.42608616
7.83675404
-16.05523270
8.94156923
3.05861994
5.14090280
4.29900455
5.58996100
1.81754844
-0.07870571
3.02870119
2.03562304
5.82529909
7.82983189
6.71729679
7.67742571
10.26035462
9.92528505
10.46643644
11.65334423
3.29709202
1.08934558
1.48708280
0.99547723
-14.43586357
-11.58109637
-14.76659823
-11.24247048
10.92618619
7.64795610
9.71742474
5.21584068
13.77983594
10.36364049
12.35941058
10.30235903
-8.77418965
-10.03961055
-8.34634741
-9.63779985
-9.76236761
-7.90824089
-8.84747928
-7.07118750
-11.62005105
-12.59672378
-10.48889121
-10.22884292
-7.72934337
-4.72706970
-6.63867471
-6.49954787
3.29608174
7.04942953
5.92133550
8.11192086
15.64265116
12.28172388
15.41902671
12.02911978
9.35145067
12.85668207
9.77812115
11.85040785
-2.25112718
-5.54678521
-2.54353204
-3.34587241
-10.04174645
-12.02530704
-9.60674564
-9.98002631
-6.22541164
2.71388617
-3.51644215
4.84775651
-7.19223631
3.89777189
-5.21131849
5.55983405
-2.87767516
-3.98134340
-0.50477285
-5.65203064
-6.15169107
-4.38452448
-5.53321528
-4.97696501
12.97992031
14.84427934
14.21350004
14.42924862
-4.48802413
-7.38861972
-6.44184748
-5.43949727
3.26351344
0.97799602
4.96443876
2.73069984
11.11842920
12.11954579
13.43547205
11.22772562
11.80941046
8.90405944
11.03037768
9.81757860
7.13912868
9.41255235
9.81939341
8.39377803
-10.33038026
-6.58974393
-9.34041215
-7.87515166
-3.07178942
-4.56498668
-2.02389193
-2.38520109
-2.50598917
-2.73478734
-2.04978368
-3.46230005
2.22498097
4.01621395
2.83593265
3.28921052
-1.12674495
1.62688960
-1.87814396
1.18761897
6.21566385
7.26854527
7.36064656
8.18718949
11.30738180
10.83534664
10.06260668
8.93969921
-3.34781834
-3.62168225
-1.51528614
-2.72747880
-2.71384032
-4.45600204
-4.15070602
-5.22758597
2.46261983
3.42319160
2.71018278
4.50194429
3.96159166
4.75401920
6.78950542
5.61505778
-9.25626023
-7.23174366
-8.33654928
-9.47112051
8.71134464
10.82910287
9.85640035
8.99834172
-11.59254050
-3.72558207
-13.72739966
-4.57387865
-10.90976399
-3.29854202
-12.90464700
-4.73479289
14.60761921
13.28791735
13.85971067
13.63942428
-8.58618623
-11.18056700
-10.41144181
-9.13286569
-14.59384775
-11.83359793
-14.17714116
-13.07469251
7.03049160
6.21811604
7.05980501
5.65971547
5.58245618
7.54561584
5.26709623
6.53768532
-0.26268040
-0.44155515
-1.96513998
1.25367138
-16.48176045
-12.57644259
-15.34876954
-13.34901897
-1.01434802
-0.44882910
1.06850634
-0.23249844
