-2.96363586
-12.37982979
-3.76529434
-11.70732591
-3.68936864
-10.69262658
-14.12437940
-10.19151674
-8.81965414
-0.39550299
-10.79495891
-14.68908890
-1.32888453
-4.11363115
-13.60995955
-10.44685673
-9.12308586
-12.28521218
-12.04431998
-2.16570378
-10.81791601
-7.68041781
-2.59199121
-8.67629618
-12.15889379
-5.73237879
-4.37487486
0.40973041
-1.16383416
-6.30445404
-15.87162698
-16.51918265
-9.57393211
-1.93811557
-9.75247717
-6.88938152
-9.60269737
-4.03187882
-5.60730898
-6.78955566
0.56053279
-6.43521267
-15.60235565
-4.02396755
-1.40237917
-5.56738495
-4.80485460
-9.29602755
-7.21111560
-4.42728913
12.62790143
10.57846118
3.80322929
-1.49803121
6.10486850
9.81225753
3.05256537
6.28420451
11.96157943
14.98066590
-1.99927779
5.79167088
4.61312009
10.96500106
15.03122715
0.78120677
0.59803426
9.22155322
6.91299598
6.63250275
6.04101293
10.62616830
4.62967511
12.42217465
5.13611108
3.22868258
1.39030534
10.69275110
-0.57699702
14.88711698
3.89389709
4.60737305
9.32078625
10.43682737
3.33104713
6.69833303
4.29109981
13.97738475
3.96103771
0.75577390
4.26077672
7.61392706
11.83123654
2.07706768
15.59752639
14.35376207
6.23353135
12.26238657
0.19643284
4.16103664
1.74952054
1.31480833
6.80523839
0.62879153
-6.97420132
-2.57631552
0.08946126
-15.49192976
9.50573182
4.70937438
-0.10379056
7.04182072
11.05440705
0.76885530
-12.99782415
9.06253097
11.97355474
-11.10792499
-7.86303260
-12.52975166
-3.59464005
6.33406317
13.78713493
12.35094194
-5.14638790
-11.26019247
-4.26348231
4.52213121
-4.62703174
-5.16208813
15.70572042
-7.68886325
2.09743599
12.74008223
8.04159238
9.52346688
-6.33623487
-2.47343690
-2.48108047
3.58856950
2.17248799
7.35986456
11.49067487
-3.04594096
-5.47412528
2.47387178
4.25733400
-8.69442344
11.20250032
-13.42189783
-3.56890993
14.70479854
-10.43977244
-12.76055587
6.09954532
7.61228655
-0.07311995
-13.18626816
-0.70419619
2.45781963
5.87207372
7.56397853
-6.70075070
-1.57946391
-13.58755972
2.97801544
7.22296732
9.91388713
-8.48040401
11.85995961
14.96520687
-3.72206600
-0.35603941
-3.10384967
-5.94425480
14.53982349
-13.92353956
-2.51688837
-10.94510102
-9.11582150
-0.30167044
-8.00548370
-14.17316173
-6.48439111
-7.53807941
16.25157731
9.59462239
3.29738925
6.99511900
-7.54161865
-0.43886648
-16.55899226
-2.97024909
-8.53621058
4.90395141
-15.77638399
-10.47729299
2.76327226
-0.24866766
14.01938551
-1.84665449
1.43708870
-1.81312166
0.45562811
3.42919276
5.77087102
3.00060556
2.01216883
-8.32553138
-6.20074687
-2.55204494
-4.38313654
0.03592999
2.23939974
-13.64559256
9.55407584
-16.02416570
10.55607302
3.28228562
5.30337385
2.01325706
0.97860017
8.20069869
7.99807380
11.88929534
13.09079584
2.74588466
0.33038502
-15.12016905
-13.05378602
8.67387270
6.64195159
13.72670562
10.23203830
-7.70033444
-8.73482143
-10.27790823
-8.35527050
-11.15593594
-11.67920739
-7.99095894
-5.72645715
5.21440845
8.23648021
16.22550685
13.27819289
11.39853333
13.07734405
-1.61478794
-3.96969674
-10.84238139
-11.26326565
-6.34100903
3.39100465
-4.80676956
5.86081415
-1.35030723
-5.71496801
-4.59004685
-5.79564574
14.93128163
15.95516881
-5.93378085
-5.41367173
4.87742587
1.97497828
12.81061438
11.65617269
10.40103112
9.97005672
9.07248425
7.86322381
-9.70471060
-8.78842029
-1.51117900
-3.73864650
-3.07168485
-3.41153169
4.15993111
4.35388760
-0.76649473
2.24343012
8.41553670
9.31419850
11.43964541
8.45464330
-2.41217198
-2.50358820
-3.53088405
-5.70698768
3.78746016
3.66695108
7.79372891
5.69864234
-9.42717149
-8.02999912
9.15588308
10.18605543
-10.97116752
-3.50334434
-14.08842530
-5.09619879
15.44513587
13.49045968
-10.15559291
-9.56549500
-13.73289136
-13.13555585
8.27051794
5.17885476
6.45142735
7.41957126
-0.92390496
1.10618986
-14.93293208
-14.26826960
0.62634457
-0.95915839
3.63184044
4.77554188
6.17338960
4.31008410
8.39865444
8.52061602
-6.47697857
-5.71603402
-0.31185353
-2.29556516
-12.39062598
2.93136556
-12.60110724
3.86914608
7.84504596
7.54751038
11.54401677
8.97753563
-9.31089199
-7.07616807
10.88218913
10.55610370
12.71237912
13.76303951
-5.00760256
-2.28025598
1.97852188
-0.83988985
-2.55194919
-3.95354187
-4.29783705
-4.56360785
13.15613875
14.55914835
-11.57315246
-12.66463101
-1.19154581
-2.32957426
-11.27326723
-11.81832086
-6.64487672
-8.96694502
-3.55959568
0.40683419
-8.51503222
-8.98983717
-12.72905147
-13.60542179
-7.78949260
-6.81527336
-4.50904594
-6.87363816
13.71436872
16.11014179
7.44569740
9.41521893
4.37701654
3.23952636
6.62001414
8.37957070
-8.20547658
-7.60262117
-0.74398168
0.62290714
-14.96139458
-15.82278258
-5.29746781
-2.73625187
-5.17907946
-7.61152099
7.40460130
5.40778152
-14.40865119
-16.33053328
-9.99098778
-11.34719166
5.38017947
4.07064032
-1.23833297
13.38405753
-1.38309163
12.66950295
-1.06122046
0.48385798
-2.02738125
1.32919688
1.65496701
-0.43804094
-1.27862236
2.00263006
4.48047574
5.59214763
2.21049029
6.90951569
0.80378455
0.15935377
2.10170671
1.27132776
-9.73382636
-5.67212083
-8.82535045
-7.48566306
0.00889579
-1.90063980
-1.27206430
-3.28243954
2.06126022
-0.14699216
0.98001227
1.02006525
-15.20764266
9.59934439
-14.69799569
8.32584871
-12.83255821
8.35162235
-16.77483951
9.55149556
2.97654546
5.30965601
4.45884275
5.83705527
1.83669126
0.03900630
3.06821867
2.15051652
6.03607895
8.06007169
7.06846954
8.00657413
10.69761740
10.25328725
10.81718330
12.10520202
3.29912221
1.22828069
1.44622574
1.07011196
-14.79651634
-11.94698908
-15.00338913
-11.81210667
11.04183182
7.82805229
9.78927005
5.47188876
14.32128980
10.61827948
12.91512661
10.75985230
-9.21095552
-10.36109667
-8.51499037
-9.95209254
-10.12802994
-8.15553887
-9.14865169
-7.22152065
-12.05914772
-12.99738552
-10.90799915
-10.47599390
-8.26519053
-4.81860234
-7.01664431
-6.81524348
3.12396835
7.28225815
6.22772616
8.29905234
16.20444656
12.65146262
15.83348149
12.49145617
9.44990379
13.25455340
10.20833674
12.10191531
-2.35775926
-5.71896824
-2.66701533
-3.48674823
-10.23182154
-12.31406363
-9.81757407
-10.22810071
-6.56323156
2.73436061
-3.53664482
4.98925510
-7.40572341
4.13372649
-5.29327607
5.60773770
-3.04915739
-4.28336828
-0.56953398
-5.89058795
-6.38397468
-4.51680084
-5.77814150
-5.20336657
13.26350443
15.35190414
14.74346895
14.79028264
-4.65149601
-7.74303704
-6.68827582
-5.65623251
3.18760524
1.02378118
5.20537888
2.37540928
11.72090110
12.57110448
13.90974141
11.63662843
12.13566513
9.01177758
11.41672583
10.05316593
7.41299967
9.73643163
10.18508161
8.71657382
-10.80738730
-6.91337771
-9.74997424
-8.10643698
-3.06202477
-4.88693156
-1.93192346
-2.36574778
-2.49710993
-3.06810141
-1.92738946
-3.86238298
2.48604125
4.19733184
3.13807057
3.34392527
-1.05994168
1.64801617
-1.86511832
1.12689899
6.51815900
7.54414591
7.53176363
8.41613340
11.64793200
11.23153201
10.42706035
9.30326110
-3.50663750
-3.75530458
-1.64848182
-2.67729585
-2.87990930
-4.54262880
-4.38996563
-5.51764451
2.50738710
3.55513442
2.67970268
4.75707950
4.07329987
4.81294005
6.84597288
5.81024495
-9.57835765
-7.69829603
-8.51710836
-9.88508157
9.09783610
11.03484068
10.02768645
9.33413887
-11.96318519
-3.75552562
-14.08393619
-4.62581613
-11.19489167
-3.48091226
-13.09840243
-4.77543333
14.88428497
13.76943931
14.45494259
13.82778369
-8.82249433
-11.44630288
-10.66360314
-9.67085059
-14.92579665
-12.25145719
-14.65702734
-13.33446210
6.97271157
6.47406918
7.37482769
6.10301034
5.52616775
7.31064662
5.46374227
6.53108889
0.09201409
-0.50035852
-1.90410919
1.68364069
-16.88488316
-12.75528684
-15.64561493
-13.94098821
-1.22330125
-0.28798685
1.09203305
-0.43530191
4.80069608
3.40602901
3.06473475
4.46710159
3.46234501
5.74561890
5.26452509
4.44239081
8.20812374
6.75940535
8.46971050
7.63602445
-6.18411976
-7.44443949
-5.65406004
-6.73498253
-1.07624070
-1.22731442
-0.14980720
-1.44660492
-13.31316484
1.51541290
-13.41791058
2.45625216
-11.56745978
1.87867181
-11.63985694
3.55602198
6.85694230
6.83159739
8.59680113
6.59321299
11.78362460
9.10117517
11.49204186
9.05538107
