-2.92776406
-12.37534696
-3.74500141
-11.38534540
-3.64296728
-10.44619312
-13.94575530
-9.97679956
-8.66191639
-0.31833578
-10.48999299
-14.54601420
-1.24384762
-4.21037840
-13.42523610
-10.30220990
-9.06105508
-12.55695274
-11.97781120
-2.00814104
-10.59109164
-7.53322430
-2.53068758
-8.45752645
-11.92686288
-5.80242794
-4.35590521
0.34634329
-1.21543759
-6.18176747
-15.69262513
-16.25110637
-9.23241522
-1.88745037
-9.52164232
-6.80713819
-9.50410787
-3.94772205
-5.49865454
-6.62842318
0.52288452
-6.31524888
-15.29759711
-4.24177099
-1.38547921
-5.50050884
-4.72699987
-9.21815920
-6.61026052
-4.28139778
12.31448306
10.40517737
3.81037014
-1.42351806
5.94128748
9.66581292
2.99292071
6.32718488
11.75057975
14.64222431
-1.57664990
5.67704590
4.40628422
10.85058894
14.68714709
0.94811287
0.57740952
9.09938135
6.74224762
6.61982447
6.05977090
10.30338185
4.54515623
12.19798332
5.03268969
3.14646081
1.37702542
10.44800019
-0.53830618
14.61723411
3.72860524
4.63108256
9.22811671
10.34449537
3.23430796
6.95538978
4.20179399
13.74679311
3.87921275
0.73187499
4.17336083
7.47850762
11.54080013
2.01262078
15.18255611
14.10532235
6.12010360
11.76832591
0.22085464
4.17775310
1.79868058
1.10827327
6.76854356
0.83803722
-6.84548744
-2.57815034
-0.05016278
-15.13429269
9.23963665
4.72013104
-0.13479244
6.91099373
10.90395518
0.98172494
-12.78338396
8.91998388
11.70768845
-10.85745327
-7.73541923
-12.40124617
-3.54089525
6.22042447
13.54325776
12.06453899
-5.03416437
-11.16192667
-4.15839267
4.47349005
-4.54133086
-5.03133159
15.38342975
-7.55882554
2.06420960
12.46083670
8.00085840
9.34468580
-6.18740497
-2.62373392
-2.43666442
3.59890260
2.16489224
7.26587703
11.29872098
-2.99792459
-5.28510952
2.46030548
4.21297780
-8.42714307
11.06350087
-13.21060014
-3.68068687
14.35856588
-10.32240973
-12.41639863
6.13742270
7.33255746
0.04093837
-12.94403313
-0.71912593
2.46273836
5.98825994
7.55818472
-7.09618221
-1.05089330
-13.17455600
2.64008377
6.93801104
9.18494594
-8.30979526
11.53628263
14.77152290
-3.68532628
-0.40678372
-3.03058070
-5.80566743
14.28651422
-13.66163729
-2.52654170
-10.75953810
-8.97884079
-0.41583310
-7.84273133
-13.92934495
-6.32660376
-7.34224129
16.01349735
9.39224415
3.20728945
6.86908884
-7.35814333
-0.39434547
-16.07835536
-2.94720336
-8.42719332
4.81089415
-15.26159482
-10.47831957
2.74039621
-0.22609264
13.75720425
-1.79472207
1.39799181
-1.78759313
0.39237438
3.32823139
5.68587860
2.91974492
2.12081680
-8.15359595
-6.06250092
-2.50853113
-4.31357894
0.02073294
2.11054817
-13.28819892
9.41978036
-15.76663315
10.29991531
3.21585510
5.21299038
1.93097338
0.88081936
8.01652296
7.87559720
11.63954041
12.85511467
2.78358290
0.29205410
-14.79887586
-12.77888812
8.46883023
6.51800003
13.42386385
9.99678321
-7.65804958
-8.52849917
-10.06365725
-8.24903842
-11.12661494
-11.52089751
-7.73495725
-5.61494855
5.14069842
8.04393919
15.83142387
13.01877208
11.10861746
12.78745645
-1.55777499
-3.87619673
-10.68557529
-11.11873637
-6.28058481
3.28268386
-4.78345307
5.93107291
-1.16160529
-5.57513419
-4.47475696
-5.65256725
14.69130884
15.70359851
-5.81801431
-5.31202065
4.93152311
2.08560684
12.57004113
11.36909977
10.18598346
9.92297277
8.96985174
7.70872391
-9.55944968
-8.57292423
-1.57474006
-3.63384761
-3.16960494
-3.29616869
4.06874554
4.32015408
-0.95945074
2.21136067
8.20590997
9.05854411
11.22667514
8.29669293
-2.34711077
-2.48433794
-3.48769568
-5.73837689
3.80974546
3.59123722
7.68542761
5.59252905
-9.38016080
-8.04577761
8.98151356
10.03037166
-10.76271607
-3.43032021
-13.88141284
-5.17250248
15.09734030
13.17377018
-10.03258316
-9.59017569
-13.37139763
-12.86306745
8.12356053
5.17550402
6.24416921
7.23677347
-0.89666076
1.22301440
-14.61240369
-14.03554907
0.68405450
-0.96872646
3.64467728
4.65035173
5.82715437
4.32098687
8.33215955
8.35458857
-5.90087053
-6.32345208
-0.30903125
-1.70095333
-11.83122045
2.10908878
-11.78977938
3.59209091
7.97283531
6.85919301
11.25608302
8.91838019
-9.05287365
-6.92565596
10.68719095
10.20147261
12.50297543
13.55360604
-4.93875208
-2.22655110
1.87674335
-0.92691015
-2.51264527
-3.86143166
-4.22305232
-4.46433759
12.79953485
14.19639674
-11.31249050
-12.39957431
-1.24847905
-2.26262449
-11.19299092
-11.65715192
-6.48582130
-8.76164319
-3.34319257
0.29636799
-8.39082505
-8.83921948
-12.54984724
-13.30608327
-7.64715491
-6.84261253
-4.43427266
-6.72554639
13.40209342
15.86869902
7.28771090
9.16449986
4.23905543
3.05714559
6.48714651
8.19910946
-7.96726810
-7.46113220
-0.71571895
0.64475683
-14.63797958
-15.45972665
-5.18898772
-2.59694105
-4.98640648
-7.36173484
7.17614118
5.37950647
-13.93040024
-15.99356856
-9.86021851
-11.18793305
5.30382745
3.97665282
-1.20708360
13.11493336
-1.36538820
12.41808825
-1.03904813
0.50679175
-1.98056229
1.33528846
1.61405949
-0.36912721
-1.31161473
1.91445141
4.35845122
5.43531095
2.18347617
6.79621238
0.76586817
0.19759342
2.07461756
1.29010241
-9.57057627
-5.52279642
-8.64925293
-7.33290308
0.02419787
-1.90371664
-1.17072034
-3.26925676
1.97150677
-0.19112250
0.98557381
1.01738775
-14.96900598
9.56657468
-14.34971887
8.17244323
-12.58016069
8.01934386
-16.37013884
9.16222152
3.10403273
5.30854567
4.40082869
5.62379595
1.83525058
-0.03915526
2.96355104
2.02050425
5.88685448
8.00585704
6.92930145
7.87252698
10.45894513
10.20190150
10.64943403
11.85471429
3.39196991
1.18298115
1.47520283
0.94259980
-14.60117349
-11.75186927
-14.87019546
-11.52426918
10.92034537
7.70658685
9.68363530
5.32282739
13.97891817
10.50125613
12.55073118
10.47510135
-8.91850987
-10.10794582
-8.43160553
-9.71954623
-9.96304690
-8.02505493
-8.96762055
-7.11396958
-11.83499701
-12.76520312
-10.68797389
-10.39531377
-7.95975155
-4.76392556
-6.81449374
-6.61082469
3.25031055
7.16600279
6.06375429
8.14302674
15.86241187
12.44084391
15.55207921
12.22388535
9.36771534
13.03359318
9.95094389
11.97460075
-2.29551219
-5.59498871
-2.58786383
-3.41273999
-10.13460604
-12.11339358
-9.69788611
-10.06416208
-6.32512079
2.69876997
-3.54543399
4.85651564
-7.28062973
3.98742424
-5.30609560
5.71850531
-2.99142353
-4.12322608
-0.53989315
-5.73976081
-6.25737346
-4.43139168
-5.64082918
-5.05159737
13.06600259
15.08025722
14.42854205
14.57514599
-4.56570125
-7.56843048
-6.55120046
-5.55740973
3.23698993
0.98405975
5.11988660
2.48210297
11.37625240
12.26930903
13.63709500
11.35416897
11.96493503
8.92857446
11.17894221
9.92617294
7.33660573
9.56800977
9.98842364
8.55001806
-10.50158230
-6.72698171
-9.48780537
-7.94097393
-3.09523383
-4.74896473
-2.06426087
-2.36603037
-2.51495963
-2.94672718
-2.08714084
-3.50793192
2.35230923
4.12479362
2.98100166
3.29654540
-0.93680923
1.57812534
-1.95018642
1.11597007
6.41458882
7.44045186
7.40880683
8.27596594
11.46208096
11.01636100
10.23819043
9.09744130
-3.40765075
-3.67518127
-1.57696805
-2.68538573
-2.84657502
-4.52154332
-4.22013850
-5.29798586
2.48089595
3.49798074
2.72075992
4.64738196
3.93583757
4.83480199
6.77005295
5.71887314
-9.38506474
-7.46373596
-8.44572491
-9.68575329
8.86616502
10.93653850
9.93367633
9.15400394
-11.74683626
-3.77681390
-13.87621834
-4.63156134
-11.02258362
-3.44574883
-12.98984557
-4.77564965
14.67075007
13.47567893
14.13101692
13.72321163
-8.67827970
-11.25247834
-10.59140261
-9.35089878
-14.71599809
-11.97427981
-14.30933517
-13.15604531
6.97231529
6.36663021
7.23289405
5.95679015
5.53213097
7.32439202
5.29823594
6.54597187
0.11696739
-0.45952969
-1.84906310
1.54186811
-16.69558980
-12.57949128
-15.42296291
-13.55864825
-1.16007217
-0.40592491
1.10263055
-0.31577276
4.71255182
3.39406388
2.98171341
4.44482956
3.41894733
5.47680551
5.41218792
4.58029689
8.24816773
6.90918828
8.53498266
7.79800017
