-2.99152922
-12.38717921
-3.74277855
-11.63046670
-3.67319020
-10.62658301
-14.09468955
-10.13260880
-8.76917854
-0.36407056
-10.70398112
-14.67861471
-1.30966645
-4.07948318
-13.56701460
-10.40816886
-9.11017331
-12.24213693
-12.02336434
-2.09487209
-10.72675310
-7.65146320
-2.57944827
-8.58824930
-12.04992807
-5.75638580
-4.41247598
0.39825397
-1.21982867
-6.28252289
-15.85686058
-16.43508272
-9.53220669
-1.93083763
-9.69920326
-6.86987973
-9.55127664
-4.00344315
-5.58753631
-6.75260203
0.51233580
-6.40907910
-15.50676081
-4.00676939
-1.39043518
-5.56861569
-4.77147778
-9.27995987
-7.18435890
-4.37741332
12.53976265
10.52102090
3.84232002
-1.46630241
6.01392783
9.76104339
3.04525824
6.30152476
11.88344135
14.84355901
-1.96698790
5.73491895
4.58321472
10.94512546
14.92582560
0.73881160
0.54234241
9.19057269
6.90849046
6.61902395
6.09491336
10.50878839
4.60327714
12.36562199
5.12221457
3.21909081
1.39029341
10.59278231
-0.56335276
14.82506121
3.81983972
4.64446348
9.27375175
10.39997610
3.27482091
6.67850776
4.26569345
13.90033705
3.92006370
0.76043952
4.27547771
7.58200617
11.73047790
2.07078777
15.45662245
14.29391507
6.20594989
11.97767326
0.20098972
4.12734806
1.75473883
1.26112922
6.76535121
0.67216305
-6.96213737
-2.55329505
0.06511397
-15.38823290
9.51388016
4.72460174
-0.09748227
7.04438655
10.99762820
0.83668650
-12.94140966
9.00976723
11.87383661
-11.08610778
-7.84568648
-12.49309148
-3.56598627
6.28360948
13.71527819
12.25267497
-5.11827024
-11.25258626
-4.24233321
4.50164748
-4.60352700
-5.12743718
15.61527632
-7.64161010
2.09628449
12.63834878
8.04608621
9.47232910
-6.29843049
-2.44892812
-2.45759037
3.58579621
2.19657930
7.33759884
11.42341071
-3.00899189
-5.43761462
2.46649810
4.24725752
-8.65280214
11.16737453
-13.36789221
-3.58152238
14.58409864
-10.39631621
-12.66139776
6.14303866
7.55380127
-0.01531979
-13.09923659
-0.68025968
2.46039914
5.89383386
7.51970972
-6.70444753
-1.44182606
-13.44898008
2.88238031
7.18541515
9.35386505
-8.43519466
11.78225820
14.91054932
-3.73949069
-0.43516762
-3.08347080
-5.92833847
14.45711832
-13.85609794
-2.57679767
-10.89541832
-9.09573149
-0.31786910
-7.96953526
-14.10364455
-6.46138790
-7.49097896
16.18538319
9.48708422
3.28579907
6.92585532
-7.47956985
-0.43220393
-16.37703706
-2.96242650
-8.49014312
4.88554274
-15.61980710
-10.37316784
2.75652012
-0.24498455
13.94113705
-1.82970943
1.43564461
-1.80643857
0.42093354
3.37918873
5.73189405
2.97619469
2.03693830
-8.27690846
-6.17014573
-2.53373400
-4.34868828
0.02483396
2.20365338
-13.53735508
9.49213166
-15.94334580
10.48550075
3.24171697
5.29169923
2.00668696
0.97613643
8.16890714
7.92959802
11.80896747
13.02353262
2.77620841
0.34951705
-15.02536165
-12.98610778
8.63073449
6.60604944
13.59928579
10.14834626
-7.71890140
-8.67823116
-10.22785025
-8.33808416
-11.15726769
-11.62973056
-7.91417785
-5.68559098
5.19650965
8.19176702
16.10852635
13.19488404
11.31960634
12.95123232
-1.59897196
-3.94588227
-10.80096157
-11.23297685
-6.34878210
3.44047733
-4.79078246
5.99408124
-1.31416758
-5.66331843
-4.56734608
-5.78228523
14.85964753
15.87994446
-5.88975950
-5.37564721
4.91910174
2.02296179
12.75613690
11.56147552
10.33348368
9.99938168
9.05364849
7.81425386
-9.66515271
-8.72916151
-1.54907047
-3.73851783
-3.09594832
-3.38040002
4.14393803
4.34179233
-0.78817685
2.13301044
8.36671132
9.24110353
11.37585082
8.41333077
-2.37365534
-2.48388718
-3.52523890
-5.73886626
3.79801621
3.64588145
7.76029127
5.66377476
-9.43818948
-8.04682546
9.13278469
10.13694340
-10.90325191
-3.47959381
-14.02796591
-5.07640102
15.33371468
13.38810379
-10.14044302
-9.51309158
-13.63816258
-13.08029674
8.25959656
5.19767500
6.41520263
7.40098842
-0.90429594
1.14268710
-14.80065570
-14.24247015
0.65454782
-0.93446800
3.64911909
4.69769760
6.01196030
4.32132820
8.39615160
8.42949317
-6.47923617
-5.73484723
-0.28731711
-2.29562916
-12.29163221
2.96885001
-12.50904805
3.89852363
7.92538551
7.44496669
11.43367540
9.03034206
-9.23845946
-7.03154891
10.81258805
10.47993742
12.64661415
13.70663297
-4.99850307
-2.26441210
1.92674825
-0.84314710
-2.53471706
-3.92979108
-4.27880064
-4.55639148
13.03640589
14.43758595
-11.51143947
-12.58569739
-1.23512900
-2.32846252
-11.24321284
-11.77702937
-6.59239943
-8.90625004
-3.51575127
0.33332632
-8.48891781
-8.95495707
-12.71483061
-13.51353913
-7.75449669
-6.82729930
-4.48717236
-6.82885367
13.61320604
16.03764421
7.38457788
9.31127337
4.37341793
3.21026907
6.60995895
8.32085828
-8.15747538
-7.57487262
-0.73516372
0.63098416
-14.84040144
-15.71250466
-5.28405981
-2.68240122
-5.13704953
-7.51849187
7.34564320
5.39897594
-14.31261641
-16.22555923
-9.95563635
-11.31628593
5.35698374
4.04199271
-1.22761997
13.33006031
-1.36728516
12.57286429
-1.05251880
0.49582317
-2.00943968
1.32563368
1.64179117
-0.43197032
-1.28009972
1.98494832
4.42995122
5.52001082
2.20329997
6.86301277
0.78730423
0.17184288
2.08678069
1.27798592
-9.69232114
-5.63199752
-8.78497875
-7.44743451
0.02395234
-1.88554678
-1.24893999
-3.25838319
1.99413697
-0.18457211
0.98409114
0.99727163
-15.13683622
9.56815132
-14.58884612
8.22268848
-12.76153006
8.32387641
-16.65530549
9.48513789
2.99409936
5.31308840
4.43889466
5.78925632
1.83922970
0.05767572
3.06717259
2.12829441
6.00991740
8.12317224
7.05564721
8.01558470
10.61058858
10.23285573
10.76977061
12.00844636
3.36383527
1.24328209
1.47509630
1.02315248
-14.74572601
-11.90336261
-14.97107891
-11.73839529
11.00070634
7.77775829
9.75341032
5.44645177
14.16822217
10.64035086
12.74231028
10.67089903
-9.14714981
-10.29761338
-8.48390458
-9.88582623
-10.07204500
-8.14977161
-9.09953081
-7.22642358
-11.95806781
-12.93949177
-10.86836449
-10.42415279
-8.17150927
-4.79497699
-6.95692524
-6.75377979
3.16283768
7.25682675
6.15932693
8.23185058
16.10175896
12.59687497
15.74397668
12.40626431
9.40930625
13.16183607
10.13670987
12.04611012
-2.33922722
-5.68343624
-2.65175055
-3.46130438
-10.22266532
-12.26000399
-9.78802752
-10.18839961
-6.49741855
2.69321968
-3.54486017
4.95485607
-7.39309670
4.08702047
-5.28131256
5.58628061
-3.03977958
-4.22796496
-0.58524658
-5.84467557
-6.35991760
-4.47489493
-5.73631192
-5.18315132
13.19995515
15.27909358
14.65715333
14.72348623
-4.62188855
-7.68876794
-6.64167608
-5.61357498
3.17797170
1.04082724
5.18085308
2.39253127
11.61827262
12.46807401
13.84438266
11.54330831
12.08873977
9.02323959
11.34900752
10.01091560
7.38699372
9.68341223
10.14622046
8.66207941
-10.70874030
-6.86613726
-9.66562955
-8.05843716
-3.05025619
-4.87796358
-1.94175069
-2.34578866
-2.52631432
-3.04598332
-1.94529303
-3.74652999
2.44633312
4.17034615
3.09596413
3.32488844
-1.00197004
1.64372277
-1.90760585
1.09954111
6.48928502
7.51672860
7.48883275
8.37444867
11.58950324
11.18611880
10.36588063
9.25699373
-3.45586440
-3.72205390
-1.64100543
-2.66241067
-2.85718101
-4.50274777
-4.36628388
-5.45134920
2.50010609
3.53907157
2.68956076
4.72677282
4.02709266
4.81258547
6.80615053
5.77878148
-9.49535187
-7.69816945
-8.51551531
-9.82221511
8.99711333
10.97112647
9.95878194
9.30287741
-11.88922436
-3.82197144
-14.03164444
-4.58717478
-11.13394461
-3.49594245
-13.06671703
-4.83297097
14.82929997
13.66305142
14.35610037
13.79738565
-8.75730778
-11.35102868
-10.53993931
-9.59116923
-14.85949791
-12.17217150
-14.55204744
-13.31279484
7.02151375
6.45491465
7.35672305
6.07789887
5.50876645
7.27490574
5.44592047
6.50260721
0.09824151
-0.44853342
-1.88344538
1.71706073
-16.86509732
-12.69543714
-15.54317442
-13.83273253
-1.21382505
-0.31265404
1.07696470
-0.42206733
4.74799695
3.40925690
3.01906583
4.46979972
3.47378475
5.69776862
5.23364558
4.38228717
8.18615619
6.67068965
8.44081299
7.63896451
-6.12929482
-7.41641497
-5.61506100
-6.75081137
-1.01527883
-1.22787368
-0.05835361
-1.46496734
-13.08807267
1.53458293
-13.38030776
2.57564822
-11.51494275
1.85702835
-11.55051553
3.55323270
6.99420389
6.77946521
8.67175877
6.55862995
