-2.93237220
-12.41267810
-3.74239578
-11.44098500
-3.64729816
-10.48248818
-13.96384954
-10.01630809
-8.68216884
-0.32629530
-10.53413962
-14.57778829
-1.25824906
-4.10048386
-13.45132162
-10.32620883
-9.06866619
-12.58834214
-11.98912714
-2.02249797
-10.62181173
-7.55843353
-2.53302918
-8.45874000
-11.95302312
-5.88410549
-4.35966659
0.35659872
-1.23031977
-6.19233576
-15.72984718
-16.28385524
-9.34882879
-1.89977745
-9.55863203
-6.82707861
-9.52863271
-3.95688880
-5.52083765
-6.64438333
0.50759685
-6.33056597
-15.32457462
-4.07087375
-1.39987557
-5.52189778
-4.73412835
-9.23973374
-7.08648035
-4.28915239
12.38158560
10.42807721
3.81447452
-1.42263287
5.92826761
9.68074858
3.00867529
6.32663044
11.78159653
14.68379316
-1.59725953
5.68472879
4.45439349
10.86539887
14.73863605
0.94388967
0.55932159
9.19089199
6.78142459
6.61719748
6.08956162
10.36756269
4.55290404
12.24230639
5.05601496
3.16212163
1.38525062
10.48064756
-0.54375342
14.66719427
3.72136435
4.66925802
9.23711492
10.35500660
3.23593586
6.97949409
4.21589236
13.77485557
3.88204829
0.72954613
4.17881867
7.50072146
11.57606362
2.01728058
15.23897261
14.14518335
6.13904236
11.81674985
0.21416946
4.13776576
1.77969720
1.12849304
6.77841335
0.80850899
-6.86348979
-2.57510035
-0.05020146
-15.18554759
9.27144875
4.75308854
-0.13172379
6.93474746
10.92270957
0.95036127
-12.81187802
8.93868812
11.73229543
-10.90483069
-7.76251985
-12.43073528
-3.54210530
6.22224149
13.57469708
12.10406082
-5.05268229
-11.18406609
-4.17330668
4.47768941
-4.55576194
-5.05254563
15.42643323
-7.57191911
2.08705731
12.49935809
8.02853346
9.37923594
-6.20931166
-2.57854875
-2.44652661
3.60400316
2.13207938
7.26480876
11.32126656
-3.00002195
-5.31623392
2.45934744
4.20155146
-8.48445169
11.09024302
-13.24000537
-3.65269049
14.39998884
-10.34593767
-12.44973127
6.13638308
7.38190654
0.02694146
-12.98252704
-0.71033875
2.46334309
5.97241673
7.57528483
-6.89494336
-1.06693047
-13.20971909
2.68005981
6.92098430
9.22131771
-8.33550363
11.58225029
14.80334455
-3.69384513
-0.39267758
-3.04087055
-5.82324978
14.31681131
-13.69777326
-2.55700262
-10.78529882
-9.00279388
-0.40999657
-7.86885451
-13.95613967
-6.37016675
-7.37372332
16.05087158
9.41119264
3.24264476
6.87520938
-7.35985986
-0.40970124
-16.11830419
-2.92753576
-8.45189922
4.83117168
-15.29844920
-10.50121236
2.74382452
-0.22688209
13.79123457
-1.80141583
1.39508802
-1.78867807
0.39296829
3.32540000
5.69570358
2.93040155
2.10818221
-8.17340611
-6.07976742
-2.50930516
-4.32213467
0.01176070
2.11358097
-13.33427254
9.41479730
-15.79907921
10.33813803
3.21242312
5.22764727
1.93883914
0.88352716
8.04867445
7.89057576
11.71609408
12.89739684
2.76706272
0.28177955
-14.84081597
-12.82126041
8.50040979
6.53451049
13.45922938
10.02626062
-7.77037918
-8.61214508
-10.09180190
-8.28173729
-11.14035291
-11.54713507
-7.76993650
-5.62791797
5.15135816
8.07832068
15.88946934
13.05807804
11.14585487
12.82111934
-1.56755060
-3.89420255
-10.70301459
-11.14035531
-6.29742386
3.29217117
-4.78244843
5.91038200
-1.19605431
-5.58928943
-4.49509684
-5.67391240
14.71885451
15.73913176
-5.83203256
-5.32769986
4.91519794
2.06931559
12.63572751
11.42212028
10.22319836
9.93498673
8.98203182
7.73536948
-9.58125277
-8.60366508
-1.55895761
-3.65091642
-3.18255282
-3.30213181
4.08969605
4.32016279
-0.95508068
2.20398363
8.24064378
9.09626257
11.26282392
8.32852676
-2.34611380
-2.47870395
-3.50892453
-5.73372951
3.80086406
3.61009078
7.70671583
5.60291764
-9.40497193
-8.03094491
9.01318324
10.05576133
-10.79651757
-3.42558140
-13.90830140
-5.08136048
15.14708815
13.22250060
-10.05120864
-9.59748124
-13.40604695
-12.88965038
8.15550208
5.18694770
6.29907352
7.34603740
-0.87349969
1.21077780
-14.60936348
-14.04669166
0.67710159
-0.96014636
3.65537735
4.65334257
5.89144906
4.33806924
8.39906044
8.38818918
-6.31715824
-5.78300338
-0.32549227
-1.69796054
-11.86150057
2.12436752
-11.81654891
3.61227412
8.00708312
6.91226177
11.29232326
8.94377818
-9.08770112
-6.94729839
10.70930451
10.25068061
12.53039533
13.59173872
-4.95044638
-2.23867128
1.90485010
-0.91114498
-2.51608590
-3.87716340
-4.23663764
-4.49222069
12.84658484
14.24702695
-11.35170491
-12.43599317
-1.26370350
-2.27961714
-11.21458689
-11.68309528
-6.50825044
-8.79476687
-3.34174171
0.30719287
-8.41072210
-8.86409619
-12.57695064
-13.33131402
-7.66898522
-6.82809909
-4.44559362
-6.74383521
13.44905257
15.90020364
7.27700900
9.20928086
4.27870783
3.09697855
6.51197463
8.21022633
-8.04816279
-7.51335392
-0.72115289
0.63372126
-14.67395996
-15.49126099
-5.19225042
-2.61526870
-5.01221976
-7.39014585
7.21157232
5.37371173
-13.96476098
-16.02974264
-9.88422674
-11.20711643
5.31525436
3.99422565
-1.19952492
13.16000125
-1.35733208
12.44498153
-1.04580410
0.50425639
-1.98544652
1.33280229
1.62521823
-0.37925536
-1.29901413
1.93112789
4.36612645
5.43747682
2.17889085
6.81233925
0.75695036
0.19094919
2.07142527
1.28625335
-9.59865876
-5.54300263
-8.67317065
-7.35875783
0.02640331
-1.89807360
-1.19147391
-3.26554610
1.96491366
-0.20654197
0.97711544
1.01167594
-14.99674405
9.56857999
-14.39361175
8.18993200
-12.61402636
8.07307219
-16.42799042
9.21256221
3.09523977
5.31886259
4.40080434
5.63137184
1.82881386
-0.01188905
2.97463048
2.04280599
5.90971522
8.02938387
6.95934754
7.90873098
10.52176444
10.25453951
10.71498912
11.92894626
3.41965641
1.21863576
1.45958811
0.95356464
-14.62957907
-11.79054467
-14.89021013
-11.57193951
10.93221343
7.70248855
9.67792399
5.36039572
14.01693331
10.52507707
12.58907558
10.51870547
-9.03681446
-10.13755062
-8.39367974
-9.76532439
-9.97459900
-8.04395654
-9.00784565
-7.16124952
-11.87266664
-12.79999247
-10.73381961
-10.41113597
-7.99940027
-4.77056180
-6.84269469
-6.63981225
3.24174467
7.18216912
6.08522517
8.15228875
15.90303467
12.47206394
15.58692809
12.26155117
9.38038984
13.06130072
9.98326451
11.99114772
-2.30909693
-5.61011114
-2.60085789
-3.42724072
-10.15494540
-12.13924689
-9.71999267
-10.08868059
-6.33008328
2.67848231
-3.56151086
4.85489540
-7.28550471
3.99900490
-5.26497984
5.72508390
-3.00377164
-4.14449836
-0.55860727
-5.76102858
-6.27999411
-4.44047745
-5.66600306
-5.07040002
13.08802873
15.12279320
14.47417438
14.60458227
-4.57691725
-7.59614598
-6.56995385
-5.56826956
3.19894176
1.00118343
5.13126273
2.47829379
11.46281093
12.33045680
13.69780387
11.39610050
11.98792527
8.94211563
11.22285595
9.93599182
7.35772758
9.59342231
10.04060389
8.57423910
-10.53888598
-6.75958027
-9.52061914
-7.96237010
-3.06692961
-4.76901298
-2.05930834
-2.35700640
-2.50596778
-2.96584349
-2.05365068
-3.50732443
2.37674025
4.13550631
3.00139546
3.29946658
-0.96592411
1.55455966
-1.95635506
1.10299411
6.44105383
7.46059327
7.42002498
8.30000630
11.48791430
11.06581369
10.27079753
9.15647700
-3.41012599
-3.67951154
-1.58846655
-2.67887486
-2.85092879
-4.52155814
-4.25932506
-5.31325006
2.48316980
3.50112913
2.69075331
4.67252055
3.94815421
4.77271944
6.76714220
5.73455420
-9.39891810
-7.52751501
-8.46801137
-9.72343602
8.89431038
10.94804598
9.93688481
9.18003444
-11.78130456
-3.78817460
-13.90732343
-4.57400887
-11.05438534
-3.46873899
-13.00561041
-4.76857352
14.70221589
13.51127339
14.18491351
13.74304810
-8.69504909
-11.28594574
-10.62382230
-9.40599737
-14.73808782
-12.00536187
-14.33884833
-13.17482457
6.98050418
6.39041797
7.27998866
5.97821429
5.48225386
7.25177121
5.33519894
6.44337836
0.14692741
-0.44986165
-1.84576415
1.58673152
-16.73281867
-12.59943232
-15.42835561
-13.58559616
-1.17124994
-0.37713131
1.09546288
-0.34080263
4.71915013
3.40150300
2.98305136
4.45762683
3.46030957
5.55720233
5.28146462
4.46146482
8.19549454
6.76042666
8.45943649
7.65149644
-6.07880370
-7.42717727
-5.50968548
-6.79479946
