-2.77027561
-12.76928102
-3.94995397
-12.31839890
-3.70834628
-11.06043727
-14.55583026
-10.35071242
-9.30925914
-0.45939804
-10.92488648
-14.91025098
-1.29714173
-4.25711338
-13.95495742
-10.34899323
-9.32648089
-12.79172330
-12.24827825
-2.37178947
-11.13802809
-7.81931391
-2.75174028
-8.84810800
-12.50261932
-5.79879061
-4.61501397
0.44820841
-0.97552125
-6.62959080
-16.09970853
-16.93281638
-9.72434456
-1.86900020
-10.13344066
-7.59665503
-9.83969516
-4.18959823
-5.65443070
-6.91874621
0.51571312
-6.69903737
-16.10854327
-4.28367231
-1.44132128
-5.95848292
-5.05727561
-9.52605484
-7.42101841
-4.85292623
13.07147796
10.92295713
3.86309823
-1.62439345
6.29279131
10.06709942
3.14166832
6.34538531
12.43042522
15.43457900
-1.87700197
6.03761449
4.71433889
11.19501132
15.56474911
0.90086448
0.33375031
9.32941723
6.95207714
6.79166339
6.23973317
11.00414935
4.68782396
12.64869156
5.29216429
3.26904522
1.37007497
10.73671595
-0.59047031
15.24445932
4.01099606
4.63277941
9.50400722
10.77542549
3.68663405
6.77209420
4.33555393
14.52780845
4.24156787
0.74849467
4.24027385
7.76749144
12.29598125
2.25287031
16.39074018
14.82613845
6.42337643
12.86219268
0.20233926
4.26354667
1.78949154
1.42567256
7.04042370
0.52644141
-7.18705146
-2.64886130
0.41206412
-16.01785485
9.61909340
4.70913990
-0.18289232
7.27138707
11.30920838
0.68441966
-13.29793221
9.34359250
12.18757194
-11.53363295
-8.09116891
-13.11147760
-3.64744432
6.55066572
14.14472091
12.85731028
-5.41934127
-11.44778752
-4.23739549
4.63730445
-5.01175967
-5.34283772
16.42768034
-8.18093324
2.17347625
13.13383002
8.07331439
9.76495471
-6.57665903
-2.63523219
-2.61415128
3.76516716
2.09986484
7.59010054
11.61310716
-3.24988799
-5.64991582
2.44631109
4.36211415
-8.97449735
11.55259641
-13.74875679
-3.68658494
15.26352377
-10.87069765
-13.25595050
6.10746023
7.86634149
-0.15371314
-13.56437000
-0.79706263
2.53267421
6.16231312
7.75242066
-6.62191477
-1.53703809
-13.87649126
2.96709002
7.49215770
10.24365647
-8.17738770
12.41514753
16.05625700
-3.82906452
-0.35971123
-3.66294791
-5.39526120
15.53408921
-14.79814399
-2.34387280
-11.32070230
-9.09479804
-0.50506326
-8.17129549
-14.70979543
-6.72094652
-7.88550734
17.22937006
9.62040651
3.40640108
7.11714594
-7.73934760
-0.47049242
-17.13584345
-3.01540307
-8.94332937
5.05352906
-16.30025883
-11.05446894
2.74462270
-0.32164211
14.64630967
-1.72197331
1.40020553
-1.95609307
0.55197635
3.57152773
5.94491679
3.09928446
1.91628270
-8.57434823
-6.35835884
-2.66634166
-4.63608578
-0.04089763
2.34059492
-14.30908478
9.83415914
-16.63522623
10.90288121
3.42544045
5.41728799
2.03536875
0.95925093
8.50329843
8.24617519
12.24944265
13.47314242
2.70135992
0.13335280
-15.55294039
-13.45435521
9.00143395
6.86812902
14.13125234
10.79337720
-7.71938819
-9.04112269
-10.72709143
-8.42204036
-11.46860165
-12.02961746
-8.17545335
-5.75718403
5.27093125
8.53441846
16.81694486
14.05712962
11.89232993
13.40283198
-1.64097571
-4.10893743
-11.09983787
-11.42007706
-6.62412497
3.45263479
-4.73744954
6.00024878
-1.37895410
-6.18261243
-4.84055351
-5.95646000
15.51630471
16.49353390
-6.28673715
-5.60291621
4.93683227
1.87208055
13.23773559
12.02613915
10.42732498
10.09166463
9.16478043
8.01284090
-9.95435306
-9.06851100
-1.18334014
-3.98539009
-3.09678060
-3.57300997
4.30262332
4.47165083
-0.82759548
2.29935651
8.77404090
9.70573555
11.80011255
8.63062149
-2.50163723
-2.52400758
-3.54635092
-5.80777978
3.88254999
3.75873018
8.09630075
5.81491487
-9.88991381
-8.16896255
9.45199122
10.48855350
-11.48846438
-3.76868008
-14.41058623
-5.33429832
15.95607162
14.04129468
-10.37963590
-9.88431653
-14.17275170
-13.60179882
8.43856346
5.15193029
6.62926179
7.59982597
-0.82961468
1.22806637
-15.33429284
-14.53097324
0.62407021
-0.94521676
3.57665229
5.07306446
6.37039110
4.45171103
8.57741478
8.82112701
-6.72601786
-5.77908651
-0.49455447
-2.61357958
-12.88784717
2.90093374
-12.91637312
3.83637674
8.06041118
7.78328558
11.72392591
9.15682555
-10.26047733
-7.44081745
10.78887553
10.86825418
12.63291866
14.43998138
-4.13612148
-1.99353748
1.33266565
-1.22774270
-2.22939217
-4.27921607
-4.86577749
-4.36918329
13.79148623
15.49356516
-11.74221538
-12.63270552
-1.46360865
-1.98715316
-11.04408312
-12.31467301
-6.69733536
-9.58940533
-3.68308080
0.32467381
-8.71784847
-9.18331372
-13.06934317
-14.08812647
-8.07581792
-7.01704445
-4.72321885
-7.27990951
14.24252535
16.72954317
7.50643872
9.67864341
4.48273889
3.32281156
6.74704240
8.51582578
-8.38997440
-7.93725028
-0.71327784
0.69056766
-15.45164073
-16.31682067
-5.51843450
-2.85088369
-5.51424313
-7.89333033
7.71049931
5.55571641
-14.90454983
-16.84461383
-10.34278790
-11.71608642
5.51597355
4.11198487
-1.28460633
13.96190147
-1.45717992
13.26567546
-1.12163133
0.53723859
-2.01312869
1.36622236
1.72477424
-0.43961488
-1.23595290
2.05878043
4.65966172
5.83438068
2.47506990
7.13131388
0.86396387
0.08972137
2.14592700
1.31999615
-9.92557275
-5.89956313
-9.01356421
-7.67712976
0.02179863
-2.01477662
-1.38359290
-3.31430891
2.38172824
0.15057456
1.06000558
1.29426099
-15.57846404
9.88539105
-15.28503671
8.70028010
-13.09759274
8.63637949
-17.36954045
9.78671259
2.90341737
5.35082806
4.64717471
5.97915472
1.86199632
0.00140022
3.12261594
2.19009385
6.19053046
8.40747468
7.34008776
8.12030881
11.01827462
10.34371335
11.14806014
12.40572951
3.28583507
1.29403522
1.31310566
0.93739631
-15.15530394
-12.25290488
-15.26284451
-12.16284552
11.34242268
8.10401564
10.09146749
5.62905429
14.68237282
10.71351424
13.00747514
11.32407125
-9.40195224
-10.63756053
-8.78040829
-10.24393114
-10.52024698
-8.37926104
-9.52294389
-7.38605310
-12.39046576
-13.44804668
-11.21495778
-10.77562348
-8.66075692
-4.89093983
-7.41283317
-6.93919519
3.07023680
7.47581113
6.42659303
8.59675210
16.69405974
13.07489713
16.56695467
13.02001927
9.78162674
13.75747152
10.70116699
12.56446425
-2.55285826
-6.03998018
-2.78518935
-3.57559677
-10.40849288
-12.59783019
-10.05876274
-10.52388997
-6.77598306
2.69958844
-3.51253900
5.09272157
-7.77910575
4.11092050
-5.38453575
5.64678054
-3.04849297
-4.68798112
-0.48919364
-6.03354049
-6.61284718
-4.71697987
-6.00660258
-5.32868021
13.54189563
15.93706642
15.44038875
15.27223605
-4.57722046
-7.85888260
-6.97741046
-5.88852684
3.30827484
0.99984651
5.35637101
2.46141311
12.07805986
13.07786240
14.38725464
12.04644465
12.33872420
9.13912319
11.55400950
10.20314259
7.55336317
9.94348145
10.52402110
8.89634337
-11.44272318
-7.23358013
-10.14822460
-8.54950373
-2.99281667
-5.11648286
-1.91469367
-2.50202525
-2.29388569
-3.47361578
-1.90720234
-4.12133444
2.62333186
4.33211865
3.24247384
3.44142711
-1.25354071
1.62405468
-1.97831348
1.11405951
6.69079481
7.74910138
7.84605938
8.67507410
12.06237061
11.61904159
10.73956542
9.49747815
-3.66262564
-3.93499753
-1.69204267
-2.80630366
-3.08567363
-4.78002052
-4.60383686
-5.71523535
2.61005417
3.57442978
2.75526168
4.88869721
4.30731545
4.95531632
7.09543960
6.00047530
-9.84991105
-7.91643948
-8.85744658
-10.20714718
9.67742568
11.40960482
10.42036952
9.61126398
-12.56166355
-3.69564103
-14.43974862
-4.75051256
-11.60455721
-3.42420658
-13.30550443
-4.80956504
15.04082085
14.18993032
14.91615969
14.13024474
-9.11390174
-11.85637789
-11.00873058
-9.93528350
-15.51781761
-12.64807895
-15.12635408
-13.71029988
7.01675941
6.57166387
7.46447107
6.06309602
5.63708484
7.36031128
5.60856970
6.65996951
0.17611877
-0.50859765
-1.89915280
1.81603272
-17.14439118
-13.14262472
-15.92244304
-14.29349751
-1.11056332
-0.24065111
1.22173020
-0.50595233
4.85910247
3.49097958
3.26901202
4.48033825
3.55862045
5.88262216
5.46512580
4.59193090
8.29482234
6.93612605
8.70713077
7.85812128
-6.34383405
-7.67316830
-5.87679598
-6.81964637
-1.44040295
-1.02589770
-0.82701167
-1.53108176
-13.75710993
1.69711734
-13.75396059
2.44187022
-12.06271846
1.87055988
-11.95871939
3.53041448
7.17419118
7.11032714
8.80062262
6.83469413
12.38870315
9.44839208
12.02217496
9.42754113
-11.20291461
-9.06708782
-9.29082829
-7.14159329
11.66351599
11.48955306
11.68990711
10.61102516
12.61319892
15.15050144
13.51245135
13.51692109
-4.81588978
-3.15526919
-5.47275435
-2.41530448
0.69308634
-0.11158862
2.23440663
-0.58693431
-4.46566398
-2.85012056
-2.71179725
-3.62117070
-5.63343661
-6.29426249
-4.03467242
-4.61239629
12.81374925
15.09386583
13.97105078
14.74329709
-11.64234686
-13.88492884
-12.71696051
-13.60232462
-1.57968560
-2.57389970
-0.68329699
-2.80413052
-11.34838082
-11.09274946
-12.03953527
-12.30308499
-6.51102435
-9.54597251
-7.04507713
-8.79483353
