-2.81479773
-12.66585330
-3.85110608
-11.92908205
-3.63013973
-10.97399040
-14.39867220
-10.28934245
-9.15172776
-0.48365096
-11.01071321
-14.81521896
-1.41749208
-4.20865045
-13.81518076
-10.65895469
-9.25033064
-12.64369829
-12.12234489
-2.33879442
-11.03052006
-7.81286399
-2.60533284
-8.81277563
-12.39691172
-5.76789970
-4.41098430
0.42417387
-1.12875086
-6.52027152
-15.99685108
-16.79038268
-9.71786079
-1.89151589
-9.99329924
-6.94533753
-9.75011898
-4.19076271
-5.67592614
-6.87311708
0.51532329
-6.66184689
-15.93586944
-4.10034413
-1.46266929
-5.60131368
-4.98698741
-9.37843012
-7.35903957
-4.88513072
12.94560890
10.81050573
3.81538417
-1.65000339
6.22273412
9.97337553
3.11892025
6.32806530
12.50033014
15.32117795
-1.76552970
5.90839175
4.67290300
11.10508351
15.39015831
0.80253211
0.64331896
9.30225991
6.95121828
6.72986919
6.17442231
10.85096458
4.67337146
12.56512185
5.24091135
3.25940459
1.35911754
10.54856369
-0.57961025
15.13019186
3.96695525
4.62133333
9.38764760
10.64056910
3.58149399
6.75833796
4.29178315
14.37941803
4.13830191
0.73788766
4.20775726
7.74512088
12.15204409
2.11361514
16.17912545
14.69375225
6.34864839
12.73581847
0.18990446
4.25949630
1.75390786
1.38123525
6.96725465
0.53385697
-7.10148556
-2.66862034
0.18568159
-15.82103429
9.60548529
4.71223821
-0.15838664
7.16941897
11.24291263
0.67493131
-13.19102101
9.24335612
12.11302274
-11.35721970
-8.01857135
-12.81384909
-3.63922706
6.48260067
14.05968104
12.73172856
-5.42858415
-11.34963607
-4.27494604
4.57732610
-4.85369632
-5.31803239
16.25682693
-8.01238195
2.14590442
12.98328951
8.03995496
9.69176062
-6.52097257
-2.48129879
-2.59995780
3.70686387
2.12455959
7.50749243
11.60276576
-3.17237549
-5.58698485
2.44763073
4.31651927
-8.93090300
11.40569729
-13.61397106
-3.60903598
15.12259596
-10.75440980
-13.03418447
6.05986923
7.77227815
-0.15279779
-13.44044905
-0.75326541
2.47158493
6.08671391
7.68187190
-6.64432820
-1.57934126
-13.77274172
2.98816531
7.41846802
10.14957120
-8.22385009
12.41480848
15.86807902
-3.84954794
-0.39901177
-3.52268183
-6.00394164
15.02336494
-14.20929441
-2.46426156
-11.13615523
-9.24795554
-0.41909311
-8.11668992
-14.53444661
-6.59856958
-7.78562431
17.03729068
9.51494220
3.36412808
7.02728009
-7.70254962
-0.44403614
-16.93806378
-3.05343580
-8.80404385
4.98443065
-16.15809477
-10.88974079
2.74875211
-0.27068339
14.48040895
-1.67471684
1.42597376
-1.89778567
0.54340773
3.52187321
5.90443185
3.06480547
1.91840214
-8.48399904
-6.29958594
-2.64450493
-4.51361151
0.05030039
2.27959400
-14.02050757
9.74719658
-16.39833918
10.81587135
3.39876162
5.38002261
2.01717601
0.94730867
8.38634804
8.17313490
12.12559594
13.34653325
2.68814105
0.18563808
-15.39281321
-13.32171343
8.87990271
6.78361883
14.03470065
10.56742027
-7.67316860
-8.94586036
-10.56704637
-8.42229226
-11.38476171
-11.89018364
-8.09822789
-5.74054985
5.22936693
8.42722380
16.62946500
13.77076978
11.72830891
13.31477135
-1.64024610
-4.05855489
-11.02900549
-11.33048077
-6.57849026
3.43153618
-4.79031112
5.93584911
-1.37783607
-6.00479808
-4.75637986
-5.89332896
15.38021465
16.33080972
-6.16023244
-5.53079685
4.89585176
1.82608647
13.08186771
11.91917976
10.38744204
10.05219506
9.09974089
7.96751486
-9.87319403
-9.04109777
-1.34015291
-3.84121692
-3.06967566
-3.51579981
4.26077048
4.42746919
-0.75652876
2.25353923
8.67782383
9.59287374
11.70422261
8.57814533
-2.47881654
-2.53366131
-3.50890737
-5.80502020
3.82718334
3.72792536
7.99063584
5.77934330
-9.74723286
-8.13721842
9.33171859
10.35393130
-11.28742128
-3.56914507
-14.27072759
-5.21806868
15.77653618
13.86119738
-10.30073099
-9.79918431
-13.97239293
-13.38719192
8.40231468
5.14635553
6.58343606
7.53610218
-0.94566505
1.17631263
-15.21729487
-14.39828072
0.57530763
-1.00171385
3.58742797
4.94884137
6.29724138
4.40986212
8.49878192
8.70953553
-6.61753351
-5.71693832
-0.47841791
-2.41161126
-12.70041315
2.93933180
-12.80007889
3.86762206
7.96489997
7.73864567
11.60431276
9.10737458
-10.13014847
-7.41558974
10.73188575
10.66624040
12.62125512
14.33037826
-4.40485761
-1.92333250
1.50222680
-1.21926858
-2.28593009
-4.27295251
-4.35335476
-4.59511439
13.58488915
14.99470994
-11.86883110
-12.96715221
-1.10144623
-2.41232230
-11.47622534
-12.04466326
-6.78648454
-9.11838581
-3.65089187
0.35091712
-8.65461634
-9.12546750
-12.94448595
-13.90966903
-8.01871440
-7.01040286
-4.83422354
-7.18840553
14.07824737
16.54212766
7.44418068
9.51256511
4.43322503
3.28579463
6.69480337
8.42298087
-8.37131051
-7.84254198
-0.74650930
0.63877804
-15.27288337
-16.11533866
-5.49562240
-2.82816322
-5.43337990
-7.79290242
7.62837984
5.50144985
-14.77193087
-16.66274964
-10.21915201
-11.59232356
5.47266627
4.10527330
-1.26173215
13.83286951
-1.43434851
13.09986081
-1.10280188
0.47291358
-2.03531068
1.34749708
1.69789655
-0.43235249
-1.26664147
2.04702540
4.60059470
5.76618505
2.37582296
7.02759220
0.82006219
0.09986772
2.12699378
1.29652838
-9.91230497
-5.78774467
-8.97354055
-7.61043131
-0.05373248
-1.97965492
-1.35148477
-3.37088076
2.29701763
-0.11426517
1.04615422
1.20864512
-15.45214278
9.78624903
-15.05697269
8.62954877
-13.12829428
8.53350582
-17.14787924
9.74255328
2.90787266
5.29676168
4.61188807
5.91493357
1.84352121
0.00606216
3.08449570
2.16919410
6.10429690
8.30331260
7.24733254
8.09151955
10.89600287
10.32200905
11.03938335
12.32122583
3.27853133
1.26866175
1.31322419
0.97212915
-15.00609775
-12.16095418
-15.13151759
-12.08001208
11.24236842
8.00840599
9.98319352
5.57108831
14.57340824
10.56898483
12.96358513
11.21971421
-9.36351987
-10.56876080
-8.69816660
-10.17354428
-10.40716558
-8.22386187
-9.37489435
-7.21749738
-12.28107826
-13.26430845
-11.10936901
-10.66605891
-8.49152593
-4.84126147
-7.27079303
-6.90387698
3.05158722
7.39086491
6.36636484
8.49341749
16.59757876
12.93125749
16.33935573
12.85814489
9.67553164
13.57026416
10.56974547
12.38324988
-2.46670662
-5.93796552
-2.68485608
-3.59740730
-10.31692369
-12.47955563
-9.98737136
-10.40193033
-6.73686030
2.67062932
-3.54479106
5.01633026
-7.66977349
4.11155676
-5.36786418
5.64372041
-3.03630261
-4.56655068
-0.51544918
-5.96401853
-6.52930948
-4.69688661
-5.96421024
-5.29145987
13.45190870
15.76474626
15.26135575
15.13109867
-4.61489015
-7.94010715
-6.90654783
-5.84366175
3.30645226
1.00163257
5.32311709
2.43100212
11.99254232
12.88290709
14.22378996
11.91490816
12.24755322
9.08522264
11.47898980
10.11766908
7.51377834
9.93812416
10.41811238
8.82238180
-11.17821320
-7.12167031
-10.08011662
-8.38320207
-3.01767997
-4.99001050
-1.96296320
-2.44902303
-2.35229963
-3.29536301
-1.84722316
-4.11074158
2.57364339
4.28992521
3.21666184
3.40577323
-1.23888240
1.65189011
-1.95557386
1.14598572
6.62720526
7.67072450
7.77055363
8.57131435
11.92152828
11.48480872
10.62829326
9.43362030
-3.61724379
-3.88985960
-1.64500219
-2.74001929
-3.01170387
-4.62853887
-4.49670882
-5.60365005
2.56750538
3.56774578
2.71382989
4.84542955
4.26180138
4.89440455
7.00773257
5.93343922
-9.75733180
-7.88016304
-8.75999495
-10.11549603
9.54215948
11.27457823
10.27939554
9.48711399
-12.32259398
-3.67982502
-14.30793493
-4.71780162
-11.50421376
-3.50242844
-13.19994740
-4.75324089
14.98546655
14.06355253
14.73416799
13.99966918
-9.04472401
-11.73644628
-10.93294188
-9.88739028
-15.30804460
-12.53198912
-14.93463686
-13.58367797
6.98610116
6.55664494
7.44093011
6.06002830
5.60218116
7.34645664
5.53767683
6.61564086
0.12251053
-0.54781005
-1.95791244
1.77845291
-17.02939695
-13.00099543
-15.85758772
-14.19592077
-1.32293768
-0.26784294
1.13516183
-0.52847004
4.87867020
3.45146551
3.18410695
4.44059636
3.52394545
5.83455971
5.40182677
4.53850367
8.27178859
6.86610620
8.62196594
7.77797323
-6.33169243
-7.57229437
-5.78268724
-6.74715142
-1.40146858
-0.98086509
-0.73163994
-1.47393136
-13.63014932
1.60633549
-13.67572218
2.53299897
-11.90281950
1.89606479
-11.87107263
3.55227475
7.09506158
7.02723794
8.67469941
6.77571188
12.22698178
9.34220302
11.94462410
9.28098502
-11.04600478
-9.02963035
-9.17357358
-7.04348771
11.47129020
11.49383298
11.68423412
10.65198417
12.48740937
14.94878626
13.44804385
13.49440152
-4.62439984
-3.24471661
-5.44400123
-2.34540817
0.59591892
-0.19443667
2.33788351
-0.40095412
-4.20677969
-2.79771395
-2.61544792
-3.60528974
