-2.83653859
-12.64003576
-3.83169087
-11.90168479
-3.74226481
-10.94845594
-14.36148579
-10.27877296
-9.10636714
-0.46990793
-10.98477231
-14.79005209
-1.41028089
-4.20347963
-13.79180627
-10.63077962
-9.23443468
-12.60278923
-12.10369970
-2.32936068
-11.00623716
-7.80184632
-2.59152039
-8.80353622
-12.36772647
-5.77076397
-4.34982146
0.42248961
-1.11024674
-6.48288291
-15.96961238
-16.75609575
-9.69030581
-1.89974367
-9.96108930
-6.93770502
-9.72794693
-4.16268357
-5.66060148
-6.86599867
0.56407984
-6.66654079
-15.89410676
-4.07928912
-1.45034799
-5.59527183
-4.96275741
-9.36831542
-7.33304232
-4.88975194
12.91204289
10.77963516
3.80558161
-1.63374449
6.20502255
9.95434410
3.11098148
6.31440346
12.45280260
15.28933006
-1.75735270
5.87507769
4.66661089
11.08382439
15.35122072
0.73616373
0.77769856
9.29066798
6.95929691
6.71641718
6.15930359
10.82238291
4.66969529
12.53477458
5.22788354
3.25696924
1.36560257
10.50104983
-0.59728827
15.10685551
3.94452586
4.61707214
9.35909317
10.60839683
3.53784459
6.75047480
4.28413759
14.34248578
4.10629405
0.74097849
4.18559268
7.73197595
12.11455774
2.10394750
16.12110663
14.66261433
6.33438470
12.70571770
0.18036902
4.25645907
1.75593259
1.37417890
6.92143688
0.53886595
-7.08397544
-2.65727426
0.18001228
-15.78008464
9.58489756
4.69994154
-0.14556320
7.13262737
11.22287262
0.65347350
-13.17536583
9.22053014
12.09900033
-11.32301435
-8.00076296
-12.77278246
-3.63528791
6.46520442
14.02535691
12.70198485
-5.30004676
-11.33119665
-4.27072316
4.56418157
-4.81982370
-5.30757433
16.21347902
-7.97257359
2.14831705
12.95420143
8.03101424
9.66430295
-6.48770645
-2.46366768
-2.59033774
3.69230308
2.13373800
7.49185401
11.59238771
-3.15489230
-5.55868744
2.45339011
4.30823967
-8.91131561
11.37539168
-13.58529228
-3.58768638
15.08170575
-10.71671988
-13.00221624
6.06039326
7.74981448
-0.15049162
-13.41026530
-0.74348696
2.47470847
6.07048399
7.66528010
-6.64331822
-1.60988851
-13.74370016
2.99556475
7.39976349
10.12893867
-8.23090632
12.39734399
15.82427108
-3.86066037
-0.44913903
-3.15845380
-5.99607880
14.97384334
-14.17281332
-2.44556809
-11.11777997
-9.23153908
-0.39477606
-8.10724680
-14.49264115
-6.56731815
-7.72221843
16.99345163
9.47756072
3.36097618
7.00317140
-7.68634570
-0.44872348
-16.89642361
-3.05940428
-8.76640718
4.97417038
-16.11668771
-10.84124725
2.75196843
-0.26631113
14.43825188
-1.87264795
1.42781125
-1.88521260
0.53802845
3.52575795
5.88483419
3.05833841
1.92392014
-8.46528013
-6.28685408
-2.63386650
-4.49910970
0.05369903
2.28762025
-13.97810464
9.71870213
-16.34648006
10.79420908
3.38432227
5.36565786
2.01769973
0.95200893
8.35018687
8.14569542
12.09262701
13.31534876
2.68407845
0.20738772
-15.36501631
-13.29042525
8.85111854
6.76507411
14.00852988
10.51064220
-7.66505496
-8.91605415
-10.53698189
-8.41634542
-11.36518954
-11.85670833
-8.07645821
-5.73257553
5.21742011
8.39908094
16.58821236
13.72123368
11.68071693
13.29558655
-1.64887039
-4.07166426
-11.01361053
-11.32200226
-6.54938147
3.39948534
-4.81259658
5.91958800
-1.37546747
-5.96462215
-4.70792763
-5.86455399
15.34355541
16.28860532
-6.12665045
-5.51808131
4.88571291
1.81787151
13.04402490
11.88938064
10.37924749
10.04248252
9.08557985
7.94783927
-9.85500381
-9.00965481
-1.38930026
-3.81459739
-3.04869155
-3.49997841
4.24817351
4.41685930
-0.74174398
2.26036448
8.64606604
9.56481801
11.66879821
8.56318598
-2.46983057
-2.53028613
-3.47955044
-5.81291091
3.82086714
3.72090991
7.96468969
5.77058466
-9.70857926
-8.13809187
9.30951350
10.32783490
-11.24757083
-3.55990450
-14.25053301
-5.19336974
15.74642606
13.81314379
-10.28328283
-9.77085548
-13.94306258
-13.35182017
8.38091669
5.15210547
6.56920369
7.52211135
-0.96377306
1.17614044
-15.18760591
-14.36558483
0.58343135
-1.00751108
3.59169403
4.92080024
6.28493009
4.40219923
8.48161820
8.67965951
-6.59975517
-5.70323759
-0.48904318
-2.37537762
-12.65650035
2.93821142
-12.77171538
3.85706682
7.94213725
7.71937993
11.59806396
9.09987424
-10.09698860
-7.40666061
10.69636094
10.63111828
12.60731236
14.29899498
-4.45581485
-1.89989181
1.56317692
-1.26078598
-2.62121294
-4.03654756
-4.34500318
-4.58905839
13.56906161
14.97897076
-11.83650523
-12.92945882
-1.07795335
-2.39764144
-11.44528710
-12.01757905
-6.77106137
-9.10878927
-3.63334685
0.35582625
-8.64086257
-9.11508983
-12.91455463
-13.86857594
-8.01347029
-6.99063118
-4.60356444
-7.09835519
14.03026902
16.49305235
7.42528346
9.48387800
4.42545848
3.28085502
6.67128984
8.39754252
-8.34448233
-7.80632930
-0.75591180
0.62049058
-15.22906357
-16.08276738
-5.47773941
-2.78986659
-5.39008478
-7.76339309
7.60272618
5.48959386
-14.73316753
-16.61755564
-10.19133533
-11.56420570
5.46723849
4.10455332
-1.24157138
13.80039934
-1.42291488
13.05988213
-1.09743056
0.46926259
-2.07206217
1.33894629
1.69405185
-0.43262721
-1.26728869
2.04329259
4.57951716
5.75641696
2.32390827
6.99855042
0.81723665
0.10530808
2.12461764
1.27968522
-9.89500949
-5.77408722
-8.95739332
-7.59761722
-0.04055190
-1.96221193
-1.34030194
-3.36182545
2.26624599
-0.11026508
1.02807099
1.17433701
-15.42039877
9.76331452
-15.00761572
8.60978225
-13.09872513
8.51255451
-17.10174009
9.71734743
2.84941305
5.28547436
4.58942584
5.88201073
1.84372078
0.00395077
3.08137990
2.16745860
6.07899103
8.26772740
7.21850492
8.09618249
10.86518339
10.31269369
11.00600385
12.29826455
3.28126193
1.26692925
1.31669429
0.99135260
-14.98275425
-12.13999530
-15.11014863
-12.05880336
11.21569753
7.98578587
9.95524305
5.55943468
14.55117115
10.55686871
12.95322577
11.19119851
-9.34264246
-10.54226831
-8.66895343
-10.15153717
-10.37067699
-8.21269646
-9.34678030
-7.21397524
-12.25518131
-13.23300654
-11.08539139
-10.64092800
-8.45085033
-4.82714098
-7.23622900
-6.89066262
3.04747689
7.36988747
6.35057124
8.47063002
16.56171186
12.90018590
16.28818275
12.81461606
9.64708958
13.52696957
10.52959662
12.33735026
-2.43343532
-5.85346128
-2.71914403
-3.57312526
-10.29523214
-12.45521871
-9.97150446
-10.37071734
-6.72400252
2.65822388
-3.56511783
4.99127918
-7.63858953
4.10918540
-5.35213189
5.63887240
-3.04012785
-4.53346911
-0.52011468
-5.94763036
-6.50197951
-4.68627852
-5.93489472
-5.26354874
13.42790992
15.71979374
15.21709700
15.09504417
-4.62017141
-7.91989884
-6.88279520
-5.82259792
3.30207448
1.01086446
5.31317397
2.42680875
11.96387738
12.83698903
14.18260306
11.88003413
12.22103067
9.06968308
11.46083652
10.09754626
7.51275099
9.92291201
10.39803897
8.78333089
-11.13491314
-7.09517431
-10.03987261
-8.34254511
-3.00719839
-4.96259003
-1.96715049
-2.43601649
-2.39822611
-3.25405750
-1.83797779
-4.08481508
2.56419818
4.28217743
3.21043137
3.39815963
-1.19759143
1.66026003
-1.94218491
1.12006107
6.61261780
7.65502873
7.74289768
8.54548538
11.88776748
11.45499974
10.59441593
9.41968831
-3.60285006
-3.87095919
-1.64037238
-2.72942108
-3.00592536
-4.62171048
-4.46099755
-5.57978527
2.55593478
3.56831257
2.70990539
4.83498200
4.24802916
4.88377649
6.98699932
5.91746834
-9.73947703
-7.86300762
-8.72923489
-10.09675841
9.48073846
11.24415253
10.24402710
9.45471123
-12.26857663
-3.66537082
-14.28242363
-4.70792946
-11.46361648
-3.49271311
-13.18509663
-4.72830513
14.98328124
14.03079054
14.70979238
13.96822110
-9.02460945
-11.69984119
-10.90910647
-9.86733425
-15.25872617
-12.49688513
-14.90428127
-13.55412216
6.97652262
6.55100720
7.46187062
6.07132821
5.59311241
7.34559032
5.52985822
6.60532346
0.10443434
-0.55581947
-1.95593191
1.72229381
-16.99946905
-12.96749994
-15.83825215
-14.17068232
-1.30830563
-0.26786916
1.10307220
-0.52210945
4.86651863
3.44898893
3.16050432
4.43582013
3.51854137
5.82210724
5.39194710
4.53144835
8.26639631
6.85123864
8.60384333
7.75618797
-6.30626124
-7.55096740
-5.76867613
-6.73216475
-1.40781904
-0.97069286
-0.72083309
-1.46764204
-13.59171952
1.60801219
-13.65514292
2.51169936
-11.86096276
1.90630357
-11.84472334
3.53667629
7.07716062
7.00885616
8.64842647
6.75215769
12.18681186
9.30471714
11.92643042
9.24269878
-11.00448821
-9.01427935
-9.14393585
-7.02123911
11.43004873
11.47227566
11.64957080
10.63744295
12.45851968
14.91094297
13.42420000
13.46425577
-4.59053769
-3.24502706
-5.45090045
-2.32758345
0.51899598
-0.18678328
2.36684158
-0.36113872
