-2.80100146
-12.69125181
-3.87267175
-11.95746300
-3.64861772
-10.99973224
-14.43602766
-10.29716065
-9.20009170
-0.49755506
-11.03854004
-14.83956081
-1.43164438
-4.21327181
-13.84312304
-10.68556004
-9.26911773
-12.68380750
-12.17430190
-2.35575279
-11.06013334
-7.82614428
-2.63031206
-8.82242052
-12.42761162
-5.77170182
-4.47242943
0.42682640
-1.13429754
-6.54387592
-16.02324170
-16.82521279
-9.74846376
-1.88425762
-10.04354960
-6.94725673
-9.77184863
-4.20421888
-5.67571863
-6.88265312
0.52361028
-6.66115392
-15.97783892
-4.12075097
-1.46388917
-5.82113915
-5.01430093
-9.38169356
-7.38195264
-4.87070518
12.97750624
10.83954786
3.82574250
-1.65435018
6.24484586
9.99721283
3.12668400
6.34171125
12.54641917
15.35065732
-1.79739568
5.93681803
4.68511102
11.12671343
15.42959423
0.83210948
0.51679966
9.31006365
6.95183261
6.74749476
6.19373587
10.88133565
4.67563483
12.59490856
5.25161506
3.26082436
1.35532689
10.59670711
-0.56918590
15.15080276
3.98486535
4.62361914
9.41728445
10.67684287
3.61271459
6.76692004
4.29978325
14.41195908
4.16312772
0.75113628
4.23247151
7.75914178
12.18813415
2.12741374
16.23672315
14.72489729
6.36526691
12.76707251
0.19889245
4.26198521
1.77571929
1.38900654
6.98690003
0.53235026
-7.11942971
-2.68434020
0.17652440
-15.86187151
9.62398052
4.71271215
-0.16819805
7.20217548
11.26027306
0.69569636
-13.20761734
9.26688586
12.12953715
-11.39333374
-8.04064388
-12.85387707
-3.64339504
6.49842107
14.08949659
12.76013917
-5.38827207
-11.36970863
-4.26543138
4.59648775
-4.88973103
-5.33787088
16.30083007
-8.05686903
2.14940777
13.01096579
8.04705450
9.71258155
-6.54547501
-2.48144637
-2.60399082
3.72077854
2.11584630
7.52540531
11.61104345
-3.18925336
-5.60874266
2.44046281
4.32504385
-8.94499371
11.44189344
-13.64815555
-3.61554215
15.16259912
-10.78865863
-13.06593104
6.06994138
7.79525073
-0.18812102
-13.47107297
-0.76599398
2.47670622
6.10248966
7.69882451
-6.64777277
-1.56426008
-13.80158071
2.99418177
7.44022576
10.17495038
-8.21529258
12.43316602
15.91150660
-3.83696258
-0.35098459
-3.60669102
-5.60585609
15.07174885
-14.24183077
-2.47884720
-11.15764205
-9.25602534
-0.45531458
-8.13591725
-14.57642783
-6.63870416
-7.84052470
17.07966090
9.55474401
3.37346810
7.05340409
-7.71449306
-0.43653323
-16.97951649
-3.03931425
-8.84178202
4.99759916
-16.19791186
-10.93461088
2.74596580
-0.30361485
14.52031349
-1.68031135
1.41792588
-1.91103452
0.54760605
3.53832269
5.92068194
3.07091811
1.91527869
-8.50230159
-6.30533119
-2.65773650
-4.53027067
0.05550865
2.29166075
-14.06134065
9.77490309
-16.45010617
10.83577049
3.42856705
5.39612834
2.03438796
0.95387792
8.42057862
8.19787642
12.15802797
13.37913647
2.69405274
0.16893103
-15.42263486
-13.35217364
8.90984105
6.80344697
14.05852803
10.61851622
-7.68637813
-8.97660680
-10.59550387
-8.43273765
-11.40456172
-11.92251609
-8.11914748
-5.74701487
5.24281342
8.45438100
16.66949378
13.81827684
11.77428115
13.33344297
-1.62633704
-4.03943058
-11.04399151
-11.32342075
-6.59660727
3.45811329
-4.77866873
5.95354055
-1.38004429
-6.04620044
-4.77699995
-5.92199321
15.41723668
16.37128521
-6.19487771
-5.51077252
4.90694523
1.84194109
13.11878205
11.94929889
10.39457416
10.06269075
9.11384248
7.98432144
-9.89711426
-9.07090936
-1.26693665
-3.88096042
-3.07719754
-3.53808821
4.27299656
4.44051559
-0.78379422
2.25790412
8.70405757
9.61849138
11.73883731
8.59348689
-2.48560238
-2.53648933
-3.52568356
-5.80216109
3.84733304
3.73622659
8.01625505
5.78685232
-9.77979399
-8.14531921
9.35952103
10.38597734
-11.31922762
-3.57264365
-14.30565532
-5.23954408
15.80560500
13.90711631
-10.31992178
-9.82498448
-14.00285724
-13.42375548
8.41035208
5.14534591
6.59860939
7.55150141
-0.91058415
1.14633417
-15.24629282
-14.43175372
0.56605693
-0.99835783
3.58886734
4.96942488
6.31224030
4.41788219
8.51683237
8.73544698
-6.63139597
-5.74260088
-0.48857020
-2.48720379
-12.74444285
2.91545343
-12.82752846
3.85836058
7.98603142
7.76331958
11.62499730
9.11749510
-10.16302988
-7.42346719
10.76495191
10.70307604
12.63302328
14.36251916
-4.31866385
-1.94408058
1.46636713
-1.21392923
-2.25960781
-4.26767185
-4.77499285
-4.62649910
13.61179870
15.02107136
-11.90097838
-13.00480216
-1.10952379
-2.42595723
-11.51010046
-12.07163320
-6.79954482
-9.12582962
-3.66365227
0.33909030
-8.67447800
-9.14376527
-12.97456116
-13.95066188
-8.02611708
-7.01297954
-4.73656182
-7.25046274
14.12517968
16.59077254
7.46888099
9.54767081
4.44816703
3.29696911
6.71230835
8.45168529
-8.39676023
-7.86862481
-0.71716284
0.69010779
-15.31650711
-16.14817915
-5.50017026
-2.84018931
-5.46693852
-7.82203696
7.64940558
5.51505686
-14.80915783
-16.70731361
-10.24857980
-11.62021413
5.47758067
4.10525402
-1.28128152
13.86376872
-1.44876569
13.13923686
-1.11876243
0.50680187
-2.02940827
1.36913447
1.70281578
-0.43249507
-1.26468218
2.05062709
4.61637273
5.78801309
2.39192053
7.05997290
0.82639930
0.09360671
2.13046619
1.30101404
-9.92888238
-5.80193936
-8.98933556
-7.62857743
-0.04335676
-1.98736422
-1.36117190
-3.30915528
2.31641362
-0.12339515
1.05961128
1.25040238
-15.48438985
9.80951035
-15.10619268
8.64931383
-13.15664085
8.55481865
-17.19290677
9.76644877
2.91234417
5.31693677
4.60252580
5.94211538
1.86725726
0.00377515
3.09509860
2.17458271
6.12867058
8.33595291
7.26916561
8.10014909
10.92668141
10.32918648
11.06975749
12.34304697
3.27301622
1.27142879
1.31415635
0.95216445
-15.02935992
-12.18175302
-15.15153738
-12.09672020
11.26829798
8.03135660
10.01086134
5.58470829
14.59590646
10.60302629
12.97370433
11.24674546
-9.38601410
-10.59531562
-8.72967859
-10.19321257
-10.43972202
-8.23411713
-9.39889114
-7.36968567
-12.30756010
-13.29384748
-11.13413137
-10.69161614
-8.53459877
-4.85550254
-7.31038394
-6.91581674
3.05455950
7.41319394
6.38158295
8.51903495
16.63015389
12.95879431
16.38892047
12.90215509
9.70330590
13.61650651
10.59990860
12.43257042
-2.49237002
-6.01909989
-2.71710090
-3.60912721
-10.33965160
-12.52126910
-10.00295558
-10.44008778
-6.74789308
2.68089349
-3.53111133
5.04352885
-7.69344814
4.12498682
-5.37404735
5.64712130
-3.03654175
-4.59861681
-0.51074734
-5.98263538
-6.55364517
-4.69815569
-5.98208761
-5.30925243
13.47554040
15.80611710
15.30551588
15.16467687
-4.60799707
-7.95549412
-6.93249625
-5.86609788
3.30827258
0.99572045
5.33294173
2.43793390
12.02076151
12.92989668
14.26398192
11.95024399
12.27061564
9.09862783
11.49611040
10.13684448
7.52091857
9.95656792
10.44341707
8.84705287
-11.22910291
-7.15919988
-10.15244797
-8.48356408
-3.01777327
-5.02358465
-1.95773344
-2.45790376
-2.32128647
-3.33549767
-1.85828269
-4.12582303
2.58361423
4.29881137
3.22297785
3.41208560
-1.25187864
1.64706321
-1.96633209
1.17233201
6.64259893
7.68873118
7.79080879
8.59833185
11.95331879
11.51859565
10.66159598
9.44883000
-3.62968199
-3.90795373
-1.65208838
-2.75323093
-3.03881577
-4.63398366
-4.53519319
-5.62858189
2.57954070
3.56562100
2.72702766
4.85636529
4.27323206
4.90758774
7.02907248
5.94953809
-9.78094659
-7.89181455
-8.78762381
-10.13561608
9.58167798
11.31005322
10.31542889
9.52238323
-12.36533167
-3.69365668
-14.33707439
-4.72214179
-11.54437826
-3.51546184
-13.20943483
-4.76750147
14.98632697
14.09670604
14.75689645
14.03033730
-9.06048492
-11.77095277
-10.95447606
-9.90397603
-15.35768251
-12.56594723
-14.96492582
-13.61456884
6.99465219
6.56030396
7.44601295
6.06648706
5.61142170
7.34725407
5.55040446
6.62633491
0.14967423
-0.55116875
-1.93402011
1.79676698
-17.05858193
-13.03436430
-15.87564626
-14.22036678
-1.33527046
-0.26501244
1.16665269
-0.53148912
4.88365705
3.45301452
3.20599103
4.45045535
3.53248553
5.84706697
5.41461378
4.54699540
8.27740231
6.88364081
8.64169148
7.79820367
-6.34969995
-7.59070065
-5.79235120
-6.76644467
-1.39179588
-0.99024279
-0.76410044
-1.48281571
-13.66618359
1.65936598
-13.69560470
2.52883484
-11.94395287
1.89186761
-11.89646272
3.55517076
7.11548078
7.04386565
8.70139963
6.79143588
12.26632622
9.37357311
11.96301481
9.32403398
-11.08683659
-9.04228648
-9.20335761
-7.06829149
11.51703735
11.52038990
11.71631892
10.66293883
12.52082033
14.98464552
13.47037720
13.52300550
-4.66213967
-3.25385685
-5.44522686
-2.34989319
0.62489207
-0.16975484
2.27474390
-0.44696386
-4.31482612
-2.81045967
-2.64859638
-3.58147164
-5.52184859
-6.29648891
-3.96671880
-4.51816110
