-0.65589535
-4.61727546
-1.97834504
-4.95607696
-0.71255031
-4.53499595
-5.30977582
-5.02425714
-3.33259563
-0.19399769
-4.05732328
-6.38537528
-1.57129124
-0.61688053
-6.25362676
-4.57497805
-4.23483435
-5.33677326
-5.05735861
-1.63438649
-4.74703462
-3.66575915
-0.29019979
-3.62885141
-5.86879972
-1.82899854
-1.12562616
-0.76223381
-0.71198901
-2.21805535
-5.83513884
-6.16847652
-2.93544177
-1.33817343
-3.60323625
-4.01783811
-3.22146692
-1.22523723
-2.46454504
-2.46695131
-0.16869655
-2.76264392
-6.38886392
-1.77675881
-1.34013091
-2.76027878
-2.88358529
-3.90399347
-2.86226154
-2.00149610
5.05377271
5.14146603
1.52461069
-0.42003100
3.18887366
3.71983790
1.65717977
3.05979277
5.31129456
5.39249315
0.15454415
3.37450344
2.14166071
4.26982821
6.19886875
0.75922412
0.56449361
3.55536987
3.04929470
3.43389974
2.71178277
4.76595108
2.43830877
5.44972667
1.96620983
1.42550427
0.88906989
4.27239516
0.16150389
6.22569266
1.83692488
0.59480464
3.99451769
4.73074798
1.46301533
2.55146474
2.72673627
6.57480720
1.49343107
0.90751013
1.73897366
3.86412495
4.20693654
0.49949767
6.38027127
5.59410190
2.52212219
4.58715514
-0.23058884
2.58622188
0.59748694
-0.35261018
2.19392584
0.78534220
