-3.03433332
-12.84485428
-3.98392298
-12.43327222
-3.73483588
-11.15985936
-14.69321363
-10.51883062
-9.48456927
-0.54393612
-11.12003750
-14.98639334
-1.34965178
-4.18999404
-14.02743312
-10.43094912
-9.38830742
-12.89887022
-12.36943942
-2.39632810
-11.22739746
-8.37792521
-2.84500636
-8.95775484
-12.88213078
-5.83270433
-4.74977228
0.48768101
-0.98023402
-6.78321640
-16.17600076
-17.01504657
-9.86029269
-1.86046738
-10.26747221
-7.50240756
-9.92124854
-4.30425936
-5.73501854
-6.87586326
0.55739391
-6.75791667
-16.24355580
-4.27549364
-1.43731469
-6.03825662
-5.07459467
-9.59335304
-7.48400603
-4.73067889
13.20183021
11.02600108
3.88312676
-1.63256498
6.36886040
10.12468998
3.16896837
6.34037110
12.60592459
15.53621984
-1.92486892
6.12235233
4.72908693
11.25119581
15.68620426
0.90462085
0.22205570
9.34878828
6.95985368
6.84888195
6.29671494
11.09593300
4.71152646
12.74097544
5.33452343
3.29085169
1.33968001
10.74592076
-0.60410141
15.36452462
4.11392666
4.63363361
9.58737992
10.87627255
3.77518762
6.77585006
4.34029378
14.61449602
4.33436285
0.75288025
4.23607862
7.80441127
12.40497446
2.29210003
16.45510672
14.95049853
6.49647307
12.95452881
0.18695285
4.29260394
1.78937715
1.49070275
7.09094463
0.51257505
-7.27343575
-2.67187481
0.57108380
-16.14285975
9.67604688
4.76045605
-0.15162850
7.32741475
11.36675155
0.59693613
-13.38385698
9.42607521
12.25064163
-11.63131677
-8.11970609
-13.24212714
-3.63471297
6.60049338
14.23798247
12.97309482
-5.41853267
-11.60981071
-4.17035620
4.71354149
-5.12993684
-5.27476681
16.55036846
-8.28831343
2.24578565
13.19265422
8.10366236
9.82032381
-6.65506777
-2.47100352
-2.56722761
3.82349498
2.13253585
7.65232220
11.63156877
-3.31712482
-5.71669837
2.44376424
4.39669926
-9.00231703
11.67372012
-13.84792860
-3.69125496
15.29313428
-10.93880298
-13.37239549
6.15357779
7.93864882
-0.11657871
-13.67073587
-0.87883791
2.49431345
6.22684516
7.80809265
-6.60305602
-1.61063109
-13.94335121
2.97655743
7.55613947
10.32439897
-8.16734548
12.33478851
16.18214296
-3.68290675
-0.35502243
-3.70231679
-5.38594867
15.58786626
-14.77578333
-2.37090439
-11.34608873
-9.27787440
-0.89061958
-7.87434927
-14.55963273
-6.75878181
-7.96124364
17.35817789
9.65596217
3.47855883
7.20864931
-7.81579199
-0.47332200
-17.27903834
-2.96744707
-9.05775170
5.12475516
-16.38142836
-11.17966968
2.71544338
-0.32068638
14.75477631
-1.75271855
1.39613786
-2.02708168
0.54210947
3.63491907
5.98766660
3.14765608
1.87744642
-8.63989072
-6.43233952
-2.69031384
-4.66507965
-0.00011352
2.34601606
-14.36628272
9.92618013
-16.73208627
10.96254713
3.47098367
5.46298335
2.03555217
0.96617840
8.57507023
8.30676826
12.33938234
13.55930304
2.69369308
0.16623458
-15.69206247
-13.53610896
9.09116536
6.93436600
14.22574694
10.90928391
-7.70503232
-9.09908970
-10.78977777
-8.46306808
-11.52741960
-12.12727939
-8.22403331
-5.74632054
5.29418694
8.61779153
16.93986096
14.23969403
12.00127289
13.49188053
-1.64397317
-4.05566801
-11.16635911
-11.50493330
-6.63645224
3.46063090
-4.80251628
6.07378098
-1.35050164
-6.30953555
-4.86655680
-5.99006088
15.61893193
16.61255522
-6.29024385
-5.51356820
4.96955819
1.89372069
13.33071792
12.13843592
10.48400831
10.12211563
9.21682569
8.04619057
-10.28453871
-9.21113939
-1.20583841
-4.10954955
-3.15480034
-3.56714422
4.35215737
4.50973294
-1.03930068
2.34572786
8.85401493
9.79141797
11.90045349
8.66481838
-2.50931210
-2.48750027
-3.62711543
-5.77978020
3.89628743
3.78133125
8.17785757
5.85476360
-10.02086974
-8.14537740
9.54655647
10.60223237
-11.72251492
-3.71901735
-14.55292130
-5.41929435
16.09197057
14.20620524
-10.45528339
-9.94349945
-14.34569660
-13.77291882
8.46264477
5.16674144
6.66232776
7.65332088
-0.81017371
1.26265129
-15.43845176
-14.62952294
0.52144505
-0.88173108
3.60136531
5.16252874
6.44752815
4.49839644
8.64164068
8.90108115
-6.77607205
-5.83259159
-0.44332248
-2.75277619
-13.06780202
2.89212565
-12.99656057
3.83337485
8.17647873
7.84580850
11.84116846
9.19522061
-10.35127528
-7.45483615
10.86181019
11.07298593
12.67382510
14.53258896
-4.10484175
-1.93732297
1.20924702
-1.14828002
-2.19192143
-4.28609926
-4.96109472
-4.35538305
13.89714601
15.61376864
-11.92598848
-12.83365987
-1.43026731
-1.77555832
-11.16442918
-12.42604028
-6.55275812
-9.58536864
-4.02721585
0.65949110
-9.28173934
-9.18312721
-13.04876523
-14.58685387
-8.13340580
-6.96306167
-4.71383901
-7.31001790
14.35913167
16.85380643
7.54189624
9.84948064
4.50426396
3.34702623
6.79171077
8.59199321
-8.51263792
-8.00280596
-0.71258237
0.68147933
-15.60870589
-16.47768864
-5.47325557
-2.91558935
-5.54528539
-7.95909901
7.78734033
5.60980445
-14.97991067
-17.00532422
-10.42351137
-11.82224583
5.55721936
4.10623532
-1.32093224
14.05923320
-1.42419130
13.37331503
-1.12654571
0.54445754
-1.99554033
1.34743352
1.77238693
-0.45971101
-1.19053483
2.07542518
4.71004396
5.89428332
2.56976580
7.19375309
0.92441031
0.01077237
2.16640340
1.37008637
-10.00079505
-5.96767489
-9.12055203
-7.77037192
-0.01075974
-1.99372048
-1.36633626
-3.34668787
2.43184120
0.14656348
1.11808980
1.37382913
-15.63718097
9.95572429
-15.37284260
8.82863441
-13.04650932
8.70792193
-17.50044835
9.88489348
2.88370971
5.38032320
4.71444822
6.03355021
1.86252591
0.04538032
3.13894187
2.21308136
6.25431563
8.46896153
7.41554300
8.14646749
11.11204806
10.36249968
11.22661524
12.47582981
3.34510939
1.38098615
1.31880445
0.94628804
-15.22412682
-12.31586853
-15.36095356
-12.26392295
11.41456134
8.17743829
10.17517244
5.66576034
14.78630702
10.82167661
13.05940919
11.40423060
-9.53154941
-10.77145245
-8.82998162
-10.32645238
-10.68576168
-8.53100664
-9.63014203
-7.48194683
-12.47681552
-13.56922286
-11.31910292
-10.85317415
-8.74505482
-4.90172254
-7.48256599
-6.98197133
3.06914793
7.53698250
6.47097133
8.66992061
16.72847406
13.17646164
16.64549846
13.17591634
9.87180132
13.89471447
10.80561728
12.67623265
-2.57324057
-6.06298693
-2.80556963
-3.58272736
-10.34461380
-12.67387092
-10.10805024
-10.70065362
-6.88988632
2.77061586
-3.50632054
5.17026410
-7.88560549
4.13075246
-5.40044881
5.67256952
-3.07203588
-4.76759978
-0.46564601
-6.07560908
-6.55758948
-4.70927280
-6.02709191
-5.37026030
13.61060605
16.06017433
15.55070070
15.37808266
-4.54872074
-7.67421221
-7.04594261
-5.91797334
3.32787319
1.06938171
5.40345807
2.49219751
12.19803006
13.24197728
14.48996965
12.21826765
12.41140697
9.18140847
11.63066380
10.26392662
7.58405972
10.01778678
10.58392466
8.94012631
-11.48842069
-7.29022455
-10.27587045
-8.60407582
-2.97149806
-5.19481049
-1.81776751
-2.49665666
-2.27009884
-3.49553799
-1.96921413
-4.12234165
2.68675581
4.38162439
3.27068621
3.47121751
-1.22488911
1.80098766
-2.02041137
1.13907959
6.74325937
7.81717209
7.91622974
8.75242618
12.17229464
11.69110553
10.81998146
9.54374532
-3.68566565
-3.93355437
-1.70875107
-2.86811644
-3.16327881
-4.94834555
-4.66379718
-5.89357923
2.61694953
3.58703675
2.78501494
4.92358804
4.34400148
5.00629693
7.16364656
6.04997853
-9.93491463
-7.92478383
-8.94381485
-10.25568227
9.77176668
11.49996033
10.51453706
9.70195335
-12.79933199
-3.69025819
-14.54449612
-4.75068659
-11.79629044
-3.43629378
-13.45214526
-4.87276549
15.20244927
14.23978541
15.02536516
14.24476431
-9.14810734
-11.93702880
-11.05671655
-9.95960548
-15.71558726
-12.75917004
-15.27150551
-13.81273864
7.04425392
6.57805090
7.47991947
6.05071318
5.65737895
7.37475454
5.63732590
6.69049619
0.20253653
-0.45048678
-1.89622235
1.78551985
-17.23166371
-13.26867613
-15.96484597
-14.38458888
-1.07796417
-0.16595855
1.34709066
-0.47892724
4.89089731
3.54279773
3.35239669
4.51203097
3.59156204
5.91424075
5.53355080
4.66457346
8.31821899
6.99379023
8.77625709
7.92968502
-6.40634280
-7.77680829
-5.91435209
-6.90962678
-1.50840550
-1.04407044
-0.84166592
-1.91861524
-13.84055041
1.70516159
-13.81271082
2.38712302
-12.20222967
1.85408308
-12.03196792
3.46898583
7.26256126
7.18657657
8.85747070
6.89539298
12.48771216
9.50976288
12.09691094
9.49071025
-11.32213339
-9.08792251
-9.35656031
-7.19434751
11.81937260
11.46722542
11.77666211
10.53622021
12.67852640
15.26323985
13.57234583
13.60379142
-4.88995900
-3.13543905
-5.39129791
-2.48393486
0.72639368
-0.11238664
2.13774809
-0.62517921
-4.54317591
-2.86880819
-2.75311227
-3.62231882
-5.56949656
-6.32865770
-4.16985381
-4.54381469
12.89101623
15.23593638
14.12886367
14.86140271
-11.80821244
-13.90238231
-12.91306783
-13.80699635
-1.70498537
-2.71617570
-0.50612457
-2.70764757
-11.44461678
-11.28946825
-12.15774478
-12.32537791
-6.51767143
-9.64976154
-6.98776681
-8.68949358
-2.61408799
-0.14730358
-3.86078885
-0.04824440
-7.40678635
-8.73114019
-8.37031730
-9.25006011
-12.30023002
-15.15417479
-13.26817719
-13.90655150
