-3.05338146
-13.00808429
-4.03402919
-12.62308578
-3.77070860
-11.20736021
-14.97698518
-10.67854203
-9.61521601
-0.54631114
-11.27670331
-15.13961899
-1.34304870
-4.19705393
-14.10297551
-10.53607382
-9.52622523
-13.18690297
-12.49777720
-2.27263335
-11.34567910
-8.49983272
-2.87777949
-9.02975997
-12.94710453
-5.90713359
-4.70872992
0.55648454
-0.96165407
-6.83878293
-16.30944351
-17.18017204
-9.97617719
-1.86769418
-10.38942987
-7.51032155
-9.99160269
-4.42369559
-5.68853466
-6.85874173
0.63164286
-6.78459354
-16.32917012
-4.30269557
-1.44151190
-6.08062084
-5.13381443
-9.60938776
-7.54848066
-4.76287998
13.33517173
11.14145101
3.93014435
-1.54264563
6.43662633
10.20101885
3.22587272
6.33524028
12.80330981
15.67738082
-1.86304643
6.17674909
4.68548594
11.36178764
15.81195480
0.95480601
0.21578194
9.37046954
7.00489904
6.91188021
6.38615510
11.21832510
4.74235726
12.88295970
5.37941101
3.32632912
1.28274743
10.92858485
-0.61810318
15.44750735
4.06892310
4.64983207
9.68456346
10.99578093
3.83380157
6.79680725
4.36748231
14.73042764
4.41904647
0.83058205
4.21552317
7.88867365
12.54430490
2.35422600
16.53331134
15.10653163
6.59507856
13.06908136
0.17525757
4.41613798
1.80167560
1.55457559
7.15025944
0.48570476
-7.31828088
-2.64694601
0.58718940
-16.34059481
9.80407480
4.91197786
-0.11404277
7.40586369
11.45344122
0.55916050
-13.47326899
9.54511432
12.33471584
-11.77348295
-8.19968973
-13.36579569
-3.63760506
6.64412323
14.33330216
13.10397964
-5.52089870
-11.81127133
-4.08234513
4.75733374
-5.22882517
-5.35468619
16.71895760
-8.39362857
2.53402239
13.26643792
8.15484262
9.91192413
-6.60894014
-2.47327677
-2.48174262
3.90644363
2.12065867
7.72197647
11.69010731
-3.36386115
-5.57273888
2.44259920
4.46235090
-9.24406374
11.85194500
-13.98112927
-3.68025606
15.33839840
-11.24307875
-13.58533113
6.19081064
8.02675867
-0.00292350
-13.79538287
-0.94013323
2.48383993
6.31117257
7.89136330
-6.58669399
-1.57274932
-14.09269343
2.92167685
7.63934482
10.42478295
-8.23667030
12.26130253
16.33727122
-3.77269473
-0.34447122
-3.73895792
-5.46992622
15.65921498
-14.81041608
-2.45931402
-11.49761044
-9.36948884
-1.14104137
-7.98316045
-14.74730947
-7.28799584
-7.71003563
17.51572022
9.67980117
3.68704008
7.30908762
-7.91320061
-0.45556679
-17.41573444
-2.88143472
-9.18004203
5.22205030
-16.66101638
-11.34940988
2.66257763
-0.31133252
14.88665118
-1.79604802
1.39337370
-2.09913715
0.54282871
3.68639593
6.04396629
3.21509897
1.84603470
-8.70470333
-6.42238396
-2.70238995
-4.64372544
0.01765996
2.37478993
-14.47300211
10.03041787
-16.87532122
11.10610372
3.51279749
5.54835457
2.04844016
0.99646940
8.67260100
8.37793923
12.45601792
13.67707403
2.72932291
0.22684764
-15.91045658
-13.65647277
9.20883425
7.03344580
14.35491990
11.03664103
-7.73490253
-9.21042663
-10.86357810
-8.49404571
-11.66719064
-12.22506167
-8.28320740
-5.75621003
5.35750045
8.72825881
17.06959309
14.43897110
12.14762982
13.60233502
-1.64043163
-3.96981217
-11.23279489
-11.62070053
-6.81370562
3.47525037
-4.79962113
6.17817232
-1.30841092
-6.42156336
-4.93875215
-5.99714571
15.77145708
16.76434182
-6.38251983
-5.57301687
4.99272066
1.80026121
13.45085816
12.26926352
10.54455632
10.22169034
9.28433494
8.14791586
-10.38886325
-9.47429882
-1.18519519
-4.05497456
-3.15962193
-3.51807416
4.44212188
4.54364990
-0.81538134
2.31357863
8.94865584
9.90148591
12.07359400
8.73188721
-2.51066276
-2.45787654
-3.56906754
-5.78549528
3.92707348
3.81811720
8.30154819
5.90747032
-10.14109208
-8.46208533
9.67684115
10.77131169
-11.80035935
-3.70664066
-14.73788119
-5.47044196
16.23614070
14.37581340
-10.61777217
-10.15848370
-14.59557821
-13.97476291
8.51230571
5.20242221
6.67493239
7.74027043
-0.78181604
1.33427220
-15.65077510
-14.76018810
0.53084596
-0.86512283
3.65494795
5.23684104
6.55541543
4.51387499
8.74029917
8.99904118
-6.84139869
-5.91203856
-0.40648121
-2.93229646
-13.24428306
2.97011913
-13.15683516
3.93754638
8.30538903
7.94396808
12.00832206
9.27182308
-10.43385571
-7.57060083
10.98542094
11.21600458
12.73695131
14.67841135
-4.01965568
-1.96051012
1.17794659
-1.09131310
-2.15594469
-4.29995484
-4.99810909
-4.44086238
13.96891753
15.73649052
-12.03861635
-12.91804801
-1.38637600
-1.78654003
-11.28442527
-12.52764952
-6.58544136
-9.70290245
-4.01654777
0.54290283
-9.35340453
-9.45506258
-13.50713978
-14.70672712
-8.67570489
-6.78235872
-4.92914622
-7.72833840
14.48779920
17.01849905
7.64732371
9.99219443
4.54475259
3.31296251
6.86063493
8.67698416
-8.63243454
-8.08365331
-0.72597042
0.70483186
-15.90854652
-16.79075637
-5.43553923
-2.79786290
-5.66563510
-8.01009026
7.89190439
5.67438298
-15.25227533
-17.28554084
-10.58744404
-11.96978933
5.58441470
4.10988917
-1.27555528
14.18533030
-1.37517252
13.50445633
-1.12841769
0.53865322
-1.99937005
1.32417398
1.83145988
-0.47004500
-1.15042695
2.11402052
4.76270965
5.95746063
2.60988573
7.25338814
0.98029361
-0.04082540
2.20431966
1.37562000
-10.12546513
-6.03791446
-9.12942047
-7.81260789
-0.00427144
-1.97937503
-1.38909617
-3.37196581
2.48103206
0.15200681
1.17671850
1.40564560
-15.74762134
10.07661236
-15.49634827
8.98116593
-13.10340542
8.80699142
-17.71231883
9.99934397
2.90457273
5.40740013
4.77409169
6.11889992
1.84260199
0.11307505
3.17946630
2.20716829
6.36163181
8.54565259
7.52773407
8.19978223
11.22220801
10.39940500
11.32469619
12.56406099
3.28224992
1.50023043
1.38932152
0.79187472
-15.36297787
-12.41090780
-15.48456305
-12.32487581
11.51098162
8.28270415
10.28766959
5.72666048
14.91260427
10.98842989
13.14512492
11.50081370
-9.67030776
-10.90606518
-8.91642625
-10.45690530
-10.74941216
-8.58287185
-9.69713735
-7.55829218
-12.59941877
-13.68224763
-11.40368420
-10.92138664
-8.88628377
-4.91831063
-7.59686505
-7.02273479
3.09125638
7.60965761
6.54156846
8.76353492
16.78818541
13.26597581
16.72487039
13.32713235
9.97688112
14.07199467
10.94193280
12.82468535
-2.63169236
-5.97714626
-2.80895983
-3.65203376
-10.45563720
-12.78478217
-10.13383293
-10.75016000
-6.97372579
2.74197372
-3.49950267
5.21251178
-7.93232341
4.20597180
-5.40450600
5.67248074
-3.11879489
-4.83977936
-0.41682664
-6.11239060
-6.63926062
-4.66767613
-6.13444603
-5.38592285
13.73968671
16.20608638
15.68401664
15.51100892
-4.54490389
-7.72741270
-7.12956158
-5.98746066
3.47902452
1.11951980
5.53062033
2.54870094
12.32478035
13.42452842
14.62012526
12.37318982
12.52947416
9.25139175
11.71356437
10.36021115
7.62979998
10.15312927
10.71092889
9.00148565
-11.50887759
-7.39255146
-10.36727738
-8.77003883
-2.94541060
-5.24379281
-1.78401198
-2.46038409
-2.21859036
-3.56007084
-1.95575236
-4.15592607
2.76989900
4.45704444
3.31410439
3.50568178
-1.09768442
1.60208024
-1.96494927
1.10102963
6.79010149
7.88854316
7.99917202
8.83807192
12.29125709
11.83056432
10.95462907
9.62725996
-3.70400789
-3.99835139
-1.72757418
-2.91695584
-3.09813655
-4.93911065
-4.51856851
-5.86034767
2.61079668
3.59833517
2.88443854
4.97511461
4.37641511
5.11314805
7.26742622
6.12006075
-10.00815452
-8.09759098
-9.15888397
-10.58612534
9.94307474
11.61781991
10.62816408
9.83103766
-12.88665795
-3.71865087
-14.64866594
-4.76779524
-11.85223054
-3.50139461
-13.64327142
-4.90545607
15.42220129
14.29052976
15.12710773
14.39711039
-9.54251564
-12.16698178
-11.29705468
-10.16613199
-15.98823730
-13.02654838
-15.56777118
-14.08890445
7.08924044
6.60116230
7.51391575
6.06316147
5.70504096
7.38979615
5.64561855
6.75413795
0.30439343
-0.39583518
-1.79670950
1.77496001
-17.38416335
-13.47719922
-16.03205843
-14.58595288
-1.05407301
-0.13892166
1.39673421
-0.51657937
4.94554721
3.52286306
3.43631990
4.54659708
3.55253651
5.88182196
5.60669634
4.88589110
8.35500754
7.07036799
8.89354780
8.02934078
-6.46017889
-7.88939040
-5.94325416
-6.99717750
-1.51278028
-1.01013700
-0.81589928
-2.06469327
-14.11982033
1.68971532
-13.96390657
2.39062617
-12.26102208
1.92868774
-12.17829723
3.46795431
7.37804471
7.28765813
8.95265005
6.97096290
12.59686814
9.59322638
12.19633153
9.55754534
-11.41757077
-9.19774354
-9.43889071
-7.24894919
11.92160450
11.46056852
11.93041211
10.56769296
12.80220711
15.38718421
13.65773651
13.73941314
-4.83518780
-3.05672723
-5.46052483
-2.42131847
0.74239184
-0.06572907
2.15769508
-0.61462666
-4.57592197
-2.89632841
-2.79094075
-3.58898893
-5.54484683
-6.38779934
-4.21684591
-4.53554368
12.98578207
15.41248040
14.29249432
14.94032307
-11.94394720
-13.99689547
-13.02404498
-13.86846406
-1.74788520
-2.73389342
-0.48930848
-2.72207956
-11.54037203
-11.39269731
-12.29020453
-12.48618993
-6.55381922
-9.71054462
-7.03977539
-8.75243413
-2.60165479
-0.47082553
-3.88092068
-0.12196535
-7.56831528
-8.89008138
-8.45079729
-9.32793119
-12.37883269
-15.16764174
-12.83948260
-13.89757234
-6.74941345
-6.29419016
-7.70275685
-7.58080534
-5.91168070
-8.35776944
-4.63824246
-7.10469640
