-3.04913515
-12.96482507
-4.02344015
-12.57731132
-3.75971445
-11.18782505
-14.93699393
-10.64285031
-9.58368233
-0.54464331
-11.23842396
-15.09676894
-1.34243112
-4.19401502
-14.08526486
-10.51465159
-9.50608683
-13.12840351
-12.45953746
-2.30323189
-11.31307670
-8.47582047
-2.87088570
-9.00523835
-12.88606236
-5.89072644
-4.70265325
0.54144073
-0.96309968
-6.82600763
-16.26724408
-17.15878785
-9.94657986
-1.86356397
-10.35200966
-7.50759406
-9.95994510
-4.38694968
-5.79430140
-6.83754500
0.59128037
-6.78337397
-16.30233856
-4.29500875
-1.43657434
-6.08099136
-5.11817294
-9.60099293
-7.53366499
-4.73634498
13.30482393
11.11183397
3.91226860
-1.57177462
6.41715309
10.18299916
3.21399615
6.33784131
12.75454956
15.64174073
-1.87746326
6.16455313
4.70706467
11.33125210
15.78321126
0.92796829
0.22074155
9.36403883
6.99365360
6.89624123
6.36255915
11.18753993
4.73382340
12.84332550
5.36642846
3.31770423
1.29576199
10.88838303
-0.61964269
15.42393362
4.07135232
4.64646102
9.66079076
10.96685417
3.82377732
6.78932792
4.36147351
14.70025099
4.39388865
0.82548591
4.23370453
7.86679489
12.50984601
2.33677904
16.51839708
15.06748858
6.56967344
13.04195231
0.17457932
4.35835114
1.79134445
1.53923479
7.13617364
0.49343663
-7.31825722
-2.65361168
0.58598885
-16.29325886
9.76900522
4.87376441
-0.11861507
7.38515102
11.42784507
0.56133318
-13.44974022
9.51498034
12.31048240
-11.72981846
-8.18346968
-13.33127516
-3.63527067
6.63289398
14.31483101
13.07489011
-5.48262270
-11.76636864
-4.09420714
4.75329565
-5.20953871
-5.33033419
16.67562665
-8.36397670
2.45095641
13.24534154
8.14085606
9.88916281
-6.71497533
-2.47833528
-2.48974493
3.88474953
2.11064916
7.70546988
11.67823904
-3.37033045
-5.57855179
2.44104305
4.44718185
-9.22723000
11.80974039
-13.93563503
-3.67894371
15.32536527
-11.19013735
-13.53723246
6.18473450
8.01009728
-0.03381646
-13.76124383
-0.93132922
2.48849088
6.29424488
7.87681209
-6.59214484
-1.57722610
-14.05834595
2.94170033
7.62299047
10.40040656
-8.21561616
12.27190394
16.29805945
-3.73596564
-0.34148623
-3.72809973
-5.45185142
15.64372844
-14.78631300
-2.44009052
-11.46750940
-9.35169912
-1.08379371
-7.96347903
-14.71562516
-7.28323221
-8.02220416
17.47646074
9.69938513
3.62042001
7.28937794
-7.88031721
-0.46209707
-17.38036367
-2.89518722
-9.15898405
5.19746707
-16.60106034
-11.31152256
2.67523327
-0.30950991
14.85382042
-1.78922157
1.39058504
-2.09264570
0.54187909
3.67659340
6.03060527
3.19741001
1.85578103
-8.68233129
-6.40149170
-2.70846133
-4.67466868
0.01520159
2.37113747
-14.44890587
10.00474559
-16.83071934
11.06875360
3.50695148
5.52917491
2.04391136
0.99298113
8.64691347
8.36038283
12.42856733
13.64622571
2.70850355
0.21004651
-15.85789834
-13.62738032
9.18256690
7.00910553
14.32163797
11.00204873
-7.72433203
-9.18263977
-10.84410362
-8.48423022
-11.62481086
-12.19433533
-8.27196480
-5.75154039
5.34145267
8.70052662
17.04077367
14.38953744
12.11265168
13.57539620
-1.64055972
-3.99428763
-11.21609731
-11.59163560
-6.76445519
3.47487421
-4.80019278
6.15281985
-1.31967534
-6.39371445
-4.92518045
-5.98887369
15.73125691
16.72667420
-6.35887180
-5.55221027
4.98388300
1.82314914
13.41965183
12.23692151
10.53360083
10.19184738
9.26687223
8.11835152
-10.36622350
-9.28381488
-1.18072144
-4.04894365
-3.15506130
-3.51975378
4.41744476
4.53478012
-0.87125696
2.32905738
8.92507493
9.87443083
12.02898352
8.71362030
-2.51222693
-2.46294909
-3.56457262
-5.78449533
3.90545460
3.80769236
8.26833222
5.89430403
-10.09796826
-8.42114249
9.64689772
10.73462609
-11.78604873
-3.70495796
-14.68923516
-5.45929685
16.20853571
14.33746279
-10.55859201
-10.12364383
-14.54495582
-13.93792215
8.49864379
5.19013727
6.67721198
7.71875299
-0.80346890
1.29950735
-15.59726823
-14.72798365
0.53084432
-0.86916875
3.64496054
5.21698815
6.53097659
4.52542640
8.71459809
8.97643780
-6.82808361
-5.90154144
-0.41122026
-2.89924790
-13.20900282
2.94945403
-13.12645032
3.91204489
8.27469404
7.92411846
11.96463575
9.25261702
-10.41788056
-7.53949795
10.94944155
11.18663030
12.72532237
14.63878165
-4.02445567
-1.96782454
1.17004695
-1.10562073
-2.15302694
-4.34160109
-4.98756101
-4.42431656
13.95442521
15.71174806
-12.01119948
-12.90195110
-1.39048950
-1.78107158
-11.25114485
-12.50328008
-6.57546597
-9.67330563
-4.02978832
0.58714366
-9.33874311
-9.41052129
-13.46434885
-14.65090132
-8.66122959
-6.73982477
-4.71883525
-7.36583163
14.45647591
16.97559719
7.61913728
9.96371641
4.53461033
3.33273316
6.84228838
8.66181973
-8.59911206
-8.06710150
-0.72374560
0.70002435
-15.85089459
-16.73452898
-5.43337956
-2.82438346
-5.62100602
-7.98389202
7.86532105
5.65710675
-15.19564144
-17.22601824
-10.55209440
-11.92431284
5.57876367
4.10450938
-1.30374345
14.15373926
-1.37312234
13.47175918
-1.13030214
0.54252283
-1.99579820
1.32811975
1.81534255
-0.46981267
-1.15738676
2.10653695
4.75102797
5.94325320
2.60759933
7.23903805
0.96813900
-0.03140877
2.19255361
1.37598157
-10.10310118
-6.02126395
-9.11118150
-7.79447214
-0.00564509
-1.98193473
-1.38521408
-3.36698870
2.47051648
0.15362117
1.15884826
1.40441957
-15.72739431
10.04601759
-15.45446525
8.94553467
-13.08826043
8.78412272
-17.65979817
9.97264829
2.88203555
5.40150397
4.76391848
6.10118866
1.84063147
0.09708626
3.17015253
2.21558726
6.33219142
8.52606123
7.49826577
8.18689719
11.19319613
10.38335906
11.30419297
12.53803350
3.29078479
1.47591296
1.36164683
0.79782585
-15.33351260
-12.38557129
-15.45647156
-12.30236330
11.48364355
8.25675141
10.25680845
5.71039405
14.88181480
10.94156287
13.12237548
11.47874760
-9.62737624
-10.85793685
-8.89590578
-10.41909492
-10.73432826
-8.57257961
-9.68011027
-7.54362922
-12.56645010
-13.65629271
-11.37611052
-10.89806408
-8.85209847
-4.91187325
-7.56895861
-7.00974771
3.08609525
7.59235404
6.52353359
8.74120498
16.75666770
13.24416265
16.70747643
13.28945366
9.95089910
14.02652182
10.90811905
12.78340217
-2.61621548
-6.08064850
-2.81161677
-3.63691059
-10.42792230
-12.74463811
-10.11697966
-10.74041782
-6.95518017
2.75112270
-3.50183550
5.20174319
-7.90919238
4.19192055
-5.40076425
5.66822840
-3.10594327
-4.82798682
-0.42939154
-6.10151667
-6.61143519
-4.65258722
-6.11534873
-5.37310985
13.70293508
16.16975335
15.65000010
15.47778203
-4.53815969
-7.71152272
-7.10554017
-5.96022659
3.41785036
1.11174052
5.47594728
2.53323639
12.29565480
13.39476700
14.58479936
12.34237778
12.49724695
9.23385820
11.69805694
10.33378772
7.61810800
10.11393102
10.67797039
8.98657974
-11.50494537
-7.38455804
-10.34621578
-8.67621947
-2.94773238
-5.23156504
-1.78669667
-2.45563753
-2.23104515
-3.55066103
-1.95938151
-4.14345355
2.75073533
4.43760641
3.30580751
3.49545645
-1.13784497
1.61699605
-1.98074951
1.11653087
6.77934348
7.87144989
7.97780262
8.81734765
12.26123418
11.79516085
10.91925497
9.60436737
-3.70108647
-3.98347988
-1.72541120
-2.90731959
-3.10682312
-4.91540181
-4.55084723
-5.83756646
2.61553671
3.59692551
2.86730863
4.96347194
4.36779689
5.08790044
7.24141466
6.10315390
-9.97983625
-8.08753188
-9.12838274
-10.53250295
9.89305311
11.58756615
10.59660906
9.80323042
-12.87090519
-3.71566882
-14.62092556
-4.76345599
-11.83590821
-3.48067340
-13.60147957
-4.89698126
15.37101773
14.28511530
15.10706203
14.36198656
-9.46240344
-12.11587406
-11.27025959
-10.16111843
-15.94103756
-12.99461369
-15.51520961
-14.05352810
7.07903360
6.59555833
7.50557039
6.06065695
5.69226362
7.38865779
5.65104443
6.73727618
0.28039118
-0.42494225
-1.81440488
1.79927642
-17.33731894
-13.42686973
-16.02029424
-14.53654116
-1.05845368
-0.14847729
1.38564017
-0.50708055
4.93643719
3.53200619
3.40960117
4.54155394
3.56428535
5.90919013
5.59701800
4.80616944
8.34669546
7.05751961
8.86583842
8.00554497
-6.44371791
-7.86321713
-5.93679851
-6.98240979
-1.51951193
-1.02537946
-0.82908082
-1.99948160
-14.06923948
1.69759478
-13.91909146
2.39808449
-12.23273988
1.90332599
-12.13682046
3.47520736
7.34828499
7.26569693
8.93017081
6.95894503
12.57337177
9.57108797
12.17114612
9.54307146
-11.39471348
-9.16348196
-9.41995758
-7.23244375
11.88196394
11.45799583
11.89340251
10.56037362
12.77214705
15.35815093
13.63636254
13.70581225
-4.83117674
-3.06893169
-5.43899819
-2.42039872
0.74021107
-0.08997356
2.15716974
-0.62650541
-4.60350724
-2.89273044
-2.77953342
-3.62112372
-5.55411808
-6.37459106
-4.20653133
-4.52842188
12.96304538
15.36893155
14.25805411
14.92620341
-11.93174183
-13.97120889
-12.99657560
-13.85596094
-1.73799076
-2.72815574
-0.49913688
-2.71856121
-11.51794307
-11.37002216
-12.25549888
-12.45309049
-6.53393200
-9.69992295
-7.03184404
-8.73182764
-2.60934884
-0.36130331
-3.85466391
-0.11104339
-7.53780896
-8.86349893
-8.43368934
-9.30749791
-12.33610306
-15.13955559
-12.80791988
-13.85930571
-6.75247323
-6.28644288
-7.70149310
-7.55162446
