-3.11124679
-13.04020654
-4.04520349
-12.66868147
-3.74188783
-11.23500597
-15.01358366
-10.71480105
-9.64453602
-0.54953112
-11.31320431
-15.18115503
-1.34534407
-4.20025311
-14.11922635
-10.56614364
-9.53947055
-13.24203852
-12.53618725
-2.25348211
-11.37649798
-8.52444195
-2.88196209
-9.05106167
-13.00873117
-5.92839909
-4.71379016
0.57165427
-0.96106427
-6.84354202
-16.35349099
-17.20211834
-10.00398322
-1.87138423
-10.54945404
-7.50993339
-10.01535155
-4.46202882
-5.61505018
-6.89849172
0.67373196
-6.80793015
-16.35512193
-4.31115717
-1.42486658
-6.09409459
-5.14516846
-9.61632872
-7.56552653
-4.79838940
13.36215162
11.16360143
3.94832993
-1.51011869
6.45618459
10.21966984
3.23571555
6.33085466
12.81284007
15.71726482
-1.84196075
6.18700968
4.67057068
11.39532685
16.17155771
0.98250507
0.20412244
9.37726916
7.01328072
6.92683278
6.41161600
11.24711223
4.74910183
12.90998842
5.39325496
3.34250157
1.27270283
10.96919657
-0.61390897
15.48431758
4.06717807
4.65502694
9.70963490
11.02425759
3.84181430
6.81342379
4.37324538
14.69839474
4.44688663
0.83881932
4.19935147
7.90875330
12.57871639
2.37364311
16.54477772
15.14766744
6.62142634
13.09447696
0.17046865
4.47570494
1.80937560
1.57119210
7.16208140
0.48010134
-7.32819023
-2.64700369
0.58528726
-16.38486998
9.84600250
4.94586616
-0.10697744
7.42867221
11.47769960
0.55594557
-13.49663186
9.57470109
12.36027355
-11.81418376
-8.21632349
-13.39405376
-3.64031855
6.65525188
14.33983560
13.13345384
-5.43096597
-11.85516441
-4.07764838
4.76280688
-5.24774410
-5.35478710
16.76553580
-8.42069810
2.56940445
13.28662434
8.17038994
9.93485257
-6.63048864
-2.46721070
-2.46447468
3.92899565
2.12841350
7.73809072
11.71010990
-3.36662493
-5.56901225
2.44387487
4.47330943
-9.25744941
11.88973636
-14.02744857
-3.68122152
15.34573379
-11.28884600
-13.63533914
6.19764484
8.04552692
0.00092697
-13.82845348
-0.94329000
2.47775184
6.32549569
7.90008334
-6.58181939
-1.56560905
-14.11876853
2.90728625
7.65453224
10.44730322
-8.25907114
12.24338403
16.38896081
-3.77359798
-0.34999645
-3.77388974
-5.48441519
15.65273541
-14.83640634
-2.48101435
-11.52251894
-9.38671406
-1.19456841
-8.02208047
-14.78077216
-7.28468817
-7.69669018
17.82386998
9.64118369
3.73601229
7.32459964
-7.94528890
-0.45022342
-17.45225759
-2.87074537
-9.20632551
5.24688089
-16.71669234
-11.38988801
2.65271168
-0.31138739
14.91990766
-1.81402514
1.39857577
-2.10078252
0.54456151
3.69068306
6.05600404
3.23205948
1.83773449
-8.71279711
-6.44311756
-2.70521710
-4.65256265
0.02103443
2.37576453
-14.49890713
10.05481961
-16.91943120
11.14451462
3.50933217
5.56803796
2.05199342
1.00193606
8.69918921
8.39251720
12.48268232
13.70968710
2.75226926
0.23307394
-15.96214284
-13.68519539
9.23421629
7.05456125
14.39300848
11.06938015
-7.74642211
-9.23817278
-10.88551239
-8.50570309
-11.70324274
-12.25618714
-8.29668223
-5.76094367
5.37418756
8.75540570
17.27958260
14.52475892
12.18275462
13.63272451
-1.61926735
-3.98561030
-11.24910595
-11.65189456
-6.86812123
3.47598176
-4.80184953
6.20311948
-1.29748720
-6.44952204
-4.87149499
-5.99739305
15.77218580
16.80161857
-6.40117172
-5.57960247
5.00330698
1.79813430
13.48137726
12.29834987
10.55193330
10.25727352
9.30267278
8.17785327
-10.40728788
-9.56336841
-1.19436371
-4.03664038
-3.16650363
-3.51517427
4.46729416
4.55224537
-0.75392578
2.30395479
8.97127646
9.92737929
12.11573873
8.75105198
-2.50846263
-2.45440877
-3.58041236
-5.80026195
3.94362863
3.82406558
8.33504279
5.91786195
-10.18959536
-8.51725864
9.70427453
10.80344302
-11.81510281
-3.71065043
-14.78545796
-5.47793428
16.26186988
14.40938760
-10.64757201
-10.19404028
-14.64649546
-14.01152301
8.52538775
5.21873748
6.67450929
7.76390793
-0.76147671
1.36467869
-15.70342520
-14.79236378
0.52909850
-0.86117403
3.66575458
5.25714441
6.57750382
4.51365762
8.76708080
9.01933091
-6.85621382
-5.92417141
-0.39680177
-2.94897064
-13.27788272
2.99144980
-13.18576635
3.96272689
8.33744703
7.96391763
12.04814907
9.28767871
-10.45326124
-7.60172923
11.02612351
11.23390321
12.75035651
14.66650253
-4.02333124
-1.96296538
1.17638172
-1.07902358
-2.14157801
-4.24617322
-4.99526154
-4.45538076
13.96366506
15.75889137
-12.06441777
-12.93507994
-1.38722916
-1.79249636
-11.31071605
-12.55469655
-6.59767189
-9.73036272
-4.02680363
0.49050755
-9.36980146
-9.49434893
-13.54695041
-14.76012601
-8.70508643
-6.82542437
-5.02927101
-7.78166002
14.17200236
16.64923794
7.67879358
10.01440863
4.55316045
3.30501871
6.88111323
8.68860461
-8.66443640
-8.10016767
-0.72138588
0.70846750
-15.96368376
-16.84912804
-5.43892832
-2.76879787
-5.70797356
-8.03517138
7.91915004
5.69122562
-15.30588167
-17.34164844
-10.62338929
-12.02130772
5.58997887
4.11702641
-1.24249046
14.21724256
-1.37097182
13.53711977
-1.12445446
0.54457054
-1.98691385
1.31886474
1.84746841
-0.46942637
-1.14547651
2.11989583
4.77536884
5.97142127
2.60914286
7.26667602
0.99202697
-0.04563717
2.21735673
1.37469788
-10.14420265
-6.01295900
-9.15149102
-7.84498759
-0.00232165
-1.97610932
-1.39022990
-3.36977955
2.49265883
0.15118230
1.19618797
1.40365112
-15.76310132
10.09982921
-15.53804899
9.02834307
-13.12794493
8.82694704
-17.76082955
10.02326092
2.91337278
5.41150426
4.78124524
6.13368111
1.84972628
0.12146199
3.18708641
2.20262448
6.39240836
8.56491756
7.55646875
8.21172252
11.24721004
10.41574081
11.34702243
12.59502977
3.27452706
1.51541195
1.41712833
0.78368525
-15.38971497
-12.43550496
-15.51136906
-12.35509132
11.53745616
8.30922514
10.31923549
5.74545881
14.94680425
11.03462371
13.18027649
11.52233463
-9.70465557
-10.94370106
-8.93798069
-10.49297752
-10.76339340
-8.59183971
-9.71382938
-7.57218648
-12.63377619
-13.71104356
-11.43060329
-10.94630124
-8.91713895
-4.92647939
-7.62310948
-7.03424242
3.09686846
7.62789575
6.55995015
8.78561973
16.83426804
13.28689179
16.70115022
13.26960390
10.00168361
14.11985387
10.97441862
12.86531698
-2.58031946
-6.01784505
-2.80769893
-3.62810446
-10.48169647
-12.82782062
-10.16358696
-10.75869945
-6.99160287
2.73466745
-3.49734006
5.22271467
-7.94566155
4.21706097
-5.40899681
5.67664413
-3.13056239
-4.85014577
-0.40423778
-6.12431113
-6.64642249
-4.68107671
-6.12777466
-5.40393656
13.76650108
16.24229170
15.72781877
15.54381403
-4.54762123
-7.74254284
-7.15216618
-5.99940253
3.54285283
1.12417172
5.59480128
2.56480060
12.35296082
13.44695019
14.65671792
12.39954334
12.54647472
9.26835954
11.72479173
10.38857933
7.64160118
10.18782802
10.73820604
9.02235883
-11.56177897
-7.38971915
-10.47965826
-8.77241267
-2.94388726
-5.26607433
-1.78418046
-2.45547608
-2.20783083
-3.55796305
-1.95235031
-4.16166648
2.78861303
4.47572401
3.32116304
3.51735700
-1.06216369
1.58445480
-1.94081747
1.11563332
6.80039186
7.90502524
8.01936850
8.85817934
12.27122891
11.86600773
10.99213999
9.64983772
-3.70629128
-4.00349964
-1.72886837
-2.92516820
-3.09556193
-4.94988691
-4.49071623
-5.88423346
2.60806065
3.60065019
2.89446751
4.98502546
4.38737849
5.13304570
7.29259481
6.13638580
-10.03339966
-8.10932844
-9.18655694
-10.65084952
9.99166766
11.65138830
10.65730130
9.85782839
-12.89955967
-3.72182976
-14.67648774
-4.77154135
-11.87135369
-3.52148862
-13.68537641
-4.91044675
15.46553002
14.29624528
15.14702190
14.42926960
-9.57419443
-12.21591621
-11.32167959
-10.18781764
-16.03326495
-13.05548741
-15.62158200
-14.12152422
7.10039245
6.60681959
7.52099157
6.06609792
5.71732707
7.39026545
5.64381868
6.77074608
0.32568447
-0.36878166
-1.77877265
1.76214077
-17.43227205
-13.52854270
-16.04129375
-14.63329667
-1.05004989
-0.12722890
1.40909140
-0.52650116
4.95170511
3.51268579
3.46743346
4.54993016
3.58169463
5.85373785
5.62220062
4.96150092
8.36445313
7.08227464
8.91648969
8.04854684
-6.47773563
-7.91577060
-5.95124881
-7.00872727
-1.50365574
-1.00620096
-0.79778719
-2.09877472
-14.16931000
1.68566536
-14.00518929
2.39061959
-12.29056829
1.95428009
-12.20788528
3.47403558
7.40502999
7.30880143
8.97620989
6.98459302
12.61732631
9.61656335
12.22232162
9.56811852
-11.43887360
-9.23311765
-9.45775333
-7.26677239
11.96843915
11.46250646
11.96862428
10.56819176
12.81169567
15.42144685
13.66459160
13.74990146
-4.86036007
-3.04022053
-5.45537141
-2.41227815
0.74090757
-0.03648756
2.15903590
-0.60660021
-4.65639753
-2.90108930
-2.73436610
-3.60005795
-5.55674521
-6.39578816
-4.21918934
-4.54347889
13.00747485
15.44314011
14.32498628
14.95834375
-11.96708439
-14.02080552
-13.04989571
-13.88303709
-1.75610634
-2.73900729
-0.47768586
-2.72607566
-11.57217738
-11.52882177
-12.31903560
-12.51724668
-6.55845490
-9.71862068
-7.05696324
-8.77420408
-2.59851350
-0.57675763
-3.89140773
-0.12663222
-7.60044463
-8.92160253
-8.48087664
-9.33152918
-12.41653673
-15.19546069
-12.86888224
-13.93459506
-6.77284663
-6.29821079
-7.69745843
-7.62427599
-5.97663358
-8.43125520
-4.61468067
-7.13747586
15.57297044
17.37010600
14.82504265
17.62905200
