-3.04892232
-12.91797818
-4.01354407
-12.53367375
-3.74902656
-11.17274505
-14.89375593
-10.60357420
-9.54945221
-0.54415497
-11.19871382
-15.04795748
-1.34359776
-4.19180971
-14.06392466
-10.49299121
-9.46457280
-13.06520738
-12.41818036
-2.32496268
-11.27969083
-8.44214606
-2.83651525
-8.98168862
-12.83623708
-5.87667003
-4.67720348
0.52551203
-0.96732514
-6.80715132
-16.23137162
-17.13793689
-9.91559839
-1.86051473
-10.31570127
-7.50272274
-9.93442376
-4.34450356
-5.77422125
-6.83388468
0.56645447
-6.79067767
-16.27802200
-4.28996583
-1.43510542
-6.07158468
-5.10414854
-9.58976614
-7.52119985
-4.70962342
13.27005128
11.08431231
3.90016841
-1.58911008
6.39765710
10.16378810
3.19915870
6.33948688
12.70789030
15.60647531
-1.90020018
6.15190560
4.72543584
11.30223442
15.75293975
0.90622346
0.22264094
9.35906901
6.98138056
6.88054517
6.33930880
11.15574325
4.72598916
12.80636637
5.35519555
3.31327564
1.31034897
10.83767663
-0.61695462
15.40700782
4.07652860
4.65098364
9.63762418
10.93745073
3.81155671
6.78781294
4.35461220
14.67096100
4.37198711
0.78629613
4.23692194
7.84365202
12.47519630
2.32070797
16.49910034
15.02888897
6.54462926
13.01353757
0.17400497
4.32176178
1.78266057
1.52467883
7.12085416
0.50254046
-7.30009218
-2.66010348
0.58400982
-16.24110627
9.73829528
4.83526475
-0.12787294
7.36535909
11.40347657
0.57084862
-13.42744771
9.48324819
12.29171998
-11.68862320
-8.16577596
-13.29476933
-3.63387935
6.62184290
14.29271612
13.04414598
-5.45786947
-11.71786304
-4.11592968
4.74472783
-5.18731830
-5.30987727
16.63323287
-8.33710565
2.35811265
13.22348986
8.12747419
9.86644779
-6.69658762
-2.48362777
-2.50564966
3.86360311
2.11680107
7.68840441
11.66446309
-3.36596052
-5.59758000
2.44121636
4.43119415
-9.20906932
11.76340351
-13.89955874
-3.67794943
15.31251001
-11.13111707
-13.49042432
6.17817087
7.99178977
-0.06970522
-13.73026355
-0.91873173
2.49263225
6.27439588
7.85643302
-6.59843358
-1.58351137
-14.01840620
2.96386918
7.60430325
10.37568263
-8.19706937
12.29007461
16.25916288
-3.70247301
-0.34116228
-3.71785420
-5.43648766
15.62639655
-14.76472304
-2.41652957
-11.43336051
-9.33195011
-1.03235413
-7.95010674
-14.67830098
-7.26997477
-7.99936571
17.43709085
9.69953703
3.55529573
7.26589612
-7.85356116
-0.46363605
-17.34567363
-2.91045443
-9.14358007
5.17380841
-16.53908224
-11.28013048
2.68993684
-0.30447779
14.82090638
-1.78217816
1.39158867
-2.08018586
0.54175291
3.66483607
6.01586682
3.17925689
1.86526331
-8.63680779
-6.37831223
-2.70737730
-4.68520296
0.01255625
2.36505137
-14.41872114
9.98002684
-16.78960852
11.03185719
3.49781658
5.50818339
2.04049453
0.98502457
8.62276466
8.34239465
12.40062575
13.61784542
2.69283259
0.18396529
-15.80350828
-13.59766123
9.15141691
6.98427936
14.28984716
10.96784063
-7.71654510
-9.15556460
-10.82649298
-8.47361058
-11.58177906
-12.16575985
-8.25979968
-5.74840033
5.32523803
8.67268066
17.00997296
14.34113243
12.07644974
13.54866729
-1.64583380
-4.02531038
-11.20000586
-11.56509436
-6.71862723
3.47254956
-4.80086081
6.12981783
-1.33048191
-6.36564421
-4.90961236
-5.99180761
15.69215907
16.68893587
-6.33632152
-5.53444060
4.97692943
1.85207470
13.38703189
12.20502469
10.51966434
10.16592398
9.24976872
8.08941366
-10.33403098
-9.25831411
-1.18812455
-4.05960675
-3.15287819
-3.53335984
4.39465442
4.52602475
-0.92071988
2.34625023
8.90142995
9.84692223
11.98516232
8.69691777
-2.51248279
-2.46962748
-3.58180449
-5.78548660
3.88521171
3.79851131
8.23619987
5.88150045
-10.06208256
-8.40728472
9.61279425
10.68850720
-11.77049472
-3.70436205
-14.63868664
-5.44709081
16.17594348
14.29722254
-10.50094795
-10.07732233
-14.49429868
-13.89560319
8.48570829
5.18453696
6.67745739
7.69756559
-0.82148068
1.26898500
-15.54661891
-14.69989194
0.52903567
-0.87301588
3.63462995
5.19835136
6.50287435
4.52760132
8.68934197
8.95225733
-6.81269045
-5.88682482
-0.41782505
-2.86339312
-13.17112828
2.92936447
-13.08417210
3.88639735
8.24600363
7.90288608
11.92331879
9.23209596
-10.40497085
-7.50753050
10.91823794
11.15551456
12.71077155
14.60104168
-4.03084589
-1.97857155
1.16664139
-1.12002680
-2.15622581
-4.32416580
-4.98320006
-4.40814295
13.93728839
15.67787579
-11.98406908
-12.88711893
-1.39626647
-1.77474225
-11.21524477
-12.47830809
-6.56787764
-9.64331859
-4.03948657
0.63381539
-9.31518265
-9.35499194
-13.42115854
-14.59101299
-8.61633777
-6.70874321
-4.71656276
-7.34683743
14.42514074
16.93373678
7.59004100
9.92309947
4.52378383
3.35014144
6.82634246
8.64088480
-8.56844444
-8.04823612
-0.71971156
0.68987562
-15.78819808
-16.68112989
-5.44397492
-2.86005481
-5.57467929
-7.95469177
7.83890201
5.63994831
-15.13661663
-17.16092665
-10.52207924
-11.88269524
5.57261100
4.10119115
-1.31988291
14.12232701
-1.38318944
13.43890299
-1.13252194
0.54716907
-1.99258196
1.33333417
1.79989336
-0.46786316
-1.16608313
2.09718810
4.73836744
5.92760128
2.60192452
7.22393905
0.95436832
-0.01978613
2.18101364
1.37511753
-10.07004188
-5.99019066
-9.09920668
-7.77270025
-0.00713145
-1.98468154
-1.37869677
-3.35999921
2.46014434
0.15380474
1.14284958
1.40133690
-15.70037470
10.01378559
-15.41526064
8.91135770
-13.06448575
8.75982622
-17.60297079
9.94414428
2.87631766
5.39493842
4.75149673
6.08062156
1.85217581
0.07943715
3.15493007
2.22322759
6.30474375
8.50634010
7.46896955
8.17254326
11.16697716
10.37244060
11.27969735
12.51558237
3.30132558
1.44063107
1.33645118
0.82526967
-15.30230249
-12.36081523
-15.42637904
-12.28561470
11.45797899
8.22922304
10.22987695
5.69353781
14.85135382
10.89809974
13.10115828
11.45527967
-9.58649551
-10.80885249
-8.87261966
-10.38310301
-10.71930194
-8.56123831
-9.66149798
-7.52585858
-12.53681993
-13.62770754
-11.34383629
-10.87462151
-8.81625058
-4.90714277
-7.53699258
-6.99793154
3.08091630
7.57452649
6.50569870
8.71801825
16.74732405
13.22199937
16.68796691
13.25209552
9.92483570
13.98404924
10.87416427
12.74866017
-2.59883598
-6.07429428
-2.81405408
-3.62033500
-10.39872254
-12.71260439
-10.11468333
-10.73151983
-6.93645580
2.75992965
-3.50454740
5.18906227
-7.88480988
4.17445126
-5.39801945
5.66727590
-3.09332868
-4.81192753
-0.44182048
-6.09170840
-6.58771596
-4.65372880
-6.09630009
-5.37375091
13.66883599
16.13344797
15.61654344
15.44467686
-4.53234596
-7.69626954
-7.08457904
-5.94324959
3.37326607
1.09818634
5.43841583
2.51991843
12.26530125
13.35673735
14.55059938
12.30249742
12.46671296
9.21579989
11.67859475
10.30861057
7.60633663
10.07529748
10.64551033
8.97600222
-11.50048485
-7.36417949
-10.32621890
-8.65436109
-2.95064382
-5.18902787
-1.79157818
-2.46662961
-2.24252915
-3.52455665
-1.96388333
-4.14510978
2.73073973
4.41768615
3.29621434
3.48599434
-1.17063184
1.64367166
-1.99321207
1.13450015
6.76811595
7.85381296
7.95670150
8.79613431
12.23176082
11.75980449
10.88591848
9.58276359
-3.69699676
-3.96571635
-1.72159824
-2.89603721
-3.11197452
-4.89463251
-4.56465357
-5.81776879
2.61664147
3.59318407
2.84774215
4.95184059
4.36187550
5.06415811
7.21444139
6.08543968
-9.95095842
-8.07565472
-9.09650219
-10.47112249
9.84785078
11.55980783
10.56931186
9.76860539
-12.85397192
-3.70947479
-14.59507343
-4.75820290
-11.82458515
-3.46471918
-13.55764783
-4.88713053
15.31880238
14.27214969
15.08227190
14.32402757
-9.38692383
-12.05495411
-11.23254924
-10.14126440
-15.89751253
-12.95625900
-15.46292305
-14.01470038
7.06835632
6.58950557
7.49659867
6.05599134
5.67912657
7.38558029
5.65219679
6.72086828
0.25592927
-0.44876819
-1.83567426
1.81619051
-17.29541345
-13.37531294
-16.00625290
-14.47925860
-1.06320689
-0.15629749
1.37471023
-0.49610084
4.92361443
3.53734680
3.38737044
4.53528177
3.58136167
5.92089448
5.57723869
4.74139702
8.33923452
7.03825424
8.83544641
7.98016909
-6.43069734
-7.83415346
-5.92982403
-6.96651909
-1.51883914
-1.04834485
-0.83233784
-2.00556192
-14.01778648
1.69999939
-13.88907728
2.40347669
-12.21330817
1.88124245
-12.10907210
3.48172680
7.32249758
7.23897386
8.90743087
6.94289770
12.54727594
9.54962650
12.14610188
9.52658223
-11.37331219
-9.13247470
-9.39923784
-7.21802195
11.86153021
11.45635146
11.85743060
10.55167971
12.74101737
15.32790383
13.61408173
13.67234137
-4.82610342
-3.07965895
-5.41808537
-2.41374222
0.73329917
-0.10968963
2.14535531
-0.63724211
-4.58290860
-2.88645685
-2.76819719
-3.62301039
-5.55530129
-6.36204738
-4.19444791
-4.52754524
12.93944819
15.32622956
14.21831214
14.90640831
-11.90779553
-13.94491611
-12.97148168
-13.84915159
-1.72923215
-2.72234973
-0.50878848
-2.71155904
-11.49481425
-11.34952144
-12.21669599
-12.41473379
-6.52750543
-9.68722640
-7.01971024
-8.71520526
-2.61582548
-0.28353883
-3.83402803
-0.11864977
-7.50703517
-8.84187944
-8.43111098
-9.28296392
-12.28339612
-15.10760848
-12.77967886
-13.81670901
-6.77772757
-6.25331248
-7.70945116
-7.48350297
