-3.24553809
-13.28702279
-4.15778345
-12.90384523
-3.76649043
-11.50232719
-15.31823267
-11.01290400
-9.87416152
-0.48348354
-11.37383566
-15.66657750
-1.42575585
-4.11316731
-14.31332996
-10.87430820
-9.69145391
-13.51133372
-12.88272214
-2.31512210
-11.24916734
-8.64557034
-2.97179402
-9.36498210
-13.47872007
-6.04563763
-4.84725336
0.66786349
-0.96485831
-7.11130348
-16.69692727
-17.45785177
-10.26201232
-1.86118293
-10.71715371
-7.54142807
-10.23460989
-5.09225439
-5.58592968
-7.14678472
0.78285589
-7.00553013
-16.02010646
-4.42304837
-1.58489635
-6.20523803
-5.22691235
-9.70245602
-7.70837360
-4.85696719
13.68417617
11.25137334
4.17403526
-1.36667667
6.22107355
10.41696759
3.22486110
6.41075016
13.22243113
16.12027052
-1.85761581
6.17164980
5.19730330
11.68604009
16.33501071
0.92925989
0.11570985
9.57019840
7.17512701
7.10622857
6.80099247
11.49245296
4.82259340
13.15673006
5.27033636
3.41013304
1.29220547
11.38797969
-0.03529659
15.88627107
4.14888187
4.72154338
9.94557889
11.31198294
3.80709441
6.69072325
4.27295556
15.01326026
4.82829119
0.86929615
4.33382565
7.85266560
12.93549468
2.62818789
16.81675968
15.59148725
7.19582552
13.27749069
0.15154631
4.68883382
1.99500821
1.73794484
7.27695233
0.50623296
-7.58929571
-2.65171779
0.57615993
-16.66115151
9.94535253
4.71233476
-0.07744932
7.71720022
11.76252466
0.68476366
-13.79280253
9.87515942
12.71154413
-12.07900972
-8.32463086
-13.61160122
-3.69620307
6.98476601
14.54770956
13.43689655
-5.57238757
-12.17127201
-4.10456127
4.89998978
-5.41833517
-5.51392137
17.14373586
-8.59984693
2.38819700
13.59259910
8.40966961
10.09511091
-6.79509107
-2.45299857
-2.43321755
4.04362432
2.12231250
7.91632882
11.97692267
-3.35897326
-5.65425714
2.41081145
4.59180109
-9.35232952
12.21003990
-14.39063648
-3.72501940
15.58806321
-11.56666463
-13.94253105
6.39741388
8.26839904
0.02497528
-14.02700770
-0.83935089
2.50555038
6.54025618
8.09063871
-6.68409571
-1.63167999
-14.46484644
2.97055753
7.84368684
10.57924899
-8.49624425
12.43383740
16.82325759
-3.81968709
-0.34677752
-4.03425880
-5.62510052
15.75665445
-15.08982434
-2.55455566
-11.56747634
-9.51030758
-1.22491704
-8.32577230
-15.00144705
-7.36725505
-7.89543428
17.92533489
10.51107013
4.28669695
6.72006788
-8.45288804
0.00138952
-17.44181587
-3.04140042
-9.97418930
5.05757377
-17.30082592
-12.04114057
2.48900226
-0.25197477
15.18206652
-2.02809724
1.43620819
-2.12389689
0.56971690
3.62541922
6.08647046
3.42733078
1.75428015
-8.80025918
-6.56052802
-2.72118951
-4.73275346
0.32282550
2.29282047
-14.78287014
10.27688978
-17.21319305
11.37577512
3.39135295
5.58492891
2.15848153
0.94026585
9.04366617
8.56921716
12.73583625
14.02700341
2.91573395
0.20867167
-16.43223056
-13.99947909
9.49519124
7.28247553
14.76378036
11.39121747
-7.81435774
-9.30286796
-11.15730599
-8.64746031
-11.98540798
-12.45618596
-8.44397994
-5.83183885
5.53866314
9.00186430
17.56930225
14.63829611
12.50120501
14.00053438
-1.83237615
-3.88225797
-11.52605602
-11.92230153
-7.00349701
3.45714989
-4.73971725
6.37621922
-1.21549528
-6.68016342
-5.12386789
-6.11357625
16.04166413
17.05944891
-6.52843442
-5.69169016
5.05073147
2.03756744
13.81425222
12.55070601
10.53722497
10.53933576
9.53798793
8.27519879
-10.44747870
-9.65882779
-1.29800392
-4.13238857
-3.19905348
-3.58086592
4.62920625
4.49666797
-0.62486386
2.34409976
9.19604248
10.18504740
12.29580609
8.94792471
-2.47293160
-2.46550460
-3.71584138
-6.03211804
4.00864245
3.94708773
8.66346991
6.03583582
-10.71096318
-8.89876393
9.96925696
11.09709655
-12.01202981
-3.67079392
-15.20146404
-5.52410830
16.71633683
14.71335011
-10.78174589
-10.37294596
-14.92505550
-14.23694398
8.62642625
5.37589298
7.00016917
7.88690969
-0.81703041
1.40608068
-16.08950732
-15.03299491
0.57992199
-0.96592626
3.61678898
5.42687242
6.77186188
4.67672099
8.91740904
9.27080218
-7.20284069
-6.07566976
-0.36411336
-2.89620049
-13.56303394
2.99998438
-13.34883172
3.95158101
8.56127158
8.06056923
12.43242876
9.50561451
-10.67459985
-7.86145375
11.35824263
11.49188636
12.95999731
14.94917331
-4.21110955
-2.10488302
1.22895342
-0.97246635
-2.18197739
-4.38439095
-4.97402313
-4.58384533
14.12852375
16.07797296
-12.27738596
-13.13578441
-1.36171310
-1.67476300
-11.47281620
-12.90170035
-6.77648378
-9.99859837
-4.25243291
0.49993750
-9.70545711
-9.80630177
-13.75670785
-14.97112594
-8.63360827
-7.16469388
-5.34671423
-7.85737150
14.56982336
17.12613672
7.74421536
10.59103121
4.71842555
3.37992421
7.29379120
8.18112175
-9.37108402
-7.60412022
-0.83843508
0.89348015
-16.85180201
-17.87112456
-6.06446905
-2.51654044
-5.81624162
-8.07905183
8.02947247
5.58464634
-16.36521211
-18.03791451
-10.88841822
-12.71383691
5.08693171
3.73196233
-1.22384217
14.48820346
-1.36286036
13.87495387
-1.14509977
0.27155551
-2.04187902
1.23753517
1.88725522
-0.47712614
-1.15185866
2.13418911
4.84440121
6.07075896
2.49546698
7.29860259
1.00774184
-0.05508336
2.29854567
1.34701204
-10.27765893
-6.18131321
-9.28771016
-7.97174631
-0.07596445
-1.99226321
-1.37779934
-3.40131632
2.42317349
0.11442491
1.42779979
1.32776902
-16.06992144
10.33273708
-15.81595307
9.64250385
-13.41319028
9.07127987
-18.05640217
10.22551167
2.95955194
5.40385329
4.71271762
6.05525391
1.92420409
0.14977137
3.27978076
2.21188921
6.64727107
8.68831402
7.77546295
8.39549581
11.52314797
10.65370001
11.58531326
12.91292865
3.47957014
1.49840026
1.48137804
0.87800951
-15.63343541
-12.71519360
-15.75983556
-12.64999140
11.84284344
8.57710837
10.64599901
5.91814811
15.34178962
11.42635103
13.55401211
11.70887878
-9.73610647
-11.09043669
-9.17428601
-10.67413240
-10.95447595
-8.69862862
-9.96611532
-7.74142379
-12.91355822
-14.07323227
-11.56123011
-11.11601380
-9.13870633
-5.02275566
-7.80379638
-7.16066483
3.28395020
7.82349936
6.69497882
9.00420164
17.21918307
13.51874924
16.88700215
13.51648672
10.23225879
14.55645808
11.26548594
13.26159875
-2.71270814
-6.40150472
-2.94955093
-3.89331453
-10.67874033
-13.17729238
-10.39515979
-10.88547813
-7.01528485
2.81984409
-3.40188524
5.55373630
-8.13016828
4.26876794
-5.50964020
5.61910721
-3.17010071
-4.91825410
-0.25935694
-6.27103151
-6.89206195
-4.76117702
-6.40428684
-5.48834883
14.00390273
16.54770859
16.06736565
15.76204662
-4.60589567
-7.94572984
-7.27372499
-6.09923153
3.80705866
1.16042650
5.88957682
2.74556401
12.62229361
13.67964526
15.01701967
12.59713577
12.82513091
9.52111828
11.69964659
10.61771234
7.76604878
10.28044631
10.96464376
9.14194672
-11.78716201
-7.70814557
-10.75600411
-8.95097915
-2.97356897
-5.41686262
-1.72019152
-2.50831894
-2.10320897
-3.62948499
-1.99837235
-4.24127836
2.84430628
4.68439898
3.39034062
3.53042114
-1.07595125
1.63602848
-1.83447798
1.10556430
6.94924257
8.10679100
8.19582573
9.10546257
12.38347273
12.11937315
11.18306970
9.90267542
-3.71590359
-4.03566009
-1.75160837
-2.99670361
-3.23393840
-5.12955969
-4.39806005
-6.16596167
2.70722546
3.62909054
2.89510885
5.12990912
4.44402280
5.26494950
7.54312597
6.35377403
-10.23403976
-8.22666685
-9.45023252
-11.16080388
10.34426220
12.00340121
10.95603627
10.11742946
-13.06481348
-3.81210794
-14.98185641
-4.83999885
-12.09579495
-3.60724994
-14.05070591
-5.02276853
15.80622544
14.59948164
15.57851771
14.77539568
-9.95873835
-12.49931919
-11.45443878
-10.33406291
-16.35997477
-13.26682373
-15.99016041
-14.48882992
7.28174015
6.67512393
7.56136615
6.32592162
5.73340683
7.51173121
5.92947155
6.83379930
0.28793057
-0.36418902
-1.92481673
1.83426250
-17.87318449
-13.90448365
-16.12716808
-15.00029260
-0.92412507
-0.05635523
1.42551780
-0.60620799
4.94149205
3.47325234
3.83519610
4.56492233
3.82617941
6.20054612
5.73595022
5.35917181
8.54544029
7.27502188
9.15783002
8.26691953
-6.60077517
-8.29837424
-6.12249101
-7.18593556
-1.51902371
-1.05799859
-0.83347185
-2.21013258
-14.51784909
1.73754991
-14.29240168
2.40174076
-12.67380610
2.05304416
-12.25611694
3.57539861
7.50185224
7.56189708
9.16832371
7.11514923
12.69586040
9.75884735
12.52443627
9.63394471
-11.66914507
-9.53268284
-9.64363001
-7.46134156
12.37235687
11.56561851
12.30000900
10.71121507
13.03169346
15.65243320
13.85975440
13.91595703
-5.13943849
-3.13283789
-5.57297691
-2.45368363
0.73394783
0.01578128
2.20878649
-0.58001416
-4.79136148
-3.01302667
-2.83471299
-3.71361450
-5.56735816
-6.54216086
-4.21079138
-4.57146921
13.23334696
15.51132989
14.61109976
15.17059558
-12.18445513
-14.27171803
-13.28163171
-14.07672188
-1.75275036
-2.80277698
-0.34615557
-2.70376163
-11.90561900
-11.85239181
-12.48994045
-12.58666179
-6.60763322
-9.83131316
-7.15815051
-9.02552249
-2.72635348
-0.69939475
-3.94918740
-0.17324591
-7.82101999
-9.10770759
-8.68173231
-9.28718358
-12.68360037
-15.55202390
-13.01819039
-14.13695936
-6.81023986
-6.36417498
-7.77191994
-7.99659873
-6.12098279
-8.53336876
-4.67685167
-7.51828077
16.10452845
17.53260735
15.22028603
18.10834702
7.16509303
9.41548004
8.58559174
9.67678194
4.17872312
3.49715263
4.24022279
3.31869912
5.90576089
7.69715199
6.80108268
8.72209203
-10.31050337
-8.05073137
-8.67540054
-8.60471580
-1.01925965
-0.81571662
-0.86681578
0.93600739
-16.84145298
-18.29900095
-15.98181696
-16.98193197
-4.43671171
-2.40792785
-5.28861295
-3.30312637
-7.29900790
-8.95380004
-6.29231431
-8.40395931
6.57363863
5.87966857
8.36302584
6.08871409
-15.32095525
-16.85851642
-15.33580431
-18.00394883
-11.64701843
-11.92087128
-10.39143190
-12.18129524
5.78104432
2.66450841
5.96138839
4.68618141
