-1.41118410
-8.18917073
-2.00847731
-7.60540189
-2.57849381
-6.38915134
-9.25981681
-7.12959237
-5.60403759
-0.13633718
-6.41195255
-9.71182930
-0.86377932
-1.64084587
-9.22878068
-7.09404378
-5.56293189
-7.89609351
-7.97509486
-2.15009069
-7.00628665
-5.51923053
-0.85478820
-5.80540479
-8.09765318
-3.14706556
-2.42082125
0.04426958
-0.84388664
-3.45872037
-10.55866023
-9.77141004
-5.33685095
-1.89724093
-6.62017225
-4.62721343
-6.44801830
-2.73421648
-3.50917137
-4.38145365
-0.27174890
-4.24121015
-10.21456036
-2.55586835
-1.21104016
-3.19731234
-3.59643389
-6.61553388
-4.08321555
-3.20191549
8.09773305
7.54701596
2.59593544
-0.82024386
4.63363806
6.39497632
1.31340806
4.03629202
8.16488753
9.44143956
-0.54928772
3.69385189
2.85596939
7.61431795
9.72874769
0.96480543
1.43514810
6.32067257
4.51488334
4.47732821
4.27132725
6.60635289
4.21918905
8.21214457
3.35194912
2.44163150
1.01376239
7.43964518
0.12026552
10.11520083
2.34610543
2.35498060
5.85430790
6.89883052
2.09079361
4.58400811
2.79036301
9.17437746
2.76458717
0.65352295
2.19542612
4.88465816
7.49310978
1.12649819
10.54099268
9.22216004
4.98326845
8.04204347
-1.13775025
2.93790983
1.31421613
-0.61983657
3.25478224
0.61939750
-4.20367911
-2.01537611
-0.16354519
-9.59782499
5.69019009
3.13923137
0.25209398
4.76387402
7.51082022
0.61276522
-8.13413691
6.03086749
7.48865252
-6.91552319
-5.82909319
-8.65564780
-3.20503421
4.40507810
8.61292378
8.35175881
-3.44572318
-7.87403264
-2.13702324
3.21363309
-2.63237844
-3.43339105
9.66442102
-4.95309368
1.29218982
8.10808588
5.65786421
6.35347833
-4.40422781
-1.24991074
-2.16226705
2.13175436
1.21643405
5.81617154
6.83498267
-2.40674973
-3.02153064
2.42571146
3.72617446
-5.58345848
6.48480044
-9.07464659
-3.39541289
9.52609641
-6.72702520
-8.09231003
3.74346012
5.29482561
0.57967854
-9.38682486
-0.13666856
2.34623937
3.76953237
5.07482898
-4.67545204
-0.64616464
-8.58304949
1.89590273
4.29948969
6.35116285
-5.27600265
6.86863212
9.26470094
-1.88785823
0.16162212
-2.30297119
-3.90281433
9.41578485
-8.40731321
-1.52824125
-7.52443832
-6.06266135
-0.04850145
-6.08598807
-9.07179394
-4.27771804
-4.72107308
10.51880913
6.21236076
2.12227128
5.09282636
-4.83166906
-0.50286456
-10.49982664
-1.56105045
-4.55802169
3.64773902
-10.83413531
-6.77732842
2.15307894
-0.06698089
8.56544247
-1.07720105
1.18579552
-1.13262462
0.44500376
1.51016801
4.04800992
1.10956203
1.69363868
-5.36071668
-4.82220066
-1.36925052
-2.97849674
0.34293821
0.93798264
-8.76382572
5.42316943
-10.29695616
5.67860297
2.64717243
4.00197216
1.68310031
1.03415126
4.48987597
5.16451188
7.43950917
8.32222817
1.56261150
0.57203526
-10.13891386
-7.58130092
6.47776424
4.96586373
8.45382601
6.99710533
-5.89257906
-5.91675173
-6.93187440
-5.08941136
-7.42599682
-7.58721013
-4.97567159
-4.22114183
3.42968848
5.29420814
10.71317604
8.89695046
7.35514460
8.20913600
-1.61703617
-2.56433321
-6.60626998
-6.97355695
-3.80737126
3.00161466
-2.65209316
3.57433888
-1.21205201
-3.57076687
-3.45146630
-3.35537094
10.18652919
10.31103257
-4.31939459
-3.98047751
3.51778311
1.90734149
8.91797751
7.11492574
7.36346264
6.66824866
5.67007863
5.36421882
-6.15050424
-5.21099990
-1.13066279
-1.64676983
-2.18250880
-2.49061865
2.12977515
2.65776015
