-3.18791137
-13.16985451
-4.09263318
-12.81279939
-3.74569585
-11.35002658
-15.14394010
-10.85773330
-9.75333200
-0.53556152
-11.36082217
-15.33232819
-1.36537818
-4.22750401
-14.20433033
-10.69658891
-9.60628093
-13.40949812
-12.69085024
-2.26793306
-11.49716486
-8.56208531
-2.89604026
-9.13022498
-13.25102042
-5.99632998
-4.77420334
0.63779760
-0.95436394
-6.86790823
-16.51753335
-17.28504461
-10.20353637
-1.88124487
-10.63579945
-7.51004783
-10.11410453
-4.59866652
-5.58236971
-7.03227021
0.73600904
-6.94360016
-16.44361432
-4.35766468
-1.51885358
-6.14823769
-5.18566477
-9.66004986
-7.63487287
-4.84407516
13.52415485
11.17672339
4.03916082
-1.48302297
6.03719786
10.32761937
3.26728468
6.34366717
13.04455610
15.89460306
-1.84729150
6.21015126
5.12443228
11.52214984
16.23709183
0.95142970
0.13930934
9.44023934
7.04851044
6.97764097
6.90335926
11.35798057
4.76386985
13.00465468
5.44397370
3.42828471
1.25499478
11.18269795
-0.28840627
15.66995623
4.07480185
4.66401845
9.80329813
11.14325112
3.82954724
6.71134337
4.39941976
14.84566461
4.58195493
0.86293952
4.18622293
7.87416008
12.74597628
2.42732785
16.65798094
15.35769313
6.72808698
13.18325786
0.13585609
4.51095367
1.77172817
1.63861301
7.20228690
0.46929087
-7.46007484
-2.64518142
0.54556322
-16.53917549
10.02611465
4.85315522
-0.14355873
7.55089091
11.60790293
0.56682310
-13.60536608
9.72710583
12.48618313
-11.95656832
-8.27218668
-13.50009763
-3.65619594
6.69348512
14.39432444
13.24114972
-5.47563371
-12.00562537
-4.06564941
4.76902772
-5.32410126
-5.41958994
16.93948117
-8.50577896
2.30383468
13.44337815
8.27277913
10.02128007
-6.70534809
-2.45919283
-2.46746893
4.02159700
2.12535215
7.79079656
11.84820316
-3.37059100
-5.57719057
2.42493708
4.59962098
-9.32199172
12.03250810
-14.19551778
-3.70340511
15.45050769
-11.40254701
-13.81248647
6.27088365
8.16344021
0.01321861
-13.94202464
-0.90613302
2.46932779
6.52033348
8.03186813
-6.62434051
-1.60879630
-14.28956020
2.91189331
7.76372946
10.51690640
-8.36122498
12.32662866
16.68515491
-3.80732315
-0.38494258
-3.86006314
-5.53489979
15.69050409
-14.93881631
-2.55242603
-11.54341384
-9.42978006
-1.21313253
-8.19187983
-14.95087963
-7.26116692
-7.79380497
17.89799271
10.24679335
4.18473096
6.80319987
-8.15964947
-0.18248160
-17.57536288
-2.83785478
-9.31800632
5.34261556
-16.90164981
-11.56867452
2.62813276
-0.32110191
15.05557517
-1.99582638
1.37643577
-2.12067413
0.55217357
3.67846462
6.08238077
3.29322169
1.81897125
-8.74801918
-6.46605617
-2.71031008
-4.69033502
0.07142564
2.34623608
-14.64384776
10.16165068
-17.07469678
11.26908732
3.48143680
5.50447948
2.08409280
0.98875683
8.84221946
8.45592787
12.60478147
13.85157817
2.81412035
0.22225993
-16.16204447
-13.81372597
9.37376008
7.20601829
14.55423512
11.20994035
-7.81037037
-9.37243359
-10.99561555
-8.57002127
-11.85136043
-12.37704440
-8.35481926
-5.78482372
5.43771949
8.85004940
17.44387122
14.57119217
12.31915921
13.77104607
-1.66732425
-3.97155646
-11.35375654
-11.77972958
-7.07163323
3.42902718
-4.81783743
6.27693268
-1.25566050
-6.55706314
-5.01803900
-6.01527618
15.91265042
16.94086453
-6.46256421
-5.62621677
4.99851757
1.90474723
13.64201839
12.41945020
10.53004550
10.40255699
9.40855586
8.23627385
-10.41606150
-9.62039902
-1.25675621
-4.06342939
-3.20195876
-3.50168611
4.56998471
4.57918864
-0.66652244
2.31778468
9.04725308
10.03118631
12.18201471
8.84673163
-2.49481373
-2.44598938
-3.63260727
-5.91385846
4.01556090
3.89054549
8.48683188
5.94488541
-10.34606073
-8.71415656
9.81839882
10.93095766
-11.89479140
-3.69217498
-14.96678545
-5.49871964
16.47741008
14.54678636
-10.72211121
-10.29694718
-14.83699076
-14.17738709
8.61664640
5.29431459
6.79140897
7.85408220
-0.74565166
1.41602141
-15.88238615
-14.89895337
0.53569805
-0.87286349
3.68233239
5.33706803
6.72652326
4.74548077
8.86288349
9.12759132
-6.90968161
-5.94637831
-0.38429385
-2.90166486
-13.41625209
2.97636100
-13.26993262
3.97681204
8.43397732
8.05645281
12.22044681
9.35799567
-10.54555146
-7.72197521
11.23140963
11.41492125
12.85273124
14.80570491
-4.08795000
-2.03927678
1.15152861
-1.06121805
-2.15573657
-4.32584924
-4.97332242
-4.50485937
13.99809611
15.90164488
-12.15359075
-13.01163052
-1.41402300
-1.79500236
-11.42177906
-12.69643885
-6.67433471
-9.84067213
-4.13801252
0.47153471
-9.53448528
-9.68873926
-13.65926978
-14.94082741
-8.70320896
-6.94549567
-5.17720957
-7.80576585
14.39688805
16.91882975
7.55348333
10.47680973
4.68522750
3.27819328
7.17178612
8.18048318
-8.84209922
-7.68368706
-0.88396969
0.76746777
-16.14672702
-17.08146345
-5.47242534
-2.69519843
-5.87643794
-8.13556579
8.02371913
5.75097181
-15.48841037
-17.52836807
-10.72770035
-12.24553666
5.60353386
4.15969010
-1.22219341
14.35110914
-1.33881846
13.69039332
-1.14316529
0.55637297
-2.07430356
1.27555506
1.90643121
-0.47065018
-1.12922024
2.13859144
4.81034032
6.01316863
2.56309464
7.29743028
1.02710202
-0.05182810
2.26611512
1.38183578
-10.22878984
-6.08769313
-9.17848048
-7.87301062
-0.01303380
-1.97020558
-1.39356991
-3.38106145
2.50670028
0.08575176
1.30912988
1.37726123
-15.89531256
10.21337734
-15.68684558
9.48180969
-13.28829165
8.94152274
-17.92653350
10.12270817
2.93074392
5.41883839
4.79210548
6.09107004
1.89290566
0.09436171
3.18674089
2.07963855
6.52468097
8.63369030
7.66369096
8.26029250
11.36493477
10.50841879
11.46344735
12.74150322
3.31287780
1.46200157
1.43666821
0.78738922
-15.49130093
-12.54821467
-15.61814789
-12.48681673
11.66572560
8.44650941
10.47124439
5.84163707
15.09848476
11.21007044
13.34720359
11.59508155
-9.75144803
-11.06944899
-9.03820050
-10.67680270
-10.83231847
-8.62623140
-9.82510838
-7.62104822
-12.75371894
-13.85521338
-11.50915870
-11.04512462
-9.02248637
-4.96147733
-7.70937850
-7.08549264
3.12587166
7.69702723
6.62562234
8.87053376
17.01649475
13.35090245
16.77319331
13.38196427
10.09407132
14.30374685
11.09493693
13.03622963
-2.64733509
-6.18485415
-2.85557470
-3.70906690
-10.55784456
-12.99158958
-10.25887965
-10.80273011
-6.93267018
2.72665546
-3.49278412
5.32714081
-8.05044941
4.19702507
-5.43273805
5.61844101
-3.16489959
-4.88418709
-0.34715146
-6.18368719
-6.73852154
-4.69108880
-6.25399621
-5.37780114
13.88152156
16.39074076
15.88678249
15.66683905
-4.57078995
-7.83027380
-7.21110161
-6.04538992
3.60503600
1.13164587
5.65768183
2.68936707
12.47468119
13.54130927
14.82429547
12.49453016
12.67664075
9.36280847
11.70209287
10.50872252
7.69921934
10.26749998
10.83708897
9.14603528
-11.65991229
-7.48688378
-10.62896463
-8.86306622
-2.96315441
-5.30948760
-1.80553359
-2.49560193
-2.19480625
-3.59433513
-1.93646440
-4.11729649
2.86119773
4.54691285
3.34346693
3.55988137
-1.03479457
1.54849045
-1.83706984
1.14803333
6.83508447
7.96007038
8.08295270
8.94694382
12.30060820
11.98674770
11.10193447
9.76564743
-3.71150153
-4.02292263
-1.74321380
-2.95702276
-3.21546661
-4.98918143
-4.44831710
-6.01546251
2.62838485
3.60122802
2.87001168
5.06058637
4.41566425
5.23032577
7.40624338
6.24092389
-10.20154534
-8.20227564
-9.26958512
-10.87548461
10.14501153
11.79806952
10.78816898
9.96347664
-12.96042206
-3.72471556
-14.79459137
-4.76205190
-11.95392838
-3.58412340
-13.84248876
-4.92736658
15.62206771
14.42819192
15.36101720
14.57954488
-9.75465410
-12.35914920
-11.40785330
-10.25732838
-16.23796610
-13.16437446
-15.84066964
-14.28922459
7.15517556
6.62369822
7.53757964
6.09977707
5.77306369
7.43691201
5.72470832
6.78985018
0.36139324
-0.31640040
-1.74352124
1.80471105
-17.60913121
-13.71751435
-16.06312567
-14.79488163
-1.00035869
-0.10190860
1.44656834
-0.56093685
4.93608652
3.49607746
3.61987307
4.55539080
3.69808761
6.06237974
5.69939743
5.22718203
8.43528371
7.19332889
9.03518650
8.14525460
-6.58406661
-8.02109123
-5.97608685
-7.04351945
-1.52221142
-1.05007091
-0.81033911
-2.14999801
-14.33512982
1.66634243
-14.13976215
2.40522715
-12.42480453
2.05196418
-12.27504857
3.53160093
7.43295747
7.45075116
9.09560676
7.10933455
12.66079852
9.69110272
12.34051490
9.58381752
-11.53324939
-9.37375724
-9.53454259
-7.34838250
12.16061587
11.47872463
12.15925208
10.66668572
12.91718702
15.55944295
13.76624352
13.83735693
-4.98055270
-3.09128307
-5.51811827
-2.43399346
0.72379389
0.00796028
2.14261385
-0.62381167
-4.75249207
-2.91183812
-2.78204808
-3.64748288
-5.55937610
-6.43921351
-4.21823510
-4.55447909
13.05763168
15.46996012
14.45417416
15.01845065
-12.10075253
-14.11256062
-13.14147063
-13.95121441
-1.79606794
-2.75109000
-0.41885950
-2.70988314
-11.70841796
-11.69172089
-12.43555723
-12.55148475
-6.59203185
-9.76291572
-7.10485168
-8.89326374
-2.67080303
-0.64817916
-3.90672319
-0.14273162
-7.67978891
-9.03647880
-8.58871578
-9.30927103
-12.53544169
-15.33049920
-12.97638255
-14.08696844
-6.74365613
-6.32319029
-7.70335746
-7.84568925
-6.01935365
-8.48269393
-4.61163855
-7.31534739
15.89339255
17.43872303
15.06758222
17.89449784
6.87417717
9.31574899
8.39307209
9.60588770
4.09558127
3.32003788
4.20373269
3.25330558
5.93483333
7.82588989
6.72739925
8.71702621
-9.97391269
-7.94435161
-8.67454149
-8.62382299
-0.94595957
-0.75226831
-0.59816373
0.88212421
