-3.24046788
-13.37644799
-4.27353171
-12.96086359
-3.79977683
-11.59967712
-15.45553204
-11.09516875
-9.94171456
-0.53030755
-11.46363326
-15.74343878
-1.50178847
-4.10585280
-14.42401166
-10.98927364
-9.74767753
-13.62722811
-13.00353827
-2.41794090
-11.29224087
-8.66376601
-2.78508690
-9.44537292
-13.51782042
-6.14978912
-4.84687170
0.89423534
-0.94036862
-7.10543824
-16.73937834
-17.58259360
-10.35359537
-1.90926328
-10.80137925
-7.57061420
-10.28584483
-5.00205679
-5.66274943
-7.14276148
0.71983059
-7.09846277
-16.08183405
-4.43674832
-1.62467442
-6.26236428
-5.26210528
-9.77285418
-7.77394654
-4.88664743
13.78146768
11.29666269
4.24225761
-1.57112325
6.25507208
10.47118194
3.33140194
6.45368518
13.32299086
16.21293574
-1.85746326
6.31156401
5.25721357
11.72538535
16.44420446
0.89324924
0.11935750
9.66692722
7.24052570
7.11211632
6.80511609
11.56682358
4.85834928
13.22048140
5.42546332
3.39271991
1.48719673
11.47054388
0.13475387
16.00453332
4.18348417
4.74973595
10.04183310
11.42377223
4.13094600
6.73171609
4.37138760
15.08635193
4.88774085
0.94065791
4.33188926
7.90194485
13.02877060
2.64217526
16.93385485
16.28293717
7.18978972
13.24404255
0.11674139
4.77485376
2.27880158
2.29721549
7.61138667
0.11805931
-7.58493236
-2.68452790
0.64741854
-16.76978805
9.92394514
4.72498043
0.03542161
7.85177381
11.83157382
0.69788146
-13.92544697
9.96987174
12.81460623
-12.11767240
-8.37722350
-13.69396073
-3.75139401
6.84875642
14.64542933
13.57766122
-5.65758709
-12.25296581
-4.14554549
4.93912493
-5.55720146
-5.44872877
17.29138528
-8.65670937
2.54957058
13.69965675
8.44642683
10.14408314
-6.83320751
-2.42214547
-2.44073473
4.20537248
2.14938477
7.98889751
12.01505891
-3.43723706
-5.60505444
2.39370711
4.57722916
-9.41569288
12.34845240
-14.50852859
-3.70031327
15.69511187
-11.56813677
-14.01330354
6.45066302
8.33463219
0.00149356
-14.14208334
-0.75887125
2.46223657
6.57132690
8.16310986
-6.73049044
-1.59184470
-14.57159721
2.95236921
7.90296660
10.64465064
-8.58123276
12.49812121
16.86761777
-3.85463552
-0.34346339
-4.20852933
-5.66510534
15.85052085
-15.19576466
-2.51612184
-11.64694434
-9.57442642
-1.16245750
-8.37168148
-15.06165326
-7.32065163
-7.95588908
17.94082262
10.59502485
4.40022951
6.74633891
-8.54817490
0.06055474
-17.57813614
-3.09200493
-9.96460632
5.24974888
-17.50064261
-11.89692107
2.25989226
-0.81598194
14.84832861
-1.74855559
1.62133558
-1.61892579
0.04771667
3.80637228
5.83386619
3.41726448
2.33748797
-8.82864701
-6.64461516
-2.73194117
-4.76090645
0.27704224
2.25902358
-14.88998400
10.35287795
-17.30420473
11.43277911
3.33119207
5.62890377
2.22632528
1.05560912
9.12939862
8.66385288
12.81317388
14.10784938
2.97344156
0.25197442
-16.59324185
-14.10213426
9.56987874
7.34890822
14.78529659
11.48936757
-7.87365977
-9.44023490
-11.25979172
-8.71399636
-12.10192944
-12.50724838
-8.50522734
-5.89637722
5.63973251
9.01913346
17.65592583
14.72895740
12.60730951
14.10982034
-1.76816467
-3.98679177
-11.63555754
-12.01375632
-7.02878288
3.47841500
-4.77501448
6.43588680
-1.21295167
-6.77825509
-5.22211260
-6.17167477
16.14151173
17.16922422
-6.58296840
-5.72720627
5.11600688
2.04173125
13.90195623
12.63344415
10.56995466
10.57755674
9.60507758
8.29310394
-10.50160794
-9.69445911
-1.27712499
-4.06936511
-3.21679608
-3.64152537
4.57393371
4.53034403
-0.62118350
2.35910325
9.27122580
10.27813888
12.37064040
8.95647872
-2.51837166
-2.47559501
-3.57036886
-6.06969693
4.03349511
4.02337833
8.77527790
6.07847907
-10.79024812
-9.05380545
10.05815998
11.19321449
-12.10418047
-3.67312680
-15.33800649
-5.55105916
16.88048084
14.82708241
-10.86601986
-10.47615236
-15.04859264
-14.32299205
8.67730306
5.48888109
7.08068702
7.92298601
-0.86108926
1.41012716
-16.20668526
-15.10049011
0.56602326
-1.03192355
3.68075422
5.52356170
6.83155393
4.69774870
8.97078505
9.38146957
-7.25436899
-6.13746791
-0.32370309
-2.92490168
-13.60217089
3.02443481
-13.42639771
3.97476182
8.64950204
8.09422676
12.55576264
9.58291788
-10.75492940
-7.97009213
11.44605956
11.55085193
12.98358555
15.02461383
-4.22657614
-2.09691616
1.21220607
-0.89977439
-2.19904747
-4.45946679
-4.97515405
-4.62544002
14.21915804
16.21092470
-12.38584643
-13.23498424
-1.28777477
-1.58869808
-11.51216577
-13.03757287
-6.80765162
-10.07844560
-4.31223696
0.51967295
-9.81280020
-9.80636924
-13.97437533
-15.10753414
-8.70556749
-7.24157246
-5.41958278
-7.87801517
14.61104157
17.22602819
7.80743073
10.64616951
4.73175205
3.47899761
7.32659084
8.23289185
-9.43967143
-7.52743110
-0.93215392
0.94654373
-16.96097805
-18.03157180
-6.03225223
-2.66045383
-5.61004458
-8.04735211
8.03159802
5.62676057
-16.50973054
-18.03795782
-11.13641490
-12.94639808
5.01237656
3.73938299
-0.75045022
14.19317090
-1.79506386
13.71787735
-0.89906699
0.43345650
-1.87204471
1.07954357
1.80144136
-1.07282723
-1.46605432
1.93655909
4.65258140
5.81050854
2.20384001
7.77057031
0.71829308
0.46690898
2.21182019
1.25282247
-10.27581575
-6.14678928
-9.33979191
-8.00507790
-0.17112553
-2.01601129
-1.44150255
-3.45040630
2.46577295
0.15624540
1.39845798
1.35131081
-16.19633929
10.40265272
-15.90692573
9.70580493
-13.51717908
9.13266898
-18.16615616
10.28802469
2.96890974
5.41185136
4.69070377
6.08710516
2.06439079
0.25103167
3.31645303
2.26739281
6.65035665
8.69655755
7.86535200
8.44396238
11.60174339
10.74558808
11.65221296
12.98790379
3.51145040
1.62453132
1.55248021
0.90157659
-15.75612009
-12.82275024
-15.82642066
-12.74508973
11.95777104
8.66146266
10.75056470
5.98897209
15.47619765
11.53254292
13.66431447
11.80692715
-9.85130736
-11.22295534
-9.24247133
-10.72006908
-11.04393849
-8.75642981
-10.05127954
-7.79255981
-13.00330302
-14.21617677
-11.63637745
-11.18207202
-9.21578573
-5.08996779
-7.86972361
-7.24202770
3.25256118
7.87541605
6.74338963
9.08963785
17.37033077
13.60096240
16.99333902
13.56741337
10.33894499
14.69713504
11.36638523
13.37837946
-2.75570718
-6.53929418
-2.93764872
-3.98046437
-10.77205494
-13.28849992
-10.48652308
-10.95373972
-6.99660387
2.85505195
-3.37570525
5.56748200
-8.16356786
4.30125020
-5.50514800
5.65557523
-3.23632598
-4.96602132
-0.17739073
-6.33674707
-7.02573675
-4.81968485
-6.49200546
-5.74889094
14.00941093
16.95488543
16.19027234
15.87816012
-4.70999871
-7.99574215
-7.31402417
-6.14700284
3.90866069
1.31365956
5.97125568
2.78591485
12.70559490
13.76764357
15.11239536
12.66897640
12.84086252
9.57043448
11.76347359
10.67325219
7.80503343
10.34753705
10.98217316
9.20059875
-11.90831331
-7.81981625
-10.87332819
-9.00563694
-2.91575268
-5.35432994
-1.69454633
-2.73554660
-2.03801754
-3.60469028
-2.04193166
-4.50485985
2.94384848
4.93093806
3.40798426
3.55022689
-1.12340894
1.65074962
-1.84806691
1.05193759
7.03343832
8.13005432
8.22701880
9.17327372
12.43553462
12.17689153
11.23910263
9.91505983
-3.73542382
-4.08718462
-1.99867774
-3.24489446
-3.30398276
-5.17186615
-4.37425805
-6.28491321
2.77858205
3.62484459
2.93319154
5.19703244
4.45432229
5.29526230
7.63105595
6.44155398
-10.36852055
-8.29473275
-9.58207366
-11.29184873
10.40934866
12.11399807
11.07534091
10.19687361
-13.18586796
-3.85716600
-15.11884451
-4.81854758
-12.19063631
-3.61262079
-14.17756146
-5.09631193
15.91990174
14.72970849
15.72821691
14.88546978
-10.10864582
-12.57875974
-11.51505424
-10.37856490
-16.48777049
-13.33019765
-16.15449914
-14.64295140
7.42378110
6.69669181
7.61003447
6.41191392
5.73419747
7.56899045
5.98524081
6.84863726
0.22486046
-0.43432266
-1.98936148
1.80009873
-17.90039459
-14.01576277
-16.16767945
-15.12563414
-0.88497376
0.09191554
1.45466646
-0.63739068
4.86583656
3.46645866
3.91047820
4.55286388
3.87111292
6.26077569
5.77946851
5.47526020
8.62437685
7.34326913
9.23662985
8.35161106
-6.64371372
-8.37984071
-6.16515480
-7.26800749
-1.49903099
-0.99488961
-0.75802097
-2.24601925
-14.58033815
1.72982871
-14.38804490
2.39331473
-12.65112597
2.01196057
-12.38287394
3.59127382
7.57348530
7.62978714
9.21820131
7.15748259
12.76881246
9.92130483
12.55077278
9.75926367
-11.75745986
-9.63469069
-9.71886987
-7.54085048
12.45422277
11.62680137
12.39475879
10.74172884
13.08690933
15.75003664
13.94538459
14.01154663
-5.21088348
-3.13897747
-5.53350221
-2.44867188
0.73686145
-0.11596556
2.16013688
-0.49305010
-4.87332508
-3.24081082
-2.82641184
-3.70965334
-5.58086840
-6.58771430
-4.20957382
-4.58527803
13.33804575
15.57244259
14.69710168
15.27189017
-12.29673447
-14.38602425
-13.38934153
-14.17857065
-1.76772136
-2.83830603
-0.28870111
-2.67533688
-12.02084856
-11.98191650
-12.51546720
-12.67348041
-6.62454695
-9.88666788
-7.21796137
-9.07959581
-2.70646253
-0.64216658
-4.03873603
-0.17339963
-7.91045648
-9.14041613
-8.76781602
-9.33569411
-12.68480888
-15.69325982
-12.91721071
-14.24347851
-6.83880956
-6.25237255
-7.82865315
-8.10819819
-6.16792610
-8.57481540
-4.68917761
-7.62424589
16.19366627
17.57164242
15.31975108
18.21728384
7.21892580
9.44761491
8.65276309
9.72649581
4.25969295
3.65969144
4.28045041
3.34992494
5.91922510
7.72969315
6.84230743
8.76524773
-10.40747809
-8.08339672
-8.75689056
-8.65677501
-0.81554212
-0.76136220
-0.99221777
0.93320082
-16.87127702
-18.38544994
-16.12121266
-17.13223567
-4.61499764
-2.40368675
-5.42273194
-3.74527259
-7.32499585
-8.96724301
-6.28287916
-8.54589932
6.61414845
5.98559529
8.41380531
6.03756299
-15.41632216
-16.98515458
-15.55785212
-18.00400102
-11.55630129
-12.12033170
-10.31348222
-12.19749504
5.66986359
2.71882448
6.00871421
4.70820991
-3.40009756
15.51813647
-0.00290871
15.81962107
-1.75067943
15.11384858
-1.08601733
14.64381667
-0.04050914
1.85251366
-2.50050508
1.36767480
-1.18502816
-0.01317378
-2.22941417
1.56537102
0.74968506
1.31694233
-2.42430945
0.96344601
1.78969238
-0.06662382
-0.75936371
2.30076772
3.09904442
7.12969090
3.70682454
6.48265553
5.23034268
6.21557654
2.80903199
6.88267080
0.98918491
0.83335419
3.97013439
1.34757555
1.52186187
-0.48011398
2.91741547
1.30783982
