-3.24917183
-13.45957702
-4.37612531
-13.00901473
-3.84397492
-11.68361557
-15.53682499
-11.16244746
-10.00425381
-0.56446713
-11.52321404
-15.76635459
-1.54591994
-4.16154705
-14.49469551
-11.03254946
-9.79480650
-13.73775722
-13.08635543
-2.44181682
-11.33207195
-8.67245399
-2.93739560
-9.46717587
-13.60023909
-6.12753566
-4.87062605
1.04392087
-0.92295868
-7.12959852
-16.74636164
-17.66443366
-10.40705526
-1.82922923
-10.88057082
-7.60586239
-10.33878205
-4.92637633
-5.72257478
-7.15180763
0.67352802
-7.12631475
-16.11978490
-4.46370601
-1.61950806
-6.29794319
-5.32760677
-9.83426399
-7.82477814
-4.89650186
13.86050057
11.33872244
4.26107233
-1.60552923
6.29915207
10.51825752
3.33012046
6.48156130
13.39148628
16.31130564
-1.93487052
6.48484517
5.27710709
11.80909180
16.52236575
0.88041864
0.09047275
9.73158202
7.37253488
7.13687465
6.82103313
11.62479417
4.86236450
13.27644253
5.61766759
3.39817394
1.74050053
11.52254492
0.12230314
16.09658828
4.19519547
4.75166256
10.08809972
11.48261659
4.06933547
6.76516860
4.47707256
15.15480254
4.68420471
0.91529936
4.30073222
7.91369256
13.09147732
2.51379034
17.00888725
16.36885722
7.17807795
13.32059005
0.12808100
4.81372174
2.30029581
2.18301017
7.68685022
-0.00382476
-7.59797151
-2.70280147
0.63824471
-16.84039996
9.94054083
4.76212012
-0.04061245
7.90038891
11.88077553
0.71829551
-14.01302755
10.03867842
12.89990654
-12.15993728
-8.42507382
-13.74562848
-3.83550523
6.86491056
14.70546329
13.64920778
-5.64715095
-12.30870675
-4.09850056
4.95905233
-5.66192100
-5.43730298
17.40976821
-8.71156104
2.61623787
13.76595030
8.53590625
10.19427126
-6.84782060
-2.42871734
-2.47010475
4.24533988
2.15127668
8.01531421
12.06136616
-3.39604699
-5.62972633
2.35052551
4.59998025
-9.44535355
12.41485548
-14.57922268
-3.72164570
15.76125008
-11.60255914
-14.07371130
6.46022904
8.38931794
-0.02246143
-14.21620772
-0.81398425
2.32581330
6.60242571
8.20549362
-6.78460159
-1.55552030
-14.68149592
2.93051029
7.95174037
10.76823717
-8.67275486
12.55718260
16.89118913
-3.85493269
-0.37470232
-4.19652685
-5.71591679
15.92319493
-15.26515612
-2.53688249
-11.70224589
-9.62596335
-1.15097613
-8.41466280
-15.10482457
-7.31830648
-7.97820014
17.95480401
10.64705453
4.45483995
6.75723579
-8.53961018
0.08827097
-17.66250558
-3.09734207
-9.99263026
5.29908624
-17.56533529
-11.89358521
2.22295982
-0.76243937
14.96213086
-1.78404372
1.62024076
-1.72687634
0.04783261
3.57529006
5.89537843
3.81550471
2.24867954
-8.85801434
-6.65754119
-2.85974410
-4.79304083
0.29786331
2.16616463
-14.95763317
10.40666197
-17.34735775
11.48315477
3.31125855
5.66176376
2.23019659
1.00167849
9.19118285
8.73638257
12.87002246
14.16836338
2.99155900
0.28486029
-16.70756914
-14.16890590
9.63127872
7.39680717
14.87358713
11.54512198
-7.93464460
-9.46953233
-11.30690091
-8.75267143
-12.16166842
-12.54743598
-8.56310707
-5.91808091
5.69430667
9.06959492
17.71572696
14.80181621
12.66856120
14.20558742
-1.71780595
-3.96304400
-11.71219346
-12.07849248
-7.11098093
3.48546167
-4.86284291
6.48117244
-1.22790240
-6.92378638
-5.25424645
-6.20350046
16.20870763
17.22543052
-6.63953346
-5.74082189
5.14778669
2.05699127
13.96833714
12.69971675
10.62595874
10.66559109
9.71656023
8.32279766
-10.52825396
-9.76354754
-1.28874868
-4.06615231
-3.24333050
-3.68560308
4.55876107
4.74300475
-0.65360747
2.35675875
9.29886435
10.32598695
12.42152966
8.97009737
-2.52710254
-2.57215468
-3.55142847
-6.08187239
4.01284029
4.02428380
8.85209374
6.09898682
-10.80562291
-9.11391231
10.12174582
11.26214292
-12.16456834
-3.68164758
-15.43466573
-5.59695178
16.98675427
14.91356839
-10.92747080
-10.50753270
-15.13135298
-14.39589186
8.76658796
5.48969144
7.11685078
7.95580013
-0.89249491
1.38081185
-16.27233015
-15.15300370
0.58637009
-1.04713724
3.79694444
5.58497997
6.86734587
4.71710719
9.01508358
9.43810407
-7.31645713
-6.18942580
-0.31977029
-2.96222671
-13.65361077
3.02327332
-13.47075049
3.96588257
8.71347523
8.13729484
12.67753622
9.66647593
-10.82985914
-8.12158366
11.49890726
11.60454735
13.06349445
15.08985282
-4.29630585
-2.05411259
1.18080909
-0.93050168
-2.19055213
-4.46282134
-5.03633101
-4.66810906
14.27488982
16.29033498
-12.43614856
-13.30032621
-1.30865946
-1.61009159
-11.53604425
-13.11020643
-6.83916678
-10.14017991
-4.31014687
0.52048155
-9.86483310
-9.83955831
-14.05461949
-15.18174893
-8.76593090
-7.27859029
-5.44281656
-7.89052044
14.64047163
17.29733743
7.85302759
10.69069292
4.72888677
3.48839384
7.34816684
8.28463836
-9.47716614
-7.46328156
-0.92710165
0.89404114
-17.02092842
-18.12827825
-6.02399486
-2.67799552
-5.58500239
-8.07084657
8.02401781
5.85023645
-16.57012337
-18.03818086
-11.18970268
-13.02920744
4.92300901
3.84581770
-0.75162913
14.27932448
-1.71880998
13.82082497
-0.92130197
0.47976438
-1.86364149
1.07170123
1.84871869
-0.98017024
-1.59971493
1.86819905
4.84498062
5.73258002
2.20239640
7.70532189
0.61516934
0.32619895
2.59675506
0.83190935
-10.30468811
-6.15202638
-9.38777965
-8.00296325
-0.26477261
-2.04814832
-1.46735502
-3.47731148
2.53491851
0.13684065
1.42220509
1.35411517
-16.27934659
10.45585740
-15.95687058
9.73839886
-13.58145011
9.18022223
-18.23808215
10.34377188
2.96545414
5.40970189
4.51745410
6.10118312
2.05114031
0.25289420
3.32620629
2.28050207
6.70821299
8.78363708
7.92200275
8.47940778
11.65999014
10.81133904
11.70881457
13.04178098
3.51783746
1.65674608
1.57949406
0.90210149
-15.83950614
-12.89414582
-15.87495145
-12.82826061
12.03555338
8.72091145
10.82662379
6.02969843
15.56787721
11.63485401
13.77054316
11.93388037
-9.91087600
-11.28164592
-9.30665969
-10.76015184
-11.11194984
-8.80743683
-10.09020025
-7.83877793
-13.06189677
-14.29275030
-11.69793534
-11.20737965
-9.28071116
-5.13931206
-7.92711838
-7.27483073
3.42789710
7.90576420
6.74952891
9.12263574
17.46161950
13.65646165
17.07159496
13.61168551
10.38726418
14.79202790
11.42178125
13.46770547
-2.77202322
-6.59973180
-2.91512664
-4.00011185
-10.83579949
-13.35974973
-10.56089469
-11.00564563
-6.95489752
2.86225441
-3.36189598
5.56995001
-8.22043690
4.32840871
-5.53026279
5.68838048
-3.37659309
-4.98882034
-0.12688461
-6.40068606
-7.11492484
-4.86541102
-6.51644291
-5.80167515
14.07929103
17.07115256
16.27464918
15.92602907
-4.69256475
-8.02942030
-7.35950212
-6.18330556
3.93696217
1.25246793
6.00621600
2.79889718
12.76939528
13.83967865
15.18623594
12.72744689
12.94905251
9.64318071
11.83154448
10.76521120
7.84244639
10.38639870
11.02695968
9.24078640
-11.99047682
-7.87650279
-10.94824961
-9.04493293
-2.93281053
-5.36179756
-1.71924390
-2.69813432
-2.07828722
-3.64815291
-2.07604631
-4.53039247
2.94322164
4.93743799
3.41274315
3.45154847
-1.15109513
1.63801535
-1.88386590
1.01991598
7.01685310
8.17509473
8.24836168
9.20574187
12.49186732
12.22040860
11.27751987
9.95386092
-3.75507456
-4.11576590
-2.05889127
-3.23170080
-3.31727435
-5.18123482
-4.41296572
-6.32775432
2.73770152
3.60241227
2.87340643
5.22758304
4.45654297
5.29297280
7.69555406
6.47688871
-10.43153241
-8.26394587
-9.59594715
-11.34939555
10.47902685
12.19264164
11.15038515
10.24879210
-13.25725175
-3.89959984
-15.21006622
-4.82965410
-12.24897144
-3.64480643
-14.26652225
-5.15925811
16.01194640
14.81512539
15.82432346
14.97293332
-10.16491359
-12.62206218
-11.54995123
-10.40771198
-16.56594518
-13.37295047
-16.25153184
-14.73715649
7.52421927
6.71033399
7.64183841
6.39078991
5.74293129
7.60299517
6.01118520
6.86767090
0.17390540
-0.45521592
-1.99386976
1.77036564
-17.91409373
-14.08877317
-16.20493638
-15.17485866
-0.88125668
0.11638117
1.48550734
-0.67483345
5.06937359
3.54387168
3.76701388
4.60296012
3.90714079
6.28890683
5.81149894
5.50773390
8.68027972
7.38310326
9.29515125
8.39965472
-6.68307467
-8.43779656
-6.23204395
-7.33480259
-1.50139532
-0.97509135
-0.84513418
-2.24970793
-14.64047391
1.70055698
-14.43305920
2.37737200
-12.68307610
1.99399785
-12.43543806
3.59697201
7.61848395
7.67060581
9.27200048
7.19910927
12.87011561
10.02264515
12.63370756
9.81509352
-11.83949934
-9.73682281
-9.78235697
-7.61452973
12.51760611
11.67049748
12.45667274
10.78315544
13.14425136
15.81379188
13.99572667
14.07350968
-5.23888736
-3.10685761
-5.52467279
-2.46767335
0.71793804
-0.14579974
2.09858197
-0.50869390
-4.92310025
-3.19271213
-2.83005237
-3.66636173
-5.60468453
-6.63624377
-4.25497952
-4.59182803
13.40516464
15.61756048
14.74858136
15.33404491
-12.35748657
-14.45622074
-13.44261631
-14.23684039
-1.79741982
-2.88425684
-0.29140013
-2.67721655
-12.08089541
-12.05858040
-12.55745800
-12.72254606
-6.64595006
-9.93299064
-7.26514698
-9.12300823
-2.65813901
-0.58926582
-4.08968985
-0.17869112
-7.95877122
-9.14426635
-8.81873960
-9.36139860
-12.74237453
-15.78493054
-12.95485087
-14.29835297
-6.86712352
-6.28263221
-7.86182778
-8.14072621
-6.15979783
-8.64208415
-4.64490147
-7.66590530
16.25469401
17.58989564
15.38182836
18.29046777
7.26824099
9.47727785
8.69769676
9.77244075
4.28310364
3.70174084
4.32556591
3.35132608
5.89660037
7.75239762
6.88107457
8.81197980
-10.45695553
-8.02994375
-8.80255719
-8.66049780
-0.83857317
-0.70829367
-1.07192881
0.94628685
-16.89323162
-18.43638278
-16.19287405
-17.22220890
-4.64016266
-2.52259556
-5.43390918
-3.94179257
-7.33349262
-8.97901755
-6.30718400
-8.55685489
6.69101189
6.03954289
8.44042955
6.04478577
-15.48652420
-17.06191724
-15.63985425
-18.00412617
-11.56555826
-12.19180443
-10.35787694
-12.24275182
5.68705084
2.83427783
6.01459667
4.77828176
-3.37443642
15.62904546
-0.00814941
15.92697154
-1.77270544
15.18078434
-1.21292698
14.75620006
-0.02755568
1.75028654
-2.57408711
1.40953348
-1.17613516
-0.06963692
-2.16604178
1.56717335
0.88509050
1.20823121
-2.30958512
0.87304067
1.97579726
-0.08067883
-0.89256903
2.37938760
3.23727079
7.25675863
3.87263799
6.44407948
5.32075011
6.35813400
2.87038607
6.86071853
1.15757066
0.79973272
3.70339250
1.47247610
1.62939374
-0.39430836
2.88494771
1.57896247
