-3.24505344
-13.61318699
-4.41242535
-13.10851562
-3.89591979
-11.83470358
-15.68037232
-11.28313299
-10.11587373
-0.46973444
-11.65120782
-15.85882905
-1.86895780
-4.26652101
-14.63889551
-11.05828107
-9.77439887
-13.84057308
-13.23900097
-2.45473753
-11.41831942
-8.62497296
-2.95288522
-9.51107254
-13.71446554
-6.17696392
-4.90919539
1.07368693
-0.94255844
-7.19031880
-16.79160575
-17.82228712
-10.52035720
-1.71099743
-11.02274559
-7.65491499
-10.63871194
-5.00088575
-5.75925183
-7.12921634
0.68728511
-7.14771885
-16.16883709
-4.53107023
-1.58513709
-6.33387975
-5.43029402
-9.95893778
-7.91025222
-4.86067639
14.01787409
11.42323239
4.30643904
-1.60626414
6.31611740
10.62162740
3.33796403
6.51885547
13.51914591
16.48111155
-1.95102459
6.55488612
5.27220775
12.00188962
16.68636265
0.88856129
0.04624861
9.85124393
7.48223232
7.15792100
6.75995363
11.74071124
4.89286870
13.38410927
5.66674561
3.40727173
1.73623730
11.63530659
0.10789174
16.28015639
4.22738166
4.79168443
10.18356221
11.59564676
4.16802319
6.81388939
4.56069215
15.30084742
4.70592881
0.90359896
4.26603730
7.95816139
13.21922676
2.60206593
17.15989673
16.50316553
7.14069116
13.53358417
0.07830528
4.88377850
2.31140746
2.17264876
7.86931879
0.05215713
-7.85896143
-2.91770293
0.60593329
-16.95439953
10.06414389
4.72039184
-0.04360609
8.04646983
11.98567766
0.73610540
-14.16991680
10.15577805
13.05696739
-12.24030631
-8.50569830
-13.96684788
-3.89872617
6.86348291
14.79561693
13.77550131
-5.63846952
-12.41399128
-4.10620969
4.99255408
-5.72899804
-5.36292521
17.62332307
-8.80793046
2.65106211
13.89812463
8.64147991
10.25497978
-6.82567276
-2.49114393
-2.47176854
4.26941114
2.17049482
8.02714424
12.13119833
-3.36553115
-5.68358626
2.34105019
4.64709987
-9.52646927
12.52278835
-14.71000840
-3.80129330
15.89677743
-11.71581322
-14.22978479
6.45285283
8.48525125
-0.02516858
-14.40892253
-0.80952321
2.48336252
6.65679583
8.26660179
-6.89721164
-1.52118845
-14.81853973
2.94911324
8.04992075
10.86001653
-8.83828324
12.69092005
16.99439664
-3.84451207
-0.41357306
-4.14875279
-5.80024441
16.08292671
-15.42165373
-2.51150271
-11.82727325
-9.70925311
-1.14460654
-8.31278722
-15.17682277
-7.33249985
-7.98471334
18.05905311
10.77136498
4.48724677
6.78533668
-8.53044203
0.07353102
-17.84135950
-3.15854985
-10.04537449
5.32967465
-17.71054088
-11.96973445
2.22545566
-0.73296787
15.18786396
-1.84890148
1.61282769
-1.56527041
0.04791357
3.50832141
5.97373007
3.87857827
2.24972630
-8.76916696
-6.71093222
-2.66627919
-5.15017428
0.29070219
2.12997357
-15.08191736
10.51580645
-17.42690136
11.59691189
3.31098710
5.70182149
2.17173164
0.98620814
9.31768090
8.88959077
12.98913880
14.29074876
3.02153044
0.31570570
-16.91885083
-14.30800243
9.73824491
7.46608549
15.03976049
11.69495284
-8.04620597
-9.51662415
-11.40482940
-8.83237416
-12.32625364
-12.74334335
-8.67658044
-5.97396384
5.78205943
9.11715408
17.86941356
14.95418439
12.76658328
14.37934876
-1.63557101
-3.96771106
-11.84859871
-12.19582464
-7.28057743
3.51792599
-4.90485453
6.55620035
-1.15604694
-7.05176220
-5.30562389
-6.22796741
16.34199321
17.32280908
-6.77357570
-5.68794793
5.20688511
2.07523131
14.10186980
12.83640036
10.73800697
10.83260429
9.84783698
8.38841379
-10.66047453
-9.87537351
-1.34455718
-4.07552851
-3.28971585
-3.70165709
4.57733324
4.83976994
-0.67926240
2.37530480
9.35002857
10.41263100
12.50879075
9.01284980
-2.49615201
-2.65451532
-3.56442683
-6.09403049
4.00701330
4.06879091
8.97137860
6.15310332
-10.91567275
-9.23689434
10.20495234
11.35045220
-12.28843181
-3.76516736
-15.61272781
-5.69295313
17.19472408
15.08564692
-11.06877773
-10.61238465
-15.28616236
-14.56456421
8.88503514
5.49845466
7.16145683
8.00244735
-0.91221900
1.38150247
-16.41924134
-15.28085701
0.55792536
-1.03159143
3.80268433
5.71698610
6.94138235
4.74518936
9.08094589
9.53139569
-7.43040879
-6.32296758
-0.29509443
-3.02521782
-13.76322835
3.06061404
-13.57954390
4.01944727
8.82839203
8.24051284
12.86073599
9.82432283
-10.97419156
-8.25943649
11.59946240
11.71746983
13.15326101
15.21510445
-4.37450054
-2.04098340
1.15247736
-1.00352282
-2.18934757
-4.44396899
-5.07733885
-4.74294690
14.40927285
16.46320561
-12.54342426
-13.43214072
-1.36524649
-1.54530119
-11.83464671
-13.28660801
-6.84956772
-10.20807108
-4.32001699
0.51780948
-9.94607864
-9.73645716
-14.16108865
-15.30088566
-8.88921013
-7.34515518
-5.43208185
-7.91161172
14.76525980
17.47307542
7.91861701
10.79550877
4.70251867
3.48935854
7.38422441
8.33533716
-9.57957743
-7.41699521
-0.91416060
0.85640852
-17.10122513
-18.32226074
-6.07354542
-2.64660885
-5.58223573
-8.07005458
7.98744254
5.94505614
-16.71383813
-18.12711496
-11.26427359
-13.14619171
4.84533619
3.88961959
-0.75629874
14.47037274
-1.73443238
13.97620089
-0.92336188
0.50900674
-1.86260196
1.02100347
1.90801967
-0.91022890
-1.64273146
1.82012146
5.15420258
5.68541315
2.24683897
7.67371718
0.59378166
0.38513076
2.59661922
0.73617098
-10.87472180
-7.00249454
-9.12631929
-8.48759937
-0.77029929
-1.58356760
-2.02236566
-3.86256544
2.55748015
0.14963341
1.48360729
1.37831209
-16.46509718
10.56642619
-16.05059280
9.82196376
-13.71589710
9.28309147
-18.35989250
10.45927846
2.96652225
5.36392565
4.47339690
6.14414282
2.00657950
0.26306375
3.33726171
2.28128485
6.80281081
8.81003661
7.96734933
8.63473993
11.77184336
10.93425694
11.81837422
13.14893368
3.54089983
1.68505023
1.61617536
0.90968749
-16.01697834
-13.03372457
-16.00946026
-12.98456371
12.17944051
8.82675000
10.95016483
6.09815864
15.75386109
11.78370555
13.98581020
12.05130976
-10.02230753
-11.39225804
-9.42554770
-10.83861309
-11.23165187
-8.92300340
-10.16934344
-7.94721837
-13.17562191
-14.47807256
-11.84562040
-11.36446471
-9.41295015
-5.25400118
-8.04230186
-7.33563685
3.43781813
7.95872095
6.81142763
9.17254923
17.65315271
13.75143278
17.24303706
13.73666412
10.47074666
14.95976519
11.50614745
13.61773908
-2.78228810
-6.68682900
-2.91152079
-4.02032734
-10.95237124
-13.48808671
-10.69832640
-11.11758352
-6.91495276
2.88424782
-3.46839193
5.58513325
-8.39674494
4.37390897
-5.58337949
5.73680714
-3.41224471
-5.00750622
-0.07531342
-6.53388587
-7.25819777
-4.89054306
-6.51104022
-5.83370486
14.20684276
17.27492627
16.44611355
15.99167254
-4.69408298
-8.04581152
-7.47708421
-6.23164574
3.98727389
1.26071365
6.08429766
2.82509332
12.89983243
13.98593264
15.33658178
12.85201828
13.11903990
9.78200871
11.96386577
10.93384175
7.84497643
10.46183256
11.09079421
9.30180542
-12.14052289
-8.07243050
-11.06338219
-9.09481437
-2.99884210
-5.39824672
-1.79425344
-2.68663549
-2.17390527
-3.68794182
-2.13841182
-4.54710030
2.98881407
4.97065655
3.42472544
3.49523793
-1.15880670
1.62685914
-1.93598437
1.03679291
7.00281969
8.22266209
8.29151206
9.28949634
12.59930119
12.31326985
11.34961643
10.02066097
-3.73535341
-4.13389700
-1.99904068
-3.18488720
-3.33227145
-5.27460193
-4.46381052
-6.35283394
2.68998438
3.61195652
2.84670484
5.30694631
4.44671286
5.30420689
7.80712531
6.55672344
-10.54697316
-8.28929282
-9.68370596
-11.37903617
10.61229561
12.32401228
11.25788898
10.32596883
-13.40527286
-3.96281359
-15.36861387
-4.90783977
-12.36966166
-3.67841886
-14.42561166
-5.27032919
16.19920487
14.98518585
16.01291305
15.14620502
-10.18886153
-12.71556329
-11.56600516
-10.44069077
-16.74694688
-13.45478325
-16.45419244
-14.92882338
7.54119123
6.72659446
7.75310532
6.45622783
5.73672958
7.67355989
6.02665377
6.88801856
0.16957476
-0.43271703
-2.04858821
1.78508432
-17.95338484
-14.19317582
-16.28738330
-15.27692757
-0.74915895
0.18829989
1.52799244
-0.71760354
5.00907811
3.60835966
3.88365234
4.67083596
3.95086899
6.33005827
5.86493533
5.56357810
8.78209516
7.43927228
9.40189963
8.48816506
-6.74659855
-8.52876969
-6.31635438
-7.47133357
-1.50575633
-0.95539821
-0.84595550
-2.23673463
-14.78616250
1.68548458
-14.58586920
2.38868766
-12.78894831
2.03416988
-12.51480219
3.61437772
7.72230641
7.74900394
9.39267917
7.28673041
13.01536307
10.01280616
12.78853699
9.92397707
-11.98691457
-9.91073361
-9.87766428
-7.76742855
12.65647078
11.77888023
12.57142300
10.88229410
13.23828812
15.90336291
14.12243276
14.16936145
-5.25353011
-3.09852230
-5.45423430
-2.48231634
0.68900269
-0.13911056
2.08853288
-0.56406183
-4.99981994
-3.10625695
-2.83274137
-3.61438317
-5.64169141
-6.74204958
-4.23355458
-4.69395274
13.55214539
15.75578757
14.86442706
15.48539874
-12.47849981
-14.60267865
-13.55155090
-14.35768402
-1.81545436
-2.87624392
-0.30999948
-2.87979161
-12.24217798
-12.18136047
-12.89621720
-12.86186777
-6.69814245
-10.04746248
-7.32849870
-9.18277364
-2.65334060
-0.53568756
-4.11571396
-0.16799511
-7.97636658
-9.02200100
-8.92584609
-9.20127098
-12.83304002
-15.95990645
-13.09283284
-14.38651675
-6.58816684
-6.25951082
-7.97411964
-8.15380005
-6.15997386
-8.72006826
-4.60237020
-7.72323633
16.41301301
17.62154433
15.51385544
18.46953640
7.30129302
9.55228319
8.77318650
9.89110370
4.27270904
3.75362897
4.38018789
3.33193284
5.93621400
7.78155422
6.89982733
8.92732295
-10.57519903
-8.01132855
-8.88566518
-8.71524143
-0.89618620
-0.59562231
-1.15031447
0.93975717
-16.92463973
-18.52951758
-16.30473055
-17.40280984
-4.63580781
-2.69529436
-5.54252304
-4.08894893
-7.40028215
-9.09760665
-6.37932114
-8.66976077
6.80931755
6.13631991
8.49353071
6.12710266
-15.64552965
-17.18578782
-15.79644352
-18.06232749
-11.65625286
-12.28466098
-10.42711844
-12.32690841
5.66820486
2.88101615
5.93255973
4.82636713
-3.39179848
15.79618315
-0.05564039
16.11034169
-1.77346645
15.27473302
-1.20992745
14.97472513
-0.01555576
1.69745252
-2.63306558
1.44565111
-1.16854161
-0.16203521
-2.05735892
1.52879743
0.92284195
1.19910214
-2.04260935
0.92020657
2.00531703
-0.04378726
-0.76411580
2.33133778
3.30880642
7.33932831
4.28538591
6.39422742
5.57651965
6.52308010
2.83719588
6.87207773
1.08519766
0.95782419
3.75338288
1.61331262
1.60008434
-0.18802329
2.94308252
1.61796316
-10.28528873
-7.56295212
-9.43564249
-6.39312225
-9.96450424
-5.94096444
-9.95887271
-7.66424448
-1.61818683
-2.17106298
-3.16830779
-4.68782621
-0.07249041
-2.67466591
-1.17910143
-3.36008126
