-3.24058003
-13.63745338
-4.42680223
-13.13636091
-3.90982507
-11.87983906
-15.72831318
-11.32216434
-10.14545677
-0.42952273
-11.68687594
-15.87662545
-1.85947684
-4.26932259
-14.67713937
-11.07078112
-9.83446823
-13.84866570
-13.27352722
-2.45708562
-11.43880744
-8.64706578
-2.97121807
-9.52368199
-13.74048348
-6.19210849
-4.91636356
1.07884131
-1.01212901
-7.19943185
-16.80845371
-17.39165890
-10.55091729
-1.68090056
-11.03914397
-7.68125544
-10.68689556
-5.01205785
-5.75834685
-7.15803259
0.69433697
-7.17199134
-16.19133223
-4.56551531
-1.58086941
-6.38438600
-5.46360459
-9.98566110
-7.93704578
-4.87461126
14.05566531
11.44457565
4.32189917
-1.61014169
6.31248912
10.17730055
3.34377537
6.52149181
13.55251975
16.51678942
-1.96534473
6.55609611
5.27072102
12.04708491
16.72812128
0.89631014
0.06438839
9.88309024
7.49574251
7.16315164
6.75449231
11.76998883
4.89289768
13.41022849
5.68192969
3.41256947
1.72358143
11.66375652
0.10867628
16.32393649
4.23592597
4.80604611
10.20286511
11.62074324
4.18924026
6.82048679
4.60403039
15.33734599
4.88299194
0.88823304
4.27904029
7.96727041
13.24937599
2.24788150
17.20099509
16.54251308
7.13293924
13.59679476
0.05713436
4.89841661
2.31214602
2.16266220
7.90271838
0.03945970
-7.91308502
-2.88674846
0.68171539
-16.74670970
10.58474880
4.72032473
-0.03752826
8.08115789
12.01185682
0.74075045
-14.20860941
10.18802802
13.09178562
-12.25655347
-8.53718772
-14.01751672
-3.89768628
6.87221901
14.81645152
13.80670083
-5.63121977
-12.44325295
-4.11748403
5.00133600
-5.74572263
-5.33614435
17.66839240
-8.83407611
2.65349587
13.93075904
8.67415312
10.27472340
-6.83363914
-2.53435676
-2.48305753
4.27595397
2.17776396
8.03367227
12.15405172
-3.38872740
-5.69469509
2.34337440
4.66333002
-9.53075784
12.54796114
-14.74215744
-3.85788988
15.93245872
-11.79493676
-14.26244429
6.47025826
8.50843848
-0.02129805
-14.44635799
-0.79574640
2.55755300
6.67384338
8.28274832
-6.93313243
-1.51556049
-14.84179559
2.95949513
8.07512747
10.87631951
-8.88277340
12.72583233
17.02338228
-3.84977061
-0.45958258
-4.13308858
-5.81381174
16.12427794
-15.45924687
-2.51528126
-11.84417180
-9.73996979
-1.13621993
-8.30729531
-15.19955218
-7.35709650
-7.98163119
18.07867760
10.80006653
4.49251507
6.79576379
-8.53882716
0.04942782
-17.89271717
-3.17464971
-10.07639145
5.33919055
-17.74561168
-12.02576760
2.24552902
-0.73806659
15.26104079
-1.85348021
1.60745630
-1.57940976
0.04797157
3.58725097
6.05606073
3.90000470
2.29994473
-8.83452477
-6.70051355
-2.67725975
-5.05264961
0.48782451
1.66050848
-14.68758974
10.42502059
-16.99759521
11.13055578
3.33249422
5.70889609
2.15769323
0.99364926
9.35012078
8.91032897
13.01922333
14.32062752
3.03080648
0.32859918
-16.96271029
-14.34463346
9.76464116
7.48383168
15.08071938
11.72968323
-8.08061130
-9.52218399
-11.43342380
-8.85856043
-12.33760042
-12.77949368
-8.70648914
-6.00315598
5.78633193
9.14224597
17.91345713
14.99374773
12.78575413
14.41840751
-1.61856335
-3.98124331
-11.88460389
-12.22511400
-7.36118646
3.52460871
-4.92812809
6.57322777
-1.11738867
-7.07306481
-5.31720887
-6.24775996
16.37638691
17.34924820
-6.81975862
-5.74458947
5.21966452
2.08351691
14.13472831
12.87009453
10.76621669
10.86852670
9.88267632
8.40282826
-10.66512147
-9.88820807
-1.35950382
-4.10526903
-3.34385649
-3.71604399
4.59024937
4.86875325
-0.68710062
2.38477066
9.36028440
10.43173848
12.52855014
9.02937221
-2.49523722
-2.62961427
-3.56529925
-6.10008804
4.01278147
4.08234096
9.00479765
6.16005940
-10.95993492
-9.24469775
10.22514110
11.37467514
-12.31742453
-3.76929282
-15.64938242
-5.72130946
17.24495312
15.12710868
-11.07728819
-10.61701354
-15.33130393
-14.60305977
8.91261825
5.50707864
7.17415581
8.01622559
-0.91680932
1.39966408
-16.46121684
-15.31102414
0.31643343
-1.05105841
3.83207908
5.80500844
6.96270295
4.75361818
9.09958563
9.55651355
-7.45542195
-6.35291920
-0.29066428
-3.02572999
-13.82722810
3.07940240
-13.59072632
4.03638198
8.85692068
8.26466107
12.89464256
9.84948465
-11.00598517
-8.27879317
11.62541251
11.74733315
13.17605485
15.24489167
-4.39159869
-2.03497723
1.19864852
-1.03438527
-2.18992964
-4.43994211
-5.07212125
-4.76052651
14.44672180
16.50915170
-12.57110917
-13.46694453
-1.51990266
-1.56435268
-11.86431588
-13.31925308
-6.88568849
-10.21574464
-4.32293364
0.51746180
-9.96681247
-9.70829141
-14.19020022
-15.32763883
-8.95628377
-7.33845278
-5.44334182
-7.91838581
14.79846556
17.51516223
7.92721692
10.82104658
4.69906354
3.49198089
7.39100894
8.35355636
-9.61027992
-7.43440610
-0.90590367
0.86000509
-17.12806552
-18.37124208
-6.09082509
-2.65268931
-5.57056137
-8.08606362
7.97563018
5.97935953
-16.74492539
-18.15604002
-11.27146549
-13.16956656
4.84216345
3.90459000
-0.75219209
14.52705169
-1.74375904
14.01267339
-0.92048261
0.51046947
-1.86359630
1.00195937
1.90671197
-0.91125568
-1.63099592
1.80750493
5.16983671
5.73688078
2.30264269
7.69450666
0.58533874
0.38491567
2.61125904
0.63385348
-10.88460313
-7.03037924
-9.12640441
-8.48564443
-0.82254122
-1.64502656
-2.08990207
-3.92670826
2.97932294
0.69879521
1.77620882
1.48770054
-16.51961168
10.99655107
-15.87627629
9.69827744
-14.20752362
9.45524853
-18.61383138
10.03664373
2.99424881
5.36159677
4.56912720
6.15177308
2.00242205
0.26885558
3.33714772
2.28527681
6.83267167
8.82022810
7.99688500
8.67821212
11.80043030
10.96557727
11.84677126
13.17542132
3.54962729
1.69214011
1.62826801
0.91498145
-16.06329211
-13.06950850
-16.04671654
-13.02658226
12.21353887
8.85807517
10.97757750
6.11397473
15.79566735
11.81948728
14.03492676
12.07048157
-10.05152111
-11.41880844
-9.46277147
-10.85440245
-11.26389294
-8.95028658
-10.18818034
-7.96325159
-13.20373909
-14.51830442
-11.88375586
-11.39873419
-9.44868291
-5.25910807
-8.08071132
-7.36191113
3.48060370
7.97111932
6.85921038
9.19157190
17.70209011
13.77277789
17.28661599
13.77047944
10.48945065
14.99672828
11.52481625
13.65238863
-2.78133941
-6.69731590
-2.91912962
-4.02542276
-10.97745613
-13.52463553
-10.73844222
-11.14849444
-6.91136154
2.89311753
-3.48512275
5.59418232
-8.45578091
4.38132970
-5.61066088
5.74110288
-3.43392423
-5.00925192
-0.05028436
-6.57150349
-7.29733234
-4.91077355
-6.51853277
-5.83056815
14.23805525
17.32538268
16.48513613
16.01088595
-4.71091794
-8.06244408
-7.46450838
-6.19406840
3.99853883
1.26666902
6.10347240
2.83173185
12.93215682
14.02188977
15.37361777
12.88297587
13.16145262
9.81391036
11.99544880
10.97103177
7.85864150
10.48030005
11.10912966
9.31761967
-12.16007895
-8.08874690
-11.08489553
-9.10315130
-3.02783379
-5.43365840
-1.79596515
-2.69955379
-2.21699583
-3.70992341
-2.20376527
-4.57543525
2.99708042
4.98651127
3.42811677
3.50916065
-1.15861258
1.62344044
-1.94493271
1.04223148
6.99054778
8.23641770
8.29766510
9.30692346
12.62794370
12.33652609
11.36517822
10.04663050
-3.73067436
-4.22532112
-1.97947606
-3.18338399
-3.33558313
-5.27277676
-4.48469084
-6.36300278
2.68595521
3.62020410
2.84574365
5.33151943
4.44090986
5.31342731
7.84026067
6.57986488
-10.57956934
-8.29065651
-9.70434302
-11.37533184
10.64243984
12.35379089
11.28330981
10.34479033
-13.44466944
-3.98056202
-15.40460961
-4.94336866
-12.40251794
-3.68851730
-14.45839967
-5.30814287
16.24450836
15.02614244
16.05834316
15.18719867
-10.19174798
-12.73522052
-11.56314492
-10.43385764
-16.79152413
-13.48180231
-16.50567311
-14.95986920
7.57165556
6.73836352
7.77349962
6.49465302
5.73798855
7.68888372
6.03080139
6.89451739
0.16216992
-0.43161811
-2.06373975
1.79467271
-17.97041330
-14.21381012
-16.30718083
-15.31470589
-0.78971141
0.15492757
1.53387509
-0.70146872
4.98562608
3.65453077
4.11473906
4.75384011
3.96065320
6.34317610
5.87932315
5.57629302
8.80940057
7.45623601
9.43001612
8.51205207
-6.76739629
-8.55114495
-6.32899307
-7.50194493
-1.50665204
-0.95142262
-0.84447077
-2.23489612
-14.81122015
1.70045717
-14.61521816
2.39336034
-12.78531341
2.05467284
-12.51425616
3.62480735
7.74943033
7.77187934
9.42205190
7.30907127
13.04330162
10.02810238
12.83036585
9.94370705
-12.02323523
-9.95154513
-9.90863995
-7.80661647
12.69108506
11.80717693
12.60071905
10.90611777
13.26562302
15.92686961
14.15519794
14.19324265
-5.25456819
-3.10615475
-5.48617620
-2.48649639
0.66948326
-0.13596659
2.13038218
-0.55611018
-4.99136306
-3.08877571
-2.84377427
-3.61230068
-5.66528476
-6.76061203
-4.22545609
-4.70773972
13.59033726
15.79352002
14.89602627
15.52621022
-12.51045890
-14.64420930
-13.57812724
-14.38940191
-1.94657057
-2.93051791
-0.47880812
-2.87585373
-12.27185256
-12.20965256
-12.92593591
-12.88846245
-6.72129135
-10.07859253
-7.36332257
-9.19820180
-2.65277745
-0.52457351
-4.12388317
-0.16145129
-8.01894957
-9.06149276
-8.95436458
-9.20183415
-12.85671773
-15.99609843
-13.10798518
-14.41190989
-6.55490388
-6.26218069
-8.01495968
-8.15885792
-6.17924384
-8.73246971
-4.60976330
-7.73406143
16.45169655
17.63012867
15.54764268
18.51522972
7.29905462
9.56781955
8.78803237
9.91733948
4.26666813
3.76460839
4.39127859
3.32168918
5.93757238
7.79121858
6.90645905
8.95420777
-10.60209837
-8.01420263
-8.90591220
-8.70741878
-0.89558800
-0.54830524
-1.17110382
0.93388875
-16.95544882
-18.55356140
-16.33500400
-17.44678847
-4.66884218
-2.72347858
-5.55704061
-4.10085242
-7.40517402
-9.12233751
-6.42837264
-8.67525148
6.84053630
6.15858106
8.50591599
6.14778143
-15.67842900
-17.21838720
-15.82867073
-18.08953898
-11.68704414
-12.29851664
-10.44199727
-12.34473036
5.67470328
2.90667324
5.90570876
4.83808388
-3.40470140
15.83144445
-0.05097888
16.15049293
-1.76983743
15.28770590
-1.20529226
15.02345269
-0.00826563
1.69195444
-2.62630182
1.45396846
-1.16910477
-0.18124775
-2.02046300
1.51899042
0.95338459
1.19453241
-1.85360096
0.93756164
2.01837361
-0.02197033
-0.75591720
2.32033024
3.22332505
7.34926994
4.42110495
6.39877712
5.57529094
6.55654804
3.11834924
6.89687728
1.12404732
0.97384730
3.78474599
1.68455157
1.62457634
-0.19163461
2.96545644
1.40645237
-10.29600981
-7.56950978
-9.46437035
-6.44298396
-10.01566980
-5.97065742
-9.94481540
-7.67222016
-1.59321971
-2.19909694
-3.22460812
-4.76484651
-0.20298178
-2.70877638
-1.19397145
-3.35501200
2.99476982
0.45634700
0.06332192
2.53930894
2.19722419
-0.14034948
1.10948168
1.32910575
-18.33596749
11.12060832
-17.22594089
9.60732345
-15.55466563
10.66335489
-17.90229185
12.12155583
-16.49426287
10.19372137
-16.27132447
9.98114834
-13.29310978
9.16561016
-18.17084075
10.94044578
