-3.29656171
-13.78667928
-4.54677071
-13.31270859
-3.98676108
-12.08752126
-15.91381573
-11.47095696
-10.27888467
-0.40817999
-11.83449793
-16.01613558
-1.76624898
-4.44809807
-14.83653741
-11.17642148
-10.03692593
-13.96797203
-13.47423208
-2.52068661
-11.52869373
-8.61289975
-3.04050284
-9.65985848
-13.92485336
-6.32031409
-5.02123844
1.08058037
-0.89526723
-7.26645006
-16.95424233
-17.60851377
-10.70402544
-1.52365560
-11.17221199
-7.71969765
-10.89261857
-5.10397985
-5.73249023
-7.21691628
0.73806208
-7.31823316
-16.44423936
-4.59525228
-1.62796353
-6.50346668
-5.52439377
-10.12829843
-8.07866164
-5.01434373
14.45592357
11.60436452
4.33807695
-1.57626770
6.47079817
10.19575247
3.36404534
6.57012710
13.84523584
16.73181295
-1.98120655
6.54924710
5.34111181
12.27743938
16.99397707
0.87700421
0.01826383
10.01547204
7.66480621
7.20177846
7.12739129
12.01664215
4.92155450
13.60523934
5.77865909
3.51130269
1.62856968
11.91800597
0.16738499
16.74672293
4.33873736
4.87337997
10.35844891
11.76870603
4.09807435
7.00468161
4.71066999
15.57218986
4.68921054
0.79928819
4.36099203
8.06892265
13.45394971
2.27219732
17.50549727
16.71446764
7.16463270
13.98347888
-0.10085694
4.90717438
2.32434013
2.08368597
8.02465735
0.02852151
-8.08568776
-2.73160182
0.69305226
-17.21740333
10.73718292
5.28993479
-0.34740471
8.18960422
12.21269538
0.87544927
-14.43949544
10.41230714
13.29341939
-12.39597021
-8.63616069
-14.19048782
-3.99468504
6.99226199
14.92389276
13.98882418
-5.69778198
-12.61598436
-4.17490054
5.10344762
-5.88444904
-5.35387477
17.90763872
-8.92457788
2.57100431
14.15523478
8.84996908
10.41873142
-6.87409927
-2.61126045
-2.56741257
4.33086091
2.21131637
8.13907740
12.33602775
-3.50770944
-5.85228610
2.33088378
4.76780650
-9.57468086
12.71536027
-14.94077080
-3.94634096
16.21468727
-11.92293744
-14.50454583
6.77562834
8.62035720
-0.05351211
-14.64165274
-0.82770559
2.69650304
6.73793987
8.31144248
-7.04786331
-1.53730336
-14.95351235
3.01534649
8.18362651
11.00739341
-9.07514893
12.97198353
17.18890827
-3.92014660
-0.50671323
-4.10415297
-5.91632401
16.38316785
-15.60232197
-2.51251485
-11.91713816
-9.87235365
-1.17117983
-8.40128617
-15.42020644
-7.43672338
-8.04742824
18.26353179
10.99277254
4.49357480
6.91109564
-8.62509692
-0.28649563
-18.16919660
-3.28390324
-10.18374261
5.41519846
-17.93256814
-12.14652783
2.17140581
-0.83331333
15.64950910
-1.87665551
1.55485605
-1.64590274
0.04865982
3.55731874
6.08557901
3.93596955
2.34624040
-8.98560329
-6.75306086
-2.86203501
-4.93570897
0.56851965
1.69238312
-14.85859993
10.85870127
-17.51894028
11.33859230
2.66853769
6.16086379
2.71078932
1.64974164
9.49336243
9.03676630
13.38765883
14.64406244
3.07731604
0.34807154
-17.20435615
-14.55372237
9.90136493
7.54927545
15.33933252
11.94663464
-8.25470885
-9.63639974
-11.48146136
-8.92010863
-12.46190499
-12.97718548
-8.87888548
-6.12309353
5.81825966
9.27829868
18.19078196
15.23629477
12.95102524
14.63519309
-1.54837966
-4.06415179
-12.08203278
-12.38429642
-7.56284189
3.59182519
-5.04861941
6.57904556
-0.95527518
-7.23233127
-5.38874523
-6.29953022
16.62396477
17.47208892
-6.88112071
-5.88801312
5.21130922
2.25537977
14.51993078
13.19785312
10.97896515
11.06210899
10.06000720
8.37052862
-10.70751058
-9.97367073
-1.39775435
-4.20829685
-3.42016749
-3.82622718
4.61931210
5.01599951
-0.73475768
2.42034958
9.43783229
10.57459674
12.65310684
9.28666706
-2.45586714
-2.69520782
-3.58602497
-6.21533559
4.12411609
4.17160241
9.22494951
6.22143659
-11.05485290
-9.33742575
10.38189375
11.53465050
-12.44338604
-3.72210217
-15.86921700
-5.89748135
17.62728616
15.43852322
-11.22354170
-10.70516251
-15.58870002
-14.75489975
9.09216754
5.67688731
7.24742251
8.03080789
-0.93078742
1.38110249
-16.71916629
-15.49143905
0.25850460
-1.10158940
3.70876224
5.72738658
7.01525056
4.76425974
9.18017878
9.74470514
-7.59605967
-6.50456170
-0.24114475
-3.05848415
-14.03271329
3.09840556
-13.68125702
4.22213269
8.80049627
8.41526308
13.05295546
10.03270193
-11.22854448
-8.44491797
11.83173120
12.08074348
13.37935612
15.46857353
-4.44427418
-2.07774321
1.18074437
-1.13311056
-2.17600853
-4.45901452
-5.06125369
-4.87750695
14.73452856
16.84950774
-12.56109772
-13.57442606
-1.45319479
-1.49821991
-11.97204264
-13.48105548
-6.95362508
-10.37850359
-4.40642135
0.49225700
-10.05857727
-9.70774188
-14.22729998
-15.49361362
-9.20188274
-7.37225405
-5.50410998
-7.97024620
14.99744357
17.78615053
8.12632262
10.95476754
4.58476978
3.51853325
7.30122410
8.52261341
-9.80902400
-7.56771331
-0.83382520
0.85980223
-17.36677180
-18.70823718
-6.25499543
-2.75955227
-5.60349863
-8.15985422
7.97561629
6.15251893
-16.90648739
-18.31676890
-11.37873800
-13.25226311
4.97626555
4.10345108
-0.88825657
14.91169037
-1.87894562
14.22435480
-0.91323871
0.49690287
-1.89731938
0.85114760
1.91915381
-0.88159179
-1.66071346
1.80879230
5.09484826
5.77808262
2.21891235
7.74323393
0.54677439
0.45904173
2.58407103
0.63725675
-10.97954980
-7.18263159
-9.22329769
-8.58080768
-0.87364015
-1.67866695
-2.22741463
-3.97142289
2.68231584
0.67143392
1.79194193
1.60691423
-16.85671075
11.28936704
-16.29082888
9.51648764
-14.34345764
9.15858475
-18.69103937
10.10771380
2.77499813
5.06383804
4.44317616
6.34157509
2.10029355
0.40193807
2.88736023
2.64213826
6.93459332
8.89735929
8.05049341
8.87412958
12.15272659
11.19340446
12.18800629
13.44580647
3.63606204
1.63714615
1.60518175
0.91004594
-16.42028202
-13.28126059
-16.27532532
-13.25336761
12.41454961
9.08273806
11.15401086
6.16065176
16.03250227
12.00285034
14.22444419
12.18598910
-10.20677403
-11.65299764
-9.62568726
-11.06128758
-11.37172927
-9.11214891
-10.19287641
-8.01052764
-13.37293918
-14.70851246
-12.08550374
-11.55375772
-9.58814091
-5.36342195
-8.19351905
-7.51699461
3.52495060
8.08503453
6.93444454
9.31495706
18.05745942
13.89793287
17.55462781
13.97849460
10.60536861
15.23623428
11.66480886
13.87617603
-2.78634505
-6.74980710
-3.02669562
-4.07028823
-11.10422748
-13.73388672
-10.92748990
-11.32346326
-7.03981325
2.93368587
-3.60273737
5.67268223
-8.55936685
4.15453782
-5.71259059
5.85427089
-3.39715433
-5.03647961
-0.00101871
-6.70702392
-7.45175042
-4.98928000
-6.55116803
-5.90217259
14.49000082
17.59859465
16.70838907
16.07232782
-4.80800335
-8.18577544
-7.44502657
-6.11839132
3.96958510
1.17082131
6.14916548
2.83558765
13.33575247
14.30556379
15.76868294
13.03198684
13.40779744
9.98321881
12.19166947
11.16666399
8.06450684
10.56639730
11.27182193
9.37423520
-12.30067453
-8.06086030
-11.24917151
-9.20786165
-3.10200254
-5.61063687
-1.96274809
-2.78602824
-2.38073135
-3.78247419
-2.05870578
-4.68868344
3.00451336
5.03369128
3.44564362
3.54437689
-1.14955584
1.63214856
-2.00783589
1.10945412
7.04494533
8.32464740
8.33931623
9.41955327
12.83002150
12.51488288
11.48123887
10.25361962
-3.72540819
-4.23414537
-1.94118015
-3.17766876
-3.44941213
-5.32803389
-4.66650781
-6.47847976
2.63957596
3.62502188
2.84331466
5.49176829
4.36915543
5.34310496
8.04499462
6.74867595
-10.65915497
-8.34791840
-9.81363638
-11.44915265
10.82491186
12.56446443
11.45465667
10.48788460
-13.60963625
-4.10587974
-15.61732420
-5.08255814
-12.55070662
-3.71112548
-14.63286347
-5.43969690
16.55014458
15.29917033
16.40973029
15.56824808
-10.25823556
-12.83416705
-11.65861053
-10.50324109
-17.07442893
-13.67558571
-16.86094794
-15.08185741
7.65451052
7.07618236
7.94769542
6.52936669
5.71450425
7.73821043
6.05265878
6.87602251
0.20477331
-0.51944595
-2.14801883
1.81884508
-18.14322697
-14.36245435
-16.45518415
-15.55614099
-0.88916705
0.10958142
1.70651674
-0.66925025
5.30990412
3.71893612
4.13656524
4.72918599
3.99260316
6.42065626
5.92763019
5.61328465
8.94033651
7.54820763
9.47879957
8.62977210
-6.87735088
-8.69093081
-6.42449790
-7.69990535
-1.49318492
-0.96805926
-0.80613587
-2.27991316
-14.95852641
1.61469482
-14.83217640
2.44141364
-12.92071484
2.05917798
-12.58049402
3.69996507
7.63279888
7.86738417
9.55604207
7.37227046
13.25587233
10.07580970
13.12186103
10.05770850
-12.27559801
-10.18897533
-10.10398145
-7.96099987
12.88046365
11.98192641
12.83375253
11.07170132
13.46121204
16.05990826
14.35829607
14.36909930
-5.33841987
-3.17338193
-5.61530161
-2.52313337
0.62780510
-0.15656474
2.17330130
-0.70408268
-4.97008279
-3.03208438
-2.91374411
-3.63307562
-5.69136292
-6.91773170
-4.26193902
-4.67156106
13.87730128
16.01702315
15.10956229
15.83144473
-12.74865617
-15.25656263
-13.58762117
-14.52989688
-1.92239603
-3.04639764
-0.32507150
-2.81970367
-12.41906525
-12.40173768
-13.06126289
-13.00995606
-6.75801110
-10.19745995
-7.45821717
-9.31253329
-2.71931701
-0.55596504
-4.23246068
-0.16802126
-8.20113263
-9.22155440
-9.06894552
-9.24036403
-13.00977160
-16.16394743
-13.22976207
-14.59150363
-6.63775925
-6.32944271
-8.26028123
-8.24771379
-6.22802592
-8.81619745
-4.66597058
-7.78523236
16.68493313
17.73279924
15.74366984
18.80449562
7.48878084
9.59555058
9.06027967
10.08601451
4.43126911
3.70749100
4.75356641
3.44008168
6.13893853
7.92961050
7.02815503
8.97325389
-10.76425183
-8.16113358
-9.05884656
-8.82919761
-0.94186830
-0.61161869
-1.26009382
0.95458259
-17.27072391
-18.86887406
-16.53821045
-17.92883042
-4.82697030
-2.89596952
-5.69897152
-4.22128087
-7.45036365
-9.18852501
-6.56617147
-8.74502982
6.98513933
6.20381960
8.60249430
6.21089089
-15.90132778
-17.39981170
-16.03587904
-18.31398881
-11.83556265
-12.39747032
-10.52317506
-12.38793208
5.78922625
2.90227857
5.92650006
4.93840515
-3.49815881
16.00920724
-0.17944315
16.40658553
-1.90940720
15.29345553
-1.29675209
15.24453871
0.03761543
1.72831423
-2.61435731
1.52322396
-1.14643662
-0.25774180
-2.00846227
1.42060008
0.96610972
1.12945957
-1.92609191
0.95500728
2.05652185
-0.00223329
-0.85345895
2.27607131
2.93149407
7.62696730
4.73608540
6.66150525
5.68704295
6.78084894
3.29979228
7.02237787
1.09033225
0.99716771
3.93167918
1.69821314
1.59170818
-0.17116458
3.03901038
1.34584342
-10.40881093
-7.68453968
-9.60007701
-6.66197741
-10.18111158
-6.12266491
-10.00325984
-7.69588254
-1.68234244
-2.16724122
-3.37816059
-4.90869543
-0.28226172
-2.69483322
-1.23586487
-3.25472161
3.23413079
0.64645195
0.15035721
2.60911207
2.29399803
0.04593777
1.20838119
1.26469449
-18.51287055
11.19024952
-17.51962907
9.68600915
-15.69547466
10.74647848
-18.49476863
12.22747816
-16.61640635
10.45740624
-15.96920506
10.15267182
-13.75979162
8.95661304
-18.21777350
11.05895843
4.33510768
4.71498125
3.58894400
5.36471740
3.45541800
5.94126988
5.27968630
6.05367172
0.42265373
0.09828316
1.68778311
1.03935777
1.37980005
0.06378689
3.78006537
2.01372714
