-3.35391770
-13.88664417
-4.58792708
-13.39082853
-4.01872110
-12.17976388
-16.04624398
-11.53019217
-10.35330698
-0.39449600
-11.91617176
-16.09516875
-1.78059512
-4.49444461
-14.90987489
-11.27336591
-10.12486754
-14.02602445
-13.59903438
-2.55526312
-11.58568788
-8.64169208
-3.03285434
-9.72634621
-14.07021934
-6.37401107
-5.05953921
1.07859822
-0.86542761
-7.24014685
-17.04899394
-17.66420941
-10.75799513
-1.44034504
-11.25437316
-7.74880664
-10.99799730
-5.17525406
-5.76086678
-7.25370295
0.76239835
-7.39509141
-16.56052571
-4.62008375
-1.64460810
-6.51528823
-5.54905698
-10.21213926
-8.17333716
-5.04459951
14.58795349
11.72178879
4.32358254
-1.60878834
6.48142844
10.27801364
3.36854209
6.65069627
13.94402301
16.83509579
-1.94793355
7.19951690
5.35818325
12.41728901
17.13147025
0.85696326
0.03808229
10.09678052
7.82708920
7.23385625
7.27121558
12.09965199
4.93144527
13.72057674
5.83713298
3.48938721
1.60296013
12.02319350
0.11802111
16.90242645
4.35557206
4.89224074
10.47050066
11.86612528
4.11504719
7.05277312
4.65132502
15.71099971
4.59812087
0.82734032
4.35739744
8.14787496
13.52832348
2.31219550
17.65452271
16.82431493
7.18501838
14.11554622
-0.15992052
4.96662451
2.35355966
2.06590454
7.89289938
0.02350182
-8.16367699
-2.72912216
0.67982289
-17.32764399
10.79503248
5.39915194
-0.25238932
8.63317252
12.29863894
0.91916649
-14.53342591
10.55544866
13.39845930
-12.53457520
-8.64847683
-14.29799899
-4.02562562
7.02933178
15.00651866
14.15511197
-5.75590290
-12.71467196
-4.21493919
5.14851129
-5.93046147
-5.39141376
18.06179217
-8.96470199
2.52819677
14.26644396
8.94314382
10.49348181
-6.92750533
-2.63828514
-2.59369597
4.35135983
2.24500416
8.18385088
12.42571160
-3.50796571
-5.94056963
2.33445073
4.80908492
-9.59065095
12.86331573
-15.03339557
-3.97051730
16.34624873
-11.96535355
-14.66319300
6.83143619
8.69249156
-0.03738792
-14.74623519
-0.87063130
2.69056693
6.77304218
8.38132740
-7.11395851
-1.57909830
-15.02214976
3.09783638
8.23554744
11.12157611
-9.16100249
13.07590109
17.29640736
-3.92867500
-0.54459352
-4.13698920
-5.97064422
16.50181698
-15.71362971
-2.46751148
-11.97163796
-9.89134708
-1.20249877
-8.44548927
-15.56691996
-7.48378241
-8.09879944
18.39088529
11.08055916
4.49615105
6.87964320
-8.69365609
-0.12538747
-18.32736694
-3.34373517
-10.21044296
5.44255768
-18.03567140
-12.17383366
2.10933819
-0.84565810
15.79356953
-1.90105956
1.55349184
-1.74114769
0.07637868
3.58484242
6.05732596
3.94328766
2.36078899
-9.04425125
-6.78221581
-2.91805838
-4.94275725
0.55490060
1.65402273
-14.93960501
10.92021222
-17.60213051
11.48735734
2.66603459
6.30565208
2.70982901
1.66024418
9.35676622
8.81931593
13.49248788
14.75475371
3.04612566
0.34675879
-17.31254408
-14.63714611
9.98146682
7.58815024
15.44387192
12.03177360
-8.32601340
-9.71750389
-11.50481909
-8.99019333
-12.54902279
-13.09525712
-8.93766217
-6.16095816
5.87553923
9.42239709
18.34049574
15.35504372
13.07946274
14.74563165
-1.64402704
-4.08917131
-12.17538688
-12.47142757
-7.64302774
3.64404811
-5.10096602
6.61580974
-0.84425648
-7.29677464
-5.43869946
-6.32615103
16.75037867
17.58932364
-6.91880742
-5.89784584
5.24205119
2.32176700
14.64707530
13.31616123
11.09645598
11.18021520
10.16109559
8.41472380
-10.74669242
-10.03383427
-1.42754080
-4.21982108
-3.41170630
-3.86879505
4.62726643
5.04835031
-0.70015590
2.46228919
9.50672599
10.66682192
12.75045275
9.40544393
-2.45962543
-2.72158463
-3.64005638
-6.29641075
4.15941137
4.18829873
9.32489829
6.25089600
-11.07808107
-9.40254954
10.49833908
11.70201791
-12.53776173
-3.73667323
-15.98657826
-5.93553702
17.78886113
15.58279449
-11.31615552
-10.74087222
-15.76301631
-14.89946691
9.19922297
5.63444647
7.29249118
8.08762559
-0.95352202
1.39880152
-16.86119528
-15.59676072
0.31481865
-1.12593121
3.74994116
5.71879065
7.06476033
4.76542575
9.25119242
9.81899528
-7.67525472
-6.54769157
-0.21764434
-3.06051125
-14.13063434
3.10988641
-13.79000202
4.26734274
8.85875871
8.54925289
13.14610089
10.16343951
-11.31580543
-8.52246307
11.92218487
12.12919343
13.51569341
15.58758275
-4.47489661
-2.10239602
1.18546134
-1.18639511
-2.16533548
-4.48823918
-5.03383215
-4.93471718
14.86948133
17.01141260
-12.60022468
-13.69943713
-1.44939612
-1.47526687
-12.05562320
-13.58112784
-6.95387827
-10.48895541
-4.47681528
0.51897196
-10.12879612
-9.74791343
-14.29452373
-15.58837187
-9.28086798
-7.40848522
-5.55967853
-7.99256480
15.08447593
17.92359591
8.17128038
11.01705849
4.57668353
3.53072937
7.32396205
8.49242054
-9.91219250
-7.62246317
-0.93579728
0.91600618
-17.49937634
-18.77488469
-6.32586041
-2.79581890
-5.65628174
-8.17819746
7.99127240
6.21238985
-17.00078491
-18.42723925
-11.41833986
-13.35223510
5.01277302
4.14532021
-0.85349238
15.05948171
-1.88275081
14.35108314
-0.93129369
0.54396540
-1.90668369
0.78468122
1.88986229
-0.86595184
-1.65682434
1.79725538
5.14485486
5.78412204
2.17873685
8.11592185
0.51475966
0.46149188
2.57731133
0.64168209
-11.06207281
-7.25012927
-9.28565386
-8.63640461
-0.91273295
-1.69609831
-2.24595111
-4.01367659
2.63554473
0.71159305
1.72536478
1.65789970
-17.04225630
11.36990554
-16.41767785
9.53895009
-14.41595988
9.23774633
-18.69804632
10.23104448
2.76019064
5.14604346
4.43870656
6.31645063
2.09851925
0.31407932
3.04610201
2.67456761
6.77251882
9.27933929
8.35912660
8.93684113
12.26845461
11.29941197
12.28441344
13.52848241
3.66361105
1.58609188
1.58841489
0.93548659
-16.52038309
-13.37037998
-16.37276681
-13.34990178
12.50844498
9.21890590
11.25302249
6.19744321
16.14518408
12.09631448
14.31929889
12.31528821
-10.26892104
-11.78935076
-9.71759532
-11.15709192
-11.48545307
-9.22022413
-10.26481028
-8.09694167
-13.47325927
-14.81695183
-12.18548192
-11.63440279
-9.65291550
-5.41325717
-8.24532723
-7.56259669
3.53126545
8.21927040
7.01326517
9.38930734
18.22160080
14.00957178
17.67015526
14.08262615
10.69191207
15.36205060
11.78583336
13.99261422
-2.85777023
-6.78875933
-3.05213582
-4.11212479
-11.20124637
-13.83112237
-11.00912863
-11.42848143
-7.09976170
2.97576646
-3.65787538
5.71343695
-8.64482699
4.29441869
-5.76943277
5.86431373
-3.41560146
-5.06487016
0.02967283
-6.76687161
-7.49952202
-5.02736110
-6.59659855
-5.94088838
14.62127251
17.75814755
16.85769760
16.21114743
-4.84085533
-8.22293877
-7.47097303
-6.12350122
3.94383810
1.15452364
6.20596949
2.82638285
13.45604449
14.42223700
15.90570436
13.14347723
13.53688264
10.00503618
12.28885792
11.26762562
8.15863243
10.65151402
11.37089502
9.47137871
-12.38740750
-8.09306035
-11.33814757
-9.25621497
-3.13977293
-5.67931419
-2.00667508
-2.81120730
-2.43637243
-3.79744584
-2.03147468
-4.73914589
2.98986103
5.05048748
3.45388745
3.56882861
-1.16131205
1.67152593
-2.00373462
1.15591853
7.09305849
8.38289641
8.37102197
9.49993431
12.92144916
12.63126765
11.59336593
10.34441696
-3.73677016
-4.24177200
-1.92059612
-3.17165903
-3.54089638
-5.39145258
-4.75302746
-6.52939645
2.65126109
3.63771998
2.83854803
5.52688152
4.36467555
5.37551163
8.13702116
6.82868380
-10.74446126
-8.34362104
-9.83866410
-11.53136558
10.90424526
12.68169800
11.53139060
10.60071714
-13.71895362
-4.13806223
-15.69255047
-5.11970497
-12.63988832
-3.69957152
-14.71390833
-5.47449022
16.70017753
15.42848736
16.55549930
15.70822870
-10.32576871
-12.90263734
-11.70733912
-10.55153664
-17.23045941
-13.77038267
-16.99370361
-15.19876336
7.66871912
7.16874551
8.00452686
6.48322127
5.73124382
7.79950431
6.07934229
6.91718515
0.19794769
-0.51800069
-2.20284510
1.88331044
-18.25654588
-14.44881072
-16.55683167
-15.68942478
-0.89915667
0.09471592
1.70449825
-0.67591338
5.30665830
3.72590968
4.12980272
4.70475376
4.01463808
6.44702569
5.94228138
5.63443272
9.00432558
7.59573558
9.56276051
8.70220677
-6.95508445
-8.78755522
-6.48982687
-7.77005306
-1.47575338
-0.98330889
-0.77758487
-2.32090547
-15.05249984
1.63004632
-14.93993597
2.47915789
-12.96271552
2.10904119
-12.65824052
3.69291288
7.69936049
7.92283402
9.66757525
7.44858693
13.37249030
10.25779348
13.23102252
10.04773887
-12.38083423
-10.29477761
-10.17505763
-8.03370073
12.98651792
12.11256547
12.92618050
11.11405045
13.57587078
16.15531356
14.49101685
14.47268998
-5.42619900
-3.18777919
-5.65223817
-2.52200690
0.64307082
-0.19392806
2.26180435
-0.72312547
-5.02190738
-3.05394806
-2.92998758
-3.66347222
-5.68737578
-7.04479916
-4.26839340
-4.64261931
14.00952768
16.13134305
15.22110881
15.97383067
-12.88042096
-15.40738744
-13.62385038
-14.62308544
-1.95073868
-3.08244135
-0.30394624
-2.85209797
-12.50628026
-12.50485330
-13.15951284
-13.08091807
-6.76405871
-10.29020284
-7.46584774
-9.36544069
-2.76648445
-0.59856297
-4.24783140
-0.15887605
-8.25587436
-9.29313602
-9.13140566
-9.29481879
-13.11882189
-16.28706983
-13.28107237
-14.66318511
-6.68441399
-6.35085894
-8.37376566
-8.30125341
-6.25725791
-8.86491418
-4.71559759
-7.81629578
16.80768559
17.84729848
15.83369075
18.94041136
7.53134295
9.63896360
9.12053261
10.16642693
4.41270955
3.71014673
4.90467985
3.39574816
6.22008059
7.93424901
7.09312450
8.95654192
-10.86243640
-8.22994549
-9.16410119
-8.91315507
-0.92307366
-0.64043999
-1.28362801
0.87473402
-17.42025610
-19.04916786
-16.64847915
-18.05653405
-4.88714365
-2.97582917
-5.78714780
-4.31057937
-7.52523165
-9.21999712
-6.62814557
-8.75851669
7.02441679
6.22290156
8.66883757
6.23595994
-16.02360703
-17.52010316
-16.12970805
-18.42515846
-11.93567058
-12.42383923
-10.57231683
-12.46008053
5.85522759
2.88091280
5.98000799
4.98982228
-3.51778952
16.07827491
-0.19135191
16.56079005
-1.88810296
15.27169431
-1.23289081
15.36540384
0.01796909
1.75965154
-2.64030083
1.53207751
-1.13193427
-0.26627114
-2.00194060
1.37157143
0.91385039
1.09333528
-1.96415000
0.95146526
2.07842935
-0.05827934
-0.92433551
2.27444261
2.84073998
7.66601910
4.84450794
6.72026008
5.85957847
6.79662592
3.26147377
7.05233826
1.10353675
0.97365361
3.99111757
1.71939130
1.56469086
-0.20744537
3.05571995
1.39293938
-10.48384869
-7.75950358
-9.65874800
-6.74741490
-10.26531771
-6.17828473
-10.07595661
-7.71908725
-1.70682688
-2.18491150
-3.40370776
-4.95986705
-0.28346990
-2.71482820
-1.24993308
-3.23755986
3.29319897
0.62063115
0.11364221
2.60735828
2.37204169
0.09374236
1.25430190
1.21215971
-18.55155452
11.26839294
-17.64922582
9.77288312
-15.75505938
10.83616722
-18.55803156
12.34970117
-16.67813630
10.57046143
-16.15162425
10.19648306
-13.88911837
8.98973135
-18.31047070
11.15880181
4.53168678
4.67193979
3.45606756
5.41322958
3.66690537
6.00332146
5.25556260
6.11620681
0.34800108
0.06100090
1.70060600
1.04735421
1.22532677
0.09018319
3.81681966
1.95372614
6.25543217
7.74706120
9.72525392
9.32530442
6.78715582
8.68404078
7.81582241
8.61804684
