-3.33601207
-13.85674751
-4.57434833
-13.36437877
-4.00628877
-12.14961305
-16.00104787
-11.50534670
-10.33663727
-0.39816601
-11.89924965
-16.06427443
-1.77545823
-4.48001061
-14.88304151
-11.24002901
-10.09449718
-14.01190742
-13.55049760
-2.54423768
-11.56877257
-8.62985983
-3.03384600
-9.70380271
-14.02444891
-6.35631929
-5.04735321
1.08096225
-0.86502489
-7.25115095
-17.01190561
-17.64128924
-10.74413382
-1.46825774
-11.22454799
-7.73544428
-10.96130594
-5.15234267
-5.75702322
-7.24172543
0.75809043
-7.36801078
-16.52284218
-4.61115834
-1.66907131
-6.51914590
-5.54221247
-10.18698988
-8.14159322
-5.03805536
14.54401825
11.69121010
4.32417600
-1.59659312
6.48242784
10.24888353
3.36821117
6.62973501
13.91534396
16.80189951
-1.95661587
7.12467744
5.35387206
12.39360120
17.08320505
0.86558695
0.03276384
10.06934197
7.80588125
7.21855953
7.23243426
12.07246137
4.92547646
13.67459562
5.81612328
3.48458088
1.61152275
11.99036576
0.13602944
16.85025807
4.36968766
4.88480247
10.42342329
11.82404641
4.09940412
7.04302830
4.64039176
15.66334991
4.61879675
0.83261819
4.35720268
8.12940186
13.50384027
2.28565668
17.60684511
16.78738855
7.17766492
14.08295204
-0.15124486
4.94646018
2.35702224
2.07137741
7.87146461
0.02983425
-8.13715336
-2.72231643
0.67431168
-17.29170278
10.78734187
5.36357618
-0.28787378
8.58209302
12.27024095
0.90556018
-14.50292414
10.51114651
13.37108334
-12.49278806
-8.64476099
-14.25930037
-4.01681440
7.02367917
14.97613580
14.10461493
-5.73877532
-12.68560472
-4.20265264
5.12906805
-5.91493024
-5.38526307
18.00831366
-8.94782847
2.52690452
14.23125206
8.92083975
10.46081990
-6.91294473
-2.62857143
-2.59098951
4.34367985
2.23888024
8.16817964
12.39082317
-3.50873936
-5.90870418
2.33790244
4.79618781
-9.59210147
12.81459946
-15.00255359
-3.96068085
16.30333168
-11.95715148
-14.60940428
6.83041519
8.66965932
-0.04049219
-14.71238671
-0.84865605
2.69474995
6.76150732
8.36244371
-7.09552292
-1.56805316
-14.99234631
3.07598357
8.21697938
11.08888618
-9.13197690
13.04354230
17.25810101
-3.93196908
-0.54381297
-4.13673109
-5.93455991
16.46147152
-15.67747905
-2.47980809
-11.95246947
-9.88285585
-1.19502047
-8.43063843
-15.52433214
-7.47692967
-8.08173936
18.34529900
11.04823094
4.48303613
6.88095892
-8.66762056
-0.17267825
-18.26850032
-3.32283795
-10.20436304
5.43389480
-18.00088557
-12.16412466
2.12770374
-0.83503255
15.74647656
-1.89100909
1.55168403
-1.71050960
0.05811684
3.58396620
6.04010801
3.94135203
2.35313024
-9.02575453
-6.76891446
-2.90901032
-4.94431978
0.56248000
1.71463993
-14.90245438
10.90060049
-17.58124717
11.43052898
2.64501394
6.26349823
2.71689613
1.65952551
9.27876724
8.81012677
13.45752809
14.71846464
3.04909568
0.34350477
-17.27318095
-14.60950459
9.95551783
7.57601710
15.41221344
12.01513422
-8.30544444
-9.68617832
-11.49983886
-8.96773856
-12.52057488
-13.05417267
-8.91972392
-6.15112409
5.87260890
9.44134207
18.28851410
15.31240687
13.03037674
14.71578033
-1.61890005
-4.08470834
-12.14748195
-12.43902978
-7.61128148
3.62595204
-5.08352903
6.60066206
-0.88166959
-7.27668536
-5.41666488
-6.31888429
16.70631220
17.54252013
-6.90669859
-5.89505014
5.23262524
2.30693177
14.60561904
13.27590794
11.08853867
11.16405642
10.11567902
8.39760998
-10.73202429
-10.01301306
-1.41932937
-4.21284715
-3.40999186
-3.85924451
4.62602555
5.04153452
-0.70818031
2.45019449
9.48249266
10.62391242
12.71181567
9.37727205
-2.45804005
-2.71279500
-3.62131641
-6.26447485
4.14981078
4.18526912
9.30008117
6.24047777
-11.06776750
-9.38473129
10.47641826
11.67536254
-12.50573900
-3.72576862
-15.93832544
-5.92172860
17.73533058
15.53475116
-11.28579569
-10.72907256
-15.70485798
-14.84960305
9.15699447
5.64104944
7.27703782
8.06788197
-0.94722580
1.39315170
-16.81482023
-15.56197313
0.28697249
-1.11604870
3.77949939
5.68300859
7.04403524
4.76488595
9.22745999
9.79592315
-7.65050576
-6.53223606
-0.21826081
-3.06096183
-14.10642021
3.12206950
-13.75067093
4.22223887
8.83772475
8.50676310
13.12992024
10.17124761
-11.28930248
-8.49748050
11.89389638
12.12127570
13.47578281
15.54619160
-4.46883984
-2.09389870
1.17388556
-1.16691634
-2.16986587
-4.47417910
-5.03462042
-4.92365970
14.82534983
16.95795928
-12.59002080
-13.65369618
-1.43901944
-1.48110242
-12.02535866
-13.54687564
-6.94658900
-10.46654830
-4.45320272
0.51118846
-10.10429268
-9.73329310
-14.26086674
-15.55453446
-9.25392390
-7.39946055
-5.54173035
-7.98541184
15.05585884
17.87485403
8.16113151
10.99630503
4.56808350
3.52534280
7.31092260
8.49249061
-9.88037611
-7.60663371
-0.89039980
0.91025593
-17.45264428
-18.75458288
-6.30567987
-2.78275617
-5.63860971
-8.17380878
7.98790653
6.19742712
-16.96918531
-18.38748421
-11.40266785
-13.32821091
5.00234986
4.12872582
-0.87298583
15.02136966
-1.86910103
14.30880198
-0.91841778
0.53132185
-1.89470050
0.79702076
1.90259359
-0.87132528
-1.66072967
1.80340759
5.14169289
5.77903381
2.17645794
8.07487702
0.52708955
0.46461083
2.57750073
0.64139523
-11.03287503
-7.22872953
-9.26414634
-8.61680419
-0.90342694
-1.68710033
-2.23520399
-3.99499556
2.64975853
0.69336240
1.73945344
1.62185947
-16.98164277
11.34185861
-16.37713923
9.53860174
-14.39227685
9.20021400
-18.69614713
10.20747385
2.75535613
5.14236454
4.45030438
6.31383494
2.06841140
0.32692988
3.01422601
2.67238359
6.75227519
9.25971658
8.36660364
8.91159804
12.23122287
11.26527713
12.25256696
13.49896973
3.66793908
1.60072187
1.58913055
0.93176228
-16.48793291
-13.34099452
-16.34031689
-13.31811348
12.47893577
9.17708295
11.22087411
6.18719443
16.11427478
12.07659352
14.28942140
12.27629361
-10.25503754
-11.74406547
-9.69232795
-11.12238930
-11.44841170
-9.18494197
-10.24212485
-8.06075731
-13.43919996
-14.77993908
-12.15261932
-11.60650947
-9.63143938
-5.39599186
-8.22863838
-7.54756400
3.53870920
8.19042549
6.98425871
9.36033296
18.16780237
13.97059068
17.63139609
14.04756235
10.65545271
15.32463090
11.74163601
13.95777989
-2.83170146
-6.77545818
-3.03589205
-4.09540185
-11.16421823
-13.79774410
-10.98303789
-11.38983692
-7.07909801
2.96448104
-3.63988612
5.69995878
-8.61301236
4.25200135
-5.75235849
5.86757326
-3.40580632
-5.05411839
0.02073317
-6.74681760
-7.48424235
-5.01867622
-6.58267264
-5.93022653
14.57552922
17.70361771
16.80319279
16.16643512
-4.82710255
-8.21416363
-7.46209708
-6.11960138
3.95442058
1.16563500
6.18721904
2.83108740
13.41648740
14.38342533
15.86098162
13.10627499
13.50663893
9.96953021
12.26998917
11.23233027
8.12308441
10.62278581
11.34313261
9.44376761
-12.35706088
-8.08037218
-11.30741496
-9.24048732
-3.12798911
-5.66645107
-1.99340244
-2.81032810
-2.41514557
-3.79154179
-2.03613816
-4.72648069
2.99725431
5.04364793
3.45114926
3.56039007
-1.15558754
1.66386795
-2.00712759
1.14291411
7.07779404
8.35728069
8.35910345
9.46392007
12.88581128
12.58521638
11.55509429
10.30772856
-3.73354948
-4.24198202
-1.92295181
-3.17188592
-3.50642420
-5.36734198
-4.72132516
-6.51783015
2.64515503
3.63533874
2.83248660
5.51643889
4.36423798
5.36005863
8.11332215
6.80820601
-10.71569072
-8.35042630
-9.83243664
-11.50545326
10.89780164
12.64495633
11.50250538
10.56598457
-13.68113245
-4.12709247
-15.66780494
-5.10741443
-12.61826026
-3.69833854
-14.68417892
-5.46267992
16.64998364
15.38529972
16.50736136
15.66156914
-10.30578967
-12.87575706
-11.69605738
-10.53919535
-17.17036757
-13.73302346
-16.95104247
-15.15635865
7.64133878
7.14802434
7.97012446
6.46326856
5.71369448
7.77708937
6.07194069
6.90048094
0.19406972
-0.51627031
-2.18305207
1.86358541
-18.21446147
-14.41959716
-16.52088933
-15.64584687
-0.89018144
0.10216068
1.72154487
-0.66955197
5.26242105
3.72134575
4.10678085
4.69949367
4.00862375
6.43858254
5.93783195
5.62160890
8.98250806
7.58105477
9.53845997
8.67962754
-6.92969807
-8.75741064
-6.46912290
-7.74589931
-1.47474341
-0.97538882
-0.76660571
-2.31007445
-15.01247341
1.60382954
-14.90310445
2.45862978
-12.94960084
2.06813713
-12.63427990
3.68372223
7.67580623
7.90416389
9.62657100
7.42571861
13.33968944
10.19971409
13.21094898
10.02594499
-12.34816795
-10.25942912
-10.15390256
-8.00973155
12.95288395
12.06254521
12.89717269
11.10584294
13.53533258
16.12055810
14.44819661
14.43533190
-5.39607803
-3.17777854
-5.64151898
-2.52151745
0.63908753
-0.18522514
2.23047100
-0.71768343
-5.01124483
-3.05771198
-2.92221448
-3.65419915
-5.68514871
-7.01633730
-4.25571575
-4.64697697
13.96753104
16.08868835
15.18558097
15.92806504
-12.84164465
-15.35571365
-13.61080574
-14.59000466
-1.93939055
-3.06791129
-0.30360490
-2.84372188
-12.47667607
-12.46953281
-13.12457920
-13.05736479
-6.76072424
-10.25229076
-7.46174599
-9.34612477
-2.75112423
-0.59078660
-4.25359401
-0.16175722
-8.23703674
-9.26821967
-9.11026154
-9.27494274
-13.08193735
-16.23555026
-13.26380377
-14.64137119
-6.66878312
-6.35135514
-8.32990761
-8.28512428
-6.24654393
-8.84776576
-4.70549773
-7.80499904
16.76215391
17.80796342
15.80060448
18.89180374
7.52757899
9.62301376
9.10775923
10.14283759
4.41486113
3.69726088
4.87054449
3.40692915
6.19634042
7.93368005
7.06377451
8.95752768
-10.83449466
-8.20702570
-9.12877701
-8.88350179
-0.91677653
-0.64055493
-1.28135337
0.90055983
-17.36894382
-18.98747531
-16.61303361
-18.01394444
-4.86735962
-2.94565976
-5.76036968
-4.27981257
-7.50029158
-9.20986569
-6.60492645
-8.75665353
7.01141114
6.21649808
8.64375180
6.22615794
-15.98580756
-17.47694215
-16.09864941
-18.39371585
-11.90333062
-12.40757005
-10.55417205
-12.43518438
5.82924126
2.88577246
5.95979044
4.96999577
-3.50226256
16.05783910
-0.17368405
16.50820066
-1.89744021
15.27957223
-1.25797797
15.32356358
0.03870031
1.75996143
-2.63461982
1.53193819
-1.13408394
-0.26288078
-2.00958969
1.38439082
0.93393228
1.10601181
-1.95873891
0.95283867
2.07328751
-0.03733061
-0.90554606
2.27525657
2.88383648
7.66899860
4.81683637
6.71137079
5.83870456
6.79536603
3.26612780
7.04787573
1.09697964
0.99182162
3.97508837
1.71540856
1.57493776
-0.18902766
3.05154006
1.37225584
-10.45850682
-7.73553155
-9.63880809
-6.72343409
-10.23549620
-6.16059961
-10.05022368
-7.70991743
-1.70120481
-2.17829807
-3.40255957
-4.94252103
-0.28346504
-2.70446667
-1.24093094
-3.23377850
3.26038933
0.64425581
0.11905020
2.61679760
2.34166637
0.08649848
1.23129008
1.23400939
-18.53591056
11.23718414
-17.60638670
9.74797495
-15.72973382
10.80524876
-18.54204265
12.30846791
-16.64751225
10.54267052
-16.09164552
10.18544289
-13.85791918
8.97739795
-18.27992398
11.12207528
4.49023251
4.67336409
3.53555413
5.39031734
3.62455332
5.98684449
5.26862164
6.10605280
0.33359873
0.08123132
1.71411937
1.05802709
1.22586824
0.08143301
3.78193087
1.97320763
6.19890853
7.71683244
9.72201299
9.32990321
6.76981044
8.68366945
7.80222535
8.62920636
