-3.50376267
-14.05117477
-4.65818834
-13.49713857
-4.07906728
-12.22495014
-16.25823780
-11.62201428
-10.41482600
-0.35098744
-12.05933362
-16.27108782
-1.81816321
-4.57158864
-14.63149699
-11.46620779
-10.26705335
-14.14289351
-13.81300304
-2.57557189
-11.69006747
-8.71474063
-3.20002599
-9.81984220
-14.24648589
-6.47317297
-5.13898914
1.08092726
-0.82639653
-7.21218455
-17.24682278
-17.86787942
-10.84320877
-1.33874389
-11.38536743
-7.83839709
-11.15925679
-5.27883845
-5.80248170
-7.34773750
0.74601376
-7.51805390
-16.75874959
-4.69057457
-1.66126530
-6.50753551
-5.56710312
-10.32712197
-8.32473776
-5.14751750
14.79298381
11.93251285
4.25313513
-1.72147327
6.55369417
10.43217529
3.37527316
6.64569963
14.07401749
16.98683845
-2.10948487
7.34584065
5.36729069
12.54161270
17.39027948
0.87405371
0.05473419
10.28211505
7.85903010
7.32794105
7.42080231
12.63404442
4.94824411
13.92452358
5.93635885
3.51194656
1.65635461
12.18095384
0.02097585
17.15062167
4.24706836
4.97623331
10.64903326
12.02745683
4.20424629
7.20482246
4.77817486
15.91249185
4.44267649
0.78917166
4.33514988
8.32900474
13.76677447
2.38624114
17.87192482
16.98670985
7.20676570
14.26753011
-0.17729987
5.03439395
2.37521256
2.11345379
7.94338803
-0.01173368
-8.29704375
-2.84284350
0.67047913
-17.52771857
10.88878035
5.53445707
-0.02092375
8.71041461
12.06173579
0.61034918
-14.33387240
10.53682699
13.50875196
-12.70343824
-8.70291870
-14.52733768
-4.07383296
7.11300759
15.18286540
14.36732862
-5.84176754
-12.68453446
-4.32793360
5.15613505
-6.01238457
-5.40396345
18.28880206
-9.02284573
2.68103568
14.40252379
9.11251073
10.62976975
-6.97637092
-2.65567524
-2.59504166
4.43644523
2.46057146
8.31827150
12.58841006
-3.48791907
-6.06425559
2.29631181
4.64917683
-9.59375127
13.04793606
-15.04901239
-4.00431145
16.54017709
-12.01312214
-14.85116036
6.95917011
8.60628443
0.02986544
-14.92619040
-0.94330870
2.65686716
6.86705570
8.52671725
-7.21691296
-1.72045817
-15.16873318
3.17019155
8.39513655
11.22774581
-9.29377457
13.22892509
17.50351761
-4.01306554
-0.56778915
-4.16725722
-6.09046184
16.70575010
-15.87562842
-2.45574771
-12.08277670
-9.95406623
-1.24499905
-8.48172202
-15.75128438
-7.59829792
-8.17092521
18.62012355
11.19391344
4.63942781
6.93942913
-8.82937877
-0.09248175
-18.58390872
-3.46579918
-10.23182931
5.50458770
-18.21736529
-12.22622092
2.22619267
-0.84734874
16.01059747
-1.95316434
1.56803036
-1.88107697
0.13578333
3.67407333
6.10407999
3.97331585
2.47510861
-9.14914092
-6.84846833
-2.99047913
-4.87948962
0.57449578
1.69236658
-15.13117221
10.84861222
-17.68426695
11.79723247
2.64263851
6.48828216
2.60461227
1.67217284
9.57366010
8.91637491
14.00239738
14.85242093
3.25186691
-0.06551515
-17.46242458
-15.08721663
10.27198141
7.52299437
15.59491072
12.13772786
-8.43540985
-9.91040727
-11.58318222
-9.11386158
-12.69790043
-13.28647206
-8.99644021
-6.20675371
5.95897930
9.57123787
18.61542798
15.55673583
13.26555786
14.88734090
-1.75073074
-4.07647701
-12.31999996
-12.60706956
-7.82623627
3.71633430
-5.18580115
6.75312464
-0.73488730
-7.39522689
-5.56563191
-6.33456436
16.98180777
17.77370843
-6.94893997
-5.93465717
5.33834191
2.34087231
15.01397760
13.49235757
11.15118101
11.28697875
10.29595875
8.49300688
-10.83860683
-10.14182507
-1.44554627
-4.39021534
-3.41492016
-3.86836864
4.62995952
5.11384059
-0.74360559
2.53217296
9.63177064
10.81918985
12.92204854
9.53248205
-2.49743542
-2.75279849
-3.73978597
-6.42606058
4.18154102
4.18162999
9.37712585
6.29180369
-11.10260503
-9.53526584
10.65146452
11.85752507
-12.68912141
-3.81201671
-16.22626855
-5.99138321
18.04255524
15.81724869
-11.46333058
-10.79861528
-15.95965162
-15.09450680
9.35238201
5.75088837
7.40203086
8.23374748
-0.95762495
1.44336121
-17.07712027
-15.78802405
0.52639479
-1.15572104
3.69436919
5.64330142
7.17747728
4.82946719
9.36492062
9.96007592
-7.79098254
-6.64092562
-0.35308285
-3.11574552
-14.21602832
3.14419311
-13.97247712
4.34758230
9.03567589
8.79427820
13.25740962
10.21966872
-11.37931206
-8.64222114
12.05273576
12.13236983
13.67262284
15.81162084
-4.52035985
-2.23277355
1.22376405
-1.28644439
-2.15587746
-4.59908387
-5.14443017
-4.95246978
15.05563316
17.24747696
-12.70449423
-13.79735560
-1.43838415
-1.38967213
-12.24352547
-13.76131574
-7.01865126
-10.60277839
-4.66459583
0.40167867
-10.24786334
-9.84714317
-14.46042239
-15.78890246
-9.40610380
-7.47166895
-5.65006318
-8.03401942
15.25584612
18.15598488
8.35596984
11.16054332
4.64032900
3.58801845
7.39178572
8.57203414
-10.06724433
-7.69568854
-1.02947158
0.91009461
-17.72824800
-18.85563900
-6.40136769
-2.86282637
-5.74843936
-8.18884463
8.02216288
6.29224996
-17.16849279
-18.64301889
-11.51726997
-13.49132884
5.05395387
4.13258405
-0.72772861
15.21762623
-1.90298170
14.50424792
-0.99275195
0.60481374
-1.95828161
0.75532945
1.83412466
-0.88817114
-1.63434307
1.75725826
5.19687812
5.81207678
2.23747411
8.22344226
0.50215176
0.42043351
2.57268665
0.70321464
-11.24128095
-7.36771201
-9.42374657
-8.75449633
-1.00042408
-1.74573587
-2.30240711
-4.11564873
2.63811653
0.74522218
1.73319083
1.72774789
-17.31509145
11.55083499
-16.62637823
9.65055751
-14.55296653
9.40254608
-18.80857724
10.24918653
2.79750387
5.26041517
4.42949655
6.36182186
2.24157519
0.14454348
3.25119017
2.69263284
6.72001257
9.34281412
8.48839888
8.98215443
12.68505556
11.87527707
12.86060838
13.61825197
3.44303069
1.93157516
2.37239154
1.29957230
-16.87789097
-13.46085622
-16.14728057
-14.14826114
11.94326620
9.71628792
11.02168350
5.80952140
16.28846128
12.19482726
14.42795963
12.42776905
-10.37756036
-12.01080331
-9.85210058
-11.28876760
-11.63478312
-9.35804089
-10.40525801
-8.28298363
-13.63476689
-15.01141967
-12.35811839
-11.80044265
-9.73029499
-5.47309204
-8.30715148
-7.61973915
3.62297532
8.29425171
7.12698860
9.51034781
18.46218038
14.20563022
17.85705632
14.28185657
10.83814439
15.58567809
11.96060253
14.19191379
-2.98421688
-6.84556823
-3.12137984
-4.23024249
-11.40468680
-13.86116808
-11.08636866
-11.58482331
-7.23218199
2.85285586
-3.74658218
5.82116556
-8.77055318
4.50047479
-5.86546964
6.10537929
-3.44916016
-5.15270971
0.05254500
-6.85268614
-7.58632350
-5.05605912
-6.66719145
-5.98246628
14.82402786
18.00385265
17.08982042
16.38433872
-4.86073629
-8.28705643
-7.53906353
-6.17178038
3.98742404
1.11137799
6.25485971
2.81514796
13.67331210
14.58502399
16.22348923
13.30289164
13.67187133
10.11301169
12.40911071
11.41475121
8.27479075
10.83335688
11.60150652
9.58952795
-12.53659795
-8.15420317
-11.48238546
-9.32823736
-3.19794629
-5.74239839
-2.09043374
-2.80806823
-2.53451632
-3.90034526
-1.97808344
-4.80448818
2.96053223
5.10374802
3.46606704
3.61777599
-1.31733207
1.53507214
-2.11242048
1.19670802
7.16795580
8.50227200
8.47399220
9.63468323
13.07047469
12.79822187
11.74987882
10.47054006
-3.79822744
-4.21420204
-1.92090583
-3.21959845
-3.71840488
-5.44973208
-4.92969677
-6.71182255
2.63800109
3.61488763
2.85049444
5.57280553
4.35845182
5.43551626
8.24514845
6.91077025
-10.88337270
-8.32386732
-9.83363587
-11.67438555
11.02292176
12.90213438
11.70985593
10.75102836
-13.88306462
-4.16718389
-15.81469900
-5.18998083
-12.74656201
-3.71032276
-14.92504897
-5.54779243
17.00419433
15.61287324
16.78071982
16.02451192
-10.45059565
-12.99880106
-11.78223194
-10.64964265
-17.46647032
-13.93188463
-17.22062608
-15.38307730
7.81820003
7.26838921
8.11804933
6.60041204
5.80860493
7.84226520
6.14063123
6.96245132
0.18379820
-0.51770236
-2.32806417
1.90066411
-18.48362152
-14.61151225
-16.77110079
-15.88197307
-0.95919028
0.06823685
1.64644157
-0.68646758
5.34121711
3.77643568
4.12720277
4.76364664
4.02211418
6.52551636
6.04052806
5.74317409
9.14780230
7.69323848
9.70073984
8.79516699
-7.07582647
-8.92392414
-6.58990882
-7.90236299
-1.61663769
-1.14300086
-0.89681367
-2.46735822
-15.17168589
1.68521961
-15.10609551
2.54558501
-13.02485235
2.13795941
-12.81658248
3.79657043
7.93974311
8.02868854
9.88839003
7.65624444
13.51199176
10.34827166
13.34879704
10.10487399
-12.52135109
-10.45309697
-10.25640097
-8.13601511
13.13077250
12.30447881
13.05360382
11.20499606
13.76705956
16.34317319
14.68254387
14.67193730
-5.64853860
-3.38083119
-5.72872079
-2.62629088
0.64464768
-0.21891870
2.34550298
-0.76605004
-5.07927825
-3.06771429
-2.98024656
-3.72478189
-5.71110518
-7.11392676
-4.42353718
-4.65703079
14.17563624
16.37061462
15.38902917
16.16612268
-13.04596617
-15.62608578
-13.67440890
-14.80481346
-1.97350860
-3.12481797
-0.25637760
-2.89953968
-12.66459019
-12.67271484
-13.37084990
-13.27996230
-6.83289864
-10.44924210
-7.51190320
-9.46484729
-2.91202435
-0.66262768
-4.33238202
-0.22936328
-8.36935650
-9.45120178
-9.22660819
-9.38686449
-13.27284438
-16.49766065
-13.41740531
-14.83380733
-6.76800281
-6.37585695
-8.52965273
-8.39988679
-6.33384804
-8.92702802
-4.78254281
-7.88882438
17.02220456
18.07019668
16.01882917
19.18162494
7.63188156
9.77709962
9.32381343
10.27706452
4.38908975
3.85211944
5.02546846
3.31682111
6.33868674
8.01638434
7.30023650
9.05521310
-11.01120103
-8.37618870
-9.32008718
-9.11690142
-0.97554716
-0.68918747
-1.24487187
0.81417697
-17.63927944
-19.35273915
-16.84037263
-18.27759507
-4.97869132
-3.11666313
-5.87297662
-4.46101676
-7.61836226
-9.26424452
-6.73896695
-8.73153128
7.04655013
6.23106792
8.78972922
6.30497990
-16.21770651
-17.75412842
-16.27143153
-18.58250670
-12.07038953
-12.53509652
-10.66478670
-12.58736036
5.89728221
3.06940026
6.04023803
4.98894875
-3.59322463
16.17563553
-0.22458040
16.79698100
-1.76097101
15.30410139
-1.08290318
15.54405281
-0.05262760
1.76872076
-2.69853550
1.58389473
-1.12767560
-0.29262647
-2.01729744
1.28637331
0.82110882
1.10122813
-2.03547231
0.93929690
2.11038099
-0.15731352
-0.99588447
2.29485255
2.94624752
7.79528167
5.00376545
6.83732738
5.97156163
6.81278813
3.33592003
7.08840155
1.20554320
0.84919382
4.07971439
1.72261345
1.54687029
-0.30717720
3.11207225
1.57281355
-10.62393520
-7.91885736
-9.75952181
-6.85817077
-10.43776178
-6.28894791
-10.23064268
-7.77823320
-1.78965791
-2.19737864
-3.42480893
-5.08377627
-0.23654191
-2.74278003
-1.30585024
-3.36272152
3.39639312
0.63750117
-0.01232279
2.64968427
2.51000514
0.19132509
1.34242583
1.21856727
-18.71963013
11.35863302
-17.86367368
10.07957654
-15.94701716
10.89711152
-18.61373664
12.44330593
-16.87701361
10.71148828
-16.40653931
10.38197591
-14.11902983
9.05883747
-18.50280521
11.10158710
4.58925615
4.72402455
3.47763077
5.56069785
3.77787836
6.10902061
5.24504389
6.04480467
0.38775026
0.01281709
1.59491565
1.02624656
1.26448195
0.11066319
4.03349488
1.91257337
6.34394944
7.82366686
9.59014957
9.41462452
6.86051203
8.70405950
7.87450712
8.73134314
11.72832991
12.87071028
13.14796783
14.98313131
11.88473362
11.23637820
12.16760467
13.95220267
4.98488992
1.21396218
3.19943710
0.84769664
4.21182186
0.99605084
1.45950614
0.46645434
-15.60654731
-15.19169020
-17.70540569
-14.46511568
-16.50407864
-13.49449877
-17.06983712
-13.15852827
14.40869249
11.03404611
9.73738441
8.04752421
12.89529592
9.13082188
11.99053796
6.49282664
