-3.61775835
-14.18365351
-4.72156810
-13.98493894
-4.12855075
-12.28396624
-16.47295696
-11.71256967
-10.43399773
-0.40563295
-11.80076977
-16.43626207
-1.76669340
-4.59104133
-14.80453065
-11.70282792
-10.39154646
-14.25909677
-14.04167334
-2.61425419
-11.83543630
-8.77917944
-3.24812778
-9.83170956
-14.43979107
-6.58467434
-5.24199496
1.10754519
-0.71661983
-7.27836544
-17.44206033
-18.09396325
-10.79021651
-1.37979755
-11.49443200
-7.90491865
-11.33233662
-5.40265056
-5.85756269
-7.45829810
0.77114251
-7.59671952
-16.95236187
-4.68280156
-1.69520836
-6.49306316
-5.60240537
-10.49469251
-8.38705532
-5.27863229
15.00588795
12.09377679
4.14197645
-1.67161836
6.61778224
10.57172315
3.40262776
6.82790480
14.29604902
17.64046116
-2.12447313
7.43623341
5.43818100
12.64809719
17.62788165
0.93477161
0.16390581
10.43302952
7.91058457
7.41416290
7.47311718
12.79280730
4.95562271
14.12315437
6.05056169
3.47878239
1.72561762
12.34959314
-0.05313146
17.39404510
4.40389439
5.19071260
10.75514194
12.13597647
4.26983444
7.30833425
4.87209334
16.08770323
4.42668516
0.79026925
4.33404894
8.50511337
13.80013080
2.48441353
18.06817860
17.30145415
7.18786102
14.42638360
-0.19670779
5.09850002
2.31979630
2.19515445
8.12358635
-0.02007981
-8.46006380
-2.93209983
0.70872375
-17.74319473
11.07988157
5.62042366
-0.08379878
8.81501995
12.17689525
0.56168590
-14.46978549
10.72303573
13.55847858
-12.80619070
-8.73961736
-14.82856048
-4.11958938
7.18917335
15.37122491
14.55232512
-5.96113641
-12.77862969
-4.46146081
5.19091121
-6.08679603
-5.39815310
18.52791481
-9.04580548
2.75956927
14.54918661
9.23419981
10.77385140
-7.01523780
-2.67631855
-2.63290936
4.56268659
2.28641762
8.44424075
12.74529352
-3.46185861
-6.09843278
2.26961993
4.77690128
-9.61083120
13.20722596
-15.14639268
-4.02977570
16.72697334
-12.09258739
-15.08672051
7.08524408
8.87597847
0.01092559
-15.09518199
-0.99634461
2.67444573
6.89086370
8.62420434
-7.16930324
-1.80908432
-15.31472292
3.25766003
8.47994024
11.30745277
-9.41619170
13.40358715
17.73432249
-4.10039673
-0.53836703
-4.22043181
-6.23770437
16.91766738
-16.03506996
-2.45265302
-12.18743081
-9.98938424
-1.29659178
-8.55777091
-15.94009908
-7.65681942
-8.23633070
18.86714710
11.37838706
4.69689434
7.02572223
-9.05066614
-0.10861505
-18.81542164
-3.60735892
-10.32511241
5.59818294
-18.39022360
-12.30356852
2.32016277
-0.86295279
16.22112768
-1.97665811
1.56846318
-2.00441891
0.14452442
3.59991634
6.18462209
4.01997905
2.53714829
-9.25202867
-6.90549061
-3.03103695
-4.85161945
0.66681247
1.75981252
-15.37713454
11.01446171
-17.81533068
12.00319726
2.63805310
6.59980118
2.55866386
1.73328877
9.76047249
9.09049483
14.18537206
15.03864475
3.16280258
-0.08964432
-17.62594216
-15.18387258
10.24346106
7.76545014
15.86903389
11.76977359
-8.31782686
-10.09457474
-11.77796813
-9.32272432
-12.86605159
-13.47870445
-9.06644366
-6.25760443
6.03510091
9.69045458
18.88101814
15.72847177
13.39830943
14.89840102
-1.77689639
-4.07789361
-12.45559900
-12.83091122
-7.95487326
3.80200475
-5.24800509
6.80677311
-0.70543348
-7.48302125
-5.66858508
-6.33775960
17.21650544
18.04406280
-6.99616081
-5.95671518
5.37818170
2.23616683
15.19455476
13.68548222
11.24568027
11.38281346
10.40600486
8.60348515
-10.93081765
-10.23080157
-1.47294070
-4.46317858
-3.40896827
-3.89906521
4.63680942
5.21385168
-0.72492597
2.58514646
9.73806498
10.93026120
13.11368413
9.67413862
-2.55306550
-2.78567802
-3.76081422
-6.51535516
4.26445933
4.06668393
9.46442039
6.40001832
-11.14635066
-9.62660861
10.82138441
12.01170173
-12.89605719
-3.86054472
-16.46405899
-6.01524260
18.27032813
16.00977987
-11.58952314
-10.85680058
-16.18296004
-15.27500556
9.44169239
5.84647286
7.48937594
8.34835781
-0.94331111
1.49770152
-17.28903059
-15.98526870
0.58178186
-1.18227041
3.68081417
5.65701420
7.22925187
4.88804084
9.55579613
10.08876882
-7.76442153
-6.73761654
-0.32020747
-3.19235121
-14.32663721
3.23119987
-14.14918129
4.44074595
9.16037397
8.90775668
13.66123215
10.25924500
-11.49287175
-8.74820766
12.21873664
12.33075980
13.82693244
16.04957930
-4.58887436
-2.29181491
1.31427158
-1.40679727
-2.14901580
-4.67855041
-5.22609153
-5.06005362
15.26647807
17.49063059
-12.93680426
-13.94271121
-1.44573434
-1.28255984
-12.50219721
-13.95771355
-7.06919643
-10.70299729
-4.79128586
0.43268272
-10.37634705
-9.92365953
-14.65366399
-16.03597430
-9.49305920
-7.53276468
-5.72912555
-8.15848773
15.43401894
18.36483342
8.48853711
11.36132836
4.69985757
3.63452544
7.39802725
8.66647661
-10.12174131
-7.79872456
-1.07331328
0.93379802
-17.97081080
-19.03583380
-6.49427798
-2.90992302
-5.76567857
-8.24761249
8.02465296
6.38297536
-17.34483804
-18.91009355
-11.58293252
-13.64548378
5.19560123
4.16236573
-0.71893436
15.45644613
-1.93084741
14.62859962
-1.06491754
0.62708203
-2.00347655
0.69136113
1.78593156
-0.89140353
-1.61479057
1.71453360
5.24433855
5.89746057
2.31568311
8.29409420
0.51168227
0.44154290
2.54151439
0.75450654
-11.46807029
-7.51379486
-9.59996638
-8.89214681
-1.03369710
-1.74281328
-2.38111704
-4.15727224
2.61519433
0.78718146
1.69971825
1.63121753
-17.52436173
11.86292813
-16.82627819
9.74062539
-14.78685531
9.49680240
-18.89676230
10.39715612
2.86577212
5.34070568
4.43213862
6.38527329
2.23382645
0.22370950
3.24175033
2.70214919
6.66936975
9.35575908
8.62097507
9.02937785
12.75623271
12.04564690
13.06292904
13.85661605
3.43095043
1.96455033
2.22443294
1.11378555
-17.00424980
-13.57536899
-16.31435638
-14.27250190
12.09665933
9.97521768
11.07450894
5.96761600
16.07667186
11.76492640
14.55230810
12.25594779
-10.53554673
-12.40776221
-10.02133954
-12.00204480
-11.81233109
-9.48034931
-10.73082580
-8.46194771
-13.82218351
-15.22039063
-12.50586704
-11.98245681
-9.79281500
-5.52557422
-8.36850981
-7.66717959
3.76432704
8.34910606
7.18218738
9.65851546
18.70676113
14.35715291
18.03084318
14.48780127
10.92824407
15.82134268
12.09248575
14.44113502
-3.04215646
-6.93501379
-3.19266459
-4.32344789
-11.57042225
-14.04243993
-11.17674230
-11.74682163
-7.28407404
2.97283806
-3.82561746
5.76335223
-8.90722649
4.59769329
-5.90436266
6.17614906
-3.42064772
-5.25717638
0.10480596
-6.92542214
-7.66693749
-5.10579036
-6.71942473
-6.05306478
15.03672674
18.25047031
17.30468271
16.64375496
-4.89262365
-8.33704672
-7.61980825
-6.25019814
3.91167934
1.04375315
6.31566239
2.91225176
13.82387199
14.76645158
16.43653028
13.44972108
13.77622687
10.19594748
12.47995741
11.49717564
8.34684223
11.00006555
11.74498988
9.70026144
-12.66088506
-8.10409946
-11.63175350
-9.39497662
-3.28388463
-5.81384817
-2.16476957
-2.82917818
-2.61247461
-3.97367711
-1.92073347
-4.87272570
2.92365294
5.14952710
3.47261931
3.63049176
-1.30868715
1.69008992
-2.11747617
1.18659601
7.28287607
8.59029224
8.56613498
9.74628597
13.25389839
12.95312950
11.88475550
10.60803863
-3.89612192
-4.25439423
-1.96542819
-3.30667606
-3.78730359
-5.56072609
-5.04475305
-6.87079914
2.68596035
3.59954676
2.93791667
5.57597072
4.36340549
5.55708003
8.19035085
6.91295351
-11.09701325
-8.33594281
-9.87143578
-11.80065996
10.71090631
13.06189680
11.95130577
10.88527964
-14.05742282
-4.18658589
-15.81688803
-5.21923428
-12.91793372
-3.63358576
-15.16195734
-5.56395692
17.23488740
15.76723172
16.98957879
16.25670187
-10.56165153
-13.11582345
-11.88143219
-10.76458798
-17.70481540
-14.08958907
-17.47491576
-15.63764015
7.94426766
7.27916034
8.20458546
6.79761104
5.87643994
8.02590472
6.23658712
7.06789720
0.18271046
-0.50534496
-2.34780846
1.97911139
-18.69699943
-14.79082735
-16.99000556
-16.07746509
-0.90488362
0.04726295
1.68123229
-0.65701608
5.40290605
3.81510512
4.21273504
4.77758772
4.14998186
6.56329950
6.11728138
5.83667571
9.29837885
7.79321131
9.87109255
8.89115062
-7.09813965
-8.88050566
-6.56408827
-8.00661810
-1.63154501
-1.20877688
-0.81732495
-2.52804725
-15.30339696
1.71273446
-15.28924134
2.61005017
-13.11626954
2.18336226
-12.97371134
3.87614088
8.06149412
8.12253866
10.10089241
7.70021595
13.59583826
10.33497014
13.39206939
10.16116001
-12.65619296
-10.59327177
-10.34239764
-8.21885071
13.30780889
12.45384082
13.27499823
11.35949572
13.90718807
16.54043906
14.84038718
14.88638335
-5.83892272
-3.46953950
-5.81160033
-2.69256988
0.69942538
-0.20044431
2.45895846
-0.82202387
-5.14186536
-3.10274034
-3.02515473
-3.78602761
-5.74498313
-7.31029267
-4.57736180
-4.65764081
14.38369779
16.58794956
15.54480979
16.38539955
-13.25725379
-15.78410822
-13.68184998
-14.94152382
-1.95178453
-3.10876074
-0.25274176
-2.83960211
-12.82970662
-12.85133324
-13.64269507
-13.50285623
-6.90686737
-10.59346419
-7.53108014
-9.56333821
-3.02785163
-0.74807121
-4.40726145
-0.03909911
-8.53833839
-9.64757388
-9.31536290
-9.52790340
-13.54382607
-16.74006905
-13.52661180
-14.99851002
-6.84833752
-6.43373620
-8.63013361
-8.50056677
-6.40193281
-8.99726748
-4.87055684
-7.93988111
17.24769189
18.33113174
16.22609888
19.41531046
7.70964647
9.94694207
9.47416304
10.41684676
4.43071706
3.93492823
5.09363318
3.33378893
6.43277245
8.05710073
7.54077134
9.19662675
-11.13411216
-8.42168649
-9.48633312
-8.83856614
-0.99269144
-0.71679565
-1.23537854
0.73520775
-17.82442412
-19.66235154
-17.06297647
-18.54693622
-5.02176326
-3.19193205
-5.99327751
-4.62542540
-7.64443340
-9.34106813
-6.85222989
-8.80618882
7.02981459
6.19394785
8.87882272
6.36951827
-16.39558494
-18.04537584
-16.41247749
-18.80047499
-12.04263199
-12.62240137
-10.78469736
-12.70033637
5.95593797
3.20822603
6.12158972
5.01406508
-3.65947442
16.38421854
-0.21002115
17.04447310
-1.78667586
15.42989938
-1.10384858
15.60525505
-0.15587706
1.80651072
-2.74237754
1.62109801
-1.14441728
-0.30847735
-2.02649408
1.19148299
0.73741456
1.14623609
-2.10432319
0.91390352
2.16491702
-0.23938336
-1.05354074
2.37658593
3.12173192
7.96126237
5.12963922
7.00433927
6.07655726
6.89345446
3.37245668
7.21610008
1.32769795
0.79805144
4.18946625
1.74527157
1.50680538
-0.37468524
3.19481440
1.66822681
-10.78613973
-8.13423202
-9.88813729
-7.11113853
-10.65523843
-6.45334229
-10.45371257
-7.84090964
-1.87786408
-2.21073142
-3.49448521
-5.18140334
-0.17729844
-2.83771023
-1.36586245
-3.49865551
3.41319484
0.51852324
-0.09061694
2.57785330
2.64137039
0.06535770
1.48033253
1.09881510
-18.96694714
11.49097292
-17.96384478
10.30460984
-16.18828122
11.02013840
-18.75534159
12.64439488
-17.11216624
10.88709773
-16.65629764
10.53610856
-14.28414891
9.14131243
-18.69541099
11.23862815
4.68590276
4.79945486
3.47886498
5.69289979
3.83433346
6.17386201
5.22119214
5.95267987
0.41065612
-0.01209075
1.53279010
1.03702166
1.24771814
0.16104568
4.08579718
1.84892434
6.42792522
7.76059736
9.61625323
9.47006844
6.92110225
8.61528758
7.92161126
8.84709086
11.88120608
12.99147059
13.26187814
14.99636304
11.97803610
11.27565167
12.31705927
13.99025508
4.93587295
1.14056435
2.94485664
1.28077753
4.30780559
1.10034653
1.62616401
0.40882582
-15.72623880
-15.39130804
-17.72850640
-14.52875893
-16.68136846
-13.61952483
-17.28188235
-13.30847260
14.60549896
11.10373936
9.94275861
8.16066381
13.09950374
9.15535159
11.98620134
6.87230855
16.64402938
13.79461878
15.61993016
12.70089835
16.90871902
12.62601520
14.72061660
12.54739350
-12.62397784
-13.06832544
-9.04586003
-9.65842058
-10.50385894
-11.55098817
-9.77589827
-11.11791394
