-3.56573401
-14.11087087
-4.68236942
-13.56313951
-4.09821684
-12.24512552
-16.33538994
-11.64899993
-10.40448281
-0.38030995
-12.12259691
-16.33775807
-1.79309378
-4.59952225
-14.70385336
-11.55903516
-10.31903313
-14.18759111
-13.90505646
-2.58644194
-11.74639425
-8.74184810
-3.21803044
-9.85383383
-14.30319260
-6.51690711
-5.17357218
1.09077796
-0.76156764
-7.23613408
-17.32695495
-17.95454095
-10.91179285
-1.34830390
-11.43305892
-7.86717916
-11.22688176
-5.32880233
-5.82796538
-7.39765307
0.74877229
-7.55089915
-16.83213007
-4.70735052
-1.67083412
-6.49360699
-5.57300978
-10.38459928
-8.38567448
-5.21778011
14.87085000
11.99376429
4.28970448
-1.71341306
6.58012625
10.47842019
3.38636830
6.71942824
14.15281621
17.04511804
-2.11145405
7.38062070
5.38363743
12.57929066
17.49087536
0.89838175
0.09638893
10.34287806
7.88682141
7.36550479
7.45593442
12.70186941
4.94499424
14.00890321
6.00375327
3.47195895
1.69578852
12.23635198
-0.01768723
17.24468754
4.33968682
5.10629041
10.70476985
12.07890011
4.24026768
7.24724549
4.83345231
15.98263150
4.42407703
0.78528553
4.30622184
8.42138565
13.76540588
2.44145902
17.94210657
17.05715419
7.20330879
14.32077427
-0.18428531
5.06494982
2.30771760
2.14610509
7.99826591
-0.01498113
-8.35623560
-2.88858265
0.65803126
-17.64000881
10.95181442
5.57185837
-0.04735361
8.72175328
12.10929757
0.54481382
-14.38779184
10.60003049
13.54489974
-12.75597559
-8.72723387
-14.64262379
-4.08810633
7.13964092
15.25285155
14.44946481
-5.88310453
-12.69740055
-4.38123450
5.15458036
-6.04064419
-5.40288652
18.37264324
-9.01955742
2.72590473
14.45750002
9.12711680
10.68326643
-6.99182414
-2.66675418
-2.60248451
4.48492776
2.35986608
8.35311243
12.64815566
-3.47121881
-6.07761052
2.27802450
4.69958341
-9.60341103
13.11905319
-15.05659728
-4.01843041
16.60448621
-12.03701699
-14.90556705
7.01362051
8.76762059
0.00711749
-14.99800521
-0.96917189
2.65494209
6.92664614
8.58227516
-7.27145638
-1.78271239
-15.22747397
3.22253236
8.44920856
11.26319227
-9.34510756
13.28989681
17.59438302
-4.06045593
-0.56130316
-4.18938106
-6.14424885
16.79066368
-15.90645861
-2.45123948
-12.12629352
-9.97113668
-1.26904030
-8.51045183
-15.82392145
-7.62419981
-8.19665700
18.71723923
11.29321034
4.69574983
6.97314729
-8.87657593
-0.11373683
-18.67530021
-3.53018220
-10.27039090
5.54081879
-18.28573773
-12.25314716
2.27355688
-0.84929734
16.08747109
-1.96966097
1.55482656
-1.93632736
0.14252197
3.67389609
6.14232875
3.98708286
2.49567691
-9.19146709
-6.87400960
-3.00471122
-4.85324999
0.65246173
1.67753365
-15.22170226
10.93123290
-17.74272063
11.88710496
2.61888134
6.53550318
2.57300650
1.72578434
9.62694148
8.96750720
14.06589547
14.91672316
3.27192180
-0.04012864
-17.54083600
-15.15250790
10.22422682
7.64919949
15.65593971
12.17716395
-8.48921206
-9.98005930
-11.67063022
-9.18011059
-12.76273763
-13.36576660
-9.02621605
-6.21938283
6.00513858
9.63961723
18.72383200
15.62712888
13.32903392
14.93104944
-1.75999097
-4.07614103
-12.38092175
-12.70894834
-7.86957149
3.74264516
-5.21827448
6.77946171
-0.72592545
-7.43001064
-5.60629504
-6.34006595
17.08013549
17.84799791
-6.96166768
-5.94172746
5.37293637
2.29436720
15.07511243
13.56564513
11.16106298
11.31763672
10.33602057
8.53645170
-10.87535775
-10.17983840
-1.44563980
-4.41598779
-3.41779068
-3.88365526
4.63251859
5.15765154
-0.75809138
2.54297454
9.67552730
10.87244400
12.98908744
9.57624881
-2.51737118
-2.76364842
-3.74405099
-6.45968433
4.18795708
4.14433211
9.42337558
6.34430720
-11.12191843
-9.57927530
10.71496364
11.92649880
-12.76806910
-3.83404365
-16.33541333
-5.99703803
18.13110890
15.89067330
-11.52119265
-10.82560552
-16.01535169
-15.16081024
9.39962905
5.78664852
7.42680003
8.30287999
-0.94859906
1.46623107
-17.16153960
-15.86725687
0.54460317
-1.17052585
3.68497532
5.63314700
7.21569245
4.86370120
9.46728914
10.01498782
-7.82900325
-6.67007842
-0.33385143
-3.15246986
-14.25141605
3.17551262
-14.04655292
4.38148744
9.07997638
8.85590233
13.30138615
10.23073461
-11.43638579
-8.68406962
12.12008002
12.21443330
13.72345918
15.90999748
-4.55233822
-2.26584888
1.24263434
-1.33736599
-2.15339639
-4.63303846
-5.18628225
-4.98707509
15.12927342
17.33533880
-12.79606979
-13.83435097
-1.44339833
-1.35223740
-12.34258422
-13.84183275
-7.04413424
-10.64772680
-4.72083355
0.41311609
-10.29469855
-9.88114979
-14.52321364
-15.88380926
-9.44473208
-7.49081841
-5.67921950
-8.07810127
15.32620185
18.24105498
8.41451536
11.24933820
4.67022682
3.61991450
7.42451591
8.61833949
-10.13119658
-7.72062304
-1.04636020
0.92644568
-17.81943957
-18.90822704
-6.43866934
-2.86673614
-5.75659721
-8.22053596
8.02701649
6.33038802
-17.23405736
-18.74594292
-11.54328929
-13.54415660
5.08163076
4.14609049
-0.70707794
15.28207454
-1.91783106
14.55685910
-1.03252657
0.60408821
-1.97211551
0.72864052
1.81811343
-0.88524713
-1.61926207
1.74032507
5.24145778
5.84854328
2.28183206
8.29291577
0.51407064
0.43069165
2.55537539
0.73487110
-11.33173608
-7.42187407
-9.49864053
-8.80451148
-1.00748183
-1.74203720
-2.33370375
-4.12933388
2.62584084
0.76149238
1.73128091
1.71104425
-17.39097262
11.69752723
-16.69540990
9.68637008
-14.62349677
9.45847349
-18.82599253
10.30510106
2.81157130
5.29372365
4.44858535
6.38847121
2.22151961
0.19250721
3.22916520
2.70755858
6.69118527
9.33104572
8.57602898
8.99580135
12.71116622
12.00476394
12.96534450
13.74746219
3.36475229
1.94839245
2.37251906
1.16036614
-16.90436697
-13.50556625
-16.21114670
-14.20950201
11.99500150
9.87013871
11.05640515
5.89763112
16.34857461
12.23529962
14.47293602
12.46620111
-10.44815026
-12.06840198
-9.90823271
-11.33921844
-11.67374243
-9.40054960
-10.47698713
-8.35343180
-13.70346508
-15.09723088
-12.42384727
-11.87046835
-9.74681198
-5.49282996
-8.32599866
-7.62982201
3.69744723
8.33594686
7.15127378
9.55895176
18.55137874
14.27029361
17.92480858
14.36755894
10.88084719
15.67473967
12.02520350
14.28030149
-3.01068233
-6.87836006
-3.15439516
-4.27116258
-11.46844585
-13.92957549
-11.12277179
-11.63092750
-7.27412698
2.91544696
-3.78167107
5.80366588
-8.81851325
4.51772472
-5.90187680
6.16528629
-3.43493216
-5.19019830
0.06494257
-6.88367050
-7.61847034
-5.07213887
-6.68817120
-6.00337612
14.89510746
18.09376665
17.17052130
16.45401856
-4.86324703
-8.30304931
-7.56423667
-6.19303929
3.96383079
1.09232726
6.29412882
2.86520949
13.72496106
14.65106957
16.30117297
13.35938569
13.71543913
10.15728198
12.44721810
11.45504081
8.30618437
10.89955046
11.65470297
9.65169976
-12.59003081
-8.16304869
-11.53754203
-9.35605782
-3.23191888
-5.77098304
-2.13520978
-2.81495962
-2.56858153
-3.94106922
-1.95848930
-4.82977522
2.94726974
5.12408929
3.46944379
3.62167392
-1.31454657
1.58560076
-2.13562789
1.18994403
7.20617091
8.54265189
8.51202681
9.68522717
13.13474440
12.86687824
11.81589589
10.53189233
-3.83749467
-4.22426990
-1.93248598
-3.25335232
-3.74581872
-5.48902102
-4.98205682
-6.77982281
2.65746507
3.59473361
2.86773545
5.57415412
4.33943568
5.48923184
8.22245019
6.91244407
-10.94046241
-8.32945875
-9.85184863
-11.72756428
11.05890730
12.97601466
11.78552132
10.81732566
-13.95234189
-4.17582784
-15.81510010
-5.21506039
-12.83524881
-3.68547884
-15.03912425
-5.55398567
17.09081560
15.67084685
16.86165015
16.11300976
-10.49952495
-13.03978919
-11.81885100
-10.69072025
-17.55102105
-13.99410372
-17.31751043
-15.45057280
7.86765262
7.27718195
8.15676221
6.71395389
5.83212337
7.93609779
6.18448897
6.99294104
0.18086500
-0.51367350
-2.32813330
1.93633289
-18.57115432
-14.68183966
-16.85731976
-15.95814844
-0.93054848
0.06219645
1.62600551
-0.67249810
5.34626089
3.78969760
4.13995602
4.76896259
4.06439383
6.53887991
6.07095616
5.76815474
9.22345429
7.73604058
9.77021543
8.82776142
-7.12294142
-8.98614419
-6.63921622
-7.94765691
-1.64421952
-1.15053328
-0.85638282
-2.47706747
-15.21905885
1.68368890
-15.17584587
2.56780489
-13.05072871
2.15332196
-12.88273364
3.82983025
8.01006479
8.03213872
10.00141575
7.69734258
13.55468037
10.38093106
13.39462255
10.11893775
-12.57570077
-10.51023248
-10.29187183
-8.17006624
13.18937355
12.36193820
13.13555171
11.26780509
13.83259566
16.41949978
14.74859821
14.76148397
-5.73541791
-3.41662808
-5.76253795
-2.65990838
0.66610411
-0.21566358
2.38039430
-0.79674638
-5.10601377
-3.08329251
-2.99625922
-3.74785138
-5.71971666
-7.16450471
-4.49773440
-4.65276439
14.24959546
16.45827560
15.44384349
16.24487291
-13.10304553
-15.68133540
-13.65887726
-14.84020944
-1.95333975
-3.12246567
-0.25321942
-2.87300339
-12.73352759
-12.73669520
-13.47623000
-13.36944385
-6.86645974
-10.49389298
-7.52442469
-9.51574339
-2.99566213
-0.79012068
-4.37167078
-0.16601404
-8.43018376
-9.52897074
-9.26140345
-9.43335671
-13.32692353
-16.57167403
-13.46427046
-14.90286816
-6.80473977
-6.38852936
-8.56776939
-8.43901203
-6.36094332
-8.95811971
-4.81369890
-7.91302869
17.10183569
18.17328833
16.10518602
19.27637247
7.66140160
9.84672319
9.38289430
10.32853133
4.40658015
3.88314997
5.04678540
3.31819399
6.38145811
8.03761237
7.41908178
9.11533915
-11.07506738
-8.42760875
-9.38818302
-9.18793461
-1.00371890
-0.70586192
-1.24687014
0.74982367
-17.71724577
-19.47384197
-16.92993118
-18.37732950
-4.99248300
-3.15164317
-5.92441389
-4.54541165
-7.64962314
-9.29673211
-6.77973022
-8.76875835
7.04576742
6.22174951
8.82596086
6.33202437
-16.29273104
-17.86260642
-16.32437681
-18.66164587
-12.13172014
-12.57379796
-10.69956434
-12.64030740
5.91786362
3.13536058
6.07649928
4.98707661
-3.61723577
16.22989702
-0.20482802
16.88329080
-1.78134516
15.34588747
-1.11885782
15.60177382
-0.09431217
1.76622629
-2.72086044
1.57228911
-1.13975204
-0.30582657
-2.02697705
1.24513093
0.79106669
1.11697387
-2.06508773
0.93125103
2.13111685
-0.18822068
-1.01668507
2.32102969
3.03237516
7.87378660
5.07042932
6.90278046
6.03567011
6.83490406
3.36910152
7.13178717
1.26973502
0.81706262
4.12448953
1.72844649
1.52444720
-0.33874555
3.15033117
1.60832538
-10.68696659
-7.99225082
-9.80822597
-6.93998333
-10.52402308
-6.34874222
-10.31708754
-7.80354595
-1.83366375
-2.19606363
-3.44547782
-5.12585244
-0.21410878
-2.76876183
-1.33017432
-3.43649987
3.40219849
0.60119716
-0.03356731
2.63979307
2.56411827
0.15226198
1.37959135
1.21187151
-18.80738858
11.41293255
-17.88037510
10.17837694
-16.04562528
10.93431732
-18.68197486
12.51773616
-16.96098559
10.78953607
-16.50455052
10.44935038
-14.18846327
9.10788288
-18.59712993
11.15696834
4.62723452
4.74709410
3.46798988
5.60543285
3.78358864
6.14211806
5.23031227
5.98423951
0.37770338
0.00979403
1.55849834
1.04682462
1.24171328
0.13669513
4.04403632
1.89362385
6.34845256
7.79416010
9.60134718
9.45212976
6.90865276
8.70575337
7.87487412
8.79346760
11.78521275
12.96134199
13.18950500
14.99329767
11.92058506
11.18066302
12.21223562
13.97063419
4.94851037
1.19260168
3.10382501
0.92442529
4.24838759
1.02932534
1.62957435
0.36159613
-15.63523292
-15.28398833
-17.71587161
-14.48218252
-16.59473703
-13.54056166
-17.17113461
-13.23972015
14.48661587
11.04523682
9.83481281
8.10536018
12.99922193
9.08505734
11.99164092
6.76090846
