-3.62578417
-14.24463269
-4.74384221
-14.07199484
-4.15386833
-12.31661094
-16.58936308
-11.74057497
-10.46369122
-0.40400766
-11.87044585
-16.49808722
-1.75804734
-4.52224926
-14.86339698
-11.77213820
-10.44015967
-14.31404087
-14.13105686
-2.61196439
-11.85219308
-8.80952803
-3.25537989
-9.83144297
-14.50460327
-6.57631430
-5.29063127
1.11732700
-0.67111860
-7.30390557
-17.52300772
-18.20018949
-10.83354010
-1.40434251
-11.53335471
-7.85200489
-11.39700095
-5.40060430
-5.86767869
-7.48793352
0.79002730
-7.62173195
-17.03403963
-4.67503280
-1.71392386
-6.56438363
-5.62248232
-10.42239229
-8.38982765
-5.28956098
15.09822223
12.15448618
4.13214040
-1.65604176
6.63093494
10.63159589
3.41468072
6.87813047
14.39117033
17.68071630
-2.11974692
7.45722800
5.46093965
12.69983481
17.71551342
0.94860250
0.20701118
10.49381606
7.95861851
7.45483764
7.47565365
12.84556110
4.96933796
14.18396416
6.06996953
3.47435934
1.73172321
12.42537321
-0.07235335
17.49487922
4.42349234
5.25354043
10.81309289
12.17827079
4.26995425
7.33255073
4.88802057
16.14912367
4.47272030
0.77747239
4.34941611
8.60168791
13.82177629
2.55110820
18.16408322
17.38799544
7.18427526
14.49927513
-0.20299054
5.08078234
2.31751767
2.22789431
8.16353594
-0.03125779
-8.50604530
-2.95439377
0.73943025
-17.87686720
11.16290746
5.62621719
-0.09380121
8.85441551
12.21048978
0.54476258
-14.57654985
10.79981841
13.64480819
-12.85139203
-8.84896894
-14.93989389
-4.13586348
7.21622887
15.43532727
14.62784722
-6.00699908
-12.93780205
-4.46482443
5.20604619
-6.12002626
-5.41161984
18.61945874
-9.06950809
2.75636893
14.61980166
9.29926779
10.85234762
-7.04187571
-2.67851605
-2.65283073
4.60652131
2.25985457
8.49092416
12.79902163
-3.45487696
-6.10457987
2.26644750
4.80379063
-9.61209612
13.26998904
-15.26016476
-4.02953137
16.81915739
-12.12129749
-15.21192778
7.09136970
8.94015906
0.02871660
-15.15815857
-1.00397260
2.68011549
6.91150697
8.67122169
-7.25274171
-1.79873575
-15.36777733
3.25776238
8.50234322
11.35424901
-9.46461548
13.48638197
17.82147903
-4.10980681
-0.51197129
-4.23675579
-6.25641589
16.99663419
-16.15375373
-2.45331836
-12.23924214
-9.86935100
-1.27934497
-8.59948567
-16.02116207
-7.66573239
-8.27023591
18.96347823
11.43903235
4.70431089
7.05320155
-9.16782004
-0.08199360
-18.93137418
-3.60895334
-10.36954086
5.63372881
-18.48679809
-12.34367768
2.33300396
-0.88442893
16.29502124
-1.96555315
1.58154995
-2.04876030
0.14707365
3.53911173
6.21079853
4.02932443
2.55171751
-9.29341993
-6.94301500
-3.04829860
-4.86409978
0.65235864
1.81833909
-15.46358750
11.07508206
-17.85367379
12.07040508
2.64991555
6.64450733
2.54276242
1.72876035
9.80961307
9.10868326
14.26296022
15.11952906
3.18720258
-0.06338495
-17.69612113
-15.23237948
10.25105629
7.81581338
15.90923199
11.77906350
-8.34950057
-10.12512104
-12.13274838
-8.83212780
-12.93018804
-13.55565033
-9.09116807
-6.27886177
6.05042800
9.73062355
18.97476864
15.80119228
13.42355946
14.94692813
-1.79623820
-4.08861965
-12.48368138
-12.98487688
-8.03726729
3.82266587
-5.24750728
6.84870145
-0.68494901
-7.51704680
-5.70154669
-6.34163079
17.30168251
18.11782240
-6.99068640
-5.94864868
5.36843647
2.21985537
15.27446143
13.76702038
11.26702254
11.40728209
10.46097159
8.63603002
-10.97495531
-10.26565897
-1.48913388
-4.49790349
-3.36187174
-3.90614300
4.64600087
5.27095394
-0.68455444
2.59379405
9.77743364
10.97487385
13.18676350
9.72851477
-2.58062008
-2.79784300
-3.75777308
-6.54466403
4.31142233
4.05307223
9.49100457
6.45103350
-11.20246965
-9.65267254
10.89309727
12.07938322
-12.93285182
-3.87609963
-16.56186624
-5.93658164
18.36944446
16.09685393
-11.64475469
-10.88350726
-16.30016762
-15.37205549
9.46403310
5.90189964
7.53020412
8.39033146
-0.94740846
1.50926622
-17.38122467
-16.06866683
0.58332573
-1.19483994
3.70967986
5.68403593
7.22502197
4.88924766
9.60783720
10.12770993
-7.78705990
-6.68531585
-0.32878034
-3.18949845
-14.38888518
3.26841072
-14.22257128
4.47862912
9.23215297
8.94719624
13.76819341
10.26246824
-11.53973270
-8.79326643
12.29036340
12.40699645
13.87484638
16.14268832
-4.61298915
-2.30813438
1.37050856
-1.42258843
-2.15768563
-4.69837867
-5.24456029
-5.06710766
15.36397131
17.60316556
-13.04967680
-14.02944000
-1.41563002
-1.27430819
-12.59685916
-14.03939256
-7.07318345
-10.70666708
-4.80966177
0.46943716
-10.43967315
-9.95829560
-14.74705741
-16.13711575
-9.55733297
-7.56094858
-5.75872662
-8.20782363
15.51566738
18.44580624
8.52442076
11.43354003
4.72924867
3.63826035
7.41748795
8.69819165
-10.18701310
-7.80369034
-1.08256304
0.90706420
-18.06208980
-19.15331846
-6.48877289
-2.90704339
-5.74864313
-8.26444865
8.03517847
6.43237240
-17.45178409
-19.02541714
-11.57709945
-13.72764074
5.24055348
4.19257586
-0.72720352
15.51242274
-1.95331877
14.67600218
-1.09211272
0.67866561
-2.02890168
0.68689885
1.76657817
-0.90025484
-1.61323151
1.69559233
5.26060175
5.93638199
2.29174718
8.31164638
0.50464622
0.44426059
2.53426439
0.75309428
-11.54558968
-7.56630084
-9.66072165
-8.95278220
-1.04967053
-1.75214224
-2.40936510
-4.19097646
2.61356211
0.78363224
1.65959339
1.58565953
-17.65107627
11.94390678
-16.93692325
9.77724675
-14.84985324
9.51587199
-18.98521722
10.45553895
2.90516706
5.36167892
4.41864456
6.40106803
2.24427779
0.21655584
3.23951669
2.69769685
6.69569116
9.40037387
8.66896365
9.04626280
12.81841648
12.09444515
13.12564525
13.93334164
3.49931691
1.95068110
2.22241745
1.12466426
-17.11163240
-13.68885112
-16.42779765
-14.33630201
12.16977237
10.02788501
11.07338721
5.99605398
16.12111452
11.78604169
14.69537431
12.30110404
-10.45598243
-12.35120173
-10.17576930
-12.09328528
-11.47710345
-9.94378311
-10.56041997
-9.06013537
-13.89802551
-15.30624615
-12.56898610
-12.05616396
-9.82944152
-5.54641288
-8.39662830
-7.68925271
3.78258714
8.38675459
7.21490128
9.73957172
18.82754669
14.43311073
18.12235590
14.55778896
10.96879850
15.90749993
12.14099053
14.52233800
-3.05791017
-6.96793430
-3.21273475
-4.34055113
-11.69104225
-14.21074511
-11.20945215
-11.90399007
-7.29516189
2.99694955
-3.84316386
5.77840505
-8.95626947
4.64126177
-5.93258267
6.16730880
-3.42800679
-5.30027992
0.14930606
-6.95098538
-7.68960909
-5.12673538
-6.72658949
-6.07521735
15.08624129
18.33377705
17.38115421
16.71649495
-4.91510354
-8.21274862
-7.62124693
-6.24951464
3.86537190
1.01564632
6.31241178
2.87780178
13.91593545
14.84123194
16.52788058
13.51845085
13.82731034
10.22974212
12.51753271
11.55193029
8.38412219
11.07453758
11.79934574
9.74998103
-12.70397387
-8.09964751
-11.70400695
-9.44492427
-3.31404485
-5.84631087
-2.14357738
-2.84227547
-2.61718556
-4.00457767
-1.88534932
-4.89268370
2.90333373
5.15935047
3.46141812
3.63481126
-1.30391385
1.73821945
-2.08772799
1.19267657
7.39280825
8.63088770
8.60763928
9.78703210
13.32539673
13.00956441
11.92640918
10.67394366
-3.93362558
-4.27985581
-1.99485085
-3.34515769
-3.82306247
-5.60471104
-5.06752564
-6.90871105
2.70117506
3.60609202
2.98310389
5.58373938
4.35630591
5.60471555
8.18961363
6.92234541
-11.14077990
-8.32650719
-9.89691892
-11.86541172
10.72855533
13.13782042
12.03910368
10.94414501
-14.10220039
-4.16523323
-15.88521962
-5.24543753
-13.15750716
-3.62281310
-15.28094151
-5.54270080
17.33374381
15.84126000
17.08140959
16.35590863
-10.61034580
-13.17929806
-11.92727535
-10.82232241
-17.80806675
-14.16251464
-17.57204240
-15.69721522
7.97807781
7.29969753
8.26077103
6.84546156
5.91423651
8.08143260
6.27093688
7.11861091
0.18625003
-0.49613085
-2.33301914
2.00278013
-18.78236043
-14.86089139
-17.08676655
-16.16589399
-0.95391299
0.03348654
1.71180909
-0.66258106
5.43603401
3.82263947
4.27160337
4.79452805
4.13964619
6.58863643
6.12020364
5.85458929
9.34627067
7.82877127
9.92476784
8.92946036
-7.10591177
-8.79428390
-6.51780254
-7.76327370
-1.65035766
-1.22725590
-0.83982202
-2.53011524
-15.38069593
1.73648771
-15.35899605
2.62779864
-13.17136576
2.20324339
-13.04567248
3.90444293
8.07468251
8.14042920
10.16723346
7.71227901
13.63200240
10.38544872
13.43487650
10.18312382
-12.71551376
-10.65223149
-10.37855765
-8.25955114
13.39210128
12.51612525
13.36079067
11.42140902
13.96981039
16.61804047
14.89224115
14.96715050
-5.88246889
-3.50061365
-5.84023176
-2.71283216
0.72327105
-0.19527489
2.50913699
-0.80844099
-5.15890340
-3.10813246
-3.05424214
-3.80704977
-5.78783670
-7.32707487
-4.62175170
-4.67693577
14.47304427
16.66252868
15.61960481
16.48909004
-13.33598010
-15.90167561
-13.73635494
-15.12791606
-1.94300450
-3.13208764
-0.24327132
-2.83695960
-12.90104929
-12.93438930
-13.74337315
-13.59350573
-6.95681859
-10.77142420
-7.52678438
-9.63989398
-3.02142022
-0.68556457
-4.39876918
0.01782162
-8.57793254
-9.69079786
-9.35786051
-9.59750875
-13.52353902
-16.83712583
-13.57628212
-15.08531016
-6.86955830
-6.49181745
-8.68148396
-8.54440138
-6.42426818
-9.02305705
-4.90229650
-7.95031452
17.34413513
18.43617687
16.30374841
19.50620592
7.73450044
10.00674147
9.52314709
10.47345894
4.44491298
3.94176181
5.12109633
3.33527513
6.49831294
8.08361906
7.62419901
9.23814661
-11.28421681
-8.40390727
-9.48764395
-8.83576537
-0.97942629
-0.72951922
-1.20378420
0.74672708
-17.87959123
-19.77583779
-17.17664719
-18.65740466
-5.02289682
-3.17984957
-5.98894805
-4.63106135
-7.68406988
-9.36092491
-6.84657083
-8.81303983
7.01567096
6.17434998
8.92795879
6.38667050
-16.47507141
-18.17624133
-16.47707988
-18.87821849
-12.17028260
-12.67238535
-10.83411432
-12.76480116
6.00623848
3.23347994
6.20012680
5.01913159
-3.68078816
16.47260985
-0.22969119
17.12238650
-1.79236939
15.52335611
-1.11670118
15.63696076
-0.15838905
1.83567129
-2.75878588
1.67444230
-1.15038151
-0.27853856
-2.03338155
1.16684246
0.69724128
1.16764596
-2.12428360
0.89862358
2.17999927
-0.28572186
-1.08278982
2.42816501
3.16747285
8.01048534
5.21368813
7.07036935
6.08361721
6.93054560
3.40520712
7.21852829
1.33598998
0.78819040
4.22884545
1.74948724
1.50412477
-0.38799151
3.21972561
1.67916775
-10.85207768
-8.22909377
-9.95073167
-7.19916394
-10.72204397
-6.50332356
-10.52573659
-7.88435694
-1.89717886
-2.23355412
-3.54682863
-5.22860584
-0.16639719
-2.88398291
-1.38609799
-3.52880229
3.42403332
0.45785874
-0.13291028
2.54677679
2.68534039
0.07200879
1.50997994
1.05713023
-19.06818320
11.53520206
-18.08448395
10.36659749
-16.26341032
11.07857276
-18.77271128
12.73403070
-17.20761635
10.95199323
-16.75444519
10.58554380
-14.40127747
9.16969740
-18.78281943
11.28138551
4.70881870
4.84036920
3.50393563
5.73408709
3.85502621
6.20201262
5.23052119
5.97349683
0.44224126
-0.03243966
1.50632919
1.02493248
1.25230637
0.16711644
4.11077812
1.82941843
6.45155131
7.76209195
9.63983769
9.46001425
6.94184410
8.63879406
7.96785245
8.90251276
11.94100064
13.02970137
13.31630026
14.99193182
12.02978665
11.34461182
12.39288447
14.01876846
4.94852124
1.10526826
2.94940184
1.33099361
4.27519439
1.09839975
1.60614960
0.37846804
-15.80422162
-15.48976397
-17.73407709
-14.56805751
-16.75734337
-13.65898315
-17.39735582
-13.34841590
14.68445518
11.13851332
10.01110119
8.18158857
13.16996152
9.18074988
11.97784873
6.91195176
16.68286436
13.84743776
15.65802754
12.77061345
16.93385931
12.68461247
14.80929590
12.60433326
-12.67225362
-13.06056972
-9.24476828
-9.69828352
-10.58500599
-11.46324398
-9.70112852
-11.25497859
-10.73291778
-8.97080058
-11.21627797
-9.55243184
-12.27758287
-8.96701746
-11.26829107
-8.18199869
