-3.60571063
-14.15780909
-4.70880744
-13.79960270
-4.11632497
-12.27194181
-16.41640348
-11.69164903
-10.42446227
-0.41619141
-11.83118279
-16.40413705
-1.77538120
-4.61235224
-14.78264710
-11.66018731
-10.37003975
-14.23463286
-13.98762173
-2.60559052
-11.80789445
-8.76588982
-3.23977696
-9.79382480
-14.37819824
-6.55684760
-5.21499409
1.09975362
-0.74324817
-7.26624607
-17.40513048
-18.03858613
-10.75864788
-1.36849991
-11.47601497
-7.89049137
-11.29307128
-5.38955551
-5.85070316
-7.44047017
0.76562045
-7.58486811
-16.90967751
-4.71288714
-1.68460973
-6.48011719
-5.59211476
-10.45311417
-8.42222027
-5.26386104
14.96111341
12.05735148
4.18625713
-1.68449859
6.60715392
10.53797140
3.39693085
6.79522962
14.25112898
17.62209703
-2.12545198
7.44868456
5.42381025
12.62061979
17.58381261
0.92087864
0.13971357
10.40027309
7.90348062
7.39738614
7.47611306
12.76674602
4.94996258
14.09453819
6.03373148
3.47729911
1.71845143
12.31223499
-0.04506373
17.34360891
4.39120359
5.18501066
10.73856267
12.12282842
4.27005496
7.28784178
4.86541047
16.06234495
4.42814120
0.78930558
4.31467473
8.47151539
13.78901600
2.47129864
18.02354437
17.26110747
7.19372296
14.39227413
-0.19035230
5.09886603
2.31869715
2.17893227
8.07331039
-0.01739877
-8.42385054
-2.91596525
0.68306019
-17.69811589
11.03643984
5.60294177
-0.07296106
8.78945247
12.15180738
0.56105614
-14.43949530
10.68178625
13.53549580
-12.79215500
-8.74210559
-14.76745077
-4.10940700
7.17137431
15.33044585
14.51638370
-5.93374530
-12.74307332
-4.44477516
5.17161434
-6.07069718
-5.39771174
18.47756252
-9.03697361
2.75314456
14.51496540
9.18426401
10.73858895
-7.00714555
-2.68664918
-2.62383195
4.53632848
2.30854825
8.40400303
12.70595692
-3.46665552
-6.09301802
2.27054553
4.75531077
-9.61345353
13.17885004
-15.11068478
-4.03637064
16.68324981
-12.06743624
-14.94068513
7.06163271
8.83894250
0.00735164
-15.06606345
-0.99028185
2.67223244
6.89937665
8.59868486
-7.16172246
-1.80724143
-15.28584484
3.25516119
8.47276930
11.28890299
-9.39304459
13.36357755
17.68512513
-4.09174318
-0.54622562
-4.21247027
-6.20560455
16.87517236
-15.97745262
-2.45385305
-12.16370168
-9.98791359
-1.29376936
-8.54456133
-15.89759410
-7.65165412
-8.22292555
18.81562870
11.35038844
4.69390222
7.00605097
-8.94702156
-0.11240362
-18.76252179
-3.58769786
-10.31783763
5.57905438
-18.35256083
-12.28272502
2.30961209
-0.85870654
16.18119193
-1.97979818
1.56316295
-1.98158823
0.14404798
3.64013434
6.17705394
4.01167622
2.52864892
-9.22860752
-6.89378265
-3.02229815
-4.85035297
0.66692884
1.72330672
-15.32002664
10.98893011
-17.79350230
11.96670786
2.62168083
6.57667280
2.56376870
1.73342891
9.72865927
9.07075349
14.14571222
14.99795659
3.19378013
-0.07878509
-17.59846634
-15.17472155
10.24117195
7.73525152
15.84179732
11.78192165
-8.29046753
-10.14602533
-11.74116647
-9.25433608
-12.83469121
-13.44478180
-9.05181292
-6.24404379
6.02548338
9.66998121
18.82913317
15.69027191
13.38886871
14.86808157
-1.77101277
-4.07533371
-12.43248655
-12.78688276
-7.90224285
3.78321783
-5.25675882
6.79320277
-0.71347528
-7.46519958
-5.64750599
-6.33742041
17.17305499
17.99852853
-6.98376416
-5.94712739
5.38893073
2.25309293
15.15323447
13.64560161
11.20992059
11.35683286
10.37476377
8.56444820
-10.91095981
-10.21419470
-1.46348331
-4.44748813
-3.42351764
-3.89329519
4.63616008
5.18921101
-0.74659104
2.57157770
9.71825868
10.90966547
13.07119021
9.63857551
-2.54030247
-2.77931607
-3.75619636
-6.50053391
4.23454313
4.09721848
9.45310629
6.37327538
-11.14634494
-9.61599766
10.77986621
11.97340182
-12.83951164
-3.84761061
-16.42341200
-6.02514806
18.22303518
15.96820584
-11.56643007
-10.85454910
-16.07106240
-15.22394496
9.42934856
5.82699586
7.46746621
8.33635637
-0.93990969
1.48801984
-17.24431177
-15.94504367
0.57195928
-1.17803016
3.67654758
5.65514167
7.23051193
4.88763963
9.52775806
10.06156590
-7.81616591
-6.71754472
-0.31496055
-3.18588255
-14.29495771
3.21196538
-14.11631463
4.42276492
9.13362134
8.89379380
13.62206780
10.25628806
-11.47390281
-8.72690039
12.18757562
12.29370571
13.79741272
16.00694042
-4.57803400
-2.27890711
1.28531692
-1.38582659
-2.14588838
-4.66399112
-5.21559691
-5.03152844
15.21965559
17.43663558
-12.85704173
-13.90258397
-1.45360441
-1.29485014
-12.45040891
-13.91867778
-7.06375068
-10.68660477
-4.77086546
0.42055770
-10.34605461
-9.90780256
-14.58545884
-15.97844979
-9.47809703
-7.51969230
-5.71107572
-8.13008055
15.39510121
18.32589988
8.46355146
11.32701869
4.68928678
3.63676818
7.41405845
8.64978572
-10.15416861
-7.74730837
-1.07303064
0.94037874
-17.91739121
-18.97465451
-6.48969210
-2.90588976
-5.77341256
-8.25346449
8.02475611
6.36150893
-17.30296438
-18.85364817
-11.55705512
-13.60785197
5.14000326
4.16975785
-0.71595660
15.43125632
-1.92463217
14.60509596
-1.05860105
0.61249019
-1.98806128
0.70709698
1.79805584
-0.88784196
-1.61584911
1.72367440
5.25374502
5.88932199
2.31338234
8.29739471
0.51533246
0.43871617
2.54659704
0.75402407
-11.42629365
-7.48131804
-9.56992601
-8.86051844
-1.02570212
-1.74106856
-2.36550853
-4.14120299
2.61852820
0.77697128
1.71882051
1.66022137
-17.46669046
11.82087813
-16.76401678
9.72272741
-14.69009459
9.48757879
-18.86415169
10.37169097
2.84161480
5.32470351
4.43928905
6.38077076
2.22606440
0.23284890
3.23756864
2.70568210
6.68521423
9.33495590
8.60507815
9.01490620
12.73085524
12.02635852
13.02776416
13.82075830
3.40706956
1.96546241
2.27566911
1.12287016
-16.96932392
-13.54281841
-16.27146396
-14.25008515
12.06079953
9.94448849
11.06894837
5.95427581
16.04959384
11.76758119
14.47757256
12.25291359
-10.48927360
-12.35727306
-9.96114872
-11.96313923
-11.75056446
-9.46063341
-10.64376248
-8.43286936
-13.77518922
-15.18136714
-12.48501961
-11.94230127
-9.77543631
-5.51432527
-8.35474803
-7.65367255
3.74356291
8.33537718
7.16124409
9.61121207
18.65093132
14.33335849
17.98880402
14.45098253
10.91048073
15.77367230
12.08098835
14.39626560
-3.03391604
-6.91520313
-3.18565818
-4.31382536
-11.53514264
-13.99348086
-11.15953052
-11.70132947
-7.31588048
2.96404982
-3.81761384
5.77761136
-8.87908799
4.56166555
-5.93639307
6.17540922
-3.42199677
-5.23469658
0.08879662
-6.91113616
-7.65144616
-5.09442347
-6.70873350
-6.03534003
15.00239079
18.20210198
17.25880325
16.59760035
-4.87888894
-8.32675950
-7.60049642
-6.22815447
3.94140207
1.06027382
6.32388301
2.91014259
13.77868149
14.72786783
16.39035334
13.41729514
13.75249241
10.20090991
12.48263613
11.48942280
8.33224217
10.96184435
11.71645362
9.68612515
-12.63909657
-8.13239605
-11.59709137
-9.38255040
-3.27862914
-5.80004454
-2.16353767
-2.82372514
-2.60111178
-3.95974325
-1.94353274
-4.85822078
2.93414457
5.14469026
3.47168374
3.62759560
-1.31356236
1.65447124
-2.13338763
1.18876657
7.24985322
8.56547908
8.54914634
9.72250763
13.20759656
12.92663814
11.86268531
10.57897293
-3.87708489
-4.24361080
-1.95299282
-3.28820307
-3.77201864
-5.54181690
-5.02138272
-6.84242438
2.67707487
3.59590285
2.91957220
5.56719487
4.36142189
5.54255332
8.19776843
6.91306349
-11.18882684
-8.33735639
-9.87416934
-11.77586054
10.68687843
13.01474835
11.91130009
10.84607374
-14.02179747
-4.18629093
-15.80801545
-5.23582282
-12.88499598
-3.65119923
-15.12636847
-5.55775501
17.18582019
15.73280549
16.94583125
16.20754149
-10.54560902
-13.08487928
-11.85621031
-10.73770198
-17.63596135
-14.05402279
-17.42017740
-15.54369247
7.92403202
7.27831466
8.18895878
6.78218656
5.85991075
7.99931365
6.21626051
7.03776923
0.18610178
-0.51015049
-2.34397470
1.96517709
-18.65693645
-14.75417188
-16.94446597
-16.03457401
-0.89721120
0.05303752
1.65983199
-0.65992507
5.37685296
3.80808502
4.17449336
4.78386428
4.13878605
6.55169105
6.11230211
5.82981661
9.27617501
7.77349444
9.83666154
8.86634825
-7.12741959
-8.87469950
-6.63880130
-7.98631524
-1.62665417
-1.19090751
-0.80725995
-2.51435697
-15.26643896
1.70565049
-15.24797178
2.59870072
-13.08188297
2.17782388
-12.94407378
3.86203145
8.04269144
8.10014041
10.06614857
7.69844922
13.56772082
10.32531017
13.39288474
10.14856172
-12.62992817
-10.56539956
-10.32555404
-8.20146182
13.26541969
12.42327635
13.22785266
11.32982742
13.88385274
16.49982009
14.81370044
14.84883380
-5.80858856
-3.44904039
-5.79494860
-2.68132633
0.68726065
-0.20964248
2.42785845
-0.82003338
-5.13160921
-3.09956734
-3.01255703
-3.77309944
-5.72448745
-7.26429630
-4.55015876
-4.64644340
14.33778421
16.54438460
15.50869694
16.33706728
-13.30417870
-15.75951183
-13.68902355
-14.89228187
-1.95366883
-3.10719604
-0.25880154
-2.84831300
-12.79830129
-12.80913029
-13.58900537
-13.45908902
-6.89310926
-10.56002451
-7.52798730
-9.55255564
-3.02743560
-0.78691224
-4.40601037
-0.09775229
-8.50109933
-9.61371242
-9.29667606
-9.49525551
-13.50852850
-16.64989912
-13.49579179
-14.96032615
-6.83611223
-6.42609490
-8.60986278
-8.48079121
-6.38814046
-8.98576114
-4.85137230
-7.93263261
17.19692684
18.27813925
16.18533924
19.36981915
7.69666222
9.91336948
9.44557408
10.38978857
4.42463477
3.92536583
5.07822756
3.32843737
6.41343023
8.04821841
7.50883578
9.16465873
-11.00322539
-8.44617424
-9.35357099
-9.06701980
-0.99730635
-0.71085830
-1.24506368
0.73437540
-17.79255510
-19.59715380
-17.00889429
-18.48231360
-5.01576876
-3.19043483
-5.99406114
-4.61668242
-7.67773209
-9.34259135
-6.81828847
-8.80599257
7.03569701
6.20322143
8.85990627
6.36109778
-16.36270890
-17.98260258
-16.38214479
-18.75499181
-12.04530140
-12.60612464
-10.74072669
-12.69547501
5.94062882
3.18990517
6.12098539
4.99962182
-3.64374829
16.34297828
-0.20585687
16.99047834
-1.78463828
15.37870950
-1.11011768
15.60059995
-0.13785593
1.79166215
-2.73871051
1.59794784
-1.14029862
-0.31830885
-2.03232170
1.21009148
0.75696309
1.13639227
-2.09341333
0.92052232
2.15173220
-0.22007515
-1.04007692
2.35490843
3.08726990
7.94524016
5.11375026
6.96553291
6.06969764
6.87514318
3.37731850
7.18900457
1.31368187
0.80295158
4.16935125
1.74132348
1.51337828
-0.36461103
3.17905228
1.65911797
-10.75062157
-8.08592510
-9.85830398
-7.05027156
-10.61497171
-6.41895719
-10.40762879
-7.82627151
-1.86568526
-2.20206578
-3.47484977
-5.16022892
-0.18749287
-2.81286473
-1.35445779
-3.48354982
3.41269988
0.54702648
-0.06014341
2.61165576
2.61949452
0.09759470
1.44617394
1.14106172
-18.90185443
11.46301502
-17.92239223
10.26333443
-16.13404727
10.99322050
-18.73621021
12.60254892
-17.03625752
10.85266424
-16.58928165
10.50678779
-14.24711610
9.12518638
-18.65450182
11.21409901
4.67023411
4.78215847
3.47521596
5.65835510
3.81789741
6.16644502
5.22402713
5.95636532
0.39730951
-0.00433406
1.54109451
1.04148825
1.24621877
0.15172336
4.07308075
1.86739814
6.37522191
7.76258142
9.60619101
9.47293977
6.92425096
8.64174593
7.89804094
8.83163448
11.84719028
12.97678550
13.23614287
14.99679798
11.95134999
11.24016824
12.27902570
13.99071773
4.94263656
1.15160339
2.99443582
1.14162254
4.31283477
1.07374106
1.63650138
0.37635357
-15.69293305
-15.35384422
-17.72504556
-14.51287740
-16.65228770
-13.59521321
-17.23797878
-13.28651548
14.56513505
11.08367657
9.90691054
8.14573257
13.06417565
9.13704711
11.98902689
6.84750901
16.62801037
13.76077249
15.60940520
12.62644426
16.89337532
12.61981567
14.66878751
12.49560640
-12.53575519
-12.99760383
-8.97187409
-9.74893126
-10.50134918
-11.83390796
-9.90192823
-11.04633275
