-3.67428665
-14.60813994
-4.77600962
-14.11698132
-4.18667557
-12.35574796
-16.74987943
-11.82457832
-10.53212867
-0.44056364
-11.95202188
-16.67692744
-1.70320151
-4.51115230
-14.87347293
-11.91543915
-10.54292207
-14.43736049
-14.31219097
-2.59187062
-11.97638019
-8.88809568
-3.27704418
-9.99411517
-14.62114934
-6.60933592
-5.35421695
1.12358115
-0.69726897
-7.36005487
-17.69714884
-18.39256883
-11.00330322
-1.44127329
-11.62514993
-7.93359169
-11.41699547
-5.40585777
-5.87728396
-7.57011846
0.81897945
-7.65421958
-17.18700151
-4.65342471
-1.74000384
-6.64499898
-5.67486109
-10.46754718
-8.44832877
-5.31861624
15.28401666
12.29381644
4.17102872
-1.63314179
6.67280415
10.75324834
3.45390351
6.94647333
14.58149764
17.76417294
-2.13267647
7.51680362
5.50666708
12.79286394
17.88257625
0.97839846
0.29916440
10.60389537
8.08995769
7.54045519
7.56580344
12.94830847
4.98684793
14.32797700
6.13562087
3.51105819
1.74321354
12.58149778
-0.10855649
17.70181150
4.47359918
5.30689130
10.97327989
12.27298840
4.31343737
7.39128020
4.93818096
16.29244937
4.51676179
0.71943768
4.35675948
8.69673124
13.91593351
2.55562122
18.35417859
17.56878437
7.19317265
14.62749249
-0.20801824
5.05402138
2.35316168
2.27081564
8.15479487
-0.03700157
-8.58065673
-3.01236683
0.74569909
-18.05273400
11.29710077
5.68249280
-0.09828334
8.96938108
12.28382797
0.54851519
-14.79066799
10.95431356
13.88870014
-13.10169428
-9.01859755
-15.79653739
-4.16040799
7.31371209
15.56329644
14.77606593
-6.09319417
-13.12221507
-4.46293436
5.24688719
-6.20180428
-5.46100985
18.75982893
-9.13711072
2.73355592
14.77754870
9.41523058
10.95064923
-7.10150956
-2.68213125
-2.69645347
4.67229642
2.28619836
8.59076477
12.91237045
-3.50618212
-6.10323818
2.26166208
4.84907662
-9.65646881
13.39876530
-15.49368155
-4.04873610
17.00270003
-12.20947682
-15.32189297
7.17345487
9.07319089
0.06904402
-15.52862515
-1.01334923
2.71884472
6.95538341
8.76447894
-7.27530192
-1.79978306
-15.50611794
3.30606839
8.55362724
11.47784178
-9.54888425
13.65676570
17.98691839
-4.14817157
-0.43945144
-4.25974174
-6.28691915
17.16258779
-16.37192368
-2.43940735
-12.36505129
-9.89869695
-1.28612007
-8.71723041
-16.17424753
-7.69898188
-8.34077558
19.15140614
11.56959723
4.69732368
7.11390638
-9.34849920
-0.00869581
-19.11791409
-3.58639847
-10.46871460
5.71128131
-18.66655196
-12.42378335
2.35939334
-0.93100532
16.40969615
-1.91462280
1.64161286
-2.13563247
0.15241617
3.56127580
6.26453829
4.06122448
2.59880300
-9.26740448
-7.02105885
-3.09454333
-4.96955008
0.61169147
1.83412561
-15.56836119
11.17463713
-17.94514025
12.19211750
2.65125348
6.71073853
2.47050252
1.70459518
9.92329478
9.16510394
14.40857174
15.27530445
3.22647334
-0.05007295
-17.74840750
-15.42938679
10.32280649
7.88594663
15.93859104
11.77898741
-8.34986883
-10.36779711
-12.25414139
-8.94733725
-12.76020758
-14.12626435
-9.15113072
-6.33299648
6.10368841
9.85602020
19.15458888
15.94781659
13.52400292
15.01353183
-1.87188310
-4.12960058
-12.56793828
-13.14209592
-8.27093964
3.87319992
-5.27504478
6.89368287
-0.62688069
-7.60011802
-5.75555503
-6.38685918
17.46722900
18.27076679
-7.04946648
-6.01788970
5.41745402
2.22707006
15.41798646
13.94082123
11.29656489
11.48702585
10.57039426
8.72050590
-11.08953617
-10.34265541
-1.52062427
-4.57613731
-3.32967672
-3.93687433
4.69387745
5.33754880
-0.63671633
2.64045791
9.85365338
11.07036300
13.31357363
9.84204193
-2.63387487
-2.82201937
-3.74079336
-6.61052926
4.34104390
4.13590092
9.54430129
6.51892677
-11.26957698
-9.69478854
11.02408110
12.20878378
-13.08199489
-3.94770017
-16.69753040
-5.95398621
18.58180477
16.28070655
-11.68191400
-10.95082045
-16.46013652
-15.53034077
9.57250714
5.99831376
7.60952630
8.46403541
-0.95536823
1.53515084
-17.60506838
-16.32105025
0.60535026
-1.20981500
3.77297637
5.75335035
7.24677635
4.88956369
9.70493221
10.23129647
-7.85153186
-6.74362800
-0.32254916
-3.18213070
-14.48450683
3.34760541
-14.38802957
4.56490790
9.35484659
9.00071553
13.87118225
10.29356244
-11.63740243
-8.89735330
12.43838102
12.56787659
13.97871939
16.32541649
-4.65270115
-2.32429014
1.47614532
-1.38359373
-2.15256441
-4.72534405
-5.30173504
-5.15219123
15.55921097
17.83290063
-13.07711271
-14.13886387
-1.45657137
-1.27220127
-12.71615621
-14.22565472
-7.12460981
-10.78016381
-4.86852215
0.51508127
-10.56390892
-10.04655734
-14.84798690
-16.31246027
-9.62572633
-7.64836753
-5.81584809
-8.29946998
15.67231840
18.62170401
8.60313026
11.58815986
4.82086269
3.63881741
7.49415573
8.77999663
-10.30303569
-7.84758063
-1.08935697
0.85837985
-18.23958458
-19.35428055
-6.52990452
-2.90022863
-5.77770815
-8.34177481
8.06285519
6.50974760
-17.63429330
-19.22992357
-11.65901737
-13.79168176
5.33406044
4.26440008
-0.73378917
15.64537703
-1.99946932
14.75152517
-1.14337634
0.76653185
-2.06727300
0.72795388
1.73092097
-0.91170714
-1.61517171
1.63608602
5.30367336
6.03404873
2.28407106
8.36708306
0.49077331
0.44991680
2.55961867
0.77750839
-11.65477240
-7.63800222
-9.78683633
-9.06043288
-1.07808503
-1.79619381
-2.47591112
-4.28500831
2.65710668
0.71367433
1.66293251
1.55783675
-17.89023963
12.12650389
-17.08133429
9.87026337
-14.99310268
9.56825458
-19.15900627
10.56587343
2.97852028
5.44143119
4.46782712
6.46072608
2.22159115
0.20612777
3.19768158
2.68842608
6.76947964
9.47149059
8.81805349
9.16583101
12.95704849
12.18807191
13.23345155
14.06792202
3.52458422
1.93020135
2.25084263
1.14112113
-17.33057499
-13.90567867
-16.66195435
-14.49624878
12.30355629
10.11825661
11.12431769
6.04547421
16.19649575
11.91025465
14.85387079
12.42196816
-10.52447235
-12.31468303
-10.29444217
-12.22834773
-11.47010867
-9.93819847
-10.79366593
-8.88750155
-14.34255483
-15.74071426
-12.36869061
-11.83961705
-9.88909908
-5.57900933
-8.47365571
-7.73926482
3.83385068
8.48828076
7.29550898
9.85776884
19.07906179
14.58880299
18.31492316
14.70890702
11.05164493
16.05076801
12.25264904
14.66065818
-3.11281506
-7.03274296
-3.27544129
-4.38884720
-11.90535379
-14.39298360
-11.26750864
-11.95626375
-7.36190061
3.04327073
-3.85302728
5.83039243
-9.10289249
4.69196337
-5.95137892
6.20097629
-3.45642179
-5.38021243
0.26979244
-6.99091835
-7.74502106
-5.17924604
-6.75909201
-6.14263435
15.12789506
18.48997901
17.50984841
16.86536839
-4.93993698
-8.34752755
-7.70581676
-6.32138806
3.78280445
0.99435873
6.35092624
2.82540338
14.10944236
15.00802589
16.69507422
13.67286379
13.88818529
10.35537460
12.58343605
11.66528746
8.48163406
11.19773344
11.92628950
9.87197371
-12.80964669
-8.12944501
-11.83526768
-9.55575848
-3.31139870
-5.92402329
-2.08866186
-2.88418246
-2.63175359
-4.04255353
-1.92840995
-4.95315962
2.90041645
5.20617352
3.49381043
3.66512995
-1.28589658
1.79480216
-2.05527150
1.22985662
7.51416419
8.70599490
8.68692907
9.88294568
13.45283951
13.11099145
12.06129237
10.80807451
-3.99736968
-4.34958299
-2.04816168
-3.39590143
-3.83079262
-5.65894019
-5.07568068
-7.01157099
2.77368889
3.61113306
3.02872580
5.60509787
4.34249116
5.66458367
8.20027295
6.94726942
-11.31119264
-8.36787345
-9.94215033
-11.91132344
10.83721113
13.27229181
12.24937576
11.05667661
-14.20534222
-4.18119587
-16.00331738
-5.25872516
-13.31863976
-3.65629822
-15.42284275
-5.53541443
17.53766799
16.01104212
17.27938628
16.55173427
-10.75388112
-13.33202001
-12.07634894
-10.95363000
-17.97030585
-14.30379275
-17.72530796
-15.78868964
8.08640894
7.37861336
8.36628298
6.96034912
6.02065708
8.18518593
6.33976420
7.22883267
0.18825467
-0.47640670
-2.33562816
2.04427042
-18.96330924
-15.07812120
-17.28661828
-16.35723496
-0.96956520
-0.00223392
1.78031622
-0.68589254
5.48808540
3.86533273
4.32147381
4.82947257
4.13197712
6.63953979
6.14175125
5.87671167
9.42444815
7.90217565
10.01116234
9.03249184
-7.13881037
-9.02210627
-6.57799335
-7.82328714
-1.66786956
-1.22150738
-0.86011993
-2.55166595
-15.57612075
1.78397565
-15.46221724
2.66700663
-13.28236844
2.24389083
-13.14270476
3.97409191
8.14567843
8.20190959
10.30024953
7.72250070
13.67210436
10.50578926
13.51673213
10.25528459
-12.84544239
-10.75861651
-10.44928547
-8.32626965
13.55948791
12.65203971
13.52565566
11.56211000
14.10895141
16.77349683
15.01350187
15.12513415
-5.97041376
-3.54264322
-5.88074643
-2.74579670
0.78917669
-0.21437041
2.58845106
-0.79625069
-5.17784331
-3.10906019
-3.10160475
-3.84333312
-5.87808778
-7.46211824
-4.71847414
-4.71142501
14.65573462
16.79551531
15.78474986
16.70226378
-13.37743808
-16.05096292
-13.85989258
-15.28325862
-1.98596980
-3.15697054
-0.23816267
-2.86805308
-13.06391322
-13.09264247
-13.80148653
-13.79264483
-7.01345738
-10.94519935
-7.55495285
-9.64424888
-3.05736331
-0.67643021
-4.41883118
0.05563656
-8.65447705
-9.76879441
-9.44871959
-9.71906377
-13.59360213
-16.98275403
-13.66525996
-15.23222169
-6.87676575
-6.62328174
-8.77888046
-8.67490632
-6.46655101
-9.08160496
-4.96568760
-7.97659191
17.54692653
18.64555615
16.45262289
19.68864459
7.80104043
10.14619483
9.61950585
10.59994625
4.47915443
3.94691111
5.17629238
3.35842542
6.55462779
8.15862142
7.72091408
9.33567320
-11.37969681
-8.42526596
-9.53943899
-8.89899038
-0.95771019
-0.77526596
-1.14320970
0.77367576
-18.03976899
-19.97920305
-17.36652086
-18.83005943
-5.03035512
-3.16693523
-6.02795787
-4.63140708
-7.82835121
-9.45608130
-6.89314101
-8.86953412
6.98564205
6.14763477
9.03430383
6.44519685
-16.62475212
-18.38975488
-16.61981265
-19.05714548
-12.40590711
-12.72117880
-10.87419613
-12.84167071
6.10314481
3.29430313
6.31842805
5.07017760
-3.73165943
16.64555737
-0.28232473
17.26228392
-1.80271216
15.68946971
-1.14897515
15.72050956
-0.16622943
1.87693440
-2.79078433
1.76524999
-1.13978390
-0.18107606
-2.03088412
1.13979680
0.65761740
1.18950799
-2.15320424
0.85418634
2.18200787
-0.38593562
-1.13126792
2.44977548
3.17329066
8.14351213
5.27963075
7.20272604
6.18740508
7.02875402
3.40007183
7.27439668
1.33417646
0.78149211
4.28625995
1.77767168
1.50758077
-0.41046061
3.26758006
1.71450739
-10.76677763
-8.32484089
-10.00968587
-7.27522476
-10.86304006
-6.55979626
-10.64898103
-7.96362958
-1.95885878
-2.24798042
-3.59011310
-5.33689567
-0.12515805
-2.92938378
-1.42228065
-3.60573615
3.48061299
0.32986819
-0.19552276
2.56886494
2.75606410
0.05184555
1.51763123
1.10894612
-19.27049344
11.64728564
-18.32468853
10.47648102
-16.40733578
11.23181342
-18.83673956
12.90323662
-17.37997277
11.00977864
-16.94693298
10.69344574
-14.50673319
9.22832132
-18.92022116
11.32556261
4.85418927
4.90976346
3.64744496
5.80333272
3.93918724
6.28186616
5.32965976
6.02248501
0.45541550
-0.05299608
1.42875831
1.01486061
1.21456706
0.16287287
4.17335216
1.83700223
6.48405005
7.84612942
9.74021544
9.52187216
7.04563991
8.72318960
8.09622065
9.05044979
12.03136772
13.12414823
13.42008231
14.97941722
12.14941397
11.45836701
12.54437748
14.10795826
4.99411136
1.08143357
2.98434033
1.38838640
4.30975675
1.09076081
1.60982330
0.41562509
-15.83499959
-15.69470541
-17.86242902
-14.79791729
-16.78977655
-13.76424684
-17.65707673
-13.40107787
14.84179694
11.19501101
10.15229809
8.20078737
13.29404825
9.20303385
11.98560395
6.95868765
16.77753240
13.90132902
15.74024548
12.78741769
16.99499717
12.88081461
14.90001733
12.64788160
-12.56275803
-13.00166935
-9.37276314
-9.76541186
-10.66783194
-11.50022056
-9.93283910
-11.39809294
-10.79078356
-8.88470862
-11.34042693
-9.72942701
-12.49017505
-9.23831711
-11.66967446
-8.23854622
-14.17508757
-14.83028221
-13.62677083
-13.27365763
-13.59284513
-15.17028421
-12.75094560
-12.63368226
