-3.78606285
-15.21585319
-4.79476133
-14.38719813
-4.31823350
-12.75775238
-17.32667427
-12.56447782
-10.45624908
-0.42034997
-12.29377837
-17.24839529
-1.79844956
-4.91226860
-15.30824285
-12.49853561
-10.84167505
-15.04814203
-14.68219847
-2.72642908
-12.30664110
-9.43798421
-3.27833349
-10.20077456
-15.06385616
-7.64140626
-5.49861721
1.15097234
-0.74224615
-7.49614203
-18.22996222
-19.05143262
-11.62330347
-1.40527179
-12.05777991
-8.31677186
-11.77664370
-5.54093984
-6.05847792
-7.73641660
0.93634807
-8.03280528
-17.81100398
-4.90439590
-1.55042751
-6.61265414
-5.67203152
-10.66429929
-8.60653786
-5.53052475
16.28216376
12.77628238
4.52402239
-1.50782978
6.83297372
11.19117488
3.68980503
7.19947907
15.15754137
17.96377114
-2.10048654
7.78521725
5.73205913
13.36310847
18.32902498
0.96330349
0.17424928
11.10790791
8.36101580
7.86798908
7.71301231
13.33419784
5.13729316
14.84280169
5.92071400
3.67474689
2.08141001
13.09509653
0.04504245
18.55073889
3.97663159
5.02601137
11.70631497
13.19104072
4.48360141
7.61103274
4.78641723
16.88252724
4.74431711
0.58549103
4.38706484
9.44512415
14.42760194
2.67762376
18.86586446
18.17110200
7.44962500
15.07111762
-0.12447781
5.37913996
2.50893807
2.41367967
8.44942418
0.06854086
-8.80739922
-3.01005863
0.69828327
-18.52572808
11.68390051
5.79851003
-0.09181341
9.01849334
12.51576189
0.66347800
-15.36622306
11.25242129
14.29667876
-13.75065947
-9.46957220
-16.26203960
-3.97997979
7.19889245
15.86562401
14.95417521
-6.80958152
-13.42893291
-4.14857755
5.09111045
-5.96328302
-5.50571476
19.87261718
-9.86493350
2.99728933
15.72376260
9.68749021
11.31794454
-7.55638738
-2.78830211
-2.90581210
4.94526651
2.02120052
8.98417326
13.31863365
-3.53695381
-6.31796012
2.20156245
5.04016479
-9.92513987
13.76901681
-16.00482205
-4.23079835
17.76120237
-12.64116825
-15.71497421
7.42356572
9.37956448
0.07932950
-16.16335473
-1.03758565
2.85921991
7.15033647
9.07678937
-7.59246526
-1.82638778
-16.07796348
3.44736930
8.74900791
11.78853097
-10.09197967
14.27097947
18.67350947
-4.24898596
-0.68217152
-4.21794557
-6.58805945
18.15802406
-16.97320629
-2.55067389
-12.84955238
-10.20576477
-1.30989993
-9.05980008
-16.69475624
-7.89561173
-8.79549536
19.87799677
12.07501005
4.82849394
7.44495516
-9.77626473
0.16670208
-19.73508277
-3.35203812
-10.86109986
5.97907024
-19.41244683
-12.77700153
2.40910381
-1.28154250
16.92701196
-2.00951777
1.85261394
-2.32333657
0.21596706
3.69541504
6.56718272
4.22655557
3.00562011
-9.64325496
-7.20956730
-3.24268736
-4.73721370
0.68422017
1.86586503
-16.02054091
11.50812989
-18.58816369
12.66505521
2.70724385
7.02753029
2.37572369
1.57891240
10.01869906
9.49817615
14.87585879
15.82409024
3.26745593
0.02858425
-18.20941471
-15.84435544
10.79905465
8.15757516
16.15986095
11.92316101
-8.66432697
-10.80845305
-12.71229224
-9.44723532
-13.49138504
-14.51992722
-9.96933659
-6.65607490
6.33798230
10.56200507
19.39915973
16.16109286
13.99740548
15.27630202
-2.65540738
-3.51993370
-12.42660583
-13.46755424
-7.81165845
4.69095855
-4.84846801
7.31035520
-0.18579471
-7.62259955
-6.53348780
-6.82460581
17.99667393
18.15017289
-7.66546020
-6.41536597
5.89734520
2.33855473
16.43720718
14.51791745
12.01273205
11.95723150
10.65121055
8.86795786
-11.54864838
-10.68861917
-1.53734952
-4.88095243
-3.50367223
-3.97372373
4.86012773
5.56970886
-0.63133184
2.72055728
10.28649488
11.43413499
13.71182895
10.39360947
-2.82704829
-2.87102532
-3.73163242
-6.79559227
4.56425486
4.38900626
9.81011159
6.74353178
-11.63022617
-10.09478091
11.08576525
12.42392031
-13.45161355
-4.03332061
-17.33756904
-6.17874350
19.30046410
17.12522214
-12.15516690
-11.22574686
-16.98178831
-16.08927725
9.67379201
6.30140993
7.88677950
8.79905889
-0.85818483
1.63689326
-18.39206334
-16.99108278
0.67943720
-1.15836952
4.03785268
5.93296722
7.41166951
4.98374239
10.08423388
10.56003100
-8.15894261
-7.03170149
-0.24725202
-3.26508802
-14.97355974
3.46110617
-14.90976836
4.80872427
9.67297418
9.29489425
14.05810929
10.62599640
-12.31419955
-9.55846610
12.96684692
13.07044958
14.43060512
16.99346759
-4.79056566
-2.34431685
1.31965221
-1.74676541
-2.16513999
-4.97790950
-5.35179635
-5.30044678
16.29462816
18.65619734
-13.47922168
-14.61232558
-1.59630117
-1.25688569
-13.26005944
-14.59390331
-7.46449565
-11.03523637
-5.03531773
0.57093032
-11.09257792
-10.53766156
-15.40523597
-16.93539572
-10.00447229
-7.80075553
-6.11741484
-8.69235273
16.21995969
19.27814142
8.87261493
12.14865580
4.96419999
3.65252240
7.70827865
9.12222046
-10.53821789
-8.25610988
-1.02952933
1.01481954
-18.96446258
-20.05183770
-6.49953405
-2.78666974
-5.63220195
-8.64908120
8.38452212
6.81636007
-18.30922470
-19.96278222
-11.97415873
-14.25598348
5.62643130
4.53721374
-0.69293193
16.20720467
-2.15976434
15.19956664
-1.12337982
0.89025207
-2.11399860
0.89435294
1.74538405
-0.84021163
-1.64473901
1.76033288
5.51515498
6.25831584
2.34806211
8.61404740
0.46919614
0.39136939
2.64473229
0.91445219
-12.15535499
-7.86382682
-10.16502129
-9.39694307
-1.01030770
-1.95344477
-2.62891180
-4.22399447
2.83227205
0.78057413
1.67600572
1.62100193
-18.63388620
12.46159687
-17.63349818
10.31702767
-15.46440576
9.79450123
-19.88154288
10.84077854
2.99050931
5.72901753
4.52232793
6.77475687
2.24014639
0.39357753
3.21735771
2.64042925
6.99696788
9.71333447
9.29922087
9.40488241
13.28090146
12.47834792
13.51679241
14.44470106
3.11682050
2.11777172
2.28991345
1.03726050
-17.93411877
-14.45230675
-17.17631046
-14.91113681
12.73687173
10.24492021
11.53650213
6.26774612
16.93979129
12.26387244
15.02771411
12.81363735
-10.79813875
-12.64007132
-10.38978946
-12.70615025
-11.56193510
-10.44056684
-10.84895989
-8.95246314
-14.98822111
-15.89404825
-12.78517760
-12.29063250
-10.64052326
-6.17948422
-9.10864121
-8.16151283
4.15620645
8.27313504
7.13572300
10.41906854
19.74857117
15.75079608
19.24101887
15.16629379
11.48894175
16.77412899
12.53277159
14.87699706
-3.68930042
-7.08700539
-4.05053567
-4.83197348
-12.09108656
-15.04261336
-11.40680296
-12.43628433
-7.65021650
3.66705697
-4.06743396
6.32264775
-10.23424015
4.38152858
-6.49451741
6.10117581
-4.01883551
-6.12644079
0.76665129
-6.84431872
-8.29825493
-5.19445309
-6.60234265
-6.29364697
16.02324841
18.91398487
17.82584318
17.08485542
-4.73570126
-8.97359806
-7.17407042
-6.60972009
3.83093958
1.59815013
6.87557212
3.12863303
15.18977485
16.13644934
17.34890067
14.21476660
13.94194583
11.03701807
13.45422990
12.31590321
8.82914028
11.46802074
12.57293560
10.44411644
-13.47317569
-8.68443764
-12.35064003
-10.00505117
-3.64245469
-6.20081110
-2.26824913
-3.21599390
-2.99289362
-4.15765502
-2.02473029
-5.18317857
3.04249299
5.41099658
3.75208199
3.76563773
-1.33882673
1.89088755
-2.05824176
1.35114120
7.90714377
9.07909531
9.06962522
10.25073926
13.99552213
13.61778793
12.53044058
11.19390531
-4.21412282
-4.48631780
-2.05307515
-3.39299963
-4.11328708
-5.85618625
-5.36331701
-7.20302933
3.06246726
3.56252840
3.30833244
5.81671103
4.29448035
5.90787117
8.42484541
7.13077563
-11.50789030
-8.57036418
-10.25702438
-12.47014824
11.12117401
13.79641000
13.04773749
11.42200997
-14.80009508
-4.33594521
-16.45905460
-5.41879875
-13.78796576
-3.72142248
-16.04487614
-5.82327901
18.43625067
16.63255053
18.01992824
17.36856090
-11.12542243
-13.82713356
-12.55121962
-11.41018451
-18.59308030
-14.81367090
-18.32534767
-16.31302847
8.45949920
7.63333249
8.77776071
7.32364539
6.21088554
8.49533982
6.58403563
7.48760955
0.26822449
-0.47145232
-2.32104275
2.05584024
-19.55168615
-15.65520922
-17.90646838
-17.06903747
-1.01755814
-0.03096103
1.88625884
-0.87823795
5.72532563
4.17991815
4.51425070
5.13956930
4.07301537
6.88387175
6.34573283
6.00176772
9.78557630
8.20023854
10.34473869
9.37158092
-7.41621405
-9.45802535
-6.82392128
-8.33945697
-1.66210054
-1.16497948
-0.78050490
-2.62800594
-16.16459067
1.79582346
-15.88026909
2.80297296
-13.80666736
2.36629875
-13.63397408
4.10590747
8.38324815
8.44016434
10.63586620
7.85781912
13.98318457
10.75091666
13.90823738
10.63258049
-13.59426697
-11.34345641
-11.11605700
-8.87510476
14.14165314
13.12979952
14.14250889
12.01894064
14.59726817
17.51088216
15.60498617
15.70309622
-6.22096466
-3.62995661
-6.11610008
-2.80448238
0.63240833
-0.21234949
2.48781677
-1.14124718
-5.32982382
-3.07734484
-3.16349725
-3.96804029
-6.00048389
-7.80100598
-4.79427307
-4.79920123
15.27496668
17.29656007
16.54122762
17.44059936
-13.80464381
-16.59371719
-14.28848945
-15.86022297
-1.98259749
-3.24718949
-0.31547583
-2.97596085
-13.67870484
-13.81909605
-14.16137493
-14.64588881
-7.29673610
-11.36209827
-7.68346993
-9.78778857
-3.14800952
-0.69526938
-4.58269536
-0.12923838
-8.86226834
-9.98915934
-9.85959883
-10.26188440
-13.95456440
-17.57211150
-14.21130302
-15.77175678
-7.19646823
-6.74973518
-9.02872270
-8.91298261
-6.79640769
-9.43151028
-4.98773968
-8.00880351
18.53527954
19.69097703
17.26575814
20.40454052
8.11126186
10.45398848
9.99703184
11.11686930
4.54673382
4.02365806
5.35178113
3.53922358
6.93790258
8.41661678
8.04955319
9.60031149
-11.69561046
-8.62569067
-9.82909587
-9.44266676
-0.88030540
-0.65330850
-1.01528918
1.08532769
-18.70234927
-20.79277135
-18.06805281
-19.60625907
-4.95079175
-3.08418870
-5.93926706
-4.61269601
-8.30523765
-9.63311410
-7.16497336
-9.09411330
7.11302992
6.30623347
9.53235757
6.68486640
-17.00616846
-19.10056309
-17.30932474
-19.80881668
-12.71229751
-13.14579982
-11.13783011
-13.27144008
6.35233595
3.37655172
6.71138737
5.24484205
-3.90669045
17.13797680
-0.48058194
17.88981242
-1.67905411
16.06196308
-1.23627813
16.21504729
-0.10750125
2.14241860
-2.78292569
2.01598560
-1.10666119
-0.06653940
-2.01031467
1.04174772
0.67745519
1.35215084
-2.23910450
0.84242143
2.27317761
-0.47241831
-1.23272666
2.74281956
3.29194242
8.63334658
5.46959313
7.55784954
6.39444502
7.23085038
3.56955217
7.46978474
1.29221527
1.02824066
4.52007519
2.01313765
1.58890723
-0.43460390
3.38602439
1.79513373
-11.26166748
-8.57688504
-10.39391796
-7.44380672
-11.49143124
-6.73539114
-11.06868846
-8.27155666
-1.86966536
-2.34627701
-3.69188048
-5.37892577
-0.05220202
-3.07641267
-1.50634160
-3.58596681
3.61988384
0.35852898
-0.24142431
2.64385817
2.99611545
0.12943098
1.57627956
1.09129060
-19.97092902
12.04734974
-18.96106268
10.84686822
-16.96543091
11.55712051
-19.57161579
13.40731870
-17.98260276
11.28522473
-17.65187018
11.08278464
-14.88462713
9.41936023
-19.49732379
11.66596708
5.09255472
5.13521310
3.70795909
6.12412037
4.09422733
6.68868555
5.43111602
6.13863195
0.34057174
-0.10415215
1.42608165
0.70134292
1.19235967
0.23215963
4.29065931
1.81797264
6.78428329
8.04551097
9.95599648
9.83187962
7.27640955
8.94281182
8.25196741
9.44397698
12.42323616
13.48185112
13.90354269
15.39012603
12.56097128
11.85549001
13.01883662
14.40581358
5.37805044
1.32741179
2.91738438
1.26057557
4.16584222
1.27453734
1.70171085
0.49717272
-16.24924946
-16.20282189
-18.54168734
-15.33986532
-17.20022418
-14.41884978
-18.20701251
-13.84772062
15.35066292
11.28034128
10.52488649
8.17533486
13.55001635
9.19534969
12.41277612
7.20872334
16.98974067
14.25937971
16.02121774
12.87660923
17.73593881
13.32888163
15.10599059
12.89343602
-12.86493027
-13.26466156
-9.70786370
-10.34742533
-11.44426373
-12.21487619
-10.56930402
-11.90359679
-11.40199098
-9.09119367
-11.37648377
-9.84494878
-12.56794595
-9.64126916
-11.74823232
-8.67504287
-14.45936433
-15.25787088
-14.27999349
-13.51629700
-14.04515211
-15.59675452
-13.27876995
-13.12352188
-10.86830791
-4.60172627
-9.11510359
-7.14920408
-9.69046511
-5.37607829
-8.53339268
-8.11524789
5.28435905
7.43913696
6.20486450
9.91565522
3.87196880
8.95115618
7.96554188
9.50184399
19.86921059
16.66564460
20.24357552
17.02104602
20.24993938
14.89266005
19.01702885
15.21913068
12.38965695
15.83605838
14.16583128
16.00164615
10.67232240
16.67512016
12.62127269
15.30973734
-1.98816940
-5.94097950
-1.72834252
-4.14976703
-2.58293582
-7.67992407
-3.04646451
-4.51264727
-11.83858324
-13.41456953
-13.39093357
-13.95097426
-12.95652535
-14.42566505
-11.64989993
-12.37771850
-6.90535043
4.99956098
-4.80294544
5.65917086
-8.99844695
4.17999340
-5.77260906
6.16955174
-6.73314413
3.01442217
-3.98118297
5.87631007
-9.24773431
5.47232516
-6.16268102
6.61547705
-1.62455331
-6.95814893
-0.65645580
-8.40228967
-3.03177220
-5.38928788
-0.14500765
-7.81658607
-7.99126477
-6.00056614
-6.06546956
-6.01294902
-7.37178723
-5.09094628
-7.51038170
-7.05669705
16.58601118
19.06015060
18.07677829
19.22762979
15.27992054
19.62722636
18.65313399
17.25477277
-5.92752897
-9.14137517
-7.28194872
-5.93046788
-5.61463357
-8.53957211
-8.16479832
-6.20005963
4.20538790
2.63892740
5.13176008
3.19988149
4.50490542
0.57381797
6.51659300
2.25111588
15.47028020
15.08965891
15.54298569
14.31071355
14.33735709
15.13055212
18.10374662
14.01293176
12.76871230
10.05538120
11.19803891
11.40993566
14.49554360
10.29057038
12.62698528
12.09623218
8.75036421
11.56046222
11.07778215
9.62798179
9.21619978
12.08961852
11.68064667
10.55241381
