-3.80985577
-15.24402731
-4.82223397
-14.43153760
-4.33538035
-12.76086657
-17.36077795
-12.58032456
-10.46784270
-0.41654424
-12.32656098
-17.29177149
-1.80123434
-4.89727443
-15.33494527
-12.55888164
-10.85824151
-15.09083907
-14.66057617
-2.74528613
-12.37350243
-9.42358869
-3.28577292
-10.27636935
-15.09050696
-7.69150064
-5.51244710
1.15556143
-0.74599244
-7.51224088
-18.26913690
-19.10302472
-11.67708972
-1.40054504
-11.66855473
-8.33535216
-11.80014697
-5.60200908
-6.07820307
-7.73789197
0.93107052
-8.05859220
-17.85175073
-4.92676046
-1.56544787
-6.60390148
-5.67309535
-10.69054534
-8.61045218
-5.55885152
16.31353088
12.77938887
4.44614027
-1.52401196
6.82141999
11.22052848
3.70712353
7.22082073
15.23669589
18.00651437
-2.10154873
7.81050722
5.74192243
13.26136118
18.37813286
0.95280915
0.17114668
11.15311954
8.39474191
7.89347617
7.71763061
13.37184580
5.14862997
14.93703084
5.93671978
3.69820558
2.10547645
13.18374831
-0.00020227
18.62588415
3.99909192
4.96225110
11.75201205
13.19479051
4.49863426
7.67272188
4.80220811
16.91872962
4.75516258
0.59251007
4.37483885
9.45780654
14.46676869
2.69130879
18.93963285
18.20941744
7.48258304
15.09347392
-0.12578979
5.37626148
2.52680120
2.43156699
8.46507488
0.07273131
-8.82735071
-3.00202565
0.69245637
-18.57125486
11.72505514
5.78388301
-0.06999241
9.03570934
12.52293163
0.69258879
-15.38720103
11.27268940
14.32538827
-13.78528601
-9.47740709
-16.30535557
-4.01059575
7.21478268
15.95142656
14.98921929
-6.88491823
-13.44651042
-4.14737847
5.18410484
-5.99066335
-5.52427961
19.89965660
-9.87792426
2.97687358
15.75842480
9.69670833
11.35290156
-6.98484386
-2.79756031
-2.90517574
4.96771250
1.92719766
9.00822068
13.36578885
-3.53854830
-6.33930210
2.20511478
5.05804563
-9.94824370
13.80054351
-16.01554189
-4.24810875
17.81389076
-12.66896328
-15.74377723
7.42526973
9.40064904
0.06302495
-16.19526656
-1.06722528
2.87565391
7.15104710
9.08880422
-7.61568308
-1.84163547
-16.11954220
3.44798381
8.77266498
11.81922438
-10.11955537
14.38235603
18.76602602
-4.26538225
-0.68920168
-4.24333872
-6.60257673
18.22440446
-17.01566827
-2.55419698
-13.03238426
-10.26718666
-1.32221572
-9.07953405
-16.73121045
-7.91521233
-8.83778581
19.97443672
12.13115362
4.84186258
7.36880087
-9.74571405
0.16286993
-19.78822077
-3.36365505
-10.89656806
6.00074191
-19.46806220
-12.80975199
2.42328937
-1.24696078
16.99309614
-2.02999291
1.86884647
-2.32528617
0.22824495
3.69692718
6.59085996
4.24623843
3.03249744
-9.66917408
-7.22460728
-3.30493384
-4.80883638
0.69045543
1.86694777
-16.05839401
11.51181623
-18.64300686
12.70396007
2.69920253
7.09552300
2.36179849
1.58387691
10.00787054
9.53414918
14.95391376
15.88236763
3.28110801
0.03656074
-18.24605472
-15.85276515
10.84219490
8.18693712
16.18009802
11.92825637
-8.69697019
-10.85270759
-12.76449729
-9.45953190
-13.51472131
-14.54991876
-10.00072886
-6.68233496
6.34996349
10.60325834
19.43964730
16.19119345
14.02961980
15.30579582
-2.70390946
-3.53457280
-12.44390124
-13.45286840
-7.76868568
4.69933022
-4.87937087
7.36971177
-0.19212522
-7.66304523
-6.28606130
-6.81850698
18.05464921
18.15049088
-7.68085181
-6.50702167
5.88115883
2.45535423
16.48041758
14.48725089
12.03913130
11.92419005
10.61091413
8.82349955
-12.08740368
-10.84607028
-1.54110705
-4.91729733
-3.52383538
-3.98083985
4.87474108
5.58557260
-0.64922725
2.70825573
10.31668255
11.46964777
13.76037315
10.60214240
-2.82578951
-2.88057891
-3.76778398
-6.81844614
4.56358139
4.40418578
9.83580574
6.75692221
-11.65996115
-10.12264084
11.10158455
12.44960055
-13.49714425
-4.04678906
-17.39487326
-6.20367656
19.37131233
17.17259787
-12.18058272
-11.24752249
-17.01903198
-16.14214583
9.66144634
6.23403011
7.89591099
8.82564164
-0.86414179
1.63135952
-18.44255547
-17.02949718
0.68063814
-1.15496174
4.04572348
5.96216622
7.43520452
4.96222539
10.10644892
10.56818191
-8.16418336
-7.05579325
-0.24102135
-3.28651050
-15.01137937
3.44017169
-14.95022290
4.80037843
9.70022419
9.35692298
14.08083357
10.68017040
-12.35409019
-9.58848303
13.03738437
13.18126313
14.45774798
17.04772974
-4.80052468
-2.34842530
1.31460237
-1.75543016
-2.17411296
-5.01367498
-5.35236923
-5.31400048
16.38514673
18.74069532
-13.51581545
-14.65095622
-1.60374409
-1.26288343
-13.31096922
-14.63444290
-7.58199668
-11.05786579
-5.06018424
0.56545789
-11.13403337
-10.53477184
-15.44797694
-16.97920494
-10.03274026
-7.81582893
-6.13931205
-8.70939671
16.23277028
19.31084207
8.90231577
12.24242245
4.98590909
3.67472116
7.66292338
9.11445583
-10.57522807
-8.28840712
-1.04026625
1.00189766
-19.01616321
-20.11351535
-6.54003085
-2.80391051
-5.64253129
-8.66728908
8.41946773
6.83691651
-18.35758375
-20.01482843
-12.01835655
-14.31494206
5.63129709
4.54972995
-0.66721261
16.28060866
-2.16041188
15.26090288
-1.11865787
0.91152586
-2.11852831
0.90002510
1.75907911
-0.84910883
-1.65011023
1.76905899
5.53394712
6.28069342
2.35284280
8.62429010
0.47388663
0.38241014
2.65345555
0.92159144
-12.17334157
-7.89371542
-10.18673454
-9.42495989
-1.00463132
-1.96848658
-2.66619339
-4.21594259
2.83509433
0.78641173
1.68077178
1.62271827
-18.68719672
12.49003030
-17.67157279
10.28408164
-15.49902347
9.83376428
-19.93323242
10.84424254
2.99356582
5.63254208
4.51754642
6.72722376
2.23422705
0.42373823
3.21793766
2.65436959
7.00781389
9.72217386
9.28307120
9.43850881
13.34449929
12.50523277
13.55988634
14.46630277
3.03386589
2.13635003
2.33514464
1.01712946
-17.97782247
-14.46043583
-17.18694745
-14.92854726
12.76146935
10.26111637
11.57205100
6.29011587
16.97148794
12.27752304
15.06783842
12.82256976
-10.78542500
-12.66777071
-10.41901391
-12.73453100
-11.60581964
-10.46397357
-10.88336943
-8.97196514
-15.01570207
-15.90518607
-12.80703310
-12.31531874
-10.63713517
-6.20951791
-9.13542513
-8.19387899
4.16611733
8.27917554
7.15643857
10.45852206
19.83531323
15.82544142
19.30188418
15.17111079
11.48191570
16.84267068
12.55678249
14.92175010
-3.73549147
-7.11563613
-4.07932217
-4.84459284
-12.12360067
-15.06258265
-11.42311298
-12.41754100
-7.56323103
3.64459615
-4.08145672
6.30216176
-10.29460418
4.36768614
-6.53716114
6.04287956
-4.02801575
-6.12942060
0.77972695
-6.84676926
-8.27633799
-5.21249121
-6.57164408
-6.32221796
16.08616345
18.97480614
17.87169914
17.12058558
-4.73608398
-8.96404789
-7.14669972
-6.63531833
3.82841008
1.58791615
6.88607912
3.01563778
15.33460415
16.12512033
17.42673484
14.19065548
14.02257571
11.11390640
13.47165153
12.26135903
8.75488990
11.49182492
12.67277652
10.39905642
-13.41262439
-8.34138980
-12.22310054
-10.07690179
-3.64451448
-6.23391832
-2.26824436
-3.20229610
-3.00864291
-4.18521578
-2.03317586
-5.14549438
3.04468304
5.42961992
3.77450236
3.75664028
-1.36474983
1.87910373
-2.07961070
1.31781601
7.92621815
9.10060183
9.10248004
10.27487241
14.02686036
13.63192228
12.62263415
11.29837129
-4.21818787
-4.56355324
-2.07347565
-3.41078206
-4.14467874
-5.87675491
-5.38145387
-7.22101950
3.06257450
3.55957514
3.32662906
5.82848543
4.29527523
5.92667876
8.44813894
7.14633181
-11.54296668
-8.59167698
-10.28162979
-12.49662070
11.11816794
13.82905578
13.09416959
11.45735356
-14.84750300
-4.35601137
-16.48044595
-5.44419807
-13.84550656
-3.75105352
-16.09712481
-5.84511576
18.48450456
16.66769897
18.07794604
17.41683384
-11.14292401
-13.85966775
-12.58327353
-11.43912851
-18.64344055
-14.84521431
-18.37364639
-16.35067527
8.44976175
7.65057753
8.76706588
7.34704023
6.23280413
8.51761750
6.59750651
7.51203741
0.26693636
-0.48651496
-2.32909339
2.05460943
-19.59503408
-15.69072297
-17.96161916
-17.11568712
-1.01924909
-0.03693093
1.88897440
-0.89112895
5.74688425
4.19958082
4.53395510
5.14585381
4.06106139
6.88342471
6.33856918
5.98891321
9.81286601
8.20341188
10.35911352
9.37669428
-7.41567575
-9.45486941
-6.84778237
-8.36489550
-1.67351220
-1.16547851
-0.76587299
-2.65140075
-16.20454844
1.78731843
-15.92473502
2.80822625
-13.83654405
2.37001824
-13.66017915
4.09343920
8.43771187
8.45150018
10.68714180
7.87615931
14.03887695
10.76919077
13.91798203
10.59384770
-13.63225736
-11.37636859
-11.15256698
-8.90938319
14.22552568
13.11356288
14.24362178
12.01379199
14.65520084
17.61864496
15.65098940
15.77252902
-6.24590740
-3.64964208
-6.13962406
-2.82493707
0.62807473
-0.21487647
2.47090695
-1.14877962
-5.35000058
-3.09399711
-3.17981558
-3.98220263
-6.02193998
-7.82926523
-4.77313717
-4.81965467
15.36730867
17.32996725
16.60714601
17.50851891
-13.82853927
-16.63684432
-14.31999019
-15.90375311
-1.98969440
-3.26212489
-0.31910147
-2.98057128
-13.76432728
-14.02988476
-14.19313638
-14.76043908
-7.30986343
-11.38708825
-7.67663582
-9.78938137
-3.16387907
-0.69091214
-4.60841680
-0.15936031
-8.87046342
-9.95488584
-10.04086340
-10.16849590
-13.97577488
-17.61324054
-14.24950249
-15.81231186
-7.22285524
-6.76717632
-9.05370103
-8.93385196
-6.82295881
-9.44981114
-5.02482225
-8.02396615
18.64765197
19.80574809
17.32560549
20.45404040
8.09412975
10.48163302
10.00077326
11.18507199
4.55541488
3.98016579
5.36679468
3.53037904
6.91075247
8.37037733
8.06680795
9.57454692
-11.70749521
-8.68613231
-9.83553491
-9.40446856
-0.93031390
-0.68201869
-1.00673497
1.11593972
-18.74806438
-20.85328864
-18.11822089
-19.65857357
-4.97698847
-3.08630510
-5.92478632
-4.62918388
-8.36086601
-9.66824956
-7.19198951
-9.11804160
7.14172368
6.32363116
9.57357119
6.70579917
-17.05373983
-19.14961900
-17.35884621
-19.86741116
-12.76503130
-13.17554541
-11.17388969
-13.29499616
6.36154984
3.38633742
6.73144272
5.25051207
-3.92983801
17.20597214
-0.49259470
17.95363155
-1.67424246
16.09431380
-1.21917171
16.23738591
-0.10180282
2.09833944
-2.79315696
2.01584955
-1.11322920
-0.05747752
-2.03912670
1.03449108
0.68762968
1.35711473
-2.27109992
0.83505371
2.27261119
-0.46417072
-1.23018634
2.76501763
3.30640180
8.67392567
5.49637628
7.58400474
6.42034718
7.27945500
3.58302297
7.51441749
1.30235653
1.04316933
4.52813258
2.02689265
1.55471483
-0.45455219
3.39667808
1.80367932
-11.28142262
-8.59568730
-10.41785136
-7.48287354
-11.52839276
-6.75418540
-11.09563902
-8.29760049
-1.86414108
-2.34822157
-3.73319663
-5.46373719
-0.04698719
-3.08471417
-1.53856943
-3.56428469
3.63307912
0.35862483
-0.23737134
2.64354157
3.00308425
0.13043546
1.58833501
1.09615619
-20.02164945
12.08106956
-19.00601663
10.89697105
-17.01139187
11.56708768
-19.62283030
13.42594241
-18.03078326
11.29092461
-17.69755477
11.10618996
-14.92194825
9.42255631
-19.54984389
11.68582549
5.20609007
5.17878830
3.70629412
6.12544778
4.03805514
6.75400904
5.45208753
6.10623979
0.32829536
-0.08341447
1.42444139
0.80185141
1.16187323
0.21667531
4.29880821
1.91821298
6.80314994
8.05017557
9.94873078
9.83953550
7.28130058
8.93417752
8.26363202
9.51908318
12.45442518
13.51531071
13.94781626
15.40326225
12.55612437
11.88209147
13.06126881
14.43637405
5.28972414
1.39563907
3.03320827
1.21713761
4.09208604
1.25930735
1.79379678
0.52193106
-16.27699171
-16.23750426
-18.60041599
-15.35862641
-17.23625699
-14.44565558
-18.22334909
-13.86253470
15.38739239
11.28141605
10.55303186
8.18426691
13.57841240
9.20586096
12.43647564
7.23536808
17.00687746
14.30866868
16.03328743
12.89923758
17.77177349
13.34394174
15.14155008
12.97649028
-12.87958853
-13.29544722
-9.74085419
-10.35593684
-11.46118507
-12.25231723
-10.61513137
-11.89168669
-11.41488222
-9.13262119
-11.41513735
-9.86988209
-12.61113414
-9.66874430
-11.78685718
-8.71453633
-14.48762712
-15.29827310
-14.30525306
-13.54492030
-14.06813865
-15.64923178
-13.29410796
-13.14859574
-10.88000987
-4.63668712
-9.14105300
-7.17716291
-9.69200025
-5.40891177
-8.56061314
-8.13657752
5.30141223
7.45096764
6.22827012
9.93669301
3.89107753
8.97363847
7.99183203
9.54472498
19.93845066
16.72179702
20.26344493
17.07712719
20.31253532
14.94798454
19.08786277
15.28687825
12.38500777
15.85098955
14.17481081
16.04314080
10.68170665
16.70372933
12.65238543
15.30446181
-1.98144057
-5.98438927
-1.76678016
-4.15887247
-2.58630862
-7.69173975
-3.07218972
-4.52700280
-11.85756948
-13.43629060
-13.41234886
-13.98123716
-12.97709327
-14.44274296
-11.64607944
-12.40628592
-6.92912659
4.97172750
-4.82257227
5.59009454
-9.04843024
4.22011675
-5.76680762
6.13593587
-6.65393832
3.04230523
-3.99047127
5.87784782
-9.28514745
5.45309904
-6.16935832
6.65613746
-1.62137351
-6.96507751
-0.65600064
-8.41764448
-3.03250634
-5.39864070
-0.14155027
-7.83414836
-8.00765411
-6.02533232
-6.11364594
-6.00122973
-7.38170257
-5.06271442
-7.43586139
-7.05556752
16.65760644
19.04892813
18.08396065
19.23695990
15.29576786
19.67216586
18.69632273
17.27765801
-5.97384659
-9.14043635
-7.28626827
-5.90555251
-5.63198251
-8.60170916
-8.16117981
-6.18305567
4.24112781
2.83348948
5.14564477
3.24028019
4.52315246
0.59654482
6.53919243
2.11817607
15.49417974
15.10016653
15.61696395
14.41446227
14.40758481
15.10922355
18.17272629
14.07833271
12.74079995
10.18104220
11.19676152
11.54628158
14.57678300
10.28994655
12.80513054
12.18340773
8.78605962
11.67665873
11.07074890
9.67332518
9.35162588
12.13173095
11.68395990
10.56873847
-12.57480843
-8.02867446
-11.03899661
-10.65739100
-13.69228673
-9.18719621
-12.43598847
-9.94647655
