-3.76622766
-15.19477158
-4.76925984
-14.34736708
-4.30258627
-12.75035154
-17.29559867
-12.51285140
-10.43030154
-0.40232753
-12.26899247
-17.20399165
-1.80023808
-4.91678576
-15.27993823
-12.45699409
-10.82610157
-15.00433815
-14.70233506
-2.70765519
-12.27623925
-9.40953340
-3.28130819
-10.15299294
-15.03713268
-7.58575593
-5.48538600
1.14160396
-0.74257559
-7.46179604
-18.19115216
-19.00037480
-11.54098975
-1.40850351
-12.03347952
-8.28997978
-11.75165348
-5.48961500
-6.03769742
-7.73373600
0.92610584
-8.00787757
-17.76995249
-4.87588891
-1.54988499
-6.66642417
-5.67735598
-10.63834970
-8.65064178
-5.50854745
16.32151674
12.72244859
4.40757520
-1.49982370
6.86745794
11.15681782
3.67084692
7.17923636
15.09899887
17.92822493
-2.09160818
7.76550712
5.70811973
13.10450123
18.29767574
0.96500021
0.17253728
11.06143494
8.38471928
7.84244102
7.89658175
13.41924866
5.12351188
14.74414497
5.92246031
3.64450721
2.04184067
13.09232854
0.05395455
18.40810460
4.01934203
5.06902258
11.66600844
13.18434654
4.46323112
7.56943717
4.77377496
16.85539329
4.72486687
0.59615125
4.37577761
9.09753739
14.38591756
2.65863697
18.78177573
18.14006701
7.41807506
15.00976619
-0.12795821
5.29540982
2.49901885
2.39625273
8.40890146
0.06328344
-8.79038762
-3.01976366
0.70074382
-18.48099443
11.62373728
5.85805135
-0.08002594
8.99904255
12.51688057
0.69763443
-15.33614949
11.23179697
14.26847393
-13.70747201
-9.44397840
-16.21421742
-3.97307758
7.18768511
15.80587856
14.91890655
-6.75533488
-13.43077968
-4.13621169
5.02780493
-5.93647277
-5.47735075
19.84667399
-9.82709807
3.17506748
15.57056634
9.82257740
11.35922626
-7.53524630
-2.77662569
-2.91553925
4.92308552
2.05639632
8.95939121
13.25807930
-3.54083912
-6.28165881
2.20565137
5.02918366
-9.89801565
13.73672871
-16.01318301
-4.22463150
17.66854515
-12.61280256
-15.68649604
7.45650103
9.35897901
0.10029929
-16.13716509
-1.01779836
2.86592171
7.15779218
9.04781339
-7.56201734
-1.80870527
-16.03512303
3.43029853
8.74921434
11.81032951
-10.06073847
14.18288764
18.57719423
-4.23975592
-0.67529729
-4.20146399
-6.55823379
18.10301421
-16.93635446
-2.53888440
-12.80036697
-10.15965475
-1.28778224
-9.03124034
-16.65703887
-7.88944149
-8.77621973
19.82273452
12.06496629
4.79534479
7.45922724
-9.76835799
0.17332538
-19.69305935
-3.34326777
-10.82638339
5.95789216
-19.35285347
-12.75029353
2.40210388
-1.26416850
16.86170290
-1.99405705
1.84150124
-2.32795171
0.20415541
3.68467392
6.56159309
4.20777093
2.97463124
-9.62488518
-7.17751533
-3.19713959
-4.67730776
0.67144479
1.86304966
-15.98034369
11.58671537
-18.53926792
12.61516105
2.69411087
7.01159422
2.39672401
1.61747087
10.01513826
9.45711630
14.90946510
15.80653737
3.23423356
0.02785180
-18.17341152
-15.83476620
10.76032316
8.13127428
16.12611134
11.91429917
-8.60457033
-10.80650438
-12.65859367
-9.43829768
-13.46603859
-14.49305075
-9.93199859
-6.63608949
6.32138181
10.53081268
19.36745133
16.14640940
13.96726234
15.23541446
-2.62267780
-3.51232351
-12.40199806
-13.51374454
-7.85083438
4.71437826
-4.91176224
7.26103421
-0.17842467
-7.57874855
-6.52009882
-6.83293651
17.93051396
18.15003714
-7.65125540
-6.29864750
5.79457811
2.20090441
16.42621153
14.72009102
11.59973243
11.78200901
10.93702145
9.17146146
-11.50609842
-10.66151373
-1.54801383
-4.84546659
-3.49106635
-3.97019242
4.84612702
5.55193752
-0.61078051
2.75933856
10.25412950
11.39775628
13.61596809
10.25327329
-2.82868729
-2.86398576
-3.71734284
-6.77975417
4.55929680
4.37597571
9.78432778
6.72951213
-11.60265093
-10.06631547
11.06401475
12.39821234
-13.41381964
-4.02252105
-17.28597201
-6.13561175
19.20784523
16.93566867
-12.13392007
-11.19983596
-16.94699632
-16.02928702
9.94896811
6.28925434
7.85904364
8.76802257
-0.85956002
1.63519030
-18.34086634
-16.95152222
0.67807693
-1.16581037
4.02728577
5.90503350
7.42811614
4.95960874
10.04590295
10.55374092
-8.17115486
-6.99890554
-0.26300660
-3.24537775
-14.93490811
3.47780119
-14.86732572
4.80898047
9.63165526
9.28548658
14.02480324
10.64444291
-12.26566484
-9.52420526
12.92530731
13.05214386
14.31130687
16.91311099
-4.79121650
-2.34812004
1.32414697
-1.72860746
-2.16053264
-4.94635585
-5.31471629
-5.29040976
16.22927407
18.57340304
-13.43850746
-14.57473555
-1.59140624
-1.26357258
-13.22182628
-14.55482475
-7.32560424
-11.01213674
-5.01144189
0.57483456
-11.05412719
-10.49513690
-15.34494115
-16.89036111
-9.97973612
-7.78046227
-6.10122378
-8.67357344
16.21681924
19.24190808
8.82270080
12.03489512
4.93987813
3.64681395
7.90326950
9.13599976
-10.50422061
-8.24756258
-1.02755979
1.01130733
-18.90922929
-19.99020755
-6.48996613
-2.77698620
-5.64671601
-8.62403282
8.35123385
6.79329443
-18.25882696
-19.90819443
-11.93814290
-14.20199595
5.61147999
4.51208307
-0.70740671
16.17853870
-2.11467016
15.06375931
-1.12809079
0.88169154
-2.10722917
0.88916105
1.73334966
-0.83304688
-1.64301448
1.75303175
5.49688439
6.23479188
2.33598347
8.58872749
0.46437180
0.39738684
2.63760208
0.90920274
-12.13114429
-7.84183998
-10.14085831
-9.37954499
-1.01662642
-1.94422339
-2.58353764
-4.22257655
2.82390999
0.76524192
1.67346439
1.61463697
-18.58187151
12.54905583
-17.59327700
10.30261474
-15.43279756
9.78095008
-19.83029245
10.84779075
2.99280193
5.72381086
4.51169570
6.88814050
2.22342779
0.31739408
3.26002993
2.62756330
6.97927082
9.70821005
9.29731910
9.46023699
13.45635889
12.45533732
13.53133612
14.42791076
3.20710087
2.07941120
2.19923882
1.06119176
-17.89359978
-14.45145534
-17.17507594
-14.89251093
12.70364632
10.22875058
11.50367388
6.24225253
16.90519423
12.23983918
15.01132055
12.75287768
-10.82896957
-12.61523997
-10.37952235
-12.66392760
-11.52072714
-10.42108310
-10.81093176
-8.93542849
-14.96576901
-15.88226084
-12.76318993
-12.26798504
-10.63828229
-6.14019183
-9.06653582
-8.14191190
4.15104701
8.26359896
7.10773483
10.38859567
19.67408720
15.63932159
19.18802726
15.14680629
11.49588044
16.72184283
12.50567675
14.83563856
-3.65186254
-7.06168565
-4.02356695
-4.81611818
-12.05199390
-15.00887730
-11.38634300
-12.49263571
-7.69228060
3.65953119
-4.04416731
6.38255152
-10.18524583
4.35935709
-6.55318904
6.14267617
-4.00609633
-6.12141328
0.75592163
-6.84604257
-8.27363046
-5.14443502
-6.54857005
-6.25406301
16.00229568
18.85928780
17.76577009
17.05056999
-4.74729311
-8.97621465
-7.22619209
-6.57679979
3.77618180
1.57261814
6.73288833
3.08965491
15.13898735
16.15853980
16.95950933
14.24271103
14.13398513
10.68028907
12.84691657
12.00401718
8.86235129
11.63616448
12.29890356
10.28754305
-13.42661600
-8.66826227
-12.30914682
-9.98396108
-3.63282701
-6.18143401
-2.26651025
-3.19488232
-2.98262861
-4.12767608
-2.01528150
-5.18126636
3.03015116
5.39228924
3.72999267
3.75672495
-1.31938345
1.89012955
-2.03222305
1.37277619
7.88482281
9.05767376
9.03473412
10.22600871
13.95721432
13.45800201
12.46220041
11.13628530
-4.21004090
-4.42270016
-2.03308966
-3.35902249
-4.07645286
-5.83989634
-5.32429649
-7.19074022
3.05491772
3.57026865
3.29801752
5.80025470
4.29893224
5.89505357
8.40053673
7.11510649
-11.45783030
-8.54563370
-10.23336545
-12.44386381
11.11632952
13.76233034
13.00594336
11.39319069
-14.75213335
-4.31676288
-16.42862435
-5.41523256
-13.72905378
-3.69372775
-15.99705232
-5.80705100
18.24660506
16.62929400
17.95210040
17.16513943
-11.10222260
-13.79413188
-12.51902096
-11.38514041
-18.52523335
-14.77902937
-18.27799744
-16.27603077
8.41648693
7.83542355
8.72578375
7.31327558
6.18595291
8.46878465
6.54646988
7.46335331
0.25966035
-0.46233614
-2.32071948
2.05142825
-19.50811717
-15.61890496
-17.85110126
-17.02232475
-1.01342712
-0.03466808
1.87985011
-0.86692196
5.70649839
4.16594447
4.49169995
5.13130803
4.14026632
6.85953387
6.30938148
5.99444121
9.75505075
8.17410333
10.33167050
9.37150083
-7.37887929
-9.44620827
-6.80463726
-8.32224476
-1.62825967
-1.15361185
-0.78486910
-2.59727451
-16.12554407
1.78961575
-15.83395874
2.79174753
-13.77900043
2.35189305
-13.60337816
4.09588643
8.35706087
8.43875495
10.59994099
7.80740401
13.96130889
10.77992098
13.89021667
10.53400992
-13.54703620
-11.30740403
-11.07820925
-8.84038411
14.03999604
13.13765096
14.10535023
11.98636420
14.51885194
17.41615165
15.42225046
15.62597384
-6.20171429
-3.60139123
-6.10036536
-2.78700495
0.64349408
-0.21504687
2.49296168
-1.13061873
-5.31494308
-3.06594621
-3.15082149
-3.95411329
-5.98321936
-7.76336991
-4.80835228
-4.78140748
15.22755360
17.25603256
16.44118117
17.33827121
-13.77380811
-16.55295833
-14.25986254
-15.81800522
-1.97317038
-3.23899526
-0.31010110
-2.96494131
-13.62842027
-13.75898968
-14.12190533
-14.59315650
-7.29068336
-11.30140909
-7.70440160
-9.77386368
-3.12235073
-0.65955942
-4.55111134
-0.09410331
-8.86305088
-9.98470874
-9.82882033
-10.21985826
-13.94924966
-17.53003841
-14.18589239
-15.73182192
-7.18801598
-6.74914338
-9.01393882
-8.88976507
-6.77633580
-9.40162649
-4.96598960
-7.99957666
18.44198174
19.60197485
17.23220818
20.35322668
8.12072395
10.56413650
9.93942915
11.01813452
4.51892431
4.05374005
5.31721725
3.53208751
6.94253488
8.54709651
8.05534204
9.75700058
-11.67383960
-8.61931250
-9.82145514
-9.44120392
-0.85537292
-0.63400883
-1.01400661
1.08339632
-18.65343461
-20.72757450
-18.01642606
-19.55661451
-4.94600817
-3.07640845
-5.93890311
-4.60093419
-8.25217049
-9.60159354
-7.14443599
-9.07759494
7.08223519
6.28658661
9.49197560
6.66565610
-16.95608190
-19.04971468
-17.25632077
-19.75016992
-12.71820681
-13.11864060
-11.10035294
-13.21427831
6.34218475
3.38909615
6.68247860
5.23498235
-3.88045625
17.08570999
-0.42092575
17.84030932
-1.68520331
16.02044038
-1.23049452
16.13796106
-0.11321440
2.13600880
-2.77231726
2.01897830
-1.10409710
-0.06725352
-2.00067505
1.05207713
0.66709437
1.34316738
-2.21145922
0.85024087
2.27039654
-0.48030349
-1.23956198
2.72190125
3.27417298
8.64177972
5.45156724
7.54455300
6.38002601
7.22830999
3.55510919
7.45289602
1.28409460
1.00170877
4.50826152
2.00162827
1.59191446
-0.43010142
3.37482284
1.80039054
-11.24321499
-8.56101679
-10.37655068
-7.40334384
-11.44163568
-6.71900657
-11.05073457
-8.24286795
-1.87363261
-2.32748718
-3.66723771
-5.32472816
-0.05881372
-3.04483222
-1.49120956
-3.59584949
3.60646973
0.35773993
-0.24035385
2.63410406
2.98022957
0.12913078
1.55880697
1.08645664
-19.91880998
12.01311160
-18.91851401
10.80108447
-16.91902637
11.63173146
-19.51971518
13.35364298
-17.93344168
11.27339862
-17.60313177
11.09776561
-14.85007029
9.43682996
-19.44661456
11.63870818
5.08582060
5.10615186
3.69993879
6.12142842
4.08844044
6.60089968
5.42044717
6.17172823
0.37083178
-0.09313446
1.45404931
0.65709950
1.26868631
0.25290930
4.27686814
1.75851158
6.76880654
8.03501160
9.95532350
9.77451638
7.25596238
8.94083258
8.23117515
9.46604332
12.51041446
13.44732747
13.87529941
15.37259691
12.58324553
11.81973966
12.97774486
14.41190427
5.44497412
1.27383183
3.01112266
1.30983907
4.21935275
1.21905241
1.76435825
0.51400753
-16.22105100
-16.16675043
-18.49088391
-15.32643010
-17.16800550
-14.38715134
-18.19776067
-13.82970272
15.32515559
11.27844137
10.49828638
8.16516602
13.54660663
9.18499924
12.38089575
7.19436137
16.96390607
14.21042639
15.98947768
12.85173955
17.70499644
13.30423927
15.06804211
12.81008874
-12.84694612
-13.23590758
-9.67448670
-10.31992542
-11.41522026
-12.16442679
-10.49925615
-11.87917044
-11.37971853
-9.04708865
-11.34996479
-9.81520644
-12.52374066
-9.60515093
-11.71506792
-8.63044623
-14.43199054
-15.21397200
-14.25641731
-13.48367932
-14.02852016
-15.54847696
-13.26477279
-13.10213591
-10.83915499
-4.56680461
-9.09136867
-7.13061431
-9.69797366
-5.32860993
-8.48554876
-8.07127404
5.26107733
7.42334211
6.18048577
9.89416323
3.83270716
8.92771579
7.94440711
9.47085932
19.76104563
16.56421884
20.22395103
16.98010519
20.19378741
14.80183522
18.96112302
15.18114442
12.39430326
15.81729352
14.15651999
15.96935306
10.66201067
16.64642472
12.59316383
15.31170119
-1.96103934
-5.90766619
-1.69252809
-4.13390489
-2.57163399
-7.64958065
-3.02006585
-4.48764034
-11.79748224
-13.37518115
-13.36688932
-13.90340894
-12.92012593
-14.39275891
-11.65648474
-12.34469613
-6.83045457
4.94392543
-4.78863495
5.66397912
-8.94491228
4.07556698
-5.70941339
6.14248787
-6.78457102
2.96514920
-3.96981475
5.92897712
-9.20952161
5.45499291
-6.16015409
6.58377424
-1.63061215
-6.94219849
-0.65777091
-8.38464865
-3.03314851
-5.37467363
-0.14736645
-7.79813016
-7.96884912
-5.95204216
-6.04303459
-6.01413749
-7.37668745
-5.13837398
-7.48778770
-7.05028976
16.45162849
19.06623909
18.07336618
19.21819505
15.32051836
19.57637574
18.60490206
17.24246696
-5.90809826
-9.15216099
-7.25161202
-5.97389011
-5.60162581
-8.48353357
-8.17773637
-6.24526453
4.10975628
2.42390061
5.11307681
3.04245249
4.36345187
0.55449065
6.44982381
2.57627416
15.27615459
15.10828822
15.36520412
14.36852668
14.06548063
15.12392690
17.93737240
14.01853759
