-1.58905123
-8.27275708
-2.50165323
-7.73396485
-2.59795068
-6.45418156
-9.39795865
-7.24904011
-5.63893674
-0.13901242
-6.52959554
-9.73392295
-0.88856742
-1.80525748
-9.21518295
-7.24211794
-5.72181185
-8.05070038
-7.91257367
-1.71935964
-7.08438453
-5.53530199
-0.92043531
-5.88750800
-8.21599946
-3.24882110
-2.56033011
0.09110867
-0.86458720
-3.54380146
-10.64735319
-9.89157600
-5.41487246
-1.91442875
-6.65146379
-4.75527053
-6.57540276
-2.74172174
-3.61001013
-4.37468378
-0.31639713
-4.49531309
-10.40416959
-2.58517216
-1.18313547
-3.21931172
-3.58505980
-6.67037636
-4.16192118
-3.18565367
8.14011369
7.78028408
2.62008891
-0.67902686
4.70303551
6.43454008
1.47862054
4.09744348
8.28191406
9.57006458
-0.54653472
3.76107227
2.88301498
7.77482576
9.86305013
1.06931282
1.46020656
6.38419060
4.60891732
4.41117441
4.37219833
6.68040459
4.14598839
8.28478163
3.35349522
2.29454904
0.98728297
7.48897932
0.03801409
10.21980950
2.25061488
2.60857177
5.93455724
7.11405347
2.17487016
4.68206603
2.76072675
9.27930128
2.82774190
0.65214819
2.24523174
4.95390641
7.54012070
1.13211021
10.70359866
9.38041360
5.02824312
8.15496481
-1.14188643
3.00695346
1.17591320
-0.52058409
3.34865393
0.52540379
-4.25501185
-2.12391212
-0.13167033
-9.75618956
5.75205277
3.21035177
0.19832353
4.84668458
7.56585949
0.65777034
-8.27708813
6.03952736
7.53770188
-7.01314985
-5.89855692
-8.69866108
-3.31506979
4.36465154
8.74571792
8.45290029
-3.45798835
-7.93894353
-2.27245976
3.24649907
-2.77639643
-3.38620327
9.84458414
-5.04828088
1.23399464
8.22649647
5.78651763
6.47176235
-4.48138256
-1.24430670
-2.14549627
2.23750584
1.62116877
5.31802951
7.08261440
-2.43605967
-2.70665131
2.01416759
3.77094296
-5.70476518
6.55052543
-9.14568284
-3.41241094
9.52698700
-6.89434363
-8.21466011
3.77848956
5.33236288
0.42046678
-9.48587941
-0.24159385
2.38947648
3.85160632
5.15907972
-4.74532077
-0.58829104
-8.60364406
1.86199848
4.37980525
6.39410528
-5.39045957
6.97205877
9.39289247
-1.82645425
0.19715751
-2.40302016
-3.95881481
9.56362262
-8.54402870
-1.53711215
-7.56853849
-6.15457934
0.01496712
-6.20586017
-9.23318051
-4.41751413
-4.82052845
10.66804656
6.23156554
2.15504949
5.18537690
-4.88463647
-0.51059198
-10.68492183
-1.53766967
-4.62794990
3.66943543
-10.85832355
-6.88960618
2.16077017
-0.09301106
8.72375821
-1.19524541
1.02033007
-1.06995352
0.41097424
1.58269339
4.09132413
1.23529771
1.64017095
-5.43855187
-4.85416015
-1.47761116
-3.10551419
0.39437596
0.98655230
-8.92185262
5.52580275
-10.38175759
5.81360858
2.70547543
4.04553037
1.74576518
1.03893705
4.57428353
5.21754683
7.51121959
8.46411593
1.56438572
0.62724291
-10.18060204
-7.66226700
6.54828975
4.95388603
8.54945114
7.07371842
-5.96413257
-6.02234374
-7.03749154
-5.24840820
-7.51403525
-7.57003436
-4.97973634
-4.31932982
3.50391628
5.35494837
10.87867787
9.00401046
7.43892677
8.29450987
-1.64781995
-2.59080548
-6.67318905
-6.97171329
-3.87587594
2.96218068
-2.84040535
3.67469858
-1.24582999
-3.61304797
-3.51143216
-3.49766799
10.30088095
10.45676096
-4.35542296
-4.02643283
3.59350477
1.90142650
9.01372370
7.22601502
7.46413034
6.78815698
5.70521982
5.50379237
-6.19416516
-5.33065460
-1.10365245
-1.66312264
-2.20113248
-2.44925571
2.34499649
2.80087345
-1.01322719
1.09932601
5.15666344
6.24023699
7.27094134
6.33200334
-1.59460914
-2.35146123
-2.49236766
-3.51916628
2.92191700
3.01121849
