-3.84378885
-15.36891039
-4.89275821
-14.56498497
-4.40750673
-12.80734801
-17.53796921
-12.65228777
-10.48141576
-0.43065781
-12.42719074
-17.47188955
-1.79555688
-5.23702911
-15.46444152
-12.70076518
-10.95399434
-15.26202858
-14.69037226
-2.80647624
-12.52576247
-9.34577008
-3.43786051
-10.40465236
-15.24735235
-7.84005736
-5.95989582
1.19726615
-0.60115443
-7.62799365
-18.45145838
-19.31022945
-11.79881422
-1.38350618
-11.78555203
-8.42266465
-11.88643334
-5.67811079
-6.20008766
-7.83718587
0.90992565
-8.16419954
-18.01721695
-5.07913680
-1.42894020
-6.71156436
-5.76846077
-10.81029104
-8.65369750
-5.58222334
16.47079637
13.04929360
4.34904799
-1.57957753
6.86573832
11.32543055
3.76960994
7.31817564
15.45865777
18.16680070
-2.09818567
7.89750893
5.79304633
13.34053647
18.61299969
0.92275614
0.12238062
11.29329266
8.43621049
7.98524530
7.65049406
13.61968143
5.18730987
15.13337485
6.02973402
3.75224673
2.17811371
13.46824785
-0.04176144
18.78480639
3.99945172
4.91412479
11.90629943
13.20341776
4.57617538
7.68092054
4.91803785
17.03713145
4.76335665
0.57732287
4.46699497
9.28711748
14.61809377
2.71777379
19.14926310
18.39384807
7.62783473
15.22179135
-0.13521038
5.34410183
2.55507179
2.48707876
8.56650266
0.07958886
-8.94603809
-3.01499639
0.69993999
-18.75543019
11.90248742
5.73591865
0.05048315
9.06670409
12.59220507
0.71918544
-15.47404855
11.36727551
14.42783288
-13.91080290
-9.55152718
-16.48568549
-4.10236771
7.34218417
16.15880218
15.14258986
-7.12172530
-13.49799973
-4.20882690
5.30979287
-6.06003670
-5.48490114
19.94811516
-9.90397479
2.85903510
15.87818073
9.82767590
11.42472461
-7.00478117
-3.18444374
-2.82023996
5.04653711
1.84173899
9.12375596
13.63104294
-3.62334305
-6.31435901
2.22906874
5.11300574
-10.04728118
13.93566896
-16.07530675
-4.56594916
18.01220377
-12.78022358
-15.90640062
7.60514409
9.48111830
-0.00776997
-16.32916897
-1.10268659
2.95535451
7.19928429
9.17299294
-7.70959505
-1.88462941
-16.27713651
3.46236991
8.82165132
11.92098015
-10.24948484
14.62117274
19.10254698
-4.34908362
-0.64655462
-4.34381577
-6.64123563
18.50880322
-17.19710538
-2.54949878
-13.31298488
-10.38134473
-1.34905508
-9.18625863
-16.87468876
-8.02312901
-8.91398904
20.33321318
12.32959081
4.90113313
7.44100983
-9.77007907
0.18759118
-19.98951788
-3.42906282
-11.01058858
6.07730723
-19.68225132
-12.94597741
2.46051625
-1.16715272
17.23038239
-2.10500580
1.92280272
-2.37636872
0.25329840
3.68859030
6.68202998
4.30018814
3.11559948
-9.79288515
-7.47108994
-3.39880474
-4.98210880
0.69622566
1.89194386
-16.20131805
11.69045049
-18.84619606
12.85711247
2.72097914
7.19245716
2.35394654
1.61137392
10.03792854
9.66839667
15.12630018
16.10024432
3.21913227
0.05945891
-18.40558992
-15.92808691
10.97182226
8.28310328
16.25325333
12.00318677
-8.78235410
-10.90438573
-12.93266008
-9.54566142
-13.62912982
-14.69122209
-10.10917046
-6.77210120
6.35444383
10.76990422
19.68286448
16.45721166
14.13909591
15.41243006
-2.85085187
-3.49385570
-12.48409779
-13.50886012
-7.84290850
4.58634345
-5.03230990
7.44873123
-0.21930600
-7.80334374
-6.03904023
-6.77299161
18.28790440
18.22459887
-7.72867457
-6.66532859
5.82636815
2.67721309
16.60291229
14.64726789
12.12852357
11.97108710
10.78428183
8.83599613
-12.24833825
-11.08104356
-1.28819257
-5.28344301
-3.48350626
-3.67352677
4.93144538
5.64383195
-0.68733377
2.69589320
10.40717737
11.58373403
14.04654720
10.88101823
-2.83938254
-2.92506830
-3.86045251
-6.91262202
4.63063490
4.44392852
9.91512343
6.80278332
-11.79619778
-10.23545463
11.14873865
12.52077648
-13.65972373
-4.08141524
-17.60234577
-6.29849013
19.54109662
17.26288427
-12.28348401
-11.38245292
-17.20165570
-16.31232561
9.94447179
6.31458772
7.97930072
8.92002677
-0.98252802
1.58620023
-18.63874155
-17.18933033
0.64714729
-1.16476571
4.01347112
6.05958703
7.48318480
4.99767421
10.20487468
10.63927399
-8.24971424
-7.16893129
-0.22906514
-3.36234802
-15.17302459
3.43268460
-15.10551887
4.81327121
9.79579689
9.54260048
14.19668009
10.72592676
-12.50201886
-9.67848949
13.21175810
13.44868251
14.76233488
17.27510741
-4.79157383
-2.36880125
1.34690589
-1.58582868
-2.23011522
-5.18612610
-5.43779888
-5.33898530
16.60403097
19.01114201
-13.64064383
-14.78937409
-1.52714022
-1.30598643
-13.48590860
-14.82493199
-7.75361985
-11.10892211
-5.15350158
0.55995654
-11.30899196
-10.48808452
-15.64716050
-17.15028465
-10.15934025
-7.85210664
-6.26534305
-8.78611242
16.41301421
19.37106607
8.97481419
12.41765454
5.07471109
3.74537765
7.73728203
9.18702258
-10.67146560
-8.28703300
-1.09407735
1.00728931
-19.22378922
-20.34701128
-6.74743402
-2.87481970
-5.79197033
-8.72161624
8.55837435
6.91979881
-18.54991847
-20.22622737
-12.15697374
-14.50092631
5.67252137
4.58174852
-0.72228816
16.39339027
-2.02739172
15.36702981
-1.13994303
0.92547477
-2.14703137
0.89662318
1.79097336
-0.87721813
-1.68576297
1.80601739
5.63903925
6.43120203
2.40085846
8.70004840
0.44209317
0.35934040
2.64445344
0.94899662
-12.30495381
-8.02465779
-10.34193977
-9.57508652
-0.97934163
-2.01909782
-2.73649308
-4.24589773
2.80846351
0.79202683
1.70816095
1.66416122
-18.91285177
12.65321659
-17.84206836
10.32869952
-15.63828501
9.94574527
-20.13931258
10.94994993
2.97596912
5.77589317
4.58981185
6.59993205
2.27039604
0.38973603
3.30180018
2.70985968
7.04821547
9.78823768
9.28280006
9.62169531
13.55766371
12.62527094
13.65572673
14.59503060
2.90538573
2.10938729
2.31344308
1.02560260
-18.16364127
-14.51103153
-17.26229304
-15.00910048
12.88099132
10.33621952
11.70004474
6.35401184
17.08162375
12.38365563
15.20108208
12.92519684
-10.84380690
-12.78515058
-10.48970627
-12.84957310
-11.74739120
-10.58234082
-11.02434916
-9.09576322
-15.14029821
-15.92470178
-12.91077610
-12.43547546
-10.67182153
-6.30316251
-9.19157574
-8.29511352
4.20129115
8.32431115
7.21493486
10.58349242
20.12375042
16.14332899
19.56046052
15.39825910
11.51294805
17.06132353
12.60445497
15.05262978
-3.89842283
-7.16599149
-4.16949953
-4.89620838
-12.17801050
-15.13409700
-11.47208990
-12.52335355
-7.53479762
3.68473157
-4.41380212
6.25078726
-10.39368903
4.40506976
-6.67105249
5.99989838
-4.04918142
-6.20699669
0.84473270
-6.85837584
-8.20449956
-5.11694769
-6.55336760
-6.49072996
16.25274772
19.22996574
18.03507250
17.23846512
-4.79966332
-8.95844495
-7.22041382
-6.72694272
3.82291244
1.70620069
6.76408868
2.96137490
15.60446889
16.23299832
17.59012036
14.10985653
14.15974647
11.39967367
13.56694724
12.31599215
8.96330603
11.62751642
12.83001297
10.10934904
-13.39971744
-8.46637946
-12.42628690
-10.09511921
-3.55606641
-5.95158186
-2.02074682
-3.05523934
-2.77187609
-4.60287858
-1.72094491
-4.70915391
3.08405689
5.49849292
3.87181176
3.76509144
-1.42575966
1.86811874
-2.12046460
1.27934250
7.99551712
9.17591344
9.20440129
10.37440546
14.24245786
13.82709912
12.86921031
11.51808113
-4.24300733
-4.66167140
-2.12671668
-3.46764147
-4.20694696
-5.94992798
-5.46311820
-7.26935673
3.09403341
3.57068087
3.37877766
5.87262532
4.31237129
6.01737064
8.51841736
7.20154965
-11.65505134
-8.67825349
-10.40702952
-12.61225196
11.22581147
13.93759314
13.28895987
11.61269576
-15.02341325
-4.41471777
-16.55724853
-5.59088291
-14.02526369
-3.87382736
-16.30128868
-5.86536254
18.58464992
16.86401860
18.22990895
17.57857617
-11.24337901
-13.99012650
-12.71820112
-11.55995254
-18.82418860
-15.00245441
-18.55640313
-16.52890392
8.65528942
7.75674263
8.87638689
7.51837588
6.32452459
8.61342000
6.65952355
7.60777217
0.26323797
-0.55823838
-2.39989898
2.06860616
-19.78964955
-15.84075414
-18.18269617
-17.30134443
-1.03375119
-0.07577859
1.85343163
-0.93885969
5.80914962
4.28451438
4.57041724
5.12644062
4.15638396
6.95063944
6.40223193
6.06558294
9.92041006
8.27568576
10.43264329
9.46049996
-7.43740027
-9.53816684
-6.98713683
-8.36257805
-1.68175868
-1.18330207
-0.77891645
-2.70691175
-16.35832279
1.74961308
-16.08956858
2.85417408
-13.93698536
2.39448003
-13.78210714
4.19876620
8.56074965
8.49166397
10.82672478
7.82914369
14.12234392
10.84027481
14.07751984
10.64465212
-13.77215588
-11.53265250
-11.27768181
-8.96546191
14.45624420
13.10111910
14.38857326
12.01723154
14.90721978
17.96927970
16.00203127
16.04515672
-6.35188543
-3.66829686
-6.16036450
-2.69305722
0.68501672
-0.13315422
2.43925281
-0.99562918
-5.45673958
-3.20078928
-3.26522875
-4.06549181
-6.08254330
-7.91428089
-4.79668793
-4.89298864
15.66148826
17.50576462
16.77674103
17.73967046
-13.90260623
-16.79288487
-14.47165028
-16.06741612
-2.04023461
-3.30017693
-0.27630557
-3.02290495
-13.96929751
-14.34948988
-14.33205262
-14.99756055
-7.31376286
-11.46517161
-7.77061577
-9.83501088
-3.21721375
-0.66861617
-4.63855739
-0.18795948
-8.89173764
-10.04785481
-10.11354659
-10.26029730
-14.13698616
-17.77699083
-14.41379761
-15.95802241
-7.35190277
-6.81913475
-9.15638970
-9.03297997
-6.97034912
-9.61708390
-5.15650548
-8.10486451
19.01133860
20.18843890
17.57567457
20.56779313
8.11082297
10.59358084
10.04907562
11.36992947
4.62958509
3.97227257
5.44734578
3.56384160
6.79844662
8.39559006
8.09878202
9.62348481
-11.80727988
-8.75256190
-9.92228907
-9.27595726
-0.99765860
-0.77850987
-1.07166380
1.09828592
-18.92780045
-21.08376210
-18.31284291
-19.84523716
-5.11031038
-3.21733962
-5.98801363
-4.74619106
-8.38211274
-9.83224351
-7.26043763
-9.24323042
7.24540488
6.37533130
9.73407138
6.78777777
-17.23878588
-19.34312385
-17.55246507
-20.09628818
-12.89266502
-13.33991004
-11.30107425
-13.47464897
6.43332503
3.41101759
6.79069600
5.30009718
-3.99388004
17.39644706
-0.40689384
18.17465856
-1.90153986
16.27578780
-1.13200329
16.33566610
-0.11342908
2.11013906
-2.87137501
1.99876508
-1.16702317
-0.04112394
-2.10823444
1.03794338
0.69377013
1.36744332
-2.34250932
0.80218677
2.26358232
-0.45583637
-1.24046964
2.85267779
3.38382726
8.73569098
5.61726690
7.67234483
6.47931468
7.49070927
3.63644972
7.74637291
1.32460733
1.09205782
4.57335955
2.07158525
1.52191271
-0.51567432
3.43011519
1.83816362
-11.40773936
-8.69114112
-10.57444825
-7.54052879
-11.59029048
-6.99791373
-11.21055081
-8.35422131
-1.86602817
-2.36703316
-3.81775472
-5.60161290
-0.03636601
-3.14594303
-1.60366897
-3.57223475
3.67235413
0.39301604
-0.23960153
2.67027428
2.94798711
0.15426336
1.61650484
1.12510928
-20.23283082
12.17012774
-19.20201424
10.95252815
-17.17500236
11.71304393
-19.85074862
13.63202097
-18.22010199
11.35779617
-17.89540363
11.17763116
-15.06595461
9.48006351
-19.75904703
11.82192354
5.18853266
5.25398737
3.71873763
6.19305763
3.98971450
6.84461349
5.55139792
6.17703874
0.30157650
-0.00291641
1.42994171
0.88693087
1.18440812
0.14448497
4.36426709
2.03448639
6.82484468
8.12326462
9.94154146
9.76685491
7.23846714
8.88903250
8.28026403
9.69874961
12.62709376
13.66388078
14.08741055
15.52163694
12.71752163
12.02367580
13.17711764
14.55652110
5.16024956
1.41642959
3.19603199
1.22614809
3.96762754
1.21801864
1.83901473
0.52760658
-16.41366955
-16.36200659
-18.82674406
-15.44681686
-17.38655051
-14.51930310
-18.31397265
-13.95306889
15.55237432
11.27589792
10.65836691
8.23147646
13.70438456
9.26183720
12.53745610
7.30907414
17.12386735
14.48417341
16.13621575
12.98224993
17.89398597
13.47390867
15.26281575
13.13062944
-12.93502049
-13.39445248
-9.83445518
-10.36459195
-11.45815428
-12.31489488
-10.74100301
-12.00483593
-11.53485747
-9.19492745
-11.53204874
-9.99172190
-12.76448120
-9.78327730
-11.95434936
-8.82686788
-14.60956233
-15.47037555
-14.42059229
-13.67684786
-14.17586231
-15.88569541
-13.38766319
-13.25818150
-10.92479244
-4.71088930
-9.27275124
-7.32642568
-9.74291584
-5.48180715
-8.64211781
-8.19177314
5.38424578
7.54229556
6.33454746
10.02152569
3.95985734
9.06901953
8.09401594
9.70728142
20.13990290
16.97653928
20.40248513
17.37802170
20.58069049
15.26527390
19.42310961
15.41361452
12.45512922
15.94470059
14.19689120
16.17884165
10.71340766
16.80667289
12.79603107
15.36071056
-2.03960240
-6.09968328
-1.83817261
-4.09024885
-2.47577491
-7.74218916
-3.23460526
-4.52479394
-11.90181173
-13.51993050
-13.47688215
-14.04982042
-13.04313131
-14.52899166
-11.69238396
-12.54585813
-7.12447225
4.95811333
-4.97108750
5.67921150
-9.21211197
4.31497573
-5.82734897
5.97878593
-6.67753229
3.03415224
-4.23634336
5.85118718
-9.32384978
5.44828347
-6.34569113
6.72550192
-1.63421923
-7.00267722
-0.67703069
-8.45095017
-3.04322631
-5.43406539
-0.11782957
-7.84818467
-8.19401618
-6.06903528
-6.20428354
-5.99784603
-7.27263170
-5.07251582
-7.45712993
-7.15545819
17.00836034
18.99821415
18.08423753
19.25424125
15.29620418
19.82125604
18.84398673
17.38899563
-6.19593797
-9.20710357
-7.26454418
-6.09779273
-5.75026015
-8.74062381
-8.24654221
-6.20848374
4.18505653
2.94704942
5.03064601
3.34594795
4.53090179
0.76380222
6.55799994
2.29037754
15.66356839
15.11142871
15.71530425
14.65439840
14.62531123
15.20265994
18.29526697
14.27786806
12.67076152
10.24845894
11.24662721
11.70661202
14.64291282
10.49988543
12.91790250
12.44153748
8.77634629
11.93154495
11.19187386
9.79529744
9.59537803
12.20443401
11.83699958
10.74049048
-12.76734085
-8.02608153
-11.25372500
-10.71042057
-13.72985119
-9.23881207
-12.42343189
-10.11318092
-4.47183123
-5.32551776
-2.39674103
-2.90350442
-2.11058669
-4.42462939
-3.83164159
-4.09659048
-3.45886996
-6.50709830
-2.83405499
-3.16864276
-3.43434624
-3.91718211
-2.51836720
-5.50006829
