-1.54770088
-8.37410965
-2.54854936
-7.84437159
-2.60605736
-6.49609342
-9.56151203
-7.38608342
-5.65607966
-0.20485611
-6.56436226
-9.79151016
-0.92873430
-1.86616740
-9.19735248
-7.31286616
-5.97042273
-8.34088602
-7.92785029
-1.73752522
-7.25753300
-5.51395716
-0.98425719
-5.62131422
-8.37575422
-3.34133316
-2.60837617
0.16669862
-0.92716872
-3.56658895
-10.74251941
-10.04801618
-5.42826162
-1.95765097
-6.69514861
-4.83671736
-6.69751657
-2.77595794
-3.67831452
-4.33956478
-0.30537240
-4.64009381
-10.67762414
-2.57521200
-1.21677155
-3.20376183
-3.56139892
-6.70665241
-4.12300520
-3.18097164
8.16656749
7.84936356
2.68867310
-0.74498181
4.71698228
6.50811473
1.49438305
4.13328481
8.37809578
9.65282956
-0.54740660
3.81529711
2.94047770
7.83943959
9.97781061
1.08452726
1.51661636
6.50391372
4.70902687
4.45721941
4.44110073
6.78720331
3.69666160
8.33737753
3.40996010
2.32420214
0.97475693
7.59723900
0.01763194
10.29981523
2.26127173
2.63905757
6.01007057
7.15117372
2.24748465
4.79893113
2.73577544
9.31218204
2.90089202
0.69063494
2.27940877
5.07685845
7.56780892
1.10293103
10.84994203
9.48301771
5.01892677
8.25378683
-1.13285711
3.11474550
1.21337863
-0.49017587
3.44152094
0.43101180
-4.25029121
-2.15306639
-0.12100201
-9.90167622
5.79647797
3.27124305
0.15707790
4.94025451
7.66485276
0.63577845
-8.44922378
6.07827874
7.57318317
-7.10650136
-5.97924684
-8.76114304
-3.28464348
4.34872378
8.84474004
8.57723329
-3.52471819
-8.00930210
-2.32456812
3.27487877
-2.84612820
-3.34300952
9.90179625
-5.10224396
1.19416476
8.32967362
5.86832626
6.54007169
-4.60670167
-1.23101487
-2.17625627
2.32953246
1.59616829
5.36357358
7.05440068
-2.55179519
-2.69936123
1.96378865
3.64554674
-6.25825321
6.63398126
-9.23008825
-3.35556483
9.53414847
-7.08871098
-8.31530182
3.87210002
5.38037083
0.41064041
-9.63016818
-0.31091784
2.39149587
3.99788107
5.31795769
-4.75860057
-0.53932544
-8.70812686
1.81131284
4.48730865
6.52742656
-5.43257084
7.07061638
9.49659627
-1.77057912
0.23551537
-2.49319400
-3.94524369
9.69310619
-8.67453458
-1.52678639
-7.59395124
-6.26196713
0.06244835
-6.20876578
-9.48758130
-4.46681176
-4.87303460
10.78713383
6.32125169
2.12967090
5.22844128
-4.77225528
-0.50668702
-10.88682548
-1.53661521
-4.76709597
3.76793551
-10.95186486
-7.33654890
2.17670631
-0.11102785
8.77619933
-1.22982687
0.90212593
-1.10717218
0.47060700
1.60103869
4.12587938
1.36311134
1.60050761
-5.46088297
-4.83157933
-1.56642465
-3.16990067
0.42266409
1.02855297
-9.05140995
5.65307651
-10.52026358
5.95540637
2.78176417
4.05124688
1.79137321
1.04792327
4.62868785
5.31048860
7.60605106
8.62216348
1.61266374
0.70510668
-10.22317631
-7.73462105
6.61182609
4.98421536
8.62603345
7.12958854
-5.99988214
-6.08535485
-7.11344677
-5.40004522
-7.56947912
-7.58426313
-4.92447459
-4.32484251
3.54039035
5.43183266
11.00877756
9.12505962
7.53990298
8.37105010
-1.67278024
-2.63413197
-6.70867592
-7.04437887
-3.91663886
2.93282030
-2.89859546
3.72728662
-1.31058935
-3.62153102
-3.60027548
-3.52202027
10.34254293
10.57189783
-4.36541464
-4.08192874
3.65775444
1.98352243
9.08513008
7.31501186
7.63933467
6.90084383
5.87090580
5.60051436
-6.30762701
-5.48028994
-1.11731711
-1.68983767
-2.17770368
-2.44268274
2.37673885
2.86970818
-0.97441088
1.17867832
5.26800887
6.31651472
7.34858865
6.35359694
-1.57313828
-2.29119572
-2.55020665
-3.59930981
2.81345932
2.96607162
4.59919759
3.90592535
-6.34066040
-5.51711742
