-1.56131897
-8.39154474
-2.55723273
-7.86236375
-2.60804107
-6.50415541
-9.59536553
-7.40597900
-5.67093818
-0.21466936
-6.57205734
-9.80510217
-0.92608238
-1.87001546
-9.20349930
-7.31094172
-6.01066921
-8.38813966
-7.93324387
-1.73938274
-7.27948490
-5.50944319
-0.99148023
-5.63380589
-8.40578057
-3.35152807
-2.61551923
0.18623630
-0.93272916
-3.57005060
-10.75574237
-10.08330122
-5.42523895
-1.97213435
-6.70111845
-4.84737394
-6.71937301
-2.79005203
-3.68890029
-4.33128970
-0.30710334
-4.67531973
-10.73093201
-2.57546299
-1.21935035
-3.20554328
-3.56132656
-6.71131251
-4.12599666
-3.17503332
8.17640200
7.87133420
2.69983132
-0.75015808
4.71537470
6.52119859
1.49499217
4.13148312
8.39865692
9.67439874
-0.54216848
3.82322746
2.94278052
7.85957693
10.00920600
1.08488354
1.52489634
6.51318601
4.72817949
4.46159842
4.45027196
6.81642985
3.69041940
8.35803468
3.42208425
2.32970070
0.97782608
7.62694975
0.01925726
10.31375545
2.26032599
2.63943684
6.02598930
7.15303701
2.25874995
4.81374267
2.73020598
9.32403800
2.91085811
0.69043129
2.27964963
5.09531641
7.57993971
1.09595585
10.87975985
9.50505874
5.01445936
8.27000863
-1.13032504
3.13141043
1.21590006
-0.48822054
3.45675759
0.41777150
-4.25452640
-2.15692286
-0.11801927
-9.92882185
5.80539369
3.27930486
0.15728015
4.95485998
7.67970958
0.64404752
-8.47240147
6.07211529
7.58112965
-7.12445220
-5.99135511
-8.77540328
-3.27564901
4.35804747
8.86874618
8.60655759
-3.54049454
-8.02981310
-2.32943852
3.27684611
-2.85826333
-3.33050433
9.91463301
-5.11306903
1.19228368
8.35445456
5.88632308
6.55676664
-4.62237311
-1.22799297
-2.18464870
2.34743854
1.59487607
5.37024507
7.05790069
-2.55903353
-2.72001098
1.96162383
3.63700485
-6.29651102
6.66385372
-9.25616648
-3.35215347
9.53888664
-7.12909155
-8.33479583
3.88867678
5.38442055
0.40778697
-9.65869281
-0.32322579
2.39298186
4.01122346
5.33332497
-4.75446396
-0.54836512
-8.73430670
1.80821565
4.50075321
6.55178489
-5.43398864
7.08671997
9.52914122
-1.78775537
0.23700554
-2.50267068
-3.94835794
9.72426356
-8.69726907
-1.52496726
-7.60316795
-6.27390880
0.06495103
-6.20874389
-9.52336208
-4.49446463
-4.87742287
10.82211676
6.34468399
2.13208993
5.23652650
-4.78725967
-0.50819751
-10.92631607
-1.53883531
-4.77715230
3.78998908
-10.97564682
-7.36667542
2.17453088
-0.11537260
8.78669257
-1.23490796
0.89266694
-1.11115610
0.48051928
1.59576916
4.14040852
1.38770336
1.59361248
-5.46839106
-4.82842312
-1.57063876
-3.17872622
0.42646483
1.03601336
-9.07687604
5.67543474
-10.55507559
5.98117961
2.79258672
4.05430562
1.79674839
1.05117595
4.64467625
5.32978477
7.62706891
8.64386344
1.62055726
0.70140005
-10.23599101
-7.75791706
6.61970832
4.97438898
8.64514950
7.14247279
-6.00406873
-6.09043711
-7.11514253
-5.41269258
-7.58963947
-7.60443213
-4.92084698
-4.32648147
3.54507624
5.44412454
11.04232487
9.14921877
7.55870888
8.38779594
-1.67886179
-2.64661165
-6.71775938
-7.06238558
-3.92341719
2.93367321
-2.89971590
3.74084797
-1.29727008
-3.62357006
-3.61311070
-3.53147784
10.35746548
10.59332731
-4.37679387
-4.08881183
3.66907126
1.99381842
9.09691527
7.33518469
7.66547943
6.92216736
5.89154606
5.61468607
-6.32929818
-5.50389475
-1.11630318
-1.68783717
-2.17174217
-2.42848367
2.38134447
2.88469735
-0.97387234
1.17405607
5.27915146
6.32718956
7.36100792
6.36108923
-1.57578136
-2.28299332
-2.55564993
-3.62829489
2.81050982
2.96551132
4.60320349
3.91277372
-6.36551531
-5.55013176
