-1.60307461
-8.42543873
-2.56906314
-7.90179099
-2.61171334
-6.52096534
-9.65226705
-7.44432161
-5.68745309
-0.22081037
-6.59863006
-9.83222527
-0.93254382
-1.88485091
-9.21809721
-7.29628282
-6.08343892
-8.46494470
-8.41230640
-1.74842655
-7.31745858
-5.50729376
-1.00655466
-5.67719963
-8.46466184
-3.36857503
-2.63165929
0.22027252
-0.93836499
-3.58860538
-10.77912963
-10.15081674
-5.43528958
-1.99279054
-6.71248810
-4.86085170
-6.76439417
-2.81138530
-3.71186277
-4.32272897
-0.32349238
-4.74579169
-10.81363010
-2.86471022
-1.23324738
-3.21653839
-3.58478974
-6.71978792
-4.14265415
-3.16885558
8.19480997
7.92067874
2.72346716
-0.76102589
4.70884464
6.55343363
1.48832792
4.12925746
8.44338069
9.82426446
-0.53469247
3.77699704
2.94780464
7.88880126
10.06853010
1.07447452
1.50590525
6.53585011
4.76536716
4.47775494
4.47099627
6.86850383
3.67932353
8.39329997
3.43372119
2.34624900
0.97697393
7.67814331
0.02068133
10.34075893
2.25403152
2.63062303
5.99263061
7.15201517
2.27595697
4.84672017
2.71198645
9.34493823
2.87129869
0.68775517
2.26819476
5.12961694
7.60335522
1.09141089
10.93968753
9.53454100
5.01259865
8.28143762
-1.12492135
3.15489023
1.22502326
-0.47927435
3.47264249
0.38961241
-4.25741342
-2.16573264
-0.12181665
-9.97093763
5.82918118
3.30108657
0.15482130
4.95967759
7.71656557
0.66929046
-8.51952977
6.05959978
7.70233987
-7.16119064
-6.01461644
-8.79990499
-3.26490880
4.36649792
8.92367945
8.69102311
-3.56903623
-8.07275388
-2.33735293
3.28021811
-2.88448059
-3.30852303
9.93783982
-5.13371803
1.18648036
8.39451343
5.91332803
6.59484327
-4.65041627
-1.23845267
-2.21294513
2.37348468
1.58192691
5.38973702
7.07982715
-2.58119198
-2.77178393
1.95767758
3.62118716
-6.35837968
7.25317668
-9.76914824
-3.26098095
9.56741436
-7.19909119
-8.37499986
3.91761107
5.39458702
0.39830608
-9.70192758
-0.34157501
2.40298447
4.03672058
5.36142076
-4.75651149
-0.57447833
-8.77731523
1.80353770
4.52988046
6.56440053
-5.43824673
7.11757490
9.59150933
-1.81302129
0.21566360
-2.52192311
-3.95600051
9.77408328
-8.73092778
-1.53565886
-7.61999651
-6.30607945
0.06488605
-6.19926594
-9.58924946
-4.53884870
-4.88829324
10.89248865
6.38927222
2.13359063
5.25034812
-4.82374085
-0.50990498
-10.99241499
-1.54860800
-4.81168137
3.83645654
-11.01839657
-7.42238929
2.17624915
-0.12276912
8.80245992
-1.24472191
0.87535170
-1.13356979
0.49237409
1.61079575
4.17468323
1.43877286
1.57961605
-5.48073731
-4.83454470
-1.58497355
-3.19248019
0.40611595
1.03835697
-9.12824162
5.71472289
-10.62526710
6.03405395
2.79152092
4.06002342
1.80343735
1.05162478
4.60846231
5.30808437
7.66861384
8.69449592
1.63754155
0.69002868
-10.26401969
-7.80297252
6.62817169
4.95769698
8.78175242
7.11663753
-6.00879398
-6.10989653
-7.13912424
-5.43502143
-7.62607604
-7.64854608
-4.93952752
-4.31920610
3.51228753
5.36825982
11.10722314
9.19847166
7.63344295
8.40941690
-1.68781582
-2.66666148
-6.74696386
-7.09049527
-3.94210106
2.93008829
-2.90050499
3.77318788
-1.26901498
-3.62965459
-3.63480285
-3.55029169
10.38450883
10.62705554
-4.41605873
-4.10676849
3.69841273
2.01348552
9.11996817
7.36893501
7.69464330
6.94458448
5.93264038
5.64710317
-6.37399246
-5.54243620
-1.10495989
-1.68523387
-2.17299184
-2.40405496
2.38524985
2.91967909
-0.97709875
1.17210101
5.29582915
6.32279896
7.38727018
6.38184725
-1.57839162
-2.25378636
-2.56881760
-3.68704747
2.80604069
2.96470825
4.61030939
3.92229324
-6.41181905
-5.60602940
6.47082235
6.32648334
-7.47592800
-2.30598720
-8.84111230
-3.45636382
