-1.62607812
-8.44296047
-2.57542833
-7.90472830
-2.61331032
-6.53381453
-9.67598650
-7.45662735
-5.69980928
-0.14601248
-6.61380041
-9.84448726
-0.88941398
-1.85458695
-9.39828999
-7.28572706
-6.12032641
-8.50002032
-8.41599493
-1.75762497
-7.33303045
-5.50690477
-1.01320132
-5.68683743
-8.48924820
-3.43984561
-2.63827185
0.25149292
-0.92398629
-3.61524959
-10.78973163
-10.19939971
-5.45003807
-2.00034516
-6.71806728
-4.98189998
-6.78598069
-2.78840861
-3.72325664
-4.32068367
-0.30851900
-4.78291274
-10.85169360
-2.73392001
-1.24322974
-3.22005506
-3.60656919
-6.54383287
-4.09315547
-3.17310531
8.20240835
7.94711648
2.73543804
-0.73792070
4.71413113
6.56869239
1.48767680
4.12811778
8.46481243
9.86718713
-0.53285205
3.79959007
2.95239475
7.90779473
10.09945120
1.06890471
1.50721076
6.54945414
4.78355593
4.48746710
4.48206599
6.89562634
3.67538251
8.41132401
3.44478678
2.35537585
0.98868238
7.70289909
0.02206323
10.35418682
2.25038456
2.62524939
6.03644689
7.16067834
2.29411147
4.86063891
2.71406792
9.35406027
2.87623972
0.68808663
2.26792270
5.14315250
7.61548354
1.12607438
10.96774888
9.54726928
5.03280739
8.28939088
-1.12191169
3.16723267
1.23039142
-0.47761169
3.49054456
0.38025000
-4.26147225
-2.14387353
-0.10033122
-10.04502854
5.84282119
3.30842232
0.15122725
4.99492302
7.73730226
0.67458624
-8.53705209
6.05936608
7.72899926
-7.18726722
-6.03856533
-8.81107907
-3.24292447
4.39277295
8.95256128
8.70994448
-3.58288065
-8.03347252
-2.24153544
3.28249718
-2.89803064
-3.30085207
9.95079152
-5.17430826
1.18900899
8.41411004
5.92589243
6.61521286
-4.66181302
-1.22283353
-2.22950979
2.38911342
1.57316442
5.39770453
7.09421936
-2.56645472
-2.80059098
1.95140870
3.61355998
-6.38483370
7.28123544
-9.90257249
-3.10033197
9.58625352
-7.23372309
-8.38678135
3.92857861
5.40000179
0.40062337
-9.72045621
-0.34295764
2.43080364
4.04994042
5.37545569
-4.75387723
-0.58859877
-8.79600601
1.81194337
4.54594287
6.59392828
-5.42983692
7.13449553
9.62186435
-1.81654694
0.20746898
-2.53131215
-4.04195636
9.79788128
-8.81507857
-1.50142348
-7.62766654
-6.25027862
0.07252952
-6.19083453
-9.61995835
-4.55736066
-4.89253276
10.92653623
6.40995311
2.13426721
5.25882939
-4.82878633
-0.50960958
-11.04538265
-1.55969299
-4.87205779
3.85426613
-11.03911918
-7.44542792
2.18374816
-0.12642795
8.81231919
-1.24896922
0.86448157
-1.13494547
0.50041877
1.63537878
4.19560759
1.47299027
1.58199025
-5.49020918
-4.84558819
-1.59172010
-3.17519305
0.40978431
1.05072496
-9.15631153
5.73504811
-10.69422053
6.05859631
2.79707149
4.06425731
1.80708108
1.05171451
4.61557626
5.32060362
7.68977886
8.72046109
1.64607573
0.68629935
-10.45274709
-7.83051275
6.63135763
4.95760025
8.81619500
7.10274685
-6.02321612
-6.11324845
-7.17076401
-5.41713958
-7.64269380
-7.67169915
-4.90951897
-4.31368665
3.50916252
5.40155401
11.14026645
9.22512588
7.64848595
8.43538404
-1.69229862
-2.67524506
-6.75397698
-7.10862544
-3.97011530
2.92950754
-2.89393806
3.77931557
-1.25292898
-3.62636666
-3.64463120
-3.55813959
10.39721503
10.64261599
-4.38962687
-4.10701395
3.71324612
2.02354509
9.13102610
7.38447686
7.70981997
6.96696523
5.94763505
5.66407728
-6.39668045
-5.55985022
-1.07799661
-1.68481628
-2.15102221
-2.39504682
2.38556507
2.93559423
-0.96978472
1.18204980
5.30664574
6.32366065
7.39837483
6.39126219
-1.57502383
-2.24708064
-2.58189608
-3.71627078
2.80324197
2.96046449
4.61359129
3.92071083
-6.42626183
-5.64130330
6.48073643
6.34988936
-7.42430860
-2.48358457
-9.06384523
-3.75520857
