-1.65216260
-8.46088780
-2.56872071
-7.93668777
-2.61480322
-6.55211872
-9.68832430
-7.48451373
-5.73013169
-0.15864986
-6.62986039
-9.85678038
-0.88317944
-1.84865142
-9.45773770
-7.27433926
-6.15855598
-8.53090364
-8.44473408
-1.74984712
-7.34403621
-5.51257626
-1.02031559
-5.69833115
-8.51620302
-3.45997350
-2.64465791
0.26813782
-0.92594856
-3.63090524
-10.80120863
-10.24041958
-5.45189875
-1.99268750
-6.72327241
-5.00373061
-6.80988471
-2.80773662
-3.73575409
-4.32112674
-0.30818719
-4.82271652
-10.89199362
-2.74625073
-1.25280889
-3.21837262
-3.58921999
-6.52552748
-4.08901101
-3.17711396
8.21034951
7.97412509
2.74671491
-0.73451754
4.72002204
6.58473910
1.48898293
4.13108414
8.48632595
9.90840080
-0.53332475
3.82036850
2.96173071
7.93003542
10.13137862
1.06206981
1.51371600
6.56460708
4.80361405
4.49924929
4.49444966
6.92368530
3.67248320
8.42924599
3.46121409
2.36340957
0.99717980
7.72731247
0.01816312
10.36804358
2.24754447
2.62705955
6.06026802
7.16992612
2.31396571
4.87621746
2.72610026
9.36359233
2.88718100
0.68864075
2.26681257
5.15263495
7.62788137
1.13815665
10.99611971
9.56089211
5.05580093
8.29781985
-1.11867701
3.18010652
1.23451234
-0.46392553
3.50876967
0.38602393
-4.26307281
-2.13138932
-0.07493244
-10.08809778
5.85672216
3.31591355
0.14547094
5.01137799
7.75860452
0.67808515
-8.57666178
6.06052931
7.76898920
-7.23189119
-6.09234448
-8.82150668
-3.24029555
4.42001468
8.98177454
8.72670273
-3.59642128
-8.10913667
-2.24679250
3.28692757
-2.90455823
-3.29366637
9.96988798
-5.18001595
1.19314753
8.43256124
5.95390734
6.63492185
-4.66846368
-1.19727740
-2.24482489
2.40392503
1.57181894
5.40554536
7.11404429
-2.55255055
-2.83248337
1.94537472
3.60659667
-6.40374539
7.30449778
-9.97389419
-3.10924788
9.60445865
-7.26578587
-8.42354765
3.94274491
5.40900213
0.41406327
-9.73659946
-0.34182475
2.43969592
4.06450374
5.39042852
-4.78254786
-0.59939485
-8.81118672
1.82761463
4.56255318
6.62953108
-5.44245714
7.15133668
9.65324755
-1.81861959
0.20204688
-2.54124018
-4.05550533
9.82234631
-8.84356209
-1.47093084
-7.63492865
-6.29459504
0.09563971
-6.18094431
-9.65066632
-4.58361205
-4.89664149
10.96175288
6.43161112
2.13845587
5.26912271
-4.82340540
-0.51158186
-11.09524204
-1.56914619
-4.91150339
3.87321537
-11.05970531
-7.45551329
2.19425190
-0.12937416
8.83314283
-1.25154325
0.85926802
-1.12395753
0.51660916
1.64618111
4.20873302
1.50180276
1.58518983
-5.49821873
-4.86437638
-1.57585172
-3.16749561
0.41144116
1.06544283
-9.18359643
5.75619674
-10.76730760
6.08397135
2.80296843
4.07465175
1.81227824
1.05228702
4.63145755
5.32940564
7.71183893
8.74914587
1.65382919
0.68524780
-10.50356936
-7.86041676
6.63406879
4.95806131
8.84190796
7.09604161
-6.05141206
-6.14196326
-7.18099566
-5.40397633
-7.65740140
-7.69725682
-4.93531290
-4.31786340
3.51420028
5.43559577
11.17439087
9.25238349
7.66011844
8.45884693
-1.69790610
-2.68339276
-6.77662971
-7.15548517
-3.99819121
2.93224878
-2.89840068
3.78068330
-1.22684540
-3.62862600
-3.65380289
-3.56334564
10.40966777
10.65878589
-4.39457264
-4.13040720
3.72802058
2.03265943
9.14325321
7.39908133
7.72590007
6.98560471
5.95718762
5.68108659
-6.42050787
-5.57736885
-1.05269208
-1.68548409
-2.12610792
-2.38713887
2.38544027
2.94962929
-0.95752418
1.20958356
5.32240302
6.32487625
7.40619039
6.40818351
-1.56495982
-2.23814051
-2.58817888
-3.75161865
2.79912891
2.95634558
4.61740246
3.91977311
-6.43307155
-5.67904533
6.48718241
6.37573711
-7.45119042
-2.51102656
-9.13177267
-3.76963387
