-1.73456501
-8.51950973
-2.55516749
-8.02287815
-2.61899473
-6.58430545
-9.77353403
-7.56608078
-5.81648801
-0.17285609
-6.65662349
-9.89965652
-0.88900275
-1.87174392
-9.55074292
-7.26249321
-6.27466327
-8.60854100
-8.49908261
-1.73149512
-7.38695329
-5.52532716
-1.04645069
-5.74590558
-8.59440639
-3.54825929
-2.65910770
0.28771701
-0.96153650
-3.65128333
-10.84001414
-10.33860115
-5.46908271
-1.98394577
-6.73535251
-5.02484651
-6.88265206
-2.87628666
-3.77882740
-4.32628621
-0.36819036
-4.93873991
-10.99965177
-2.73570706
-1.27296501
-3.26222805
-3.60294211
-6.54220830
-4.10959232
-3.18647426
8.22768256
8.05496150
2.78010511
-0.73435243
4.73999978
6.63429522
1.52130965
4.16227990
8.55171607
10.02636479
-0.53664380
3.88062670
3.00135754
7.99858937
10.22793884
1.02175505
1.52252515
6.61859180
4.87268238
4.52724985
4.52746208
7.01266788
3.66560829
8.48757714
3.51126155
2.38450673
1.00183785
7.79722784
0.02175926
10.40430269
2.27956867
2.61370571
6.09382213
7.19840298
2.35736205
4.92968469
2.75920280
9.41020817
2.91588803
0.69249405
2.25137368
5.19023717
7.66540085
1.14788389
11.08117999
9.59817543
5.11705539
8.32463843
-1.10837195
3.21821998
1.24677551
-0.43129059
3.56516443
0.38635860
-4.28438387
-2.13794592
-0.05853190
-10.18612887
5.90333699
3.32855311
0.12347761
5.03405405
7.83263132
0.70165930
-8.66838977
6.06753943
7.85633268
-7.34097516
-6.16330795
-8.86179544
-3.24104043
4.50663668
9.06963263
8.77172680
-3.62774126
-8.22962820
-2.25732920
3.30606939
-2.92636882
-3.28118654
10.04149078
-5.21442892
1.21039592
8.49020163
6.01937972
6.68485130
-4.68708524
-1.17336061
-2.27746168
2.44462839
1.55472163
5.42832196
7.16691632
-2.56251448
-2.92360282
1.92653403
3.59517511
-6.45424635
7.36481954
-10.08410904
-3.09290773
9.66403226
-7.35813871
-8.53750693
3.97413181
5.45391179
0.42672319
-9.77024111
-0.34009487
2.46202510
4.10979549
5.43988165
-4.81134387
-0.63108485
-8.85195321
1.83279881
4.60885238
6.69409760
-5.47297685
7.20616744
9.74781023
-1.81872167
0.19837509
-2.56939525
-4.08979197
9.89507151
-8.91178607
-1.48608752
-7.66490362
-6.36680598
0.16579790
-6.17232116
-9.74144276
-4.66557619
-4.90834443
11.07081264
6.49728588
2.16530222
5.29685496
-4.83561937
-0.52217306
-11.20505975
-1.61918297
-5.00952030
3.91922798
-11.11971803
-7.48798588
2.21890991
-0.14076948
8.90048227
-1.25708501
0.84523794
-1.11110859
0.55441276
1.66516733
4.23591195
1.53806646
1.59790836
-5.53540999
-4.89258222
-1.59694495
-3.17249699
0.41798817
1.09815706
-9.26044084
5.82253769
-10.91861867
6.16863791
2.82168621
4.09813749
1.82312795
1.04554755
4.68961013
5.37771782
7.78543524
8.84594600
1.68035989
0.67533094
-10.58935348
-7.96602992
6.63813379
4.96335344
8.94121068
7.13890791
-6.08583444
-6.22485932
-7.20668726
-5.41778033
-7.69853235
-7.78696828
-5.01937743
-4.33273539
3.55401878
5.54182942
11.27645443
9.33580612
7.69202222
8.56579622
-1.71870659
-2.70742158
-6.88070172
-7.22502203
-4.05509237
2.94271056
-2.93602718
3.79000765
-1.17512920
-3.66760102
-3.67931332
-3.59233114
10.46946339
10.70435628
-4.44076121
-4.18038819
3.77502928
2.05643569
9.17455101
7.44492957
7.78692610
7.05319394
5.99365404
5.72099474
-6.48980376
-5.64554246
-0.99935592
-1.67983137
-2.09802342
-2.36365370
2.38315164
2.98273737
-0.92411109
1.22322504
5.39428420
6.32282025
7.44170560
6.44819333
-1.54840219
-2.22714667
-2.60119240
-3.84457526
2.78101977
2.94395902
4.63009462
3.91978007
-6.47045431
-5.73618878
6.50616315
6.44560389
-7.50517956
-2.57113709
-9.25202418
-3.74598814
