-1.77389853
-8.65180351
-2.54337665
-8.11233820
-2.62187959
-6.61322281
-9.89530103
-7.66217623
-5.91130503
-0.21995921
-6.73702492
-9.97171128
-0.92153533
-1.93265971
-9.62996196
-7.32204782
-6.05074550
-8.69731885
-8.55549514
-1.70940482
-7.46426220
-5.53569808
-1.09498625
-5.78969627
-8.67231026
-3.66751170
-2.69112584
0.29906754
-0.99004491
-3.70744050
-10.91961091
-10.44480304
-5.51366988
-1.98085984
-6.74581784
-5.01483805
-6.90888899
-2.96294572
-3.83812286
-4.33157959
-0.40781970
-4.90345730
-11.11071296
-2.69908759
-1.30411494
-3.36012509
-3.63433456
-6.57091258
-4.14362965
-3.21584904
8.17183525
8.13689897
2.81283865
-0.75038690
4.77205071
6.69713875
1.55077250
4.21227962
8.67073416
10.17806015
-0.54674219
3.92507660
3.06035093
8.09597348
10.34400574
0.98193031
1.53972524
6.69864416
4.95870108
4.56904566
4.55300000
7.09444720
3.65722591
8.56608237
3.53984325
2.40808484
0.98950310
7.89552054
0.02898443
10.10252575
2.30078178
2.61282235
6.15437121
7.23830223
2.40256505
4.98501069
2.78334591
9.48523051
2.95123841
0.69975080
2.22871438
5.23647049
7.73367016
1.11067553
11.26752436
9.65273367
5.18164447
8.39224617
-1.09149099
3.25975315
1.26581497
-0.39244143
3.64514753
0.36441030
-4.32762617
-2.18376987
-0.03974072
-10.29914923
5.97661221
3.32935181
0.09580460
5.08663196
7.92817545
0.71421544
-8.77704340
6.07316857
7.97422430
-7.46023267
-6.20226332
-8.99718869
-3.23956637
4.57376944
9.17807203
8.81784123
-3.67130054
-8.33126986
-2.27534835
3.32390207
-2.95409154
-3.26802184
10.15414199
-5.28122050
1.22214924
8.45734173
6.11425051
6.74278985
-4.70999393
-1.11711079
-2.32158611
2.48975254
1.54059602
5.46501151
7.21486223
-2.58193941
-2.97619714
1.90861184
3.59286606
-6.31421094
7.42579530
-10.17430965
-2.99758547
9.47244970
-7.88288968
-8.67563219
4.01876877
5.51076987
0.42382100
-9.90376774
-0.35946529
2.45200383
4.15954658
5.49555708
-4.82277443
-0.66423238
-8.95334393
1.83435945
4.65947433
6.77541985
-5.50444605
7.29508272
9.88754278
-1.84864147
0.17951065
-2.60720471
-4.13812888
10.04403924
-8.99627266
-1.54729582
-7.74532238
-6.43979579
0.22466462
-6.21308416
-9.83705536
-4.76028742
-4.92246503
11.23239478
6.57472691
2.19864474
5.33911273
-4.86466799
-0.51998538
-11.32628791
-1.67883622
-5.15868253
3.97355625
-11.21125421
-7.52241440
2.23843557
-0.16287988
8.99579854
-1.26356120
0.82686081
-1.07933003
0.58667022
1.69435159
4.27613446
1.56592703
1.59559989
-5.59729950
-4.93599306
-1.64081016
-3.17879254
0.43024180
1.13868048
-9.36903521
5.87625508
-11.08491452
6.24782929
2.85452266
4.12883227
1.84613055
1.05203120
4.77251927
5.44181762
7.88511003
8.95081494
1.69833778
0.65878642
-10.66591847
-8.09967765
6.67336371
4.97025436
9.07926796
7.20159627
-6.10030366
-6.30886916
-7.23997164
-5.43311915
-7.84913136
-7.85283251
-5.14233655
-4.35270444
3.62802498
5.66497383
11.39133444
9.40664767
7.72017007
8.69696914
-1.73399230
-2.72662107
-6.99740411
-7.28612928
-4.16201402
2.95394318
-3.00730153
3.80568217
-1.12663713
-3.71072971
-3.70459679
-3.62223538
10.55938117
10.77386339
-4.53106257
-4.22026209
3.82431010
2.07498976
9.09770651
7.39188725
7.88700379
7.15630578
6.03010373
5.76416574
-6.58007690
-5.72578314
-1.01821924
-1.68348459
-1.99746303
-2.33997269
2.41442611
3.01191569
-0.91578660
1.23304317
5.44276649
6.33626593
7.48325094
6.48371576
-1.52807223
-2.20823643
-2.63205568
-3.87069995
2.75952684
2.93946862
4.64181626
3.91775548
-6.49776673
-5.85292491
6.55232277
6.53264266
-7.54830101
-2.66470949
-9.36208991
-3.69253412
11.10430702
10.10291749
-6.94931709
-7.01457019
