-1.77465867
-8.68655594
-2.54292934
-8.11855612
-2.62212663
-6.61690366
-9.80656252
-7.68603677
-5.93221016
-0.23868206
-6.73556267
-10.00639112
-0.93212946
-1.94777959
-9.64880100
-7.35018354
-6.08183354
-8.67946756
-8.57162775
-1.70989071
-7.46973223
-5.54617907
-1.10782978
-5.81268695
-8.69097061
-3.67909071
-2.69747498
0.29950643
-1.00301641
-3.73617404
-10.95393934
-10.50766891
-5.52106191
-1.97973267
-6.74783595
-5.00417409
-6.89507255
-2.98244288
-3.84808342
-4.33693993
-0.41269281
-4.95676486
-11.13111521
-2.68707158
-1.30968926
-3.38808024
-3.64247793
-6.57953367
-4.15521211
-3.22730592
8.19258907
8.15955864
2.82125834
-0.75542662
4.78279675
6.71706713
1.55680405
4.22765781
8.69241073
10.21621014
-0.54967353
3.93475656
3.07455525
8.12048487
10.37421254
0.97420889
1.53699766
6.71840546
4.97943238
4.57486085
4.55853154
7.11144300
3.66203442
8.58595945
3.54440148
2.41112728
0.98497085
7.91700202
0.02776486
10.12689716
2.30844845
2.61625138
6.16596054
7.25527886
2.41556698
4.99536243
2.78308040
9.50345331
2.95872343
0.70160001
2.22139207
5.24543443
7.75326236
1.09472212
11.28881922
9.66956753
5.19285337
8.41119874
-1.08647145
3.26826585
1.26757702
-0.38403284
3.66355634
0.35260911
-4.33274994
-2.19756755
-0.03497518
-10.32074875
5.99249794
3.33018823
0.08899698
5.09838039
7.94984152
0.71215021
-8.80511612
6.07442088
8.00501983
-7.44302820
-6.20235279
-9.00933433
-3.24012254
4.58459243
9.20665413
8.82740193
-3.67906433
-8.35007108
-2.28984370
3.33222640
-2.95980408
-3.27271760
10.18098029
-5.29808789
1.22333406
8.47431447
6.13969950
6.76045772
-4.72426410
-1.10507966
-2.32165358
2.49995114
1.54056782
5.47882104
7.22846448
-2.58622834
-2.97831416
1.90404176
3.60418497
-6.27713839
7.44092735
-10.19221545
-2.96801250
9.49278729
-7.89522947
-8.32100458
4.02857749
5.52654135
0.42260237
-9.93673102
-0.36695795
2.44833426
4.17583584
5.51163050
-4.82851009
-0.66455117
-8.97392228
1.83441380
4.67034797
6.79340044
-5.51366621
7.31836715
9.91963063
-1.85917611
0.16823972
-2.61450205
-4.14665998
10.06384596
-9.01743400
-1.56782332
-7.76201921
-6.45896936
0.23649349
-6.23978354
-9.87728330
-4.80745542
-4.92173840
11.26975338
6.59337052
2.20391158
5.35128996
-4.87875429
-0.51985067
-11.35512794
-1.69245409
-5.18924681
3.98517540
-11.23977052
-7.54354512
2.23903747
-0.17244418
9.01774579
-1.26771056
0.82245997
-1.06949438
0.59205270
1.70097200
4.28417431
1.57183918
1.58920620
-5.60827330
-4.95630563
-1.65298206
-3.17723057
0.43279481
1.14901257
-9.39752577
5.88985649
-11.16251335
6.25928130
2.85783447
4.13783944
1.85219462
1.05066799
4.79261181
5.45669432
7.90810141
8.97717273
1.69973064
0.66072688
-10.68417739
-8.13145854
6.68669482
4.97110290
9.11611941
7.21536754
-6.10611557
-6.24447708
-7.24766742
-5.43789826
-7.86608555
-7.84668605
-5.17231544
-4.35773276
3.64743370
5.68874089
11.41780881
9.43146260
7.72525293
8.72914080
-1.73758472
-2.73152066
-7.02274643
-7.29554861
-4.18136835
2.95892959
-3.02124193
3.81373980
-1.11453155
-3.71806291
-3.71595068
-3.62438213
10.58176336
10.79457589
-4.55606635
-4.22758457
3.83229813
2.08028447
9.11952576
7.40583901
7.91199993
7.18448807
6.03784244
5.77532591
-6.59657175
-5.74630686
-1.03107251
-1.69030802
-1.96539882
-2.34545646
2.42412176
3.01687360
-0.90397552
1.23700069
5.44832914
6.34732031
7.49415257
6.49376039
-1.52448410
-2.20271820
-2.65152614
-3.90301410
2.76700841
2.93755481
4.64733017
3.91765188
-6.50334508
-5.88811544
6.57793686
6.55453396
-7.56208604
-2.69483199
-9.38367835
-3.67675953
11.12960672
10.11727022
-6.99769448
-7.01532803
-10.05743581
-9.13375784
