-1.80472492
-8.74043071
-2.54810020
-8.12476865
-2.62217833
-6.60793786
-9.81977803
-7.73761434
-5.96927726
-0.27999202
-6.76259215
-10.11063419
-0.94710825
-1.95986816
-9.69496983
-7.40773056
-6.13721320
-8.72437625
-8.61127333
-1.72124775
-7.48385598
-5.57810907
-1.13287357
-5.84662634
-8.67608154
-3.70182256
-2.71340862
0.29222248
-1.01977893
-3.78907937
-11.12866324
-10.62467066
-5.53419366
-1.98144526
-6.75910648
-4.97209253
-6.89199806
-3.01220756
-3.86389414
-4.35041499
-0.42713861
-4.99033212
-11.18809277
-2.65967441
-1.31386894
-3.42390697
-3.66452434
-6.58890209
-4.15984847
-3.24277723
8.23426084
8.20533898
2.83333851
-0.76468135
4.80355240
6.75953241
1.56803962
4.26265244
8.73367569
10.29103484
-0.56210042
3.95537936
3.10552675
8.16877968
10.43433739
0.96346355
1.53114324
6.75724135
5.01653970
4.58561490
4.56792874
7.14562506
3.67252006
8.62879570
3.55235553
2.42095700
0.97511870
7.95231348
0.02845146
10.17502353
2.32048936
2.62040264
6.18901070
7.29278523
2.44448187
5.01480054
2.78476951
9.54289636
2.97417320
0.70928478
2.20926923
5.26478951
7.79530133
1.05883433
11.34007670
9.70233036
5.21215503
8.45002194
-1.07527410
3.28519018
1.27023514
-0.37159927
3.69569313
0.33559906
-4.34661239
-2.21740527
-0.02056024
-10.35976283
6.02241640
3.33460942
0.07342218
5.12503571
7.99202696
0.70607639
-8.86892617
6.07754385
8.06592492
-7.47691077
-6.18524743
-9.02485179
-3.24398695
4.60723867
9.26258415
8.84349813
-3.70046432
-8.37540264
-2.30509636
3.34873521
-2.97362380
-3.28629933
10.22897835
-5.33042186
1.22371145
8.50998512
6.19097234
6.79358494
-4.74826406
-1.08168245
-2.32230008
2.51508307
1.54105079
5.50663389
7.25635323
-2.59584846
-3.01333571
1.89507011
3.63500779
-6.22543921
7.46721699
-10.22438409
-2.92394764
9.53515167
-7.94618637
-8.52445887
4.05027061
5.56085309
0.42265120
-9.99104501
-0.38100538
2.43816779
4.21008771
5.54651225
-4.81464894
-0.67833918
-8.98901361
1.83282977
4.69226793
6.82371624
-5.53314163
7.35701347
9.98316517
-1.87243029
0.14396315
-2.62846246
-4.13650029
10.10824801
-9.04770349
-1.61046183
-7.79990804
-6.50374222
0.24634480
-6.27887573
-9.98447720
-4.86586127
-4.92697035
11.33897789
6.62562810
2.21649131
5.37179206
-4.90923346
-0.51559687
-11.36005835
-1.70927813
-5.22879541
4.00687958
-11.27799495
-7.53738392
2.23894662
-0.18421844
9.05629549
-1.27759240
0.81451547
-1.05193450
0.60386322
1.71248436
4.29788779
1.57719328
1.58181892
-5.60790407
-4.98029156
-1.68214228
-3.16920674
0.43733849
1.17060832
-9.40674200
5.91761645
-11.40441321
6.28188600
2.86242212
4.15157478
1.86920890
1.05499175
4.83608365
5.48275625
7.95684700
9.03123641
1.70024865
0.65258350
-10.72964388
-8.19702517
6.71797642
4.97098621
9.19023609
7.24311247
-6.09982991
-6.30283328
-7.25495890
-5.42462731
-7.87600162
-7.83805811
-5.22665995
-4.37061129
3.68895370
5.73931925
11.47404794
9.48009141
7.73259691
8.79234664
-1.73989166
-2.73138579
-7.07445192
-7.30441219
-4.22104912
2.96626050
-3.04094440
3.83149682
-1.09400422
-3.73169922
-3.72953831
-3.62935124
10.62871708
10.83514141
-4.60862379
-4.23743191
3.84833182
2.08900834
9.16215162
7.43515955
7.95983331
7.23751127
6.06929966
5.79473717
-6.63317689
-5.78014642
-1.06804648
-1.70185839
-1.91673853
-2.35612428
2.44361104
3.02467792
-0.90561837
1.24367287
5.45936931
6.37045832
7.52353162
6.51879149
-1.51973762
-2.19283798
-2.68914912
-3.94334167
2.78905255
2.93406901
4.65926719
3.91698251
-6.52568862
-5.94217753
6.63427961
6.60052068
-7.59378496
-2.75682759
-9.41725318
-3.64416235
11.17965419
10.14226416
-7.02718346
-6.96899227
-10.13326125
-9.15925746
