-0.62659982
-4.81570149
-1.96784825
-4.99290371
-0.70526678
-4.54792237
-5.33503813
-5.03353312
-3.33024951
-0.16117815
-4.07545259
-6.42308838
-1.57737436
-0.60702060
-6.29330084
-4.59831457
-4.25189273
-5.36673161
-5.08448592
-1.65669579
-4.79675502
-3.66470408
-0.25773314
-3.67666118
-5.92464500
-1.81930858
-1.10653468
-0.79162734
-0.70216518
-2.23221025
-5.92441447
-6.20750675
-2.95120187
-1.32888486
-3.64561358
-4.02454081
-3.67343232
-1.23061461
-2.48920085
-2.46669998
-0.18402282
-2.78243660
-6.42164197
-1.76401343
-1.34951343
-2.77325811
-2.89814080
-3.91716867
-2.86083693
-1.83245717
5.07174316
5.17875053
1.53926865
-0.41953216
3.19623410
3.72917163
1.65346047
3.05135181
5.33071285
5.43297145
0.14441439
3.36910064
2.14089503
4.27943321
6.23093078
0.75649791
0.54610574
3.60407540
3.05758081
3.46842016
2.72787506
4.82506883
2.46510442
5.46873589
1.94598486
1.44930764
0.87547146
4.27923354
0.14900618
6.26061855
1.84152977
0.61266985
4.02489122
4.77601192
1.47901381
2.55955171
2.74833206
6.60812056
1.51590282
0.90866931
1.72674990
3.88736895
4.20310357
0.48885332
6.41238048
5.61917159
2.50856253
4.60885021
-0.24521499
2.63009719
0.58650940
-0.33368999
2.19193488
0.84757515
-2.83390959
