-1.89151862
-8.82234585
-2.63562457
-8.18988202
-2.61963527
-6.63768066
-9.99473502
-7.87415061
-6.04686209
-0.82353467
-6.88749357
-10.21348096
-1.00360328
-2.05085838
-9.82653710
-7.50958164
-6.23729999
-8.82719439
-8.72263796
-1.85143397
-7.52057566
-5.66587926
-1.18513980
-5.99169061
-8.75731214
-3.82925029
-2.73360500
0.33971772
-0.96617757
-4.03080866
-11.99219008
-10.74325642
-5.64185084
-2.00931401
-6.84160866
-4.91290742
-6.96333518
-3.25131723
-3.89244918
-4.40929799
-0.05593350
-5.09828650
-11.28933831
-2.72000982
-1.32542859
-3.53319760
-3.75958148
-6.64921328
-4.25741401
-3.26667273
8.34105690
8.36498951
2.86319137
-1.01434230
4.80019894
6.91009875
1.60208305
4.58639958
8.88603469
10.50650938
-0.59259618
4.02539995
3.17612570
8.34905741
10.63751246
1.04757730
1.32317617
6.75871710
4.82650512
4.62234389
4.70230556
7.24205109
3.65753209
8.78101380
3.60130802
2.45858746
0.89677963
8.08690115
0.03706748
10.28919667
2.37671596
2.65081885
6.22428798
7.39263238
2.43896225
5.07385867
2.83233015
9.64815236
3.11190751
0.74190019
2.32261065
5.60623294
7.94993033
1.23455710
11.51343444
9.81212899
5.22529667
8.52571416
-1.03753424
3.31462707
1.29051412
-0.29893207
3.65904817
0.37471310
-4.35572597
-2.28299188
-0.02102475
-10.45028586
6.05502876
3.43471823
0.03146452
5.19808276
8.02898905
0.69493948
-9.03593991
6.10986586
8.21303204
-7.59929110
-6.15251103
-9.02365156
-3.30842012
4.67385176
9.45380160
8.87649303
-3.76045466
-8.39951569
-2.26833639
3.46598085
-3.04692118
-3.33136531
10.35833320
-5.41959492
1.21373077
8.60297637
6.27340584
6.97584966
-4.79867630
-1.10482477
-2.32956290
2.57292846
1.56176941
5.57140754
7.45126456
-2.63079263
-3.10390761
1.85658353
3.65639577
-6.21213929
7.55066363
-10.27350792
-2.88973117
9.64354682
-8.02491130
-8.67293383
4.59139988
5.77813007
0.01476965
-9.83497262
-0.45270237
2.57246791
4.24881940
5.61451009
-4.87399384
-0.70004872
-9.10058693
2.05480653
4.78439715
6.87601150
-5.57712188
7.51354029
10.14353479
-1.89059903
-0.03419472
-2.66045595
-4.19804025
10.26741643
-9.12417416
-1.91335409
-7.91789441
-6.62685912
0.22819078
-6.37380643
-10.06198650
-5.05300268
-4.96791877
11.52428201
6.78369499
2.24985456
5.48875034
-5.09142090
-0.48378851
-11.36665891
-1.91357737
-5.38558876
4.04809423
-11.39787723
-7.63460040
2.23885131
-0.19409839
9.15855634
-1.28978215
0.78771204
-1.07727609
0.69564206
1.72777076
4.29795989
1.64751634
1.67802407
-5.64352102
-4.98510777
-1.70158580
-3.19457851
0.41964317
1.13423770
-9.48861207
6.00835176
-11.58059815
6.34139504
2.63934793
4.29753681
1.92150193
1.07121517
5.00100585
5.59462209
8.11412993
9.17865559
1.71663252
0.63889353
-10.85937288
-8.34039164
6.86329076
4.97206990
9.36536000
7.32028902
-6.18725213
-6.40338937
-7.35230796
-5.45237400
-7.95503458
-7.89905256
-5.37875064
-4.45924399
3.85080310
5.90486207
11.65834241
9.64471386
7.74331621
8.93115617
-1.72167116
-2.70808896
-7.18009738
-7.31084092
-4.40833467
3.08515510
-3.13779375
3.82091304
-1.01599149
-3.78733663
-3.74405926
-3.62178389
10.82583447
10.94329396
-4.78067494
-4.29486485
3.90494970
2.10391397
9.24577386
7.51258739
8.05702223
7.36995678
6.41668832
5.92747297
-6.72889540
-5.84910888
-1.25537341
-1.71092946
-1.90450822
-2.40177787
2.47828646
3.01136118
-0.93523426
1.30438503
5.50984563
6.43130249
7.67509478
6.61711964
-1.59070668
-2.25968577
-2.89536150
-4.05560658
2.83632805
2.90740577
4.68996290
3.91158959
-6.60131668
-6.12010347
6.77270894
6.76069603
-7.69771824
-3.06494900
-9.46296756
-3.67181504
11.29109946
10.20065674
-7.10462934
-7.03667327
-10.20408221
-9.25875607
5.39475716
3.63970186
4.27233897
5.35337264
-0.92862007
0.85082325
-11.01139575
-10.26103175
0.17400552
-0.42375525
