-1.92599606
-8.94195248
-2.68336434
-8.29372825
-2.61384856
-6.74575357
-10.10179247
-7.97796732
-6.10747082
-0.72056268
-6.99492192
-10.32437612
-0.94895608
-2.11489890
-9.96954842
-7.59541019
-6.29088207
-8.90247054
-8.85092571
-1.87074869
-7.56993844
-5.72939769
-1.29545818
-6.10809982
-8.86976288
-3.84061453
-2.77736057
0.34974126
-1.01519473
-4.11479676
-12.05393973
-10.85702433
-5.82257805
-2.06609679
-6.92747472
-4.91847411
-7.01243743
-3.30289931
-3.93297108
-4.46441590
-0.11203144
-5.13581479
-11.34061539
-2.80234003
-1.38382037
-3.54383151
-3.80283894
-6.73197992
-4.38688157
-3.28995286
8.54265924
8.48215048
2.86309431
-1.01779490
4.81578092
7.06528755
1.62881173
4.56939037
9.05138785
10.64942542
-0.61655062
4.08467731
3.22387515
8.48490848
10.79557997
0.94642458
1.35638730
7.17347775
4.94021033
4.68950305
4.74408193
7.46311279
3.66637782
8.88482828
3.62837131
2.50509323
0.72314516
8.21895780
0.03934520
10.42926091
2.37287112
2.68267112
6.25662088
7.53391167
2.55084062
5.11528877
2.82808553
9.76376903
3.53955359
0.74599349
2.25264939
5.65790797
8.15413906
1.23751594
11.69801859
9.90119626
5.29118086
8.59027582
-0.99811726
2.80953492
1.31122215
-0.31539745
3.74752881
0.28847264
-4.34470374
-2.23434252
-0.00737906
-10.51705434
6.08348485
3.42883551
-0.06438252
5.25205695
8.02696295
0.68035978
-9.16659653
6.23501222
8.29162801
-7.72228144
-6.18785292
-9.08304971
-3.33056103
4.76089440
9.58857122
9.05375225
-3.82952707
-8.46558464
-2.33572391
3.48946541
-3.10321300
-3.38472765
10.52501565
-5.47315764
1.11874732
8.68430502
6.37110483
7.08016188
-4.85348381
-1.12461859
-2.34815002
2.62607759
1.53223773
5.68177779
7.57929948
-2.64909331
-3.14830721
1.88300880
3.63371781
-6.31130885
7.65206108
-10.33302631
-3.00424221
9.73453565
-8.06869665
-8.79890304
4.66418695
5.87640796
-0.04056885
-9.95827613
-0.37112347
2.28522004
4.56387664
5.44798555
-4.99250488
-0.75076137
-9.18848428
2.00612362
4.93697442
7.00915398
-5.60163489
7.67645114
10.26182139
-1.91590902
-0.02378313
-2.70759639
-4.16035758
10.43776055
-9.18118080
-1.91764783
-8.01893806
-6.73099738
0.24668200
-6.43799581
-10.10861692
-5.15787689
-5.05644022
11.65164025
6.90721240
2.20046942
5.58214580
-5.25329581
-0.48353327
-11.40399946
-1.95989435
-5.49937863
4.13444557
-11.51780822
-7.71441392
2.29859436
-0.26534490
9.30904683
-1.30062726
0.78175674
-1.03943544
0.71677021
1.47663592
4.40918540
1.66259850
1.60892669
-5.67862772
-4.92662286
-1.76107375
-3.16676722
0.15619589
1.23291699
-9.59645733
6.17170134
-11.70515112
6.42737918
2.69929218
4.34449939
1.98496891
1.00739097
5.12024859
5.73888364
8.29496493
9.35409021
1.73922867
0.60096670
-10.98594027
-8.45554294
6.96675443
5.07112547
9.48190734
7.38389714
-6.24921274
-6.51639551
-7.45152020
-5.60373456
-8.04434049
-7.99452885
-5.47884255
-4.49650328
3.92045808
6.03409842
11.79404026
9.83744486
7.89837219
9.05351061
-1.73471092
-2.68484005
-7.27064785
-7.35535151
-4.50681413
3.12696305
-3.18753810
3.80935000
-1.03033003
-3.81603877
-3.76577466
-3.65797542
11.00349890
11.04649343
-4.87195683
-4.32682881
3.98087237
1.84748024
9.38212352
7.59213240
8.20471857
7.48426922
6.52601377
5.95049236
-6.81474878
-5.92075451
-1.26260382
-1.72914058
-2.02636045
-2.47370442
2.52192470
3.08715648
-0.91741773
1.27181767
5.56737624
6.53211041
7.75982404
6.67867966
-1.61442903
-2.23056725
-2.91758071
-4.12102448
2.85197213
2.93796035
4.69327736
3.96143562
-6.68477011
-6.22703236
6.89692344
6.88779224
-7.83888528
-3.03395472
-9.52941810
-3.73524683
11.43422895
10.22825175
-7.14844037
-7.15498446
-10.23904345
-9.31407340
5.48155439
3.67397555
4.23022179
5.35500333
-0.95752662
0.77725627
-11.05742069
-10.24707697
0.08775196
-0.64332861
2.49108793
3.00632770
3.71768622
3.81951881
6.44429566
5.93158430
-4.13883504
-4.95756428
