-0.62065411
-4.86848282
-1.96888536
-5.00736753
-0.69097969
-4.54974148
-5.34671214
-5.04339452
-3.32846623
-0.15366667
-4.08436401
-6.43996474
-1.57761446
-0.59012302
-6.30922239
-4.61691482
-4.25620017
-5.38081443
-5.09418563
-1.65942591
-4.82059887
-3.66237791
-0.24787970
-3.69810946
-5.93670862
-1.81677656
-1.05417271
-0.79441121
-0.70018863
-2.22434791
-5.99224536
-6.22441564
-2.95331370
-1.32116959
-3.65572429
-4.03085813
-3.72761588
-1.21866789
-2.49207144
-2.46649240
-0.19003368
-2.79145148
-6.43732800
-1.76331883
-1.34494605
-2.78238698
-2.90043046
-3.92498408
-2.86434696
-1.82709178
5.07757669
5.19187009
1.54462953
-0.41485262
3.19909118
3.73309719
1.65265067
3.04652139
5.33807898
5.44758391
0.14187869
3.37180367
2.14088032
4.28225862
6.23860725
0.75244604
0.54926593
3.61847457
3.05718945
3.47585264
2.73255812
4.84321580
2.48310704
5.47388139
1.94141693
1.46225587
0.87124518
4.28220305
0.17094375
6.27132153
1.84221732
0.61705651
4.03634472
4.78667340
1.48576400
2.56334437
2.75494003
6.61687308
1.51949988
0.93117379
1.72530446
3.89584379
4.20260234
0.48774471
6.42336364
5.62590622
2.50541043
4.61406381
-0.25231839
2.64360648
0.58108708
-0.32586900
2.19504694
0.86262895
-2.83123167
