-1.97326441
-9.22543052
-2.71129891
-8.59531518
-2.58529842
-7.72716335
-10.32535080
-8.19606852
-6.33897941
-0.80512219
-7.28174567
-10.69019494
-0.97608791
-2.34049789
-10.28192264
-7.72802477
-6.37540775
-9.51095683
-9.08051487
-1.92035816
-7.76938887
-5.92793209
-1.43359989
-6.22247731
-9.01007147
-3.99192642
-3.16416658
0.39032272
-0.98140431
-4.22878532
-12.20937179
-11.18261492
-6.04119999
-2.11976281
-7.27352582
-5.08489237
-7.08660492
-3.35036058
-3.96377025
-4.67334056
-0.16958429
-5.19900548
-11.43721250
-2.73431867
-1.40683002
-3.66469827
-3.85048330
-6.91128824
-4.57937218
-3.39381518
8.77665853
8.72754494
2.85815552
-1.01616340
4.83887924
7.16056104
1.67364145
4.69055424
9.57485091
10.94586529
-1.10386389
4.23857102
3.37230550
8.66149723
11.13782483
0.46597930
1.25270198
7.19687799
4.96127425
4.77741271
4.87532537
7.54696738
3.77693618
8.93126902
3.74678333
2.51716440
0.88736953
8.47270140
-0.05661622
10.76883503
2.29795104
2.59708257
6.33646548
7.75859368
2.68067822
4.69198606
2.90207512
10.25067451
3.47895903
0.84820015
2.39827444
5.76998613
8.30666222
1.19092561
12.24454670
10.32903251
5.42932419
9.17813653
-0.89180473
3.12900971
1.27981275
-0.34798949
3.79114542
0.27400665
-4.37613338
-2.31643291
0.11263981
-10.80145471
6.23150311
3.57276311
-0.07288892
5.46023173
8.13827509
0.96363147
-9.43872504
6.39105179
8.42636252
-8.11394094
-6.32865146
-9.28229500
-3.35007659
4.95423469
9.89674260
9.30263372
-4.05290528
-8.66195659
-2.73180188
3.63664801
-3.19908266
-3.48623538
11.04647660
-5.63158936
1.29294248
9.25545326
6.40960490
7.28792277
-5.05807257
-1.03050878
-2.37180497
2.71603330
1.44783916
5.89278489
7.88066993
-2.70729406
-3.21791946
1.93344666
3.76045211
-6.49666214
7.87166471
-10.57219827
-3.06511609
10.31743522
-8.34998990
-9.24346741
4.77086323
6.00519590
-0.00827460
-10.17753057
-0.25815318
2.26083081
4.54633540
5.47192145
-5.09537629
-0.80575028
-10.01785094
1.71211368
5.19475153
6.63959343
-5.96512296
8.47819227
10.93065452
-2.00482125
-0.15635066
-2.82057455
-4.34376126
10.94721035
-9.36970509
-1.92381374
-8.37103237
-6.90822924
0.17227992
-6.47889015
-10.17316742
-5.34389040
-5.32926825
12.10912737
7.11310190
2.40234292
5.78144897
-5.25367016
-0.48304008
-11.62566402
-1.96704677
-5.63197184
4.25525570
-11.94308101
-7.91661825
2.38370800
-0.34474414
9.69239692
-1.42137273
0.74214345
-0.99394263
0.73806713
1.49500494
4.45869774
1.72964761
1.64022027
-5.71879651
-5.12984275
-1.87046822
-3.15379179
0.18754546
1.44522484
-9.94998958
6.23137269
-12.03120544
6.81427445
2.54802473
4.55057810
2.06301835
0.97817288
5.26980188
5.78428719
8.48285724
9.54332805
1.67716178
0.40304459
-11.28331398
-8.77264961
7.14158146
5.18205277
9.62325406
7.43601418
-6.25038576
-6.91119874
-7.61575433
-5.68971135
-8.17388016
-8.20046240
-5.68345934
-4.52714891
4.07836799
6.22079918
12.09348874
10.13729149
8.10101962
9.34412455
-1.74112460
-2.72296312
-7.52600307
-7.56817420
-4.57428901
3.30668267
-3.46272862
3.75594794
-1.00127458
-3.90111038
-3.90473954
-3.86147880
11.36800900
11.50577657
-4.99016160
-4.42055069
3.89951627
2.19003004
9.68560490
8.05009400
8.41106279
7.59276527
6.75039755
6.03011385
-7.11529669
-6.18548783
-1.39302749
-2.04004707
-2.03608431
-2.76014750
2.59991042
3.20578815
-0.94805328
1.12605224
5.68819878
6.73352841
7.86860258
6.81240138
-1.58095444
-2.17373627
-2.99788703
-4.23263621
2.92179294
3.02285232
4.95294938
4.10183752
-6.82243854
-6.41178842
7.16239734
7.03218679
-8.07573171
-3.18089858
-9.79188346
-3.78049790
11.77923522
10.27570752
-7.29953758
-7.36633930
-10.46122606
-9.52454255
5.59654503
3.76410226
4.51278395
5.48263732
-0.94431284
0.77724156
-11.18912526
-10.51606566
0.05159718
-0.69945118
2.48392894
3.18586564
4.24154377
3.66771206
6.43745820
6.01188758
-4.14065168
-4.92007373
-0.09515002
-0.84086494
-9.02544914
1.39625021
-9.01301657
2.62593399
5.70237160
4.96091751
8.54294290
7.36952321
-6.73511599
-5.27496194
8.19912137
7.59492779
9.27945815
10.00849212
