-2.04908648
-9.29683460
-2.70002833
-8.64650540
-2.58121393
-7.79792715
-10.36596026
-8.21804078
-6.37084206
-0.80550650
-7.32859748
-10.74350614
-0.98834998
-2.37361902
-10.32149361
-7.79424661
-6.42714303
-9.56050788
-9.13506578
-1.91287854
-7.80508247
-5.95358229
-1.40656002
-6.23428725
-9.04753086
-4.01718705
-3.20813106
0.41116815
-0.98219831
-4.24397248
-12.23486941
-11.24233412
-6.07491807
-2.12227395
-7.32918213
-5.10659877
-7.16386169
-3.32929577
-3.95617141
-4.67899184
-0.11003603
-5.24703011
-11.46450882
-2.72116283
-1.40159497
-3.68743878
-3.87288023
-6.95257012
-4.62626189
-2.86841076
8.84530848
8.77073976
2.83444700
-0.99201953
4.85208475
7.18998332
1.67842255
4.71167177
9.60116000
10.96821488
-1.10883032
4.28659471
3.40979001
8.72131362
11.18343315
0.50873983
1.27704411
7.18696096
4.95722735
4.78422072
4.90832539
7.55129823
3.79300169
9.01245848
3.76004604
2.50919759
0.92963802
8.50894268
-0.07835398
10.81673584
2.26789757
2.61961429
6.37820244
7.76489685
2.67898343
4.72290103
2.91127817
10.31227686
3.46016280
0.87787869
2.43831246
5.83732908
8.35160092
1.18368284
12.29631560
10.40073058
5.43770021
9.22935260
-0.86742473
3.22010328
1.26448862
-0.34248372
3.79417479
0.27347048
-4.47136154
-2.33631159
0.09958904
-10.86898356
6.22292576
3.62071456
-0.04133554
5.52726406
8.15222632
0.98796494
-9.47278772
6.40675417
8.43284393
-8.16886291
-6.34549515
-9.34330069
-3.35500121
4.96827088
9.94503813
9.32958821
-4.09247526
-8.70080691
-2.77479802
3.64308336
-3.21376832
-3.48100446
11.12175643
-5.64846764
1.35184535
9.29060164
6.42023731
7.35379290
-5.08650957
-1.01349489
-2.35793696
2.74652694
1.42926863
5.90857503
7.96345519
-2.71746982
-3.29332539
1.93237378
3.78502175
-6.52156422
7.95032781
-10.62431750
-3.07749302
10.36803890
-8.40271711
-9.30304848
4.76042360
6.02922796
0.03747967
-10.23376534
-0.22859732
2.26448337
4.54547007
5.46735290
-5.12937693
-0.75052029
-10.05874400
1.73658688
5.20334983
6.63210023
-6.00694194
8.52283940
10.95842227
-2.43978403
-0.14610302
-2.83698675
-4.37025621
11.00826442
-9.40783341
-1.92641303
-8.41846237
-6.92551254
0.16980919
-6.53837853
-10.20299513
-5.35495716
-5.37908233
12.15321939
7.14515830
2.45812826
5.80111920
-5.27248039
-0.45997477
-11.66382949
-1.94384966
-5.63956375
4.26549190
-11.99683374
-7.94823977
2.39271552
-0.34144445
9.76822895
-1.44577151
0.73262739
-0.97713009
0.74726775
1.52743425
4.47431332
1.75557413
1.64401157
-5.78010174
-5.18186198
-1.88739600
-3.17531274
0.20868042
1.43358867
-10.00946541
6.22706587
-12.10096698
6.86109458
2.54315522
4.54974381
2.08925584
0.99103235
5.30213558
5.79217128
8.47615475
9.53461992
1.65492528
0.39667132
-11.32561879
-8.82445875
7.16872731
5.19591514
9.63562220
7.46478288
-6.25396970
-6.94632368
-7.66777884
-5.70676019
-8.21949407
-8.26587502
-5.72915442
-4.54954582
4.08796662
6.25784728
12.13451333
10.15275032
8.12313299
9.36340176
-1.73216971
-2.71721005
-7.56463839
-7.59484284
-4.58420566
3.28294636
-3.50784118
3.76159327
-0.98989414
-3.93608879
-3.92234074
-3.89753035
11.43964403
11.60212718
-5.02197547
-4.44917742
3.91572134
2.21969878
9.73302539
8.10548565
8.38371616
7.61517425
6.83013250
6.07998452
-7.15038863
-6.22943521
-1.39978401
-2.06016788
-2.02485505
-2.77978327
2.61080293
3.22406153
-0.96087633
1.08253223
5.69830442
6.75387919
7.95786182
6.86940136
-1.58369590
-2.16944328
-3.02279867
-4.25829791
2.92685418
3.03116814
4.99216371
4.11913510
-6.84598064
-6.43886577
7.23265538
7.08123963
-8.11641612
-3.19347556
-9.84137343
-3.77709068
11.83026934
10.27602646
-7.34792392
-7.40392616
-10.50022561
-9.56646408
5.56886944
3.75793818
4.56172623
5.52197034
-0.91536112
0.79894790
-11.21039526
-10.52600509
0.04948464
-0.70487511
2.49393582
3.23952629
4.24480657
3.65656843
6.43546569
6.03588633
-4.16317964
-4.91471620
-0.08136463
-0.89897996
-9.06007651
1.45547754
-9.05818327
2.62658872
5.72518142
4.97296920
8.57224971
7.31311992
-6.80303328
-5.25730144
8.18117101
7.54873180
9.32091064
10.01758270
-3.65766457
-1.66200586
