-2.05570603
-9.33507505
-2.69743825
-8.66882574
-2.58263764
-7.82834263
-10.38622631
-8.22842532
-6.38563572
-0.80768645
-7.34865386
-10.77730861
-0.99719485
-2.38352950
-10.33886637
-7.82217257
-6.44752847
-9.58670841
-9.16147793
-1.91565861
-7.81811601
-5.96127693
-1.39687092
-6.24018715
-9.06448827
-4.02153500
-3.21951786
0.42130042
-1.00047093
-4.25300371
-12.24765284
-11.27063451
-6.08631258
-2.12370284
-7.35460028
-5.11796355
-7.18718474
-3.32434422
-3.95185734
-4.68319468
-0.09462192
-5.26851881
-11.47815569
-2.74015545
-1.40297298
-3.70060832
-3.88319273
-6.96915138
-4.64785906
-2.87142200
8.87885149
8.78730006
2.84900938
-0.98247093
4.86245449
7.20286296
1.68074455
4.72472996
9.61846821
10.97466138
-1.11700957
4.30832699
3.42399905
8.74616131
11.20200110
0.68107834
0.81293214
7.18868121
4.96235786
4.78503936
4.93964711
7.55428725
3.79925435
9.05043760
3.76339812
2.50563122
0.95236191
8.53073924
-0.08816360
10.83858787
2.26866965
2.63089788
6.40279481
7.76866462
2.68706672
4.74048245
2.91387125
10.33477365
3.45450423
0.88746216
2.58616504
5.87331963
8.37463363
1.17737048
12.31517325
10.42191722
5.44195606
9.24799975
-0.85382473
3.24109317
1.25642180
-0.33486767
3.79662639
0.27333570
-4.47935849
-2.34695191
0.12979626
-10.89931905
6.21926866
3.65567498
-0.02290996
5.56100781
8.16017940
0.99125770
-9.48831187
6.41467271
8.43508733
-8.19312981
-6.35509873
-9.37294343
-3.35745533
4.97537505
9.96415570
9.34533725
-4.11258607
-8.71980974
-2.78496154
3.65822844
-3.22414181
-3.48168119
11.14348784
-5.65874973
1.36015532
9.30149976
6.42438549
7.35049966
-5.09563102
-1.18543275
-2.34876118
2.76060672
1.42921249
5.91789703
8.01557583
-2.72282677
-3.30552368
1.93103265
3.80032879
-6.53153579
7.98897128
-10.64886166
-3.10596256
10.38411083
-8.42547737
-9.32914013
4.75479150
6.04398178
0.02709894
-10.25852035
-0.21365366
2.27285975
4.54710827
5.47088511
-5.14801915
-0.75755140
-10.07509541
1.75146131
5.20894857
6.63564956
-6.02529029
8.52773622
10.96595192
-2.45446163
0.05949350
-2.84822560
-4.38120682
11.02567735
-9.42427229
-1.93207036
-8.43550368
-6.93559906
0.16689859
-6.56065880
-10.21753843
-5.35881065
-5.40383573
12.16448144
7.16105340
2.46099033
5.81309442
-5.27749413
-0.45220219
-11.68243720
-1.93886444
-5.64469194
4.26626403
-12.02406765
-7.96193059
2.39327723
-0.34271698
9.80806272
-1.45626689
0.72746309
-0.96699433
0.75189128
1.54239221
4.47997515
1.76914147
1.64571527
-5.79616455
-5.20393367
-1.89669758
-3.18764347
0.21677006
1.45414272
-10.03603497
6.22821589
-12.13356619
6.87987656
2.54945714
4.55884279
2.09729585
0.99220434
5.31775310
5.79956803
8.48556600
9.52927985
1.64659648
0.38785444
-11.34413014
-8.85007850
7.18557221
5.20128703
9.63823005
7.48148338
-6.25556111
-6.95946295
-7.69258386
-5.71718958
-8.22678782
-8.30092332
-5.74914565
-4.55759425
4.08993551
6.27724360
12.14792115
10.15961417
8.13727163
9.37154507
-1.72998591
-2.71007550
-7.58479877
-7.60900752
-4.58938264
3.28440887
-3.51592971
3.75810357
-0.98477838
-3.95299261
-3.92152599
-3.91755152
11.46612635
11.63258794
-5.03916237
-4.46510738
3.91646865
2.21979835
9.75508422
8.12938937
8.37824465
7.62274131
6.87825324
6.10332634
-7.16268752
-6.24722226
-1.40111801
-2.06881265
-2.02362353
-2.79474155
2.61585614
3.22930016
-0.96509450
1.08701228
5.70700359
6.76542075
7.99776525
6.89717934
-1.58063527
-2.16623612
-3.02719699
-4.26523664
2.93346431
3.03373042
5.00985927
4.12674891
-6.85550125
-6.45009512
7.26938732
7.10462812
-8.13874455
-3.20084098
-9.86540919
-3.78543615
11.85420722
10.27583917
-7.36633509
-7.41961923
-10.51914967
-9.58705972
5.56069640
3.75204521
4.58330702
5.54291423
-0.90311550
0.80757066
-11.22208322
-10.53096307
0.04594570
-0.70896508
2.50986007
3.26704302
4.26795079
3.66325404
6.43809808
6.05151450
-4.16712529
-4.90794473
-0.08959247
-0.90416136
-9.07526252
1.56578002
-9.08810446
2.62880684
5.73267950
4.98887332
8.59139357
7.30123800
-6.83075569
-5.24984680
8.18759560
7.54377374
9.33328500
10.02338650
-3.67338478
-1.67830969
1.46159608
-0.30797585
