-2.06630702
-9.36590603
-2.69466809
-8.68972004
-2.88493814
-7.85775821
-10.40674415
-8.24061101
-6.40367716
-0.82162877
-7.36579815
-10.80710158
-1.01039916
-2.38135581
-10.35837541
-7.84995504
-6.46686737
-9.61503341
-9.18575332
-1.91453780
-7.83183672
-5.96829409
-1.38808118
-6.24736660
-9.08012758
-4.02991030
-3.23066229
0.43220814
-1.02211118
-4.26023995
-12.26011695
-11.29721010
-6.09711513
-2.12504064
-7.37663881
-5.13849372
-7.20701750
-3.31873984
-3.94732065
-4.68803111
-0.06509489
-5.28832503
-11.49101096
-2.80962855
-1.40378568
-3.72124723
-3.89416638
-6.98707294
-4.66073877
-2.87643494
8.91068677
8.80409962
2.86068147
-0.95723192
4.86563159
7.22149769
1.68322454
4.73647268
9.63457271
10.98116988
-1.13054913
4.32518077
3.43551821
8.76864401
11.21739976
0.75916281
0.74567706
7.19584358
4.98022830
4.78644969
4.99460712
7.56076316
3.80318358
9.08231786
3.77012621
2.50525019
0.97194006
8.54871411
-0.09334126
10.85855481
2.28761643
2.64446813
6.42490177
7.77423514
2.70624999
4.75600370
2.91518440
10.35370943
3.46954679
0.89455150
2.57924286
5.91089064
8.39794237
1.17435949
12.33071685
10.44340059
5.44574398
9.26151861
-0.84064893
3.25568198
1.25191030
-0.32511383
3.78050296
0.27058545
-4.48511312
-2.36337738
0.13290342
-10.92825521
6.22436584
3.67932426
-0.00401542
5.57374185
8.17182429
0.97888750
-9.50419407
6.42200632
8.44600036
-8.21424748
-6.36487397
-9.39936598
-3.35992314
4.98171839
9.98047261
9.36173255
-4.13224298
-8.73903486
-2.77581304
3.66563395
-3.23565710
-3.48271625
11.15925775
-5.67359117
1.36206461
9.31336137
6.42620068
7.33667273
-5.10182622
-1.14921903
-2.33977037
2.77441696
1.42904497
5.93135790
8.06652948
-2.72789645
-3.31743598
1.92972161
3.81779543
-6.54013800
8.02431223
-10.67277723
-3.16054446
10.40251188
-8.44765068
-9.35311903
4.74740994
6.05829188
0.05022242
-10.28216399
-0.19893238
2.28188599
4.54758514
5.48500309
-5.16826792
-0.76339201
-10.09502812
1.82741286
5.21839742
6.65509957
-6.04327360
8.53591456
10.98157100
-2.46687696
-0.03633180
-2.81910829
-4.40038167
11.04030008
-9.44025285
-1.95349844
-8.45222497
-6.95003733
0.16061574
-6.58402905
-10.23307734
-5.36286849
-5.42772450
12.17892685
7.17527435
2.45990454
5.82563369
-5.28485966
-0.44637287
-11.69997477
-1.93869400
-5.65397839
4.26601308
-12.05368729
-7.97680740
2.39357811
-0.34259107
9.84236723
-1.46210626
0.72223153
-0.95689830
0.75710749
1.53393091
4.48688763
1.78321435
1.64519085
-5.81368829
-5.22645714
-1.90440265
-3.19508582
0.24268973
1.43442577
-10.06009167
6.23145677
-12.16503683
6.90009119
2.55719216
4.55819616
2.10572584
0.99335483
5.33149784
5.80565728
8.50389356
9.52350736
1.65222751
0.38415828
-11.36159132
-8.87668205
7.20257563
5.20653341
9.64590305
7.49221774
-6.25677378
-6.97146869
-7.71556901
-5.72657752
-8.25098899
-8.33319875
-5.76872645
-4.56470826
4.09794431
6.29928841
12.16134388
10.16807678
8.15258241
9.38895867
-1.73111324
-2.70319198
-7.60589782
-7.62383771
-4.59588967
3.28597628
-3.52941038
3.78340053
-0.98057248
-3.97001952
-3.92067215
-3.93717344
11.49334544
11.65738333
-5.05701088
-4.48299332
3.92912396
2.21746393
9.77652938
8.15512489
8.37997445
7.63230994
6.92724022
6.14839178
-7.17569751
-6.26191518
-1.39905071
-2.07760469
-2.03320357
-2.81091714
2.62037375
3.23175768
-0.97395148
1.08656557
5.71584231
6.77856932
8.02648689
6.93476414
-1.57565459
-2.16161172
-3.02525949
-4.27490953
2.94493872
3.03608409
5.02830574
4.13416311
-6.86631233
-6.46090536
7.30363023
7.12633871
-8.15815419
-3.21548169
-9.89014286
-3.84354872
11.87658073
10.27550585
-7.38349963
-7.43273496
-10.53691770
-9.60683867
5.54757518
3.74458449
4.60297452
5.56214133
-0.90173616
0.81723251
-11.23282697
-10.53398130
0.03758977
-0.71277279
2.53394539
3.27973737
4.28182358
3.66539131
6.43933117
6.06798148
-4.19159773
-4.89655921
-0.10073033
-0.92814514
-9.08979389
1.67250531
-9.10443810
2.61363684
5.75047054
5.00628206
8.61008360
7.28870685
-6.85720279
-5.24266494
8.18916887
7.54458466
9.34200638
10.04443987
-3.68969185
-1.69505603
1.43619216
-0.21484832
-2.31149019
-2.90126657
