-1.74285031
-9.53319239
-2.68438875
-8.90903866
-2.95923134
-7.99983926
-10.61623612
-8.42204259
-6.49368835
-0.90946216
-7.53463176
-10.97587022
-0.98855156
-2.42230320
-10.54898264
-7.69014253
-6.59461072
-9.78087841
-9.37375138
-1.93187254
-7.90587819
-5.97177629
-1.29664547
-6.32544473
-9.16576193
-4.09115586
-3.31108743
0.56564560
-0.88968915
-4.30654969
-12.39636067
-11.51175041
-6.18327732
-2.13586359
-7.47946053
-5.30272995
-7.31085999
-3.36965998
-4.14812562
-4.64068088
0.02602062
-5.40278157
-11.67346747
-2.89143048
-1.42191518
-4.26259954
-3.89775337
-7.10731741
-4.74244173
-2.91262378
9.03463762
8.97039373
2.90653481
-0.92980536
4.90924084
7.33150560
1.69947488
4.78934257
9.38869037
11.06782539
-1.18238467
4.39573682
3.46467697
8.88047618
11.41547849
0.79389436
0.78199854
7.21456976
5.06508337
4.82154299
5.09041238
7.57987688
3.80708804
9.25087441
3.81935804
2.49637062
1.07817356
8.43804838
-0.13682240
10.98058183
2.37609433
2.69964505
6.53191406
7.87626156
2.75036079
4.85140050
2.96135513
10.43122705
3.54379331
0.93007903
2.66801625
6.04651667
8.54451259
1.19299445
12.47428435
10.52897873
5.47298875
9.34933517
-0.77300643
3.29270181
1.22769507
-0.27795252
3.85006347
0.28265765
-4.54132493
-2.33392361
0.17910376
-11.25541435
6.26393617
3.80448479
0.04271309
5.66201083
8.24855998
0.95096168
-9.70439528
6.45812981
8.57694453
-8.36231724
-6.42879800
-9.61876616
-3.35729959
5.05713401
10.14886652
9.48592207
-4.23501292
-8.94912473
-2.84042326
3.69461272
-3.31767421
-3.41981291
11.28003413
-5.72499999
1.33422463
9.48383563
6.44784600
7.44571850
-5.11675588
-1.21798801
-2.20749990
2.88666524
1.46596045
6.02987263
8.30769747
-2.73568897
-3.42555053
1.93005521
3.91194685
-6.55759291
8.19516176
-10.83484235
-3.15958728
10.58758560
-8.52994016
-9.65158997
4.72055960
6.14203123
0.08962248
-10.51962285
-0.06154594
2.29832760
4.58400301
5.52541885
-5.35764354
-0.75941581
-10.19006982
1.97125161
5.26423084
6.75747871
-6.18187443
8.72006323
11.09538517
-2.54036098
-0.04630755
-2.65676730
-4.73077976
11.56143763
-10.06747247
-1.90190835
-8.63627394
-7.46908690
-0.31361725
-6.62542692
-10.33743477
-5.38053551
-5.54329115
12.29539276
7.27044027
2.44023912
5.93731266
-5.37094629
-0.42665664
-11.78711610
-1.96813881
-5.68247511
4.28134645
-12.25479142
-8.06423981
2.43610855
-0.38530535
9.99968026
-1.51269320
0.68650237
-0.91978713
0.80600039
1.56848647
4.59285010
1.91954020
1.66047400
-5.89817258
-5.29076781
-1.86830951
-3.23387588
0.21699543
1.43947943
-10.26306454
6.23057542
-12.47384696
6.99911242
2.61446543
4.65058803
2.13001149
0.96657123
5.41888241
5.92840207
8.63923041
9.61984739
1.67441324
0.37868582
-11.47650230
-9.06953404
7.29541114
5.23937688
9.76612676
7.63383970
-6.37385260
-7.08463243
-7.65343074
-5.80878581
-8.38705154
-8.48374049
-5.84968807
-4.58985459
4.14959453
6.38555723
12.41640425
10.35663186
8.26271844
9.58940948
-1.87104294
-2.67658255
-7.74974001
-7.81661278
-4.63345843
3.36969863
-3.56984628
3.84101155
-0.94383949
-4.06753214
-3.89773924
-4.01006364
11.60724393
11.76123340
-5.13205904
-4.51169306
4.02457040
2.21266367
9.89231964
8.28201955
8.37648381
7.69195755
7.13716595
6.25036621
-7.22400645
-6.31487104
-1.64403433
-2.12540479
-2.02933879
-2.87101609
2.63201647
3.26429218
-0.97465637
1.14030463
5.78394777
6.88618018
8.17952188
7.06328899
-1.52863373
-2.14340067
-3.06252066
-4.37300237
3.01556317
3.05776594
5.16651212
4.19415588
-6.92733116
-6.47855160
7.43544590
7.24492733
-8.27295740
-2.97890232
-10.10668996
-3.96770002
11.98380823
10.33277198
-7.50282288
-7.47226281
-10.63138342
-9.74806175
5.49758853
3.73965296
4.66013239
5.64872448
-0.90017831
0.89700934
-11.36889327
-10.62390578
0.02067172
-0.71195140
2.57284567
3.35202112
4.32844602
3.65018817
6.47762510
6.17594964
-4.31285109
-4.99263612
-0.13139134
-0.97978218
-9.18483689
1.74909005
-9.17675538
2.65980636
5.83397979
5.11200363
8.73857316
7.25698442
-6.98834943
-5.20861015
8.32094781
7.68537339
9.39473038
10.16732474
-3.71719553
-1.71225512
1.55866349
-0.18486973
-2.13626776
-3.14388861
-3.53189940
-3.70812548
9.70189811
10.65830871
-8.74552579
-9.19837501
-0.99374418
-1.89140992
-8.66034172
-8.33699080
-5.19545277
-6.84499052
-2.51509956
0.65742587
