-0.61561932
-4.92133414
-2.04007554
-5.05545879
-0.67861977
-4.55421269
-5.36102635
-5.06288575
-3.32655789
-0.25032286
-4.10439586
-6.48316394
-1.31548361
-0.60056183
-6.36294555
-4.63880488
-4.28103811
-5.41703218
-5.15013167
-1.67406417
-4.84724782
-3.66051999
-0.23907590
-3.71031973
-5.96550789
-1.82914377
-1.02992029
-0.58808690
-0.68225592
-2.26459812
-6.05319396
-6.13976360
-2.96853411
-1.30978948
-3.67897556
-4.05259195
-3.77463367
-1.25242331
-2.50646411
-2.46232131
-0.23122873
-2.82840727
-6.51152831
-1.72420762
-1.35223866
-2.82704139
-2.91540415
-3.96457819
-2.86267726
-1.84486418
5.09331723
5.22240291
1.55011518
-0.42730062
3.20853081
3.58447689
1.65404421
3.03855076
5.35483029
5.48121420
0.16641380
3.38600905
2.13758338
4.28822040
6.25708910
0.74597214
0.66123951
3.67059208
3.05409644
3.49023756
2.76296737
4.87788504
2.51685727
5.48738655
1.93586462
1.48402344
0.85932312
4.35954539
0.20716896
6.29625149
1.85215783
0.63475096
4.07014668
4.80702648
1.49271691
2.57406560
2.79064720
6.63782095
1.54466245
0.94097838
1.75224246
3.91745318
4.20381636
0.52413555
6.44676900
5.64498058
2.49932882
4.63011026
-0.25865771
2.54217597
0.57587341
-0.19548588
2.20651443
0.87442042
-2.85478211
-1.95166562
0.51868049
-6.37372627
3.92514956
