-2.35572191
-9.77087499
-2.71230416
-8.99164656
-2.98481814
-8.20798670
-11.01263500
-8.48823814
-6.52458436
-0.81863317
-7.82711206
-11.18166933
-0.95871996
-2.45754962
-10.72581167
-7.72166935
-7.05040016
-9.91311503
-9.52323017
-1.79581590
-7.91711580
-5.78818671
-1.41584111
-6.25094298
-9.11830800
-4.27666950
-3.45521779
0.69026253
-0.93355223
-4.27582596
-12.66627358
-11.76647092
-6.45123372
-2.09938912
-7.73274268
-5.35738557
-7.48029468
-3.52448490
-4.46107060
-4.66501953
0.04691319
-5.05614268
-11.92909129
-2.95064455
-1.38637115
-4.36000581
-4.00616333
-7.27548853
-4.85659649
-3.31060585
9.36742926
9.09859607
2.97366481
-0.87928125
4.52579398
7.53519285
1.67747733
4.83067661
9.38555635
11.36516570
-1.14621328
4.51746065
3.51070343
9.09835686
12.24015733
0.83935958
0.82489029
7.35427803
5.16365865
4.90627521
5.23220471
7.84931003
3.81446428
9.47552321
3.90438536
2.38221989
1.14526439
8.44599711
-0.23318875
11.26024960
2.43485063
2.70844265
6.69127099
8.06497270
2.76044794
5.00593464
3.04558576
10.65695616
3.61754128
0.99268983
2.79556350
6.11614058
8.74809673
1.23232190
12.51329114
10.72781548
5.53285283
9.49738383
-0.70647972
3.34410323
1.13632353
-0.21101883
3.91273290
0.32767532
-4.70723038
-2.32819100
0.19922680
-11.55118272
6.49695352
3.96684254
-0.08651467
5.76801924
8.46589250
0.99083628
-9.89948018
6.55577710
8.79350375
-8.59324985
-6.50257873
-9.86519505
-3.44056616
5.18415733
10.33195395
9.66944360
-4.32353590
-9.20294962
-2.97746487
3.63350049
-3.36969777
-3.37796832
11.55111249
-5.84205522
1.19718026
9.74181665
6.53764121
7.79046492
-5.23333004
-1.20916931
-2.14264782
3.05147012
1.41615915
6.16906188
8.46735984
-2.79685549
-3.51033674
1.94599711
3.94947038
-6.63064852
8.38107550
-11.03037983
-3.24268394
10.88811649
-8.74994840
-9.76373978
4.81238040
6.26524483
0.16186642
-10.76523101
-0.05319060
2.35640777
4.69038463
5.57524898
-5.50036096
-0.76305726
-10.40445606
1.99791410
5.43526937
6.91384416
-6.34595745
8.95898083
11.26991081
-2.80248528
-0.11883290
-2.71230690
-4.80939226
11.66181576
-10.34501159
-1.92443574
-8.84020789
-7.55959321
-0.38470320
-6.57194682
-10.72702382
-4.99319166
-5.44634120
13.24512982
7.32058182
2.78609867
6.12095052
-5.59963380
-0.37969658
-12.14571343
-2.11212525
-5.66873855
4.35779931
-12.42905540
-8.30347709
2.48980537
-0.51026342
10.23996711
-1.59103445
0.67598277
-0.93171452
0.80926790
1.53806494
4.73138337
2.07537958
1.68216090
-6.11717987
-5.40546607
-1.90583845
-3.25916012
0.19679863
1.46281369
-10.47496447
6.45775506
-12.75628481
7.20402929
2.69913034
4.82331446
2.14414955
0.84296078
5.55011592
6.08644789
8.86218421
9.79396697
1.73091978
0.46955487
-11.62599811
-9.14186080
7.44865727
5.31881176
10.02325617
7.84667340
-6.50584391
-7.04258693
-7.82421421
-5.92569617
-8.52585284
-8.75278874
-6.02468047
-4.71824046
4.23786209
6.52215910
12.64036986
10.45071592
8.43876087
9.90371574
-1.91838018
-2.67883214
-7.82800354
-8.07252698
-4.91905851
3.56250699
-3.67795495
3.86487002
-0.83996294
-4.15997010
-3.96575398
-4.05161591
11.86421067
11.99815026
-5.28633503
-4.58938717
4.19273589
2.21331736
10.16333461
8.52812196
8.41714914
7.84259540
7.27007348
6.45763553
-7.52137223
-6.49665736
-1.76904248
-2.18060831
-2.07080444
-2.80177705
2.62822064
3.33898695
-0.75430725
1.19280942
5.88681853
7.04242732
8.40827243
7.17906416
-1.51271594
-2.17125683
-2.98982035
-4.41537512
2.95776315
3.11214134
5.37031043
4.30702934
-7.00811947
-6.82284517
7.60951652
7.39118701
-8.48097833
-2.88800833
-10.35430813
-4.06911361
12.16581786
10.56110040
-7.90966939
-7.69486426
-10.80506447
-9.96062381
5.55593347
3.87883983
4.69704397
5.74206798
-0.98772233
0.95595765
-11.65586389
-10.90932772
0.08849382
-0.68612242
2.59832733
3.40150403
4.55763297
3.69617942
6.59216925
6.38719420
-4.43060570
-5.13216823
-0.09597957
-1.33577299
-9.34997057
1.80602705
-9.35823150
2.78250615
5.98073901
5.27798867
8.98315466
7.27855100
-7.17053353
-5.30890910
8.52005138
7.92660972
9.59645421
10.42777007
-3.96116768
-1.76769337
1.69597299
-0.12729673
-2.13200356
-3.20098854
-3.51672200
-3.80026381
9.82486274
10.82414493
-8.96173601
-9.46205312
-1.00201890
-1.77568997
-8.79087667
-8.63948225
-5.08824196
-6.99157798
-2.41724100
0.42089632
-6.41119802
-6.76492808
-9.72870257
-10.37490944
-6.03189976
-5.82286541
-3.83343338
-5.77608833
11.33426060
12.27400434
5.54701486
7.47740921
3.74222734
1.87384171
