-2.37415801
-9.79190764
-2.71516632
-9.01611243
-2.97778643
-8.22785154
-11.03545744
-8.49183045
-6.53772788
-0.81973770
-7.84881245
-11.19428933
-0.96928573
-2.46943035
-10.74525330
-7.72177395
-7.07662543
-9.92675333
-9.54073354
-1.79816536
-7.92910423
-5.79718623
-1.43475709
-6.29574968
-9.12153989
-4.30619681
-3.46985037
0.69413362
-0.93226744
-4.27481753
-12.68969988
-11.80233869
-6.85394961
-2.09571092
-7.75818368
-5.36430215
-7.49995851
-3.53690014
-4.46970372
-4.67297195
0.04060625
-5.06199881
-11.95050728
-2.94996881
-1.37975553
-4.36644365
-4.01059834
-7.28638138
-4.80822353
-3.34314722
9.40010327
9.10045203
2.99458656
-0.89155457
4.60144255
7.55968684
1.67158206
4.83142375
9.41833004
11.39773329
-1.14999726
4.55581451
3.46126507
9.12231251
12.25625210
0.83382829
0.81364927
7.38018138
5.17193679
4.91243146
5.12288169
7.91004672
3.84533830
9.50596939
3.91079623
2.37906082
1.14708787
8.48355285
-0.25474423
11.30670087
2.44835496
2.67162087
6.70997869
8.08739400
2.76965526
5.02121860
3.04479578
10.67524382
3.61374441
0.98576590
2.78115024
6.09887080
8.78129536
1.20412325
12.51728288
10.76152520
5.53870626
9.51533769
-0.72024585
3.36045250
1.11596489
-0.20740649
3.92006978
0.33211694
-4.73041103
-2.32914920
0.19710400
-11.57993033
6.60133533
3.95299751
-0.08843194
5.77888068
8.50667612
0.97370287
-9.91997301
6.57460800
8.81790845
-8.61701756
-6.51955191
-9.88613411
-3.44567122
5.19661167
10.34618143
9.69161892
-4.33580297
-9.22477179
-3.00152557
3.63287174
-3.37649605
-3.38099804
11.58668126
-5.85307676
1.18709310
9.78536464
6.59006514
7.84074016
-5.24121049
-1.21757334
-2.14373276
3.06052356
1.38552818
6.18697383
8.48933961
-2.79972643
-3.50421454
1.93697848
3.96976658
-6.64546925
8.40392431
-11.05349808
-3.24963794
10.93098044
-8.76837842
-9.78579973
4.76600413
6.28530782
0.16532559
-10.77536327
-0.05276099
2.39686425
4.67469461
5.59014083
-5.52681043
-0.76283442
-10.41931229
1.98942580
5.44603800
6.93401172
-6.36249164
8.97348592
11.29992875
-2.81055077
-0.12606451
-2.72613328
-4.81820017
11.68715936
-10.37196775
-1.92060436
-8.86965588
-7.56337913
-0.40048328
-6.58874243
-10.74595976
-5.02611346
-5.45793564
13.26946350
7.25627092
2.69800497
5.89165826
-5.48952966
-0.38487665
-12.17284870
-2.11822450
-5.67503376
4.36329783
-12.44176012
-8.31827035
2.49369737
-0.52522158
10.28160648
-1.61698673
0.66849463
-0.93127809
0.80464981
1.53886414
4.74029088
2.08056989
1.67933443
-6.13949501
-5.41760839
-1.90858664
-3.26207128
0.20576814
1.46197222
-10.50514609
6.44843314
-12.78662401
7.24419358
2.70833070
4.70273358
2.15505598
0.81768976
5.55569021
6.09164660
8.90662058
9.82441398
1.73442462
0.47682549
-11.64195913
-9.16134361
7.47067554
5.32870631
10.05135624
7.86830331
-6.47971539
-7.09003985
-7.84620686
-5.93140121
-8.53548499
-8.78051712
-6.03729470
-4.72646725
4.25107408
6.54107813
12.67065578
10.47817256
8.45783744
9.93065814
-1.91949571
-2.68172984
-7.84480888
-8.09351966
-4.78599197
3.53425239
-3.68595584
3.87792547
-0.82571991
-4.17033045
-3.96545441
-4.06244946
11.88758658
12.02865538
-5.29667285
-4.59525443
4.22046438
2.20447838
10.19289178
8.57185076
8.43117062
7.87564457
7.28277663
6.60522166
-7.54569340
-6.51905445
-1.78341947
-2.19465180
-2.07652123
-2.80743111
2.62749140
3.34758697
-0.73768692
1.19519588
5.89941921
7.06183202
8.43792736
7.20559071
-1.51056615
-2.17115093
-2.97902055
-4.43908658
2.97784961
3.11926050
5.39203815
4.31655469
-7.00518542
-6.83202536
7.62900892
7.40657383
-8.50593920
-2.89064698
-10.37998987
-4.07590095
12.18094052
10.59122677
-7.93014259
-7.70626460
-10.83231129
-9.97233501
5.62304529
3.81235717
4.71739632
5.74596051
-0.99627333
0.94616672
-11.68065103
-10.93709188
0.10929413
-0.69238962
2.59910184
3.38258196
4.51530144
3.65887506
6.61439776
6.42698355
-4.46057478
-5.14826569
-0.11082387
-1.37195500
-9.36848773
1.79910151
-9.36992393
2.79269811
6.00548339
5.26899319
9.01176651
7.28337329
-7.18780690
-5.32273703
8.53472282
7.92664514
9.61614499
10.46741478
-3.99523470
-1.76764496
1.69855844
-0.13199746
-2.13726881
-3.21233462
-3.52251062
-3.80786848
9.85497041
10.85213049
-8.98424500
-9.48928849
-1.00571569
-1.77554595
-8.80000578
-8.66761864
-5.09662016
-7.00685013
-2.41857669
0.38824027
-6.43184117
-6.77436783
-9.74773447
-10.39639265
-6.04271292
-5.82269697
-3.82777453
-5.78093093
11.35440500
12.29928382
5.57828759
7.50641612
3.76315345
1.88855101
5.45849106
6.47370491
-6.46467361
-5.55338699
