-2.37954177
-9.81412481
-2.71659378
-9.09485687
-2.97311958
-8.24859310
-11.07247181
-8.49343023
-6.55619607
-0.81906358
-7.90595203
-11.21013592
-0.96799385
-2.46275710
-10.76390460
-7.72187542
-7.10920104
-9.94298620
-9.55598810
-1.77530772
-7.95649640
-5.81104523
-1.43261179
-6.35546654
-9.15936284
-4.30778467
-3.50109784
0.69916220
-0.93415648
-4.25713528
-12.71450087
-11.81545969
-6.93788995
-2.09290530
-7.78483133
-5.37687288
-7.52205446
-3.51903048
-4.47758864
-4.70215438
0.04509121
-5.06750211
-12.09822371
-2.94388646
-1.39422727
-4.35274232
-4.01376517
-7.30908742
-4.84619572
-3.34965702
9.44334731
9.10885684
3.00337372
-0.89601712
4.64731617
7.58887027
1.66557593
4.84042891
9.43859868
11.42770905
-1.15364362
4.57186083
3.41852155
9.15650257
12.27833471
0.82866459
0.81241127
7.39564901
5.17475863
4.91433399
5.13496017
7.96165285
3.86036939
9.53315121
3.91965531
2.34854894
1.15149106
8.49678355
-0.64416551
11.34857257
2.46179627
2.65681501
6.72586592
8.10743643
2.76940241
5.02557841
3.05118530
10.69209788
3.62083840
1.13367483
2.78911402
6.12914271
8.80821103
1.20280049
12.51958545
10.79582342
5.54606298
9.53884849
-0.79134374
3.37661833
1.06152665
-0.20366154
3.93054322
0.33298216
-4.75864234
-2.32666019
0.20019863
-11.60420734
6.64216068
3.97119725
-0.10083359
5.79931212
8.53229396
0.96406192
-9.94046603
6.58895076
8.84178753
-8.67587317
-6.54925141
-9.90857330
-3.45017242
5.21035948
10.36237674
9.71353034
-4.34893275
-9.24745144
-3.01660487
3.64419472
-3.38287940
-3.39462937
11.62413870
-5.86675793
1.17907497
9.82428433
6.60961211
7.89240365
-5.26859084
-1.19967163
-2.19587549
3.07080124
1.36974996
6.19961201
8.51918576
-2.80200519
-3.47687000
1.95830160
3.99761877
-6.61590007
8.42821866
-11.07619321
-3.26088589
10.97332918
-8.78730202
-9.81282844
4.76234270
6.30043810
0.17378758
-10.78439119
-0.05118258
2.39435139
4.66633233
5.59433042
-5.53834016
-0.77691783
-10.43581266
1.99583499
5.46114477
6.95264352
-6.37992322
8.98069595
11.32900097
-2.81692878
-0.13612911
-2.71981685
-4.83274781
11.70274775
-10.39446658
-1.91519444
-8.90010488
-7.56650306
-0.40584147
-6.61076197
-10.77301811
-5.06644666
-5.47293911
13.29203057
7.27121746
2.66130819
5.89730637
-5.56946014
-0.80390731
-12.52101043
-2.10066057
-5.67676183
4.36782243
-12.47720321
-8.33942887
2.50185489
-0.50315348
10.32543061
-1.60702858
0.73234444
-0.93041880
0.80014961
1.53277776
4.75535626
2.08688580
1.68942860
-6.17074632
-5.43380207
-1.91070605
-3.26232565
0.20876864
1.46166298
-10.53894787
6.45039226
-12.81672528
7.29257927
2.71776472
4.71392733
2.29153639
0.81851354
5.56242453
6.10292761
8.93279542
9.85416197
1.73992176
0.48410334
-11.66268287
-9.18274821
7.48631395
5.33851840
10.07714560
7.88691679
-6.45149882
-7.13021997
-7.83451509
-5.94008131
-8.54640177
-8.81122957
-6.05068017
-4.73517252
4.26515323
6.56605127
12.69073983
10.50350222
8.48102767
9.95650539
-1.91338287
-2.70399590
-7.86409492
-8.11670245
-4.81099699
3.52480358
-3.63037264
3.88277864
-0.81216617
-4.18066598
-3.98401179
-4.09978261
11.91004938
12.05848894
-5.31008131
-4.59966532
4.23354230
2.21613699
10.23464315
8.61149240
8.44103782
7.90003869
7.30514938
6.59011679
-7.57134883
-6.54262275
-1.79425571
-2.20073225
-2.07583003
-2.83733285
2.62613056
3.35785047
-0.72221343
1.20550102
5.90940722
7.08645185
8.44911215
7.21946914
-1.50836203
-2.17026512
-2.98698628
-4.45081664
2.99743678
3.13438472
5.42369026
4.34053610
-7.07836523
-6.84166168
7.65265654
7.41518703
-8.51492693
-2.88824556
-10.40112941
-4.06973772
12.19908013
10.61438864
-7.94669528
-7.70548038
-10.87240861
-9.99894775
5.64125868
3.79269108
4.72048069
5.75763544
-1.00030374
0.95356530
-11.70881387
-10.96560967
0.11521076
-0.69148866
2.59781126
3.38380998
4.49394876
3.63865225
6.61713606
6.43456583
-4.45167923
-5.18465556
-0.11278203
-1.38896217
-9.39001869
1.78826868
-9.38289227
2.79848376
6.01130336
5.27208588
9.03726368
7.29324024
-7.20491411
-5.33754510
8.55846289
7.93450217
9.63996280
10.50130159
-4.04513991
-1.77443693
1.70099881
-0.13706133
-2.13081238
-3.22289008
-3.52178359
-3.80723928
9.87893251
10.87177477
-8.98134226
-9.50649404
-1.00600687
-1.76774468
-8.80738682
-8.69515770
-5.09256921
-7.02619834
-2.38844373
0.37804034
-6.45581148
-6.79278016
-9.77687066
-10.42930204
-6.04374317
-5.82314758
-3.82167065
-5.78554538
11.37550354
12.32263666
5.62151206
7.50806310
3.77029315
1.88919564
5.49976257
6.50279411
-6.51551963
-5.54453301
-0.11878223
0.15369533
-11.71407750
-12.01578049
