-2.38355703
-9.85563530
-2.71544103
-9.17378832
-2.95326023
-8.29209725
-11.17996397
-8.49258239
-6.59575035
-0.81891084
-8.01209453
-11.24864165
-0.95979298
-2.45853638
-10.81443788
-7.72618653
-7.17194421
-9.99404796
-9.58178128
-1.77218959
-7.94605646
-5.84619015
-1.44247999
-6.49742296
-9.16037413
-4.32405091
-3.52890685
0.71247499
-0.96152003
-4.28432747
-12.76477442
-11.87345097
-7.02172686
-2.08709925
-7.83728194
-5.38188798
-7.57037852
-3.52536859
-4.49415647
-4.72187276
0.04685857
-5.08699530
-12.16500221
-2.96506119
-1.36843317
-4.35267701
-4.02426718
-7.34239476
-4.85649440
-3.38526966
9.50210208
9.14556059
3.02211739
-0.90245676
4.72474867
7.63390070
1.65407651
4.85796337
9.47777481
11.48310982
-1.16264598
4.58983332
3.36885491
9.20562631
12.31614340
0.84383431
0.82409498
7.42382398
5.18798710
4.92216815
5.15339052
8.01881670
3.83177706
9.58408288
3.93703232
2.30362785
1.16388510
8.51940567
-0.63467910
11.41299434
2.49271600
2.67717834
6.76008446
8.15340032
2.78289087
5.05678763
3.06469877
10.73649619
3.63555341
1.20749383
2.83219553
6.15288872
8.85038556
1.21555084
12.52277205
10.86316602
5.56082142
9.58484488
-0.80087614
3.40115371
1.00775169
-0.19276900
3.93624143
0.34125778
-4.81181733
-2.32307106
0.20380692
-11.66970401
6.65384220
4.00316796
-0.12888992
5.82212756
8.57084826
0.96902094
-9.98249147
6.61485525
8.88803018
-8.73779794
-6.57601020
-9.95814988
-3.45765541
5.23394456
10.41415367
9.75693888
-4.36305465
-9.28399960
-3.02930256
3.63258339
-3.39202282
-3.40860968
11.69801436
-5.89321611
1.14380164
9.88632328
6.63895583
7.93533748
-5.29299155
-1.18945681
-2.18389344
3.08965318
1.38062534
6.23539547
8.56940552
-2.81027089
-3.48631876
1.95933133
4.04167980
-6.55604261
8.47870406
-11.12565860
-3.27165594
11.04785252
-8.81430579
-9.84253771
4.79224791
6.31807993
0.18862648
-10.80016835
-0.04129031
2.39839494
4.65582948
5.61007333
-5.53787728
-0.80317764
-10.46335407
2.00877712
5.47240653
6.97857747
-6.41630763
9.01222464
11.39041671
-2.84064548
-0.13794458
-2.73470317
-4.84842314
11.72790669
-10.45774687
-1.91815243
-8.95880739
-7.57329573
-0.42373441
-6.66318493
-10.77937535
-5.12461518
-5.49495546
13.34454009
7.31837033
2.62235440
5.89891820
-5.68360430
-0.77480642
-12.75532020
-2.11365230
-5.71052583
4.37945169
-12.53746226
-8.39633638
2.51957921
-0.48328303
10.40438923
-1.63022991
0.72502338
-0.92551572
0.79625761
1.51079742
4.77510555
2.10286190
1.70148928
-6.21938697
-5.45633405
-1.90906794
-3.26959816
0.22308355
1.46259275
-10.52653747
6.46695276
-12.92705964
7.35412170
2.73325326
4.79293335
2.35745119
0.83886070
5.58759507
6.12493380
8.98065549
9.90701596
1.74233142
0.47850163
-11.71529169
-9.23374972
7.51657531
5.35596117
10.12769425
7.92485133
-6.44143152
-7.16652210
-7.89184093
-5.97862661
-8.57604992
-8.88300868
-6.07797005
-4.75703943
4.28855231
6.59970217
12.72611870
10.53941092
8.52079850
10.00604513
-1.89457075
-2.68827264
-7.90911935
-8.15339921
-4.87013535
3.51494737
-3.64844331
3.91752120
-0.77980310
-4.19997355
-3.98890040
-4.13708381
11.96855070
12.11979733
-5.33818206
-4.61218622
4.27101140
2.23131470
10.30294217
8.67138253
8.47061213
7.95339977
7.35706141
6.62756227
-7.62604012
-6.58152795
-1.81280250
-2.22494889
-2.07875140
-2.86206826
2.61987006
3.38027832
-0.70343109
1.20414122
5.93046602
7.11967233
8.48579532
7.24764999
-1.49980648
-2.16622718
-2.99004483
-4.47688285
3.01045009
3.14704191
5.48317835
4.36239312
-7.14120486
-6.85815760
7.69591253
7.44456795
-8.56535892
-2.88913269
-10.44485194
-4.09260297
12.22851701
10.67015173
-7.98156207
-7.70035918
-10.95725794
-10.07533935
5.66123798
3.82058361
4.71401365
5.77934226
-1.00880350
0.96866437
-11.76210984
-11.02975904
0.12951817
-0.69228297
2.60228074
3.39151494
4.46513077
3.61703167
6.63391667
6.45551312
-4.46255099
-5.19868374
-0.13102932
-1.43965639
-9.46529946
1.81675944
-9.40175289
2.80508717
5.98321787
5.28823381
9.08506349
7.31035824
-7.24158922
-5.36592727
8.61567635
7.96132818
9.70044567
10.56131522
-4.06817472
-1.78892507
1.73508364
-0.11539422
-2.12658802
-3.24043336
-3.52054787
-3.82323522
9.92926794
10.92050157
-9.02425069
-9.56430625
-1.00458894
-1.76393161
-8.81254573
-8.75858488
-5.09611050
-7.05793598
-2.38506417
0.37644388
-6.49798217
-6.83162320
-9.78326038
-10.49551297
-6.05449665
-5.80102524
-3.80955718
-5.79246106
11.42171152
12.38084057
5.66864917
7.52589679
3.76173508
1.90840417
5.53511497
6.56961569
-6.54862882
-5.61965270
-0.09287601
0.16897724
-11.66120935
-11.96179117
