-2.38835732
-9.87476108
-2.72173868
-9.20655585
-2.94488789
-8.31350726
-11.21345967
-8.50079100
-6.61198879
-0.82118319
-8.04911427
-11.26682847
-0.95848687
-2.46348325
-10.83685838
-7.72868940
-7.20069610
-10.01868843
-9.60867905
-1.74212502
-7.94009573
-5.85925500
-1.44709079
-6.56567853
-9.15071180
-4.44453574
-3.54201953
0.71891993
-0.97205748
-4.29934877
-12.78755172
-11.89880478
-7.05243614
-2.07406215
-7.86238086
-5.38679632
-7.59561538
-3.00939614
-4.50244355
-4.73375764
0.06096785
-5.09738081
-12.16574752
-2.97261559
-1.36330813
-4.35677689
-4.03036729
-7.36144190
-4.90921274
-3.40175515
9.52928694
9.16959487
3.02702797
-0.87882702
4.73984346
7.64855906
1.64827042
4.86220032
9.49867705
11.50933932
-1.16087306
4.59853103
3.36835691
9.23196375
12.33210061
0.85560843
0.82706368
7.43563321
5.19665116
4.92780701
5.16754443
8.04026044
3.81577604
9.60988619
3.94425639
2.29049395
1.16820453
8.53230273
-0.62796070
11.44191519
2.50179486
2.68882697
6.77778649
8.17564370
2.78655677
5.07920663
3.07170454
10.76547377
3.64229926
1.21671908
2.85491167
6.16282635
8.86788378
1.22079946
12.52369840
10.89440414
5.56904321
9.60951982
-0.79903493
3.40871461
0.99275979
-0.18932097
3.93226262
0.34654705
-4.83448950
-2.32532589
0.20533821
-11.69739104
6.65095902
4.01428688
-0.13886549
5.83294378
8.58719640
0.97328141
-10.00442953
6.62621341
8.91074529
-8.75978178
-6.56829567
-9.97627719
-3.46311775
5.24669049
10.44325886
9.77846476
-4.37431990
-9.30289089
-3.10806815
3.64612989
-3.39646075
-3.41820845
11.73482464
-5.90246815
1.13138856
9.91333241
6.65225866
7.96088802
-5.30537491
-1.17110001
-2.18503716
3.09729607
1.39390664
6.25292664
8.59685714
-2.81554949
-3.53260672
1.96666202
4.05187211
-6.52875039
8.50257097
-11.14968080
-3.27368555
11.08412105
-8.82821801
-9.86922780
4.80294585
6.32630072
0.23841833
-10.80550956
-0.03799502
2.39931134
4.65300159
5.61549395
-5.55531554
-0.81051346
-10.47384381
2.02208529
5.48182987
6.99247352
-6.43406196
9.03568500
11.42263399
-2.85274482
-0.13862314
-2.73333877
-4.85788380
11.73937494
-10.48382821
-1.92630215
-8.98542655
-7.57916042
-0.43826277
-6.67816251
-10.79519840
-5.15778819
-5.50776353
13.37372716
7.35243469
2.60862794
5.91335351
-5.75887387
-0.77195534
-12.78091276
-2.36159385
-5.76357684
4.38709543
-12.54435139
-8.41750589
2.52699501
-0.47786026
10.44253051
-1.63299017
0.72785720
-0.92388890
0.79469961
1.49891945
4.78610194
2.11067662
1.70568053
-6.24020307
-5.47100364
-1.90838882
-3.27255615
0.21858925
1.45998853
-10.54857977
6.47701940
-12.95094961
7.37346544
2.74382568
4.80049468
2.35981060
0.84277975
5.60052755
6.13251844
8.99920072
9.92872448
1.73885184
0.47475559
-11.73892342
-9.25853350
7.53013057
5.36189817
10.15168977
7.94524070
-6.47392811
-7.18344561
-7.92739227
-5.99383218
-8.58218903
-8.91199753
-6.09262133
-4.76948921
4.29936983
6.61497699
12.74527859
10.55631545
8.54042480
10.03121731
-1.88630803
-2.68659733
-7.92949176
-8.16945898
-4.90339067
3.51766830
-3.67923939
3.93642183
-0.76058920
-4.20877862
-3.99823989
-4.14726301
12.00403717
12.15157057
-5.34985326
-4.61735661
4.28164756
2.22948133
10.33288114
8.69584024
8.48827612
7.97629344
7.37979147
6.64876375
-7.65325457
-6.60133641
-1.82821959
-2.23254664
-2.07452293
-2.87252491
2.61515124
3.39031713
-0.66959254
1.20998923
5.94065233
7.13625360
8.50522893
7.26198102
-1.49676056
-2.16835684
-2.96308925
-4.49724692
3.01684445
3.15400925
5.50783102
4.37415070
-7.16281022
-6.86513984
7.71631618
7.45943334
-8.58926914
-2.89495158
-10.46593155
-4.11177989
12.23967496
10.69751885
-7.99985830
-7.69910424
-10.99565776
-10.09657440
5.67065292
3.84176950
4.71533433
5.78566169
-1.01510621
0.98329593
-11.78686774
-11.05999642
0.13395129
-0.69405296
2.60394244
3.39554082
4.45704445
3.60650571
6.64214711
6.46607693
-4.47948195
-5.20897053
-0.13354828
-1.47134758
-9.52265500
1.84582842
-9.40998570
2.80961266
5.98073509
5.29149930
9.10830607
7.32017751
-7.25941916
-5.37939978
8.64111249
7.97706154
9.73203049
10.59031744
-4.07498294
-1.78974126
1.75741251
-0.10654001
-2.11608110
-3.25178836
-3.52302490
-3.82984368
9.95548575
10.94637501
-9.06190622
-9.59165643
-1.00304632
-1.76664895
-8.81018241
-8.79007126
-5.10043331
-7.07018081
-2.42806810
0.39202189
-6.51977759
-6.84978943
-9.79391339
-10.52481831
-6.06330144
-5.78791229
-3.80342385
-5.79532567
11.44762759
12.41322660
5.68679065
7.53944593
3.76168854
1.91054351
5.55650441
6.59471418
-6.54256875
-5.62981875
-0.07778676
0.17224746
-11.66703106
-11.99776106
-3.87840432
-1.90611349
