-2.36348659
-9.94170031
-2.76227154
-9.37728686
-2.91659966
-8.38454451
-11.42158379
-8.53135468
-6.67081585
-0.84652565
-8.20353522
-11.19730462
-0.97653770
-2.48005429
-10.91155003
-7.79868172
-7.33742628
-10.03354937
-9.68948199
-1.61575826
-8.36242386
-5.90523640
-1.87925367
-6.79766705
-9.30304960
-4.43075958
-3.55624476
0.66710164
-1.01184090
-4.90002923
-12.86904621
-12.03713716
-7.08314866
-2.04727162
-7.94321100
-5.42181609
-7.69230120
-2.92708974
-4.52970986
-4.78583058
0.01742695
-5.12773306
-12.25461075
-2.99282977
-1.30606672
-4.38185290
-4.06003592
-7.41329742
-4.93194498
-3.40574387
9.60194580
9.25036027
3.08062232
-0.89851217
4.79156983
7.68957483
1.63856837
4.86483921
9.56164941
11.60816788
-1.12254797
4.60329596
3.36739470
9.30500161
12.39087149
0.87139329
0.83437889
7.48418704
5.20551900
5.23286566
5.19328004
8.07539699
3.77424516
9.64552480
3.96859991
2.27324623
1.02805438
8.58185106
-0.61271043
11.53542267
2.48561904
2.78005816
6.82036476
8.28898733
2.76256831
5.18394333
3.05130501
10.93193762
3.65233370
1.27496779
2.93462415
6.18622395
8.91313792
1.23072931
12.52415251
11.46814785
5.37020831
9.52522339
-0.79570295
3.44747989
0.97830136
-0.18492645
3.92816456
0.32954866
-4.91136210
-2.34284844
0.22033959
-11.78164533
6.66178976
4.04145343
0.06811288
5.87068920
8.64243569
1.02080307
-10.08775078
6.65771341
9.00040000
-8.83172384
-6.55208217
-10.04604662
-3.48960896
5.26000426
10.52400249
9.82539368
-4.42174888
-9.39909626
-3.08299185
3.68763973
-3.44310887
-3.45033286
12.03501879
-5.94061905
1.21990703
9.98702938
6.69915519
8.03136221
-5.38405177
-1.17569928
-2.20803387
3.09706387
1.47927418
6.36479068
8.66567076
-2.84688156
-3.59129729
1.98714212
4.07067540
-6.45018177
8.60650288
-11.23924694
-3.28130975
11.17424205
-8.84683471
-10.05854453
4.83906910
6.35088272
0.25438420
-10.83105809
-0.14436428
2.36756270
4.66868482
5.63245985
-5.63999085
-0.81012088
-10.43478189
2.03000966
5.52248776
7.04087898
-6.49578272
9.10781709
11.55280581
-2.85260513
-0.17840446
-2.71853349
-4.88748488
11.77386589
-10.56118566
-1.94274272
-9.07054636
-7.59755129
-0.45265000
-6.72495303
-10.86008668
-5.03624155
-5.57026740
13.48611653
7.46361680
2.62130565
5.94130571
-5.78841020
-0.74003725
-12.89612216
-2.17670278
-5.91471950
4.40070238
-12.35450310
-8.47260402
2.16757658
-0.19973522
10.87248536
-1.61523753
0.73547301
-0.96238747
0.82312577
1.45445355
4.80622172
2.02581768
1.65934971
-6.30499449
-5.58886567
-1.90614651
-3.29412008
0.18918556
1.47980312
-10.67320321
6.53732078
-13.05958122
7.41072034
2.77142069
4.82056631
2.37644605
0.98594449
5.63671071
6.15067981
9.04184597
9.99673332
1.77679262
0.49919224
-11.83944841
-9.33048619
7.56912852
5.37874573
10.25895681
7.95812434
-6.58253648
-7.44984552
-7.91646646
-6.03135590
-8.61661716
-9.00337913
-6.14138616
-4.83266302
4.30167425
6.63776376
12.81482963
10.62602752
8.58256841
10.15038846
-1.84923387
-2.70764418
-7.99329492
-8.25258403
-4.85334597
3.50195394
-3.70669951
4.01459808
-0.73752935
-4.25258172
-4.07511200
-4.20578214
12.21805379
12.31522589
-5.39332755
-4.64202979
4.33790947
2.25000089
10.41275403
8.74783388
8.47676198
8.03281652
7.43200081
6.71575942
-7.74834714
-6.66882783
-1.86052365
-2.25799532
-2.08909021
-3.06327743
2.57130285
3.34379443
-0.52076771
1.20024782
6.18920876
7.30307632
8.54185885
7.27984757
-1.49210307
-2.22514577
-2.85489577
-4.45399237
3.05347886
3.18083037
5.58087946
4.41675663
-7.18997831
-6.92345017
7.77470623
7.53674436
-8.65041557
-2.91213325
-10.55678689
-4.13417299
12.26240893
10.78281618
-8.07118888
-7.69790642
-11.13115437
-10.30587310
5.71069831
3.90330571
4.72509600
5.79540755
-1.05264210
1.03947149
-11.93569544
-11.14037988
0.12310366
-0.73414149
2.59170771
3.39534391
4.47810453
3.60272648
6.67426134
6.50269057
-4.51408909
-5.25522396
-0.14223158
-1.49050455
-9.49276985
1.88770249
-9.38528903
2.82489728
6.04005508
5.33516253
9.17377286
7.30411131
-7.32278257
-5.42660826
8.70278376
8.04148189
9.81217217
10.67382830
-4.08600574
-1.79380907
1.81314442
-0.09685267
-2.08252736
-3.31976075
-3.53493148
-3.84349440
10.04049787
11.04110522
-9.08062492
-9.65382064
-0.97737853
-1.76857959
-8.79315805
-8.89986076
-5.13964766
-7.12124484
-2.45905331
0.47299440
-6.60380819
-6.91042200
-9.86052802
-10.53150270
-6.07377959
-5.62318915
-3.77482128
-5.81632617
11.52947690
12.52194049
5.75191111
7.59094905
3.75784897
2.03372178
5.62599225
6.64618933
-6.53730052
-5.62916900
-0.08174517
0.19946985
-11.69012002
-12.17275229
-3.81638805
-2.01079549
-3.88245935
-5.77179510
5.77596303
4.38572363
-11.34874956
-13.33693748
-7.62625148
-8.62460654
4.20141961
3.11210492
-1.11724017
10.59269706
-1.01169529
10.14961596
