-2.36639852
-9.97017079
-2.86656202
-9.42712719
-2.90587202
-8.41391463
-11.46879551
-8.54785506
-6.68864890
-0.84768054
-8.24558825
-11.22251566
-0.98106597
-2.48129286
-10.94017216
-7.81956885
-7.37195050
-10.03363374
-9.71678041
-1.61922518
-8.35808507
-5.92110457
-1.87499744
-6.84216023
-9.31914133
-4.43490853
-3.58361613
0.11955301
-1.02067728
-4.90157163
-12.88889065
-12.07697405
-7.10580551
-2.09376871
-7.97926561
-5.42567258
-7.72932789
-2.91246133
-4.54104430
-4.81852162
0.01464450
-5.11189800
-12.29518226
-2.99953881
-1.24038158
-4.38802849
-4.09296591
-7.42098479
-4.94059877
-3.39853749
9.62478561
9.27592987
3.10199515
-0.89589291
4.77219118
7.70842543
1.63847369
4.86534494
9.58339635
11.61924754
-1.13215422
4.59838130
3.37060356
9.33211388
12.41492536
0.86225975
0.84800441
7.50825265
5.28793429
5.26305710
5.19419758
8.07849145
3.80511400
9.67851848
4.01247812
2.40835920
1.08288300
8.59913815
-0.57312613
11.56793229
2.47940863
2.79951988
6.82529635
8.30844363
2.72619718
5.22248432
3.04486522
10.97200934
3.64375036
1.27114394
2.95511892
6.18321275
8.92892769
1.24313173
12.52415818
11.47411266
5.35745990
9.55293588
-0.23896480
3.45565857
1.38579143
0.40544287
4.15466110
0.33747318
-4.94444370
-2.34240939
0.22226378
-11.80077692
6.66017833
4.04323088
0.10289393
5.99014564
8.66676180
1.01340092
-10.11594095
6.67435916
9.04371351
-8.85546278
-6.55673042
-10.08512963
-3.54173139
5.25510352
10.55446002
9.82678286
-4.44428025
-9.42952214
-3.08676469
3.71144277
-3.48354731
-3.49212758
12.13090647
-5.95461617
1.32037249
10.00937617
6.71760982
8.05421778
-5.41936596
-1.16920177
-2.22613573
3.10589289
1.50339863
6.39681986
8.69838826
-2.86159972
-3.62066814
1.98786653
4.09557090
-6.41178732
8.64230297
-11.26911516
-3.28198451
11.20612645
-8.86119502
-10.08999533
4.84728834
6.36492749
0.26943768
-10.85167372
0.02593402
2.40774351
4.67244829
5.64365827
-5.64790696
-0.83569211
-10.44657395
2.03264383
5.53616682
7.05856177
-6.52655759
9.13904366
11.58806985
-2.87733448
-0.19692564
-2.68804194
-4.89739819
11.78492326
-10.57851513
-1.94799368
-9.10503119
-7.60496346
-0.45036608
-6.75410944
-10.87125722
-5.11376556
-5.60112915
13.52081011
7.51373528
2.61486413
5.94288018
-5.82210791
-0.71134702
-12.93052498
-2.13768537
-5.95144767
4.38342503
-12.36796979
-8.47417049
2.26020903
-0.21851738
10.97081123
-1.50021593
0.80658334
-0.81715217
0.57531035
1.66339409
4.67717783
2.17504838
1.65071597
-6.33914640
-5.61299188
-1.90946777
-3.31353091
0.06214685
1.48682839
-10.70989524
6.56186561
-13.08966732
7.41791051
2.61071271
4.80826381
2.41808280
0.96991945
5.62394854
6.11100535
9.06022100
10.02381237
1.78892349
0.51596464
-11.87429712
-9.35658400
7.58560314
5.39397333
10.28106702
7.96830695
-6.60292943
-7.50192589
-7.93333052
-6.04238701
-8.63986263
-9.04297270
-6.16881151
-4.89094254
4.27879559
6.65050736
12.83999935
10.64880488
8.59146475
10.21016483
-1.83560763
-2.80956793
-8.01834662
-8.27517788
-4.86191574
3.48669682
-3.71553696
4.05035144
-0.73141899
-4.28106225
-4.10533211
-4.22781652
12.26056109
12.34684168
-5.41271652
-4.65471019
4.36046273
2.24764661
10.43644676
8.75844611
8.47937219
8.05530296
7.45656557
6.74058696
-7.77615841
-6.69567329
-1.86302702
-2.26983638
-2.09500879
-3.05915505
2.54769965
3.35893544
-0.50467054
1.19952669
6.21849728
7.33228981
8.55728059
7.28649624
-1.66690452
-2.33758450
-2.84698054
-4.45862741
3.11510793
3.24483870
5.62917674
4.45097296
-7.17359623
-6.94002719
7.79870862
7.54958337
-8.66734434
-2.92489037
-10.59020391
-4.14278017
12.26676749
10.81359575
-8.10246730
-7.71754905
-11.17338625
-10.34165039
5.71726051
3.92327460
4.75285745
5.79961658
-1.06595370
1.05520528
-11.96287508
-11.16902158
0.13315153
-0.76691884
2.61422181
3.41188314
4.49206001
3.60758430
6.68923128
6.52316003
-4.52193479
-5.26437247
-0.15492779
-1.49167037
-9.50217179
1.88294870
-9.38892556
2.81683690
6.06662191
5.35728533
9.18315396
7.31079833
-7.35828815
-5.45219157
8.72140175
8.07037641
9.84963723
10.70825538
-4.08385512
-1.80700207
1.83874709
-0.09054868
-2.28813240
-3.33515873
-3.53576506
-3.85301981
10.07549435
11.07860395
-9.09509474
-9.66727085
-0.97032759
-1.77836946
-8.82007480
-8.93322979
-5.15277326
-7.13708106
-2.48089339
0.47462052
-6.62258098
-6.93444821
-9.87349152
-10.54278374
-6.08237547
-5.63840613
-3.77610998
-5.82548550
11.55728299
12.55550862
5.79412847
7.60898835
3.76680652
2.06495402
5.65325603
6.65372075
-6.55020692
-5.64201156
-0.35964569
0.24345081
-11.69880140
-12.21638506
-3.81640190
-2.00234871
-3.88262863
-5.81033277
5.77939008
4.44408814
-11.36484123
-13.35304391
-7.66210156
-8.66217349
4.25637995
3.15132294
-1.08401654
10.61158786
-1.02776186
10.18249912
-1.22211015
0.41868863
-1.68390826
0.77305774
0.97106234
-0.53004928
-1.17744049
1.21701302
2.91854179
3.78451505
1.12923946
5.02628525
