-2.41067878
-10.05936775
-2.84431084
-9.57963823
-2.84323477
-8.53663066
-11.59487311
-8.62408200
-6.78543209
-0.85189650
-8.37635579
-11.30697217
-0.97155577
-2.53326411
-11.04829593
-7.92674969
-7.40205654
-10.03829741
-9.82799421
-1.73426605
-8.34673505
-6.06126891
-1.84745608
-6.99910670
-9.35010416
-4.53433463
-3.51702592
-0.14446878
-1.05420944
-4.86661152
-12.96344658
-12.20920177
-7.21503749
-2.14783622
-8.08907807
-5.45126564
-7.70355054
-2.97751650
-4.56198134
-4.78206940
0.00434744
-5.09008847
-12.40991476
-3.05358298
-1.18005548
-4.43017058
-4.13257681
-7.49414537
-4.98551011
-3.42619316
9.70685632
9.39405487
3.14922987
-0.94956894
4.84421225
7.79216430
1.62284145
4.88882768
9.69046250
11.73155173
-1.19497870
4.71389521
3.42201911
9.44446203
12.52648195
0.85661711
0.72068393
7.61323982
5.51350174
5.36886657
5.09037991
8.10277756
3.80549550
9.80762866
4.18072250
2.33182556
1.32131964
8.66130059
-0.58556315
11.69941997
2.50755989
2.82077598
6.94781895
8.39831719
2.74727643
5.33122272
3.17889829
11.07846586
3.57546768
1.25335194
2.90854358
6.17095919
9.01624524
1.29105650
12.55121438
11.53261561
5.33704780
9.68640937
-0.20531763
3.47471857
1.24106555
0.47912245
4.54981618
0.30829754
-5.27789130
-2.35500987
0.11630964
-11.88551419
6.69180118
4.01708434
0.17376670
6.04072797
8.78043705
0.96104981
-10.21226125
6.77358041
9.17609484
-8.93571066
-6.60875681
-10.18123731
-3.56812310
5.35768182
10.69828712
9.88761587
-4.48293431
-9.54487027
-3.16911059
3.75435288
-3.54656680
-3.53616026
12.37868232
-6.01143123
1.44193444
10.09823329
6.79099487
8.17031642
-5.53585624
-1.21474426
-2.24519930
3.22185634
1.54070727
6.49209536
8.79064422
-2.86979626
-3.78157596
1.93537888
4.16092966
-6.38812119
8.79900919
-11.37860629
-3.37033205
11.29765706
-8.89413611
-10.19314966
5.04414636
6.42871912
0.25442016
-10.91863184
-0.23705978
2.26216477
4.70978219
5.68472820
-5.71225116
-0.91020548
-10.48756403
2.07896373
5.58460112
7.18559664
-6.61395886
9.24971651
11.71370580
-2.98372350
-0.19030958
-2.59926098
-4.97234135
11.88886821
-10.65579254
-1.99850310
-9.22352009
-7.64361088
-0.43596056
-6.89084589
-10.91718896
-5.28521634
-5.66031828
13.66895272
7.65974086
2.65577588
5.96726575
-5.93684605
-0.63171193
-13.04584936
-2.11166012
-6.10785032
4.36526639
-12.40261108
-8.45555669
2.33483327
-0.21346455
11.21671692
-1.52272713
0.81235885
-1.26193349
0.53411396
1.99669994
4.11199028
2.36433429
1.99717384
-6.31391474
-5.54203771
-1.93511627
-3.33743170
0.12612094
1.26529571
-10.82699196
6.63921077
-13.19988180
7.45509432
2.61399927
4.82947981
2.50184709
0.98340591
5.70493543
6.19477354
9.15442421
10.14468282
1.81006319
0.54224696
-12.01277343
-9.47169822
7.66855136
5.46927445
10.39271902
8.08644201
-6.66396837
-7.56336290
-8.01251320
-6.10983197
-8.70809063
-9.15492478
-6.24842125
-4.90631132
4.36153428
6.74712804
12.97781703
10.72631378
8.69262523
10.36706133
-1.76310005
-2.80325601
-8.11777747
-8.36093926
-4.99663014
3.49202128
-3.76105428
4.13172736
-0.64166437
-4.32856957
-4.13795496
-4.28860254
12.37361036
12.41832615
-5.47009758
-4.69036084
4.41539827
2.27326866
10.52556375
8.80233424
8.56462210
8.13936825
7.51319954
6.84026886
-7.88748242
-6.77814796
-1.93976168
-2.34281594
-2.19185222
-3.03077747
2.48308340
3.41679311
-0.50941621
1.20047605
6.33040420
7.44813264
8.64647651
7.37146588
-1.57965108
-2.23025673
-2.89401610
-4.51830164
3.16284212
3.25467546
5.72983889
4.51614689
-7.14410935
-6.95967904
7.93162233
7.67520420
-8.74256844
-2.96432869
-10.72484746
-4.20703438
12.27290282
10.92899612
-8.16119688
-7.72355535
-11.31782436
-10.42227400
5.99343023
4.07282887
4.76629502
5.82431334
-1.07692596
1.08930297
-12.05737484
-11.28814530
0.09969832
-0.72771974
2.47844344
3.33702187
4.55333353
3.63187935
6.73948534
6.59627823
-4.55168361
-5.34584788
-0.17620177
-1.47801324
-9.50546699
1.85990073
-9.40567465
2.81804392
6.15208748
5.42719223
9.29379818
7.39470635
-7.44843446
-5.52584520
8.84762070
8.16504199
9.95786507
10.83544931
-4.04794074
-1.89547290
1.77505718
-0.11758882
-2.33468742
-3.34182634
-3.57851699
-3.94863901
10.21794344
11.21942631
-9.17456536
-9.74433965
-1.05888442
-1.88940015
-8.94847931
-9.06229947
-5.23281192
-7.21071413
-2.62533946
0.45621367
-6.70805709
-7.03771887
-9.89521161
-10.56827624
-6.10850892
-5.69874777
-3.74386966
-5.85095643
11.68407118
12.71710499
5.85711123
7.66853214
3.77043084
2.14960464
5.78846777
6.77151709
-6.56236538
-5.70572377
-0.48953094
0.26905171
-11.73705235
-12.36711360
-3.84969045
-2.02632095
-3.96282474
-5.84870188
5.78208785
4.49962840
-11.39763463
-13.39085564
-7.81396582
-8.82094454
4.30030280
3.33696586
-0.95715892
10.74655646
-1.06633615
10.33974310
-1.18803382
0.33425610
-1.72006485
0.77315874
0.92801768
-0.47377108
-1.11024109
1.26933642
3.26879186
3.78518648
1.27881056
5.08230686
0.81437119
0.30142704
1.78644326
1.25688250
-7.94731008
-4.67630340
-6.69240532
-5.78026866
