-2.34510465
-10.08565305
-2.84234887
-9.60121797
-2.82122837
-8.55722975
-11.61780267
-8.64876371
-6.80155594
-0.84491867
-8.39296864
-11.33051294
-0.97907070
-2.54434981
-11.07446444
-7.99119814
-7.32924494
-10.05794774
-9.85593807
-1.77484048
-8.34458830
-6.02910047
-1.84930539
-7.05592411
-9.36499253
-4.56373954
-3.48436833
-0.13436628
-1.03733853
-4.83617726
-12.97915620
-12.23810325
-7.22795958
-2.15992881
-8.12928265
-5.46306892
-7.78812879
-2.98602881
-4.56763976
-4.82198286
-0.00250024
-5.09552339
-12.43124275
-3.05781278
-1.17794840
-4.44241135
-4.14222996
-7.51037491
-4.99626061
-3.40724373
9.72167580
9.42823547
3.16663228
-0.95696719
4.88134837
7.81321253
1.63558672
4.89077199
9.70886917
11.75655410
-1.11645782
4.72571048
3.43724052
9.45712732
12.55602937
0.84725952
0.71254394
7.63826772
5.52245509
5.37244780
5.07159812
8.11481027
3.78331824
9.84173620
4.18440351
2.31053540
1.32992129
8.67646518
-0.59006395
11.73071658
2.52459313
2.83130584
6.95520751
8.42199187
2.76274090
5.34677539
3.16970058
11.10466644
3.59020621
1.25171312
2.90075090
6.16969400
9.03951818
1.30203379
12.56036723
11.54534758
5.33239413
9.71099221
-0.20019853
3.48703781
1.22255029
0.48971452
4.58637031
0.30741032
-5.41129337
-2.36267726
0.12099221
-11.90894552
6.70538330
4.01077378
0.16731802
6.05405422
8.80448806
0.99025493
-10.23457228
6.79323261
9.19334032
-8.94449808
-6.62949924
-10.21729726
-3.57066404
5.36218978
10.73380746
9.90725288
-4.49957550
-9.57378578
-3.18566985
3.75450748
-3.55638460
-3.55680173
12.42421285
-6.02337851
1.44961595
10.12383053
6.79715295
8.20058994
-5.54407576
-1.22183163
-2.21897332
3.22352424
1.56866541
6.50378162
8.80711843
-2.86766661
-3.83995116
1.93570206
4.17170250
-6.36180162
8.81481656
-11.40411595
-3.39137242
11.32400997
-8.91970728
-10.21046631
5.06480543
6.44811069
0.23964718
-10.92981432
-0.24652422
2.26455402
4.71948639
5.69464676
-5.72940916
-0.90183275
-10.49672029
2.08854705
5.59705834
7.20969292
-6.63485804
9.27255369
11.74807082
-2.98348098
-0.19005365
-2.55729220
-4.98512786
11.91654450
-10.67730936
-1.98935845
-9.23669466
-7.65625949
-0.39204011
-6.80184437
-10.94118376
-5.21537734
-5.67466149
13.70720572
7.68144497
2.66202245
5.97813165
-5.98422472
-0.59304683
-13.07081753
-2.10737577
-6.16556215
4.37064387
-12.41261251
-8.47159471
2.34301766
-0.21160329
11.26166098
-1.51859054
0.81259517
-1.28105794
0.52510088
2.00429602
4.11042712
2.35022645
1.98974010
-6.45634188
-5.56089419
-1.94051142
-3.34056009
0.13772004
1.26908227
-10.85373940
6.65557546
-13.22640725
7.46601690
2.63581465
4.83977837
2.51309665
0.98410815
5.71251781
6.17731421
9.17617578
10.17243385
1.82608130
0.55703488
-12.04823467
-9.49146000
7.69126100
5.48134115
10.41807440
8.11283313
-6.67695330
-7.57191477
-8.02933148
-6.12273537
-8.76128575
-9.21303288
-6.26005064
-4.90644771
4.36331760
6.75472534
13.01191575
10.75139655
8.71086141
10.38641043
-1.73624457
-2.75511540
-8.13398131
-8.38269259
-5.03772110
3.50410116
-3.76654656
4.14835813
-0.62087947
-4.34110683
-4.10292172
-4.31291899
12.39490653
12.42877285
-5.47632415
-4.69885512
4.43023014
2.28485939
10.54842840
8.81555704
8.56968751
8.14473715
7.52354285
6.85708881
-7.93067602
-6.81505154
-1.96262543
-2.29811536
-2.20404512
-3.01027068
2.46667013
3.40898309
-0.52377330
1.21471070
6.34019071
7.46475427
8.65539574
7.40057237
-1.57362228
-2.22884311
-2.90966905
-4.48559091
3.16088903
3.26176811
5.74959199
4.52533687
-7.12124686
-6.98846866
7.94391894
7.68947727
-8.76247767
-2.96977846
-10.75987033
-4.20990854
12.27329264
10.95106838
-8.17344854
-7.77379009
-11.34557162
-10.44224246
6.03768605
4.09201089
4.76765011
5.83213027
-1.08088321
1.09893777
-12.08178530
-11.31310370
0.10860971
-0.72541934
2.47606988
3.34116615
4.56660349
3.63680063
6.75260551
6.61181436
-4.54379787
-5.35683520
-0.15702610
-1.46261509
-9.51814951
1.85865242
-9.41108126
2.81331167
6.16856163
5.43919609
9.31595319
7.39734241
-7.46504529
-5.54790173
8.87221001
8.18792211
9.97365528
10.86227582
-4.02563051
-1.87205899
1.77120281
-0.12029329
-2.33800893
-3.31577421
-3.58583668
-3.96013360
10.24642438
11.24894182
-9.19774766
-9.76697713
-1.06799166
-1.88919364
-9.04796258
-9.09343535
-5.24830283
-7.22634225
-2.68099754
0.46371074
-6.67223122
-7.05172277
-9.91541453
-10.58348059
-6.08278657
-5.66734836
-3.73083418
-5.86454985
11.71108671
12.75890529
5.84638278
7.67187947
3.77221495
2.15673791
5.80443730
6.80610554
-6.56399230
-5.71489296
-0.50914492
0.27757671
-11.76069418
-12.39572663
-3.88683251
-2.04762621
-3.94387970
-5.80174498
5.78243372
4.49567726
-11.40548883
-13.40007288
-7.87395137
-8.87668610
4.29886378
3.34442647
-0.96131612
10.77116522
-1.06717796
10.37039120
-1.18131211
0.32723274
-1.72993969
0.77309335
0.95870108
-0.46972228
-1.10572078
1.28051280
3.32524111
3.81695924
1.29109127
5.07746467
0.80636365
0.31168983
1.78771224
1.24867378
-8.08086200
-4.63977104
-6.90895727
-5.91824814
