-2.31857334
-10.11606437
-2.81680482
-9.61900461
-2.80078908
-8.58231505
-11.65081794
-8.67330872
-6.84527683
-0.80810912
-8.40573444
-11.36419191
-1.42823490
-2.55878929
-11.10012299
-8.02237578
-7.38222407
-10.07974408
-9.88533929
-1.79548787
-8.32702768
-6.05814258
-1.85223579
-7.11398909
-9.38746633
-4.58616864
-3.50362166
-0.12378693
-1.00850563
-4.81142899
-13.00183489
-12.26433086
-7.23469886
-2.15921125
-8.16254406
-5.47400275
-7.84879695
-3.00098190
-4.57246980
-4.84660899
-0.01114841
-5.10635122
-12.45882416
-3.10529358
-1.17870940
-4.45496366
-4.32977749
-7.52820266
-5.00974906
-3.40151118
9.73717306
9.45796626
3.19070636
-0.96512546
4.90904706
7.83487734
1.65738346
4.89108731
9.72554111
11.78006188
-1.10194165
4.73871355
3.45595191
9.46581400
12.58562824
0.83451335
0.70874518
7.66295308
5.52945746
5.37515906
5.05896221
8.13154496
3.76181073
9.86699644
4.18827970
2.28887269
1.40658019
8.69655353
-0.58174664
11.76114432
2.53046464
2.84537396
6.96290474
8.44313505
2.77690089
5.36250916
3.17257310
11.12826876
3.61551806
1.26235557
2.89360941
6.17199449
9.06253783
1.32036904
12.56978309
11.55586281
5.32766430
9.72948531
-0.19517492
3.50267991
1.20221289
0.48957095
4.62814994
0.37984848
-5.47301919
-2.28423061
0.12666363
-11.93314147
6.72104050
4.01788204
0.16303627
6.06894043
8.82880360
1.00647001
-10.25791135
6.81020108
9.20828714
-8.96185831
-6.64933918
-10.24602369
-3.58511443
5.36727647
10.76415266
9.92680195
-4.50944105
-9.60416517
-3.19488988
3.76382940
-3.55914703
-3.56149639
12.46755096
-6.05246490
1.45689722
10.15060463
6.80352884
8.22484433
-5.53903428
-1.22641612
-2.22298677
3.22445288
1.58825172
6.51462583
8.82483873
-2.95252502
-3.89278336
1.94359631
4.17977261
-6.34630220
8.83155485
-11.43041332
-3.40206449
11.35328188
-8.92234076
-10.22252476
5.07874903
6.46688055
0.23373936
-10.95790878
-0.27167128
2.29707020
4.72847289
5.70523674
-5.75580401
-0.90267882
-10.51730564
2.10737629
5.61129343
7.23580607
-6.66476322
9.30113718
11.78213322
-2.97671572
-0.19537393
-2.53078428
-5.02416034
11.94218610
-10.69952476
-1.98322511
-9.24300432
-7.67037380
-0.37003317
-6.66663429
-10.97163152
-5.20335723
-5.68993142
13.74499506
7.72024675
2.66485723
5.98641714
-6.03734567
-0.55212813
-13.09562918
-2.12524350
-6.20668171
4.37518888
-12.42748123
-8.48132448
2.35709357
-0.20840083
11.30469001
-1.50654960
0.82030381
-1.29540249
0.51641654
2.01332782
4.12056579
2.34258588
1.99596545
-6.50193832
-5.58093342
-2.48451716
-3.65061038
0.18396330
1.27644346
-10.88092194
6.67214344
-13.25236686
7.48260291
2.64658385
4.84566561
2.52447368
0.98286527
5.71968598
6.16772526
9.19787065
10.19881822
1.84601776
0.58447571
-12.08422093
-9.51161749
7.71444322
5.49285636
10.44260814
8.14229909
-6.69559732
-7.57484924
-8.04954673
-6.13618604
-8.80102336
-9.23990009
-6.30400537
-4.94812836
4.36965575
6.76102323
13.04387232
10.77579048
8.72773871
10.40205034
-1.71510086
-2.75822112
-8.15081978
-8.40704009
-5.06850491
3.51027142
-3.77721556
4.15815357
-0.59977802
-4.37392251
-4.10835925
-4.31792579
12.41286901
12.43704627
-5.49807600
-4.73269853
4.45214084
2.29935889
10.57068458
8.82553935
8.57241742
8.15027631
7.53339223
6.88120102
-7.95024755
-6.84066983
-1.96793069
-2.29495318
-2.21986772
-3.00873523
2.47029482
3.40276332
-0.52585679
1.21777457
6.34740574
7.47868691
8.67581354
7.41706297
-1.55671395
-2.23292485
-2.90523567
-4.48695753
3.15880350
3.26686564
5.76813442
4.53470441
-7.10090107
-6.98479489
7.95619170
7.70315048
-8.78386216
-3.08390258
-10.79606368
-4.21519162
12.27347482
10.97372173
-8.18311654
-7.76303259
-11.36895987
-10.46729892
6.07540655
4.11049218
4.76988715
5.83857121
-1.08915619
1.10100397
-12.11726207
-11.35818574
0.28751489
-0.54306625
2.51690449
3.35101936
4.58276840
3.64281690
6.76607355
6.62919847
-4.54724431
-5.36568272
-0.13837341
-1.43972866
-9.52557401
1.86523339
-9.43030700
2.81587256
6.18661813
5.45688853
9.33700104
7.39608762
-7.48481617
-5.60098848
8.89324607
8.20267961
9.98832876
10.89034174
-4.03386706
-1.90363303
1.77117338
-0.12034604
-2.34478244
-3.32850125
-3.61879432
-3.95164663
10.27422419
11.28018951
-9.21898117
-9.79160883
-1.07129924
-1.72509904
-9.07735800
-9.11245008
-5.27686424
-7.26104603
-2.70863093
0.47650879
-6.68080999
-7.08293891
-9.93962915
-10.60164450
-6.11191037
-5.66411949
-3.71805629
-5.87592106
11.73708964
12.79960409
5.85558600
7.68571208
3.77461593
2.16065178
5.82868862
6.82952626
-6.56261115
-5.72122196
-0.53407073
0.28679299
-11.78859997
-12.42058444
-3.92499949
-2.06382903
-3.93799502
-5.76683298
5.78278917
4.49568436
-11.41861288
-13.41442282
-7.94803744
-8.92589069
4.29569562
3.36033316
-0.97126303
10.78927046
-1.06174487
10.40188588
-1.17390172
0.31823873
-1.74111796
0.77205413
0.97968968
-0.46526903
-1.08799682
1.29041228
3.35470705
3.84209845
1.30147084
5.10200928
0.83391742
0.34788222
1.79240178
1.25781641
-8.11126579
-4.66005839
-6.97838185
-5.97249187
-0.53392037
-2.26204556
-1.62155621
-3.26327194
